1010172
173
[]
[([[327, 399], [403, 399], [403, 439], [327, 439]], '예뿐', 0.726282508734725), ([[248, 438], [484, 438], [484, 486], [248, 486]], '물고기가 있는', 0.48476132926278204), ([[275, 483], [477, 483], [477, 527], [275, 527]], '어항이없다 .', 0.30922542239661094)]
[([[170, 96], [516, 96], [516, 157], [170, 157]], '발가방겨진 삶울', 0.44762228897965545), ([[202, 151], [501, 151], [501, 212], [202, 212]], '훔처본다는  건', 0.3442278346015076), ([[103, 1343], [345, 1343], [345, 1477], [103, 1477]], '0*!', 0.0594912357494914), ([[255, 1423], [470, 1423], [470, 1545], [255, 1545]], "아'", 0.6541951626264645), ([[170, 1830], [536, 1830], [536, 1891], [170, 1891]], '너무도   재미있는', 0.6305198828381864), ([[256, 1885], [465, 1885], [465, 1950], [256, 1950]], '일이없다 .', 0.9773868271069026), ([[71, 2059], [241, 2059], [241, 2198], [71, 2198]], '80', 0.0674874438697836), ([[157, 2130], [415, 2130], [415, 2290], [157, 2290]], "'@말", 0.15693755458209055), ([[38, 2386], [226, 2386], [226, 2531], [38, 2531]], '폭', 0.02485641483475831), ([[207, 2477], [366, 2477], [366, 2612], [207, 2612]], '짧색', 0.0011072457592909502), ([[272, 2725], [473, 2725], [473, 2888], [272, 2888]], '팩', 0.7027186918668491), ([[218, 3269], [480, 3269], [480, 3320], [218, 3320]], '그게 물고기가', 0.7653514404356038), ([[179, 3316], [511, 3316], [511, 3367], [179, 3367]], '아니라   사람이라면', 0.9398375539841964), ([[179, 3363], [519, 3363], [519, 3414], [179, 3414]], '더 말할 것도 없다', 0.7231864427659846), ([[529, 3693], [658, 3693], [658, 3767], [529, 3767]], '@입', 0.07543945819703284), ([[510.8842815829221, 2697.032786909675], [743.4560621127578, 2742.497607347283], [705.1157184170779, 2904.967213090325], [473.5439378872423, 2858.502392652717]], '@', 0.9989698203553985), ([[139.02759865089484, 3564.0394634060067], [368.71781433221867, 3609.412950082497], [343.97240134910516, 3710.9605365939933], [114.28218566778136, 3665.587049917503]], "0'52", 0.01371058914810419)]
[([[435, 423], [519, 423], [519, 463], [435, 463]], '! ! ??', 0.48701558286547186), ([[390, 650], [414, 650], [414, 674], [390, 674]], '0', 0.993738113685172), ([[450, 648], [548, 648], [548, 728], [450, 728]], '응?', 0.49911863139424917)]
[]
[([[81, 359], [287, 359], [287, 515], [81, 515]], '때', 0.5533672587877305)]
[([[235, 231], [475, 231], [475, 276], [235, 276]], '하지만   사람은', 0.7767124275339763), ([[219, 274], [499, 274], [499, 319], [219, 319]], '물고기와   다르다 ', 0.5790174509782643), ([[402, 1317], [612, 1317], [612, 1499], [402, 1499]], '퍽', 0.9658047060302266), ([[254, 1770], [436, 1770], [436, 1815], [254, 1815]], '사람에거는', 0.6018192727768692), ([[148, 1808], [550, 1808], [550, 1859], [148, 1859]], '누구나 비밀이 필요하다', 0.6936591346619905), ([[571, 2750], [631, 2750], [631, 2795], [571, 2795]], '박', 0.9975950889216989), ([[568, 2853], [619, 2853], [619, 2884], [568, 2884]], '바', 0.6059491585984347), ([[195, 3249], [507, 3249], [507, 3300], [195, 3300]], '사람에게는 누구나', 0.24095456196571094), ([[196, 4879], [428, 4879], [428, 4924], [196, 4924]], '자기 혼자만의', 0.98640228868), ([[442, 4879], [522, 4879], [522, 4924], [442, 4924]], '방이', 0.9981612070831185), ([[282, 4922], [436, 4922], [436, 4967], [282, 4967]], '필요하다', 0.6680280209822217), ([[80.23869656758924, 508.0914870488568], [286.36220031135997, 492.4904042494922], [287.7613034324107, 637.9085129511432], [81.63779968864006, 653.5095957505079]], '퍽', 0.7665094753004134), ([[533.5611569566013, 2737.8295040435814], [585.6487911858868, 2723.0026836580755], [594.4388430433987, 2757.1704959564186], [542.3512088141132, 2771.9973163419245]], '사', 0.9996120114036025)]
[([[221, 1420], [489, 1420], [489, 1481], [221, 1481]], '어떻게 해야', 0.7033738040013358), ([[166, 1475], [540, 1475], [540, 1540], [166, 1540]], '그결 들여다볼 수', 0.3896273901947848), ([[272, 1534], [454, 1534], [454, 1594], [272, 1594]], '잇올까?', 0.3161080479621887), ([[258, 3204], [346, 3204], [346, 3241], [258, 3241]], '라+ 켜!', 0.010431813390516975), ([[364, 3200], [432, 3200], [432, 3241], [364, 3241]], '이올', 0.8417031887987088), ([[228, 3248], [345, 3248], [345, 3279], [228, 3279]], '임어*덕 노!', 9.252700396626692e-05), ([[364, 3239], [463, 3239], [463, 3276], [364, 3276]], '타르초', 0.9845529805973269), ([[100, 3565], [208, 3565], [208, 3633], [100, 3633]], '팬', 0.02281834478995748), ([[193, 3615], [291, 3615], [291, 3689], [193, 3689]], '읽책', 0.006116817227218558), ([[82, 4137], [214, 4137], [214, 4221], [82, 4221]], '#', 0.2642621781339507), ([[163.19644200933016, 2702.009496994666], [693.9821425831177, 2936.8981899162472], [570.8035579906698, 3192.990503005334], [40.017857416882315, 2958.1018100837528]], '출3 1기', 0.028926879133456145)]
[([[433, 43], [553, 43], [553, 135], [433, 135]], '콤렉', 0.028158914583730172), ([[506, 174], [618, 174], [618, 246], [506, 246]], '팩팩', 0.005582674570200498), ([[137, 529], [219, 529], [219, 589], [137, 589]], '팩', 0.2506622880209761)]
[([[93, 406], [246, 406], [246, 457], [93, 457]], '흐아아앗', 0.7218019962310791), ([[118, 450], [198, 450], [198, 495], [118, 495]], '제발', 0.999929446904588), ([[20, 1832], [206, 1832], [206, 2038], [20, 2038]], '#', 0.17304618824942963), ([[249, 3401], [441, 3401], [441, 3605], [249, 3605]], '아', 0.9999606613213388), ([[202, 3663], [398, 3663], [398, 3808], [202, 3808]], '약!', 0.5690046054225832), ([[198, 4401], [262, 4401], [262, 4485], [198, 4485]], '물', 0.9998213132579146), ([[237, 4487], [305, 4487], [305, 4547], [237, 4547]], '권', 0.03665584689821011), ([[454, 4497], [495, 4497], [495, 4569], [454, 4569]], '물', 0.997147689595522), ([[297, 4860], [417, 4860], [417, 4905], [297, 4905]], '아버님', 0.9994662772138329), ([[313, 4903], [401, 4903], [401, 4948], [313, 4948]], '제발', 0.9999462210448593), ([[218, 4941], [504, 4941], [504, 4992], [218, 4992]], '저 출근해야 해요', 0.9018418034813541), ([[72.96421768062753, 2135.138789068581], [241.37010986443144, 2106.1620656304062], [256.03578231937246, 2237.861210931419], [87.62989013556856, 2266.8379343695938]], '0', 0.16561472794769916), ([[413.31583996722946, 2926.0075505154955], [646.7796666400169, 2953.9338766317296], [584.6841600327705, 3440.9924494845045], [351.22033335998304, 3413.0661233682704]], '하', 0.09131310791233105)]
[([[50.8846847351448, 472.0282892823526], [200.8723578245201, 419.343480314721], [289.1153152648552, 712.9717107176474], [139.1276421754799, 764.656519685279]], '7', 0.11819268750138523), ([[485.1034024083145, 637.0268202188519], [589.2904190903865, 604.1758986649985], [652.8965975916855, 833.9731797811481], [548.7095809096135, 866.8241013350015]], '좀', 0.5297478645348406), ([[395.8739011716143, 853.0275839009322], [569.8666704610575, 827.2238402486673], [601.1260988283857, 1102.9724160990677], [427.1333295389424, 1127.7761597513327]], '잘', 0.5460523206646748)]
[([[98, 934], [182, 934], [182, 979], [98, 979]], '아아.', 0.5542306563907057), ([[105, 2472], [473, 2472], [473, 2715], [105, 2715]], "(,'", 0.0060377676133695655), ([[137, 3125], [253, 3125], [253, 3170], [137, 3170]], '아버님', 0.9992863135342562), ([[123, 3177], [162, 3177], [162, 3209], [123, 3209]], '그', 0.49160187355632223), ([[180, 3168], [284, 3168], [284, 3213], [180, 3213]], '. 그만', 0.8966877645923265), ([[145, 3211], [268, 3211], [268, 3253], [145, 3253]], '하세요!', 0.57756532050962)]
[([[127, 4447], [435, 4447], [435, 4620], [127, 4620]], '또 규네', 0.006207199565141623), ([[444.0015396467946, 4140.027713642303], [694.4858660862212, 4211.728643398786], [646.9984603532054, 4355.972286357697], [397.5141339137787, 4284.271356601214]], '값; 과', 0.03304535634079442)]
[([[502, 76], [646, 76], [646, 202], [502, 202]], '기념', 0.03556553194155265), ([[89.03254097731887, 528.0360490960729], [302.6890731928124, 581.1737973343281], [270.9674590226811, 687.9639509039271], [57.310926807187634, 635.8262026656719]], ';동', 0.00877574529141215)]
[([[208, 181], [275, 181], [275, 212], [208, 212]], '하아.', 0.9775495830368596), ([[161, 211], [346, 211], [346, 249], [161, 249]], '한 번씩 전쟁올', 0.649957591626123), ([[145, 243], [342, 243], [342, 284], [145, 284]], '치르는 거 끝네', 0.5594523857371998), ([[391, 1098], [514, 1098], [514, 1135], [391, 1135]], '치매 걸런', 0.5116296652278461), ([[344, 1133], [561, 1133], [561, 1170], [344, 1170]], '노인이 뭐 저렇게', 0.7120570736802614), ([[379, 1168], [510, 1168], [510, 1206], [379, 1206]], '힘이 센지 .', 0.9356071046345696), ([[92, 1717], [200, 1717], [200, 1829], [92, 1829]], '77', 0.016324013917474636), ([[469, 1903], [557, 1903], [557, 1991], [469, 1991]], '7', 0.07133211326021538), ([[40, 3607], [260, 3607], [260, 3783], [40, 3783]], '기릭', 0.002988372614936239), ([[217, 3737], [419, 3737], [419, 3895], [217, 3895]], '@', 0.6081532028669159), ([[206, 4533], [359, 4533], [359, 4613], [206, 4613]], '{군7', 0.018164769626637683), ([[517.2270049206229, 639.0332570792256], [664.9938335039009, 702.666895055411], [631.7729950793771, 772.9667429207744], [485.00616649609907, 709.333104944589]], "4: 유요'", 0.008521847513876548), ([[329.98893314502146, 3945.3535192090903], [493.4315593927811, 3898.105112117563], [518.0110668549785, 4012.6464807909097], [355.5684406072189, 4059.894887882437]], '@', 0.9999936819176334), ([[126.88343054818316, 4436.06253187883], [289.5331381848748, 4461.980186040816], [272.1165694518169, 4544.93746812117], [109.46686181512521, 4519.019813959184]], '{ 40', 0.08936809710799373), ([[537.1763617125874, 4516.033976722308], [667.9858080467783, 4581.467423570839], [628.8236382874126, 4656.966023277692], [498.0141919532217, 4590.532576429161]], '{ 78', 0.044575441628694534)]
[([[416, 532], [560, 532], [560, 714], [416, 714]], '꼴', 0.05124408834789507)]
[([[325, 250], [381, 250], [381, 288], [325, 288]], '이.', 0.43849527452959147), ([[411, 247], [491, 247], [491, 292], [411, 292]], '이건', 0.9978566631984469), ([[304, 288], [546, 288], [546, 336], [304, 336]], '만지고 잇는 것', 0.5386482463426177), ([[363, 331], [500, 331], [500, 379], [363, 379]], '같은데?', 0.9696256518363953), ([[204, 2239], [253, 2239], [253, 2280], [204, 2280]], '아:', 0.3899293052722367), ([[125, 2278], [323, 2278], [323, 2323], [125, 2323]], '이제 확실해', 0.9986772080019052), ([[340, 3188], [385, 3188], [385, 3225], [340, 3225]], '그', 0.9999548201895756), ([[422, 3180], [538, 3180], [538, 3225], [422, 3225]], '그런데', 0.9999308995023909), ([[296, 3221], [579, 3221], [579, 3275], [296, 3275]], '소리 칠 타이망올', 0.8582815073514376), ([[324, 3265], [531, 3265], [531, 3316], [324, 3316]], '농처 버럿어.', 0.28195526703597307), ([[267, 4704], [400, 4704], [400, 4779], [267, 4779]], '하맛_', 0.23807339151964546), ([[260, 4780], [411, 4780], [411, 4848], [260, 4848]], '안 돼', 0.7311875820159912), ([[202, 4850], [520, 4850], [520, 4919], [202, 4919]], '아까 아버님', 0.998413591519296), ([[247, 4919], [435, 4919], [435, 4994], [247, 4994]], '때문에', 0.9937592461502739), ([[203.3700081898403, 4142.014181814455], [308.807654047955, 4159.379305603044], [269.6299918101597, 4391.985818185545], [164.19234595204497, 4374.620694396956]], '줄', 0.43008010898958915)]
[([[244, 1771], [404, 1771], [404, 1849], [244, 1849]], '아아', 0.9996228908292766), ([[254, 1848], [475, 1848], [475, 1932], [254, 1932]], '이대론', 0.8661489408310883), ([[513, 2861], [638, 2861], [638, 3029], [513, 3029]], '군', 0.17804628976300396), ([[143, 3803], [505, 3803], [505, 3911], [143, 3911]], '들켜버려', 0.951598584651947)]
[([[474, 1004], [660, 1004], [660, 1079], [474, 1079]], '계속. .', 0.9868527357905645)]
[([[94, 102], [656, 102], [656, 134], [94, 134]], '탑문에 게시된 모든 권렌즈들은 저작권번에 의거 보호받고 있습니다:', 0.205975223007197), ([[148, 160], [602, 160], [602, 192], [148, 192]], '저작권자 또는 (주)탑코미스의 승인 없이 컨렌즈의 일부', 0.3932093777036958), ([[81, 187], [671, 187], [671, 224], [81, 224]], '또는 전부름 복제 전송, 배포 및 기타의 방법으로 저작물올 이용할 경우', 0.5663758215329606), ([[168, 220], [580, 220], [580, 250], [168, 250]], '저작권번에 의해 법적 조치에 처해질 수 있습니다', 0.9150284645795628), ([[351, 309], [485, 309], [485, 345], [351, 345]], '(어감꼬$', 0.0069420150706701505), ([[355, 341], [459, 341], [459, 357], [355, 357]], '꽤', 0.007700867161999414), ([[269, 363], [478, 363], [478, 391], [269, 391]], '"+구:/>{어명+아-< <)가', 2.1614859310191835e-06)]
[]
[([[96.5430712064641, 2101.3775281716353], [164.57247877713763, 2093.4565127337173], [167.4569287935359, 2124.6224718283647], [99.42752122286237, 2132.5434872662827]], '시', 0.011753051362891398)]
[([[455, 86], [495, 86], [495, 112], [455, 112]], "'마요", 0.6846098153885032), ([[46, 182], [143, 182], [143, 233], [46, 233]], '덥네', 0.3288123689915639), ([[122, 209], [179, 209], [179, 237], [122, 237]], '더,)', 0.0698232246516589), ([[171, 604], [261, 604], [261, 654], [171, 654]], '대체', 0.9999957010241584), ([[153, 660], [298, 660], [298, 711], [153, 711]], '누가 . .', 0.7249706237313264), ([[457.54230423844285, 137.27961296691], [538.5979473736745, 120.4997768687232], [544.4576957615571, 147.72038703309], [462.40205262632554, 164.5002231312768]], '@관3!', 0.004063557367771864), ([[43.09380903140452, 147.93133264396633], [132.91478598297968, 126.88962209571477], [141.9061909685955, 170.06866735603367], [52.08521401702031, 191.11037790428523]], '@응~', 0.16092118815266782), ([[377.81891004408, 2136.0317268198883], [609.5759841818802, 2180.961033752882], [567.18108995592, 2365.9682731801117], [336.4240158181198, 2321.038966247118]], ')', 0.040477461979904206)]
[([[198, 311], [481, 311], [481, 376], [198, 376]], '어디서 복지 .', 0.22642180113955515), ([[157, 3895], [276, 3895], [276, 3936], [157, 3936]], '아저씨', 0.9995854066112538), ([[141, 3934], [299, 3934], [299, 3979], [141, 3979]], '이 근처에', 0.48819195029394075), ([[82, 3977], [362, 3977], [362, 4022], [82, 4022]], '제일 종은 호텔이', 0.7910860546856484), ([[141, 4020], [311, 4020], [311, 4065], [141, 4065]], '어답니까?', 0.3536130944437462)]
[([[454, 150], [514, 150], [514, 188], [454, 188]], '네?', 0.8353326093115127), ([[375, 186], [591, 186], [591, 228], [375, 228]], '봉은사로 쪽이', 0.9770859074630083), ([[355, 226], [603, 226], [603, 270], [355, 270]], '다 고급호텔이조', 0.9661379955129441), ([[458, 269], [502, 269], [502, 309], [458, 309]], '뭐', 0.9999954700521272), ([[178, 1076], [359, 1076], [359, 1119], [178, 1119]], '그중에서도', 0.9691421630283565), ([[101, 1119], [436, 1119], [436, 1163], [101, 1163]], '절 좋은 데로 갑시다.', 0.5987169415102019), ([[156, 1161], [385, 1161], [385, 1205], [156, 1205]], '그래야 부페도', 0.7588785303384054), ([[153, 1200], [397, 1200], [397, 1251], [153, 1251]], '제일 맛있켓지 .', 0.6777420411965098), ([[264.01985123916006, 2430.601985123916], [357.2149682610549, 2399.6200884301284], [367.98014876083994, 2430.398014876084], [273.7850317389451, 2461.3799115698716]], '가소로산', 0.004734660964459181), ([[164.8858279709377, 2491.214569927344], [250.0908024309202, 2443.848594600068], [262.11417202906233, 2471.785430072656], [176.9091975690798, 2519.151405399932]], ':목도', 0.00843980968573676)]
[([[58, 334], [211, 334], [211, 485], [58, 485]], '질', 0.01741927157632972), ([[96, 495], [199, 495], [199, 632], [96, 632]], '혈', 0.03171883677383058), ([[566, 2022], [662, 2022], [662, 2137], [566, 2137]], '{', 0.33303386001820456), ([[511.0759931346035, 1939.05354095759], [570.9340732964032, 1930.5574726140017], [583.9240068653966, 2040.94645904241], [524.0659267035968, 2049.4425273859983]], '잡', 0.1278546371711542)]
[([[592, 233], [685, 233], [685, 310], [592, 310]], '[터', 0.014138365478636913), ([[215, 1364], [294, 1364], [294, 1444], [215, 1444]], '뼈', 0.8450598147596935), ([[182, 1516], [276, 1516], [276, 1606], [182, 1606]], '[', 0.010570200024658194), ([[344, 1609], [417, 1609], [417, 1690], [344, 1690]], '빠', 0.24379195251427266), ([[280, 1847], [354, 1847], [354, 1899], [280, 1899]], '슈', 0.017158051809581742), ([[367.1777649698103, 1869.0376381709323], [507.9681034112137, 1925.242952309443], [477.8222350301897, 1995.9623618290677], [336.0318965887863, 1939.757047690557]], '4 %', 0.15560124814510345)]
[([[237, 354], [312, 354], [312, 431], [237, 431]], '@', 0.23871692843391656)]
[([[405, 3382], [558, 3382], [558, 3535], [405, 3535]], '@', 0.993373322288793), ([[454, 3931], [627, 3931], [627, 4170], [454, 4170]], '@', 0.9352636651161426)]
[([[94, 102], [656, 102], [656, 134], [94, 134]], '탑문에 게시된 모든 권렌즈들은 저작권번에 의거 보호받고 있습니다:', 0.205975223007197), ([[148, 160], [602, 160], [602, 192], [148, 192]], '저작권자 또는 (주)탑코미스의 승인 없이 컨렌즈의 일부', 0.3932093777036958), ([[81, 187], [671, 187], [671, 224], [81, 224]], '또는 전부름 복제 전송, 배포 및 기타의 방법으로 저작물올 이용할 경우', 0.5663758215329606), ([[168, 220], [580, 220], [580, 250], [168, 250]], '저작권번에 의해 법적 조치에 처해질 수 있습니다', 0.9150284645795628), ([[351, 309], [485, 309], [485, 345], [351, 345]], '(어감꼬$', 0.0069420150706701505), ([[355, 341], [459, 341], [459, 357], [355, 357]], '꽤', 0.007700867161999414), ([[269, 363], [478, 363], [478, 391], [269, 391]], '"+구:/>{어명+아-< <)가', 2.1614859310191835e-06)]
[]
[]
[([[310, 197], [380, 197], [380, 253], [310, 253]], '자,', 0.3295207579429573), ([[204, 258], [492, 258], [492, 323], [204, 323]], '그럼 시작해', 0.888463007193778), ([[262, 321], [463, 321], [463, 389], [262, 389]], '보실까?', 0.9855784484554658)]
[([[522, 144], [613, 144], [613, 250], [522, 250]], '', 0.0), ([[280, 1887], [334, 1887], [334, 1946], [280, 1946]], '표', 0.015480518616052485), ([[282, 1962], [332, 1962], [332, 2020], [282, 2020]], '껍', 0.06416717651493187)]
[([[132, 2956], [343, 2956], [343, 3004], [132, 3004]], '자자 , 설거지', 0.9504008351731966), ([[164, 3000], [311, 3000], [311, 3045], [164, 3045]], '끝나으면', 0.41649866104125977), ([[141, 3043], [338, 3043], [338, 3088], [141, 3088]], '어서 침대로', 0.7498644330469627), ([[180, 3086], [299, 3086], [299, 3128], [180, 3128]], '가라고', 0.9999099767687368), ([[307, 4323], [473, 4323], [473, 4391], [307, 4391]], '아줌마 ,', 0.560443878296816), ([[237, 4381], [555, 4381], [555, 4450], [237, 4450]], '오늘 아침부터', 0.6458503678204305), ([[221, 4444], [590, 4444], [590, 4508], [221, 4508]], '잔뜩 꼴로으니까', 0.4070755880060872)]
[([[178, 464], [331, 464], [331, 551], [178, 551]], '한판', 0.9923966888565253), ([[141, 552], [372, 552], [372, 632], [141, 632]], '해야지', 0.7315130642368219)]
[([[387, 2055], [585, 2055], [585, 2100], [387, 2100]], '여보 , 자요?', 0.5513950431501784), ([[525, 3263], [560, 3263], [560, 3294], [525, 3294]], '직', 0.9995316815447417), ([[282, 3903], [549, 3903], [549, 3948], [282, 3948]], '아버님 말이에요', 0.987207340556311), ([[325, 3946], [522, 3946], [522, 3991], [325, 3991]], '요즘 상태가', 0.9992117197298086), ([[257, 3984], [582, 3984], [582, 4035], [257, 4035]], '많이 안 좋아지신 거', 0.7456104250919909), ([[364, 4032], [479, 4032], [479, 4077], [364, 4077]], '같아요', 0.9955789280259404), ([[188, 4930], [405, 4930], [405, 4975], [188, 4975]], '무슨 소리야?', 0.9080159660303081), ([[182, 4979], [247, 4979], [247, 4997], [182, 4997]], '7 녀', 0.1428656997174651), ([[260, 4979], [301, 4979], [301, 4997], [260, 4997]], '자', 0.9972264950745426), ([[311, 4979], [383, 4979], [383, 4997], [311, 4997]], '더시', 0.19338365291116383)]
[([[264, 0], [291, 0], [291, 15], [264, 15]], '크', 0.026578799858932634), ([[138, 17], [460, 17], [460, 61], [138, 61]], '대화도 잘 하시는데 .', 0.679921340179496), ([[154, 849], [349, 849], [349, 893], [154, 893]], '가끔 정신이', 0.999656782754662), ([[109, 891], [395, 891], [395, 935], [109, 935]], '오락가락하시는데', 0.5895234421508541), ([[131, 933], [383, 933], [383, 978], [131, 978]], '그게 좀 심해요.', 0.9173051911301487), ([[397, 1699], [589, 1699], [589, 1741], [397, 1741]], '병원에 가서', 0.999640245004027), ([[343, 1741], [645, 1741], [645, 1786], [343, 1786]], '전문적으로 검사름', 0.6373657765643437), ([[332, 1783], [654, 1783], [654, 1831], [332, 1831]], '받아보는 게 좋올 거', 0.621204798145825), ([[438, 1828], [555, 1828], [555, 1872], [438, 1872]], '같아요', 0.9965569728173453), ([[170, 2001], [317, 2001], [317, 2046], [170, 2046]], '쓸데없는', 0.8859076499938965), ([[140, 2046], [343, 2046], [343, 2088], [140, 2088]], '소리하지 마', 0.9997602430806981), ([[127, 2088], [357, 2088], [357, 2132], [127, 2132]], '그냥 일상적인', 0.9997727756460923), ([[109, 2130], [385, 2130], [385, 2175], [109, 2175]], '건망증일 뿐이야.', 0.6066180024302993)]
[([[309, 63], [393, 63], [393, 127], [309, 127]], '아;', 0.5206390729573952), ([[230, 126], [493, 126], [493, 194], [230, 194]], '그 남자...', 0.8100734290805485), ([[193, 1883], [348, 1883], [348, 2036], [193, 2036]], '{', 0.06455381318766573), ([[423, 2079], [576, 2079], [576, 2258], [423, 2258]], '육', 0.9010567455449205)]
[([[199, 312], [433, 312], [433, 363], [199, 363]], '사람도 많은데', 0.9436046287606568), ([[252, 1045], [422, 1045], [422, 1110], [252, 1110]], '그렇게', 0.6928012331634545), ([[112, 1108], [528, 1108], [528, 1176], [112, 1176]], '마구 주무르다니', 0.999656886231225), ([[363, 1468], [523, 1468], [523, 1613], [363, 1613]], '대', 0.0981809522461532), ([[482, 1591], [619, 1591], [619, 1713], [482, 1713]], '관', 0.11838017777122989), ([[493, 1716], [635, 1716], [635, 1838], [493, 1838]], '꽉', 0.037889293231060606), ([[253, 1950], [520, 1950], [520, 2075], [253, 2075]], '커,', 0.012538285031254023), ([[192, 2352], [401, 2352], [401, 2436], [192, 2436]], '미처어', 0.7109736696670346), ([[200, 2434], [432, 2434], [432, 2518], [200, 2518]], '그 남자_', 0.6705194414904032), ([[223, 3911], [303, 3911], [303, 3956], [223, 3956]], '너무', 0.9999796009862606), ([[176, 3954], [327, 3954], [327, 3999], [176, 3999]], '부끄러워', 0.9774371981620789)]
[([[176, 219], [292, 219], [292, 260], [176, 260]], '하아아', 0.9992662184330166), ([[192, 262], [307, 262], [307, 303], [192, 303]], '그런데', 0.8773892521858215), ([[157, 305], [327, 305], [327, 346], [157, 346]], '왜 이렇게 .', 0.6143745120135641), ([[254, 3110], [335, 3110], [335, 3151], [254, 3151]], '여보', 0.9999502670809806), ([[239, 3149], [362, 3149], [362, 3194], [239, 3194]], '오늘 좀', 0.7135526859618313), ([[188, 3192], [374, 3192], [374, 3237], [188, 3237]], '안아줄래요', 0.8933027717898065), ([[149, 3430], [276, 3430], [276, 3471], [149, 3471]], '왜 그래', 0.9786380365694916), ([[82, 3469], [319, 3469], [319, 3514], [82, 3514]], '주말도 아난데', 0.7943122385906607), ([[102, 3512], [338, 3512], [338, 3557], [102, 3557]], '내일 출근해야', 0.7962151407112734), ([[161, 3555], [284, 3555], [284, 3600], [161, 3600]], '되잖아.', 0.280609130859375), ([[258, 4004], [374, 4004], [374, 4045], [258, 4045]], '그래도', 0.9999554011992565), ([[239, 4047], [393, 4047], [393, 4092], [239, 4092]], '우리 요즘', 0.9997527648283442), ([[278, 4090], [358, 4090], [358, 4131], [278, 4131]], '너무', 0.9999852486348886), ([[210, 4128], [398, 4128], [398, 4179], [210, 4179]], '뜯햇잖아요', 0.2781320836256397), ([[434, 4481], [549, 4481], [549, 4526], [434, 4526]], '미안해', 0.9993123959553021), ([[391, 4524], [600, 4524], [600, 4569], [391, 4569]], '나 지금 너무', 0.8349578905758233), ([[407, 4567], [565, 4567], [565, 4612], [407, 4612]], '졸림거든 .', 0.2802534540394179), ([[466.0378045449468, 2301.0515822680054], [527.6234983881048, 2276.0216232112907], [578.9621954550532, 2411.9484177319946], [517.3765016118952, 2437.9783767887093]], '틀', 0.9986530312871231)]
[([[299, 825], [379, 825], [379, 867], [299, 867]], '뛰야', 0.6362573776356485), ([[207, 864], [479, 864], [479, 912], [207, 912]], '이 고자 같은 놈 ,', 0.8227658757638779), ([[226, 2263], [466, 2263], [466, 2330], [226, 2330]], '그럴 거면', 0.6797021173120987), ([[198, 2330], [365, 2330], [365, 2396], [198, 2396]], '나한테', 0.47307702897371934), ([[383, 2332], [518, 2332], [518, 2398], [383, 2398]], '넘겨!', 0.9575562777950496)]
[([[149, 1157], [307, 1157], [307, 1202], [149, 1202]], '내일은 더', 0.9573632074281304), ([[113, 1199], [336, 1199], [336, 1250], [113, 1250]], '불만하켓논데', 0.691266592626265), ([[167, 1242], [300, 1242], [300, 1293], [167, 1293]], '아줌마?', 0.9999673962593079), ([[444, 2171], [555, 2171], [555, 2238], [444, 2238]], '@거', 0.015702200035655627), ([[537, 2208], [572, 2208], [572, 2236], [537, 2236]], '모', 0.21029596007623752), ([[179, 3112], [433, 3112], [433, 3305], [179, 3305]], '70', 0.9752327627303181), ([[358, 3307], [587, 3307], [587, 3470], [358, 3470]], '00', 0.12500649245353532)]
[([[542, 1007], [593, 1007], [593, 1066], [542, 1066]], '0', 0.9857708808492562), ([[531, 1148], [582, 1148], [582, 1203], [531, 1203]], '0', 0.9999837876023321)]
[([[440, 2358], [582, 2358], [582, 2430], [440, 2430]], '계속', 0.9998490333265065)]
[([[94, 102], [656, 102], [656, 134], [94, 134]], '탑문에 게시된 모든 권렌즈들은 저작권번에 의거 보호받고 있습니다:', 0.205975223007197), ([[148, 160], [602, 160], [602, 192], [148, 192]], '저작권자 또는 (주)탑코미스의 승인 없이 컨렌즈의 일부', 0.3932093777036958), ([[81, 187], [671, 187], [671, 224], [81, 224]], '또는 전부름 복제 전송, 배포 및 기타의 방법으로 저작물올 이용할 경우', 0.5663758215329606), ([[168, 220], [580, 220], [580, 250], [168, 250]], '저작권번에 의해 법적 조치에 처해질 수 있습니다', 0.9150284645795628), ([[351, 309], [485, 309], [485, 345], [351, 345]], '(어감꼬$', 0.0069420150706701505), ([[355, 341], [459, 341], [459, 357], [355, 357]], '꽤', 0.007700867161999414), ([[269, 363], [478, 363], [478, 391], [269, 391]], '"+구:/>{어명+아-< <)가', 2.1614859310191835e-06)]
[]
[([[250, 1145], [338, 1145], [338, 1182], [250, 1182]], '라+ 켜샌', 0.005673094996124621), ([[356, 1141], [424, 1141], [424, 1182], [356, 1182]], '이올', 0.9166697051885575), ([[219, 1184], [338, 1184], [338, 1221], [219, 1221]], '도+어,컨 켜샌', 0.00019180502948144522), ([[356, 1180], [452, 1180], [452, 1217], [356, 1217]], '타르초', 0.9841981773394738), ([[152.21134913807327, 645.0091478509587], [690.9892730264431, 886.1459981651648], [564.7886508619267, 1143.9908521490413], [26.01072697355682, 902.8540018348352]], '흘리 ', 0.03041063702510704), ([[129.32521294606366, 2017.0253321826465], [274.92967583306284, 2101.8771066317704], [235.67478705393634, 2167.9746678173533], [90.07032416693717, 2083.1228933682296]], '시 사과"', 0.0034370530097931878), ([[226.21553545944727, 2146.0776772972363], [310.98740478189126, 2170.682820074168], [299.78446454055273, 2203.9223227027637], [215.01259521810877, 2178.317179925832]], '-9', 0.0020608484218037873), ([[476.1165477914012, 2297.048930122611], [610.886569358273, 2336.6576052156133], [588.8834522085988, 2402.951069877389], [454.113430641727, 2363.3423947843867]], '교훈', 0.12607679938938898)]
[([[99, 269], [238, 269], [238, 386], [99, 386]], '달', 0.14572845674792134), ([[277, 386], [376, 386], [376, 460], [277, 460]], '꽉', 0.23375784448786874), ([[36.56459740905811, 1966.0861584951822], [98.58467064456092, 1905.0142517865013], [244.4354025909419, 2072.913841504818], [181.4153293554391, 2133.985748213499]], '술', 0.7637371449864219)]
[([[184, 286], [260, 286], [260, 331], [184, 331]], '늬들', 0.15571603800568085), ([[125, 329], [319, 329], [319, 374], [125, 374]], '이사 오면서', 0.9976357944929766), ([[145, 372], [307, 372], [307, 417], [145, 417]], '물건이 다', 0.9937919351451774), ([[113, 413], [339, 413], [339, 461], [113, 461]], '섞엿나보구나', 0.4979765401111326), ([[239, 1028], [350, 1028], [350, 1073], [239, 1073]], '아무리', 0.9999781135181873), ([[239, 1071], [350, 1071], [350, 1116], [239, 1116]], '찾아도', 0.9956458210945129), ([[172, 1114], [420, 1114], [420, 1159], [172, 1159]], '못 찾젯으니 원', 0.2650254984875586), ([[469, 1489], [545, 1489], [545, 1530], [469, 1530]], '여기', 0.9999871873820939), ([[454, 1532], [561, 1532], [561, 1573], [454, 1573]], '어디서', 0.8066105842590332), ([[434, 1575], [553, 1575], [553, 1620], [434, 1620]], '빛는데', 0.091457189764949), ([[231, 2278], [276, 2278], [276, 2319], [231, 2319]], '아', 0.999969721069661), ([[199, 2316], [332, 2316], [332, 2367], [199, 2367]], '찾앉다!', 0.28251948952674866), ([[266, 3028], [381, 3028], [381, 3073], [266, 3073]], '아버님', 0.9996887775084222), ([[222, 3067], [427, 3067], [427, 3119], [222, 3119]], '여기 있어요', 0.6645861175025124), ([[274, 3114], [389, 3114], [389, 3159], [274, 3159]], '효자손', 0.9392610628664273), ([[184, 4368], [264, 4368], [264, 4405], [184, 4405]], '아고', 0.9965251213930554), ([[141, 4407], [303, 4407], [303, 4452], [141, 4452]], '고맙구나 .', 0.584754809301671), ([[399, 4559], [514, 4559], [514, 4604], [399, 4604]], '갑자기', 0.9994059217980279), ([[359, 4597], [566, 4597], [566, 4648], [359, 4648]], '왜 이리 등이', 0.9505146340182492), ([[364, 4641], [522, 4641], [522, 4686], [364, 4686]], '가려운지', 0.9992586970329285)]
[([[189, 734], [274, 734], [274, 775], [189, 775]], '아가.', 0.9836801514046636), ([[283, 848], [523, 848], [523, 891], [283, 891]], '자는데 깨운 거', 0.5597247778257196), ([[263, 890], [536, 890], [536, 935], [263, 935]], '아년지 모르켓다 ,', 0.16838010555093003), ([[347, 934], [459, 934], [459, 977], [347, 977]], '미안해', 0.9982331829674873), ([[172, 1944], [323, 1944], [323, 1989], [172, 1989]], '괜찮아요', 0.999889075756073), ([[196, 1988], [309, 1988], [309, 2031], [196, 2031]], '잠들기', 0.9999000660206357), ([[159, 2030], [346, 2030], [346, 2073], [159, 2073]], '전이없어요', 0.9450953197869321)]
[([[108, 1199], [212, 1199], [212, 1268], [108, 1268]], '떠', 0.2008030655966886), ([[190, 1247], [302, 1247], [302, 1361], [190, 1361]], '꿀', 0.07761384586783127), ([[465, 1462], [568, 1462], [568, 1538], [465, 1538]], '짧리', 0.0066278043180855685), ([[533, 1540], [636, 1540], [636, 1628], [533, 1628]], '텔', 0.044081273839404966), ([[94, 1772], [231, 1772], [231, 1884], [94, 1884]], '굶', 0.20685901588193278), ([[124, 2817], [230, 2817], [230, 2891], [124, 2891]], '올계', 0.010655260823650575), ([[212, 2892], [241, 2892], [241, 2929], [212, 2929]], '8', 0.24491113135832165)]
[([[206, 675], [402, 675], [402, 824], [206, 824]], '0', 0.6303414929658437), ([[468, 980], [617, 980], [617, 1125], [468, 1125]], '양', 0.9135426957537938), ([[198, 1705], [329, 1705], [329, 1778], [198, 1778]], '[군78 .', 0.10784130127017869), ([[486, 1794], [591, 1794], [591, 1869], [486, 1869]], '덜껑', 0.014802498528087628), ([[184, 3831], [328, 3831], [328, 3898], [184, 3898]], '{내료0@', 0.004183343038083634), ([[319.54498388254837, 872.2339161892515], [477.7124421289917, 834.3515103695464], [497.45501611745163, 949.7660838107485], [339.2875578710083, 987.6484896304536]], '아', 0.41263875279733536), ([[135.92344805679357, 1625.0646188713868], [273.6272885986581, 1652.4368200540218], [255.07655194320643, 1725.9353811286132], [118.37271140134193, 1698.5631799459782]], '내 @', 0.09777609167929796), ([[466.16252795565555, 1691.0390491255146], [575.9865718604324, 1749.5085468513826], [539.8374720443444, 1815.9609508744854], [430.0134281395677, 1757.4914531486174]], '{ 75', 0.29217585921287537), ([[123.94842877189343, 3748.061644561094], [264.64678836092173, 3776.503392092973], [247.05157122810658, 3850.938355438906], [105.35321163907825, 3822.496607907027]], '{ %', 0.030626501815458496), ([[451.146718166348, 3813.0405407466546], [564.924020432034, 3864.833012712734], [529.853281833652, 3935.9594592533454], [417.07597956796604, 3884.166987287266]], '$$', 0.27486743680658837), ([[484.8994530298025, 3909.0760618145778], [589.4520345638331, 3929.0901579322176], [573.1005469701975, 3996.9239381854222], [469.54796543616686, 3975.9098420677824]], '필요', 0.014747722799469771)]
[([[145, 381], [244, 381], [244, 496], [145, 496]], '덜', 0.47319715290099396), ([[247, 486], [350, 486], [350, 572], [247, 572]], '씬', 0.008270329982371871), ([[414, 2842], [462, 2842], [462, 2883], [414, 2883]], '하.', 0.9912778503722252), ([[343, 2883], [542, 2883], [542, 2931], [343, 2931]], '또 이쪽이네', 0.990523617546394)]
[([[187, 247], [273, 247], [273, 337], [187, 337]], '흑', 0.20978914699672035), ([[239, 323], [266, 323], [266, 354], [239, 354]], '=', 0.05604880880541452), ([[257, 1326], [433, 1326], [433, 1378], [257, 1378]], '목소리도', 0.9999005198478699), ([[225, 1378], [423, 1378], [423, 1428], [225, 1428]], '안 나오고', 0.7635969614128083), ([[227, 1427], [465, 1427], [465, 1482], [227, 1482]], '어떻게 해야', 0.785852225964976), ([[262, 1479], [398, 1479], [398, 1534], [262, 1534]], '종율지', 0.30544049361184233), ([[148, 1814], [238, 1814], [238, 1909], [148, 1909]], '빚', 0.01787380488245649), ([[141, 1920], [234, 1920], [234, 2015], [141, 2015]], '들', 0.8597931664732563), ([[119, 2148], [196, 2148], [196, 2244], [119, 2244]], '(', 0.6210896851684176)]
[([[371, 664], [552, 664], [552, 964], [371, 964]], '줄', 0.9745029238761305), ([[154, 1161], [321, 1161], [321, 1217], [154, 1217]], '아직 젊고', 0.9970478172397317), ([[163, 1206], [312, 1206], [312, 1257], [163, 1257]], '멀정하게', 0.6623150706291199), ([[156, 1249], [332, 1249], [332, 1300], [156, 1300]], '생격던데 ..', 0.32163012255547996), ([[394, 2081], [558, 2081], [558, 2132], [394, 2132]], '왜 나같은', 0.5693339296704505), ([[382, 2124], [566, 2124], [566, 2175], [382, 2175]], '아줌마한터', 0.6110868231709295), ([[375, 2168], [581, 2168], [581, 2213], [375, 2213]], '이러는 걸까', 0.4695768861164229), ([[168, 3649], [213, 3649], [213, 3694], [168, 3694]], '뭐', 0.9999949932161059), ([[227, 3653], [311, 3653], [311, 3694], [227, 3694]], '뭐지', 0.6450424984968497), ([[168, 3692], [323, 3692], [323, 3737], [168, 3737]], '어디까지', 0.9995591640472412), ([[572.4070162092391, 239.00837380706548], [728.4851427325839, 302.8151364281674], [591.5929837907609, 634.9916261929345], [435.51485726741606, 571.1848635718326]], '국', 0.012154455453673718)]
[([[189, 1253], [339, 1253], [339, 1355], [189, 1355]], '@사', 0.03792535498485477), ([[130, 1328], [548, 1328], [548, 1433], [130, 1433]], '없없흘 팀데 6 -', 0.015703252558928873), ([[362.905459090769, 1239.0545909076902], [513.1175598488882, 1263.6831744644744], [493.094540909231, 1360.9454090923098], [342.88244015111184, 1336.3168255355256]], '일음', 0.24008392397775058)]
[([[238, 959], [437, 959], [437, 1002], [238, 1002]], '쌓여 있없어', 0.47555767644477986)]
[([[204, 438], [288, 438], [288, 483], [204, 483]], '아아.', 0.5149263172346881), ([[324, 433], [480, 433], [480, 484], [324, 484]], '부드럽게', 0.7158353328704834), ([[158, 834], [282, 834], [282, 950], [158, 950]], '권', 0.19007465561131287), ([[591, 1185], [638, 1185], [638, 1216], [591, 1216]], '2', 0.6493890817365724), ([[237, 1764], [458, 1764], [458, 1829], [237, 1829]], '오랜만에', 0.9371601870557509), ([[179, 1824], [502, 1824], [502, 1897], [179, 1897]], '느끼는 감각 .', 0.6191077418871446), ([[591, 2544], [673, 2544], [673, 2623], [591, 2623]], '솟', 0.05575260536897364), ([[79, 3150], [248, 3150], [248, 3279], [79, 3279]], '실렁', 0.32325689304615646), ([[110.25342614678092, 2191.02536435768], [277.9945193342295, 2271.652804652603], [233.74657385321908, 2359.97463564232], [66.0054806657705, 2278.347195347397]], '(7 &', 0.1470900329798159)]
[([[496, 348], [582, 348], [582, 480], [496, 480]], '볼', 0.31504267904810845), ([[317, 1327], [365, 1327], [365, 1365], [317, 1365]], '아', 0.9997967584891434), ([[263, 1369], [427, 1369], [427, 1412], [263, 1412]], '이건 뭐지', 0.8612792531703257), ([[554.905459090769, 436.0545909076901], [634.4011882191893, 410.26527619656537], [675.094540909231, 557.9454090923099], [595.5988117808107, 583.7347238034347]], '물', 0.1860351271086893)]
[([[94, 102], [656, 102], [656, 134], [94, 134]], '탑문에 게시된 모든 권렌즈들은 저작권번에 의거 보호받고 있습니다:', 0.205975223007197), ([[148, 160], [602, 160], [602, 192], [148, 192]], '저작권자 또는 (주)탑코미스의 승인 없이 컨렌즈의 일부', 0.3932093777036958), ([[81, 187], [671, 187], [671, 224], [81, 224]], '또는 전부름 복제 전송, 배포 및 기타의 방법으로 저작물올 이용할 경우', 0.5663758215329606), ([[168, 220], [580, 220], [580, 250], [168, 250]], '저작권번에 의해 법적 조치에 처해질 수 있습니다', 0.9150284645795628), ([[351, 309], [485, 309], [485, 345], [351, 345]], '(어감꼬$', 0.0069420150706701505), ([[355, 341], [459, 341], [459, 357], [355, 357]], '꽤', 0.007700867161999414), ([[269, 363], [478, 363], [478, 391], [269, 391]], '"+구:/>{어명+아-< <)가', 2.1614859310191835e-06)]
[]
[([[217, 1392], [517, 1392], [517, 1692], [217, 1692]], '막', 0.049165703418891704), ([[139, 4330], [208, 4330], [208, 4399], [139, 4399]], '드', 0.9966326736795317), ([[287, 4330], [536, 4330], [536, 4399], [287, 4399]], '들어올어', 0.713704526424408)]
[([[241, 266], [350, 266], [350, 311], [241, 311]], '지하철', 0.9996758388623269), ([[362, 268], [469, 268], [469, 309], [362, 309]], '안에서', 0.9880428597634562), ([[224, 310], [489, 310], [489, 353], [224, 353]], '남자의 손가락을', 0.5781105377645868), ([[233, 352], [454, 352], [454, 395], [233, 395]], '받아들이다니', 0.9996680787559686), ([[196, 1800], [270, 1800], [270, 1881], [196, 1881]], '이', 0.9951603697251734), ([[296, 1794], [466, 1794], [466, 1885], [296, 1885]], '남자_', 0.48450703174265075)]
[([[243, 313], [471, 313], [471, 358], [243, 358]], '내가 저항하지', 0.47339669982071403), ([[239, 356], [475, 356], [475, 401], [239, 401]], '않올 거라논 걸', 0.1709904306701052), ([[243, 399], [444, 399], [444, 444], [243, 444]], '어떻게 알고', 0.5829716318355447), ([[268, 2409], [617, 2409], [617, 2750], [268, 2750]], '7', 0.006757775541295141), ([[211, 2907], [295, 2907], [295, 2948], [211, 2948]], '아아', 0.9431810799627623), ([[219, 2950], [295, 2950], [295, 2991], [219, 2991]], '이건', 0.9992556835200869), ([[524.202547777171, 1038.0318472146387], [600.1117700180472, 1019.2255216307531], [635.797452222829, 1182.9681527853613], [560.8882299819528, 1200.774478369247]], '틀', 0.6181270084218795)]
[([[483.74478330338695, 2701.0879614540477], [550.7875286728436, 2688.835771527426], [565.255216696613, 2789.9120385459523], [498.2124713271564, 2802.164228472574]], '방', 0.17391882386377588)]
[([[279, 2561], [532, 2561], [532, 2896], [279, 2896]], '유', 0.03365533437997592)]
[]
[([[232, 0], [327, 0], [327, 26], [232, 26]], '내 세', 0.5908018946647644), ([[343, 0], [532, 0], [532, 29], [343, 29]], '어니가시', 0.7584373354911804), ([[210, 33], [534, 33], [534, 90], [210, 90]], '허락하는 거야.', 0.8005988686962894), ([[384, 717], [462, 717], [462, 758], [384, 758]], '만약', 0.9998269494259049), ([[359, 759], [479, 759], [479, 800], [359, 800]], '여기가.', 0.603956937789917), ([[295, 2087], [407, 2087], [407, 2130], [295, 2130]], '사람이', 0.9164225281727765), ([[248, 2129], [449, 2129], [449, 2172], [248, 2172]], '아무도 없는 .', 0.729501456726846)]
[([[256, 3127], [419, 3127], [419, 3196], [256, 3196]], '지하철', 0.9998408771045941), ([[190, 3194], [458, 3194], [458, 3258], [190, 3258]], '안이없다면', 0.6522078095741959)]
[([[154, 1725], [321, 1725], [321, 1888], [154, 1888]], '%', 0.059149344147172656), ([[368, 3700], [487, 3700], [487, 3745], [368, 3745]], '맞~아', 0.42084386920283046), ([[368, 3743], [518, 3743], [518, 3788], [368, 3788]], '손가락올', 0.6231034994125366), ([[313, 3786], [549, 3786], [549, 3831], [313, 3831]], '허락햇다는 건', 0.3483862559512138)]
[([[308, 617], [340, 617], [340, 651], [308, 651]], '응', 0.7047131317108466), ([[187, 735], [313, 735], [313, 898], [187, 898]], ':', 0.0227781608692732), ([[327, 1168], [521, 1168], [521, 1427], [327, 1427]], '2', 0.14916861111579838), ([[293, 2798], [373, 2798], [373, 2841], [293, 2841]], '하잇', 0.17393885340007575), ([[275, 2842], [434, 2842], [434, 2885], [275, 2885]], '더 이상은', 0.9984531914624493), ([[304.1468052029703, 2297.021423539109], [620.8772114912326, 2390.9604578258327], [572.8531947970297, 2529.978576460891], [256.12278850876737, 2435.0395421741673]], '시>', 0.027764413747592816)]
[([[257, 640], [445, 640], [445, 695], [257, 695]], '더 이상은', 0.9116258521236341), ([[242, 691], [433, 691], [433, 742], [242, 742]], '못 참계어_', 0.4176142000127072), ([[180, 1422], [456, 1422], [456, 1749], [180, 1749]], '리', 0.08332142395332554), ([[278, 1997], [397, 1997], [397, 2042], [278, 2042]], '미처어', 0.2548899929746382), ([[319, 3464], [535, 3464], [535, 3664], [319, 3664]], '쭉', 0.01357477543442176), ([[319, 3604], [544, 3604], [544, 3763], [319, 3763]], '{때', 0.03370826723070428), ([[234, 4792], [472, 4792], [472, 4843], [234, 4843]], '싸 , 쌀 것같아:', 0.4053604346117738), ([[308.9058111246187, 2054.0136072096725], [787.7124985323146, 2179.3119065421997], [679.0941888753813, 2543.9863927903275], [201.28750146768533, 2419.6880934578003]], '사', 0.021516407407778937)]
[([[325, 442], [409, 442], [409, 487], [325, 487]], '제발', 0.9999448723672177), ([[254, 485], [479, 485], [479, 530], [254, 530]], '여기선 안 돼 .', 0.7903887194394513), ([[196, 3211], [241, 3211], [241, 3249], [196, 3249]], '아', 0.9356604701708533), ([[164, 3250], [245, 3250], [245, 3295], [164, 3295]], '뒷어', 0.3517621680480011), ([[301, 4754], [417, 4754], [417, 4799], [301, 4799]], '이번에', 0.9987280752478459), ([[231, 4797], [471, 4797], [471, 4842], [231, 4842]], '무조건 내려야.', 0.9783650037875434), ([[89.89155842114702, 2686.038441264517], [204.65261328532193, 2656.6914014482954], [249.108441578853, 2861.961558735483], [133.34738671467807, 2891.3085985517046]], '딸', 0.037536531133412154), ([[167.22196461716354, 2852.0159366587905], [386.98735878291484, 2997.3070307013536], [293.77803538283644, 3133.9840633412095], [75.01264121708516, 2988.6929692986464]], '>담', 0.0038720853261737845)]
[([[379, 191], [541, 191], [541, 234], [379, 234]], '이게 뭐람', 0.8379923509913685), ([[133, 656], [162, 656], [162, 688], [133, 688]], '은', 0.12322824864737925), ([[554, 1028], [640, 1028], [640, 1109], [554, 1109]], '[읽', 0.058014902560684915), ([[55, 1637], [216, 1637], [216, 1746], [55, 1746]], '또 과', 0.1697242259979248), ([[46.00772212328633, 577.0617769862906], [98.63293040798497, 554.0250768593893], [146.99227787671367, 672.9382230137094], [94.36706959201503, 695.9749231406107]], '틀', 0.9531320145380597), ([[562.6106080775376, 1129.1078916962401], [615.6366986067678, 1091.022549644574], [694.3893919224624, 1210.8921083037599], [642.3633013932322, 1249.977450355426]], '돌', 0.3229861727676422), ([[487.2740592751773, 1714.0219780404257], [646.9481486958944, 1816.8856648884657], [589.7259407248226, 1902.9780219595743], [430.05185130410564, 1801.1143351115343]], '0 ', 0.1983347433244954)]
[([[233, 325], [453, 325], [453, 379], [233, 379]], '손가락만으로', 0.9970209228995767), ([[211, 375], [452, 375], [452, 420], [211, 420]], '거의 가버로어 .', 0.370547964014851), ([[68, 1044], [291, 1044], [291, 1221], [68, 1221]], '60', 0.2504384064387627), ([[467, 2006], [622, 2006], [622, 2118], [467, 2118]], '기육', 0.16725275366295245), ([[243, 3887], [323, 3887], [323, 3932], [243, 3932]], '얼른', 0.9997130763130756), ([[188, 3930], [370, 3930], [370, 3975], [188, 3975]], '화장실부터', 0.9999109684671379), ([[215, 3973], [346, 3973], [346, 4018], [215, 4018]], '가야 해', 0.9944199099642083), ([[80.11247968603963, 2735.0246343487133], [404.9021397547779, 2821.2330955828024], [364.88752031396035, 2946.9753656512867], [40.097860245222094, 2861.7669044171976]], '간   기$', 0.06717773655494323)]
[([[108, 51], [536, 51], [536, 312], [108, 312]], '@.', 0.09729559340504762), ([[268, 541], [669, 541], [669, 798], [268, 798]], '00', 0.1112199830838412), ([[160, 1104], [562, 1104], [562, 1346], [160, 1346]], '@', 0.6207058732027839), ([[472, 4871], [527, 4871], [527, 4929], [472, 4929]], '즉', 0.043304967499269376), ([[468, 4937], [519, 4937], [519, 5000], [468, 5000]], '클', 0.12177727087590995)]
[([[449, 1468], [637, 1468], [637, 1544], [449, 1544]], '계속. .', 0.9198004166728768)]
[([[94, 102], [656, 102], [656, 134], [94, 134]], '탑문에 게시된 모든 권렌즈들은 저작권번에 의거 보호받고 있습니다:', 0.205975223007197), ([[148, 160], [602, 160], [602, 192], [148, 192]], '저작권자 또는 (주)탑코미스의 승인 없이 컨렌즈의 일부', 0.3932093777036958), ([[81, 187], [671, 187], [671, 224], [81, 224]], '또는 전부름 복제 전송, 배포 및 기타의 방법으로 저작물올 이용할 경우', 0.5663758215329606), ([[168, 220], [580, 220], [580, 250], [168, 250]], '저작권번에 의해 법적 조치에 처해질 수 있습니다', 0.9150284645795628), ([[351, 309], [485, 309], [485, 345], [351, 345]], '(어감꼬$', 0.0069420150706701505), ([[355, 341], [459, 341], [459, 357], [355, 357]], '꽤', 0.007700867161999414), ([[269, 363], [478, 363], [478, 391], [269, 391]], '"+구:/>{어명+아-< <)가', 2.1614859310191835e-06)]
[([[233, 325], [453, 325], [453, 379], [233, 379]], '손가락만으로', 0.9462061832768593), ([[211, 375], [452, 375], [452, 420], [211, 420]], '거의 가버로어 .', 0.4440361052136675), ([[68, 1044], [291, 1044], [291, 1221], [68, 1221]], '60', 0.20442863986822862), ([[463, 2006], [618, 2006], [618, 2114], [463, 2114]], '기도', 0.3237573363207717), ([[243, 3887], [323, 3887], [323, 3932], [243, 3932]], '얼른', 0.9996110067516383), ([[184, 3930], [378, 3930], [378, 3975], [184, 3975]], '화장실 부터', 0.9994618840301546), ([[215, 3973], [346, 3973], [346, 4018], [215, 4018]], '가야 해', 0.9952713955653572), ([[77.13935120111795, 2738.024710899452], [403.8772144891544, 2816.084669990917], [366.86064879888204, 2941.975289100548], [40.12278551084555, 2862.915330009083]], '$   기쁨', 0.07364200459726222)]
[([[202, 856], [323, 856], [323, 1004], [202, 1004]], '넷', 0.04143032606184338)]
[([[343, 3874], [504, 3874], [504, 4027], [343, 4027]], '덜', 0.9993564926044805), ([[492, 4039], [636, 4039], [636, 4171], [492, 4171]], '=', 0.15565464855182487), ([[101, 4382], [250, 4382], [250, 4535], [101, 4535]], '덜', 0.9951456236408696), ([[187, 4566], [336, 4566], [336, 4715], [187, 4715]], '경', 0.5944991314164696)]
[([[76, 0], [209, 0], [209, 118], [76, 118]], '널', 0.5753996219506377), ([[428, 61], [476, 61], [476, 101], [428, 101]], '아.', 0.7596917158413745), ([[505, 63], [555, 63], [555, 99], [505, 99]], '아.', 0.6759823000295676), ([[55, 793], [174, 793], [174, 907], [55, 907]], '덜', 0.9362583877840827), ([[178, 920], [271, 920], [271, 1013], [178, 1013]], '*', 0.28096593442592166), ([[429, 1194], [552, 1194], [552, 1318], [429, 1318]], '덜', 0.9892274960990655), ([[532, 1315], [668, 1315], [668, 1436], [532, 1436]], '캐', 0.4987885741890672), ([[145, 1811], [269, 1811], [269, 1935], [145, 1935]], '덜', 0.9878128049207682), ([[243, 1923], [386, 1923], [386, 2056], [243, 2056]], '캐', 0.18891671393824883), ([[49, 2386], [466, 2386], [466, 2687], [49, 2687]], '빠', 0.06882009131539135), ([[220.22797940381045, 2898.16062287277], [549.8456800392282, 2828.9522056363658], [575.7720205961896, 3031.83937712723], [246.15431996077183, 3102.0477943636342]], '0', 0.7678214246568729)]
[([[124, 62], [527, 62], [527, 309], [124, 309]], '0', 0.9286702375423062), ([[275, 545], [665, 545], [665, 802], [275, 802]], '0+', 0.3547606460103747), ([[159, 1103], [567, 1103], [567, 1362], [159, 1362]], '@5', 0.20138087049837303), ([[472, 4871], [527, 4871], [527, 4929], [472, 4929]], '즉', 0.04489389148638967), ([[468, 4937], [519, 4937], [519, 5000], [468, 5000]], '클', 0.08453509278696458)]
[([[149, 817], [323, 817], [323, 862], [149, 862]], '뭐 , 뛰야', 0.5611988755520889), ([[196, 860], [276, 860], [276, 901], [196, 901]], '대체', 0.9999780837091168), ([[149, 903], [335, 903], [335, 944], [149, 944]], '어쩌려고: .', 0.7435606082627678), ([[126, 1411], [358, 1411], [358, 1583], [126, 1583]], '표교', 0.02105200685196022), ([[456, 2066], [590, 2066], [590, 2301], [456, 2301]], '\'"', 0.17886469301876276), ([[74.83833810904463, 2618.0397363920515], [283.4353095365077, 2652.87601098315], [253.16166189095537, 2797.9602636079485], [44.564690463492326, 2763.12398901685]], '#$', 0.0071140989207137606), ([[382.8518881788679, 3681.041245686264], [582.6058119258815, 3715.467752455259], [554.148111821132, 3851.958754313736], [354.3941880741184, 3817.532247544741]], '생량', 0.005435743158946024)]
[([[450, 664], [530, 664], [530, 706], [450, 706]], '대체', 0.9999891261304003), ([[410, 706], [570, 706], [570, 754], [410, 754]], '월 원하는', 0.7049015362774264), ([[446, 750], [549, 750], [549, 792], [446, 792]], '거지?', 0.9995762533318573), ([[243, 4805], [295, 4805], [295, 4846], [243, 4846]], '아;', 0.8494195786144627), ([[196, 4844], [342, 4844], [342, 4889], [196, 4889]], '따라오고', 0.9994058012962341), ([[219, 4891], [311, 4891], [311, 4932], [219, 4932]], '있어:', 0.9910254733922294), ([[494, 4966], [533, 4966], [533, 4998], [494, 4998]], '[1', 0.8023272830037477)]
[([[417, 1525], [629, 1525], [629, 1675], [417, 1675]], '꼭교', 0.04718641599440841), ([[549, 2245], [647, 2245], [647, 2359], [549, 2359]], '표', 0.7482694601702953), ([[559, 2356], [659, 2356], [659, 2463], [559, 2463]], '', 0.0)]
[([[169, 419], [490, 419], [490, 498], [169, 498]], '일어:다면', 0.3570090275024198), ([[295, 4659], [407, 4659], [407, 4719], [295, 4719]], '만약', 0.9999035693724511), ([[112, 4713], [559, 4713], [559, 4774], [112, 4774]], '그런 일이 일어난다면', 0.6950021983635088)]
[([[186, 1792], [539, 1792], [539, 1847], [186, 1847]], '만약 그런 일이:.', 0.5360426339433162), ([[113, 2013], [239, 2013], [239, 2191], [113, 2191]], '밭', 0.06473242393479328), ([[117, 2240], [227, 2240], [227, 2337], [117, 2337]], '떡', 0.07246189950248638), ([[503, 2537], [609, 2537], [609, 2606], [503, 2606]], '1뜰', 0.00856536210318504)]
[([[166, 4123], [516, 4123], [516, 4188], [166, 4188]], '만약 그런 일이:', 0.9974653507679596), ([[200, 4453], [397, 4453], [397, 4542], [200, 4542]], '하앗!!', 0.3465994596481323), ([[386.8690916982867, 1343.205096906979], [509.76394389717143, 1224.0121616288175], [708.1309083017132, 1466.794903093021], [584.2360561028286, 1585.9878383711825]], '군', 0.08252797949641266)]
[([[212, 789], [676, 789], [676, 1241], [212, 1241]], '과소', 0.053296917189161595), ([[353, 1268], [564, 1268], [564, 1495], [353, 1495]], '퍽', 0.08628881037253677), ([[131, 1866], [342, 1866], [342, 2042], [131, 2042]], '내', 0.0040303031639723486), ([[331.06535268953735, 2254.016804769139], [683.6204124934042, 2381.5734365849094], [601.9346473104627, 2583.983195230861], [250.37958750659584, 2456.4265634150906]], '시,판', 0.00250904695997723)]
[([[173, 2552], [248, 2552], [248, 2677], [173, 2677]], '틈', 0.47018571521243757), ([[529, 3115], [607, 3115], [607, 3189], [529, 3189]], '아', 0.14871280435750123), ([[286, 3193], [373, 3193], [373, 3267], [286, 3267]], '8', 0.9641836328339402), ([[563, 3196], [624, 3196], [624, 3241], [563, 3241]], '0', 0.6184501158821867), ([[262, 3473], [510, 3473], [510, 3518], [262, 3518]], '만약 그런 일이', 0.867591770152392), ([[278, 3516], [460, 3516], [460, 3561], [278, 3561]], '일어난다면', 0.5123467686669568), ([[269, 3558], [515, 3558], [515, 3609], [269, 3609]], '받아들이려고?', 0.9993486343485779), ([[68, 3884], [154, 3884], [154, 3959], [68, 3959]], '8', 0.8949509217655418), ([[531, 4402], [617, 4402], [617, 4453], [531, 4453]], '아', 0.8814048245481878), ([[114, 4907], [229, 4907], [229, 4952], [114, 4952]], '미처어', 0.6641052577874889), ([[266, 4907], [585, 4907], [585, 4952], [266, 4952]], '어떻게 그런 생각올', 0.47214464350594804), ([[268.18101538648796, 870.0167754303058], [531.9869198720155, 1006.2767890835784], [451.81898461351204, 1153.9832245696941], [188.0130801279845, 1018.7232109164216]], '요하^', 0.00018250736911330055), ([[150.17710309939756, 2041.0161290346375], [290.5925835378823, 1991.0604757056215], [400.8228969006025, 2337.9838709653623], [260.4074164621177, 2387.9395242943783]], '술', 0.00897362556841369), ([[347.94525616909806, 3257.093434546949], [440.66698078023694, 3273.0288762503524], [430.05474383090194, 3324.906565453051], [337.33301921976306, 3308.9711237496476]], '아 ', 0.02042532735765376)]
[([[305, 915], [380, 915], [380, 955], [305, 955]], '대체', 0.9999935093914989), ([[206, 957], [481, 957], [481, 1002], [206, 1002]], '무슨 상상을 하는', 0.44977264557863456), ([[237, 1000], [462, 1000], [462, 1045], [237, 1045]], '거야, 이수애!', 0.5342457945223795), ([[180, 1562], [291, 1562], [291, 1623], [180, 1623]], '0', 0.6737997371205076), ([[542, 2201], [679, 2201], [679, 2276], [542, 2276]], '@ ', 0.060783840779149875)]
[([[170, 2384], [261, 2384], [261, 2479], [170, 2479]], '5*', 0.19958135739910754), ([[244.2103500411843, 2459.2731201317897], [328.8, 2450.4], [331.7896499588157, 2502.7268798682103], [247.2, 2511.6]], '0+', 0.1475086446729921)]
[([[499, 2612], [595, 2612], [595, 2686], [499, 2686]], '푹', 0.021055877426775282), ([[112.02759865089483, 2381.0394634060067], [250.4791654974794, 2428.5030356762645], [213.97240134910516, 2527.9605365939933], [76.5208345025206, 2481.4969643237355]], '{기', 0.043065253751506764), ([[182.15106852430958, 2626.0300661927654], [351.9619853885618, 2700.045586272189], [309.8489314756904, 2790.9699338072346], [140.0380146114382, 2716.954413727811]], '커', 0.005426400575927526)]
[([[290, 2593], [509, 2593], [509, 2861], [290, 2861]], '0', 0.9451400909350923)]
[([[359, 2492], [582, 2492], [582, 2543], [359, 2543]], '휴 , 다행이야:', 0.6923800360115335), ([[418, 2539], [545, 2539], [545, 2581], [418, 2581]], '더 이상', 0.5910748934858898), ([[387, 2579], [573, 2579], [573, 2624], [387, 2624]], '따라오지논', 0.7831430758436525), ([[407, 2622], [565, 2622], [565, 2667], [407, 2667]], '않앗구나.', 0.4904194059337344), ([[363, 4054], [488, 4054], [488, 4152], [363, 4152]], '또다', 0.01839800633927291)]
[]
[([[192, 1946], [253, 1946], [253, 1983], [192, 1983]], '하.', 0.8818538812936275), ([[278, 1942], [405, 1942], [405, 1987], [278, 1987]], '이번 달', 0.9974179185878794), ([[145, 1985], [452, 1985], [452, 2030], [145, 2030]], '매출도 형편없네 ...', 0.6213425431892361), ([[363, 2195], [597, 2195], [597, 2246], [363, 2246]], '점점 온라인에', 0.9596131900097001), ([[368, 2243], [600, 2243], [600, 2288], [368, 2288]], '밀리고 있으니', 0.9364509613471118), ([[466.0578369393376, 2696.0494509237074], [600.7164363933716, 2731.7586306417043], [577.9421630606624, 2808.9505490762926], [443.2835636066284, 2772.2413693582957]], '|꽤', 0.0037175510915209756), ([[508.402977685874, 4200.02977685874], [640.9437267754608, 4265.180175617178], [616.597022314126, 4311.97022314126], [484.05627322453915, 4246.819824382822]], '& & &', 0.016128888573047732)]
[([[531, 2623], [616, 2623], [616, 2711], [531, 2711]], '꿀', 0.36078065231721723)]
[([[452, 21], [642, 21], [642, 99], [452, 99]], '계속. .', 0.9680382207927766)]
[([[94, 102], [656, 102], [656, 134], [94, 134]], '탑문에 게시된 모든 권렌즈들은 저작권번에 의거 보호받고 있습니다:', 0.205975223007197), ([[148, 160], [602, 160], [602, 192], [148, 192]], '저작권자 또는 (주)탑코미스의 승인 없이 컨렌즈의 일부', 0.3932093777036958), ([[81, 187], [671, 187], [671, 224], [81, 224]], '또는 전부름 복제 전송, 배포 및 기타의 방법으로 저작물올 이용할 경우', 0.5663758215329606), ([[168, 220], [580, 220], [580, 250], [168, 250]], '저작권번에 의해 법적 조치에 처해질 수 있습니다', 0.9150284645795628), ([[351, 309], [485, 309], [485, 345], [351, 345]], '(어감꼬$', 0.0069420150706701505), ([[355, 341], [459, 341], [459, 357], [355, 357]], '꽤', 0.007700867161999414), ([[269, 363], [478, 363], [478, 391], [269, 391]], '"+구:/>{어명+아-< <)가', 2.1614859310191835e-06)]
[([[358, 1251], [406, 1251], [406, 1275], [358, 1275]], '899,000', 0.9055451403296554)]
[([[155, 350], [532, 350], [532, 415], [155, 415]], '마, 말도 안 돼 .', 0.890170254283871), ([[251, 3650], [337, 3650], [337, 3681], [251, 3681]], '라+ 켜샌', 0.007277890878156081), ([[356, 3641], [424, 3641], [424, 3682], [356, 3682]], '이올', 0.9165812064514841), ([[219, 3684], [338, 3684], [338, 3721], [219, 3721]], '도+어,컨 샌', 0.00025923601652877714), ([[356, 3680], [452, 3680], [452, 3717], [356, 3717]], '타르초', 0.9839225744776112), ([[196, 4618], [288, 4618], [288, 4659], [196, 4659]], '이올침대', 0.5051972270011902), ([[360.17615625398184, 1670.014759486093], [706.9655046151684, 1820.7407947861134], [624.8238437460182, 1994.985240513907], [278.0344953848316, 1844.2592052138866]], '(2', 0.32276036873126746), ([[159.210799537353, 2053.010382419415], [514.9845460795136, 2279.0371934745112], [374.789200462647, 2492.989617580585], [19.015453920486376, 2266.9628065254888]], "{사'", 0.08361626633263049), ([[152.21134913807327, 3145.009147850959], [690.9892730264431, 3386.1459981651647], [564.7886508619267, 3643.990852149041], [26.01072697355682, 3402.8540018348353]], '흘리 기', 0.08866247534751892)]
[([[409, 0], [484, 0], [484, 40], [409, 40]], '날짜', 0.999915791635173), ([[336, 37], [561, 37], [561, 85], [336, 85]], '말씀해 주세요.', 0.9873792252904572), ([[119, 132], [208, 132], [208, 213], [119, 213]], '벌', 0.9019420866393943), ([[239, 150], [446, 150], [446, 212], [239, 212]], '이울참대', 0.09608622640371323), ([[296, 355], [426, 355], [426, 387], [296, 387]], "'   장7이추", 0.005031438561093794), ([[391, 1596], [464, 1596], [464, 1639], [391, 1639]], '그럼', 0.9606290937215722), ([[344, 1638], [513, 1638], [513, 1681], [344, 1681]], '한 달 뒤로', 0.7848189158652896), ([[290, 1680], [565, 1680], [565, 1725], [290, 1725]], '할게요. 그쪽이면', 0.727767193673549), ([[295, 1724], [558, 1724], [558, 1767], [295, 1767]], '월 것 같으니까 .', 0.48724908314147475)]
[([[211, 2555], [467, 2555], [467, 2600], [211, 2600]], '그런데 저 남자.', 0.6738713897709789), ([[254, 2598], [448, 2598], [448, 2643], [254, 2643]], '대체 어디서', 0.990151777291177), ([[285, 2640], [429, 2640], [429, 2691], [285, 2691]], '뵙지...?', 0.1509873222331591)]
[([[369.1355265538526, 1937.0468442954443], [557.920427528133, 1975.8744655617916], [540.8644734461474, 2044.9531557045557], [352.079572471867, 2005.1255344382084]], '@행', 0.04797368613019569)]
[([[153, 35], [189, 35], [189, 63], [153, 63]], '사', 0.2652087164278818), ([[195, 25], [522, 25], [522, 75], [195, 75]], '자꾸 그러면 니 삼촌', 0.6797807145708519), ([[154, 71], [503, 71], [503, 116], [154, 116]], '꼬서서 다 털어먹논다', 0.5345992574155457), ([[155, 118], [502, 118], [502, 150], [155, 150]], '구구구구구구구구구 구', 0.45808102742623136), ([[451, 310], [622, 310], [622, 353], [451, 353]], '여보세요?', 0.9998940683639205), ([[450, 353], [662, 353], [662, 401], [450, 401]], '도랗어요? 크', 0.2653771830878626), ([[158, 614], [221, 614], [221, 643], [158, 643]], '느', 0.7620186309921486), ([[232, 605], [596, 605], [596, 653], [232, 653]], '저번에 나 동고 보이는', 0.540240810573859), ([[151, 647], [546, 647], [546, 695], [151, 695]], '개끗은치마 입고 갖을 때', 0.18421813628245748), ([[153, 691], [312, 691], [312, 739], [153, 739]], '니 삼촌이', 0.638298304347764), ([[320, 692], [548, 692], [548, 735], [320, 735]], '자 침흘리려', 0.17128155260527736), ([[151, 733], [527, 733], [527, 781], [151, 781]], '쳐다봄 가까가가까까', 0.011877136739962083), ([[350, 1244], [468, 1244], [468, 1332], [350, 1332]], '한', 0.054716785463093665), ([[97, 2387], [273, 2387], [273, 2439], [97, 2439]], '는 "', 0.4481068253517151), ([[98, 2431], [251, 2431], [251, 2475], [98, 2475]], '오{ 신:', 0.0013228502786464796), ([[83, 2469], [275, 2469], [275, 2508], [83, 2508]], ' --:{)', 0.008785008918880203), ([[278.16445884946233, 1667.0703072118276], [346.8763021465329, 1691.8947048467858], [330.83554115053767, 1735.9296927881724], [262.1236978534671, 1711.1052951532142]], '7씨', 0.2340962608418887), ([[335.3873671399868, 1687.0376738338928], [469.99685925671594, 1734.8228064093364], [452.6126328600132, 1777.9623261661072], [319.00314074328406, 1730.1771935906636]], '[현금자동지급] `', 0.17253825459023006)]
[([[13, 2853], [64, 2853], [64, 2884], [13, 2884]], '없름', 0.22608277023824871), ([[134, 2865], [181, 2865], [181, 2896], [134, 2896]], '실러', 0.1046461429588469), ([[3, 2878], [86, 2878], [86, 2929], [3, 2929]], '{$질교', 0.003126700408756733), ([[109, 2878], [183, 2878], [183, 2933], [109, 2933]], '개공', 0.15125938231020467), ([[104, 4248], [239, 4248], [239, 4360], [104, 4360]], '1종', 0.0033670364972603066), ([[312.50680303808394, 828.0408182285036], [377.9503595657672, 867.4565127115692], [362.49319696191606, 893.9591817714964], [296.0496404342328, 854.5434872884308]], '[판매금지', 0.5581447806571596), ([[50.07899166023172, 2897.1448741467184], [99.82266223560617, 2904.9838415951817], [93.92100833976828, 2933.8551258532816], [44.17733776439382, 2925.0161584048183]], '3@ 드', 0.0054253945127129555)]
[([[436, 497], [555, 497], [555, 541], [436, 541]], '아저씨 .', 0.9910925479198591)]
[([[274, 481], [393, 481], [393, 522], [274, 522]], '아저씨', 0.9998271123076765), ([[0, 1130], [91, 1130], [91, 1154], [0, 1154]], '시신" 1감', 0.0004493021553669879), ([[308, 2086], [425, 2086], [425, 2155], [308, 2155]], '로또', 0.988998263787131), ([[248, 2151], [508, 2151], [508, 2219], [248, 2219]], '당점렉조?', 0.2780557239962626), ([[435, 4138], [588, 4138], [588, 4263], [435, 4263]], '1종0', 0.0007539449474845345), ([[422, 4344], [573, 4344], [573, 4436], [422, 4436]], '어', 0.6447900994169551)]
[([[94, 102], [656, 102], [656, 134], [94, 134]], '탑문에 게시된 모든 권렌즈들은 저작권번에 의거 보호받고 있습니다:', 0.205975223007197), ([[148, 160], [602, 160], [602, 192], [148, 192]], '저작권자 또는 (주)탑코미스의 승인 없이 컨렌즈의 일부', 0.3932093777036958), ([[81, 187], [671, 187], [671, 224], [81, 224]], '또는 전부름 복제 전송, 배포 및 기타의 방법으로 저작물올 이용할 경우', 0.5663758215329606), ([[168, 220], [580, 220], [580, 250], [168, 250]], '저작권번에 의해 법적 조치에 처해질 수 있습니다', 0.9150284645795628), ([[351, 309], [485, 309], [485, 345], [351, 345]], '(어감꼬$', 0.0069420150706701505), ([[355, 341], [459, 341], [459, 357], [355, 357]], '꽤', 0.007700867161999414), ([[269, 363], [478, 363], [478, 391], [269, 391]], '"+구:/>{어명+아-< <)가', 2.1614859310191835e-06)]
[([[134, 2138], [181, 2138], [181, 2166], [134, 2166]], '실러', 0.592804984615643), ([[40, 2154], [87, 2154], [87, 2181], [40, 2181]], '센@', 0.19359849972578042), ([[108, 2155], [184, 2155], [184, 2191], [108, 2191]], '나할내다?', 0.030972175020207736), ([[13, 2169], [52, 2169], [52, 2201], [13, 2201]], '연속', 0.49713638151623657), ([[112, 2182], [145, 2182], [145, 2200], [112, 2200]], '매량', 0.9194570098398269), ([[146, 2181], [181, 2181], [181, 2209], [146, 2209]], '기위', 0.85536814197283), ([[112, 3526], [235, 3526], [235, 3634], [112, 3634]], '벼', 0.1334288922671476), ([[434, 4770], [557, 4770], [557, 4811], [434, 4811]], '아저씨 .', 0.6056026639859865), ([[49.05131670194949, 2171.1539501058483], [98.81600927855018, 2178.965547611961], [93.94868329805051, 2206.8460498941517], [44.18399072144982, 2199.034452388039]], '30의]', 0.026769476011395454)]
[([[274, 481], [393, 481], [393, 522], [274, 522]], '아저씨', 0.999825185238134), ([[0, 1130], [91, 1130], [91, 1154], [0, 1154]], '~신" 1감', 0.0018269314218509304), ([[308, 2086], [425, 2086], [425, 2155], [308, 2155]], '로또', 0.9900416297883481), ([[248, 2151], [508, 2151], [508, 2219], [248, 2219]], '당점렉조?', 0.2324060382964881), ([[435, 4142], [556, 4142], [556, 4267], [435, 4267]], '사', 0.9002968219616072)]
[([[248, 1556], [336, 1556], [336, 1592], [248, 1592]], '라+ 이샌', 0.003955352316866739), ([[357, 1554], [425, 1554], [425, 1592], [357, 1592]], '이올', 0.9077232577296744), ([[218, 1594], [341, 1594], [341, 1634], [218, 1634]], '임기<덕 켜복', 0.00034307433630988767), ([[358, 1590], [455, 1590], [455, 1631], [358, 1631]], '타르초', 0.9802821958589626), ([[512, 2968], [617, 2968], [617, 3078], [512, 3078]], '@', 0.9989268084372362), ([[160.2120616306214, 1069.0097022032294], [681.9929849559346, 1297.3299898438547], [566.7879383693786, 1538.9902977967706], [45.00701504406533, 1310.6700101561453]], '효기행기', 0.004317838698625565)]
[([[167, 53], [358, 53], [358, 96], [167, 96]], '그리고 이건', 0.989027820518748), ([[126, 94], [376, 94], [376, 142], [126, 142]], '너무 뼈 박인 게', 0.9349705917073792), ([[174, 845], [296, 845], [296, 889], [174, 889]], '이 장어', 0.978926309558083), ([[184, 890], [294, 890], [294, 930], [184, 930]], '도시락', 0.9998465895027694), ([[299, 1303], [337, 1303], [337, 1334], [299, 1334]], '[브스볕다', 0.015274377044404092), ([[273, 2028], [444, 2028], [444, 2095], [273, 2095]], '무려 ~', 0.9675884315460636), ([[305, 2455], [417, 2455], [417, 2522], [305, 2522]], '아까블', 0.01736338522585581), ([[395, 2515], [424, 2515], [424, 2551], [395, 2551]], '유', 0.037015475430204114), ([[307, 2590], [346, 2590], [346, 2633], [307, 2633]], '및', 0.05299686651725111), ([[310, 2509], [410, 2509], [410, 2643], [310, 2643]], '옆', 0.07814682842475751), ([[386.21114561800016, 1344.105572809], [423.1926480026752, 1323.394512304091], [431.78885438199984, 1340.894427191], [394.8073519973248, 1361.605487695909]], '국:박 |', 0.00046962185262716525)]
[([[274, 227], [549, 227], [549, 272], [274, 272]], '만원이 넘는 건데', 0.7264841127617233), ([[278, 270], [545, 270], [545, 315], [278, 315]], '아무렇지도 않게', 0.6871703310326185), ([[270, 313], [569, 313], [569, 358], [270, 358]], '막 산단 말이에요?', 0.9957347943800887), ([[395, 1590], [510, 1590], [510, 1631], [395, 1631]], '예전에', 0.9984054832247576), ([[293, 1633], [612, 1633], [612, 1678], [293, 1678]], '아저씨는 2천원짜리', 0.4510710602306451), ([[383, 1676], [534, 1676], [534, 1721], [383, 1721]], '햄버거도', 0.9988307868036252), ([[491, 2041], [559, 2041], [559, 2102], [491, 2102]], '2', 0.14947526636943653), ([[200, 2101], [456, 2101], [456, 2174], [200, 2174]], '러가상물', 0.0269987341016531), ([[153, 2391], [354, 2391], [354, 2436], [153, 2436]], '맨날 구경만', 0.9977517248530915), ([[196, 2434], [311, 2434], [311, 2475], [196, 2475]], '하다가', 0.9999814171339712), ([[537, 2995], [626, 2995], [626, 3063], [537, 3063]], '05', 0.833888850449368), ([[160, 3527], [390, 3527], [390, 3578], [160, 3578]], '결국 천원짜리', 0.5736858234514663), ([[117, 3570], [425, 3570], [425, 3621], [117, 3621]], '컴라면만 먹엇는데', 0.2512221851262231), ([[254, 3618], [315, 3618], [315, 3663], [254, 3663]], '응?', 0.9998961517446875), ([[436, 3897], [493, 3897], [493, 3915], [436, 3915]], '{4-설시', 0.015025309039890017), ([[461, 3961], [612, 3961], [612, 4006], [461, 4006]], '천원이요', 0.9928655028343201), ([[92, 4334], [165, 4334], [165, 4348], [92, 4348]], '[돈" 1 ', 0.0024582818463048254), ([[403, 4875], [553, 4875], [553, 4920], [403, 4920]], '결정타는', 0.9274272918701172), ([[379, 4918], [588, 4918], [588, 4963], [379, 4963]], '맵버십할인!!', 0.11750740897928981), ([[164.16756942214056, 1917.0875762840606], [239.96177904207767, 1938.4483598802171], [229.83243057785944, 1971.9124237159394], [153.03822095792233, 1950.5516401197829]], '기버거', 0.8838042649417999), ([[277.5700282971498, 1950.94201697829], [451.79473319220205, 1927.7350889359327], [455.4299717028502, 1961.05798302171], [282.20526680779795, 1984.2649110640673]], "'굽바베류-버거", 0.13088184205919853)]
[([[348, 414], [542, 414], [542, 456], [348, 456]], '이건 아무리', 0.645705671760729), ([[352, 457], [538, 457], [538, 499], [352, 499]], '생각해보도', 0.8202325300177858), ([[308, 496], [586, 496], [586, 546], [308, 546]], '로또 당점 아니면', 0.7160391504002728), ([[347, 538], [546, 538], [546, 589], [347, 589]], '답이 없거등', 0.9866593526260267), ([[375, 1602], [491, 1602], [491, 1643], [375, 1643]], '어때요', 0.9981449700807481), ([[313, 1645], [577, 1645], [577, 1690], [313, 1690]], '내 추리력 절조?', 0.8751807054469997), ([[629, 2180], [713, 2180], [713, 2225], [629, 2225]], '베스튜', 0.14486972531494915), ([[317, 2457], [432, 2457], [432, 2495], [317, 2495]], '딸탕상세', 0.01028248481452465), ([[635.9973506193547, 2134.0843686541934], [726.6794942031671, 2152.0652272494704], [715.0026493806453, 2204.9156313458066], [624.3205057968329, 2186.9347727505296]], '변합없', 0.6005531906752151), ([[623.1514718625762, 2295.060303038033], [722.9137335288796, 2325.986217109335], [705.8485281374238, 2376.939696961967], [606.0862664711204, 2346.013782890665]], '(묘시오:', 0.002731901743449357), ([[613.0446053670523, 2338.076553275724], [727.9127606944661, 2363.980558500954], [713.9553946329477, 2411.923446724276], [600.0872393055339, 2386.019441499046]], '[스토물@', 0.024534141479503314)]
[([[56, 298], [103, 298], [103, 322], [56, 322]], '@', 0.9920297568645573), ([[439, 326], [490, 326], [490, 353], [439, 353]], '-설시', 0.045303172092801776), ([[45, 811], [110, 811], [110, 829], [45, 829]], '[- 이고빛각위', 1.5584499409799456e-05), ([[608, 784], [680, 784], [680, 852], [608, 852]], '변험', 0.19928890187174106), ([[608, 827], [680, 827], [680, 887], [608, 887]], '베시', 0.6465510741186924), ([[165, 1298], [353, 1298], [353, 1424], [165, 1424]], '딸', 0.863919915108454), ([[381, 1967], [512, 1967], [512, 2032], [381, 2032]], '6사', 0.06090887977512914), ([[572, 2177], [681, 2177], [681, 2205], [572, 2205]], '\'  "; 불대다', 0.004089409194316242), ([[77, 2493], [210, 2493], [210, 2537], [77, 2537]], "'", 0.6389301578568762)]
[([[465, 3043], [549, 3043], [549, 3085], [465, 3085]], '하아', 0.9999554932180673), ([[430, 3086], [624, 3086], [624, 3131], [430, 3131]], '오늘도 그냥', 0.4762206534154764), ([[430, 3129], [600, 3129], [600, 3174], [430, 3174]], '자는 건가.', 0.49631329881698527), ([[317, 3368], [428, 3368], [428, 3409], [317, 3409]], '그치만', 0.9999844454497242), ([[219, 3407], [522, 3407], [522, 3452], [219, 3452]], '미안해서 오빠한테', 0.44347310010244445), ([[293, 3450], [448, 3450], [448, 3495], [293, 3495]], '아무 말도', 0.6900212399365114), ([[295, 3489], [454, 3489], [454, 3543], [295, 3543]], '못하켓어.', 0.9792432929711925), ([[603, 4595], [685, 4595], [685, 4670], [603, 4670]], ')@', 0.027275761965874994)]
[([[294, 2579], [411, 2579], [411, 2627], [294, 2627]], '이수애', 0.9875853028723981), ([[300, 2625], [415, 2625], [415, 2670], [300, 2670]], '어떻게', 0.5917935159011707), ([[260, 2664], [459, 2664], [459, 2714], [260, 2714]], '다른 남자와', 0.9953549790105716), ([[196, 2709], [518, 2709], [518, 2754], [196, 2754]], '그런 걸 하는 상상을', 0.24895684342889532), ([[256, 2753], [464, 2753], [464, 2796], [256, 2796]], '할 수가 있어', 0.9411799530225803), ([[141.94880887738566, 470.01175681913895], [583.362717572584, 637.4774586624756], [432.05119112261434, 1010.9882431808611], [-8.362717572583925, 844.5225413375244]], '싸', 0.08930583617004473)]
[([[215, 368], [483, 368], [483, 413], [215, 413]], '상상일 뿐이지만', 0.997121606242896), ([[200, 411], [495, 411], [495, 456], [200, 456]], '그것도 죄악이라면', 0.39428430274498494), ([[274, 454], [432, 454], [432, 499], [274, 499]], '죄약이야.', 0.47221922687063345), ([[274, 1817], [424, 1817], [424, 1862], [274, 1862]], '이래서야', 0.9994725584983826), ([[207, 1860], [487, 1860], [487, 1905], [207, 1905]], '그때 그 여자들과', 0.9680128860032232), ([[227, 1903], [467, 1903], [467, 1948], [227, 1948]], '다름 게 하나도', 0.5885702159090634), ([[289, 1946], [409, 1946], [409, 1991], [289, 1991]], '없잖아', 0.7005650488955949)]
[([[189, 1280], [272, 1280], [272, 1323], [189, 1323]], '아니', 0.9999731104165395), ([[179, 1324], [289, 1324], [289, 1365], [179, 1365]], '그래서', 0.9999759799337707), ([[120, 1366], [353, 1366], [353, 1409], [120, 1409]], '그 택배기사가', 0.9682166341075298), ([[135, 1408], [341, 1408], [341, 1451], [135, 1451]], '이러는 거야.', 0.7169415898546639), ([[519, 1441], [696, 1441], [696, 1697], [519, 1697]], '죽', 0.03783098009080277)]
[([[57, 8], [339, 8], [339, 208], [57, 208]], '애창', 0.00025844408700449446), ([[138, 325], [318, 325], [318, 506], [138, 506]], '@', 0.79841058029848), ([[233, 695], [464, 695], [464, 738], [233, 738]], '그렇게 당하는', 0.6228141003332978), ([[209, 737], [486, 737], [486, 780], [209, 780]], '상상을 하는 것도', 0.49293121517285676), ([[254, 776], [446, 776], [446, 827], [254, 827]], '재미있다구 .', 0.9884316549402224), ([[436, 1383], [511, 1383], [511, 1427], [436, 1427]], '물론', 0.9999904748255235), ([[382, 1425], [563, 1425], [563, 1468], [382, 1468]], '현실에서는', 0.5197757127302302), ([[376, 1466], [569, 1466], [569, 1514], [376, 1514]], '그렇게 해줄', 0.6144941404862325), ([[423, 1512], [538, 1512], [538, 1555], [423, 1555]], '남자가', 0.999961939587016), ([[179, 1638], [336, 1638], [336, 1681], [179, 1681]], '없다는 게', 0.9928251189951534), ([[187, 1680], [333, 1680], [333, 1723], [187, 1723]], '문제지만', 0.6195160701220614), ([[201, 1724], [321, 1724], [321, 1765], [201, 1765]], '말이야:', 0.4891583323478699), ([[463, 1963], [508, 1963], [508, 2058], [463, 2058]], '$', 0.1774588821927523), ([[477, 2066], [529, 2066], [529, 2141], [477, 2141]], '', 0.0)]
[([[177, 552], [262, 552], [262, 595], [177, 595]], '뭐야', 0.3868151015509362), ([[167, 596], [276, 596], [276, 637], [167, 637]], '오늘도', 0.5988398194313049), ([[115, 638], [343, 638], [343, 681], [115, 681]], '안 하는 거야?', 0.8543032823884991), ([[443, 1559], [513, 1559], [513, 1602], [443, 1602]], '그럼', 0.9999408263374898), ([[394, 1603], [558, 1603], [558, 1646], [394, 1646]], '잘 자라구', 0.6388504864278821), ([[423, 1645], [543, 1645], [543, 1688], [423, 1688]], '아줌마 .', 0.9074085001268725), ([[278, 1894], [454, 1894], [454, 1937], [278, 1937]], '녹 화종료', 0.6407944364247677), ([[341, 1982], [428, 1982], [428, 2035], [341, 2035]], '종료', 0.991172838969072), ([[364, 2274], [549, 2274], [549, 2414], [364, 2414]], '혼', 0.01731597353764358)]
[([[454, 2039], [495, 2039], [495, 2085], [454, 2085]], '휴', 0.9639453235766418), ([[398, 2081], [582, 2081], [582, 2129], [398, 2129]], '자야되논데', 0.7322476754706133), ([[387, 2125], [596, 2125], [596, 2170], [387, 2170]], '잠도 안 오고', 0.7330881894569077), ([[390, 2163], [593, 2163], [593, 2214], [390, 2214]], '갈증만 나네', 0.9767730351094396), ([[137, 4586], [288, 4586], [288, 4631], [137, 4631]], '아버님도', 0.9966084361076355), ([[101, 4624], [304, 4624], [304, 4675], [101, 4675]], '주무실 테고', 0.7237038801959901), ([[511, 4749], [617, 4749], [617, 4847], [511, 4847]], '끼', 0.05932839916858357), ([[566, 4835], [672, 4835], [672, 4933], [566, 4933]], '0', 0.8587165431638368)]
[([[599, 4904], [627, 4904], [627, 4955], [599, 4955]], '9', 0.8923829810760289), ([[493.99540215650944, 4736.036089975481], [590.246373975463, 4704.18139645397], [648.0045978434905, 4902.963910024519], [552.753626024537, 4934.81860354603]], '푹', 0.20020447236647332)]
[]
[([[94, 102], [656, 102], [656, 134], [94, 134]], '탑문에 게시된 모든 권렌즈들은 저작권번에 의거 보호받고 있습니다:', 0.205975223007197), ([[148, 160], [602, 160], [602, 192], [148, 192]], '저작권자 또는 (주)탑코미스의 승인 없이 컨렌즈의 일부', 0.3932093777036958), ([[81, 187], [671, 187], [671, 224], [81, 224]], '또는 전부름 복제 전송, 배포 및 기타의 방법으로 저작물올 이용할 경우', 0.5663758215329606), ([[168, 220], [580, 220], [580, 250], [168, 250]], '저작권번에 의해 법적 조치에 처해질 수 있습니다', 0.9150284645795628), ([[351, 309], [485, 309], [485, 345], [351, 345]], '(어감꼬$', 0.0069420150706701505), ([[355, 341], [459, 341], [459, 357], [355, 357]], '꽤', 0.007700867161999414), ([[269, 363], [478, 363], [478, 391], [269, 391]], '"+구:/>{어명+아-< <)가', 2.1614859310191835e-06)]
[]
[([[250, 2707], [338, 2707], [338, 2745], [250, 2745]], '라+ 이!', 0.007452222996561721), ([[356, 2704], [424, 2704], [424, 2745], [356, 2745]], '이올', 0.8342444635430748), ([[219, 2743], [338, 2743], [338, 2784], [219, 2784]], '-어,거 켜복', 0.00015992340070755497), ([[356, 2739], [452, 2739], [452, 2780], [356, 2780]], '타르초', 0.9728553968131757), ([[70, 4019], [219, 4019], [219, 4172], [70, 4172]], '4 .', 0.2828722596168518), ([[156.18683553723193, 2210.0097254562943], [685.9759005766117, 2440.7200859371824], [563.8131644627681, 2695.9902745437057], [34.02409942338832, 2465.2799140628176]], '훈 헬기', 0.0110878124833107)]
[([[483, 2126], [565, 2126], [565, 2167], [483, 2167]], '하아', 0.9999675470808852), ([[470, 2168], [582, 2168], [582, 2211], [470, 2211]], '시원해', 0.9980561389702475), ([[430.13744424563066, 832.0265967792164], [613.9473682347395, 916.7871853708922], [562.8625557543694, 1021.9734032207836], [379.05263176526046, 937.2128146291078]], '걸새', 0.016443293385847584), ([[436.18268291013567, 1085.0238777633201], [617.9732514579831, 1177.1349891954583], [561.8173170898643, 1283.9761222366799], [380.02674854201695, 1191.8650108045417]], '$', 0.047812878524986724)]
[]
[([[381, 139], [581, 139], [581, 341], [381, 341]], '0', 0.04683527935750309), ([[221, 1095], [272, 1095], [272, 1133], [221, 1133]], '아:', 0.4055924188886218), ([[147, 1134], [200, 1134], [200, 1175], [147, 1175]], '아.', 0.6439861021797985), ([[236, 1134], [348, 1134], [348, 1177], [236, 1177]], '아버님', 0.999695590953416)]
[]
[([[164, 258], [249, 258], [249, 299], [164, 299]], '아가.', 0.8095341398933612), ([[145, 300], [301, 300], [301, 341], [145, 341]], '물 마시러', 0.9717400202796282), ([[164, 342], [281, 342], [281, 385], [164, 385]], '나올니', 0.21982961514118976), ([[179, 2077], [222, 2077], [222, 2115], [179, 2115]], '네', 0.9998320411641579), ([[238, 2077], [281, 2077], [281, 2115], [238, 2115]], '네', 0.9994009438546669), ([[154, 2116], [346, 2116], [346, 2160], [154, 2160]], '그만 방으로', 0.679457386161519), ([[141, 2157], [364, 2157], [364, 2205], [141, 2205]], '들어가불게요', 0.6186503775812136), ([[525, 2183], [607, 2183], [607, 2224], [525, 2224]], '아가', 0.9999372017732637), ([[490, 2223], [647, 2223], [647, 2266], [490, 2266]], '잠깐 이리', 0.7981485097338384), ([[488, 2265], [612, 2265], [612, 2310], [488, 2310]], '와 볼래', 0.72561460772196), ([[507, 2309], [634, 2309], [634, 2352], [507, 2352]], '긴히 할', 0.46939392871647057), ([[453, 2351], [684, 2351], [684, 2394], [453, 2394]], '얘기가 있어서', 0.8990566861801893), ([[532, 2395], [610, 2395], [610, 2436], [532, 2436]], '그래', 0.9999924978692074)]
[([[127, 1045], [232, 1045], [232, 1148], [127, 1148]], '65', 0.5898709055673511), ([[325, 2186], [407, 2186], [407, 2224], [325, 2224]], '하아.', 0.9509939560273971), ([[270, 2228], [454, 2228], [454, 2268], [270, 2268]], '조심해야지', 0.9909715849088016), ([[303, 2269], [462, 2269], [462, 2313], [303, 2313]], '둘만 사능', 0.5519886070067952), ([[285, 2311], [476, 2311], [476, 2354], [285, 2354]], '집도 아난데', 0.4685418467495839), ([[245, 2352], [482, 2352], [482, 2400], [245, 2400]], '팬티 바람으로', 0.8934594356695401), ([[219.2185469050425, 1173.2304782391616], [306.3353781192277, 1163.4685829672312], [310.7814530949575, 1224.7695217608384], [222.6646218807723, 1234.5314170327688]], '아', 0.9680856212653453)]
[([[247, 262], [405, 262], [405, 307], [247, 307]], '바보같이', 0.9995772838592529), ([[561, 1502], [653, 1502], [653, 1567], [561, 1567]], '05', 0.20623265679490696), ([[473, 1752], [639, 1752], [639, 1853], [473, 1853]], "'", 0.7721290149682005), ([[223, 3383], [303, 3383], [303, 3428], [223, 3428]], '베일', 0.9284525656161501), ([[118, 3426], [424, 3426], [424, 3471], [118, 3471]], '헤당으로 떨귀농고', 0.7859265814457688), ([[153, 3469], [385, 3469], [385, 3514], [153, 3514]], '빠른 스피드로', 0.6618697960462016), ([[176, 3512], [366, 3512], [366, 3557], [176, 3557]], '앞으로 치고', 0.9629084438177733), ([[196, 3555], [354, 3555], [354, 3600], [196, 3600]], '나갑니다.', 0.8107522092902153), ([[387, 3934], [487, 3934], [487, 3975], [387, 3975]], '반대편', 0.999976048759065), ([[353, 3966], [527, 3966], [527, 4019], [353, 4019]], '호날두 보고', 0.989018189140877), ([[379, 4012], [495, 4012], [495, 4049], [379, 4049]], '크로스~', 0.7737675921882698), ([[348, 4047], [542, 4047], [542, 4088], [348, 4088]], '호날두 수웃~', 0.5372326381621335), ([[332, 4090], [549, 4090], [549, 4128], [332, 4128]], '골 ~ 골입니다~', 0.5959650376574732), ([[309, 4122], [585, 4122], [585, 4163], [309, 4163]], '호날두 호트트럭~!', 0.477611852123226), ([[350, 4618], [466, 4618], [466, 4668], [350, 4668]], '[?:{', 0.0005415697232820094)]
[]
[([[170, 360], [515, 360], [515, 427], [170, 427]], '자기 자신만의', 0.9986592313716026), ([[171, 423], [534, 423], [534, 495], [171, 495]], '축이 필요하다 .', 0.4327682383114615), ([[154, 1054], [242, 1054], [242, 1103], [154, 1103]], '야야,', 0.7591985977125902), ([[88, 1100], [318, 1100], [318, 1143], [88, 1143]], '그래서 토사장', 0.6874577218360621), ([[105, 1142], [311, 1142], [311, 1187], [105, 1187]], '털어먹젯나?', 0.6567144632687537), ([[405, 1992], [638, 1992], [638, 2040], [405, 2040]], '그런 동배당에', 0.9632898264828389), ([[443, 2038], [602, 2038], [602, 2078], [443, 2078]], '걸지 말고', 0.8884075835000362), ([[448, 2082], [600, 2082], [600, 2122], [448, 2122]], '인디아나', 0.9940112233161926), ([[426, 2124], [624, 2124], [624, 2164], [426, 2164]], '역배에 걸어', 0.9942979782367146), ([[189, 2289], [360, 2289], [360, 2332], [189, 2332]], '미처어요?', 0.653690617457703), ([[120, 2331], [434, 2331], [434, 2374], [120, 2374]], '꼴 조지 결장에다가', 0.5714024273416164), ([[126, 2372], [423, 2372], [423, 2420], [126, 2420]], '원정 5연패 중인데', 0.74747950110777), ([[100, 2418], [452, 2418], [452, 2461], [100, 2461]], '원 인디아나에 걸어요', 0.9201896082053265)]
[([[178, 2593], [502, 2593], [502, 2641], [178, 2641]], '이 여자는 절대 소리', 0.665376752236411), ([[205, 2637], [475, 2637], [475, 2685], [205, 2685]], '지르지 않듣다에', 0.37944015628208766), ([[93, 2782], [606, 2782], [606, 2899], [93, 2899]], '근 거 한 장!', 0.2538858922497141), ([[470, 3840], [606, 3840], [606, 3909], [470, 3909]], '계속', 0.9999764821395298)]
[([[94, 102], [656, 102], [656, 134], [94, 134]], '탑문에 게시된 모든 권렌즈들은 저작권번에 의거 보호받고 있습니다:', 0.205975223007197), ([[148, 160], [602, 160], [602, 192], [148, 192]], '저작권자 또는 (주)탑코미스의 승인 없이 컨렌즈의 일부', 0.3932093777036958), ([[81, 187], [671, 187], [671, 224], [81, 224]], '또는 전부름 복제 전송, 배포 및 기타의 방법으로 저작물올 이용할 경우', 0.5663758215329606), ([[168, 220], [580, 220], [580, 250], [168, 250]], '저작권번에 의해 법적 조치에 처해질 수 있습니다', 0.9150284645795628), ([[351, 309], [485, 309], [485, 345], [351, 345]], '(어감꼬$', 0.0069420150706701505), ([[355, 341], [459, 341], [459, 357], [355, 357]], '꽤', 0.007700867161999414), ([[269, 363], [478, 363], [478, 391], [269, 391]], '"+구:/>{어명+아-< <)가', 2.1614859310191835e-06)]
[]
[([[374, 1073], [554, 1073], [554, 1222], [374, 1222]], '이', 0.7333503370569474)]
[([[89, 13], [440, 13], [440, 243], [89, 243]], '훈치', 0.2017752240109589), ([[328, 156], [628, 156], [628, 329], [328, 329]], '퇴기', 0.028219110998450578), ([[248, 443], [338, 443], [338, 479], [248, 479]], '라,+ 켜!', 0.002541538779324366), ([[357, 438], [424, 438], [424, 479], [357, 479]], '이올', 0.8011836723568609), ([[217, 479], [338, 479], [338, 518], [217, 518]], '-기<! 퍽', 0.00026692717139011665), ([[360, 479], [453, 479], [453, 512], [360, 512]], '타르초', 0.9388188841727318), ([[211, 2422], [407, 2422], [407, 2610], [211, 2610]], '44', 0.13139902222622485), ([[230, 2648], [589, 2648], [589, 2951], [230, 2951]], '서9', 0.061503624763874595)]
[([[300, 900], [444, 900], [444, 962], [300, 962]], '하음다', 0.03467847779393196), ([[295, 1060], [540, 1060], [540, 1125], [295, 1125]], '희생정쇠이', 0.4367837664977946), ([[156, 1649], [211, 1649], [211, 1698], [156, 1698]], '의', 0.9999928474554167), ([[299, 1646], [351, 1646], [351, 1701], [299, 1701]], '줄', 0.3968998872299593), ([[42, 1641], [255, 1641], [255, 1753], [42, 1753]], '남울 월의', 0.7346708667576192), ([[295, 1682], [394, 1682], [394, 1746], [295, 1746]], '활요', 0.05580864355866323), ([[305, 1746], [449, 1746], [449, 1791], [305, 1791]], '모르고', 0.9992493578590205), ([[78, 2441], [291, 2441], [291, 2540], [78, 2540]], '(사쾌되에', 0.09871712175811632), ([[333, 2449], [434, 2449], [434, 2511], [333, 2511]], '원으', 0.4176338610576169), ([[320, 2495], [679, 2495], [679, 2595], [320, 2595]], '소랫리출 뜻하는', 0.19496157373683526), ([[337, 2937], [458, 2937], [458, 3023], [337, 3023]], '해자', 0.05082009607729754), ([[89.23611233280234, 785.0208556902826], [336.99217085966103, 885.5318604545095], [287.76388766719765, 995.9791443097174], [40.00782914033895, 895.4681395454905]], '소심함금력 들', 0.0037163005544424105), ([[518.0242857596863, 1096.0477147488002], [704.7134601487797, 1131.623302304022], [683.9757142403137, 1217.9522852511998], [497.28653985122025, 1182.376697695978]], "'강항고", 0.5214574337005615), ([[102.20703499291133, 2861.026228392961], [370.96906573530174, 2937.138916134151], [337.7929650070887, 3035.973771607039], [69.03093426469825, 2958.861083865849]], "착학하다언'", 0.14602367205835276)]
[([[191, 609], [507, 609], [507, 664], [191, 664]], '내 얼굴올 보고도', 0.9818122663812442), ([[152, 656], [562, 656], [562, 711], [152, 711]], '아무 말 못햇다는 것은', 0.3374588531873229), ([[499, 1468], [601, 1468], [601, 1672], [499, 1672]], '꿀', 0.8347623783907956), ([[141, 2352], [549, 2352], [549, 2397], [141, 2397]], '이제 내가 무슨 짓올 해도', 0.6031009058848776), ([[144, 2394], [554, 2394], [554, 2445], [144, 2445]], '다 감수할 거라는 말이다.', 0.3396632789809295)]
[([[114, 378], [349, 378], [349, 554], [114, 554]], '터', 0.2779111023055272), ([[310, 2476], [557, 2476], [557, 2761], [310, 2761]], '읽', 0.11758519810314372)]
[([[83, 0], [363, 0], [363, 37], [83, 37]], '소반산 방신', 0.30052265809366363), ([[381, 0], [439, 0], [439, 40], [381, 40]], '좀', 0.09147254201710453), ([[453, 0], [612, 0], [612, 37], [453, 37]], '뉴-도', 0.5448765689410876), ([[151, 40], [551, 40], [551, 112], [151, 112]], '들어갈 높이니까', 0.5651517233536374), ([[266, 106], [446, 106], [446, 167], [266, 167]], '말이야:', 0.34070703387260437), ([[257, 1617], [457, 1617], [457, 1812], [257, 1812]], '무)', 0.1277357455015497)]
[([[46, 776], [212, 776], [212, 938], [46, 938]], '양?', 0.015731954374401703), ([[56, 1023], [230, 1023], [230, 1123], [56, 1123]], '@옛', 0.014349985719697384), ([[517, 1832], [555, 1832], [555, 1870], [517, 1870]], '8', 0.511952869532152)]
[([[89, 1125], [377, 1125], [377, 1270], [89, 1270]], '비비되', 0.0055059543913576064), ([[197, 1457], [505, 1457], [505, 1654], [197, 1654]], '@과', 0.03513300254778815), ([[142, 1876], [471, 1876], [471, 2095], [142, 2095]], '0.', 0.03154610504873389), ([[282, 2288], [602, 2288], [602, 2504], [282, 2504]], '0', 0.5413116899521953), ([[207.2918428160435, 2796.346766925031], [502.8100591126319, 2721.5589379481994], [530.7081571839565, 2888.653233074969], [235.1899408873681, 2964.4410620518006]], '@', 0.9093088332904564)]
[([[383, 1875], [471, 1875], [471, 1967], [383, 1967]], '4', 0.009057029427778085)]
[([[418, 102], [534, 102], [534, 143], [418, 143]], '자네도', 0.999917065714688), ([[414, 145], [549, 145], [549, 190], [414, 190]], '알켓지?', 0.44169803977409194), ([[149, 364], [311, 364], [311, 409], [149, 409]], '이번 달도', 0.6368766235529453), ([[97, 402], [363, 402], [363, 453], [97, 453]], '보증금에서 까면', 0.6829546974588702), ([[114, 450], [346, 450], [346, 491], [114, 491]], '이제 백만원이', 0.9963634421728693), ([[184, 493], [276, 493], [276, 534], [184, 534]], '안 돼', 0.8196023106575012), ([[122, 1735], [346, 1735], [346, 1780], [122, 1780]], '상관없잖아요', 0.23945556821354755), ([[172, 1778], [303, 1778], [303, 1823], [172, 1823]], '그 돈이', 0.8979031049719447), ([[157, 1821], [323, 1821], [323, 1866], [157, 1866]], '그 돈이지_', 0.6485999480720606), ([[414, 2903], [499, 2903], [499, 2944], [414, 2944]], '아니', 0.9999486655244425), ([[328, 2941], [597, 2941], [597, 2992], [328, 2992]], '나야 상관없지만', 0.7016171724142632), ([[403, 2989], [518, 2989], [518, 3030], [403, 3030]], '자네는', 0.7466419728547058), ([[363, 3027], [558, 3027], [558, 3078], [363, 3078]], '정말 그래도', 0.9994304287045158), ([[399, 3071], [538, 3071], [538, 3116], [399, 3116]], '되(어?', 0.4531018137931824), ([[161, 3786], [311, 3786], [311, 3831], [161, 3831]], '보증금이', 0.8051766753196716), ([[180, 3829], [292, 3829], [292, 3874], [180, 3874]], '없으면', 0.9980435471944418), ([[118, 3872], [350, 3872], [350, 3917], [118, 3917]], '이제 훨세방도', 0.8748659501503843), ([[171, 3913], [312, 3913], [312, 3961], [171, 3961]], '못 구해 ,', 0.9956003241347372), ([[261, 4417], [468, 4417], [468, 4468], [261, 4468]], '남은 돈으로', 0.9815858201304563), ([[262, 4465], [471, 4465], [471, 4510], [262, 4510]], '막 구르다가', 0.9990845342325176), ([[223, 4512], [510, 4512], [510, 4557], [223, 4557]], '그냥 거지새끼만', 0.7683383305774242), ([[187, 4554], [546, 4554], [546, 4605], [187, 4605]], '특실거리논 길바닥에', 0.7798750226786436), ([[257, 4601], [476, 4601], [476, 4652], [257, 4652]], '나앉는 거야', 0.3389962034068038)]
[([[162, 1125], [361, 1125], [361, 1173], [162, 1173]], '자네도 알고', 0.9994799098606612), ([[200, 1167], [337, 1167], [337, 1215], [200, 1215]], '잇켓지?', 0.1777154952287674), ([[152, 1687], [311, 1687], [311, 1732], [152, 1732]], '사람 인생', 0.9955594496053732), ([[135, 1731], [328, 1731], [328, 1774], [135, 1774]], '망가지는 거', 0.7802445564786715), ([[121, 1769], [344, 1769], [344, 1817], [121, 1817]], '한순간이라고', 0.999868451184953), ([[293, 2148], [405, 2148], [405, 2188], [293, 2188]], '특히나', 0.8832858698915734), ([[264, 2186], [428, 2186], [428, 2236], [264, 2236]], '자네 같은', 0.9612711213431957), ([[265, 2234], [427, 2234], [427, 2277], [265, 2277]], '여자 혼자', 0.9997806553586648), ([[260, 2276], [410, 2276], [410, 2319], [260, 2319]], '몸으로는', 0.9708760380744934)]
[([[317, 430], [522, 430], [522, 475], [317, 475]], '사, 상관하지', 0.6251945184250339), ([[364, 473], [479, 473], [479, 514], [364, 514]], '마세요', 0.9997969674911101), ([[431, 2243], [603, 2243], [603, 2439], [431, 2439]], '약', 0.14613503024151342)]
[([[189, 381], [325, 381], [325, 436], [189, 436]], '한 번만 ,', 0.9903052697981696), ([[200, 430], [327, 430], [327, 471], [200, 471]], '한 번만', 0.9253113640598645), ([[121, 468], [410, 468], [410, 519], [121, 519]], '내 말울 들으라구 .', 0.43404327517531566), ([[375, 1965], [510, 1965], [510, 2034], [375, 2034]], '눈 딱', 0.9995704034975231), ([[366, 2034], [489, 2034], [489, 2098], [366, 2098]], '감고', 0.9999962910793456), ([[255, 3892], [466, 3892], [466, 3966], [255, 3966]], '한 번만', 0.7433412526394552), ([[290, 3966], [435, 3966], [435, 4041], [290, 4041]], '대쥐', 0.9780992555628699)]
[([[94, 102], [656, 102], [656, 134], [94, 134]], '탑문에 게시된 모든 권렌즈들은 저작권번에 의거 보호받고 있습니다:', 0.205975223007197), ([[148, 160], [602, 160], [602, 192], [148, 192]], '저작권자 또는 (주)탑코미스의 승인 없이 컨렌즈의 일부', 0.3932093777036958), ([[81, 187], [671, 187], [671, 224], [81, 224]], '또는 전부름 복제 전송, 배포 및 기타의 방법으로 저작물올 이용할 경우', 0.5663758215329606), ([[168, 220], [580, 220], [580, 250], [168, 250]], '저작권번에 의해 법적 조치에 처해질 수 있습니다', 0.9150284645795628), ([[351, 309], [485, 309], [485, 345], [351, 345]], '(어감꼬$', 0.0069420150706701505), ([[355, 341], [459, 341], [459, 357], [355, 357]], '꽤', 0.007700867161999414), ([[269, 363], [478, 363], [478, 391], [269, 391]], '"+구:/>{어명+아-< <)가', 2.1614859310191835e-06)]
[([[288, 1356], [365, 1356], [365, 1399], [288, 1399]], '정말', 0.9999958696113443), ([[210, 1397], [443, 1397], [443, 1445], [210, 1445]], '저 밑바닥까지', 0.9962108378299135), ([[195, 1439], [475, 1439], [475, 1487], [195, 1487]], '떨어질 거야 응?', 0.9948412929802526), ([[140, 2521], [323, 2521], [323, 2685], [140, 2685]], '야', 0.3227082589568262), ([[422, 2653], [626, 2653], [626, 2857], [422, 2857]], '@', 0.9156276105707128)]
[([[192, 387], [323, 387], [323, 428], [192, 428]], '한 번만', 0.9974500754834994), ([[200, 430], [327, 430], [327, 471], [200, 471]], '한 번만', 0.9787001755614548), ([[121, 468], [410, 468], [410, 519], [121, 519]], '내 말을 들으라구 .', 0.3417822956730606), ([[381, 1967], [512, 1967], [512, 2032], [381, 2032]], '눈 딱', 0.9981759786605835), ([[366, 2034], [489, 2034], [489, 2098], [366, 2098]], '감고', 0.99999527955623), ([[255, 3892], [466, 3892], [466, 3966], [255, 3966]], '한 번만', 0.7156656371377739), ([[290, 3966], [431, 3966], [431, 4041], [290, 4041]], '대쥐', 0.9598740747802084)]
[([[457, 184], [645, 184], [645, 313], [457, 313]], '[굶대;', 0.01397203840315342), ([[127, 713], [300, 713], [300, 824], [127, 824]], '[다', 0.03277399555678699), ([[356, 2403], [471, 2403], [471, 2448], [356, 2448]], '영감님', 0.7919018424048083), ([[300, 2443], [540, 2443], [540, 2495], [300, 2495]], '이러지 마세요', 0.8463881320426775), ([[184, 3204], [299, 3204], [299, 3249], [184, 3249]], '자네는', 0.580777294062295), ([[121, 3246], [363, 3246], [363, 3296], [121, 3296]], '그냥 아무 말도', 0.997275495001716), ([[160, 3288], [324, 3288], [324, 3336], [160, 3336]], '하지 말고', 0.9921362382079875), ([[140, 3331], [343, 3331], [343, 3379], [140, 3379]], '가만히 있어', 0.8741198695516295), ([[481, 3520], [561, 3520], [561, 3561], [481, 3561]], '내가', 0.999933324336724), ([[438, 3563], [596, 3563], [596, 3608], [438, 3608]], '다 알아서', 0.7219613832917747), ([[433, 3601], [597, 3601], [597, 3652], [433, 3652]], '할 테니까', 0.9327758262352263), ([[497, 3649], [557, 3649], [557, 3694], [497, 3694]], '응?', 0.9990100298197254), ([[484, 3821], [586, 3821], [586, 3889], [484, 3889]], '[%', 0.004457771883839669), ([[493, 4422], [600, 4422], [600, 4463], [493, 4463]], '도대체', 0.999171662073812), ([[493, 4465], [573, 4465], [573, 4510], [493, 4510]], '무슨', 0.9998948873779264)]
[]
[([[454, 157], [530, 157], [530, 198], [454, 198]], '오오', 0.48584987674098395), ([[450, 200], [534, 200], [534, 241], [450, 241]], '자네', 0.9999063509870175), ([[437, 238], [597, 238], [597, 289], [437, 289]], '금방 젖어', 0.9996954315602199), ([[437, 281], [589, 281], [589, 332], [437, 332]], '드는구만', 0.9868809580802917), ([[372, 1692], [452, 1692], [452, 1737], [372, 1737]], '옮지_', 0.3737192621512643), ([[317, 1735], [514, 1735], [514, 1780], [317, 1780]], '그대로 가만', 0.9975500991707271), ([[364, 1778], [444, 1778], [444, 1823], [364, 1823]], '핑게', 0.14757705532531903), ([[472, 2058], [570, 2058], [570, 2172], [472, 2172]], '@', 0.9989839990022666), ([[352, 4399], [444, 4399], [444, 4444], [352, 4444]], '하아 .', 0.5464731454849243), ([[257, 4441], [562, 4441], [562, 4492], [257, 4492]], '나같은 늙은이에게', 0.5873035209491714), ([[273, 4484], [539, 4484], [539, 4535], [273, 4535]], '이리 반응해주니', 0.9940905204722149), ([[309, 4528], [510, 4528], [510, 4573], [309, 4573]], '너무 고맙네', 0.9761730591706814), ([[367, 4824], [655, 4824], [655, 5000], [367, 5000]], '4켜 _', 0.016321802084504865)]
[([[432, 178], [579, 178], [579, 325], [432, 325]], '#', 0.3037879652952711), ([[451, 1322], [533, 1322], [533, 1365], [451, 1365]], '가만', 0.9999667884449074), ([[127, 1931], [210, 1931], [210, 1972], [127, 1972]], '가만 .', 0.9973990321159363), ([[552, 2433], [617, 2433], [617, 2517], [552, 2517]], '(별', 0.06138754442283601), ([[87.3723093847673, 2258.0197192178002], [256.8458164168454, 2363.250743276195], [209.6276906152327, 2436.9802807821998], [40.15418358315458, 2331.749256723805]], '~ ( );', 0.02644854893303743), ([[570.1777649698103, 2522.0376381709325], [635.7477287366186, 2511.429703226261], [653.8222350301897, 2648.9623618290675], [588.2522712633814, 2659.570296773739]], '굶', 0.030007257012521826)]
[([[187, 1887], [262, 1887], [262, 1930], [187, 1930]], '그럼', 0.8072252389450781), ([[496.2454602204402, 2099.0219157915717], [659.9581834917892, 2204.95813600066], [598.7545397795598, 2296.9780842084283], [435.04181650821073, 2191.04186399934]], ' @느', 0.3017725646495819)]
[([[396, 1845], [439, 1845], [439, 1877], [396, 1877]], '아', 0.9990353527587246), ([[339, 1874], [515, 1874], [515, 1925], [339, 1925]], '꽉 창구만 .', 0.749606822701864), ([[215, 3567], [299, 3567], [299, 3612], [215, 3612]], '아차', 0.9995843730825451), ([[289, 3716], [528, 3716], [528, 3776], [289, 3776]], '말하지 말맞지', 0.32342226739826524), ([[309, 3770], [397, 3770], [397, 3811], [309, 3811]], '미안.', 0.9529879961477635), ([[434, 3770], [518, 3770], [518, 3811], [434, 3811]], '미안', 0.9995600152570207)]
[([[473, 394], [661, 394], [661, 594], [473, 594]], '2', 0.05200283730514266), ([[471, 609], [678, 609], [678, 841], [471, 841]], '매', 0.023639219025036518), ([[19, 2322], [165, 2322], [165, 2443], [19, 2443]], '@표', 0.05847066684774726), ([[561, 2458], [685, 2458], [685, 2542], [561, 2542]], '@', 0.2942388873265287), ([[495, 2576], [619, 2576], [619, 2709], [495, 2709]], '조0', 0.014553054436456795), ([[52.7426694080676, 2222.32507598743], [169.20891200093013, 2202.955258999244], [176.2573305919324, 2271.67492401257], [60.79108799906987, 2291.044741000756]], '@}', 0.25695061352958254)]
[([[138, 1376], [216, 1376], [216, 1470], [138, 1470]], '87', 0.12326392377686443), ([[179, 1460], [261, 1460], [261, 1515], [179, 1515]], '0', 0.5399610577472949), ([[516, 2203], [651, 2203], [651, 2292], [516, 2292]], '@0', 0.0197090086390325), ([[629, 2258], [670, 2258], [670, 2295], [629, 2295]], '임', 0.09139399685422234), ([[614, 2836], [655, 2836], [655, 2874], [614, 2874]], '망', 0.22591908405377925), ([[326, 4474], [459, 4474], [459, 4552], [326, 4552]], '@}_', 0.048410396968889206), ([[454, 4930], [569, 4930], [569, 4971], [454, 4971]], '이러고', 0.999783992767334), ([[443, 4974], [587, 4974], [587, 4998], [443, 4998]], '이 어 | 끼', 0.7279841831130541)]
[([[278, 463], [434, 463], [434, 506], [278, 506]], '꼭 자네틀', 0.8849323920021229), ([[206, 505], [506, 505], [506, 550], [206, 550]], '들이려고 보증금도', 0.6703692520492004), ([[300, 549], [410, 549], [410, 592], [300, 592]], '일부러', 0.9998223634586303), ([[258, 591], [462, 591], [462, 634], [258, 634]], '깎아준 거야.', 0.7433005245080394)]
[([[230, 1578], [464, 1578], [464, 1629], [230, 1629]], '그러니 그동안', 0.9986211091392642), ([[289, 1622], [401, 1622], [401, 1667], [289, 1667]], '자네틀', 0.3824188601501584), ([[238, 1663], [468, 1663], [468, 1711], [238, 1711]], '쭉 지켜보면서', 0.9103840439804218), ([[191, 2308], [293, 2308], [293, 2359], [191, 2359]], "'@-:", 0.02238299325108528), ([[116.96279182854737, 3812.0716439653725], [652.5472085423469, 3768.2762929317973], [652.0372081714527, 4011.9283560346275], [117.45279145765316, 4055.7237070682027]], '@[', 0.12842908528523533)]
[([[243, 496], [501, 496], [501, 612], [243, 612]], '[서', 0.09966406920187752), ([[236, 1904], [434, 1904], [434, 1945], [236, 1945]], '내가 얼마나', 0.9432163883707707), ([[243, 1946], [410, 1946], [410, 1989], [243, 1989]], '이 순간을', 0.8276537023409687)]
[([[219, 754], [436, 754], [436, 799], [219, 799]], '기다려 올듣지', 0.40502375395240336), ([[253, 792], [421, 792], [421, 843], [253, 843]], '알컷는가?', 0.21613550926952868), ([[535, 3437], [625, 3437], [625, 3488], [535, 3488]], '흐움!', 0.7534629012092753), ([[204, 4672], [292, 4672], [292, 4717], [204, 4717]], '제발', 0.9998905885344416), ([[236.97159259195385, 2439.0165296097643], [473.6381272894265, 2398.19137720063], [532.0284074080462, 2813.9834703902357], [295.3618727105735, 2854.80862279937]], '품', 0.551766535208472)]
[([[172, 3012], [292, 3012], [292, 3057], [172, 3057]], '이년이_', 0.548381507396698), ([[254, 4602], [549, 4602], [549, 4690], [254, 4690]], '죽고 싶어', 0.9980099190343313), ([[258, 4684], [577, 4684], [577, 4768], [258, 4768]], '환장햇나?', 0.8818411824729507)]
[([[94, 102], [656, 102], [656, 134], [94, 134]], '탑문에 게시된 모든 권렌즈들은 저작권번에 의거 보호받고 있습니다:', 0.205975223007197), ([[148, 160], [602, 160], [602, 192], [148, 192]], '저작권자 또는 (주)탑코미스의 승인 없이 컨렌즈의 일부', 0.3932093777036958), ([[81, 187], [671, 187], [671, 224], [81, 224]], '또는 전부름 복제 전송, 배포 및 기타의 방법으로 저작물올 이용할 경우', 0.5663758215329606), ([[168, 220], [580, 220], [580, 250], [168, 250]], '저작권번에 의해 법적 조치에 처해질 수 있습니다', 0.9150284645795628), ([[351, 309], [485, 309], [485, 345], [351, 345]], '(어감꼬$', 0.0069420150706701505), ([[355, 341], [459, 341], [459, 357], [355, 357]], '꽤', 0.007700867161999414), ([[269, 363], [478, 363], [478, 391], [269, 391]], '"+구:/>{어명+아-< <)가', 2.1614859310191835e-06)]
