1627814
267
[([[8.310352683775502, 175.97931741539796], [389.4965892183228, 122.03217728712104], [398.6896473162245, 197.02068258460204], [17.503410781677168, 251.96782271287896]], '오로이이 끄너', 0.05921016426201702)]
[([[425, 271], [493, 271], [493, 339], [425, 339]], '예', 0.4241649989312499), ([[135.03473966853008, 118.303473966853], [354.2609903369994, 66.8695048315003], [366.96526033146995, 118.696526033147], [147.7390096630006, 170.1304951684997]], '(선비의(집-서', 0.07579859716416028), ([[110.56239843019817, 168.34359764529725], [419.2696781153794, 98.66057189046177], [430.4376015698018, 166.65640235470275], [121.73032188462062, 235.33942810953823]], '[이서@올숨', 0.1557604474927902), ([[6.869504831500294, 144.7390096630006], [147.84674185261912, 118.15089494702575], [156.1304951684997, 177.2609903369994], [16.15325814738088, 204.84910505297427]], '사입하은', 0.01687868870794773), ([[143.97218071501274, 328.37774457201016], [428.16134031974207, 275.2062519607449], [440.0278192849873, 347.62225542798984], [155.8386596802579, 401.7937480392551]], '{일어나지 입올늄', 0.15299655679373855), ([[21.5275098489236, 352.3462844712326], [167.3116298089516, 328.7521366693815], [175.4724901510764, 404.6537155287674], [28.68837019104839, 428.2478633306185]], '이무일이 ', 0.09148780948953372)]
[([[139.42507074287457, 198.85504244572473], [527.2299998154, 123.15200007696], [540.5749292571254, 203.14495755427527], [153.7700001846, 278.84799992304]], '선문-아-신버-?', 0.0008241946716031801), ([[27.867394378280935, 222.25631695095183], [154.0213522841981, 203.36967033814304], [161.13260562171905, 280.7436830490482], [33.97864771580191, 299.63032966185693]], '이로', 0.34913426205646875)]
[([[1561, 443], [1965, 443], [1965, 527], [1561, 527]], '오늘부터 대학의', 0.7134176700013268), ([[1537, 563], [1995, 563], [1995, 649], [1537, 649]], '여름방학에 들어간', 0.9973348481410543), ([[1485, 683], [2045, 683], [2045, 769], [1485, 769]], '나와 선배는 그 축하 경', 0.4981365588297502), ([[1511, 804], [2019, 804], [2019, 892], [1511, 892]], '뒤풀이라고 칭하면서', 0.957509130665158), ([[421, 889], [821, 889], [821, 977], [421, 977]], '그렇다 하더라도', 0.38289974536282856), ([[1599, 925], [1947, 925], [1947, 1011], [1599, 1011]], '선배의 집에서', 0.6778211477465477), ([[517, 1017], [743, 1017], [743, 1105], [517, 1105]], '참가자는', 0.7990500926971436), ([[1517, 1047], [2049, 1047], [2049, 1133], [1517, 1133]], '술자리물 열계 되없다', 0.30469902602481946), ([[423, 1143], [833, 1143], [833, 1233], [423, 1233]], '나와 리이사 선배', 0.9224079401835394), ([[491, 1273], [765, 1273], [765, 1361], [491, 1361]], '두명분인데', 0.9425584648148345)]
[([[975, 343], [1193, 343], [1193, 435], [975, 435]], '의외라니', 0.9998006224632263), ([[932, 474], [1239, 474], [1239, 571], [932, 571]], '뛰야 내 방은', 0.9311599172097069), ([[927, 615], [1245, 615], [1245, 705], [927, 705]], '더러움거라고', 0.811593400791366), ([[915, 748], [1237, 748], [1237, 839], [915, 839]], '생각한 거야?', 0.979378766719356), ([[2175, 755], [2263, 755], [2263, 822], [2175, 822]], '실레', 0.9730982669889758), ([[2121, 849], [2317, 849], [2317, 915], [2121, 915]], '하켓습니다', 0.785527245981182), ([[1914, 1108], [2066, 1108], [2066, 1184], [1914, 1184]], '의외로', 0.9999876114175069), ([[1821, 1231], [2179, 1231], [2179, 1317], [1821, 1317]], '정리되어 있네요', 0.4659725379093315)]
[([[961, 321], [1331, 321], [1331, 387], [961, 387]], '선배는 조금 작으면서', 0.7748404188245998), ([[1085, 421], [1209, 421], [1209, 483], [1085, 483]], '성격은', 0.9724938244691838), ([[967, 517], [1325, 517], [1325, 585], [967, 585]], '시원시원하다고 활까', 0.9730953179818151), ([[1023, 615], [1267, 615], [1267, 681], [1023, 681]], '남녀 관계없이', 0.9994973886542855), ([[1037, 715], [1255, 715], [1255, 779], [1037, 779]], '접활 수 빗는', 0.3457657206565395), ([[917, 811], [1375, 811], [1375, 879], [917, 879]], '친근한 성격올 가지고 있다', 0.9196437323264002), ([[388, 910], [616, 910], [616, 986], [388, 986]], '그래서인지', 0.9898519329086044), ([[310, 1024], [691, 1024], [691, 1100], [310, 1100]], '나도 선배에 대해서', 0.812051398046221), ([[338, 1140], [662, 1140], [662, 1216], [338, 1216]], '동급생 친구처럼', 0.9867271254498231), ([[304, 1258], [694, 1258], [694, 1334], [304, 1334]], '대하는 구석이 있다', 0.506070723086184), ([[1885.0607740540433, 1337.0442049728592], [2016.7553613825028, 1381.8016087025346], [1986.9392259459567, 1462.9557950271408], [1855.2446386174972, 1418.1983912974654]], '그늘', 0.022657030418095)]
[([[574, 634], [746, 634], [746, 706], [574, 706]], '남자라도', 0.9988762736320496), ([[502, 737], [816, 737], [816, 809], [502, 809]], '머리가 긴 사람은', 0.9082430767978419), ([[1996, 704], [2218, 704], [2218, 780], [1996, 780]], '이래 뵈도', 0.6594656915053406), ([[574, 842], [758, 842], [758, 914], [574, 914]], '꽤 있어요', 0.9980688719142969), ([[1958, 820], [2282, 820], [2282, 900], [1958, 900]], '여자관 말이야', 0.6057561861957537), ([[548, 946], [772, 946], [772, 1018], [548, 1018]], '예틀 들어서', 0.6656940278883192), ([[1886, 938], [2348, 938], [2348, 1016], [1886, 1016]], '뵈보 머리도 길잖아?', 0.3864429770419866), ([[430, 1048], [902, 1048], [902, 1122], [430, 1122]], '시공 관계의 아저씨라듣가', 0.5871531757480791)]
[([[667, 551], [807, 551], [807, 635], [667, 635]], '에옛?', 0.2457378039725318), ([[555, 679], [907, 679], [907, 770], [555, 770]], '어디에 있나요?', 0.5878583899177973), ([[1932, 790], [2162, 790], [2162, 866], [1932, 866]], '아저씨같이', 0.6991478363418143), ([[1884, 906], [2236, 906], [2236, 984], [1884, 984]], '취급하지 말라고', 0.7438208265071995), ([[1848, 1023], [2251, 1023], [2251, 1103], [1848, 1103]], '화화 가슴도 잇잡아', 0.20342803323956732), ([[1980, 1142], [2140, 1142], [2140, 1218], [1980, 1218]], '가슴이', 0.9988293698212055), ([[1857, 1356], [2006, 1356], [2006, 1459], [1857, 1459]], "'갈", 0.0036883454313601494)]
[([[648, 476], [844, 476], [844, 578], [648, 578]], '아하하', 0.9993893361877697), ([[617, 631], [863, 631], [863, 731], [617, 731]], '죄송해요', 0.9988889098167419), ([[1882, 832], [2252, 832], [2252, 906], [1882, 906]], '너 내 가슴이 작다고', 0.9968596277680823), ([[1880, 934], [2270, 934], [2270, 1006], [1880, 1006]], '바보 취급 하는 거지', 0.4255970861642486), ([[1982, 1036], [2146, 1036], [2146, 1110], [1982, 1110]], '정말이지', 0.980299711227417), ([[1918, 1138], [2234, 1138], [2234, 1212], [1918, 1212]], '실려되는 후배네:', 0.41251913720970246), ([[1854, 1356], [2006, 1356], [2006, 1455], [1854, 1455]], '@', 0.033098575717011025)]
[([[807, 673], [924, 673], [924, 760], [807, 760]], '아직', 0.999839845732184), ([[643, 795], [1089, 795], [1089, 881], [643, 881]], '해가 떠 있는 마당에', 0.7055002768225604), ([[1970, 792], [2240, 792], [2240, 866], [1970, 866]], '자아 마시자고', 0.8731352170277534), ([[715, 919], [1033, 919], [1033, 1003], [715, 1003]], '술올 마시다니', 0.4388276411641816), ([[1922, 898], [2268, 898], [2268, 974], [1922, 974]], '오늘은 잔뜩 마서도', 0.47358104664412926), ([[1942, 1006], [2270, 1006], [2270, 1082], [1942, 1082]], '내일은 휴일이나까', 0.597503332974995), ([[127, 1069], [373, 1069], [373, 1133], [127, 1133]], '계절은 여름', 0.6702341736619051), ([[637, 1038], [1113, 1038], [1113, 1123], [637, 1123]], '원가 배덕감이 드네요', 0.8533992158446714), ([[143, 1173], [359, 1173], [359, 1237], [143, 1237]], '17시 해가', 0.9666656745877321), ([[121, 1275], [379, 1275], [379, 1341], [121, 1341]], '이제 막 지려', 0.6206031064263051), ([[151, 1379], [358, 1379], [358, 1446], [151, 1446]], '하고 있다', 0.9938557777303855)]
[([[1136, 404], [1246, 404], [1246, 480], [1136, 480]], '네에', 0.9941505733217244), ([[2043, 535], [2294, 535], [2294, 615], [2043, 615]], '그렇긴 하네', 0.9344405251013276), ([[2090, 646], [2236, 646], [2236, 718], [2090, 718]], '그보다', 0.9973302544158117), ([[2032, 752], [2308, 752], [2308, 828], [2032, 828]], '캠은 들없어?', 0.6325082485357968), ([[410, 938], [552, 938], [552, 1016], [410, 1016]], '그러면', 0.6786103844642639), ([[347, 1051], [619, 1051], [619, 1135], [347, 1135]], '여름방학까지', 0.44787307807185667), ([[295, 1165], [683, 1165], [683, 1251], [295, 1251]], '열심히 한 포상으로', 0.9398139882010008), ([[1885.0864055220115, 1336.041820189925], [2017.7926041950711, 1382.9739439596406], [1985.9135944779885, 1464.958179810075], [1853.2073958049289, 1417.0260560403594]], '어늘', 0.020029592807957564)]
[([[943, 469], [1271, 469], [1271, 649], [943, 649]], '건-배', 0.998617148258717), ([[1880.0387787751367, 1332.0420780365585], [2022.6591598885975, 1377.282959244083], [1990.9612212248633, 1467.9579219634415], [1848.3408401114025, 1421.717040755917]], '6', 0.28126742363328106)]
[([[2128, 628], [2230, 628], [2230, 704], [2128, 704]], '후하', 0.9994897240986054), ([[2049, 751], [2331, 751], [2331, 837], [2049, 837]], '술이 맛있네:', 0.1316122643485588), ([[371, 1007], [459, 1007], [459, 1073], [371, 1073]], '선배', 0.9995767032986624), ([[264, 1112], [580, 1112], [580, 1184], [264, 1184]], '아저씨 갈은데요?', 0.4864421815782898)]
[([[2064, 516], [2264, 516], [2264, 596], [2064, 596]], '시끄러워', 0.956906259059906), ([[2078, 642], [2236, 642], [2236, 722], [2078, 722]], '팔팔한', 0.5546098798775301), ([[2038, 768], [2290, 768], [2290, 842], [2038, 842]], ')라고 )', 0.048138576899092345), ([[315, 933], [489, 933], [489, 997], [315, 997]], '팔팔  "', 0.22324108411157464), ([[244, 1040], [562, 1040], [562, 1114], [244, 1114]], '그건 사어잡아요', 0.5162887099537673), ([[1883.063244397113, 1333.039959446222], [2022.7380576620235, 1383.6137649639948], [1988.936755602887, 1471.960040553778], [1848.2619423379765, 1422.3862350360052]], '양"', 0.005994582793868174)]
[([[1892, 727], [2298, 727], [2298, 806], [1892, 806]], '시끄러워 시끄러워', 0.9543145024240326), ([[481, 871], [797, 871], [797, 939], [481, 939]], '제가 하는 건가요?', 0.7856076163926906), ([[1964, 850], [2228, 850], [2228, 928], [1964, 928]], '어이 후배군', 0.9423330526501245), ([[581, 975], [699, 975], [699, 1035], [581, 1035]], "으'음", 0.3958436667852376), ([[2012, 972], [2166, 972], [2166, 1048], [2012, 1048]], '빌려온', 0.9741997425342697), ([[533, 1075], [749, 1075], [749, 1139], [533, 1139]], '어떤건가요?', 0.9993343317936224), ([[1940, 1091], [2253, 1091], [2253, 1169], [1940, 1169]], '영화 세팅해화', 0.7500362731048498)]
[([[723, 497], [1047, 497], [1047, 587], [723, 587]], '아-이건가요', 0.9932074645974944), ([[1983, 631], [2289, 631], [2289, 697], [1983, 697]], '거기 그 쪽에 있는', 0.5625144665020907), ([[740, 654], [1030, 654], [1030, 744], [740, 744]], '알려습니다', 0.1158684251441886), ([[2055, 733], [2215, 733], [2215, 795], [2055, 795]], '게임기로', 0.999276340007782), ([[1975, 829], [2311, 829], [2311, 895], [1975, 895]], '재생활 수 있으니까', 0.5380468598685053), ([[313, 987], [395, 987], [395, 1047], [313, 1047]], '헌데', 0.7480357215994929), ([[237, 1091], [467, 1091], [467, 1151], [237, 1151]], '선배가 호러지', 0.46423555141848344), ([[189, 1191], [527, 1191], [527, 1257], [189, 1257]], '좋아하다니 의외네요', 0.9212297502976825), ([[1889.1086320966535, 1328.0361747888392], [2023.830460346305, 1385.076168227959], [1984.8913679033465, 1472.9638252111608], [1850.169539653695, 1415.923831772041]], '"', 0.565479846922333)]
[([[1236, 450], [1432, 450], [1432, 522], [1236, 522]], '못보는 건', 0.9184196962500505), ([[1244, 568], [1438, 568], [1438, 636], [1244, 636]], '아신데?', 0.35609960556030273), ([[968, 676], [1042, 676], [1042, 728], [968, 728]], '그냥', 0.9996655389947069), ([[2128, 664], [2290, 664], [2290, 738], [2128, 738]], '뭐활까', 0.7402374471066768), ([[877, 760], [1095, 760], [1095, 822], [877, 822]], '호러지 고른 건', 0.4641152512075325), ([[2042, 784], [2374, 784], [2374, 860], [2042, 860]], '선배는 이런 걸', 0.48237571093496373), ([[853, 853], [1121, 853], [1121, 913], [853, 913]], '그쪽이 자연스럽게', 0.7122800938594637), ([[2098, 902], [2320, 902], [2320, 978], [2098, 978]], '못 본다고', 0.8926289658055158), ([[853, 941], [1133, 941], [1133, 1001], [853, 1001]], '꺼안을 수 있으니까', 0.576109952176924), ([[2065, 1019], [2369, 1019], [2369, 1097], [2065, 1097]], '생각햇없어요', 0.4291829425320262), ([[326, 1066], [464, 1066], [464, 1138], [326, 1138]], '뭐라고', 0.9228333153951637), ([[250, 1184], [556, 1184], [556, 1262], [250, 1262]], '말씀 하져나요?', 0.294643221541114), ([[1885.0275986508948, 1328.0394634060065], [2024.650555913782, 1379.125187501794], [1987.9724013491052, 1474.9605365939935], [1847.349444086218, 1422.874812498206]], '0"', 0.14489578701872802)]
[([[768, 410], [918, 410], [918, 466], [768, 466]], '정말이지', 0.9996445178985596), ([[672, 498], [1024, 498], [1024, 554], [672, 554]], '자아 이쪽으로 오라고', 0.9883761914541896), ([[128, 545], [265, 545], [265, 625], [128, 625]], '네에?', 0.9846969397276144), ([[685, 585], [999, 585], [999, 645], [685, 645]], '옆에 늘어서 있는게', 0.6856693913666544), ([[768, 676], [916, 676], [916, 730], [768, 730]], '텔레비전', 0.9996213912963867), ([[714, 764], [984, 764], [984, 820], [714, 820]], '보기에 편하장아', 0.6527220165298372)]
[([[934, 411], [1205, 411], [1205, 504], [934, 504]], '후오아아앗', 0.48890778190945416), ([[2164, 662], [2280, 662], [2280, 718], [2164, 718]], '둘이서', 0.911919437523355), ([[2099, 757], [2345, 757], [2345, 819], [2099, 819]], '새 괜음 따고서', 0.5502720628201888), ([[287, 845], [525, 845], [525, 905], [287, 905]], '이따금 선배는', 0.8677199635972358), ([[2111, 855], [2347, 855], [2347, 917], [2111, 917]], '영화소 좀격다', 0.19574335726271214), ([[287, 937], [525, 937], [525, 997], [287, 997]], '이상한 기성올', 0.6050909072308686), ([[263, 1027], [544, 1027], [544, 1090], [263, 1090]], '지르고 있없지만', 0.474486083916252), ([[281, 1121], [531, 1121], [531, 1181], [281, 1181]], '영화에 푹 빠져', 0.9672676507408933), ([[287, 1213], [539, 1213], [539, 1273], [287, 1273]], '잇는 것 같앉다', 0.38083967491286197)]
[([[2130, 516], [2318, 516], [2318, 588], [2130, 588]], '정말이지', 0.9993568062782288), ([[806, 636], [1006, 636], [1006, 712], [806, 712]], '으응 설마', 0.9981502442214633), ([[2130, 620], [2318, 620], [2318, 692], [2130, 692]], '충격적인', 0.9995889663696289), ([[2116, 726], [2352, 726], [2352, 798], [2116, 798]], '걸말이네요', 0.8549960982980398), ([[744, 760], [1066, 760], [1066, 838], [744, 838]], '건물올 폭파해서', 0.5730537081720289), ([[722, 884], [1108, 884], [1108, 964], [722, 964]], '유형올 이길 줄이야', 0.4368414827757123)]
[([[762, 406], [956, 406], [956, 480], [762, 480]], '어떠려나', 0.9724039435386658), ([[668, 516], [1032, 516], [1032, 590], [668, 590]], '지박령이엿으니까', 0.5008381133659503), ([[728, 625], [970, 625], [970, 703], [728, 703]], '그 씌어있년', 0.08250616335855677), ([[2122, 646], [2296, 646], [2296, 720], [2122, 720]], '유령한데', 0.23058176040649414), ([[640, 738], [1058, 738], [1058, 812], [640, 812]], '건물자체가 본체없다', 0.6249368583787027), ([[2064, 756], [2370, 756], [2370, 828], [2064, 828]], '폭발이 통쾌네요', 0.42396494742037527), ([[680, 848], [1036, 848], [1036, 922], [680, 922]], '이런게 아날까나?', 0.5890661590396242), ([[212, 1036], [466, 1036], [466, 1136], [212, 1136]], '아-과연-', 0.9980251459736331)]
[([[842, 550], [1004, 550], [1004, 624], [842, 624]], '우우-옷', 0.9955681310520647), ([[752, 676], [998, 676], [998, 750], [752, 750]], '재미있없어-', 0.5525110115839386), ([[838, 802], [1028, 802], [1028, 878], [838, 878]], '아아아/', 0.29839515686035156), ([[257, 913], [373, 913], [373, 973], [257, 973]], '갑자기', 0.99918411811953), ([[171, 1009], [477, 1009], [477, 1071], [171, 1071]], '큰소리롬 내시다니', 0.23830742277115557), ([[169, 1109], [459, 1109], [459, 1169], [169, 1169]], '왜 왜 그러신가요', 0.8787990843162831), ([[271, 1206], [378, 1206], [378, 1267], [271, 1267]], '선배?', 0.9995577403424402), ([[1966.8614143140423, 833.2911446203851], [2023.8903709999388, 872.93517682018], [1928.1385856859577, 1003.7088553796149], [1871.1096290000612, 963.06482317982]], '}', 0.4772337253304073)]
[([[787, 649], [1093, 649], [1093, 717], [787, 717]], '""".영화어 빠져서', 0.11433537334546644), ([[841, 761], [1017, 761], [1017, 825], [841, 825]], '겨안눈 결', 0.1525599115865858), ([[842, 866], [1038, 866], [1038, 938], [842, 938]], '잊어버럿어', 0.6913484470528632), ([[302, 1058], [482, 1058], [482, 1132], [302, 1132]], '겨안다니?', 0.9475840803480805)]
[([[791, 461], [1007, 461], [1007, 525], [791, 525]], '아   아-', 0.3311098574375958), ([[738, 578], [1056, 578], [1056, 652], [738, 652]], '아-술이 모훈라', 0.17876226602691048)]
[([[775, 537], [971, 537], [971, 605], [775, 605]], '어이 어이', 0.9893217319274001), ([[756, 652], [1016, 652], [1016, 724], [756, 724]], '선배의 명령', 0.9325267183011928), ([[705, 771], [1067, 771], [1067, 839], [705, 839]], '나가서 술올 사와', 0.6513126278483682)]
[([[481, 303], [603, 303], [603, 393], [481, 393]], '으응', 0.99618337938845), ([[1037, 369], [1165, 369], [1165, 459], [1037, 459]], '잔뜩', 0.9413830456064245), ([[790, 584], [912, 584], [912, 680], [790, 680]], '잔뜩', 0.9988546408679907), ([[2063, 729], [2281, 729], [2281, 793], [2063, 793]], '알컷습니다.', 0.346051706604971), ([[2069, 831], [2255, 831], [2255, 891], [2069, 891]], '어느 정도', 0.9997088645484092), ([[2031, 935], [2313, 935], [2313, 997], [2031, 997]], '사 오면 월까요', 0.3642830669983635)]
[([[765, 288], [1035, 288], [1035, 348], [765, 348]], '네년 알깊습니다', 0.1121305495264503), ([[834, 384], [952, 384], [952, 438], [834, 438]], '그보다', 0.9993507971528058), ([[723, 473], [1063, 473], [1063, 533], [723, 533]], '오늘은 더치페이라고', 0.6196841441687152), ([[759, 563], [1029, 563], [1029, 623], [759, 623]], '이야기 햇으니까', 0.630971277672108), ([[776, 658], [1008, 658], [1008, 712], [776, 712]], '이따가 제대로', 0.9986168076990977), ([[756, 748], [1044, 748], [1044, 804], [756, 804]], '돈은 주서야해요?', 0.64980528863323), ([[168, 1140], [354, 1140], [354, 1216], [168, 1216]], '알컷다는', 0.17055809497833252), ([[190, 1260], [336, 1260], [336, 1334], [190, 1334]], '젓이다', 0.6929727757388524)]
[([[615, 463], [697, 463], [697, 527], [615, 527]], '오-', 0.963121856557145), ([[2039, 489], [2183, 489], [2183, 577], [2039, 577]], '자아', 0.9981826904595354), ([[567, 581], [745, 581], [745, 667], [567, 667]], '어서와-', 0.6723345518112183), ([[1991, 619], [2249, 619], [2249, 711], [1991, 711]], '사앉어요', 0.7895827889442444), ([[99, 953], [421, 953], [421, 1019], [99, 1019]], '근처의 편의점에서', 0.9910372829408621), ([[167, 1059], [339, 1059], [339, 1121], [167, 1121]], '술올 사서', 0.5718617155507434), ([[181, 1163], [341, 1163], [341, 1225], [181, 1225]], '돌아오니', 0.9995029041866863), ([[137, 1265], [383, 1265], [383, 1327], [137, 1327]], '선배의 모습이', 0.992473213613959), ([[81, 1368], [440, 1368], [440, 1431], [81, 1431]], '조금 이상해겨있없다', 0.35229510383709134)]
[([[2116, 368], [2284, 368], [2284, 442], [2116, 442]], '선배가', 0.9986583672139315), ([[2116, 484], [2280, 484], [2280, 558], [2116, 558]], '이따금', 0.9998770786416764), ([[509, 567], [711, 567], [711, 633], [509, 633]], '여기 앉아화', 0.8112398621658979), ([[2072, 598], [2342, 598], [2342, 676], [2072, 676]], '손짓해앉다', 0.41657087222902334)]
[([[2036, 558], [2268, 558], [2268, 632], [2036, 632]], '시키논대로', 0.928211010372213), ([[1992, 676], [2324, 676], [2324, 752], [1992, 752]], '선배앞에 앉으니', 0.7315549322193271), ([[540, 764], [672, 764], [672, 836], [540, 836]], '에혜해', 0.1950123172196704), ([[1972, 796], [2352, 796], [2352, 874], [1972, 874]], '다까고자 안겨앉다', 0.4001578746813955), ([[436, 870], [774, 870], [774, 942], [436, 942]], '누나가 칭찬해줄게', 0.9721921143292214), ([[521, 979], [689, 979], [689, 1047], [521, 1047]], '쓰담스담', 0.5699188709259033), ([[113, 1029], [297, 1029], [297, 1093], [113, 1093]], '그러고선', 0.9995912909507751), ([[87, 1127], [325, 1127], [325, 1191], [87, 1191]], '나의 머리{', 0.34294664241876877), ([[107, 1227], [289, 1227], [289, 1289], [107, 1289]], '쓰다듬기', 0.7152016162872314), ([[113, 1323], [299, 1323], [299, 1387], [113, 1387]], '시작있다', 0.41796720027923584)]
[([[2128, 522], [2318, 522], [2318, 594], [2128, 594]], '뭐 하시는', 0.8549235227208332), ([[2130, 632], [2332, 632], [2332, 706], [2130, 706]], '건가요  ?', 0.4631514284679129), ([[547, 677], [755, 677], [755, 739], [547, 739]], '펴안아저서', 0.428400890915358), ([[541, 775], [761, 775], [761, 835], [541, 835]], '깨달은 건데', 0.9957459142737052), ([[95, 833], [379, 833], [379, 901], [95, 901]], '뭐라 헤야 하지', 0.46773260672375827), ([[523, 873], [783, 873], [783, 933], [523, 933]], '선배 아까보다', 0.9983888333593126), ([[163, 939], [313, 939], [313, 1005], [163, 1005]], '이 감속', 0.3314262945918233), ([[481, 966], [837, 966], [837, 1032], [481, 1032]], '얇게 입고 있잡아:?', 0.3217151059020982), ([[143, 1041], [333, 1041], [333, 1109], [143, 1109]], '선배 혹시', 0.9633218707787432), ([[59, 1147], [433, 1147], [433, 1213], [59, 1213]], '브라다 벗은 건가?', 0.32319360594191593)]
[([[2005, 475], [2333, 475], [2333, 543], [2005, 543]], '저 .. 저기 선배', 0.2855155855460143), ([[2097, 589], [2237, 589], [2237, 653], [2097, 653]], '그게:', 0.7025802013400058), ([[543, 695], [673, 695], [673, 757], [543, 757]], '에러히', 0.28825366344517955), ([[2052, 696], [2280, 696], [2280, 768], [2052, 768]], '당고있논데', 0.0968131159146069), ([[467, 797], [751, 797], [751, 863], [467, 863]], '숙스러워하기논', 0.2908882927786148), ([[503, 901], [717, 901], [717, 965], [503, 965]], '정말 이지-', 0.9993603515790382), ([[416, 1000], [804, 1000], [804, 1072], [416, 1072]], '귀여운 녀석이라니까', 0.7360667834484245)]
[([[2116, 489], [2224, 489], [2224, 546], [2116, 546]], '한바탕', 0.9706350935873299), ([[714, 538], [858, 538], [858, 610], [714, 610]], '아하하', 0.9833439588546753), ([[2034, 570], [2308, 570], [2308, 626], [2034, 626]], '어루만저진 뒤에야', 0.6503171621440029), ([[674, 640], [898, 640], [898, 716], [674, 716]], '머리카락이', 0.9849639117208515), ([[2050, 648], [2292, 648], [2292, 704], [2050, 704]], '겨우 예방되없다', 0.6135667717782809), ([[666, 744], [906, 744], [906, 820], [666, 820]], '축 늘어젊어', 0.3752575568365223), ([[196, 844], [410, 844], [410, 918], [196, 918]], '정말이지..', 0.657875299997631), ([[644, 848], [930, 848], [930, 926], [644, 926]], '천연이야 천연', 0.9575794437878428), ([[235, 951], [375, 951], [375, 1019], [235, 1019]], '선배가', 0.9976897476382134), ([[191, 1055], [415, 1055], [415, 1123], [191, 1123]], '이런식으로', 0.9985104379210071), ([[165, 1154], [438, 1154], [438, 1231], [165, 1231]], '하여잡아요.', 0.22471681778681088)]
[([[1850, 290], [1960, 290], [1960, 394], [1850, 394]], '응?', 0.9969107710518005), ([[370, 722], [480, 722], [480, 770], [370, 770]], '거기서', 0.9996439052786221), ([[330, 796], [520, 796], [520, 846], [330, 846]], '나는 간신히', 0.62269574692374), ([[290, 870], [560, 870], [560, 920], [290, 920]], '테이블 위냐 보니', 0.46080843838742064), ([[296, 944], [566, 944], [566, 992], [296, 992]], '아까 보지 못햇던', 0.328420602550684), ([[352, 1018], [498, 1018], [498, 1068], [352, 1068]], '와인병이', 0.7966908812522888), ([[308, 1090], [543, 1090], [543, 1143], [308, 1143]], '놓여 있는 것은', 0.36918740843723596), ([[340, 1166], [524, 1166], [524, 1216], [340, 1216]], '알아차여다', 0.17472193974996367)]
[([[1986, 562], [2255, 562], [2255, 638], [1986, 638]], '그보다 선배.', 0.4420228953614004), ([[425, 701], [699, 701], [699, 761], [425, 761]], '아-그러고 보니', 0.811236429013154), ([[2018, 679], [2229, 679], [2229, 758], [2018, 758]], '이 와인은?', 0.755665690672541), ([[479, 795], [633, 795], [633, 857], [479, 857]], '냉장고에', 0.9949761033058167), ([[409, 888], [697, 888], [697, 952], [409, 952]], '와인이 있다는 게', 0.9551687860159784), ([[415, 985], [709, 985], [709, 1045], [415, 1045]], '생각나서 ..무심코', 0.7319440004117622)]
[([[741, 396], [949, 396], [949, 489], [741, 489]], ',4"",데햇', 0.14613727927941808), ([[2074, 424], [2290, 424], [2290, 498], [2074, 498]], '벌써 반이나', 0.7462194446015367), ([[2074, 534], [2300, 534], [2300, 606], [2074, 606]], '줄없는데요?', 0.3356134134823845), ([[306, 833], [442, 833], [442, 901], [306, 901]], '데햇이', 0.279783710222438), ([[273, 945], [491, 945], [491, 1013], [273, 1013]], '아니잡아요', 0.8365465287439632), ([[189, 1057], [577, 1057], [577, 1125], [189, 1125]], '완전히 취해있잡아요', 0.7138564420964353)]
[([[2134, 610], [2204, 610], [2204, 662], [2134, 662]], '에-', 0.48312516421602836), ([[761, 729], [1071, 729], [1071, 793], [761, 793]], '술에 취한 사람들은', 0.6484061416016601), ([[2017, 706], [2322, 706], [2322, 775], [2017, 775]], '난 아직 안 취햇어', 0.5733593375986262), ([[878, 826], [956, 826], [956, 882], [878, 882]], '모두', 0.9999650182949482), ([[2057, 811], [2281, 811], [2281, 879], [2057, 879]], '맨얼굴이라고', 0.6065922145192199), ([[447, 874], [571, 874], [571, 934], [447, 934]], '그리고', 0.9999852025288544), ([[773, 919], [1073, 919], [1073, 981], [773, 981]], '그런식으로 말해요', 0.7330667481688165), ([[395, 973], [629, 973], [629, 1033], [395, 1033]], '다른이라던가', 0.29759010786494966), ([[429, 1068], [591, 1068], [591, 1128], [429, 1128]], '캐릭터가', 0.9998893141746521), ([[100, 1140], [242, 1140], [242, 1214], [100, 1214]], '그렇지', 0.9941164347757836), ([[384, 1163], [651, 1163], [651, 1230], [384, 1230]], '변하지않앉어요', 0.9282756739880738), ([[72, 1260], [290, 1260], [290, 1336], [72, 1336]], '않~은데요', 0.604215596846902)]
[([[445, 645], [533, 645], [533, 707], [445, 707]], '그게', 0.998119672939396), ([[390, 749], [610, 749], [610, 823], [390, 823]], '덥단 말이야', 0.8352986945545195), ([[2021, 731], [2287, 731], [2287, 795], [2021, 795]], '아 그러고 보니', 0.9880580097240433), ([[2019, 828], [2286, 828], [2286, 900], [2019, 900]], '속옷은 왜 벗고', 0.6389110767944173), ([[2047, 935], [2275, 935], [2275, 999], [2047, 999]], '계신건가요?', 0.989454472696766)]
[([[544, 662], [816, 662], [816, 738], [544, 738]], '아-에로하네', 0.5366203229148934), ([[592, 784], [790, 784], [790, 858], [592, 858]], '변태잡아', 0.7345284223556519), ([[1982, 770], [2242, 770], [2242, 844], [1982, 844]], '그거, 보일 것', 0.691409966913595), ([[1983, 886], [2268, 886], [2268, 970], [1983, 970]], '감단 말이에요?', 0.3632335763710472)]
[([[2050, 524], [2194, 524], [2194, 598], [2050, 598]], '자-아', 0.9971162676811218), ([[440, 658], [650, 658], [650, 714], [440, 714]], '너랑 마시려고', 0.9329898406252601), ([[1968, 642], [2279, 642], [2279, 719], [1968, 719]], '너도 마시라고', 0.9971766649889657), ([[398, 748], [702, 748], [702, 804], [398, 804]], '사준 거니까 말이야?', 0.29421141831415987), ([[1971, 760], [2275, 760], [2275, 845], [1971, 845]], '자아 유리잔-', 0.9178962362215355)]
[([[2135, 447], [2297, 447], [2297, 509], [2135, 509]], '유리잔에', 0.9678542017936707), ([[2095, 547], [2339, 547], [2339, 609], [2095, 609]], '한잔 따라주자', 0.999534653940021), ([[2077, 649], [2355, 649], [2355, 709], [2077, 709]], '나는 백포도주;', 0.4389189334169009), ([[538, 732], [790, 732], [790, 788], [538, 788]], '병은 체크예보니', 0.48695511071471925), ([[2123, 749], [2323, 749], [2323, 811], [2123, 811]], '마서보앉다', 0.8426983893210828), ([[514, 830], [826, 830], [826, 884], [514, 884]], '이래 뵈도 10% 이상', 0.5775932185995338), ([[538, 926], [812, 926], [812, 980], [538, 980]], '들어 잇는 것 같다', 0.5300280203067149), ([[113, 1001], [393, 1001], [393, 1067], [113, 1067]], '이러니 선배가', 0.996907623810773), ([[1784, 1010], [1930, 1010], [1930, 1066], [1784, 1066]], '마시기언', 0.9976634979248047), ([[185, 1121], [319, 1121], [319, 1183], [185, 1183]], '저렇게', 0.30714842184465757), ([[1752, 1104], [1976, 1104], [1976, 1160], [1752, 1160]], '굉장히 중앉다', 0.9279536673165898), ([[141, 1237], [375, 1237], [375, 1301], [141, 1301]], '된 거젯지  ', 0.2814899996704481)]
[([[1971, 651], [2161, 651], [2161, 719], [1971, 719]], '저기말야', 0.9987512826919556), ([[299, 781], [661, 781], [661, 845], [299, 845]], '여름방학 말씀인가요?', 0.9974709359901403), ([[1935, 753], [2185, 753], [2185, 821], [1935, 821]], '년 여름 방학', 0.9997428483812065), ([[355, 879], [589, 879], [589, 941], [355, 941]], '그게 명절에는', 0.5137017735806946), ([[1942, 852], [2182, 852], [2182, 925], [1942, 925]], '예정 같은건', 0.9423231778335407), ([[285, 975], [673, 975], [673, 1039], [285, 1039]], '본가에 귀성활 예정인데', 0.7636124458726959), ([[1914, 956], [2220, 956], [2220, 1028], [1914, 1028]], '벌써 정해뒷어?', 0.7782013426631321), ([[373, 1073], [573, 1073], [573, 1135], [373, 1135]], '그 이외에는', 0.6746501615757597), ([[355, 1171], [591, 1171], [591, 1231], [355, 1231]], '아직 아무것도', 0.9743033954285555), ([[345, 1267], [613, 1267], [613, 1329], [345, 1329]], '정하지 않앉어요', 0.8958241928808878)]
[([[2141, 349], [2303, 349], [2303, 413], [2141, 413]], '후-음 .', 0.709486761793743), ([[651, 691], [761, 691], [761, 755], [651, 755]], '"그게', 0.9921094835668215), ([[596, 800], [802, 800], [802, 872], [596, 872]], '누군가하고', 0.8790006286910174), ([[1786, 832], [2020, 832], [2020, 906], [1786, 906]], '후-음이라니', 0.873466092036881), ([[101, 917], [336, 917], [336, 983], [101, 983]], '지금으로서는', 0.7584232840214887), ([[520, 914], [889, 914], [889, 986], [520, 986]], '놀러 갈 예정 같은 건', 0.4951821459531674), ([[1845, 949], [1977, 949], [1977, 1017], [1845, 1017]], '원가요', 0.9686216809546322), ([[55, 1021], [393, 1021], [393, 1089], [55, 1089]], '그럴 예정은 없어요', 0.7328828118418217), ([[572, 1028], [842, 1028], [842, 1100], [572, 1100]], '없는 건가 해서', 0.8967504428349486), ([[183, 1129], [273, 1129], [273, 1191], [183, 1191]], '누가', 0.9924618712240254), ([[65, 1231], [389, 1231], [389, 1299], [65, 1299]], '부르면은 가려고요', 0.990324939244028)]
[([[611, 499], [780, 499], [780, 586], [611, 586]], '그래서', 0.9998500995327325), ([[573, 637], [847, 637], [847, 723], [573, 723]], '한가한거야', 0.9964952888484128), ([[2116, 620], [2252, 620], [2252, 692], [2116, 692]], '선배는', 0.878220974561565), ([[2030, 734], [2338, 734], [2338, 810], [2030, 810]], '여름방학 예정이', 0.999517064593114), ([[2024, 850], [2358, 850], [2358, 926], [2024, 926]], '어떻게 되시나요?', 0.705574747441552), ([[222, 932], [436, 932], [436, 1008], [222, 1008]], '그러신가요', 0.9993548467376462), ([[1668, 1036], [1898, 1036], [1898, 1108], [1668, 1108]], '나도 본가에', 0.9373391062394989), ([[174, 1064], [482, 1064], [482, 1142], [174, 1142]], '저와 같으시네요', 0.5913118544936865), ([[1670, 1152], [1914, 1152], [1914, 1226], [1670, 1226]], '돌아가려나-', 0.9994976796518342)]
[([[732, 252], [904, 252], [904, 348], [732, 348]], "'문감", 0.23418737071105927), ([[2115, 420], [2377, 420], [2377, 500], [2115, 500]], '"" 한가하나', 0.2321002124332376), ([[2196, 556], [2296, 556], [2296, 632], [2196, 632]], '보네', 0.9990585692513927), ([[493, 761], [621, 761], [621, 823], [493, 823]], '뭐라고', 0.9052144287639231), ([[431, 861], [701, 861], [701, 925], [431, 925]], '말씀하없나요?', 0.1838387006953716), ([[1718, 1042], [2052, 1042], [2052, 1118], [1718, 1118]], '어째서 두 번이나', 0.5788263116605169), ([[113, 1069], [369, 1069], [369, 1155], [113, 1155]], '아무 말도', 0.9987341715405191), ([[1704, 1158], [2062, 1158], [2062, 1232], [1704, 1232]], '말씀하시는 건가요', 0.8478461941701171), ([[141, 1215], [341, 1215], [341, 1303], [141, 1303]], '안 햄어', 0.35253976275681487), ([[1720, 1272], [2062, 1272], [2062, 1346], [1720, 1346]], '중요한 일인가요?', 0.9993139988000606)]
[([[1902, 408], [2136, 408], [2136, 508], [1902, 508]], '왕게임', 0.9739984486000253), ([[713, 464], [859, 464], [859, 538], [713, 538]], '왕게임', 0.9864766062218617), ([[736, 578], [842, 578], [842, 650], [736, 650]], '하자', 0.9988070312449567), ([[423, 935], [639, 935], [639, 1003], [423, 1003]], '뜻밖이네요', 0.8264130977729828), ([[1768, 1158], [1862, 1158], [1862, 1212], [1768, 1212]], '네엇?', 0.3003881972474325)]
[([[580, 520], [818, 520], [818, 598], [580, 598]], '제비뽑기는', 0.21660381750466706), ([[524, 640], [880, 640], [880, 718], [524, 718]], '준비 안 햇으니까', 0.482835115412211), ([[1978, 676], [2300, 676], [2300, 748], [1978, 748]], '그보다 여기에는', 0.5692505333976131), ([[587, 761], [825, 761], [825, 839], [587, 839]], '가위바위보', 0.9942267373992107), ([[1975, 779], [2305, 779], [2305, 847], [1975, 847]], '두 명밖에 없는데', 0.7237922326386578), ([[2067, 877], [2209, 877], [2209, 945], [2067, 945]], '게임이', 0.9998465895027694), ([[160, 976], [366, 976], [366, 1052], [160, 1052]], '보기 중계', 0.6166602994936209), ([[1975, 977], [2321, 977], [2321, 1045], [1975, 1045]], '성립되는 건가요?', 0.7271204920341067), ([[90, 1096], [438, 1096], [438, 1174], [90, 1174]], '스처 지나뭇네요', 0.307805545154392), ([[158, 1216], [384, 1216], [384, 1292], [158, 1292]], '그리고 잡]', 0.8385894919692839)]
[([[522, 576], [745, 576], [745, 667], [522, 667]], '장권보이', 0.7452710866928101), ([[1981, 685], [2255, 685], [2255, 769], [1981, 769]], '숫게 번 쪽이', 0.41569926276525393), ([[2017, 813], [2239, 813], [2239, 897], [2017, 897]], '지논 거야', 0.5599738645587016)]
[([[608, 436], [796, 436], [796, 516], [608, 516]], '에허히-', 0.24253536760807037), ([[589, 563], [813, 563], [813, 649], [589, 649]], '나의 승리', 0.9569931414050349), ([[2087, 615], [2235, 615], [2235, 679], [2087, 679]], '당황해서', 0.4210355579853058), ([[2019, 715], [2301, 715], [2301, 777], [2019, 777]], '내가 내민 손은 묵', 0.9561195981882192), ([[2023, 815], [2299, 815], [2299, 875], [2023, 875]], '그리고 선배는 빠', 0.698215995419844), ([[263, 1017], [421, 1017], [421, 1105], [263, 1105]], '"원가', 0.7462106054729845), ([[205, 1163], [425, 1163], [425, 1255], [205, 1255]], '분하네요', 0.9847109317779541)]
[([[1927, 659], [2227, 659], [2227, 725], [1927, 725]], '그러면 왕의 명령', 0.8867729470779704), ([[1993, 757], [2159, 757], [2159, 823], [1993, 823]], '후배 군은', 0.6548270703507526), ([[1933, 857], [2217, 857], [2217, 925], [1933, 925]], '선배의 중은 점올', 0.5514040003880295), ([[1955, 957], [2177, 957], [2177, 1023], [1955, 1023]], '5가지 말합것', 0.46762501081947494)]
[([[2163, 527], [2291, 527], [2291, 595], [2163, 595]], '선배의', 0.9908609058238185), ([[599, 563], [691, 563], [691, 623], [599, 623]], '또잘', 0.9324261655371704), ([[521, 657], [781, 657], [781, 721], [521, 721]], '돌과 주시논거요', 0.46644078034068254), ([[2085, 629], [2373, 629], [2373, 697], [2085, 697]], '종은 점 인가요?', 0.6911413917469045), ([[1702, 902], [1952, 902], [1952, 980], [1702, 980]], '우선 접하기', 0.9157093066477834), ([[1682, 1020], [1976, 1020], [1976, 1096], [1682, 1096]], '쉬운 점이에요', 0.9584532351838027), ([[165, 1087], [355, 1087], [355, 1155], [165, 1155]], '우용우응', 0.8268752098083496)]
[([[2077, 597], [2247, 597], [2247, 659], [2077, 659]], '그리고: .', 0.3941471903233987), ([[1652, 658], [1894, 658], [1894, 760], [1652, 760]], '귀여옷?', 0.3590236008167267), ([[2032, 694], [2290, 694], [2290, 766], [2032, 766]], '귀여운 부분이', 0.9925903043969063), ([[422, 770], [658, 770], [658, 842], [422, 842]], '귀여운 것올', 0.4719007621114557), ([[412, 876], [674, 876], [674, 948], [412, 948]], '좋아하는거나', 0.2767572744260166), ([[333, 983], [747, 983], [747, 1051], [333, 1051]], '사실은 소녀틱한 면이', 0.6578144567339071), ([[453, 1090], [635, 1090], [635, 1156], [453, 1156]], '있다거나', 0.9979070425033569)]
[([[371, 543], [687, 543], [687, 629], [371, 629]], '이 이저 뒷에', 0.7493795480607199), ([[347, 683], [709, 683], [709, 773], [347, 773]], '말하지 마 바보', 0.6329284160385651), ([[1977, 711], [2167, 711], [2167, 775], [1977, 775]], '에 그리고', 0.5960828069987304), ([[1977, 811], [2167, 811], [2167, 879], [1977, 879]], '작은 것올', 0.5739936976241126), ([[1909, 915], [2237, 915], [2237, 983], [1909, 983]], '신경 쓰는 부분도', 0.9091731907044502), ([[1981, 1019], [2161, 1019], [2161, 1087], [1981, 1087]], '귀여워요', 0.9975005388259888)]
[([[602, 330], [802, 330], [802, 402], [602, 402]], '이 이상은', 0.9969866382259107), ([[564, 444], [838, 444], [838, 516], [564, 516]], '부끄러우니까', 0.9744653281587909), ([[659, 559], [757, 559], [757, 623], [659, 623]], '그만', 0.9999949423819248), ([[2088, 560], [2186, 560], [2186, 632], [2088, 632]], '아직', 0.9996709332670349), ([[2000, 672], [2290, 672], [2290, 746], [2000, 746]], '두개 남앞논데', 0.40460766311086976), ([[235, 757], [363, 757], [363, 819], [235, 819]], '그렇계', 0.3623424499444488), ([[2000, 782], [2290, 782], [2290, 858], [2000, 858]], '괜찮으신가요?', 0.8757041731155267), ([[151, 863], [445, 863], [445, 929], [151, 929]], '말하면서 선배는', 0.773112955638076), ([[131, 973], [485, 973], [485, 1037], [131, 1037]], '다시 새 괜을 열없다', 0.3069308622944152), ([[1705, 1078], [1833, 1078], [1833, 1142], [1705, 1142]], '꽤 과', 0.15146896243095398), ([[1668, 1184], [1890, 1184], [1890, 1258], [1668, 1258]], '괜찮으니까', 0.8287470493416994)]
[([[2146, 368], [2260, 368], [2260, 442], [2146, 442]], '자아', 0.9973146171676376), ([[2106, 480], [2318, 480], [2318, 556], [2106, 556]], '너도 마서', 0.9384928101863999), ([[574, 540], [840, 540], [840, 616], [574, 616]], '부끄러운 걸', 0.5254232000853776), ([[632, 656], [788, 656], [788, 732], [632, 732]], '말해서', 0.9919495669596499), ([[528, 770], [912, 770], [912, 846], [528, 846]], '이제 그만할 거야', 0.9466326822296861), ([[1721, 855], [1921, 855], [1921, 941], [1721, 941]], '네에네에', 0.8225109577178955), ([[1706, 982], [1960, 982], [1960, 1060], [1706, 1060]], '그보다 선배', 0.9206641630166993), ([[330, 1140], [384, 1140], [384, 1202], [330, 1202]], '에,', 0.47412681311042654), ([[1641, 1103], [1999, 1103], [1999, 1187], [1641, 1187]], '왕게임 2회전은?', 0.8927358964521268), ([[384, 1178], [460, 1178], [460, 1202], [384, 1202]], '00000', 0.8901592736291306)]
[([[1961, 629], [2185, 629], [2185, 691], [1961, 691]], '에. 그러면', 0.7626788337633424), ([[454, 714], [564, 714], [564, 790], [454, 790]], '일단', 0.9998559451110108), ([[1937, 721], [2213, 721], [2213, 787], [1937, 787]], '대신해서 내가', 0.9998581716886367), ([[369, 831], [643, 831], [643, 918], [369, 918]], '나하고 같이', 0.9643425024929143), ([[1933, 815], [2217, 815], [2217, 881], [1933, 881]], '너의 종은 점흘', 0.18610847728366617), ([[1989, 913], [2175, 913], [2175, 975], [1989, 975]], '말 해줄게', 0.5938413308423467), ([[368, 956], [668, 956], [668, 1034], [368, 1034]], '놀아주는 것?', 0.8576234981225352)]
[([[628, 506], [932, 506], [932, 580], [628, 580]], '그리고 나한데', 0.35471515837660317), ([[678, 622], [878, 622], [878, 698], [678, 698]], '상낭하게', 0.8822295665740967), ([[1990, 634], [2218, 634], [2218, 712], [1990, 712]], '같이 술올', 0.7534415931731787), ([[658, 738], [916, 738], [916, 814], [658, 814]], '대해주는 것', 0.8702221071762253), ([[1942, 755], [2268, 755], [2268, 835], [1942, 835]], '마서주는 것도', 0.4037277326789167), ([[246, 870], [452, 870], [452, 950], [246, 950]], '내 부탁올', 0.6662587875016232), ([[2058, 878], [2172, 878], [2172, 956], [2058, 956]], '좋아', 0.997724155091593), ([[177, 993], [533, 993], [533, 1077], [177, 1077]], '들어주는 게 좋아', 0.7426712618237413)]
[([[416, 436], [520, 436], [520, 508], [416, 508]], '좋아', 0.9959055329138095), ([[2024, 512], [2190, 512], [2190, 586], [2024, 586]], '그리고', 0.9998365044593811), ([[371, 547], [577, 547], [577, 621], [371, 621]], '정말 좋아', 0.9955245690337252), ([[2025, 630], [2191, 630], [2191, 714], [2025, 714]], '멋있어', 0.9983824316416003)]
[([[511, 585], [767, 585], [767, 653], [511, 653]], '웬지 모르게', 0.8612895838055386), ([[2005, 581], [2197, 581], [2197, 673], [2005, 673]], '\'""그게', 0.44598406690141373), ([[511, 693], [769, 693], [769, 761], [511, 761]], '고백받은 것', 0.6033599896246787), ([[1950, 738], [2270, 738], [2270, 842], [1950, 842]], '감사합니다', 0.8497008037390393), ([[565, 801], [717, 801], [717, 867], [565, 867]], '같앉다', 0.367851538765337), ([[90, 986], [384, 986], [384, 1063], [90, 1063]], '혹시 후배로서', 0.9954725934524432), ([[128, 1112], [364, 1112], [364, 1184], [128, 1184]], '좋아한다는', 0.5130386856124202), ([[108, 1234], [388, 1234], [388, 1306], [108, 1306]], '의미인 건가?', 0.9995632348438832)]
[([[602, 618], [858, 618], [858, 716], [602, 716]], '아무것도', 0.9275903701782227), ([[616, 774], [806, 774], [806, 872], [616, 872]], '아니야', 0.9999214705000299), ([[1814, 1016], [1924, 1016], [1924, 1088], [1814, 1088]], '\'"왜', 0.4580806839323245), ([[1723, 1138], [2011, 1138], [2011, 1222], [1723, 1222]], '그러신가요?', 0.9996563491211201), ([[330, 1242], [458, 1242], [458, 1298], [330, 1298]], '그보다', 0.999755879889285), ([[1810, 1272], [1920, 1272], [1920, 1348], [1810, 1348]], '선배', 0.9998253479272188), ([[285, 1331], [499, 1331], [499, 1393], [285, 1393]], '나 질려오기', 0.3080103519817507), ([[317, 1421], [481, 1421], [481, 1485], [317, 1485]], '시작있어', 0.24122576415538788)]
[([[704, 360], [794, 360], [794, 436], [704, 436]], '에?', 0.708889615687521), ([[2142, 654], [2296, 654], [2296, 732], [2142, 732]], '그러면', 0.9999759111084772), ([[2063, 773], [2378, 773], [2378, 859], [2063, 859]], '슬슬 끝내도록', 0.6678584254065489), ([[443, 827], [630, 827], [630, 905], [443, 905]], '침대까지', 0.95260089635849), ([[112, 892], [184, 892], [184, 964], [112, 964]], '에,', 0.17232993779684808), ([[2134, 894], [2323, 894], [2323, 979], [2134, 979]], '활까요?', 0.6731153130531311), ([[466, 944], [608, 944], [608, 1018], [466, 1018]], '옮겨적', 0.1304038151530016), ([[1708, 1000], [1892, 1000], [1892, 1078], [1708, 1078]], '"옮겨쥐', 0.4352638822534662)]
[([[1949, 539], [2135, 539], [2135, 629], [1949, 629]], '올겨쥐}', 0.19594620168209076), ([[1835, 687], [2249, 687], [2249, 779], [1835, 779]], '육겨달관 말이야', 0.32255863237744503), ([[276, 1020], [442, 1020], [442, 1098], [276, 1098]], '떼정이', 0.7925237214832791), ([[264, 1148], [462, 1148], [462, 1226], [264, 1226]], '인가요?', 0.9999094605445862)]
[([[2116, 526], [2270, 526], [2270, 602], [2116, 602]], '하아', 0.9997957624813761), ([[654, 564], [784, 564], [784, 630], [654, 630]], '늑대가', 0.9998620061172584), ([[568, 674], [840, 674], [840, 746], [568, 746]], '돼버리는 건가?', 0.6445563447347615), ([[2056, 650], [2324, 650], [2324, 728], [2056, 728]], '저도 남자관', 0.5602449122913907), ([[2096, 776], [2290, 776], [2290, 854], [2096, 854]], '말이에요', 0.9967579245567322), ([[1645, 936], [1875, 936], [1875, 1024], [1645, 1024]], '남자인 게', 0.9742229663217936), ([[1615, 1069], [1931, 1069], [1931, 1155], [1615, 1155]], '뭐가 어때서?', 0.9149509797182683), ([[283, 1125], [369, 1125], [369, 1193], [283, 1193]], '그럼', 0.25809081951509383), ([[154, 1242], [452, 1242], [452, 1316], [154, 1316]], '가능성이 있어요', 0.9928528961221327)]
[([[615, 477], [789, 477], [789, 561], [615, 561]], '갑자기', 0.9993937406615866), ([[587, 611], [759, 611], [759, 695], [587, 695]], '원가요', 0.9242752505401546), ([[2024, 686], [2304, 686], [2304, 758], [2024, 758]], '그래서 오늘은', 0.9961469769961538), ([[2074, 796], [2254, 796], [2254, 868], [2074, 868]], '이9에서', 0.16815494000911713), ([[145, 919], [381, 919], [381, 1003], [145, 1003]], '나 말이야', 0.9959157404901356), ([[2034, 906], [2308, 906], [2308, 978], [2034, 978]], '돌아갈까 하고', 0.9744726541498556), ([[67, 1043], [447, 1043], [447, 1128], [67, 1128]], '상당히 노력해서', 0.9422003334832495), ([[128, 1172], [388, 1172], [388, 1250], [128, 1250]], '접근햇다고', 0.6401562183713044), ([[1745, 1221], [1870, 1221], [1870, 1290], [1745, 1290]], '정말', 0.9999527115634608), ([[135, 1299], [395, 1299], [395, 1377], [135, 1377]], '생각햇든데', 0.16674041827753056), ([[1677, 1333], [1937, 1333], [1937, 1397], [1677, 1397]], '바보 바보 바보', 0.44361724702478517)]
[([[520, 570], [784, 570], [784, 670], [520, 670]], '이 문감', 0.7844698722044219), ([[2029, 603], [2275, 603], [2275, 689], [2029, 689]], '고고백도', 0.5260401166077341), ([[474, 746], [828, 746], [828, 846], [474, 846]], '문감 신사', 0.7705599248977949), ([[2039, 733], [2263, 733], [2263, 821], [2039, 821]], '햇는데.', 0.2758125960826874), ([[1648, 976], [1858, 976], [1858, 1054], [1648, 1054]], '어른답게', 0.9037827253341675), ([[48, 1071], [280, 1071], [280, 1149], [48, 1149]], '마지막 것은', 0.9789320848560148), ([[1624, 1098], [1898, 1098], [1898, 1176], [1624, 1176]], '늑대가 되면', 0.9646076661508549), ([[20, 1196], [312, 1196], [312, 1272], [20, 1272]], '매도인가요 ?', 0.5547082767930445), ([[1658, 1218], [1868, 1218], [1868, 1296], [1658, 1296]], '중젠는데', 0.058930180966854095)]
[([[1952, 760], [2032, 760], [2032, 816], [1952, 816]], '이제', 0.9995257123165838), ([[1841, 847], [2145, 847], [2145, 911], [1841, 911]], '아무래도 중의나까', 0.371909547335523), ([[1883, 939], [2117, 939], [2117, 1003], [1883, 1003]], '안으관 말이야', 0.9580797251454766), ([[545, 999], [637, 999], [637, 1039], [545, 1039]], '그리고', 0.9999965587250227), ([[500, 1066], [680, 1066], [680, 1114], [500, 1114]], '이젠 분위기도', 0.7784068938920625), ([[458, 1138], [734, 1138], [734, 1186], [458, 1186]], '아무것도 없단 말이야', 0.9476200714129903), ([[170, 1186], [270, 1186], [270, 1230], [170, 1230]], '그보다', 0.9995094278503656), ([[151, 1263], [291, 1263], [291, 1311], [151, 1311]], '선배 쪽이', 0.9069398052606279), ([[90, 1340], [362, 1340], [362, 1392], [90, 1392]], '남자다운 것 갈은데', 0.8627887402400147)]
[([[2026, 826], [2112, 826], [2112, 874], [2026, 874]], '안아', 0.9996834075544466), ([[1948, 906], [2172, 906], [2172, 960], [1948, 960]], '그렇지 않으면', 0.9460677148569896), ([[2024, 988], [2100, 988], [2100, 1038], [2024, 1038]], '내가', 0.9997761232814375), ([[1938, 1067], [2205, 1067], [2205, 1122], [1938, 1122]], '뒷처버길 거니까!', 0.1672100536333063)]
[([[684, 318], [798, 318], [798, 394], [684, 394]], '좋아', 0.9645890144955853), ([[626, 442], [856, 442], [856, 522], [626, 522]], '정말 좋아', 0.7840319149636276), ([[2076, 590], [2192, 590], [2192, 644], [2076, 644]], '에 그거', 0.9549064308024529), ([[1991, 683], [2261, 683], [2261, 745], [1991, 745]], '진자로 저 감은결?', 0.3675968774926987), ([[189, 1117], [433, 1117], [433, 1161], [189, 1161]], '이런식으로 정면에서', 0.8682812555665369), ([[181, 1185], [441, 1185], [441, 1229], [181, 1229]], '똑바로 그 말은 들으면', 0.9557717296313863), ([[209, 1255], [419, 1255], [419, 1299], [209, 1299]], '부끄러워진다고요', 0.9938887600108851)]
[([[540, 532], [714, 532], [714, 604], [540, 604]], '"""" 으응', 0.2642603801619785), ([[2062, 727], [2275, 727], [2275, 793], [2062, 793]], '진짜로 덮쳐도', 0.6758713573441711), ([[2061, 831], [2258, 831], [2258, 893], [2061, 893]], '되는 건가요?', 0.982166816124408), ([[207, 1021], [387, 1021], [387, 1113], [207, 1113]], '그러면', 0.9999214016752389)]
[([[614, 312], [836, 312], [836, 390], [614, 390]], '"아아답', 0.9979311227798462), ([[1971, 753], [2231, 753], [2231, 817], [1971, 817]], '아 기다려보 .', 0.696003971505885), ([[238, 819], [387, 819], [387, 883], [238, 883]], '에 그게', 0.9956269690376847), ([[2027, 855], [2161, 855], [2161, 917], [2027, 917]], '그전에', 0.9955770708400549), ([[197, 923], [429, 923], [429, 989], [197, 989]], '저도 선배률', 0.34924169521463816), ([[1945, 957], [2245, 957], [2245, 1021], [1945, 1021]], '답을 들려품으면', 0.23165837339990783), ([[225, 1031], [403, 1031], [403, 1095], [225, 1095]], '좋아해요', 0.998410701751709), ([[1949, 1058], [2252, 1058], [2252, 1123], [1949, 1123]], '해여으면 하늘데', 0.07246134078937246)]
[([[578, 444], [767, 444], [767, 525], [578, 525]], '진짜예요', 0.9938371777534485), ([[2057, 493], [2173, 493], [2173, 561], [2057, 561]], '진짜?', 0.9997216059824365), ([[1934, 604], [2254, 604], [2254, 678], [1934, 678]], '거짓말이 아니지?', 0.998730037437196), ([[199, 939], [479, 939], [479, 1005], [199, 1005]], '그런 게 아니라면', 0.9967798350363328), ([[237, 1043], [439, 1043], [439, 1109], [237, 1109]], '단물이 집에', 0.49208802368263777), ([[239, 1149], [437, 1149], [437, 1213], [239, 1213]], '술올 마시러', 0.7391348191219882), ([[211, 1255], [479, 1255], [479, 1319], [211, 1319]], '오지않는 다구요', 0.3396399301872922)]
[([[2007, 589], [2138, 589], [2138, 658], [2007, 658]], '그러면', 0.9994777014409992), ([[1953, 699], [2175, 699], [2175, 767], [1953, 767]], '덮쳐도 좋아', 0.44978583902167923)]
[([[732, 414], [832, 414], [832, 492], [732, 492]], '우옷', 0.9563984533111662), ([[2070, 480], [2196, 480], [2196, 528], [2070, 528]], '선배에계', 0.6933034658432007), ([[2056, 556], [2220, 556], [2220, 604], [2056, 604]], '손음 번고서', 0.5915272072331569), ([[2020, 630], [2266, 630], [2266, 682], [2020, 682]], '"그리고 키스럽다', 0.28681840265209135), ([[184, 877], [418, 877], [418, 941], [184, 941]], '그것만으로', 0.9005749078909624), ([[133, 981], [471, 981], [471, 1049], [133, 1049]], '남아있던 이성이', 0.44171977505414955), ([[201, 1087], [403, 1087], [403, 1153], [201, 1153]], '아주 쉽계', 0.6185812005039004), ([[131, 1193], [485, 1193], [485, 1259], [131, 1259]], '사라저 버리논 게', 0.5553133466662482), ([[215, 1299], [407, 1299], [407, 1363], [215, 1363]], '느껴적다', 0.16028104722499847)]
[([[207, 1109], [299, 1109], [299, 1177], [207, 1177]], '지금', 0.9999339986731972), ([[106, 1222], [376, 1222], [376, 1294], [106, 1294]], '가슴이 작다고', 0.554962336654581), ([[154, 1340], [326, 1340], [326, 1412], [154, 1412]], '생각햇지', 0.5102133750915527)]
[([[1968, 352], [2052, 352], [2052, 406], [1968, 406]], '작고', 0.9989022511556893), ([[1857, 445], [2173, 445], [2173, 507], [1857, 507]], '귀여운 가슴이라고', 0.9953706110849502), ([[1919, 539], [2113, 539], [2113, 601], [1919, 601]], '생각있어요', 0.3337816266909039), ([[220, 1203], [443, 1203], [443, 1279], [220, 1279]], '000.바-보', 0.178945383384323)]
[([[872, 264], [1046, 264], [1046, 342], [872, 342]], '우   옷', 0.314141038395953), ([[192, 1186], [304, 1186], [304, 1240], [192, 1240]], '천천히', 0.9967229739165451), ([[128, 1270], [358, 1270], [358, 1326], [128, 1326]], '가슴음 만지자', 0.6842645953613955), ([[186, 1356], [300, 1356], [300, 1410], [186, 1410]], '선배가', 0.8175064325332642), ([[96, 1440], [400, 1440], [400, 1496], [96, 1496]], '귀여운 소리다 벗다', 0.6367941118763994)]
[([[916, 264], [1112, 264], [1112, 340], [916, 340]], '뭐 뭐랗까', 0.1212108079021303), ([[1729, 295], [1833, 295], [1833, 363], [1729, 363]], '야앗', 0.8450810245449241), ([[874, 394], [1170, 394], [1170, 470], [874, 470]], '손이 예로 한데', 0.9065722900440519), ([[1687, 417], [1891, 417], [1891, 485], [1687, 485]], '으으웃 ..', 0.29440047073044984), ([[328, 1250], [400, 1250], [400, 1298], [328, 1298]], '그거', 0.9987086120430579), ([[292, 1338], [438, 1338], [438, 1392], [292, 1392]], '예로 한결', 0.6324089273533354), ([[229, 1423], [519, 1423], [519, 1486], [229, 1486]], '하고 있어서 그래요', 0.9598487654206675)]
[([[1928, 392], [2086, 392], [2086, 464], [1928, 464]], '그 그건', 0.9874760866575945), ([[1884, 519], [2156, 519], [2156, 595], [1884, 595]], '그런지 , 으앗', 0.14690140427968235), ([[232, 1120], [522, 1120], [522, 1200], [232, 1200]], '양,,, 합는 건', 0.2828944120248644), ([[302, 1254], [474, 1254], [474, 1330], [302, 1330]], '아 안돼', 0.7270869636366), ([[281, 1381], [491, 1381], [491, 1465], [281, 1465]], '" 에에웃', 0.22969153296980696)]
[([[1579, 387], [1707, 387], [1707, 449], [1579, 449]], '뭐 원가', 0.6579247588273366), ([[1521, 493], [1779, 493], [1779, 556], [1521, 556]], '아기 갑다고 ..?', 0.49828024575519836)]
[([[1949, 179], [2107, 179], [2107, 259], [1949, 259]], '히야웃', 0.16568235837695924), ([[1519, 299], [1653, 299], [1653, 367], [1519, 367]], '선배의', 0.9787037345517443), ([[2041, 323], [2101, 323], [2101, 391], [2041, 391]], '옷', 0.8496596700234136), ([[1442, 407], [1716, 407], [1716, 481], [1442, 481]], '귀여운 얼굴올', 0.9488086214180705), ([[1441, 521], [1737, 521], [1737, 589], [1441, 589]], '좀 더 보고 싶다', 0.7523178971490827), ([[215, 1268], [533, 1268], [533, 1356], [215, 1356]], '나는 욕구대로', 0.9865178197386003), ([[189, 1409], [557, 1409], [557, 1495], [189, 1495]], '선배의 하반신에', 0.9395348419176907), ([[221, 1547], [545, 1547], [545, 1633], [221, 1633]], '손올 뻗어갖다', 0.8413682723157286)]
[([[2028, 286], [2186, 286], [2186, 340], [2028, 340]], '거 거긴 ..', 0.23121347588261365), ([[291, 1245], [521, 1245], [521, 1305], [291, 1305]], '선배의 그긋이', 0.5677456270695922), ([[291, 1337], [519, 1337], [519, 1397], [291, 1397]], '반짝거리논 게', 0.7588333590347119), ([[239, 1425], [587, 1425], [587, 1487], [239, 1487]], '확실히 습기가 있없다', 0.7233101576758622)]
[([[892, 272], [1158, 272], [1158, 371], [892, 371]], '바 바보  ', 0.3913495321746029), ([[2049, 365], [2139, 365], [2139, 429], [2049, 429]], '선배', 0.9994021571628848), ([[1947, 473], [2215, 473], [2215, 541], [1947, 541]], '조금 젖없네요', 0.4536590825778005), ([[586, 1078], [730, 1078], [730, 1154], [586, 1154]], '그거야', 0.9996719848018694), ([[428, 1190], [886, 1190], [886, 1266], [428, 1266]], '줄 " 좋아하는 사람하고', 0.3151252327460716), ([[512, 1302], [802, 1302], [802, 1378], [512, 1378]], '하고 있으나까', 0.4898549463000923), ([[514, 1414], [826, 1414], [826, 1488], [514, 1488]], '어절 수 없잡아', 0.9461776268121211)]
[([[898, 302], [1002, 302], [1002, 376], [898, 376]], '으응', 0.8796411304737453), ([[2085, 447], [2143, 447], [2143, 487], [2085, 487]], '선배', 0.9998277923202521), ([[2003, 513], [2227, 513], [2227, 555], [2003, 555]], '"""""괜찮으신가요?', 0.29921934769727887)]
[([[1776, 298], [1990, 298], [1990, 370], [1776, 370]], '나는 웃올', 0.5585997533402567), ([[1752, 414], [2012, 414], [2012, 488], [1752, 488]], '전부 벗고서', 0.9010646333336091), ([[1734, 528], [2046, 528], [2046, 606], [1734, 606]], '알쪽이 되없다', 0.2949871002234647)]
[([[1762, 548], [1864, 548], [1864, 620], [1762, 620]], '우와', 0.9585384805719404), ([[1717, 655], [1908, 655], [1908, 733], [1717, 733]], '저렇게나', 0.7962004469141047), ([[1698, 766], [1944, 766], [1944, 840], [1698, 840]], '커지논 건가', 0.5866939338203658), ([[213, 1137], [337, 1137], [337, 1201], [213, 1201]], '나한데', 0.3949480100241703), ([[154, 1236], [374, 1236], [374, 1308], [154, 1308]], '들어가려나?', 0.9973161789458763)]
[([[839, 399], [1161, 399], [1161, 489], [839, 489]], '너도 의문형이', 0.888099497981912), ([[861, 537], [1137, 537], [1137, 625], [861, 625]], '되지 말라고', 0.6090120150594301), ([[1886, 608], [2247, 608], [2247, 687], [1886, 687]], '일단은  그러니까', 0.9943791246263991), ([[2006, 726], [2120, 726], [2120, 798], [2006, 798]], '좀더', 0.8119342338385246), ([[1856, 840], [2285, 840], [2285, 916], [1856, 916]], '젖게 하느 게 종계조?', 0.2614888590583793), ([[399, 1267], [635, 1267], [635, 1335], [399, 1335]], '하지만 . 우음', 0.7819245071654364), ([[390, 1368], [658, 1368], [658, 1442], [390, 1442]], '괜찮을 것 같아', 0.5544377867470561)]
[([[1026, 250], [1130, 250], [1130, 328], [1026, 328]], '우옷', 0.9591301418085434), ([[1115, 299], [1171, 299], [1171, 319], [1115, 319]], '9000', 0.623665988445282), ([[2124, 320], [2224, 320], [2224, 372], [2124, 372]], '선배의', 0.7568142817591926), ([[2087, 406], [2260, 406], [2260, 460], [2087, 460]], '소중한 곳에', 0.7367173883546647), ([[2044, 496], [2316, 496], [2316, 546], [2044, 546]], '내 자지{ 들이5다', 0.15645326620327338), ([[271, 1135], [413, 1135], [413, 1201], [271, 1201]], '그대로', 0.9999867166873452), ([[162, 1244], [522, 1244], [522, 1316], [162, 1316]], '십입-하지 암고서', 0.35925526955308773), ([[257, 1355], [441, 1355], [441, 1427], [257, 1427]], '비비듯이', 0.8473601341247559), ([[185, 1464], [516, 1464], [516, 1543], [185, 1543]], '허리자 움직없다', 0.15062013001136837)]
[([[985, 269], [1115, 269], [1115, 337], [985, 337]], '우우옷', 0.9585320415276484), ([[1099, 309], [1153, 309], [1153, 329], [1099, 329]], '0000', 0.6937311887741089), ([[667, 1195], [810, 1195], [810, 1268], [667, 1268]], '선배가', 0.9571174020418558), ([[194, 1250], [388, 1250], [388, 1298], [194, 1298]], '아직 삼입하지', 0.75564047710757), ([[212, 1334], [368, 1334], [368, 1382], [212, 1382]], '않안논데도', 0.22452789126462555), ([[668, 1301], [811, 1301], [811, 1375], [668, 1375]], '달서하', 0.16077409520649596), ([[178, 1418], [412, 1418], [412, 1468], [178, 1468]], '꽤나 기분이 좋다', 0.61714786633996), ([[630, 1410], [864, 1410], [864, 1482], [630, 1482]], '소리블 벗다', 0.20237818567171434)]
[([[2107, 217], [2223, 217], [2223, 285], [2107, 285]], '하아', 0.9999768193120121), ([[886, 278], [1159, 278], [1159, 351], [886, 351]], '저 저기 ....', 0.3991097751702968), ([[1481, 327], [1832, 327], [1832, 428], [1481, 428]], '하아 우옷"', 0.6835118310839338), ([[2109, 339], [2271, 339], [2271, 407], [2109, 407]], '하아. ', 0.1988583505153656), ([[1549, 488], [1761, 488], [1761, 599], [1549, 599]], '후옷, ', 0.38071078062057495), ([[576, 1164], [684, 1164], [684, 1240], [576, 1240]], '슬슬', 0.20566956655553634), ([[458, 1288], [828, 1288], [828, 1368], [458, 1368]], '괜찮지 않아?', 0.9378356659644979), ([[63, 1341], [309, 1341], [309, 1426], [63, 1426]], '나 더논..', 0.4808728512852298)]
[([[986, 184], [1100, 184], [1100, 260], [986, 260]], '선배.', 0.9868616115429233), ([[1933, 283], [2047, 283], [2047, 351], [1933, 351]], '저도', 0.9999867659152165), ([[976, 313], [1182, 313], [1182, 391], [976, 391]], '넣올게요', 0.18575412034988403), ([[1874, 404], [2112, 404], [2112, 482], [1874, 482]], '이 이상은', 0.9980460778413035), ([[1843, 526], [2139, 526], [2139, 611], [1843, 611]], '못 참없어요', 0.1589037237924063), ([[389, 1201], [609, 1201], [609, 1269], [389, 1269]], '으 으응.', 0.8795776792457489)]
[([[2001, 242], [2269, 242], [2269, 332], [2001, 332]], '서 선배..', 0.5043864827735235), ([[891, 323], [1051, 323], [1051, 387], [891, 387]], '에 그게', 0.9950415424038034), ([[2048, 389], [2220, 389], [2220, 475], [2048, 475]], '조금만', 0.8532116768936923), ([[822, 432], [1148, 432], [1148, 506], [822, 506]], '이 이런식으로?', 0.995487323709704), ([[1512, 472], [1676, 472], [1676, 544], [1512, 544]], '그  그런', 0.5427550940293633), ([[1961, 527], [2309, 527], [2309, 618], [1961, 618]], '힘올 빼주세요', 0.9708863893751933), ([[1424, 590], [1770, 590], [1770, 668], [1424, 668]], '말올 하더라도   .', 0.09236473029986696), ([[69, 1154], [420, 1154], [420, 1238], [69, 1238]], '더욱 힘들어저서', 0.9055325670311922), ([[136, 1282], [352, 1282], [352, 1360], [136, 1360]], '사정활 것', 0.6049146698045234), ([[158, 1410], [354, 1410], [354, 1486], [158, 1486]], '갈으니까', 0.4231915771961212)]
[([[1445, 331], [1749, 331], [1749, 417], [1445, 417]], '사 사정활 것', 0.7376832815165977), ([[1479, 469], [1745, 469], [1745, 553], [1479, 553]], '감은 거야?', 0.5412656486415764), ([[1397, 607], [1817, 607], [1817, 691], [1397, 691]], '그게 그러니까 . .', 0.30410899966421134)]
[([[916, 286], [1034, 286], [1034, 358], [916, 358]], '우옷', 0.9991552288227331), ([[2136, 372], [2344, 372], [2344, 426], [2136, 426]], '다시 삼입하기', 0.5577782905030577), ([[850, 402], [1122, 402], [1122, 476], [850, 476]], '들 들어온 건가', 0.6258853200580834), ([[2173, 463], [2316, 463], [2316, 524], [2173, 524]], '시작벗다', 0.31959855556488037)]
[([[2082, 280], [2314, 280], [2314, 360], [2082, 360]], '조 조금씩', 0.9996779102103122), ([[2156, 418], [2254, 418], [2254, 494], [2156, 494]], '"옷', 0.9932740224683632)]
[([[1671, 343], [2011, 343], [2011, 435], [1671, 435]], '시 시끄러워', 0.9397991347239689), ([[1683, 503], [2005, 503], [2005, 595], [1683, 595]], '처음이니까', 0.8395671494525339), ([[1633, 663], [2057, 663], [2057, 755], [1633, 755]], '어절 수 없장아', 0.42304162658827876)]
[([[1737, 327], [2117, 327], [2117, 415], [1737, 415]], '이 이쪽이야말로', 0.8005421814135667), ([[1711, 467], [2139, 467], [2139, 551], [1711, 551]], '좋아하는 사람하고', 0.4447156989022132), ([[1713, 603], [2139, 603], [2139, 687], [1713, 687]], '연결되서 기쁨으로', 0.9766424126457633), ([[1737, 739], [2119, 739], [2119, 824], [1737, 824]], '잔뜩 자아안프욕', 0.6804909796934318), ([[1833, 879], [2043, 879], [2043, 963], [1833, 963]], '차있다고', 0.9830911833729638)]
[([[1750, 287], [1975, 287], [1975, 364], [1750, 364]], '저 저기.', 0.6416313123594595), ([[1665, 413], [2035, 413], [2035, 497], [1665, 497]], '나는 괜찮으니까', 0.6871911847789767), ([[1760, 546], [1962, 546], [1962, 626], [1760, 626]], '부탁활게', 0.6621553301811218), ([[107, 1235], [367, 1235], [367, 1301], [107, 1301]], '나: 어디까지', 0.3387043733230999), ([[606, 1224], [882, 1224], [882, 1328], [606, 1328]], '정말이지', 0.9995529055595398), ([[87, 1344], [387, 1344], [387, 1409], [87, 1409]], '기번계 예주려고', 0.5222505585002436), ([[591, 1392], [836, 1392], [836, 1491], [591, 1491]], '선배는 .', 0.4634840827377973), ([[152, 1452], [335, 1452], [335, 1518], [152, 1518]], '하는 걸까', 0.7735270478030113)]
[([[1642, 262], [1790, 262], [1790, 336], [1642, 336]], '우우옷', 0.9497378834001616), ([[1634, 388], [1800, 388], [1800, 462], [1634, 462]], '내 안은', 0.8752491846887461), ([[1590, 516], [1868, 516], [1868, 590], [1590, 590]], '어 어때.?', 0.6733183408356421), ([[617, 1133], [731, 1133], [731, 1217], [617, 1217]], '기분', 0.9967390032283244), ([[577, 1282], [838, 1282], [838, 1371], [577, 1371]], '""중 좋아?', 0.30867645200762095), ([[192, 1360], [334, 1360], [334, 1434], [192, 1434]], '으아옷', 0.5204593887814195)]
[([[1984, 404], [2234, 404], [2234, 476], [1984, 476]], '저 저기. .', 0.5242408486608351), ([[1354, 496], [1700, 496], [1700, 594], [1354, 594]], '문가요, ,?', 0.07228396418528309), ([[1896, 535], [2297, 535], [2297, 612], [1896, 612]], '한 가지 부탁해도', 0.9990622464103023), ([[1990, 670], [2230, 670], [2230, 748], [1990, 748]], '괜찮올까?', 0.8878887552343985), ([[426, 1174], [596, 1174], [596, 1248], [426, 1248]], '키 키스', 0.9990801578569037), ([[273, 1320], [683, 1320], [683, 1412], [273, 1412]], '해줄 *.수 있어?', 0.23488939962817626)]
[([[2153, 163], [2255, 163], [2255, 251], [2153, 251]], "'옷", 0.19735430904825), ([[1808, 400], [1928, 400], [1928, 454], [1808, 454]], '선배의', 0.9984874373410602), ([[1761, 497], [1977, 497], [1977, 558], [1761, 558]], '입올 막앉다', 0.354697953753475), ([[302, 1142], [474, 1142], [474, 1220], [302, 1220]], '으추웃.', 0.21395805478096008), ([[277, 1295], [550, 1295], [550, 1373], [277, 1373]], '으웃.  옷 ', 0.13612322008291974)]
[([[1803, 282], [1991, 282], [1991, 354], [1803, 354]], '주우옷 , ', 0.09550585210407452), ([[1777, 411], [2019, 411], [2019, 477], [1777, 477]], '옷  으햇. ', 0.060854463205565944), ([[396, 1202], [506, 1202], [506, 1276], [396, 1276]], '으못', 0.351377229241884)]
[([[888, 270], [1032, 270], [1032, 326], [888, 326]], '사정해도', 0.999870777130127), ([[2005, 267], [2155, 267], [2155, 309], [2005, 309]], '이저 슬슬', 0.704556179523345), ([[1981, 345], [2191, 345], [2191, 389], [1981, 389]], '나올 것 감아요  ', 0.47058496180095083), ([[861, 371], [1039, 371], [1039, 431], [861, 431]], '꽤 괜찮아.', 0.8271406049761945)]
[([[1943, 241], [2185, 241], [2185, 305], [1943, 305]], '질내사정해도', 0.9928960435818276), ([[1562, 316], [1636, 316], [1636, 364], [1562, 364]], '밖에', 0.9962919982724694), ([[1987, 343], [2153, 343], [2153, 407], [1987, 407]], '괜찮다고', 0.9995720386505127), ([[1487, 406], [1689, 406], [1689, 456], [1487, 456]], '사정하다니 ', 0.8886742091160474), ([[1971, 445], [2169, 445], [2169, 507], [1971, 507]], '말햇는데..', 0.15685818835921883), ([[519, 1274], [700, 1274], [700, 1334], [519, 1334]], '하 하지만', 0.9995010380520012), ([[526, 1381], [667, 1381], [667, 1444], [526, 1444]], '안에는 .', 0.22046059619855876)]
[([[1193, 243], [1317, 243], [1317, 351], [1193, 351]], '에?', 0.7567590401741779), ([[1790, 265], [1952, 265], [1952, 339], [1790, 339]], '날이니까', 0.6239733099937439), ([[433, 1130], [554, 1130], [554, 1194], [433, 1194]], '오늘은', 0.9968615288510939), ([[367, 1229], [637, 1229], [637, 1291], [367, 1291]], '안전한 날이라고', 0.9762220640227598), ([[377, 1325], [627, 1325], [627, 1389], [377, 1389]], '말맞어 이 바보', 0.47169244273510647)]
[([[1721, 375], [1937, 375], [1937, 439], [1721, 439]], '이 자세..', 0.5120599628781952), ([[1645, 487], [1989, 487], [1989, 555], [1645, 555]], '아까랑 다른 긋이', 0.6007807561299691), ([[1687, 599], [1971, 599], [1971, 667], [1687, 667]], '스처서 우우옷', 0.8680587478445015), ([[349.01175615039244, 1215.0257180875346], [607.416665974722, 1291.32812517553], [555.9882438496076, 1444.9742819124654], [298.58333402527796, 1369.67187482447]], '(', 0.04661434950389265)]
[([[2052, 194], [2178, 194], [2178, 274], [2052, 274]], '선배', 0.999909048312398), ([[2031, 338], [2210, 338], [2210, 423], [2031, 423]], '\'"선배', 0.22454456984996796), ([[277, 1173], [477, 1173], [477, 1237], [277, 1237]], '키 키스..', 0.49101142376623236), ([[257, 1280], [497, 1280], [497, 1352], [257, 1352]], '키스해켜.', 0.24514240059744277)]
[([[1395, 429], [1662, 429], [1662, 489], [1395, 489]], '뜨 뜨거운 게.', 0.7325994840351262), ([[1440, 544], [1638, 544], [1638, 598], [1440, 598]], '내 안에...', 0.5386968545969081), ([[345.97447009771497, 1221.0276968077274], [606.0517443355818, 1282.0725615614508], [562.025529902285, 1443.9723031922726], [301.94825566441824, 1381.9274384385492]], '(', 0.5878803017073011)]
[([[2134, 268], [2350, 268], [2350, 342], [2134, 342]], '다행이네 ', 0.28878693410497086), ([[1143, 411], [1247, 411], [1247, 477], [1143, 477]], '에에', 0.9934331108154081), ([[1725, 487], [1853, 487], [1853, 547], [1725, 547]], '저기..', 0.5667845606803894), ([[1072, 519], [1316, 519], [1316, 593], [1072, 593]], '"당연하조', 0.7588836455034508), ([[1617, 591], [1945, 591], [1945, 653], [1617, 653]], '한 번 더 키스해도', 0.936811633565423), ([[1697, 697], [1883, 697], [1883, 761], [1697, 761]], '괜찮올까?', 0.9504596824745523), ([[120, 1124], [576, 1124], [576, 1204], [120, 1204]], '부드컵게 만지논 듯한', 0.432095938956615), ([[194, 1255], [498, 1255], [498, 1334], [194, 1334]], '키스! 하고서', 0.1255242698131296), ([[164, 1386], [526, 1386], [526, 1467], [164, 1467]], '나와 선배는 함께', 0.5087655652886107), ([[150, 1520], [562, 1520], [562, 1598], [150, 1598]], '잠이 빠져 떨어겪다', 0.5996327384776403)]
[([[1684, 236], [1830, 236], [1830, 308], [1684, 308]], '음,,?', 0.7382271885871887), ([[2144, 422], [2228, 422], [2228, 472], [2144, 472]], '오:', 0.2777214397464587), ([[2111, 525], [2239, 525], [2239, 589], [2111, 589]], '진짜로', 0.5551741050788501), ([[2076, 628], [2294, 628], [2294, 700], [2076, 700]], '커지논구나', 0.24968390978857893), ([[1022, 1036], [1170, 1036], [1170, 1088], [1022, 1088]], '하반신에', 0.997749388217926), ([[374, 1132], [530, 1132], [530, 1188], [374, 1188]], '엉덩이다', 0.6459109789664741), ([[950, 1128], [1242, 1128], [1242, 1182], [950, 1182]], '위화감이 느껴저서', 0.6961514853260514), ([[331, 1225], [571, 1225], [571, 1285], [331, 1285]], '엉덩이가 있다', 0.9992473685893403), ([[972, 1221], [1233, 1221], [1233, 1274], [972, 1274]], '잠에서 깨어낫다', 0.7964789273001682), ([[294, 1322], [620, 1322], [620, 1378], [294, 1378]], '갈라진 틈도 보인다', 0.7378130697573506)]
[([[1029, 213], [1223, 213], [1223, 297], [1029, 297]], '으무옷; ', 0.5948038537994863), ([[2109, 267], [2296, 267], [2296, 355], [2109, 355]], '\'"선배?', 0.7721474466745115), ([[730, 984], [880, 984], [880, 1062], [730, 1062]], '우옷; ', 0.6295574307441711), ([[215, 1031], [435, 1031], [435, 1123], [215, 1123]], '조으아침', 0.9347584247589111), ([[176, 1170], [476, 1170], [476, 1266], [176, 1266]], '(일어낫어?)', 0.8851557550391105)]
[([[1582, 274], [1754, 274], [1754, 346], [1582, 346]], '"주유옷', 0.2138744294643402), ([[2013, 289], [2147, 289], [2147, 353], [2013, 353]], '에해헤', 0.2497233470172169), ([[1905, 393], [2257, 393], [2257, 457], [1905, 457]], '이런식으로 보니까', 0.9770262030489253), ([[1973, 495], [2201, 495], [2201, 561], [1973, 561]], '작고 귀엽네', 0.9364505537501816), ([[880, 940], [1008, 940], [1008, 1020], [880, 1020]], '웃 ; ', 0.14503052830696106)]
[([[2021, 347], [2241, 347], [2241, 415], [2021, 415]], '#용이라고', 0.25732722505898753), ([[2079, 461], [2199, 461], [2199, 529], [2079, 529]], '햇네?', 0.8977439584014525), ([[1980, 571], [2298, 571], [2298, 647], [1980, 647]], '기분 종은 거야?', 0.813055300624171)]
[([[464, 1028], [716, 1028], [716, 1100], [464, 1100]], '좋아 그러면', 0.9954467160781246), ([[484, 1141], [695, 1141], [695, 1220], [484, 1220]], '기분 중계', 0.33150039089235095), ([[386, 1264], [816, 1264], [816, 1338], [386, 1338]], '만들어 줄데니까. ?', 0.3166157395368318)]
[([[916, 222], [1034, 222], [1034, 298], [916, 298]], '아움 ,', 0.4635491967201233), ([[173, 1063], [389, 1063], [389, 1139], [173, 1139]], '부드럽고', 0.9115979075431824), ([[133, 1189], [419, 1189], [419, 1276], [133, 1276]], '따뜻한 젓에', 0.5816369769018447), ([[200, 1324], [368, 1324], [368, 1402], [200, 1402]], '싸엿다', 0.5568997583715086)]
[([[1209, 257], [1369, 257], [1369, 369], [1209, 369]], '우옷', 0.9548977836174611), ([[1356, 330], [1452, 330], [1452, 354], [1356, 354]], '0 9 0 9', 0.26674497115165213), ([[911, 715], [1152, 715], [1152, 840], [911, 840]], '주우옷', 0.4190203715218368), ([[580, 1190], [856, 1190], [856, 1310], [580, 1310]], '#웃하옷', 0.0742335170507431)]
[([[970, 204], [1142, 204], [1142, 284], [970, 284]], '으반 .', 0.18041931092739105), ([[1953, 225], [2139, 225], [2139, 313], [1953, 313]], '구웃 ', 0.5980710346598345), ([[1917, 387], [2232, 387], [2232, 477], [1917, 477]], '서 선배..', 0.578068908039646), ([[686, 586], [798, 586], [798, 660], [686, 660]], '후춧', 0.5134327991925954), ([[582, 708], [898, 708], [898, 782], [582, 782]], '한심한 소리블', 0.3431118280874666), ([[632, 830], [850, 830], [850, 906], [632, 906]], '내고 있네', 0.4022622969634632), ([[69, 979], [457, 979], [457, 1067], [69, 1067]], '기분 종은거야?', 0.8892034662137244), ([[171, 1125], [347, 1125], [347, 1211], [171, 1211]], '하안결', 0.6551274768979868), ([[75, 1266], [446, 1266], [446, 1358], [75, 1358]], '부웃부옷할 것', 0.3426209213523917), ([[138, 1412], [405, 1412], [405, 1504], [138, 1504]], '같은거야?', 0.6970836464880954)]
[([[1008, 440], [1288, 440], [1288, 512], [1008, 512]], '선배의 여기는', 0.44359945521268107), ([[2061, 511], [2201, 511], [2201, 579], [2061, 579]], '사실은', 0.9983202959382751), ([[1099, 551], [1195, 551], [1195, 617], [1099, 617]], '이미', 0.9999442823209171), ([[2018, 614], [2240, 614], [2240, 686], [2018, 686]], '해주석으면', 0.5938375008382238), ([[1010, 658], [1302, 658], [1302, 730], [1010, 730]], '끈적하다고요?', 0.9288988529311818), ([[1960, 718], [2318, 718], [2318, 790], [1960, 790]], '하는 것 아뇨가요?', 0.37906488703758917)]
[([[947, 441], [1219, 441], [1219, 501], [947, 501]], '웃 "그건"*', 0.29573362947563425), ([[1011, 547], [1135, 547], [1135, 613], [1011, 613]], '분명히', 0.7330785393714905), ([[939, 659], [1227, 659], [1227, 725], [939, 725]], '생각햇없논데 ', 0.26325949021662604), ([[635, 1017], [835, 1017], [835, 1125], [635, 1125]], '우우옷', 0.9891183916931846)]
[([[1054, 372], [1310, 372], [1310, 476], [1054, 476]], '나는 너름', 0.5617732796262346), ([[1026, 556], [1359, 556], [1359, 658], [1026, 658]], '기분 중계 ,', 0.13185040034011022), ([[739, 807], [951, 807], [951, 923], [739, 923]], '으아옷', 0.8310611619843049), ([[421, 1117], [526, 1117], [526, 1180], [421, 1180]], '해. .', 0.6786720403413193), ([[328, 1228], [600, 1228], [600, 1300], [328, 1300]], '해주고 싶은', 0.9886261203928053), ([[354, 1342], [602, 1342], [602, 1418], [354, 1418]], '거란말이야', 0.9909431391217592)]
[([[1015, 329], [1217, 329], [1217, 393], [1015, 393]], '그러니까. ', 0.6705985403868374), ([[1067, 435], [1189, 435], [1189, 497], [1067, 497]], '으무옷', 0.7415908924698459), ([[162, 1070], [522, 1070], [522, 1142], [162, 1142]], '선배가 손과 입흘', 0.5003059894685686), ([[247, 1191], [437, 1191], [437, 1259], [247, 1259]], '사용해서', 0.9627535939216614), ([[217, 1310], [464, 1310], [464, 1379], [217, 1379]], '나의 자지름', 0.5758981931835118), ([[210, 1428], [494, 1428], [494, 1500], [210, 1500]], '정리해나갚다', 0.2726867643681768)]
[([[2005, 311], [2157, 311], [2157, 397], [2005, 397]], '," 옷', 0.24734513461589813), ([[327, 1149], [636, 1149], [636, 1228], [327, 1228]], '서로가 서로의', 0.9988936867157339), ([[329, 1277], [639, 1277], [639, 1363], [329, 1363]], '민감한 부분올', 0.6739699502089119), ([[343, 1411], [643, 1411], [643, 1495], [343, 1495]], '만지작거렇다', 0.30713927231111776)]
[([[186, 226], [344, 226], [344, 298], [186, 298]], '선배가', 0.9958449231089274), ([[150, 345], [364, 345], [364, 417], [150, 417]], '내 위에서', 0.888624686859145), ([[114, 468], [412, 468], [412, 540], [114, 540]], '움그리고서는', 0.14238803106858505), ([[132, 588], [396, 588], [396, 660], [132, 660]], '나의 물건올', 0.7948398766147148), ([[112, 709], [415, 709], [415, 783], [112, 783]], '가라앉여갖다', 0.5011897818806272), ([[1914, 1074], [2110, 1074], [2110, 1150], [1914, 1150]], '우우옷, ', 0.45087101772653476)]
[([[2064, 1078], [2232, 1078], [2232, 1150], [2064, 1150]], '전부.. ', 0.2314352535032078), ([[2002, 1202], [2296, 1202], [2296, 1278], [2002, 1278]], '들어자어 .?', 0.32577054513525705)]
[([[1899, 1053], [2131, 1053], [2131, 1121], [1899, 1121]], '이 자세라면', 0.9973561971184068), ([[1899, 1163], [2135, 1163], [2135, 1229], [1899, 1229]], '너의 자지가', 0.9950763216441021), ([[1827, 1270], [2200, 1270], [2200, 1339], [1827, 1339]], '배의 어디롬 있는지', 0.3931368747282957), ([[1888, 1378], [2156, 1378], [2156, 1450], [1888, 1450]], '잘알 것 같아', 0.9662349365248952)]
[([[533, 483], [621, 483], [621, 547], [533, 547]], '오옷', 0.9975452394184797), ([[469, 596], [685, 596], [685, 658], [469, 658]], '저도에요  ', 0.4230446727888067), ([[1843, 1021], [2087, 1021], [2087, 1085], [1843, 1085]], '이 이거    ', 0.4696489638556843), ([[1833, 1144], [2099, 1144], [2099, 1212], [1833, 1212]], '기분    좋아', 0.2772162246996567)]
[([[721, 307], [979, 307], [979, 375], [721, 375]], '여자애에계도', 0.7013338678932546), ([[741, 423], [957, 423], [957, 491], [741, 491]], '성욕이관게', 0.5186217753446626), ([[713, 541], [969, 541], [969, 607], [713, 607]], '있단 말이야,', 0.36791633181085), ([[1985, 1061], [2115, 1061], [2115, 1123], [1985, 1123]], '그게 ,', 0.35454439006557953), ([[1878, 1174], [2224, 1174], [2224, 1248], [1878, 1248]], '기분 중단 말이야', 0.8449891703287213)]
[([[1088, 136], [1224, 136], [1224, 236], [1088, 236]], '우옷', 0.7664817648935234), ([[765, 369], [965, 369], [965, 477], [765, 477]], '아외육', 0.14963713574018517), ([[361, 633], [557, 633], [557, 701], [361, 701]], '또또 다시', 0.8201846921851442), ([[374, 746], [564, 746], [564, 818], [374, 818]], '커켜다고?', 0.11544658663378785)]
[([[627, 523], [859, 523], [859, 631], [627, 631]], '~~옛', 0.11273005750215366), ([[1983, 909], [2215, 909], [2215, 997], [1983, 997]], '가 가버럿', 0.2539550215829591), ([[2066, 1064], [2166, 1064], [2166, 1144], [2066, 1144]], '"옷', 0.8840305171513286)]
[([[825, 337], [1039, 337], [1039, 397], [825, 397]], '하아  하아', 0.40504121786774266), ([[819, 443], [1079, 443], [1079, 509], [819, 509]], '잔뜩 사정햇네', 0.9784179660727403)]
[([[746, 322], [1036, 322], [1036, 424], [746, 424]], '아하하 ', 0.8162463903427124), ([[745, 493], [1037, 493], [1037, 603], [745, 603]], '그럴지도', 0.8414777517318726), ([[1920, 988], [2194, 988], [2194, 1062], [1920, 1062]], '그렇다는 건', 0.9748040289003947), ([[1995, 1107], [2121, 1107], [2121, 1175], [1995, 1175]], '돌다', 0.7181111331328961), ([[1928, 1222], [2188, 1222], [2188, 1294], [1928, 1294]], '에로하다는', 0.9558465756379096), ([[1987, 1339], [2145, 1339], [2145, 1407], [1987, 1407]], '거네요', 0.9991040832270678)]
[([[869, 355], [1077, 355], [1077, 447], [869, 447]], '원가요?', 0.9409107565879822), ([[376, 480], [656, 480], [656, 558], [376, 558]], '또 키스해도', 0.8525133950247002), ([[401, 617], [651, 617], [651, 703], [401, 703]], '괜찮올까?', 0.4459519009934655), ([[2015, 1041], [2151, 1041], [2151, 1109], [2015, 1109]], '저기.', 0.6472440417375506), ([[1930, 1158], [2220, 1158], [2220, 1234], [1930, 1234]], '하나 부탁해도', 0.9980927336417428), ([[1976, 1278], [2192, 1278], [2192, 1356], [1976, 1356]], '괜찮올까?', 0.371337557742951)]
[([[789, 335], [969, 335], [969, 399], [789, 399]], '에허히.', 0.3261265158653259), ([[719, 443], [1019, 443], [1019, 511], [719, 511]], '나 이런 식으로', 0.8983347439098323), ([[805, 557], [937, 557], [937, 621], [805, 621]], '너하고', 0.9998239464079766), ([[708, 664], [1056, 664], [1056, 736], [708, 736]], '키스하는 게 좋아', 0.4392787760676107)]
[([[780, 512], [1066, 512], [1066, 592], [780, 592]], '아직 커질 수', 0.4165480606269085), ([[308, 669], [467, 669], [467, 746], [308, 746]], '"",그게', 0.20879251038018343), ([[788, 645], [1060, 645], [1060, 724], [788, 724]], '잇는 거지??', 0.22664858426395515), ([[1837, 1007], [2099, 1007], [2099, 1073], [1837, 1073]], '저 저기 말이야', 0.9972237669911251), ([[1906, 1114], [2020, 1114], [2020, 1170], [1906, 1170]], '"이거', 0.8246153062359655)]
[([[1894, 974], [2132, 974], [2132, 1048], [1894, 1048]], '정말이지...', 0.6434233656350392), ([[1955, 1093], [2051, 1093], [2051, 1161], [1955, 1161]], '엄청', 0.9552025863720757), ([[1862, 1207], [2168, 1207], [2168, 1279], [1862, 1279]], '에로 하다니까', 0.9214444274527851)]
[([[653, 247], [841, 247], [841, 336], [653, 336]], '저기 .', 0.37428855895996094), ([[573, 407], [943, 407], [943, 499], [573, 499]], '땀도 흘럿짓다', 0.09926384913603417), ([[538, 567], [977, 567], [977, 659], [538, 659]], '같이 . 사워할래?', 0.5338986318290766)]
[([[2072, 332], [2264, 332], [2264, 386], [2072, 386]], '선배는 벽에', 0.750395948193642), ([[2068, 420], [2264, 420], [2264, 477], [2068, 477]], '손올 대고서', 0.8787666204069284), ([[2096, 514], [2240, 514], [2240, 564], [2096, 564]], '이쪽으로', 0.9968653917312622), ([[2026, 602], [2322, 602], [2322, 658], [2026, 658]], '엉덩이틀 내밀없다', 0.8477137861342093), ([[547, 1143], [635, 1143], [635, 1207], [547, 1207]], '저기', 0.9999774936570763), ([[1162, 954], [1520, 954], [1520, 1250], [1162, 1250]], '깨^', 0.0019658948825920673), ([[483, 1253], [705, 1253], [705, 1319], [483, 1319]], '이 모습으로', 0.978878430350005), ([[428, 1360], [686, 1360], [686, 1435], [428, 1435]], '하려는튼 거야?', 0.10125978979090547)]
[([[1861, 359], [2063, 359], [2063, 421], [1861, 421]], '싶으신가요?', 0.7281976084021009), ([[1160, 944], [1496, 944], [1496, 1264], [1160, 1264]], '7사', 0.09231731429488793), ([[458, 1293], [673, 1293], [673, 1369], [458, 1369]], '시 싶지논', 0.26477818181335827), ([[492, 1424], [642, 1424], [642, 1496], [492, 1496]], '"않아', 0.985417670641403)]
[([[1979, 357], [2153, 357], [2153, 425], [1979, 425]], '원가요?', 0.9773560166358948), ([[1939, 473], [2213, 473], [2213, 541], [1939, 541]], '말씀해주세요', 0.999546935933444), ([[1161, 947], [1497, 947], [1497, 1255], [1161, 1255]], '7사', 0.48477758045035885), ([[138, 1190], [292, 1190], [292, 1286], [138, 1286]], '네에?', 0.9472115105679187), ([[566, 1289], [793, 1289], [793, 1345], [566, 1345]], '\'"자 잡아당기지', 0.6244058011291551), ([[624, 1380], [744, 1380], [744, 1434], [624, 1434]], '말라고?', 0.961613118648529)]
[([[1682, 394], [1886, 394], [1886, 448], [1682, 448]], '너의 젓이라는', 0.8143799010149491), ([[1666, 480], [1872, 480], [1872, 536], [1666, 536]], '느낌이 들어서', 0.998476669327753), ([[1638, 568], [1900, 568], [1900, 618], [1638, 618]], '조금 기쁨   지도', 0.5781429211210398), ([[1161, 947], [1479, 947], [1479, 1255], [1161, 1255]], '7사', 0.8530983399835812)]
[([[866, 178], [1042, 178], [1042, 278], [866, 278]], '우아옷', 0.4543276826823579), ([[1978, 264], [2152, 264], [2152, 360], [1978, 360]], '우우옷', 0.9809094058622696), ([[1561, 637], [1799, 637], [1799, 699], [1561, 699]], '이 자세"   ', 0.32549044782450626), ([[1570, 746], [1768, 746], [1768, 818], [1570, 818]], '원가 기분', 0.7943057249412355), ([[1508, 860], [1850, 860], [1850, 932], [1508, 932]], '좋은 곳에 스저서', 0.2530334425685764)]
[([[1603, 217], [1751, 217], [1751, 325], [1603, 325]], '우옷', 0.9714650913707561), ([[1137, 259], [1371, 259], [1371, 375], [1137, 375]], '아아옷', 0.6569366073962036), ([[1993, 477], [2269, 477], [2269, 543], [1993, 543]], '선배.. 여기가', 0.5140116818657964), ([[1984, 583], [2292, 583], [2292, 656], [1984, 656]], '중으신 건가요?', 0.8969159546619384), ([[1164, 956], [1492, 956], [1492, 1252], [1164, 1252]], '7사', 0.7198059387203153), ([[405, 1208], [601, 1208], [601, 1285], [405, 1285]], '거기. ', 0.42933928966522217), ([[407, 1335], [639, 1335], [639, 1421], [407, 1421]], '기분중앗', 0.36543217301368713)]
[([[1953, 312], [2155, 312], [2155, 376], [1953, 376]], '아 안돼  ,,,', 0.39505208880415726), ([[1601, 537], [1769, 537], [1769, 597], [1601, 597]], '그. 금방', 0.5152198298736254), ([[1607, 637], [1765, 637], [1765, 697], [1607, 697]], '가버질것', 0.49206918478012085), ([[1579, 737], [1791, 737], [1791, 797], [1579, 797]], '갈으니까 ', 0.539951318137247)]
[([[1983, 283], [2141, 283], [2141, 375], [1983, 375]], '윗', 0.04500942762492266), ([[1490, 484], [1598, 484], [1598, 556], [1490, 556]], '야옷', 0.6381879930590246), ([[1423, 600], [1690, 600], [1690, 668], [1423, 668]], '기 기다려보', 0.4877748210770354), ([[1414, 716], [1710, 716], [1710, 788], [1414, 788]], '\'40" 부탁이야', 0.04868755816500786), ([[1159, 964], [1499, 964], [1499, 1254], [1159, 1254]], '7', 0.20345030853236157), ([[430, 1212], [604, 1212], [604, 1286], [430, 1286]], '이 이건', 0.9955721315490472), ([[398, 1329], [638, 1329], [638, 1403], [398, 1403]], '다 달라 ..', 0.4186844425502659)]
[([[1832, 370], [2076, 370], [2076, 444], [1832, 444]], '기다려보 !', 0.37991590711764484), ([[1847, 487], [2078, 487], [2078, 565], [1847, 565]], '부탁이  옷', 0.48956973722304636), ([[364, 1198], [582, 1198], [582, 1274], [364, 1274]], '나 나올것', 0.9368448456620131), ([[398, 1318], [546, 1318], [546, 1392], [398, 1392]], '나올것', 0.9153126473897543), ([[331, 1435], [633, 1435], [633, 1511], [331, 1511]], '갈으니까  웃', 0.4371045773900918)]
[([[1157, 947], [1483, 947], [1483, 1253], [1157, 1253]], '7사', 0.4903700183634599), ([[581, 1385], [617, 1385], [617, 1445], [581, 1445]], '?', 0.29373492092191)]
[([[1698, 472], [2010, 472], [2010, 545], [1698, 545]], '어이 너 말이야', 0.6726476196513217), ([[1763, 593], [1945, 593], [1945, 659], [1763, 659]], '아까보다', 0.9999225735664368), ([[1670, 705], [2065, 705], [2065, 780], [1670, 780]], '더 커진 거 아니야?', 0.7694421002395563), ([[1163, 951], [1483, 951], [1483, 1255], [1163, 1255]], '7사', 0.8792453902297775)]
[([[2008, 327], [2211, 327], [2211, 399], [2008, 399]], '이 이건.', 0.41851264033447916), ([[1683, 483], [1767, 483], [1767, 545], [1683, 545]], '어제', 0.9999647654164576), ([[1593, 589], [1873, 589], [1873, 652], [1593, 652]], '잔뜩 마서서 ..', 0.300774640430858)]
[([[1922, 396], [2016, 396], [2016, 450], [1922, 450]], '또또', 0.8966518207525173), ([[1400, 442], [1542, 442], [1542, 496], [1400, 496]], '사정활 것', 0.6436771482921473), ([[1903, 491], [2033, 491], [2033, 551], [1903, 551]], '귀진 것', 0.8988834651149933), ([[1368, 532], [1594, 532], [1594, 588], [1368, 588]], '같은 거야 .?', 0.3957253744382677), ([[1870, 585], [2083, 585], [2083, 654], [1870, 654]], '갈은데   ?', 0.13545836884048323), ([[1155, 951], [1493, 951], [1493, 1259], [1155, 1259]], '깨사', 0.02087931061484551)]
[([[1961, 211], [2121, 211], [2121, 321], [1961, 321]], '선배', 0.9998937073027052), ([[1222, 350], [1412, 350], [1412, 423], [1222, 423]], '저 저도 .', 0.8285515672218743), ([[1606, 390], [1786, 390], [1786, 488], [1606, 488]], '으아옷', 0.7902004484281122), ([[1987, 395], [2127, 395], [2127, 503], [1987, 503]], '"옷', 0.810012812548254), ([[1251, 465], [1383, 465], [1383, 531], [1251, 531]], '또   옷', 0.3438726063235689)]
[([[1870, 270], [2102, 270], [2102, 348], [1870, 348]], '가 가버럿', 0.6208886415752182), ([[1938, 398], [2044, 398], [2044, 472], [1938, 472]], "'옷", 0.5185164053766309), ([[1158, 696], [1528, 696], [1528, 818], [1158, 818]], '으웃~~~윗', 0.28688778420246536), ([[244, 1216], [606, 1216], [606, 1290], [244, 1290]], '선배가 말하는 대로', 0.9040786740152791), ([[270, 1334], [578, 1334], [578, 1408], [270, 1408]], '누설하는 것처럼', 0.5313804546311954), ([[210, 1454], [656, 1454], [656, 1526], [210, 1526]], '대량의 정액올 내빨없다', 0.47862524285796354)]
[([[1702, 294], [1870, 294], [1870, 372], [1702, 372]], '하아  ', 0.28524166345596313), ([[1704, 426], [1900, 426], [1900, 504], [1704, 504]], '하아, ,', 0.32597847084109133), ([[1163, 949], [1483, 949], [1483, 1251], [1163, 1251]], '7사', 0.836308278864095)]
[([[1957, 267], [2217, 267], [2217, 335], [1957, 335]], '선배의 안에서', 0.8020546794089408), ([[2003, 365], [2171, 365], [2171, 433], [2003, 433]], '뽑아내니', 0.991984486579895), ([[1487, 487], [1764, 487], [1764, 553], [1487, 553]], '기 기분 중앉어요', 0.9465889328388143), ([[1929, 463], [2247, 463], [2247, 530], [1929, 530]], '선배의 보지 안에', 0.9268580116140857), ([[1572, 596], [1678, 596], [1678, 648], [1572, 648]], '"선배', 0.9829778564342304), ([[1955, 561], [2221, 561], [2221, 629], [1955, 629]], '들어가지 못한', 0.6802982004431641), ([[1899, 658], [2297, 658], [2297, 727], [1899, 727]], '정액이 늘어제 나앉다', 0.46775669321866575), ([[1163, 951], [1523, 951], [1523, 1253], [1163, 1253]], '7사', 0.010618318212489621), ([[388, 1277], [545, 1277], [545, 1332], [388, 1332]], '나 나도 .', 0.5637021556684533)]
[([[2159, 241], [2277, 241], [2277, 329], [2159, 329]], '선배', 0.99951264863386), ([[1862, 418], [1970, 418], [1970, 492], [1862, 492]], '선배', 0.9997720774517097), ([[482, 724], [600, 724], [600, 804], [482, 804]], '"움', 0.6616487436733005)]
[([[2086, 354], [2194, 354], [2194, 428], [2086, 428]], '중은', 0.5589325969352901), ([[697, 438], [926, 438], [926, 512], [697, 512]], '".중은 아침', 0.16750328046562127), ([[2028, 468], [2276, 468], [2276, 544], [2028, 544]], '아침이에요', 0.8321025308953084), ([[307, 851], [451, 851], [451, 917], [307, 917]], '..어래', 0.05526771396398544), ([[255, 957], [511, 957], [511, 1023], [255, 1023]], '나 어느 틈에', 0.9875332971004893), ([[281, 1069], [507, 1069], [507, 1133], [281, 1133]], '잠든 거지?', 0.4670958182316853)]
[([[2050, 492], [2290, 492], [2290, 572], [2050, 572]], '어제는 엄청', 0.5243139262154916), ([[2051, 621], [2313, 621], [2313, 699], [2051, 699]], '마져으니까요', 0.23371079120322122)]
[([[582, 602], [826, 602], [826, 674], [582, 674]], '다행이다"', 0.5398234029845136), ([[2097, 689], [2325, 689], [2325, 749], [2097, 749]], '그럼 생각이긴', 0.4405450089534793), ([[554, 716], [856, 716], [856, 792], [554, 792]], '굽이 아니엇구나', 0.5846735266981069), ([[2123, 777], [2317, 777], [2317, 837], [2123, 837]], '합니다만 .', 0.4748894322099737)]
[([[548, 514], [742, 514], [742, 568], [548, 568]], '어제의 난"', 0.9193065927045633), ([[604, 594], [670, 594], [670, 642], [604, 642]], '조금', 0.9999791795203197), ([[526, 670], [748, 670], [748, 724], [526, 724]], '취햇다고는 해도', 0.7248281399638761), ([[500, 748], [790, 748], [790, 800], [500, 800]], '너무 적극적이없어 ', 0.7001983598766777)]
[([[2096, 450], [2204, 450], [2204, 506], [2096, 506]], '뭐라고', 0.5892359106301568), ([[499, 477], [689, 477], [689, 537], [499, 537]], '아 아무것도', 0.8976848855867563), ([[538, 568], [654, 568], [654, 624], [538, 624]], '아니야', 0.9945476651191711), ([[2044, 536], [2265, 536], [2265, 603], [2044, 603]], '말씀하없나요?', 0.24052714385888568)]
[([[2103, 485], [2259, 485], [2259, 545], [2103, 545]], '괜찮아요', 0.9995673298835754), ([[2057, 573], [2317, 573], [2317, 633], [2057, 633]], '어디 가실래요?', 0.7593915228266781), ([[408, 664], [508, 664], [508, 718], [408, 718]], '그런결', 0.6248932031250395), ([[390, 746], [530, 746], [530, 802], [390, 802]], '정하는 건', 0.8890084773878059), ([[329, 826], [599, 826], [599, 886], [329, 886]], '남자의 일이라고-? |', 0.5795191435569911)]
[([[1881.055228236317, 1333.0406475412756], [2021.7075888516692, 1381.4805673290189], [1988.944771763683, 1470.9593524587244], [1847.2924111483308, 1422.5194326709811]], '조(', 0.0015438452050027262)]
[]
[]
[([[1882.1132466948843, 1341.0437916183316], [2014.7900617564812, 1383.0674332308445], [1987.8867533051157, 1459.9562083816684], [1856.2099382435188, 1417.9325667691555]], '는', 0.18219096710680915)]
[]
[([[1884.055228236317, 1332.0406475412756], [2022.7918143110405, 1383.8700366491366], [1987.944771763683, 1469.9593524587244], [1849.2081856889595, 1418.1299633508634]], '6', 0.020424840766388508)]
[]
[]
[([[1884.05190907372, 1337.0450452740604], [2015.8136453136829, 1384.0784470714468], [1985.94809092628, 1461.9549547259396], [1853.1863546863171, 1415.9215529285532]], '그늘', 0.007127206021462165)]
[]
[]
[([[1900, 916], [1962, 916], [1962, 972], [1900, 972]], "')", 0.12226570341246883)]
[]
[]
[]
[]
[]
[]
[]
[]
[]
[]
[]
[]
[]
[]
[]
[]
[]
[]
[]
[]
[]
[]
[]
[]
[]
[]
[]
[]
[]
[]
[]
[]
[]
[]
[]
[]
[]
[]
[]
[]
[]
[]
[]
[]
[]
[]
[]
[([[351.0588806163866, 1218.0246197729844], [608.5390415225031, 1295.9525288794223], [557.9411193836133, 1444.9753802270156], [300.46095847749683, 1367.0474711205777]], '(|(스', 0.06987518072128296)]
[([[342.9098448547494, 1229.0313004726395], [597.7618022615324, 1279.2532689084103], [559.0901551452506, 1440.9686995273605], [304.23819773846765, 1390.7467310915897]], '(', 0.8077958245141872)]
[([[344.99078839232465, 1219.0268217757032], [608.3087536062874, 1288.9216595836574], [561.0092116076754, 1444.9731782242968], [297.6912463937126, 1375.0783404163426]], '(|', 0.009978787983151622)]
[([[345.96329530880314, 1224.028304151098], [603.0520456716712, 1285.0734793455267], [558.0367046911969, 1444.971695848902], [301.9479543283288, 1383.9265206544733]], '(', 0.6950349208023567)]
[([[347.9854068872376, 1219.027108791343], [604.2970252607086, 1288.8795638262943], [555.0145931127624, 1443.972891208657], [299.7029747392915, 1374.1204361737057]], '((', 0.007355132549434208)]
[([[340.8077655963256, 1242.0508574770097], [481.1022331869477, 1265.961821834541], [456.1922344036744, 1386.9491425229903], [315.8977668130523, 1362.038178165459]], '0 /', 0.894092081750674)]
[([[343.96891293538823, 1223.0279980111432], [603.1931055758606, 1288.5217786184212], [557.0310870646118, 1444.9720019888568], [297.80689442413933, 1380.4782213815788]], '(', 0.06641472565110806)]
[([[350.0015396467946, 1225.0277136423026], [605.3747612401957, 1292.297057107917], [559.9984603532054, 1440.9722863576974], [304.62523875980435, 1373.702942892083]], '대1', 0.030495455189871297)]
[]
[]
[]
[]
[]
[]
[]
[]
[]
[]
[]
[]
[]
[]
[]
[]
[]
[]
[]
[]
[]
[]
[]
[]
[]
[([[1165, 953], [1485, 953], [1485, 1255], [1165, 1255]], '7사', 0.7267833172069329)]
[([[1161, 947], [1493, 947], [1493, 1251], [1161, 1251]], '7사', 0.03180994044722346)]
[([[1162, 946], [1486, 946], [1486, 1258], [1162, 1258]], '7사', 0.17736105617985723)]
[([[1161, 949], [1491, 949], [1491, 1255], [1161, 1255]], '7사', 0.37170042913791734)]
[([[1161, 949], [1485, 949], [1485, 1253], [1161, 1253]], '7사', 0.8483419212725601)]
[([[1163, 951], [1477, 951], [1477, 1255], [1163, 1255]], '7사', 0.8470828725770779)]
[([[1159, 947], [1495, 947], [1495, 1253], [1159, 1253]], '{사', 0.04669550025996386)]
[([[1151, 953], [1483, 953], [1483, 1257], [1151, 1257]], '7사', 0.7189397167132728)]
[([[1175, 947], [1493, 947], [1493, 1255], [1175, 1255]], '7사', 0.25353553099490284)]
[([[1154, 946], [1488, 946], [1488, 1258], [1154, 1258]], '7사', 0.21976482730837668)]
[]
[]
[]
[]
[]
[]
