2008106
16
[([[63, 6], [462, 6], [462, 60], [63, 60]], '저라+@@밟@@@@훨@어[', 7.92372675727254e-05), ([[1237, 227], [1421, 227], [1421, 289], [1237, 289]], '감우남께', 0.6985805630683899), ([[1167, 295], [1489, 295], [1489, 357], [1167, 357]], '자지틀 빨아달라', 0.5357677427182798), ([[1185, 363], [1475, 363], [1475, 425], [1185, 425]], '부탁해 보앗다.', 0.6378483208989052)]
[([[154, 796], [255, 796], [255, 847], [154, 847]], '네 ?', 0.37942807751978336)]
[([[143, 75], [195, 75], [195, 119], [143, 119]], '@', 0.34102125136579176), ([[203, 101], [251, 101], [251, 137], [203, 137]], '(', 0.300292609223618), ([[89, 117], [143, 117], [143, 161], [89, 161]], '6', 0.25133178699151415), ([[168, 138], [220, 138], [220, 186], [168, 186]], '@', 0.9963346988914203), ([[1191, 421], [1387, 421], [1387, 485], [1191, 485]], '감우님.!!', 0.914430208131045), ([[1069, 491], [1510, 491], [1510, 553], [1069, 553]], '이렇게 부탁드립니다!', 0.30496314025930055), ([[1039, 558], [1539, 558], [1539, 625], [1039, 625]], '제발 한번만 빨아주세와', 0.8045656594550711), ([[782, 1768], [842, 1768], [842, 1820], [782, 1820]], '9', 0.9624384308548919), ([[89.14231399598147, 148.05274336744995], [204.95436050068406, 188.20195863106903], [183.85768600401852, 242.94725663255005], [69.04563949931593, 203.79804136893097]], '@ (', 0.8800152540206909)]
[([[143, 75], [195, 75], [195, 119], [143, 119]], '@', 0.4246125479895113), ([[201, 99], [251, 99], [251, 137], [201, 137]], '(', 0.40231205867593545), ([[91, 117], [141, 117], [141, 161], [91, 161]], '(', 0.21108108154006633), ([[168, 138], [220, 138], [220, 186], [168, 186]], '@', 0.995939808159406), ([[1216, 276], [1466, 276], [1466, 344], [1216, 344]], '별정기 지남', 0.19881591868253584), ([[1117, 809], [1391, 809], [1391, 869], [1117, 869]], '죄. 죄송해요.', 0.531361375526126), ([[1003, 875], [1503, 875], [1503, 935], [1003, 935]], '아무리 그래도 그런 부탁은', 0.9259183114233221), ([[1047, 939], [1461, 939], [1461, 1001], [1047, 1001]], '들어드리기 힘들어요.', 0.8468482892007007), ([[89.14231399598147, 148.05274336744995], [204.95436050068406, 188.20195863106903], [183.85768600401852, 242.94725663255005], [69.04563949931593, 203.79804136893097]], '@ (', 0.8630959987640381)]
[([[143, 75], [195, 75], [195, 119], [143, 119]], '@', 0.4110376270461735), ([[201, 99], [251, 99], [251, 137], [201, 137]], '(', 0.4239723218923963), ([[91, 117], [141, 117], [141, 161], [91, 161]], '(', 0.17624566341736259), ([[168, 138], [220, 138], [220, 186], [168, 186]], '@', 0.9952052032492844), ([[1191, 603], [1391, 603], [1391, 663], [1191, 663]], '그렇군요..', 0.48062845430250917), ([[1091, 667], [1201, 667], [1201, 727], [1091, 727]], '후우 .', 0.7563369274139404), ([[1225, 669], [1491, 669], [1491, 729], [1225, 729]], '그럼 동정으로', 0.9762896399616253), ([[1111, 733], [1471, 733], [1471, 793], [1111, 793]], '생올 마감할 수밖에', 0.417209768596602), ([[1193, 799], [1387, 799], [1387, 859], [1193, 859]], '없젯네요.', 0.47733283783375124), ([[89.14231399598147, 148.05274336744995], [204.95436050068406, 188.20195863106903], [183.85768600401852, 242.94725663255005], [69.04563949931593, 203.79804136893097]], '@ (', 0.8895575404167175)]
[([[1143, 655], [1349, 655], [1349, 715], [1143, 715]], '저. 언젠가', 0.6820875686203463), ([[1067, 721], [1425, 721], [1425, 781], [1067, 781]], '분명 좋은 여성분올', 0.5608386341402397), ([[1031, 785], [1457, 785], [1457, 847], [1031, 847]], '만나실 수 잇을 거에요.', 0.5210774580802561)]
[([[1140, 730], [1344, 730], [1344, 784], [1140, 784]], '아뇨.. 그건', 0.29309923370184326), ([[1059, 793], [1429, 793], [1429, 853], [1059, 853]], '아마도 무리입니다..', 0.5909817396274717)]
[([[131, 83], [219, 83], [219, 213], [131, 213]], '0', 0.5064697509898544), ([[1165, 928], [1401, 928], [1401, 982], [1165, 982]], '네.?어째서.', 0.5971523163625371)]
[([[54, 154], [284, 154], [284, 210], [54, 210]], '보시다시피.', 0.8085453803927102), ([[1080, 586], [1198, 586], [1198, 640], [1080, 640]], '에!?', 0.9948072728783138), ([[253, 879], [507, 879], [507, 939], [253, 939]], '많은 여성분올', 0.9423460178746148), ([[266, 942], [490, 942], [490, 998], [266, 998]], '만나람지만.', 0.22191257120082933), ([[208, 1004], [550, 1004], [550, 1060], [208, 1060]], '제 자지틀 보자마자', 0.41385074679041844), ([[248, 1066], [514, 1066], [514, 1122], [248, 1122]], '도망가더군요..', 0.7214479577901413), ([[349, 1357], [449, 1357], [449, 1425], [349, 1425]], '빠;', 0.37372047766455785), ([[449, 1559], [549, 1559], [549, 1645], [449, 1645]], '빨', 0.08275186068431939), ([[1131, 1919], [1311, 1919], [1311, 1979], [1131, 1979]], '그. 그런.', 0.7088328869876481), ([[995, 1987], [1471, 1987], [1471, 2051], [995, 2051]], '이렇게나 늘름하신데..0', 0.3743611555349158)]
[([[758, 392], [938, 392], [938, 468], [758, 468]], "@이'", 0.14717551112764574), ([[1043, 653], [1291, 653], [1291, 715], [1043, 715]], '가  감우님?', 0.8343990712932497), ([[196, 1087], [369, 1087], [369, 1149], [196, 1149]], '밥소사 .!', 0.36210185203112866), ([[107, 1155], [453, 1155], [453, 1215], [107, 1215]], '감우남이 자지냄새', 0.4913177628570012), ([[1258, 1140], [1362, 1140], [1362, 1192], [1258, 1192]], '크옥 ', 0.17487883939456575), ([[45, 1219], [485, 1219], [485, 1281], [45, 1281]], '맡으면서 발정하고 있어', 0.8533259160910672), ([[1119, 1197], [1512, 1197], [1512, 1262], [1119, 1262]], "따뜻한 숨결이 닿아서'", 0.47014603584521514), ([[1143, 1265], [1487, 1265], [1487, 1325], [1143, 1325]], '자지 터질거 같아 .!', 0.5631644138640819), ([[255.9308939388298, 390.05731363111715], [453.7328609231476, 421.70404306428316], [436.0691060611702, 502.94268636888285], [239.2671390768524, 472.29595693571684]], '하아이', 0.14319506090553388)]
[([[97, 61], [363, 61], [363, 243], [97, 243]], '주', 0.8837383910003069), ([[1270, 220], [1534, 220], [1534, 371], [1270, 371]], '헤모다', 0.031808073357864355), ([[809, 347], [1065, 347], [1065, 511], [809, 511]], '예로', 0.10560055449549684), ([[785, 638], [907, 638], [907, 698], [785, 698]], '옷 .!?', 0.6672227744961381), ([[735, 711], [957, 711], [957, 771], [735, 771]], '오오오옷]', 0.2667081052689264), ([[111, 1192], [334, 1192], [334, 1252], [111, 1252]], '감우님께서', 0.5855534536313818), ([[1166, 1057], [1349, 1057], [1349, 1285], [1166, 1285]], '', 0.0), ([[41, 1259], [405, 1259], [405, 1321], [41, 1321]], '나같은놈의 자지틀', 0.2889064045428177), ([[1, 1327], [411, 1327], [411, 1389], [1, 1389]], '격하게 빨아주시다니', 0.920336336199242), ([[589, 1349], [800, 1349], [800, 1496], [589, 1496]], "'소와", 0.11164946377175992), ([[217, 1609], [493, 1609], [493, 1749], [217, 1749]], '또', 0.04658586221189531), ([[560, 1575], [796, 1575], [796, 1737], [560, 1737]], '꾸움 도', 0.1616034209728241), ([[1100, 1592], [1294, 1592], [1294, 1820], [1100, 1820]], '{', 0.10567546105912928), ([[1108, 1890], [1240, 1890], [1240, 1946], [1108, 1946]], '크옥  !', 0.2146675345592866), ([[973, 1953], [1369, 1953], [1369, 2018], [973, 2018]], '능숙하게 기둥위주로', 0.9942350538819382), ([[1059, 2021], [1287, 2021], [1287, 2081], [1059, 2081]], '공락까지..!!', 0.6194238693966373), ([[1319.698414177725, 487.19048506635], [1539.4976042383178, 457.012190739695], [1546.301585822275, 574.80951493365], [1326.5023957616822, 604.9878092603051]], '폐`', 0.012867662692533513)]
[([[1166, 68], [1268, 68], [1268, 124], [1166, 124]], '옷. !!', 0.16668020046970622), ([[1063, 137], [1369, 137], [1369, 199], [1063, 199]], '가 간다 . !정액', 0.6695220799785211), ([[1103, 207], [1331, 207], [1331, 269], [1103, 269]], '올라온다  !', 0.44641619865376264), ([[712, 440], [860, 440], [860, 584], [712, 584]], '품', 0.6917205724601025), ([[356, 521], [647, 521], [647, 705], [356, 705]], '주원 ', 0.07765569884170107), ([[1096, 1046], [1368, 1046], [1368, 1110], [1096, 1110]], '느오오오옷', 0.6210611877218299), ([[199, 1121], [390, 1121], [390, 1286], [199, 1286]], '치0', 0.010777806717913549), ([[922, 1164], [1051, 1164], [1051, 1527], [922, 1527]], '{', 0.11403334569767853), ([[1347, 1811], [1469, 1811], [1469, 1871], [1347, 1871]], '옷.9', 0.8608450594074024), ([[1296, 1880], [1519, 1880], [1519, 1944], [1296, 1944]], '오욕..90', 0.3521591855074849), ([[768, 1941], [1138, 1941], [1138, 2178], [768, 2178]], '푹육', 0.08520423638926886), ([[372.8842815829221, 156.03278690967508], [605.3745931123412, 200.3108183673043], [568.1157184170779, 363.96721309032495], [335.62540688765876, 319.6891816326957]], '젓원', 0.024911037561209975), ([[198.1727536157589, 342.0929854344372], [371.00743048436004, 319.5902418678315], [382.8272463842411, 475.9070145655628], [209.99256951563993, 499.4097581321685]], '꿈', 0.3809844226458523)]
[([[1307, 220], [1459, 220], [1459, 276], [1307, 276]], '감우님..', 0.45782272303023935), ([[84, 388], [302, 388], [302, 444], [84, 444]], '하아 하아', 0.5570359032013269), ([[168, 806], [326, 806], [326, 862], [168, 862]], '감우님!', 0.5404441356658936), ([[105, 869], [389, 869], [389, 929], [105, 929]], '부탁드컵니다]', 0.288093122094192), ([[107, 935], [397, 935], [397, 995], [107, 995]], '교미해 주세요', 0.9985768292409997), ([[972, 1332], [1214, 1332], [1214, 1386], [972, 1386]], '감우님 보지로', 0.6732325786545873), ([[969, 1387], [1219, 1387], [1219, 1450], [969, 1450]], '동정 졸업하게', 0.9971956061019707), ([[1002, 1452], [1188, 1452], [1188, 1506], [1002, 1506]], '해주세요', 0.9996135234832764), ([[612, 1724], [696, 1724], [696, 1800], [612, 1800]], '운국', 0.07139329853434699), ([[1006, 1724], [1198, 1724], [1198, 1772], [1006, 1772]], '아  알켓으니', 0.17041016914330692), ([[461, 1775], [543, 1775], [543, 1835], [461, 1835]], '문_', 0.32945426186359467), ([[1017, 1777], [1187, 1777], [1187, 1821], [1017, 1821]], '옷에 비비지', 0.4953380343370049), ([[1007, 1827], [1187, 1827], [1187, 1871], [1007, 1871]], '말아주세요.', 0.6519009636192133), ([[958.8573136639777, 263.14412111343484], [1151.6424879847566, 231.02491578507028], [1165.1426863360223, 368.85587888656516], [971.3575120152435, 400.9750842149297]], '물쩍', 0.3268494341711116)]
[([[986, 120], [1126, 120], [1126, 174], [986, 174]], '저기 ', 0.7233185272035721), ([[941, 889], [1031, 889], [1031, 933], [941, 933]], '보지', 0.7024528489573447), ([[158, 1054], [354, 1054], [354, 1108], [158, 1108]], '이런자세는', 0.7863383613270631), ([[110, 1111], [400, 1111], [400, 1166], [110, 1166]], '조금 부끄럽네요.', 0.5856728854480484), ([[173, 1983], [435, 1983], [435, 2043], [173, 2043]], '감우님 보지.!', 0.7832266399051682), ([[1201, 1964], [1451, 1964], [1451, 2105], [1201, 2105]], '하0', 0.07607784059299408)]
[([[192, 514], [328, 514], [328, 570], [192, 570]], '보지!', 0.5254368782043457), ([[1217, 552], [1348, 552], [1348, 614], [1217, 614]], '양00', 0.6984366685068867), ([[1122, 854], [1242, 854], [1242, 910], [1122, 910]], '울움.!', 0.35458651185035706), ([[1324, 1014], [1440, 1014], [1440, 1092], [1324, 1092]], '증', 0.009936277483106937), ([[1471, 1037], [1539, 1037], [1539, 1117], [1471, 1117]], '품', 0.13248200101065777), ([[1532, 1084], [1556, 1084], [1556, 1112], [1532, 1112]], '0', 0.34800045429564364), ([[170, 1119], [276, 1119], [276, 1187], [170, 1187]], '@처', 0.10469501811279923), ([[1383, 1129], [1497, 1129], [1497, 1213], [1383, 1213]], '(30', 0.2876575680129285), ([[69, 1540], [311, 1540], [311, 1721], [69, 1721]], '애', 0.057745242869442714), ([[42, 1938], [272, 1938], [272, 2106], [42, 2106]], '%', 0.017860985510086635), ([[374, 1870], [544, 1870], [544, 2044], [374, 2044]], '쫓', 0.0579171695420877), ([[854.4311031765369, 78.00770721421185], [1008.081409387356, 60.624051466542944], [1050.568896823463, 488.99229278578815], [896.918590612644, 506.37594853345706]], '품', 0.9476414666423807), ([[205.01001286974903, 92.0222857084287], [538.4176176812596, 179.97151584874774], [483.98998713025094, 357.9777142915713], [150.58238231874037, 271.02848415125226]], '섞의', 0.0055110497418067545), ([[1169.1712625166033, 1599.010733140886], [1563.9572795181475, 1810.3470372663028], [1430.8287374833967, 2048.989266859114], [1036.0427204818525, 1837.6529627336972]], '스치', 0.011438257906166115)]
[([[121, 14], [741, 14], [741, 87], [121, 87]], '[의:?@@-@@"미@의@머@@의', 3.885607211964269e-05), ([[124, 75], [626, 75], [626, 131], [124, 131]], '[@@훨@@|뉴리흐@-@@', 9.260874927180066e-05), ([[778, 46], [1277, 46], [1277, 113], [778, 113]], '([민붉 "록다 [[@[[8되[낱))', 0.00015038739823549383)]
