2009238
16
[([[347, 99], [800, 99], [800, 196], [347, 196]], '리쓰-산;형', 1.723084857696264e-05), ([[376, 196], [824, 196], [824, 294], [376, 294]], '-리,(~<', 0.00032723289910029514), ([[692, 488], [797, 488], [797, 545], [692, 545]], '@', 0.7963971686880456), ([[679, 528], [806, 528], [806, 585], [679, 585]], '@때0', 0.02442147726271945), ([[632, 842], [684, 842], [684, 922], [632, 922]], '요', 0.1027480384530044), ([[684, 1002], [766, 1002], [766, 1026], [684, 1026]], '지어이시', 0.0009787422604858875), ([[689, 1025], [765, 1025], [765, 1069], [689, 1069]], '허1', 0.0036104200926124377), ([[684, 1066], [768, 1066], [768, 1090], [684, 1090]], '뽑스교', 0.027938113656094873), ([[685, 1105], [713, 1105], [713, 1119], [685, 1119]], '뼈시', 0.09418122232204484), ([[692, 1090], [772, 1090], [772, 1120], [692, 1120]], '전 청가@소', 0.006323303267005719)]
[([[89, 135], [153, 135], [153, 153], [89, 153]], '쇼5 쇼 {3', 0.10312662527245657), ([[104, 152], [166, 152], [166, 178], [104, 178]], '"때', 0.8505663699965796)]
[]
[([[596.2445888727061, 706.0285731197205], [667.4383740328302, 686.1039866541279], [709.7554111272939, 857.9714268802795], [639.5616259671698, 877.8960133458721]], '=', 0.24946396504823554)]
[]
[]
[]
[([[208, 762], [258, 762], [258, 824], [208, 824]], '젊', 0.03356320701795945)]
[([[162, 266], [210, 266], [210, 296], [162, 296]], '라는', 0.8844070627639844), ([[124, 290], [208, 290], [208, 322], [124, 322]], '얘기인데', 0.9993276596069336), ([[126, 316], [204, 316], [204, 348], [126, 348]], '말이야~ .', 0.9731117270191472), ([[646, 506], [768, 506], [768, 534], [646, 534]], '어때? 다이아도', 0.9958262971148897), ([[99, 523], [204, 523], [204, 567], [99, 567]], '할 리가', 0.8621424213636755), ([[646, 528], [772, 528], [772, 560], [646, 560]], '해보지 않플래?', 0.45950990858425245), ([[238, 548], [336, 548], [336, 580], [238, 580]], '기분 좋아서', 0.9969074631362178), ([[662, 552], [738, 552], [738, 582], [662, 582]], '돌고래량', 0.5163254141807556), ([[89, 557], [209, 557], [209, 599], [89, 599]], '없장아요', 0.4134003221988678), ([[242, 572], [332, 572], [332, 600], [242, 600]], '중독펼지도', 0.6651263362874245), ([[91, 587], [211, 587], [211, 627], [91, 627]], '그판 짓덕!', 0.11604558894170908), ([[246, 594], [330, 594], [330, 622], [246, 622]], '모르다고?', 0.6656511189215417), ([[181, 721], [399, 721], [399, 757], [181, 757]], '어느 쪽도 안 할 거예요분!', 0.17181335669043962), ([[200, 747], [380, 747], [380, 776], [200, 776]], '그나저나 두 사랗다', 0.7501647297476023), ([[490, 746], [578, 746], [578, 776], [490, 776]], '잠깐 마리!', 0.5349590204010718), ([[646, 738], [708, 738], [708, 768], [646, 768]], '그 굵은', 0.6522684097290039), ([[186, 770], [396, 770], [396, 800], [186, 800]], '언제부터 그런 마니악한', 0.8974910372099433), ([[500, 768], [570, 768], [570, 794], [500, 794]], '돌고래도', 0.9999200701713562), ([[640, 760], [710, 760], [710, 786], [640, 786]], '폐니스로', 0.6041711259059017), ([[640, 782], [710, 782], [710, 808], [640, 808]], '안족까지', 0.6272927522659302), ([[715, 731], [779, 731], [779, 813], [715, 813]], '혈', 0.13069855802770292), ([[82, 806], [130, 806], [130, 830], [82, 830]], '언니', 0.9999491712790576), ([[226, 792], [352, 792], [352, 820], [226, 820]], '풀레이블 하고', 0.4285271897471721), ([[506, 790], [562, 790], [562, 816], [506, 816]], '사정이', 0.999793457486137), ([[648, 804], [702, 804], [702, 830], [648, 830]], '박히면', 0.9995370939400244), ([[722, 800], [770, 800], [770, 826], [722, 826]], '어때?', 0.9999430815157786), ([[66, 826], [150, 826], [150, 850], [66, 850]], '바다사자', 0.9916768670082092), ([[226, 816], [352, 816], [352, 846], [226, 846]], '계션던 거죄?', 0.3520237327908561), ([[486, 812], [582, 812], [582, 840], [486, 840]], '굉장하다고', 0.9953349254685175), ([[636, 824], [718, 824], [718, 854], [636, 854]], '끝내출철?', 0.8084632516557279), ([[52, 848], [160, 848], [160, 872], [52, 872]], '씨의 자지도', 0.985625696982288), ([[226, 838], [352, 838], [352, 864], [226, 864]], '그리고 어째서', 0.928528411885359), ([[48, 868], [164, 868], [164, 898], [48, 898]], '기분 좋다고!', 0.8843661056078976), ([[193, 857], [388, 857], [388, 893], [193, 893]], '제계 권하는 건가요?', 0.8111352012026627), ([[201, 979], [251, 979], [251, 1019], [201, 1019]], '불소', 0.16579961736916052), ([[43, 1019], [135, 1019], [135, 1061], [43, 1061]], '후비?', 0.44661340424578877)]
[([[78, 46], [178, 46], [178, 96], [78, 96]], '오마켓', 0.28841461365666515), ([[204, 284], [230, 284], [230, 318], [204, 318]], '사)', 0.14983642362408758), ([[0, 260], [166, 260], [166, 548], [0, 548]], '88', 0.3388386469566398), ([[4.148837433987414, 102.01907477791931], [149.49276214845167, 87.53980196599335], [170.8511625660126, 362.9809252220807], [25.507237851548325, 376.4601980340067]], '퍽', 0.18259408218998274)]
[([[381, 17], [513, 17], [513, 79], [381, 79]], '오마귀고', 0.48138368129730225), ([[110, 86], [172, 86], [172, 136], [110, 136]], '말도', 0.9996805418357372), ([[72, 132], [210, 132], [210, 182], [72, 182]], '예상 외로', 0.9990918786319067), ([[670, 138], [776, 138], [776, 188], [670, 188]], '돌고래도', 0.9936591982841492), ([[93, 183], [189, 183], [189, 223], [93, 223]], '나쁘지', 0.99901021708737), ([[648, 194], [686, 194], [686, 226], [648, 226]], '꽤', 0.999241495967965), ([[690, 184], [798, 184], [798, 234], [690, 234]], '하줌아', 0.11609830612907368), ([[98, 222], [184, 222], [184, 274], [98, 274]], '안네', 0.7010644012963587), ([[318, 288], [348, 288], [348, 348], [318, 348]], '훈', 0.10210266518939548), ([[305, 341], [343, 341], [343, 408], [305, 408]], '훔', 0.07395855666176487), ([[187, 615], [285, 615], [285, 681], [187, 681]], '5내', 0.007993808241304426), ([[200, 662], [318, 662], [318, 734], [200, 734]], '펼>렁', 0.00038479046772738995)]
[([[89, 587], [471, 587], [471, 623], [89, 623]], '돌고래의 사정은 3~47 날아간다고 합니다.', 0.5384822754262415)]
[([[397, 399], [469, 399], [469, 441], [397, 441]], '빛사', 0.27313649934713313), ([[295, 479], [573, 479], [573, 523], [295, 523]], '[벼@교-+;형 -+라*+~ /', 3.441896055303144e-05), ([[320, 560], [546, 560], [546, 592], [320, 592]], '독{주:한^36735', 0.03251442979643969), ([[370, 588], [498, 588], [498, 620], [370, 620]], '#수주활:한^', 0.0029005284299495047), ([[201, 613], [669, 613], [669, 652], [201, 652]], '표{; 터:2018483125 1=*57-5194', 0.022671510829938117), ([[326, 644], [544, 644], [544, 676], [326, 676]], '[차:#코숲# 채#', 0.013839692474815061), ([[240, 672], [628, 672], [628, 704], [240, 704]], '###:$교`신,교_+비7+고훈@높+교교;.-0;명', 1.3297592303591533e-06), ([[194, 699], [675, 699], [675, 731], [194, 731]], '* 쓸# 사0 #--@#빛 깨고 ##손  총화.', 0.001599486640064811)]
[([[264, 514], [584, 514], [584, 604], [264, 604]], '{43쇼', 0.18010812997817993), ([[266, 610], [578, 610], [578, 702], [266, 702]], '7구"7', 0.12862154841423035)]
[([[177, 21], [609, 21], [609, 181], [177, 181]], '소|=)', 0.004754450637847185), ([[414, 258], [612, 258], [612, 310], [414, 310]], '카난의 음란한', 0.9434376313302035), ([[46, 306], [184, 306], [184, 356], [46, 356]], '오늘 밤은', 0.7168595430204515), ([[424, 302], [604, 302], [604, 350], [424, 350]], '오세자키에서', 0.9510642290154795), ([[321, 349], [371, 349], [371, 365], [321, 365]], "'111511", 0.2240758266908284), ([[38, 350], [190, 350], [190, 398], [38, 398]], '사타구니의', 0.9974129590557725), ([[464, 344], [564, 344], [564, 392], [464, 392]], '마음껏', 0.9582362174987793), ([[35, 391], [192, 391], [192, 441], [35, 441]], '웨트뉴트는', 0.5347527856838526), ([[418, 384], [608, 384], [608, 436], [418, 436]], '밤의 다이방올', 0.8633857936309632), ([[38, 434], [162, 434], [162, 484], [38, 484]], '필요없어-', 0.7777913295076551), ([[431, 427], [590, 427], [590, 479], [431, 479]], '엔조이해쥐.', 0.8758855912685891), ([[58, 686], [284, 686], [284, 782], [58, 782]], '룻통0', 0.00403295642353125), ([[133, 777], [581, 777], [581, 869], [133, 869]], '방골새민켓큼데', 0.00018220526873975366)]
[([[909, 5], [1224, 5], [1224, 122], [909, 122]], '번역후기', 0.9902326464653015), ([[194, 118], [224, 118], [224, 154], [194, 154]], '5', 0.03750528872049941), ([[995, 151], [1154, 151], [1154, 201], [995, 201]], '안녕하세요.', 0.9609905984955929), ([[499, 121], [707, 121], [707, 334], [499, 334]], '부부', 0.9286165414147689), ([[971, 233], [1061, 233], [1061, 275], [971, 275]], '고래지', 0.23070779476965786), ([[989, 195], [1165, 195], [1165, 237], [989, 237]], '그런피스보다', 0.680522936664938), ([[1059, 233], [1183, 233], [1183, 275], [1059, 275]], '사랑하는', 0.8629994988441467), ([[981, 271], [1169, 271], [1169, 313], [981, 313]], '[내시마입니다:', 0.012796299748583833), ([[971, 345], [1181, 345], [1181, 389], [971, 389]], '고래류가 흔하디', 0.5942310102795213), ([[970, 382], [1184, 382], [1184, 430], [970, 430]], '흔햇으면 얼마나', 0.6106811078651316), ([[999, 423], [1153, 423], [1153, 467], [999, 467]], '종앞올까요', 0.2183484120404146), ([[983, 499], [1167, 499], [1167, 543], [983, 543]], '이종간도 하고', 0.9835372685562455), ([[985, 537], [1167, 537], [1167, 581], [985, 581]], '동성애도 하고', 0.9862978459493299), ([[982, 572], [1169, 572], [1169, 621], [982, 621]], '폐도짓도 하는', 0.5387899438285972), ([[1015, 615], [1137, 615], [1137, 655], [1015, 655]], '돌고래랑', 0.590258777141571), ([[971, 650], [1183, 650], [1183, 695], [971, 695]], '교류하고 싶어라', 0.9991637309186505), ([[955, 727], [1195, 727], [1195, 771], [955, 771]], '제목은 리듬게임의', 0.8469835117654025), ([[955, 765], [1197, 765], [1197, 809], [955, 809]], '곡명이라고 하네요', 0.6417821015614019), ([[935, 803], [1215, 803], [1215, 847], [935, 847]], '다른 의미로 셋젯지만.', 0.3033467908629085), ([[959, 903], [1215, 903], [1215, 991], [959, 991]], '[예시)', 0.006056320387870073), ([[913, 997], [1245, 997], [1245, 1038], [913, 1038]], '번역문의 : @*[,히|@꼽적리니<어김', 0.00017394656516589208), ([[439.53125583871326, 248.0157119968275], [492.3926392974741, 234.01102050496075], [537.4687441612867, 410.98428800317254], [484.6073607025259, 425.98897949503925]], '불', 0.9793243273637842)]
