2012772
17
[([[21, 5], [150, 5], [150, 520], [21, 520]], '중', 0.005913624572181142), ([[20, 654], [140, 654], [140, 906], [20, 906]], '관', 0.038765377344639695)]
[([[77, 73], [125, 73], [125, 117], [77, 117]], '트', 0.5947268263129821), ([[269, 67], [401, 67], [401, 127], [269, 127]], '너지?', 0.9999938057061831), ([[474, 50], [550, 50], [550, 126], [474, 126]], '도', 0.9999854565195534), ([[36, 114], [168, 114], [168, 168], [36, 168]], '정의의', 0.9999664132240463), ([[237, 123], [419, 123], [419, 185], [237, 185]], '사람들의', 0.9868671894073486), ([[30, 166], [164, 166], [164, 222], [30, 222]], '영웅인', 0.8010807037353516), ([[259, 179], [409, 179], [409, 239], [259, 239]], '정력올', 0.9931693793001776), ([[461, 45], [621, 45], [621, 299], [461, 299]], '질움', 0.15798161127962362), ([[237, 235], [413, 235], [413, 297], [237, 297]], '빨아먹는', 0.2861938774585724), ([[259, 291], [409, 291], [409, 353], [259, 353]], '괴인이', 0.9056094244551904), ([[457, 637], [519, 637], [519, 709], [457, 709]], '78', 0.20526210322993263), ([[16, 778], [137, 778], [137, 851], [16, 851]], '내가', 0.9999047494510812), ([[62, 848], [114, 848], [114, 910], [62, 910]], '널', 0.9877054643687053), ([[29, 907], [139, 907], [139, 975], [29, 975]], '혼내', 0.9462391125249284), ([[17, 973], [149, 973], [149, 1037], [17, 1037]], '주마!', 0.9884632681873724), ([[141, 1507], [185, 1507], [185, 1563], [141, 1563]], '덤', 0.5416984587735421), ([[134, 1564], [186, 1564], [186, 1618], [134, 1618]], '벼', 0.9999969005608733), ([[1193, 1535], [1277, 1535], [1277, 1687], [1193, 1687]], '꿀', 0.2301677617993505)]
[([[915, 128], [1205, 128], [1205, 240], [915, 240]], '하하이~', 0.9642055630683899), ([[1, 957], [97, 957], [97, 1043], [1, 1043]], '<;', 0.6783201935473089), ([[1084, 980], [1280, 980], [1280, 1182], [1084, 1182]], '9', 0.28939543880648344), ([[51, 1273], [161, 1273], [161, 1517], [51, 1517]], '향', 0.1419347406940199), ([[279, 1483], [341, 1483], [341, 1633], [279, 1633]], '쌀', 0.3174009902126649)]
[([[177, 11], [407, 11], [407, 219], [177, 219]], ')', 0.05320391481866005), ([[394, 1112], [581, 1112], [581, 1179], [394, 1179]], '씨', 0.16249264844134714), ([[708, 1149], [911, 1149], [911, 1241], [708, 1241]], ',-씨', 0.043299319920430505), ([[177, 1177], [244, 1177], [244, 1308], [177, 1308]], '만', 0.9979669662506616), ([[47, 1383], [131, 1383], [131, 1647], [47, 1647]], '양', 0.994190928381844), ([[448, 1433], [569, 1433], [569, 1611], [448, 1611]], '엇', 0.06448954284551078), ([[445, 1725], [513, 1725], [513, 1769], [445, 1769]], '쓸', 0.012848448041411997)]
[([[311, 247], [527, 247], [527, 339], [311, 339]], '자~아', 0.9989111221516822), ([[373, 331], [459, 331], [459, 421], [373, 421]], '끝', 0.9999480254251125), ([[67, 531], [316, 531], [316, 611], [67, 611]], '히어로군', 0.9060774445533752), ([[78, 604], [324, 604], [324, 682], [78, 682]], '저버럿네', 0.27220961451530457), ([[377, 943], [439, 943], [439, 1023], [377, 1023]], '1', 0.005946247397014881), ([[299, 1005], [387, 1005], [387, 1157], [299, 1157]], '""', 0.16532855049772255)]
[([[1071, 101], [1215, 101], [1215, 161], [1071, 161]], '오늘은', 0.6698672771453857), ([[29, 149], [261, 149], [261, 209], [29, 209]], '(히어로로 널', 0.4578416949370661), ([[1054, 152], [1242, 152], [1242, 212], [1054, 212]], '저번처럼', 0.9811375737190247), ([[82, 202], [214, 202], [214, 256], [82, 256]], '무조건', 0.9999864413857785), ([[1049, 207], [1253, 207], [1253, 267], [1049, 267]], '안 훨거야', 0.4476628328717779), ([[60, 249], [235, 249], [235, 310], [60, 310]], '쓰러뜨길', 0.8424216508865356), ([[1129, 267], [1169, 267], [1169, 309], [1129, 309]], '!!', 0.9943220732764424), ([[72, 304], [224, 304], [224, 358], [72, 358]], '거니까!', 0.9969338178634644), ([[8, 1472], [356, 1472], [356, 1736], [8, 1736]], '(65', 0.6183144386574784), ([[468, 1442], [760, 1442], [760, 1740], [468, 1740]], '8', 0.9964084744414983)]
[([[1015, 89], [1159, 89], [1159, 149], [1015, 149]], '호~라', 0.9976169531593715), ([[32, 166], [246, 166], [246, 220], [32, 220]], '하지만 아직', 0.9989634733007619), ([[350, 112], [424, 112], [424, 254], [350, 254]], '꿈', 0.08009304408028584), ([[969, 143], [1185, 143], [1185, 211], [969, 211]], '이 누나의', 0.9821916455847544), ([[6, 212], [254, 212], [254, 266], [6, 266]], '마버리면 안되', 0.300011242564159), ([[983, 203], [1185, 203], [1185, 265], [983, 265]], '가슴이량', 0.4374449551105499), ([[12, 258], [278, 258], [278, 314], [12, 314]], '[자지 세우지 마', 0.5667453994555738), ([[1007, 261], [1163, 261], [1163, 321], [1007, 321]], '오목한', 0.62968909740448), ([[985, 317], [1187, 317], [1187, 381], [985, 381]], '사랑하자', 0.9999235272407532), ([[174, 1482], [290, 1482], [290, 1556], [174, 1556]], '손이', 0.9994484266112047), ([[1004, 1474], [1182, 1474], [1182, 1548], [1004, 1548]], "'이런짓", 0.7740137577056885), ([[21, 1565], [293, 1565], [293, 1633], [21, 1633]], '멈추지 않아', 0.8861127199362273), ([[982, 1540], [1184, 1540], [1184, 1616], [982, 1616]], '하면 안', 0.9996923840883286), ([[1003, 1609], [1182, 1609], [1182, 1683], [1003, 1683]], '되는데', 0.5010456442832947), ([[279.41760780679857, 157.02122695314011], [341.19844303542396, 143.09027596620186], [376.58239219320143, 309.9787730468599], [313.80155696457604, 323.9097240337981]], '}', 0.00958953907680199)]
[([[705, 87], [805, 87], [805, 147], [705, 147]], '이제', 0.9997687059305996), ([[666, 142], [860, 142], [860, 204], [666, 204]], '절정이네', 0.9827163815498352), ([[653, 365], [721, 365], [721, 621], [653, 621]], '품', 0.014228780252242501), ([[573, 1725], [699, 1725], [699, 1791], [573, 1791]], "건9'", 0.0006552640740273075)]
[([[1157, 171], [1261, 171], [1261, 233], [1157, 233]], '하이', 0.9998697687220024), ([[441, 251], [487, 251], [487, 295], [441, 295]], '극', 0.9905888584956166), ([[428, 294], [508, 294], [508, 342], [428, 342]], '오늘', 0.6610673069953918), ([[418, 337], [536, 337], [536, 387], [418, 387]], '만큼은', 0.856619119644165), ([[1083, 379], [1280, 379], [1280, 443], [1083, 443]], '이번에도', 0.9847721457481384), ([[37, 441], [121, 441], [121, 485], [37, 485]], '너름', 0.37022267327386044), ([[1081, 435], [1280, 435], [1280, 499], [1081, 499]], '히어로군', 0.844066858291626), ([[12, 484], [166, 484], [166, 534], [12, 534]], '혼내주고', 0.7886795401573181), ([[1109, 493], [1251, 493], [1251, 555], [1109, 555]], '참패 ~', 0.66972206996074), ([[1124, 920], [1176, 920], [1176, 974], [1124, 974]], '아', 0.9999060652858702), ([[102, 926], [152, 926], [152, 1030], [102, 1030]], '약', 0.8854721094058995), ([[46, 1304], [138, 1304], [138, 1378], [46, 1378]], '03@', 0.6252375961821498), ([[1158, 1314], [1238, 1314], [1238, 1414], [1158, 1414]], '$', 0.09717094619337363), ([[1170, 1412], [1244, 1412], [1244, 1494], [1170, 1494]], '38', 0.2524598136962845), ([[1157, 1490], [1246, 1490], [1246, 1639], [1157, 1639]], '8', 0.01390486549022385)]
[([[72, 570], [120, 570], [120, 618], [72, 618]], '후', 0.06357297928515493), ([[105, 771], [213, 771], [213, 839], [105, 839]], '벌써', 0.9999023050029427), ([[76, 832], [240, 832], [240, 904], [76, 904]], '타락해', 0.9996202304685796), ([[34, 896], [286, 896], [286, 968], [34, 968]], '버버린거야?', 0.669979976407019), ([[1132, 914], [1231, 914], [1231, 967], [1132, 967]], '저기.', 0.6979181053482602), ([[1122, 964], [1248, 964], [1248, 1014], [1122, 1014]], '오늘도', 0.5496182441711426), ([[1148, 1012], [1234, 1012], [1234, 1060], [1148, 1060]], '저클', 0.4531726437491009), ([[641, 1257], [719, 1257], [719, 1301], [641, 1301]], '지게', 0.9941761547082122), ([[601, 1297], [743, 1297], [743, 1345], [601, 1345]], '해주세요', 0.992655336856842), ([[29, 1515], [165, 1515], [165, 1577], [29, 1577]], '원하는', 0.8771021267799551), ([[410, 1498], [530, 1498], [530, 1570], [410, 1570]], '그래', 0.9999219449288276), ([[1064, 1368], [1138, 1368], [1138, 1544], [1064, 1544]], '삼', 0.038203996713292776), ([[50, 1570], [144, 1570], [144, 1624], [50, 1624]], '대로', 0.999994015152757), ([[7, 1619], [185, 1619], [185, 1679], [7, 1679]], "'해줄게 ~", 0.562425662595762), ([[401, 1553], [542, 1553], [542, 1713], [401, 1713]], '장영', 0.9881714302620423)]
[([[733, 79], [997, 79], [997, 143], [733, 143]], "'화화 처음에", 0.7501710221023364), ([[50, 110], [271, 110], [271, 166], [50, 166]], '조금이라도', 0.9992390434282199), ([[92, 162], [228, 162], [228, 218], [92, 218]], '마시면', 0.9998121087079549), ([[749, 137], [965, 137], [965, 201], [749, 201]], '네가 젖단', 0.24771641464614955), ([[39, 211], [325, 211], [325, 271], [39, 271]], '식이 날라가세', 0.9974528595472645), ([[832, 196], [882, 196], [882, 252], [832, 252]], '내', 0.9999614957701262), ([[54, 263], [265, 263], [265, 320], [54, 320]], '야한 것 만', 0.9090387079267819), ([[737, 247], [993, 247], [993, 315], [737, 315]], '폐로론이야', 0.5003132709822505), ([[34, 316], [284, 316], [284, 372], [34, 372]], '생각 하게 돼', 0.825940697396566), ([[710, 1404], [866, 1404], [866, 1502], [710, 1502]], '3  ', 0.18018648028373718), ([[1007, 1448], [1248, 1448], [1248, 1508], [1007, 1508]], '이런 위험한', 0.8716050546109505), ([[104, 1490], [192, 1490], [192, 1542], [104, 1542]], '특제', 0.9994522192167566), ([[1062, 1504], [1198, 1504], [1198, 1560], [1062, 1560]], '냄새클', 0.38324063075384085), ([[48, 1540], [261, 1540], [261, 1594], [48, 1594]], '폐로문으로', 0.3450967340478606), ([[1015, 1553], [1257, 1553], [1257, 1613], [1015, 1613]], '이 거리에서', 0.8073255301054472), ([[21, 1585], [288, 1585], [288, 1645], [21, 1645]], '머리 이상하게', 0.9555714365230118), ([[1047, 1605], [1227, 1605], [1227, 1665], [1047, 1665]], '맡논다니', 0.23043679089413935), ([[62, 1636], [250, 1636], [250, 1690], [62, 1690]], '되 버려라', 0.9953609774362704)]
[([[455, 145], [613, 145], [613, 211], [455, 211]], '아하하', 0.9997995139663397), ([[454, 200], [614, 200], [614, 272], [454, 272]], '나용다', 0.6121691379384773), ([[455, 258], [613, 258], [613, 326], [455, 326]], '나용다', 0.9656617663277065), ([[91, 773], [135, 773], [135, 907], [91, 907]], '양', 0.655531294994617), ([[38, 1146], [216, 1146], [216, 1202], [38, 1202]], '겨드랑이', 0.9826638698577881), ([[27, 1197], [247, 1197], [247, 1257], [27, 1257]], '냄새만으로', 0.9987437158126353), ([[708, 1182], [740, 1182], [740, 1262], [708, 1262]], '{', 0.536798617046216), ([[26, 1250], [246, 1250], [246, 1306], [26, 1306]], '오줌싸다니', 0.569917410011947), ([[46, 1302], [224, 1302], [224, 1358], [46, 1358]], '부끄러워', 0.9419326186180115), ([[90, 1436], [224, 1436], [224, 1490], [90, 1490]], '그래도', 0.9999390896673935), ([[72, 1486], [256, 1486], [256, 1540], [72, 1540]], '앞으로 더', 0.9683106362373114), ([[70, 1538], [246, 1538], [246, 1592], [70, 1592]], '부끄러운', 0.9947581887245178), ([[90, 1588], [224, 1588], [224, 1642], [90, 1642]], '모습올', 0.981569692196257), ([[72, 1640], [246, 1640], [246, 1694], [72, 1694]], '드러내게', 0.9822672605514526), ([[72, 1690], [260, 1690], [260, 1744], [72, 1744]], '월 테니까', 0.706189612625633)]
[([[662, 42], [754, 42], [754, 98], [662, 98]], '그럼', 0.9999599607286936), ([[660, 94], [754, 94], [754, 150], [660, 150]], '이제', 0.9998793778504272), ([[242, 124], [372, 124], [372, 180], [242, 180]], '천천히', 0.999235869427266), ([[224, 174], [396, 174], [396, 230], [224, 230]], '다가가세', 0.998471200466156), ([[469, 203], [641, 203], [641, 271], [469, 271]], '폐로론', 0.5381507339758493), ([[499, 267], [613, 267], [613, 335], [499, 335]], '조련', 0.9789660838226422), ([[462, 328], [630, 328], [630, 400], [462, 400]], '마무리', 0.9999870608143178), ([[444, 392], [668, 392], [668, 464], [444, 464]], '들어갈게', 0.9298032522201538), ([[36, 908], [128, 908], [128, 962], [36, 962]], '아직', 0.9999063509870175), ([[15, 957], [166, 957], [166, 1017], [15, 1017]], '숨 쉬면', 0.6142354920261913), ([[46, 1012], [136, 1012], [136, 1066], [46, 1066]], '안돼', 0.6036924769284743), ([[168, 1324], [218, 1324], [218, 1372], [168, 1372]], '자', 0.9991192373713744), ([[59, 1503], [167, 1503], [167, 1569], [59, 1569]], '들이', 0.9999618151687837), ([[225, 1479], [333, 1479], [333, 1601], [225, 1601]], '벼', 0.30102986695496625), ([[37, 1565], [193, 1565], [193, 1631], [37, 1631]], '마서도', 0.998908644795164), ([[94, 1630], [150, 1630], [150, 1688], [94, 1688]], '돼', 0.5009535459098657)]
[([[1005, 221], [1225, 221], [1225, 283], [1005, 283]], '그래 그래', 0.9957206024453483), ([[1031, 275], [1249, 275], [1249, 343], [1031, 343]], '텅계 잇에', 0.12675730702745483), ([[79, 367], [225, 367], [225, 459], [79, 459]], '계속', 0.999938634740056), ([[79, 445], [223, 445], [223, 535], [79, 535]], '하련', 0.5999681980302605), ([[308, 1272], [388, 1272], [388, 1374], [308, 1374]], '속', 0.04144056626469084), ([[373, 1403], [441, 1403], [441, 1479], [373, 1479]], ';무', 0.00834298360546044), ([[744, 1448], [818, 1448], [818, 1576], [744, 1576]], '뭐', 0.020570060322771866)]
[([[348, 76], [468, 76], [468, 128], [348, 128]], '아~아', 0.9991949225517252), ([[636, 98], [728, 98], [728, 154], [636, 154]], '런데', 0.4131365469831229), ([[344, 122], [476, 122], [476, 178], [344, 178]], '엄청난', 0.9793307405585618), ([[324, 174], [494, 174], [494, 228], [324, 228]], '모습이네', 0.9940122365951538), ([[527, 365], [729, 365], [729, 425], [527, 425]], '이런 걸로', 0.9003882366652536), ([[556, 415], [701, 415], [701, 479], [556, 479]], '괜찮은', 0.9870006690898421), ([[567, 471], [693, 471], [693, 531], [567, 531]], '거니?', 0.9998384682633008), ([[42, 632], [162, 632], [162, 684], [42, 684]], '이런게', 0.9332911095533959), ([[9, 675], [206, 675], [206, 729], [9, 729]], '(히어로라다', 0.6904321736085449), ([[30, 726], [192, 726], [192, 778], [30, 778]], '농담이야', 0.9879246354103088), ([[66, 770], [152, 770], [152, 822], [66, 822]], '하하', 0.9998037699129195), ([[309, 1153], [409, 1153], [409, 1213], [309, 1213]], '그럼', 0.9999188261347672), ([[285, 1209], [433, 1209], [433, 1271], [285, 1271]], '이대로', 0.9996396383014953), ([[273, 1265], [451, 1265], [451, 1327], [273, 1327]], '끝날까?', 0.916897177696228)]
[([[777, 0], [911, 0], [911, 137], [777, 137]], '(0', 0.5759717811177976), ([[1069, 251], [1209, 251], [1209, 393], [1069, 393]], '8', 0.673065156939856), ([[1093, 757], [1161, 757], [1161, 823], [1093, 823]], '9', 0.846835486719332), ([[1072, 1388], [1246, 1388], [1246, 1444], [1072, 1444]], '눈앞에서', 0.9967412352561951), ([[0, 1445], [269, 1445], [269, 1507], [0, 1507]], '지능도 힘도', 0.996608467778225), ([[1072, 1438], [1246, 1438], [1246, 1494], [1072, 1494]], '흔들기만', 0.9989089965820312), ([[27, 1503], [249, 1503], [249, 1565], [27, 1565]], '명예도 다', 0.9988891180012824), ([[1112, 1490], [1204, 1490], [1204, 1540], [1112, 1540]], '해도', 0.999988873250124), ([[1, 1559], [267, 1559], [267, 1623], [1, 1623]], '정액과 함께', 0.6434726139622554), ([[1070, 1540], [1246, 1540], [1246, 1596], [1070, 1596]], '싸버리네', 0.9871465563774109), ([[1072, 1592], [1244, 1592], [1244, 1642], [1072, 1642]], '도스키베', 0.4267733097076416), ([[11, 1617], [259, 1617], [259, 1681], [11, 1681]], '큰입되버려', 0.13028040434531), ([[1064, 1642], [1250, 1642], [1250, 1696], [1064, 1696]], '젖가슴 에', 0.7915349536900493), ([[1070, 1692], [1246, 1692], [1246, 1748], [1070, 1748]], '싸이면서', 0.9913063049316406), ([[1066, 1742], [1254, 1742], [1254, 1798], [1066, 1798]], '말야 하하', 0.885225178354989)]
[([[470, 60], [596, 60], [596, 110], [470, 110]], '오늘의', 0.8614123463630676), ([[1088, 78], [1222, 78], [1222, 130], [1088, 130]], '오늘도', 0.8190417885780334), ([[452, 106], [620, 106], [620, 160], [452, 160]], '포상이야', 0.9914780855178833), ([[1088, 130], [1224, 130], [1224, 184], [1088, 184]], '괴인올', 0.5536886872650307), ([[472, 154], [598, 154], [598, 206], [472, 206]], '명덩이', 0.3306312392726158), ([[1106, 180], [1200, 180], [1200, 236], [1106, 236]], '위해', 0.9998333554281629), ([[1089, 229], [1223, 229], [1223, 289], [1089, 289]], '열심히', 0.9992414437251868), ([[1089, 283], [1133, 283], [1133, 337], [1089, 337]], '일', 0.9999817610618642), ([[1088, 334], [1136, 334], [1136, 388], [1088, 388]], '영', 0.9999890327754315), ([[1123, 275], [1231, 275], [1231, 395], [1123, 395]], "'행중", 0.4235098662979762), ([[1128, 336], [1180, 336], [1180, 388], [1128, 388]], '움', 0.19293479594581697), ([[947, 1279], [1187, 1279], [1187, 1339], [947, 1339]], '보상은 바로', 0.9998150359994866), ([[1020, 1332], [1114, 1332], [1114, 1388], [1020, 1388]], '발로', 0.9999084582722889), ([[591, 1367], [637, 1367], [637, 1405], [591, 1405]], '8', 0.03139829427443264), ([[955, 1381], [1181, 1381], [1181, 1443], [955, 1443]], '짓밟히면서', 0.8340892907351043), ([[955, 1433], [1181, 1433], [1181, 1493], [955, 1493]], '쓰레기처럼', 0.9925567115634825), ([[930, 1483], [1207, 1483], [1207, 1547], [930, 1547]], '사정하논거야', 0.3396047177598722), ([[986, 1540], [1154, 1540], [1154, 1594], [986, 1594]], '기쁘지?', 0.9990907311439514), ([[975, 1589], [1161, 1589], [1161, 1649], [975, 1649]], '강아지야', 0.9993400573730469), ([[48, 1662], [100, 1662], [100, 1718], [48, 1718]], '5', 0.032397953399553536)]
