2013450
29
[]
[([[17.194564590553185, 924.0709703000255], [176.7390462494304, 865.0094280281745], [246.80543540944683, 1096.9290296999745], [87.2609537505696, 1156.9905719718256]], '(', 0.25504516281401735)]
[([[3271, 624], [3478, 624], [3478, 732], [3271, 732]], '어때?', 0.9999745346027383), ([[3184, 741], [3562, 741], [3562, 853], [3184, 853]], '기분 종지?', 0.7838946685223368), ([[413, 983], [604, 983], [604, 1095], [413, 1095]], '쌀 것', 0.9940540790557861), ([[388, 1105], [626, 1105], [626, 1213], [388, 1213]], '같으면', 0.5811057827917365), ([[391, 1226], [623, 1226], [623, 1334], [391, 1334]], '말해쥐', 0.9308838077515103), ([[2943, 1245], [3076, 1245], [3076, 1484], [2943, 1484]], '1"', 0.07954540429903571), ([[1257, 1980], [1482, 1980], [1482, 2205], [1257, 2205]], '#', 0.11404502011317508), ([[815.2027560725385, 627.0187043450705], [943.076366359167, 613.1230427389507], [965.7972439274615, 873.9812956549295], [837.923633640833, 887.8769572610493]], '|', 0.012079907593441297), ([[2667.3201210620628, 1880.0115592246482], [2913.4731815597956, 2079.43982457144], [2805.6798789379372, 2213.988440775352], [2558.5268184402044, 2014.5601754285597]], '>펼모', 8.332980934277035e-05)]
[([[3116, 581], [3235, 581], [3235, 684], [3116, 684]], '응!', 0.9777818628905526), ([[3097, 695], [3261, 695], [3261, 806], [3097, 806]], '좋아', 0.9962605068591353), ([[329, 1046], [564, 1046], [564, 1157], [329, 1157]], '언제든', 0.9144068919123888), ([[364, 1171], [529, 1171], [529, 1267], [364, 1267]], '싸도', 0.9496700788966123), ([[3529, 1227], [3682, 1227], [3682, 1323], [3529, 1323]], '욕.', 0.19941809563716575), ([[292, 1285], [604, 1285], [604, 1396], [292, 1396]], '좋으니까', 0.5104815363883972), ([[3441, 1340], [3769, 1340], [3769, 1448], [3441, 1448]], '쌀 것갈 .', 0.29449099354727837), ([[3532, 1465], [3682, 1465], [3682, 1568], [3532, 1568]], '앗! !', 0.515939881743696), ([[1218, 1681], [1316, 1681], [1316, 1766], [1218, 1766]], '다', 0.009505527243345357), ([[2312, 1632], [2497, 1632], [2497, 1951], [2312, 1951]], '턱', 0.24541048236238794), ([[1584.1859838963592, 214.02210369300772], [1690.231003674034, 183.16684043750465], [1753.8140161036408, 427.9778963069923], [1648.768996325966, 458.8331595624954]], '"', 0.008379439531449373), ([[2921.16331580224, 1266.0233528600952], [3026.3362814119414, 1235.183057361108], [3088.83668419776, 1474.9766471399048], [2983.6637185880586, 1505.816942638892]], '"', 0.15615989670564634), ([[1006.5860214283891, 1647.0526871404143], [1114.6503036960885, 1568.0111320742164], [1275.4139785716109, 1818.9473128595857], [1167.3496963039115, 1897.9888679257836]], '4', 0.1722224205471301)]
[([[2809, 454], [2962, 454], [2962, 554], [2809, 554]], '앗! !', 0.6860711574554443), ([[453, 717], [1116, 717], [1116, 1414], [453, 1414]], '패표', 0.003326100848170806), ([[3397, 939], [3519, 939], [3519, 1111], [3397, 1111]], '(0', 0.04325666764087654), ([[668, 1683], [889, 1683], [889, 1786], [668, 1786]], '으응.', 0.43150348452047266), ([[2860.0663323942385, 1049.0287684464083], [3195.681304290575, 740.0035706791239], [3794.9336676057615, 1514.9712315535917], [3459.318695709425, 1823.9964293208761]], '중', 0.3818265030873249)]
[([[3305, 866], [3540, 866], [3540, 977], [3305, 977]], '엄청난', 0.984506345586856), ([[383, 982], [624, 982], [624, 1097], [383, 1097]], '대단한', 0.6851571798324585), ([[3342, 1067], [3503, 1067], [3503, 1178], [3342, 1178]], '냄새', 0.9998282137675036), ([[464, 1181], [550, 1181], [550, 1285], [464, 1285]], '양', 0.9999225154628135), ([[825, 1291], [972, 1291], [972, 1561], [825, 1561]], '"*', 0.005912101489124827), ([[3029.181380826962, 436.0305030812924], [3104.543888398718, 402.01345434589473], [3181.818619173038, 591.9694969187076], [3106.456111601282, 625.9865456541053]], '"', 0.20993539429423524), ([[2879.3555299396207, 1499.0752763418648], [2986.6917961978215, 1423.0132988566363], [3120.6444700603793, 1643.9247236581352], [3013.3082038021785, 1718.9867011433637]], '무', 0.0170772104172221)]
[([[758, 1695], [945, 1695], [945, 1795], [758, 1795]], '웃!', 0.8999257383393537), ([[2865, 1661], [3132, 1661], [3132, 1764], [2865, 1764]], '으음!', 0.713494630600767), ([[3035.8976027411386, 1301.087568518156], [3341.847357044884, 1065.006527787032], [3667.1023972588614, 1587.912431481844], [3361.152642955116, 1823.993472212968]], '호', 0.12974602795452572)]
[([[3472, 1077], [3714, 1077], [3714, 1185], [3472, 1185]], '오늘은', 0.9997478963949114), ([[405, 1133], [643, 1133], [643, 1248], [405, 1248]], '틈틈이', 0.8787324090268409), ([[3510, 1199], [3669, 1199], [3669, 1302], [3510, 1302]], '특히', 0.9999660298090982), ([[404, 1258], [641, 1258], [641, 1360], [404, 1360]], '빼주지', 0.9531696919191309), ([[3469, 1319], [3720, 1319], [3720, 1427], [3469, 1427]], '더 짙네', 0.5911978646785843), ([[406, 1374], [642, 1374], [642, 1482], [406, 1482]], '않으면', 0.9822980808005662), ([[372, 1492], [685, 1492], [685, 1604], [372, 1604]], '안되다구', 0.37449150375384466), ([[831.9718228088652, 1435.0251853008513], [980.1316805521623, 1388.4104585817245], [1061.0281771911348, 1680.9748146991487], [911.8683194478377, 1728.5895414182755]], '[', 0.024066869997420248), ([[2912.235688014421, 1441.019485082658], [3022.7853467002597, 1412.2608737111268], [3079.764311985579, 1666.980514917342], [2969.2146532997403, 1695.7391262888732]], '수', 0.024981338278423415)]
[([[3161, 407], [3402, 407], [3402, 522], [3161, 522]], '우리논', 0.5595965547699675), ([[3199, 530], [3360, 530], [3360, 638], [3199, 638]], '이미', 0.999967631373782), ([[3200, 652], [3359, 652], [3359, 755], [3200, 755]], '준비', 0.9998953088334614), ([[279, 738], [589, 738], [589, 849], [279, 849]], '어느쪽에', 0.9927384257316589), ([[3169, 773], [3396, 773], [3396, 876], [3169, 876]], '0어야!', 0.08473328500986099), ([[269, 853], [621, 853], [621, 970], [269, 970]], '박울거야?', 0.8824422719365316), ([[3734, 2387], [3762, 2387], [3762, 2416], [3734, 2416]], '0', 0.36309864688093185), ([[2606.372162628192, 530.0219255831464], [2671.4755253310504, 507.0125712431458], [2732.627837371808, 690.9780744168536], [2667.5244746689496, 713.9874287568541]], '4', 0.5409710022349579), ([[792.3258614200768, 615.0227490171361], [859.5044076033603, 590.0127294534657], [925.6741385799232, 782.9772509828639], [858.4955923966397, 807.9872705465343]], '#', 0.5385327640028414), ([[1772.713852961275, 741.0517767198105], [1865.6196897293116, 674.0120049837578], [2007.286147038725, 896.9482232801895], [1914.3803102706884, 963.9879950162422]], '꼴', 0.0023027864109190777)]
[([[3141, 429], [3260, 429], [3260, 529], [3141, 529]], '아!', 0.9936446232186944), ([[3035, 543], [3413, 543], [3413, 654], [3035, 654]], '미카한테 ', 0.29779085075380135), ([[3032, 661], [3413, 661], [3413, 775], [3032, 775]], '그렇구나 ', 0.8647568713090829), ([[457, 755], [681, 755], [681, 855], [457, 855]], '앗: !!', 0.21018108785754822), ([[1694, 763], [1958, 763], [1958, 1033], [1694, 1033]], '농', 0.16254959708112438), ([[699, 1266], [1041, 1266], [1041, 1556], [699, 1556]], '새', 0.13933218752424015), ([[615, 1779], [746, 1779], [746, 1879], [615, 1879]], '[거', 0.19148281384244537), ([[1116, 1513], [1344, 1513], [1344, 1856], [1116, 1856]], '해', 0.03288968450218399), ([[487, 1893], [809, 1893], [809, 2004], [487, 2004]], '(커다래서-', 0.5763725568060855), ([[565, 2014], [797, 2014], [797, 2122], [565, 2122]], '좋아:', 0.693252642167002), ([[610, 2143], [751, 2143], [751, 2235], [610, 2235]], '앗! !', 0.5450139738893807), ([[857, 2051], [1153, 2051], [1153, 2366], [857, 2366]], '알', 0.021336023664503267), ([[3734, 2387], [3762, 2387], [3762, 2416], [3734, 2416]], '8', 0.028350908499433558), ([[680.6073777487709, 345.03345717443347], [842.6168816632266, 214.00656182834513], [1120.392622251229, 610.9665428255665], [958.3831183367734, 741.9934381716549]], '올', 0.656291205649584)]
[([[3144, 367], [3300, 367], [3300, 467], [3144, 467]], '나도', 0.999669921840324), ([[3139, 486], [3302, 486], [3302, 590], [3139, 590]], '갖고', 0.9997445153643011), ([[496, 283], [899, 283], [899, 973], [496, 973]], '역', 0.015850205999706768), ([[3072, 605], [3363, 605], [3363, 713], [3072, 713]], '싶어어:', 0.9219976663589478), ([[585, 1758], [1217, 1758], [1217, 2108], [585, 2108]], '@선없', 0.004690090803848103), ([[3734, 2387], [3759, 2387], [3759, 2416], [3734, 2416]], '0', 0.16207225848328122), ([[493.31258390797615, 1000.0053701104735], [813.5993557739082, 1127.5907886139312], [574.6874160920239, 1727.9946298895265], [254.40064422609174, 1600.4092113860688]], '[', 0.11625920608271034), ([[1837.3736302760012, 2047.007848012449], [2139.5355898195476, 2335.569340960162], [1992.6263697239988, 2495.992151987551], [1690.4644101804522, 2208.430659039838]], '새0(', 0.0321156780137645)]
[([[3197, 376], [3353, 376], [3353, 476], [3197, 476]], '그럼', 0.999923377889216), ([[3159, 490], [3394, 490], [3394, 598], [3159, 598]], '다음은', 0.9993871339518365), ([[3097, 611], [3459, 611], [3459, 719], [3097, 719]], '내 차례네!', 0.9758820184264868), ([[1719, 794], [1867, 794], [1867, 977], [1719, 977]], '(', 0.2401979771888172), ([[1301, 2089], [1475, 2089], [1475, 2269], [1301, 2269]], '11', 0.1831412604124798), ([[839, 2229], [938, 2229], [938, 2372], [839, 2372]], '1', 0.0167071546567934), ([[3734, 2387], [3759, 2387], [3759, 2416], [3734, 2416]], '0', 0.03798032027045739), ([[786.9612714463223, 417.02999602137567], [912.8491203290216, 373.22691604276974], [991.0387285536777, 625.9700039786244], [865.1508796709784, 670.7730839572303]], '$', 0.008816531868660604), ([[893.0819746145258, 1505.0263582927491], [1191.8157296158683, 1582.5786993747693], [1151.9180253854743, 1710.9736417072509], [853.1842703841315, 1634.4213006252307]], '(55 ~', 0.5756492740746282)]
[([[2579, 227], [2940, 227], [2940, 520], [2579, 520]], '면', 0.023112039880076374), ([[3352, 445], [3471, 445], [3471, 544], [3352, 544]], '아!', 0.9831241840045992), ([[581, 562], [712, 562], [712, 659], [581, 659]], '에?', 0.9975727837334935), ([[3239, 555], [3583, 555], [3583, 669], [3239, 669]], '올다앉다!', 0.1859123519404901), ([[468, 673], [825, 673], [825, 787], [468, 787]], '카렌이량기', 0.3880386042928251), ([[2939, 705], [3309, 705], [3309, 808], [2939, 808]], '으으으응!!', 0.8415138052132317), ([[3016, 819], [3183, 819], [3183, 927], [3016, 927]], '기분', 0.9994468252901262), ([[267, 921], [431, 921], [431, 1029], [267, 1029]], '내가', 0.9994203614611307), ([[2102, 883], [2393, 883], [2393, 1127], [2102, 1127]], '트사', 0.0006139615319685696), ([[2932, 937], [3307, 937], [3307, 1051], [2932, 1051]], '좋아아!!', 0.9502766319844922), ([[164, 1039], [545, 1039], [545, 1150], [164, 1150]], '아니구나 ', 0.8984581431840769), ([[2485, 1064], [2749, 1064], [2749, 1340], [2485, 1340]], '총', 0.010189792916435403), ([[3372, 1578], [3723, 1578], [3723, 1988], [3372, 1988]], '색', 0.00977558810683754), ([[2790, 2281], [3083, 2281], [3083, 2540], [2790, 2540]], '또', 0.003915505371687722), ([[2537.1346816698183, 1767.0512063906965], [2750.5209192998855, 1652.1827983522633], [2913.8653183301817, 2016.9487936093035], [2700.4790807001145, 2132.817201647737]], '개', 0.24158179087784593), ([[3142.9269817119566, 1841.0151526032614], [3521.228921112718, 1958.754891462896], [3416.0730182880434, 2270.9848473967386], [3037.771078887282, 2154.245108537104]], '역 )', 0.00695851968649643)]
[([[2759, 562], [2822, 562], [2822, 628], [2759, 628]], '이', 0.10819209585423906), ([[2814, 701], [2851, 701], [2851, 750], [2814, 750]], '7', 0.8239348757588836), ([[3062, 707], [3299, 707], [3299, 968], [3062, 968]], '아', 0.9995096331124529), ([[360, 990], [688, 990], [688, 1098], [360, 1098]], '내 보지도', 0.9800185661225927), ([[354, 1108], [688, 1108], [688, 1216], [354, 1216]], '엄청 기분', 0.9556035676738951), ([[310, 1226], [716, 1226], [716, 1340], [310, 1340]], '종플기데에:', 0.08776094951829994), ([[2562, 1413], [3193, 1413], [3193, 1777], [2562, 1777]], '@짧짧', 0.0038482754605843354), ([[2433, 1769], [2606, 1769], [2606, 1920], [2433, 1920]], '{2', 0.13247038921588775), ([[2871, 2210], [3067, 2210], [3067, 2378], [2871, 2378]], '04', 0.06105738869635547), ([[3498, 2296], [3742, 2296], [3742, 2744], [3498, 2744]], '출', 0.05104501369324144), ([[3213.5261254794814, 357.00374285116885], [3420.9764395475117, 310.0651760199758], [3575.4738745205186, 1049.996257148831], [3369.0235604524883, 1096.9348239800242]], '%', 0.015198640844387656), ([[2689.0367707173846, 565.0331754020782], [2863.455920175443, 621.1350016517343], [2822.9632292826154, 737.9668245979218], [2648.544079824557, 682.8649983482657]], '섞내', 0.005195245059931754), ([[3129.928025457601, 953.0229931621011], [3275.5785487206253, 853.0066952689752], [3506.071974542399, 1235.977006837899], [3359.4214512793747, 1334.9933047310246]], '앗', 0.03757214209196835), ([[3133.901199104257, 1826.0147265887915], [3516.8089388402623, 1949.1417484011222], [3402.098800895743, 2280.9852734112087], [3019.1910611597377, 2157.858251598878]], '몹 ', 0.012509777962785063)]
[([[3313, 483], [3454, 483], [3454, 574], [3313, 574]], '와', 0.9996306045312373), ([[3239, 593], [3552, 593], [3552, 707], [3239, 707]], '이렇게나', 0.8420250415802002), ([[3199, 714], [3583, 714], [3583, 828], [3199, 828]], '사정당하면', 0.999854616887652), ([[3274, 835], [3512, 835], [3512, 943], [3274, 943]], '절대로', 0.9999869231635269), ([[3274, 952], [3512, 952], [3512, 1064], [3274, 1064]], '임신해', 0.999897175388252), ([[602, 1008], [803, 1008], [803, 1119], [602, 1119]], '자아!', 0.9909441515338367), ([[3239, 1070], [3549, 1070], [3549, 1185], [3239, 1185]], '버리켓네', 0.9884464740753174), ([[561, 1126], [840, 1126], [840, 1237], [561, 1237]], '한 번 더', 0.5725911927755368), ([[606, 1243], [802, 1243], [802, 1357], [606, 1357]], '활수', 0.6576488009128232), ([[599, 1365], [806, 1365], [806, 1479], [599, 1479]], '있지?', 0.5982786154061557), ([[445, 1673], [606, 1673], [606, 1776], [445, 1776]], '계속', 0.9999570104851716), ([[406, 1790], [648, 1790], [648, 1898], [406, 1898]], '기다)', 0.44208452105522156), ([[391, 1908], [660, 1908], [660, 2016], [391, 2016]], '으니까!', 0.9660595059394836), ([[3734, 2387], [3759, 2387], [3759, 2416], [3734, 2416]], '0', 0.1252770538639405), ([[2498.2998294488007, 266.0163502043316], [2598.4805224774345, 217.00769870404545], [2730.7001705511993, 509.9836497956684], [2629.5194775225655, 558.9923012959546]], "'", 0.015457765260600331), ([[1938.167666083367, 759.020388100689], [2135.997599548138, 875.7143260580145], [2061.8323339166327, 996.979611899311], [1864.0024004518618, 880.2856739419855]], '(,', 0.00910948814738686)]
[([[1301, 2086], [1475, 2086], [1475, 2269], [1301, 2269]], '1', 0.29263154583904694), ([[3734, 2387], [3759, 2387], [3759, 2416], [3734, 2416]], '0', 0.1483494187147807)]
[]
[]
[]
[]
[]
[]
[([[3734, 2387], [3759, 2387], [3759, 2416], [3734, 2416]], '0', 0.11495388862705624)]
[([[3734, 2387], [3759, 2387], [3759, 2416], [3734, 2416]], '~', 0.02251514093402207)]
[([[3734, 2387], [3759, 2387], [3759, 2416], [3734, 2416]], '~', 0.11159099518906501), ([[3740.7701175612583, 2381.9931058051325], [3780.2718203181457, 2353.282929320325], [3796.2298824387417, 2377.0068941948675], [3755.7281796818543, 2405.717070679675]], '숫', 0.21306669640495102)]
[([[1297, 2088], [1479, 2088], [1479, 2270], [1297, 2270]], '씨1', 0.06747345583673835), ([[3734, 2387], [3759, 2387], [3759, 2416], [3734, 2416]], '~', 0.04293743711131648), ([[3743.47893962031, 2386.4141973545266], [3779.053370324765, 2353.1910124672927], [3794.52106037969, 2374.5858026454734], [3758.946629675235, 2406.8089875327073]], '보', 0.013748403582264368)]
[([[3143.9621359515163, 1837.014175825489], [3525.8336326761496, 1970.3528355260648], [3410.0378640484837, 2278.985824174511], [3029.1663673238504, 2145.6471644739354]], '실 ', 0.0066501613793034904)]
[([[3143.9434773278545, 1832.014313397822], [3516.38245929259, 1960.9530552851152], [3398.0565226721455, 2278.985686602178], [3026.61754070741, 2150.046944714885]], '셋', 0.005565439567824848)]
[([[3734, 2387], [3762, 2387], [3762, 2416], [3734, 2416]], '0', 0.18468928512149674), ([[3743.47893962031, 2386.4141973545266], [3779.053370324765, 2353.1910124672927], [3794.52106037969, 2374.5858026454734], [3758.946629675235, 2406.8089875327073]], '보', 0.010553506175696947)]
