2015960
13
[([[618, 152], [722, 152], [722, 232], [618, 232]], '말의', 0.9871068088457061), ([[483, 259], [515, 259], [515, 279], [483, 279]], '2 3', 0.9203294086630693), ([[549, 145], [802, 145], [802, 301], [549, 301]], '조무잇녀', 0.04043081775307655), ([[482, 274], [516, 274], [516, 298], [482, 298]], '9 10', 0.8158363711877729), ([[478, 292], [518, 292], [518, 316], [478, 316]], "'617", 0.683555999631326), ([[645, 293], [767, 293], [767, 331], [645, 331]], '엔카 부츠', 0.4388296550062289), ([[482, 308], [516, 308], [516, 332], [482, 332]], '324', 0.9952253699302673), ([[615, 627], [687, 627], [687, 671], [615, 671]], '@05', 0.09771880111883885), ([[626, 714], [666, 714], [666, 746], [626, 746]], '\'@퍼"', 0.08641202002763748), ([[461, 875], [539, 875], [539, 913], [461, 913]], '오늘은', 0.7221286296844482), ([[461, 917], [503, 917], [503, 953], [461, 953]], '좀"', 0.5438369040238319), ([[67, 910], [139, 910], [139, 1042], [67, 1042]], '털', 0.7231716965425541), ([[640.6750472251236, 691.745066115173], [708.9350426960726, 674.2823678740068], [717.3249527748764, 712.254933884827], [649.0649573039274, 729.7176321259932]], '메#', 0.0017345141424904805), ([[649.286093236459, 722.5144372945836], [716.6301369863014, 694.986301369863], [730.713906763541, 729.4855627054164], [663.3698630136986, 756.013698630137]], "'[-68", 0.006137043103723299), ([[109.12613958504917, 860.0478702239474], [165.1226385292549, 842.0791614880347], [200.87386041495083, 966.9521297760526], [144.8773614707451, 984.9208385119653]], '댐', 0.2574215297247662)]
[([[319, 119], [387, 119], [387, 285], [319, 285]], '옆', 0.01131366912442916), ([[740, 1171], [821, 1171], [821, 1215], [740, 1215]], ' ', 0.003705347285767824)]
[]
[]
[([[25, 141], [137, 141], [137, 255], [25, 255]], '아', 0.3697842290735167), ([[87, 321], [156, 321], [156, 429], [87, 429]], '`', 0.04032953980566334), ([[560.2989525145956, 483.04109637406276], [604.4957879632369, 475.18943906588737], [620.7010474854044, 579.9589036259373], [575.5042120367631, 587.8105609341126]], '국', 0.02476904592276541)]
[([[303, 215], [509, 215], [509, 435], [303, 435]], '$3', 0.024601477449051775)]
[([[560, 204], [608, 204], [608, 252], [560, 252]], '하아', 0.8288299630768587), ([[618, 336], [644, 336], [644, 360], [618, 360]], '바', 0.030287796655834365), ([[153, 557], [385, 557], [385, 765], [153, 765]], '반짝_', 0.10551529977177275), ([[650, 1024], [699, 1024], [699, 1130], [650, 1130]], '풀', 0.14848650615154302), ([[756.1961581007969, 471.03236044988154], [836.5871536652453, 494.48577715610253], [802.8038418992031, 614.9676395501184], [722.4128463347547, 592.5142228438974]], '및', 0.03753720092101176), ([[11.401915587107544, 1025.0358993729926], [50.94239724971188, 1017.0896143304486], [69.59808441289246, 1117.9641006270074], [30.05760275028812, 1125.9103856695513]], '품', 0.14890113832135032)]
[([[77, 61], [171, 61], [171, 151], [77, 151]], '차', 0.901596704359978), ([[335, 407], [467, 407], [467, 471], [335, 471]], '중앞어', 0.27603830203113927), ([[356.200359892036, 666.1817634709763], [407.6955875677388, 626.0269203761692], [481.799640107964, 732.8182365290237], [430.3044124322612, 772.9730796238308]], '8', 0.3116251058206423), ([[376.25872554132866, 713.0305790500768], [465.7598196085423, 794.9346766776607], [414.74127445867134, 851.9694209499232], [325.2401803914577, 770.0653233223393]], '요3_', 0.03141721159064569)]
[([[322, 130], [474, 130], [474, 180], [322, 180]], '막차가 !', 0.5563859001915105), ([[431, 859], [519, 859], [519, 925], [431, 925]], '?', 0.972592742002476), ([[29.44206896717168, 350.0173103714641], [94.44720807444669, 330.0111177036213], [150.55793103282832, 528.9826896285359], [86.55279192555331, 548.9888822963786]], '똑', 0.007369199189270148)]
[([[284, 114], [356, 114], [356, 170], [284, 170]], '옛?', 0.9908989334472518), ([[687, 653], [809, 653], [809, 693], [687, 693]], '고, 고고,', 0.8664678541286591), ([[705, 695], [797, 695], [797, 737], [705, 737]], '고무?!', 0.8872403502464294), ([[737.4322253580742, 908.0107494531586], [848.8292194656533, 934.8737935186914], [784.5677746419258, 1201.9892505468415], [673.1707805343467, 1176.1262064813086]], '후', 0.25290529700363606)]
[([[677, 119], [809, 119], [809, 179], [677, 179]], '에-?!', 0.9758222699165344), ([[706, 256], [836, 256], [836, 288], [706, 288]], "'신1|'1'", 0.20951008494516016), ([[509, 501], [598, 501], [598, 706], [509, 706]], '8', 0.03136303343897162), ([[718, 944], [750, 944], [750, 1056], [718, 1056]], '물', 0.6321126931089225), ([[11.092372959220684, 889.025764082284], [116.5710644881986, 837.0101943304392], [230.90762704077932, 1096.974235917716], [125.4289355118014, 1148.9898056695608]], '승', 0.00879282358283806)]
[([[743, 125], [811, 125], [811, 167], [743, 167]], '뛰야', 0.9358300261181465), ([[723, 167], [827, 167], [827, 211], [723, 211]], '이 사람', 0.9742915470053026), ([[335, 411], [441, 411], [441, 453], [335, 453]], '잠까: !', 0.35590194710311845), ([[804, 456], [878, 456], [878, 586], [804, 586]], '영', 0.06704168791547094), ([[34, 970], [228, 970], [228, 1042], [34, 1042]], '그렇게:.', 0.5209409497178856), ([[32, 1051], [237, 1051], [237, 1125], [32, 1125]], '문지르면', 0.7216695547103882), ([[119.18789204271778, 72.20793578368642], [165.6589106299301, 33.02718137784603], [239.81210795728222, 130.79206421631358], [194.3410893700699, 169.97281862215397]], '턱', 0.6083773606499143), ([[300.3204595160192, 467.07797591888243], [322.8088897765599, 463.11110794085744], [330.6795404839808, 515.9220240811176], [307.1911102234401, 518.8888920591426]], '틀', 0.7772530708609935), ([[740.1702161049534, 508.03833393349646], [808.8263237663654, 497.455300241221], [828.8297838950466, 633.9616660665035], [760.1736762336346, 644.5446997587791]], '양', 0.601394702464976), ([[497.96988355203257, 833.0331950565047], [600.6173006732259, 781.0119125634479], [708.0301164479674, 1019.9668049434953], [605.3826993267741, 1071.9880874365522]], '물', 0.7969244933998567)]
[([[147, 73], [261, 73], [261, 189], [147, 189]], '아', 0.2954955414229268), ([[280, 490], [336, 490], [336, 556], [280, 556]], '하', 0.9991403282328157), ([[335, 469], [463, 469], [463, 577], [335, 577]], '야', 0.3207907202061655), ([[278, 546], [410, 546], [410, 642], [278, 642]], '하하', 0.9882763484319593), ([[345, 837], [425, 837], [425, 897], [345, 897]], '콤필', 0.02868907111681598), ([[380, 884], [440, 884], [440, 938], [380, 938]], '움질', 0.3562083342314695), ([[488, 926], [560, 926], [560, 1008], [488, 1008]], '움', 0.9205137769778879), ([[748, 1052], [824, 1052], [824, 1200], [748, 1200]], '움', 0.7853583823658141), ([[80, 1224], [110, 1224], [110, 1270], [80, 1270]], '팬', 0.08007049242952835), ([[527.2765422907172, 28.029124404893395], [588.5411875862131, 7.016286068861676], [639.7234577092828, 169.9708755951066], [578.4588124137869, 190.9837139311383]], '물', 0.9090279635132816), ([[220.01471854987147, 44.048657353701834], [287.61992336980927, 14.01923374607118], [346.9852814501285, 164.95134264629817], [279.38007663019073, 194.98076625392883]], '용', 0.6739635535162201), ([[594.1465817537794, 821.0280426574469], [663.4656508129668, 757.0083423182266], [864.8534182462206, 998.9719573425531], [795.5343491870332, 1061.9916576817734]], "'", 0.2862085100641707)]
