2016756
10
[]
[]
[([[159, 615], [233, 615], [233, 653], [159, 653]], '나중에', 0.9775262534770673), ([[160, 654], [232, 654], [232, 686], [160, 686]], '반드시', 0.9999463851160566), ([[147, 687], [241, 687], [241, 725], [147, 725]], '죽여버길', 0.17932061851024628), ([[162, 726], [214, 726], [214, 758], [162, 758]], '거야:', 0.9875565132622534)]
[([[178, 440], [311, 440], [311, 537], [178, 537]], "움집'", 0.0869333799324483), ([[165, 687], [237, 687], [237, 731], [165, 731]], '뭐:!', 0.6546276495946126)]
[([[183, 257], [306, 257], [306, 519], [183, 519]], '월', 0.30736897278542585), ([[1001, 461], [1118, 461], [1118, 762], [1001, 762]], '뭐', 0.007764661443412146), ([[145, 725], [381, 725], [381, 1029], [145, 1029]], '셋', 0.01559462572030551), ([[534, 1110], [614, 1110], [614, 1190], [534, 1190]], '세', 0.00982082351953495), ([[866, 1456], [1226, 1456], [1226, 1870], [866, 1870]], '푹', 0.95393522098448)]
[([[196, 161], [295, 161], [295, 362], [196, 362]], '불', 0.8564160511547279), ([[1004, 306], [1082, 306], [1082, 492], [1004, 492]], '불', 0.0965349155263917), ([[1055, 585], [1127, 585], [1127, 625], [1055, 625]], '뭐 월', 0.9659275412559509), ([[1031, 627], [1117, 627], [1117, 669], [1031, 669]], '멋대로', 0.9952356316635736), ([[145, 687], [245, 687], [245, 731], [145, 731]], '빼라구 .', 0.4626399402436848), ([[153, 731], [249, 731], [249, 773], [153, 773]], '바보야', 0.9995056426968236), ([[317.44276408806223, 1591.0103539688741], [422.1575287063991, 1564.044729113324], [499.55723591193777, 1889.9896460311259], [394.8424712936009, 1916.955270886676]], '욕', 0.0054096486470109895)]
[([[209, 367], [249, 367], [249, 425], [209, 425]], '우', 0.5783894634917353), ([[1013, 653], [1049, 653], [1049, 703], [1013, 703]], '우', 0.7955924732414701), ([[131, 703], [257, 703], [257, 743], [131, 743]], '지금 멈추면', 0.9963096690081648), ([[133, 743], [245, 743], [245, 781], [133, 781]], '용서해 줄 ', 0.9970143529266493), ([[147, 781], [231, 781], [231, 819], [147, 819]], '테니까:', 0.3914954960346222), ([[883, 1493], [993, 1493], [993, 1695], [883, 1695]], '용', 0.013923970277086861), ([[722, 1603], [820, 1603], [820, 1788], [722, 1788]], '팩', 0.5059019244869347), ([[247.414738017591, 1236.0122386204243], [354.5504216976932, 1222.4576772387989], [384.585261982409, 1502.9877613795757], [277.4495783023068, 1516.5423227612011]], '$', 0.1094738541647553), ([[427.07487415839654, 1558.0305997917878], [532.6558465971856, 1538.7968529333543], [561.9251258416034, 1736.9694002082122], [456.3441534028144, 1755.2031470666457]], '팩', 0.5330047213975355)]
[([[971, 553], [1037, 553], [1037, 683], [971, 683]], '군', 0.04436284994930961), ([[634, 1490], [1006, 1490], [1006, 1858], [634, 1858]], '늙쩍', 0.010119239166769267), ([[30.329040661032, 6.011850707205518], [173.1898919876469, -14.277445695626032], [214.670959338968, 326.9881492927945], [70.8101080123531, 346.27744569562606]], '@', 0.011557972464069144), ([[1035.1067444385465, 267.05002550306403], [1097.3899797709514, 254.36534239834933], [1117.8932555614535, 371.94997449693597], [1056.6100202290486, 384.6346576016507]], '형', 0.02494408818583893), ([[174.3517324339299, 318.02630893733766], [239.59600667247435, 311.4329167206599], [252.6482675660701, 456.97369106266234], [187.40399332752565, 463.5670832793401]], '응', 0.2644861472508673), ([[27.320302667390333, 687.0177809471553], [117.56468391559198, 656.0122699413843], [195.67969733260966, 903.9822190528447], [105.43531608440802, 934.9877300586157]], '술', 0.34918620134803646), ([[1097.4654316940707, 658.0071453582462], [1250.4358419844682, 676.3658035044364], [1202.5345683059293, 1071.9928546417539], [1048.5641580155318, 1053.6341964955636]], '쭉', 0.2827369156378303), ([[160.36776298127333, 709.0222343340812], [225.36340560374487, 701.315858479263], [242.63223701872667, 868.9777656659188], [177.63659439625513, 876.684141520737]], '양', 0.7391674535121098), ([[299.2734774253016, 1488.0165033566352], [412.01806703835683, 1449.0324222405084], [503.7265225746984, 1739.9834966433648], [390.98193296164317, 1778.9675777594916]], '꿀', 0.011671652592879556)]
[([[79, 261], [173, 261], [173, 353], [79, 353]], '(', 0.5646877658455338), ([[1031, 347], [1115, 347], [1115, 507], [1031, 507]], '&', 0.09094236079349916), ([[857, 909], [941, 909], [941, 1115], [857, 1115]], '월', 0.07631350529891634), ([[992, 740], [1156, 740], [1156, 1110], [992, 1110]], '꿀', 0.9440055099885427), ([[157.53906723224156, 216.0118110287107], [226.31298954841907, 205.09628962478325], [260.46093276775844, 428.9881889712893], [191.68701045158093, 439.90371037521675]], '응', 0.13528271335316333), ([[130.21356421477543, 310.0238095437945], [252.90306491859633, 414.41541308017236], [179.78643578522457, 500.9761904562055], [56.09693508140367, 396.58458691982764]], '00', 0.03285183818924464), ([[69.29910615474866, 560.0106818757561], [230.94560441087384, 523.3409575261245], [314.70089384525136, 933.9893181242439], [153.05439558912616, 970.6590424738755]], '등', 0.12734813213242635), ([[336.28826671530265, 1334.0110149042753], [498.77204680089596, 1294.3114199886406], [586.7117332846974, 1702.9889850957247], [424.22795319910404, 1742.6885800113594]], '불', 0.2630144973431392)]
[([[195, 204], [271, 204], [271, 326], [195, 326]], '야', 0.7786629585736229), ([[237, 331], [281, 331], [281, 375], [237, 375]], '0', 0.9673829374353318), ([[966, 428], [1042, 428], [1042, 510], [966, 510]], '하', 0.5265578196858911), ([[987, 571], [1025, 571], [1025, 647], [987, 647]], '야', 0.6218216612047769), ([[857, 861], [875, 861], [875, 903], [857, 903]], '0', 0.9997624299974781), ([[207, 807], [474, 807], [474, 1081], [207, 1081]], '대)', 0.01160114958041346), ([[955, 796], [1058, 796], [1058, 1016], [955, 1016]], '@', 0.1921398726779877), ([[820, 914], [881, 914], [881, 1122], [820, 1122]], '"', 0.30649105737225923), ([[393.54697301067944, 810.0519839459216], [411.5331721090768, 808.0723777594916], [415.45302698932056, 856.9480160540784], [397.4668278909232, 858.9276222405084]], '8', 0.9971510226947089)]
