2016113
19
[([[51, 5], [355, 5], [355, 47], [51, 47]], '[라+,@어탁_어김/권어훨.어명', 1.6238095274393348e-06), ([[992, 360], [1210, 360], [1210, 414], [992, 414]], '클레 착하지?', 0.9163749878935503), ([[60, 665], [281, 665], [281, 717], [60, 717]], '불랑키씨한터', 0.48252573846455293), ([[36, 720], [304, 720], [304, 774], [36, 774]], '클레가 좋아하는', 0.7917296170558906), ([[0, 778], [339, 778], [339, 830], [0, 830]], '딸기우유 만들어달라', 0.9984338769099105), ([[26, 832], [316, 832], [316, 882], [26, 882]], '할테니까 똑하자?', 0.8181743124983593)]
[([[1009, 262], [1273, 262], [1273, 328], [1009, 328]], '싫어 클레도', 0.7089833671220467), ([[1049, 335], [1235, 335], [1235, 395], [1049, 395]], '다이루크', 0.9992536306381226), ([[1051, 403], [1233, 403], [1233, 463], [1051, 463]], '오빠처럼', 0.9697664359937346), ([[1071, 473], [1213, 473], [1213, 535], [1071, 535]], '진단장', 0.9998790745490187), ([[989, 541], [1280, 541], [1280, 603], [989, 603]], '찌찌 먹울거야!', 0.5039151159796277)]
[([[992, 434], [1112, 434], [1112, 482], [992, 482]], '클레 ?', 0.2848865598506079), ([[900, 488], [1201, 488], [1201, 542], [900, 542]], '다시한번 말하지만', 0.9828466243133049), ([[898, 544], [1204, 544], [1204, 600], [898, 600]], '아직은 우유같은건', 0.9217221859751873), ([[946, 601], [1152, 601], [1152, 655], [946, 655]], '안나온단다 .', 0.7069993915001854), ([[130, 820], [272, 820], [272, 870], [130, 870]], '아니야]', 0.4937812387943268), ([[24, 877], [376, 877], [376, 930], [24, 930]], '어제 다이루크 오빠가', 0.884707912404232), ([[43, 936], [358, 936], [358, 990], [43, 990]], '진단장 찌찌 먹는거', 0.4540466367458796), ([[64, 994], [338, 994], [338, 1048], [64, 1048]], '클레가 두눈으로', 0.9188907162612245), ([[96, 1052], [308, 1052], [308, 1106], [96, 1106]], '똑똑히 밟어!', 0.31209386476047024)]
[([[994, 260], [1154, 260], [1154, 310], [994, 310]], '그. 그건.', 0.7293464833566076), ([[942, 316], [1208, 316], [1208, 368], [942, 368]], '다이루크 선배랑', 0.9352834453564467), ([[940, 372], [1210, 372], [1210, 424], [940, 424]], '우유가 나오는지', 0.9345392720024004), ([[942, 428], [1210, 428], [1210, 482], [942, 482]], '확인하려 한거야', 0.9930863068436837), ([[34, 956], [368, 956], [368, 1006], [34, 1006]], '나중에 우유가 나오면', 0.997704489869945), ([[90, 1008], [312, 1008], [312, 1060], [90, 1060]], '클레한테도 꼭', 0.39699064468765827), ([[8, 1061], [394, 1061], [394, 1114], [8, 1114]], '줄테니까 이만 돌아가럼?', 0.49076455919508966)]
[([[130, 1152], [248, 1152], [248, 1200], [130, 1200]], '정말..?', 0.7387108324116006)]
[([[928, 215], [1174, 215], [1174, 269], [928, 269]], '그럼 정말이지~', 0.9875506511484208), ([[920, 272], [1182, 272], [1182, 324], [920, 324]], '새끼손가락 걸고', 0.7211031324556506), ([[963, 323], [1138, 323], [1138, 379], [963, 379]], '약속할까?', 0.8270867808756819), ([[116, 1182], [284, 1182], [284, 1236], [116, 1236]], '응알앗어!', 0.2291775663242277), ([[89, 1237], [305, 1237], [305, 1289], [89, 1289]], '진단장남이량', 0.5113703197059825), ([[86, 1291], [310, 1291], [310, 1346], [86, 1346]], '클레랑 둘만의', 0.5028664741609669), ([[118, 1348], [278, 1348], [278, 1398], [118, 1398]], '약속이야!', 0.9467698716714776)]
[([[932, 265], [1148, 265], [1148, 316], [932, 316]], '클레 그럼이만', 0.7850188041805989), ([[917, 319], [1167, 319], [1167, 371], [917, 371]], '조심히 들어가럼', 0.4067930046978038), ([[932, 1068], [1044, 1068], [1044, 1118], [932, 1118]], '중간에', 0.983827595872554), ([[810, 1121], [1168, 1121], [1168, 1171], [810, 1171]], '통통똑단으로 물고기들', 0.6501769444117383), ([[818, 1176], [1164, 1176], [1164, 1226], [818, 1226]], '괴롭히면 안돼 알켓지?', 0.6170275418455732), ([[730, 1684], [782, 1684], [782, 1734], [730, 1734]], '응', 0.9674706417081893)]
[([[161, 271], [201, 271], [201, 345], [161, 345]], '>', 0.43555715609046786), ([[947, 337], [1009, 337], [1009, 377], [947, 377]], '어?', 0.9999698229898298), ([[848, 388], [1110, 388], [1110, 436], [848, 436]], '대머리 아저씨다!', 0.9607848176387705), ([[790, 1334], [986, 1334], [986, 1382], [790, 1382]], '안녕 아저씨!', 0.8352229101666794), ([[179.15395010584845, 208.46185031754538], [287.7188275049448, 177.0505387281684], [305.8460498941515, 255.53814968245462], [197.28117249505524, 286.9494612718316]], '움점', 0.05322299253336043)]
[([[796, 340], [1092, 340], [1092, 390], [796, 390]], '하하 그래안녕클레', 0.8569147804131808), ([[754, 552], [782, 552], [782, 616], [754, 616]], '#', 0.011497343011658556), ([[782, 1369], [1038, 1369], [1038, 1422], [782, 1422]], '아저씨도 진단장', 0.9946601518310604), ([[751, 1416], [1068, 1416], [1068, 1476], [751, 1476]], '우유 먹으러 온거야?', 0.9934899949452973), ([[764, 1476], [1056, 1476], [1056, 1526], [764, 1526]], '클레도 우유 먹으러', 0.6704149410511788), ([[778, 1530], [1034, 1530], [1034, 1582], [778, 1582]], '왕는데 진단장이', 0.36853986356152546), ([[776, 1584], [1044, 1584], [1044, 1634], [776, 1634]], '우유가 안나온데!', 0.8804462361961093)]
[([[119, 309], [212, 309], [212, 369], [119, 369]], '~시', 0.012389588708902348), ([[156, 356], [182, 356], [182, 380], [156, 380]], '(', 0.0917755754771612), ([[866, 404], [1090, 404], [1090, 459], [866, 459]], '흐음 그렇구나', 0.920145041488036), ([[850, 460], [1104, 460], [1104, 510], [850, 510]], '그렇다면 나중에', 0.7911527312515932), ([[780, 513], [1176, 513], [1176, 564], [780, 564]], '진단장남께 우유가 나오면', 0.9107660125792347), ([[886, 567], [1072, 567], [1072, 620], [886, 620]], '클레랑 같이', 0.6084687425652404), ([[824, 622], [1132, 622], [1132, 672], [824, 672]], '먹으러 와야켓는걸?', 0.33938701846476543), ([[858, 1188], [1022, 1188], [1022, 1236], [858, 1236]], '응 나중에', 0.8396729390007672), ([[786, 1240], [1094, 1240], [1094, 1290], [786, 1290]], '아저씨도 꼭 부혹게!', 0.33233560451341526), ([[810, 1293], [1072, 1293], [1072, 1344], [810, 1344]], '클레량 같이먹자!', 0.4349966260956566), ([[110.15350102802535, 365.1219034952862], [171.92632300620312, 377.3392173856961], [164.84649897197465, 404.8780965047138], [104.07367699379688, 392.6607826143039]], '(2 >', 0.19440600347529088)]
[([[143, 313], [209, 313], [209, 353], [143, 353]], '~6', 0.060849455751025266), ([[122, 336], [156, 336], [156, 366], [122, 366]], '9', 0.015644675723024193), ([[156, 356], [182, 356], [182, 380], [156, 380]], '(', 0.0463677874213817), ([[108.21727292457167, 363.1039098209152], [172.92317358708385, 376.32542147990375], [166.7827270754283, 405.8960901790848], [102.07682641291613, 392.67457852009625]], '(선>', 0.05400353225021059)]
[([[206, 276], [396, 276], [396, 326], [206, 326]], '응  으응.0', 0.605030516450979), ([[823, 819], [945, 819], [945, 909], [823, 909]], '대움', 0.0667526673513699), ([[713.3149700916601, 930.0261082007481], [810.7235697817058, 1019.7865569210597], [756.6850299083399, 1078.9738917992518], [659.2764302182942, 990.2134430789403]], '@>', 0.7040926425296564)]
[([[39, 21], [225, 21], [225, 161], [39, 161]], '뿐;', 0.0482759759677194), ([[386, 198], [560, 198], [560, 350], [386, 350]], '춤;', 0.08055512418395076), ([[1049, 587], [1192, 587], [1192, 655], [1049, 655]], '@용0', 0.3174493460866821), ([[854, 834], [910, 834], [910, 906], [854, 906]], '품', 0.13030436870853723), ([[384, 1302], [484, 1302], [484, 1350], [384, 1350]], '으음~', 0.9983116946912641), ([[308, 1356], [560, 1356], [560, 1408], [308, 1408]], '진단장님 젖꼭지', 0.8093407946096949), ([[232, 1406], [634, 1406], [634, 1460], [232, 1460]], '쉽게 빨빠해저서 빠는 맛이', 0.17233284289369985), ([[327, 1461], [536, 1461], [536, 1512], [327, 1512]], '일품이네요0', 0.6172001140340184)]
[([[88, 418], [352, 418], [352, 466], [88, 466]], '극..시. 시끄러워.', 0.5454788148828599), ([[823, 819], [945, 819], [945, 909], [823, 909]], '대움', 0.0753283907778049), ([[705.2706989881711, 931.0295975545049], [812.9651686502284, 1006.2089557073327], [767.7293010118289, 1071.9704024454952], [659.0348313497716, 995.7910442926673]], '@%<', 0.06793369444962888)]
[([[1089, 49], [1259, 49], [1259, 133], [1089, 133]], '덜럭 =', 0.29248078108664266), ([[170, 235], [492, 235], [492, 286], [170, 286]], '진단장남 업무보고차', 0.9769896739800077), ([[200, 290], [466, 290], [466, 342], [200, 342]], '방문 드껴습니다!', 0.4881150148222572), ([[854, 832], [910, 832], [910, 906], [854, 906]], '품', 0.9202964802358657)]
[([[169, 289], [371, 289], [371, 333], [169, 333]], '아그. 그래?', 0.5454560400810756), ([[180, 342], [338, 342], [338, 390], [180, 390]], '어떤 보고', 0.9991787660973466), ([[852, 830], [934, 830], [934, 908], [852, 908]], '품', 0.9763073179420303)]
[([[1228, 146], [1280, 146], [1280, 212], [1228, 212]], '질', 0.16117689706620641), ([[279, 225], [518, 225], [518, 276], [279, 276]], '흐으으으응 .9', 0.5104016952653109), ([[610, 1000], [793, 1000], [793, 1074], [610, 1074]], '조함욕', 0.004407960449006575), ([[854, 1388], [1094, 1388], [1094, 1438], [854, 1438]], '지 진단장남..?', 0.2909048902751872), ([[856, 1440], [1090, 1440], [1090, 1490], [856, 1490]], '괜찮으십니까?', 0.9802144016874713), ([[1163.9745072926244, 123.0527207384572], [1252.4776804322864, 160.8103960083651], [1218.0254927073756, 239.9472792615428], [1129.5223195677136, 202.1896039916349]], '(%', 0.36443348209485443)]
[([[164, 200], [442, 200], [442, 250], [164, 250]], '아  가버운 감기에', 0.4408934829203078), ([[150, 254], [458, 254], [458, 304], [150, 304]], '걸려서.. 조금 쉬어야', 0.8345554842680734), ([[158, 303], [446, 303], [446, 358], [158, 358]], '켓으니 보고서류는', 0.3684128147506674), ([[86, 358], [512, 358], [512, 411], [86, 411]], '저쪽 테이블에 두고 돌아가..', 0.6962408116890059), ([[823, 819], [945, 819], [945, 909], [823, 909]], '대움', 0.20424927184060027), ([[884, 1430], [1118, 1430], [1118, 1480], [884, 1480]], '예알켓습니다!', 0.651245933174831), ([[850, 1482], [1152, 1482], [1152, 1532], [850, 1532]], '그럼 편히 쉬십시오', 0.599962186686886), ([[707.2330350111527, 928.0294551449842], [817.9281004718265, 1010.8029949785741], [766.7669649888473, 1077.9705448550158], [657.0718995281735, 996.1970050214259]], '@>', 0.26956338318750445)]
[([[86, 12], [516, 12], [516, 68], [86, 68]], '[@리7@@@@-@@훨@어@@', 0.001890941084159724), ([[27, 68], [459, 68], [459, 134], [27, 134]], '오) [@훨@@ @어3이|&--', 2.8949526522106324e-05), ([[584, 46], [903, 46], [903, 107], [584, 107]], '(턱똑료똑숨 _물@`:`)', 1.3645536153394279e-05)]
