2020067
11
[([[229, 53], [382, 53], [382, 126], [229, 126]], '어이구', 0.3409881441396875), ([[178, 132], [442, 132], [442, 206], [178, 206]], '이제 눈구야', 0.27019534978044757), ([[84, 214], [532, 214], [532, 286], [84, 286]], '챔피언 단델 @니야', 0.3897049660774374), ([[1128, 220], [1686, 220], [1686, 300], [1128, 300]], '야? 소데야 양 말인가5', 0.17130623974412426), ([[31, 289], [583, 289], [583, 373], [31, 373]], '@무습 일로 찾아밤지?', 0.043792193302956715), ([[1128, 308], [1678, 308], [1678, 388], [1128, 388]], '소미야 양음 아외 함께', 0.38426590433507274), ([[1169, 399], [1639, 399], [1639, 483], [1169, 483]], '연구합 멋이 있어세', 0.18131288942921867), ([[1193, 487], [1617, 487], [1617, 573], [1193, 573]], '잠시 틀린 거리데', 0.2241191806120662), ([[1168, 753], [1891, 753], [1891, 843], [1168, 843]], '간)자 원한다면 (데야 양어제', 0.044605622819515814), ([[1169, 843], [1890, 843], [1890, 922], [1169, 922]], '얘진해세잠깐 아오라고 @켓네', 0.2473623696285019), ([[1355, 930], [1712, 930], [1712, 1008], [1355, 1008]], '잠시기다리', 0.6259555441439593)]
[([[123, 37], [432, 37], [432, 111], [123, 111]], '단델 여모챔', 0.010075174962615927), ([[33, 120], [514, 120], [514, 196], [33, 196]], '대규} 어린애3 이미교', 0.11990627838262238), ([[136, 201], [413, 201], [413, 280], [136, 280]], '왜 쓸데없', 0.5247904682743568), ([[79, 283], [473, 283], [473, 367], [79, 367]], '"정울 @눈고인8', 0.0053363631528252214), ([[1146, 516], [1451, 516], [1451, 592], [1146, 592]], '8? 오만에', 0.3317061162766122), ([[1087, 602], [1504, 602], [1504, 677], [1087, 677]], '솟이 검고심다고8', 0.05623911138049829), ([[1094, 685], [1504, 685], [1504, 760], [1094, 760]], '미안 정말 중요포', 0.1063873425663941), ([[1157, 766], [1436, 766], [1436, 843], [1157, 843]], '실어이고문', 0.038585574711053505)]
[([[46, 18], [660, 18], [660, 91], [46, 91]], '@ @되이 눈 앞에오데덕)', 0.06969521859349745), ([[1102, 559], [1293, 559], [1293, 633], [1102, 633]], '@어3', 0.013707367442830862), ([[881, 643], [1502, 643], [1502, 721], [881, 721]], '왜이령제 얼굴이 @광과군?', 0.05848906583140799), ([[1035, 725], [1462, 725], [1462, 806], [1035, 806]], '실험 때문에 떼', 0.1413852111898287), ([[949, 809], [1441, 809], [1441, 889], [949, 889]], '열인 중요안 실험이다}', 0.19935442223696134), ([[930, 899], [1460, 899], [1460, 977], [930, 977]], '방안이 존금} @권륙', 0.025535883894424963), ([[697, 2051], [895, 2051], [895, 2139], [697, 2139]], '화 악', 0.46401164949765844), ([[935.8409027712042, 716.0749513382729], [1049.3098663661076, 736.5436839008225], [1033.1590972287956, 810.9250486617271], [919.6901336338924, 790.4563160991775]], '어이', 0.14645524335492527)]
[([[44, 9], [783, 9], [783, 86], [44, 86]], '여80 설마 덧금 영울 생각인 컴야?}', 0.015737151901314625), ([[978, 573], [1482, 573], [1482, 649], [978, 649]], '8? 외원장님음 $ 욕울', 0.031130611861847773), ([[1072, 652], [1397, 652], [1397, 725], [1072, 725]], '고 센시군8', 0.23456784497515445), ([[960, 724], [1502, 724], [1502, 804], [960, 804]], '방대|여문 덥다고 &금 @', 0.038463021383443034), ([[1050, 810], [1416, 810], [1416, 885], [1050, 885]], '옆고 아오낭문', 0.006028852726278684), ([[569, 1993], [703, 1993], [703, 2066], [569, 2066]], '꾸육 ', 0.3933081979326145)]
[([[94, 37], [491, 37], [491, 117], [94, 117]], '(진짜} &없어', 0.2285960994287827), ([[908, 511], [1497, 511], [1497, 585], [908, 585]], '여하람 내 {금분다) @뻐찌}', 0.003957320494385621), ([[969, 589], [1435, 589], [1435, 658], [969, 658]], '(오늘음 단델언제 돌이}', 0.21680573559479022), ([[992, 664], [1418, 664], [1418, 729], [992, 729]], '다음에 귀펴이 더있', 0.01343396451210377), ([[1147, 740], [1262, 740], [1262, 803], [1147, 803]], '약-', 0.22169459399236946), ([[898.2682698535109, 1798.1681762529056], [1054.7901061355217, 1787.4928671644482], [1055.731730146489, 1866.8318237470944], [899.2098938644784, 1877.5071328355518]], '꾸욕-', 0.3721529990458723)]
[([[33, 35], [461, 35], [461, 108], [33, 108]], '0용3 상태; &뀌', 0.07824342799959065), ([[68, 114], [412, 114], [412, 187], [68, 187]], '안종이보인다고3', 0.2154513166255579), ([[35, 190], [450, 190], [450, 264], [35, 264]], '맨찮신미찌} 리떼', 0.03791639518920154), ([[939, 625], [1502, 625], [1502, 701], [939, 701]], '단델 예위말로 생피언 일로', 0.018254153512932685), ([[1050, 704], [1386, 704], [1386, 783], [1050, 783]], '@인 힘들잡이3', 0.11556386067156735), ([[969, 783], [1469, 783], [1469, 860], [969, 860]], '어세 돌이기세 품필해', 0.013241171553801862), ([[124, 1574], [316, 1574], [316, 1686], [124, 1686]], '찌적니', 0.21463347942832817), ([[1242, 2023], [1444, 2023], [1444, 2133], [1242, 2133]], "쫓격'", 0.10197913672707046), ([[228, 2177], [428, 2177], [428, 2280], [228, 2280]], '쥐격 ', 0.08217480420775812), ([[908.9161904048586, 1436.053523089072], [1086.5045462093149, 1466.7358754716818], [1067.0838095951415, 1558.946476910928], [888.4954537906851, 1528.2641245283182]], '찌격"', 0.5313278198888376)]
[([[203, 74], [530, 74], [530, 150], [203, 150]], '영#의@양늙게', 0.0012954521406513511), ([[47, 154], [699, 154], [699, 235], [47, 235]], '방외델}8 왕심히 @어물"||', 6.0063794883192644e-05), ([[595, 2054], [756, 2054], [756, 2151], [595, 2151]], '#옷-', 0.06800409138403901), ([[868.0586996752022, 1460.1580680187335], [1033.5837777719037, 1441.7784209746924], [1037.9413003247978, 1544.8419319812665], [872.4162222280963, 1563.2215790253076]], '#로릇-', 0.22456882894039154)]
[([[542, 1595], [706, 1595], [706, 1684], [542, 1684]], '주국-', 0.42582223412607195)]
[([[240, 84], [422, 84], [422, 147], [240, 147]], '@정리', 0.08032205052762083), ([[60, 161], [613, 161], [613, 230], [60, 230]], '단델이 주금만 ( {어5', 0.017580515385991192), ([[127, 234], [541, 234], [541, 307], [127, 307]], '@일 알뻔없다귀8', 0.009310029221333884), ([[759, 1359], [1491, 1359], [1491, 1432], [759, 1432]], '게다기 은근속적 또 안예 드세데요', 0.01766178975430579), ([[844, 1436], [1399, 1436], [1399, 1513], [844, 1513]], '@피} 생컷 @동고5 이직3', 0.054926895540479505), ([[906, 1516], [1340, 1516], [1340, 1589], [906, 1589]], '만족 못히신 에요3', 0.19981164237488117), ([[564, 1999], [721, 1999], [721, 2079], [564, 2079]], '주국-', 0.2469663983584289)]
[([[174, 59], [561, 59], [561, 135], [174, 135]], '@컵 띄 왜', 0.02491910026139602), ([[140, 142], [607, 142], [607, 219], [140, 219]], '얼리 역빠더에요', 0.004736980448855194), ([[24, 224], [713, 224], [713, 305], [24, 305]], '이직3 떼 이고 싶으,리규요63', 0.009926075851778857), ([[1009, 657], [1481, 657], [1481, 732], [1009, 732]], '비6 @절숙 &데요', 0.02608030613282561), ([[1017, 739], [1470, 739], [1470, 815], [1017, 815]], '딸 @주만 더에요3', 0.0310136383868067)]
[([[866, 218], [1406, 218], [1406, 299], [866, 299]], ' 운월: @앗올 대려중', 0.05093944469276623), ([[829, 298], [1439, 298], [1439, 377], [829, 377]], '대제 감사하늄 마음음 담임서', 0.02791021676044385), ([[929, 373], [1337, 373], [1337, 458], [929, 458]], '정성껏성소히리고', 0.10361721008796254), ([[200, 558], [264, 558], [264, 614], [200, 614]], '꿈"', 0.2964071913068446), ([[580, 680], [656, 680], [656, 730], [580, 730]], '조업', 0.3882818028013687)]
