2022755
133
[([[308, 10], [526, 10], [526, 36], [308, 36]], '"-: @2활-. ---_', 0.00023654701784590117), ([[267, 31], [554, 31], [554, 81], [267, 81]], ':항-_--피^', 0.0001091961548625279), ([[337, 79], [483, 79], [483, 123], [337, 123]], '@이,-$', 0.015122342800697271)]
[([[201, 27], [1395, 27], [1395, 93], [201, 93]], "'이제부터 이멘트인데 이런 짓 하고 있으면 세육복 더럽혀 버린대도요", 0.7251826455216691), ([[107, 723], [315, 723], [315, 959], [107, 959]], '01', 0.030430494828632554)]
[([[445, 37], [495, 37], [495, 81], [445, 81]], "'아", 0.9987965824962803), ([[504, 19], [756, 19], [756, 95], [504, 95]], '프로듯서 씨도', 0.24029170079940887), ([[861, 23], [1079, 23], [1079, 91], [861, 91]], '등지도 암구', 0.2512862952362319), ([[1081, 7], [1227, 7], [1227, 115], [1081, 115]], '세0', 0.10972882515510494), ([[1433, 759], [1469, 759], [1469, 817], [1433, 817]], '0', 0.9927811245180607), ([[1291, 815], [1475, 815], [1475, 1047], [1291, 1047]], '1', 0.438048230539664), ([[1286.2871413764274, 80.51685447756924], [1494.3149286566525, -24.698364447639648], [1563.7128586235726, 133.48314552243076], [1355.6850713433475, 238.69836444763965]], '170', 0.8374483952933833)]
[([[900, 44], [1182, 44], [1182, 284], [900, 284]], '주', 0.024132997378585097), ([[418, 1020], [514, 1020], [514, 1150], [418, 1150]], '(', 0.5541864161401122)]
[([[225, 29], [485, 29], [485, 91], [225, 91]], "'이렇계나 가득", 0.3726120006198143), ([[534, 26], [782, 26], [782, 98], [534, 98]], '이래선 이멘트', 0.6375726815721667), ([[826, 31], [1266, 31], [1266, 88], [826, 88]], '때가 아니게 돼 버려네요', 0.5862874998250669), ([[1331, 75], [1417, 75], [1417, 171], [1331, 171]], '0', 0.9952660928354504)]
[([[255, 25], [839, 25], [839, 93], [255, 93]], "'팬 여러분과 접촉 팬 서비스라니:-", 0.5850143407346976), ([[869, 31], [1339, 31], [1339, 93], [869, 93]], "'심하다구요 프로유서 씨:", 0.3577256709529272), ([[1153, 109], [1373, 109], [1373, 217], [1153, 217]], '[ %', 0.04811032948176755), ([[19, 627], [277, 627], [277, 907], [19, 907]], '시', 0.061856311539011166), ([[486.651751585148, 1082.101560461977], [552.7078882377988, 1055.1635347696497], [592.3482484148519, 1165.898439538023], [526.2921117622012, 1191.8364652303503]], '0', 0.01242266897800054)]
[([[539, 15], [589, 15], [589, 59], [539, 59]], "'에", 0.9573379186284243), ([[601, 7], [1041, 7], [1041, 73], [601, 73]], '처기 잠깐 기다려 주세요', 0.8073547209030811), ([[1084, 0], [1516, 0], [1516, 286], [1084, 286]], '71도', 0.0321860229232939), ([[1474, 898], [1574, 898], [1574, 1020], [1474, 1020]], '애', 0.6910722101049629), ([[610, 1130], [666, 1130], [666, 1186], [610, 1186]], "'응", 0.9991601166506178), ([[713, 1129], [969, 1129], [969, 1193], [713, 1193]], '젖꼭지 스처: ', 0.1169969127010615), ([[1455.3014590799967, 780.0187812366064], [1551.6060271883389, 832.4825411687049], [1444.6985409200033, 1028.9812187633936], [1348.3939728116611, 976.5174588312951]], '4', 0.16293858008273876)]
[([[751, 33], [795, 33], [795, 85], [751, 85]], '응', 0.9986678033348859), ([[1104, 0], [1334, 0], [1334, 170], [1104, 170]], '군', 0.7453936589629393), ([[1528, 67], [1577, 67], [1577, 163], [1528, 163]], '속', 0.9825141291939907), ([[1278, 132], [1328, 132], [1328, 192], [1278, 192]], '@', 0.01929505541246912), ([[739, 206], [787, 206], [787, 309], [739, 309]], '처', 0.024810460200719087), ([[53, 494], [246, 494], [246, 770], [53, 770]], '씨', 0.17320342316806148), ([[1008, 824], [1600, 824], [1600, 1163], [1008, 1163]], ')타', 0.0077427638575974685)]
[([[297, 37], [375, 37], [375, 81], [297, 81]], '으으', 0.9934149385272842), ([[430, 25], [1261, 25], [1261, 102], [430, 102]], '모처럼의 라이브 의상이 근적관적해전 버뛰어요;', 0.1198131108314221)]
[([[196, 22], [525, 22], [525, 95], [196, 95]], "'아이돌로서 운동도", 0.8786423578878125), ([[521, 22], [875, 22], [875, 139], [521, 139]], '중요하다니"임이건', 0.11731092007963186), ([[871, 27], [1382, 27], [1382, 89], [871, 89]], '좀 다르다고 생각하눈데요: .', 0.5522422134812034), ([[75, 607], [327, 607], [327, 941], [75, 941]], '시', 0.07400680452191466), ([[333, 847], [393, 847], [393, 913], [333, 913]], '0', 0.9999954700521272), ([[1237.7240764434737, 526.050955543422], [1329.592186568158, 454.0109626597317], [1488.2759235565263, 682.949044456578], [1396.407813431842, 755.9890373402683]], '3', 0.2580783084334968)]
[([[299, 26], [1321, 26], [1321, 91], [299, 91]], '\'에! 이거; 프로두서 씨만 움직여서 제 운동이 안 된다구요!"', 0.5260812450687311), ([[1500, 748], [1572, 748], [1572, 836], [1500, 836]], '아', 0.06524246662651478), ([[1219.7337890563847, 191.0297069009944], [1372.5985225124346, 72.00663468920355], [1632.2662109436153, 457.9702930990056], [1479.4014774875654, 576.9933653107964]], '춤', 0.03150423267136748), ([[1075.1984114838212, 322.33094545778107], [1190.8203246551843, 216.01529924106092], [1348.8015885161788, 422.66905454221893], [1233.1796753448157, 527.9847007589391]], '시', 0.034719692818285575), ([[159.33379011082215, 455.0123329921982], [375.34860016457554, 642.2014510183088], [274.6662098891778, 760.9876670078019], [58.65139983542444, 573.7985489816912]], '대주', 0.3861784923825236), ([[1478.0353897209563, 592.0388325398578], [1569.1352453573506, 575.7350212679069], [1593.9646102790437, 739.9611674601422], [1502.8647546426494, 756.2649787320931]], '사', 0.19491665200700314), ([[167.77673671803868, 824.0394191295993], [277.6106168985274, 746.0098144557976], [446.22326328196135, 1016.9605808704007], [336.3893831014726, 1094.9901855442024]], '^', 0.3697787922659792), ([[1192.3318377881099, 1019.5282484795734], [1455.192388155425, 901.8076118445749], [1491.6681622118901, 1010.4717515204266], [1228.807611844575, 1128.192388155425]], '(=  젓@', 0.006253018054599242), ([[666.9838128076015, 1104.0575527068925], [800.5992722206347, 1133.344342402451], [781.0161871923985, 1209.9424472931075], [647.4007277793653, 1180.655657597549]], "'0", 0.08685868606956881)]
[([[690, 32], [922, 32], [922, 87], [690, 87]], '나오고 있어:', 0.6884275336209144), ([[1084, 200], [1324, 200], [1324, 482], [1084, 482]], '7', 0.20821071476329056), ([[1324, 532], [1452, 532], [1452, 668], [1324, 668]], '벼굶', 0.006420459290693026), ([[1150, 1012], [1415, 1012], [1415, 1148], [1150, 1148]], '7),7', 0.000642989354673773), ([[411.1106806202549, 846.0396229468554], [477.59773172779035, 818.0178801459012], [536.8893193797451, 977.9603770531446], [469.40226827220965, 1004.9821198540988]], '4', 0.1151573606097287)]
[([[557, 39], [633, 39], [633, 79], [557, 79]], '으으', 0.987213457404558), ([[686, 26], [1002, 26], [1002, 128], [686, 128]], '도이렇계나 가득', 0.24928883269939925), ([[1203, 961], [1439, 961], [1439, 1149], [1203, 1149]], '무려', 0.017432882894674165), ([[1019.8529868334579, 50.02742481926944], [1197.4041847772758, 24.37240329763145], [1228.1470131665421, 306.9725751807306], [1049.5958152227242, 331.6275967023686]], '2', 0.13640990208739456), ([[1137.1879957676922, 283.0747487890766], [1274.7607903624391, 199.0131585255085], [1402.8120042323078, 447.9252512109234], [1265.2392096375609, 531.9868414744915]], '%', 0.3747701839939168), ([[1338.9613785480576, 486.23392775664723], [1392.700989005636, 444.0273407278568], [1466.0386214519424, 546.7660722433528], [1412.299010994364, 589.9726592721432]], '5', 0.6460604988574801), ([[-9.276295215700177, 628.0280986036059], [153.60529608262175, 502.00631764241797], [429.2762952157002, 912.9719013963941], [266.39470391737825, 1038.993682357582]], '통', 0.009948279850255981), ([[1443.981981618011, 1028.7801797798122], [1489.0903570527898, 1016.8481618574223], [1496.018018381989, 1044.2198202201878], [1450.9096429472102, 1056.1518381425776]], '09', 0.9059811120906028)]
[([[1251, 9], [1439, 9], [1439, 307], [1251, 307]], '셋', 0.901418661919763), ([[1375, 301], [1443, 301], [1443, 391], [1375, 391]], '0', 0.36232556390445225), ([[1422, 402], [1498, 402], [1498, 506], [1422, 506]], '4', 0.22002078190820473), ([[155, 643], [171, 643], [171, 687], [155, 687]], '8', 0.7530221114042526), ([[883, 963], [1313, 963], [1313, 1023], [883, 1023]], '"사; 잠깐 [장 뭐 해냐??', 0.3174140310909671), ([[879, 1021], [1257, 1021], [1257, 1081], [879, 1081]], '에? 미구의 몸이 야한', 0.7343472768125477), ([[1255, 993], [1529, 993], [1529, 1086], [1255, 1086]], "'게나쁘다니  .", 0.1986976645176388), ([[883, 1077], [1441, 1077], [1441, 1141], [883, 1141]], '그거 칭찬이야 욕이야 어느 쪽?-', 0.5779749536255381), ([[860.9972161964312, 601.0167642732927], [1227.9378367924296, 718.0878825985257], [1142.0027838035687, 959.9832357267073], [775.0621632075705, 841.9121174014743]], '#값', 0.0005858387684087977)]
[([[20, 0], [312, 0], [312, 360], [20, 360]], '19', 0.09594887374642874), ([[286, 190], [382, 190], [382, 352], [286, 352]], '0', 0.06592618793901295), ([[265, 437], [399, 437], [399, 589], [265, 589]], '시', 0.03222573836725062), ([[821, 665], [869, 665], [869, 703], [821, 703]], '4기', 0.750050277312643), ([[852, 616], [954, 616], [954, 718], [852, 718]], '3%', 0.017742674388664424), ([[700, 986], [778, 986], [778, 1078], [700, 1078]], '4', 0.6698378222884607), ([[991, 999], [1043, 999], [1043, 1043], [991, 1043]], "'아", 0.997728788155225), ([[1108, 994], [1182, 994], [1182, 1048], [1108, 1048]], '[장', 0.06804874459662583), ([[1179, 987], [1411, 987], [1411, 1073], [1179, 1073]], "기다리래오'", 0.5087749359597821), ([[973, 1049], [1353, 1049], [1353, 1111], [973, 1111]], '아아 참 듣지도 암구~', 0.442431893503327), ([[1255.0568660452, 306.0111203164767], [1707.3523536589876, 503.8311603799519], [1565.9431339548, 809.9888796835234], [1112.6476463410124, 612.1688396200481]], '기,', 0.0004792093754968778)]
[([[20, 8], [478, 8], [478, 392], [20, 392]], "3 '", 0.007668759546612171), ([[50, 612], [152, 612], [152, 732], [50, 732]], '넷', 0.009823065287296373), ([[776, 652], [941, 652], [941, 749], [776, 749]], '말"', 0.023469795823617516), ([[1127, 1021], [1267, 1021], [1267, 1081], [1127, 1081]], "'응나아'", 0.7913031693617515)]
[([[282, 202], [434, 202], [434, 376], [282, 376]], '참', 0.0538995880448534), ([[804, 674], [958, 674], [958, 748], [804, 748]], '그 ((앙', 0.060851525599396765), ([[1015, 753], [1103, 753], [1103, 875], [1015, 875]], '7', 0.9995307280939905), ([[988, 986], [1298, 986], [1298, 1060], [988, 1060]], '[장 너무 싸나:.', 0.2570661590166093), ([[869, 1047], [1513, 1047], [1513, 1109], [869, 1109]], '냄새 안 빠지면 어떻게 해 줄 거야~?', 0.7799304782071098), ([[61.287953291016905, 655.028211466813], [134.34251608718694, 648.6437097820327], [143.7120467089831, 798.971788533187], [71.65748391281306, 805.3562902179673]], '춤', 0.0789641757583448)]
[([[85, 25], [1045, 25], [1045, 90], [85, 90]], "'사무소에 도착하자마자 젖치기 시키다니 [장 변대 속나나", 0.10120944692607094), ([[869, 153], [1009, 153], [1009, 393], [869, 393]], '9', 0.9999581579770656), ([[878, 420], [1004, 420], [1004, 582], [878, 582]], ';', 0.004655892530795791), ([[50, 512], [104, 512], [104, 708], [50, 708]], '~', 0.8775569465763198), ([[1050, 664], [1100, 664], [1100, 724], [1050, 724]], '0', 0.06065416115768607), ([[46, 968], [264, 968], [264, 1330], [46, 1330]], '<', 0.06000551603025017), ([[172, 1308], [254, 1308], [254, 1384], [172, 1384]], '애', 0.0427287698132659), ([[118, 1360], [266, 1360], [266, 1528], [118, 1528]], '다', 0.3540666709048459)]
[([[269, 17], [1021, 17], [1021, 101], [269, 101]], '좋다구 [장 미구의 가슴 안에 정자 가득 #', 0.2080205339453959), ([[75, 231], [141, 231], [141, 335], [75, 335]], '4', 0.2090427866844493), ([[770, 70], [916, 70], [916, 310], [770, 310]], '0', 0.8858955098852483), ([[91, 327], [127, 327], [127, 421], [91, 421]], '%', 0.050554788035928055), ([[833, 195], [1045, 195], [1045, 471], [833, 471]], '방', 0.00669542622528585), ([[677, 477], [713, 477], [713, 573], [677, 573]], '용', 0.6979188292573326), ([[1040, 660], [1096, 660], [1096, 742], [1040, 742]], '|', 0.008003860863693701), ([[1057, 1215], [1099, 1215], [1099, 1287], [1057, 1287]], '0', 0.9999767543236295), ([[1035, 1403], [1143, 1403], [1143, 1559], [1035, 1559]], '0?', 0.025432225027104988), ([[849.2691785672145, 376.0095391243127], [1135.3050877822259, 633.8006305800559], [973.7308214327855, 814.9904608756873], [688.6949122177741, 557.1993694199441]], '<보', 0.0046899930982562425), ([[76.23543420317368, 1074.0108273720307], [257.2186866559403, 1014.0913131215447], [394.76456579682633, 1480.9891726279693], [213.7813133440597, 1540.9086868784552]], '"', 0.05851785062361281), ([[861.0971391435005, 1250.072522779856], [1078.7801360139208, 1209.8369749439723], [1105.9028608564995, 1430.927477220144], [887.2198639860792, 1471.1630250560277]], '기히', 0.012269067805368858)]
[([[383, 29], [763, 29], [763, 89], [383, 89]], "'아하 나뭇다 나밤다~", 0.08021641123894536), ([[400, 192], [432, 192], [432, 232], [400, 232]], '씨', 0.44234941847322773), ([[726, 218], [922, 218], [922, 430], [726, 430]], '10', 0.016084472302954556), ([[955, 575], [1041, 575], [1041, 679], [955, 679]], '4', 0.006307491478960481), ([[130, 1148], [258, 1148], [258, 1318], [130, 1318]], '71', 0.33380380050436986), ([[923, 1363], [1157, 1363], [1157, 1519], [923, 1519]], '다리', 0.06276709631398561), ([[27.57051274330182, 211.01153702541384], [85.56997639990328, 199.02033040135413], [128.42948725669817, 412.9884629745861], [69.43002360009672, 424.9796695986459]], '{', 0.009320145002988944), ([[1090.1840022001975, 586.0256349831401], [1213.9665677912064, 683.0682705778773], [1144.8159977998025, 770.9743650168599], [1021.0334322087936, 672.9317294221227]], '근', 0.007227653919939181), ([[96.02078362749072, 739.0239860008106], [241.43626490357298, 812.247314245677], [153.97921637250928, 982.9760139991894], [9.56373509642701, 909.752685754323]], '1 ', 0.025458026924923584)]
[([[331, 1], [859, 1], [859, 61], [331, 61]], "'정자 옷에 뿌려 버리고 있어나", 0.6037606018953754), ([[313, 57], [799, 57], [799, 119], [313, 119]], '냄새 안 빠지면 책임 지라구', 0.8837561173738065), ([[51, 267], [111, 267], [111, 345], [51, 345]], '0', 0.6364191311745913), ([[79, 335], [128, 335], [128, 480], [79, 480]], '{', 0.10173908182544356), ([[690, 392], [762, 392], [762, 607], [690, 607]], '5', 0.025517082136211622), ([[48, 854], [174, 854], [174, 998], [48, 998]], '좁', 0.05350638879864178), ([[92, 1087], [263, 1087], [263, 1338], [92, 1338]], '주', 0.14797996573452465), ([[845.5051813626327, 195.06217635159217], [978.905782376089, 166.82908150345438], [1008.4948186373673, 350.93782364840786], [875.094217623911, 379.1709184965456]], '', 0.0), ([[847.2654177461167, 445.0627648964106], [977.6796140416234, 337.009624330694], [1184.7345822538832, 630.9372351035894], [1055.3203859583766, 737.990375669306]], '3', 0.9999868870211372)]
[([[35, 0], [335, 0], [335, 59], [35, 59]], "'이런 모습 시키고", 0.9955260667886207), ([[387, 0], [1185, 0], [1185, 59], [387, 59]], '어자피 미구 가슴에 자지 끼우고 싶업언 거지?', 0.34953950833640696), ([[17, 57], [567, 57], [567, 119], [17, 119]], '변태 [장의 속셈은 다 들려어나', 0.18888349148386072), ([[800, 218], [854, 218], [854, 286], [800, 286]], '대', 0.008646634997653502), ([[1056, 698], [1134, 698], [1134, 772], [1056, 772]], '9', 0.9941692955176826), ([[41, 747], [109, 747], [109, 833], [41, 833]], '|', 0.005348048717884746), ([[946, 766], [1176, 766], [1176, 984], [946, 984]], '국0', 0.1958444979460893), ([[236, 1305], [698, 1305], [698, 1569], [236, 1569]], '어 다', 0.03715431901647517), ([[688, 1480], [794, 1480], [794, 1556], [688, 1556]], '?', 0.39489820618770466), ([[946.2001974577347, 223.00888559806202], [1217.7242942936812, 302.8792186174511], [1086.7998025422653, 744.9911144019379], [815.2757057063188, 666.1207813825489]], '(', 0.24197900625282287)]
[([[113, 0], [673, 0], [673, 59], [113, 59]], "'어때 [장; 미루 가슴 기분 좋아?", 0.5024419680234669), ([[95, 55], [1021, 55], [1021, 121], [95, 121]], '가고 싶어지면 참지 말고 가슴 안에 가득 싸도 좋다구', 0.705127054263998), ([[795, 161], [833, 161], [833, 263], [795, 263]], '통', 0.01092402245498475), ([[918, 836], [996, 836], [996, 1006], [918, 1006]], '(', 0.07180133819645196), ([[504, 1350], [648, 1350], [648, 1500], [504, 1500]], "'930", 0.31051793694496155), ([[991.2668476695901, 167.0081451315569], [1235.1438747746392, 245.50392676784364], [1093.73315233041, 682.9918548684432], [849.8561252253609, 604.4960732321564]], '(', 0.4444518619422979), ([[1081.1695452014626, 626.0345424175512], [1155.6962992551996, 611.3703598028582], [1182.8304547985374, 765.9654575824488], [1108.3037007448004, 780.6296401971418]], '3', 0.034591267882527754), ([[1033.6684018715785, 725.0808953469442], [1117.9193495504996, 710.1613008990009], [1135.3315981284215, 828.9191046530558], [1051.0806504495004, 843.8386991009991]], '라', 0.03542573413597783)]
[([[489, 27], [655, 27], [655, 91], [489, 91]], "'싫다아양", 0.7967227261857778), ([[767, 202], [828, 202], [828, 432], [767, 432]], '6', 0.31970284523183423), ([[795, 421], [833, 421], [833, 467], [795, 467]], '0', 0.5352854622238148), ([[1001, 731], [1063, 731], [1063, 799], [1001, 799]], '0', 0.23346805451936437), ([[420, 1397], [735, 1397], [735, 1570], [420, 1570]], '[!', 0.0037203645642880224), ([[71.33624510090036, 427.0122422343995], [209.41573331673433, 458.08306668690255], [145.66375489909964, 733.9877577656005], [8.584266683265675, 702.9169333130975]], '', 0.0), ([[138.19921073434801, 1307.0291870605677], [240.8924915561642, 1394.4658462596951], [180.80078926565199, 1465.9708129394323], [77.10750844383578, 1377.5341537403049]], ',좁', 0.010554392270966615)]
[([[54, 2], [144, 2], [144, 52], [54, 52]], "'아하", 0.9995692335312067), ([[209, 0], [517, 0], [517, 59], [209, 59]], '가슴 속 미끈리끈', 0.514585837238809), ([[33, 52], [1082, 52], [1082, 131], [33, 131]], '아이돌가슴에 사정해 버리다니 정말 [장은 변태 프로듯서나', 0.2466686538096304), ([[49, 635], [181, 635], [181, 829], [49, 829]], '허', 0.061819523274210475), ([[342, 1385], [802, 1385], [802, 1586], [342, 1586]], '([버히8 다 ', 0.00148212964903781)]
[([[323, 27], [1279, 27], [1279, 91], [323, 91]], "'야 새끼! 모처럼 감은 흉대 잡아 당기고 무슨 속_이냐! '", 0.1559647803219246), ([[1299, 320], [1365, 320], [1365, 463], [1299, 463]], '쇼', 0.07623435863459704), ([[51, 310], [264, 310], [264, 634], [51, 634]], '2', 0.00950397716042417), ([[1164, 516], [1452, 516], [1452, 824], [1164, 824]], '뉴', 0.025339363651602165), ([[1310, 796], [1414, 796], [1414, 900], [1310, 900]], '%', 0.01611643384192285), ([[1190, 850], [1388, 850], [1388, 1072], [1190, 1072]], '권', 0.07531101073774327), ([[132.5639245827143, 609.0079260246428], [218.41578479740278, 595.0838112885267], [265.43607541728574, 907.9920739753572], [179.58421520259722, 921.9161887114733]], '국', 0.043399627895021275), ([[235.11654779140122, 918.0489301226111], [294.7612360414103, 895.0362998744769], [339.8834522085988, 1023.9510698773889], [280.2387639585897, 1046.9637001255232]], '8', 0.7227064602028612)]
[([[538, 8], [620, 8], [620, 60], [538, 60]], '잠:-', 0.8484273143310792), ([[637, 0], [1083, 0], [1083, 65], [637, 65]], '월 허리 흔들고 있냐 바보', 0.5548543105189029), ([[511, 55], [1062, 55], [1062, 124], [511, 124]], '야 야! 듣고 있냐고 프로둑세"', 0.21626338105678677), ([[239, 109], [281, 109], [281, 171], [239, 171]], '0)', 0.7660350560359027), ([[438, 217], [502, 217], [502, 380], [438, 380]], '"', 0.006201683273754421), ([[123, 439], [231, 439], [231, 637], [123, 637]], '완', 0.00859205459590845), ([[991, 558], [1078, 558], [1078, 622], [991, 622]], '1초이', 0.09594987299136429), ([[130.2088896018646, 126.01956995766503], [244.7339672396052, 102.44180316831172], [291.7911103981354, 359.98043004233494], [177.2660327603948, 383.5581968316883]], '', 0.0), ([[1417.3766792951794, 576.3158062934501], [1646.1966161642476, 730.374240107147], [1356.6233207048206, 1153.6841937065499], [1127.8033838357524, 998.625759892853]], '벼', 0.004642732672481609)]
[([[748, 32], [852, 32], [852, 88], [748, 88]], "'응응!-", 0.11404572903918997), ([[345, 311], [407, 311], [407, 375], [345, 375]], '@', 0.9775830319064802), ([[171.77530870768044, 235.03753193519105], [386.2217949490092, 264.8309401253469], [356.22469129231956, 437.96246806480895], [141.77820505099075, 409.1690598746531]], '4.', 0.01544743275372948)]
[([[499, 0], [1079, 0], [1079, 63], [499, 63]], "'소중한 특공복에 성대히 뿌려놓긴", 0.7338472728764711), ([[535, 57], [1045, 57], [1045, 121], [535, 121]], '그렇게나 기분 중안언 거나고', 0.4297483252339604), ([[836, 200], [860, 200], [860, 268], [836, 268]], ';', 0.12016312626886716), ([[1262, 356], [1316, 356], [1316, 486], [1262, 486]], '5', 0.020839445599829753), ([[1297, 899], [1333, 899], [1333, 945], [1297, 945]], '0', 0.9590637896398135), ([[1248, 908], [1300, 908], [1300, 978], [1248, 978]], '대', 0.026248026841124705), ([[1285, 949], [1329, 949], [1329, 1001], [1285, 1001]], '0', 0.4875319975491408), ([[1262, 994], [1311, 994], [1311, 1102], [1262, 1102]], '용', 0.6066886880223912)]
[([[211, 29], [1389, 29], [1389, 91], [211, 91]], "'여어프로유서:. 이딴 꼬라지 시켜놓고 날로 먹을 생각은 아니계지?'", 0.39284290204841554), ([[172, 236], [268, 236], [268, 386], [172, 386]], '8', 0.486665978033475), ([[1189, 781], [1277, 781], [1277, 883], [1189, 883]], '(', 0.8392764963453239), ([[650.436464432426, 172.02652298371552], [693.9087488597271, 163.0692179680969], [716.563535567574, 289.9734770162845], [673.0912511402729, 298.9307820319031]], '3', 0.3629165737229414)]
[([[251, 0], [1371, 0], [1371, 63], [251, 63]], "'오라' 담당 아이돌에계 이딴 꼬라지 시켜서 발기하고 인는 변태놈", 0.29742079102812197), ([[247, 59], [759, 59], [759, 123], [247, 123]], '얼빠진 얼굴 보이려 사정해라', 0.3770653124333444), ([[44, 76], [242, 76], [242, 350], [44, 350]], '07', 0.43492039869419485), ([[1263, 156], [1544, 156], [1544, 516], [1263, 516]], '4', 0.03604082254248042), ([[63, 395], [179, 395], [179, 599], [63, 599]], '@', 0.005285772274847611), ([[1082, 484], [1490, 484], [1490, 898], [1082, 898]], '2', 0.025246532144660216), ([[1383, 773], [1469, 773], [1469, 951], [1383, 951]], '0', 0.056392886014686505), ([[254, 988], [426, 988], [426, 1160], [254, 1160]], ',', 0.08864027735811053), ([[404.96229196274635, 110.31080908012954], [512.8332915383077, 166.62504002677454], [338.03770803725365, 492.68919091987044], [231.16670846169228, 436.3749599732255]], '8', 0.36836339494275094), ([[634.5705582892349, 145.0184761551253], [671.6962741569955, 139.04871710580983], [690.4294417107651, 270.9815238448747], [652.3037258430045, 276.9512828941902]], '{', 0.8790717724403443)]
[([[750, 30], [858, 30], [858, 84], [750, 84]], "우옷'", 0.1782605989555264), ([[132.71655941875377, 103.08662376750151], [389.3930533432861, -47.63294807009922], [490.2834405812462, 124.91337623249849], [233.6069466567139, 276.63294807009925]], '죽', 0.08698539901976776), ([[80.87602307781924, 363.03952770503315], [319.1554175279993, 141.68916494400133], [391.12397692218076, 252.96047229496688], [152.84458247200067, 474.31083505599867]], '응 ', 0.3301931943427925), ([[1423.2956984501752, 153.0118138152218], [1583.8150670688367, 199.11666073268938], [1497.7043015498248, 492.9881861847782], [1337.1849329311633, 446.8833392673106]], '7', 0.1352378844011506)]
[([[279, 28], [1316, 28], [1316, 92], [279, 92]], "'헤헤어때 겪나? 이거에 질로으면 일의 내용엔 신경 쓰라고", 0.3013561623835905), ([[685, 275], [701, 275], [701, 313], [685, 313]], ':', 0.8514131061465982), ([[122, 468], [232, 468], [232, 568], [122, 568]], '꼴', 0.017699382825498766), ([[50, 566], [148, 566], [148, 678], [50, 678]], '8', 0.17037036608893974), ([[30, 728], [54, 728], [54, 756], [30, 756]], '0', 0.9955856747759562), ([[1236, 584], [1460, 584], [1460, 920], [1236, 920]], ';', 0.4989278366815917)]
[([[448, 30], [534, 30], [534, 86], [448, 86]], "'제길", 0.9955242444136835), ([[584, 22], [936, 22], [936, 95], [584, 95]], '네놈들; 다풀이라니', 0.1710737151500329), ([[919, 16], [1176, 16], [1176, 119], [919, 119]], '[비겁하다고;', 0.09745338915809552), ([[1224, 216], [1278, 216], [1278, 304], [1224, 304]], '벼', 0.027783273266665853), ([[673.615171078558, 254.0373725006457], [691.8791057279617, 256.20356655590444], [685.384828921442, 308.9626274993543], [667.1208942720383, 306.79643344409556]], ':', 0.3271985546929592)]
[([[252, 34], [344, 34], [344, 82], [252, 82]], "'아야", 0.9982601562271567), ([[390, 20], [1006, 20], [1006, 93], [390, 93]], '가슴을 장난감처럼 다루고 안아어:', 0.5070794900930533), ([[1035, 27], [1349, 27], [1349, 89], [1035, 89]], '쌀 거면 빨랑 씨!', 0.6492640840995757), ([[314, 670], [436, 670], [436, 798], [314, 798]], '좁', 0.03245902730438477), ([[192, 766], [368, 766], [368, 974], [192, 974]], "사 '", 0.5296857037858748), ([[489, 1025], [601, 1025], [601, 1151], [489, 1151]], "0 '", 0.8327838816677848), ([[926.1212106869496, -18.987930995037303], [1371.7147617717217, 157.7369159329254], [1262.8787893130504, 408.9879309950373], [817.2852382282783, 232.2630840670746]], '~애', 0.000877812815375508), ([[1007.0507467351038, 846.0576198232536], [1367.8122110257243, 798.1531488807238], [1384.9492532648962, 1080.9423801767464], [1024.1877889742757, 1127.8468511192762]], '30사', 0.0016073244558499381)]
[([[751, 27], [844, 27], [844, 90], [751, 90]], '응극', 0.48009986768898716), ([[1117, 27], [1157, 27], [1157, 107], [1117, 107]], '0', 0.9999386081581498), ([[171, 101], [209, 101], [209, 157], [171, 157]], '2', 0.5597663139603561), ([[831, 0], [1235, 0], [1235, 359], [831, 359]], '게7 ', 0.0801243830911797), ([[167, 913], [255, 913], [255, 999], [167, 999]], '', 0.0), ([[123.24946100927244, 738.0373876169751], [348.6866708440745, 556.0057506087512], [687.7505389907276, 1053.9626123830249], [463.3133291559255, 1234.9942493912488]], '"', 0.010429370338022048)]
[([[351, 25], [782, 25], [782, 94], [351, 94]], '"맞장이업으면 이딴 놈들:', 0.5924503759535724), ([[823, 22], [1227, 22], [1227, 98], [823, 98]], '네놈들 기억해 뒤과 " ', 0.38182448545746767), ([[1046, 94], [1206, 94], [1206, 242], [1046, 242]], '30', 0.7777766243537845), ([[1134.2111456180003, 268.16130089900093], [1195.7497633932626, 229.02814686960727], [1259.7888543819997, 342.83869910099907], [1198.2502366067374, 381.97185313039273]], '중', 0.04154919749913688), ([[107.8520062924183, 669.0193862555817], [313.61584098166384, 541.0055778121572], [580.1479937075817, 1032.9806137444184], [374.38415901833616, 1160.994422187843]], '로', 0.08598755405987735), ([[1435.6718509807918, 677.0035898221877], [1547.1523200111453, 689.9126440201594], [1491.3281490192082, 1163.9964101778123], [1378.8476799888547, 1150.0873559798406]], '"', 0.7167966499242198)]
[([[346, 26], [786, 26], [786, 99], [346, 99]], "'젖소 씨의 젖선럼 자내면", 0.4200433067576336), ([[981, 27], [1259, 27], [1259, 91], [981, 91]], "쉬운 일이에요!'", 0.9421726259081644), ([[758, 5], [1002, 5], [1002, 230], [758, 230]], "'안부'", 0.013503982685506344), ([[1105, 135], [1203, 135], [1203, 221], [1105, 221]], '$', 0.4989179007449742), ([[1450, 325], [1593, 325], [1593, 436], [1450, 436]], '아깥', 0.06446684835348286), ([[81, 669], [263, 669], [263, 1003], [81, 1003]], '(', 0.1690484710556781), ([[326, 980], [374, 980], [374, 1034], [326, 1034]], '0', 0.9165758875850685)]
[([[263, 27], [615, 27], [615, 93], [263, 93]], "'어라~? 젖의 배출이", 0.9285125189202577), ([[859, 25], [1269, 25], [1269, 93], [859, 93]], '에에이! 힘껏 흉어 버려', 0.2702162018131238), ([[1420, 292], [1522, 292], [1522, 514], [1420, 514]], '1', 0.44916163545885013), ([[1443, 869], [1535, 869], [1535, 1029], [1443, 1029]], '', 0.0), ([[471, 1109], [559, 1109], [559, 1195], [471, 1195]], '기', 0.20789672737942055), ([[620.0652700194609, 12.05479516541699], [830.8849780385061, 43.64828947911323], [816.9347299805391, 112.94520483458301], [605.1150219614939, 82.35171052088677]], '나쁘네요~', 0.7646298318770284), ([[31.836543272296414, 796.0356553384315], [152.67572883130734, 737.0120198402636], [264.1634567277036, 996.9643446615685], [143.32427116869266, 1055.9879801597363]], '"', 0.06591243023002935), ([[269.143235659778, 809.0334164451583], [338.5385690048801, 771.0131923004459], [431.856764340222, 958.9665835548417], [362.4614309951199, 996.9868076995541]], '"', 0.506540592615238), ([[1049.6776028043619, 1084.0131233652342], [1288.837540898911, 1009.5016007941346], [1318.3223971956381, 1115.9868766347658], [1078.162459101089, 1191.4983992058656]], '48705', 0.032309751147892946)]
[([[576, 21], [970, 21], [970, 98], [576, 98]], "'아하! 나용다 나군다~", 0.18386630448946695), ([[463, 1099], [615, 1099], [615, 1200], [463, 1200]], '시;', 0.007507939021024717), ([[625.8069000274562, 143.18208008785987], [650.5086572639415, 120.0324733412566], [706.1930999725438, 182.81791991214013], [681.4913427360585, 205.9675266587434]], '중', 0.03676411569494409), ([[20.909908090055314, 866.9008988990608], [138.79500476742496, 770.2627021353957], [218.09009190994468, 878.0991011009392], [100.20499523257504, 973.7372978646043]], '가', 0.010833234001950132), ([[214.8719580218869, 860.0579928123029], [379.25205138695424, 884.0130911272955], [361.1280419781131, 978.9420071876971], [196.74794861304574, 954.9869088727045]], '{8', 0.7657688404405049), ([[287.1776507657749, 919.0169136083294], [485.99471737972823, 1063.540351324604], [383.8223492342251, 1201.9830863916707], [185.00528262027177, 1058.459648675396]], '시스', 0.03021251707178921)]
[([[49, 27], [1483, 27], [1483, 95], [49, 95]], "'잔뜩 나군네요~ 훌륭해요~ 젖은 매일 짜야 하니 괴로위지면 언제든지 말해 주세요", 0.2984796667727429), ([[756.1051750205921, 148.1365600658949], [776.5366563145999, 137.0483902697003], [803.8948249794079, 185.8634399341051], [782.4633436854001, 197.9516097302997]], '8', 0.9624736328310632), ([[67.2038378058769, 456.0637943964368], [102.56454844022143, 443.03197372605143], [130.7961621941231, 527.9362056035633], [95.43545155977857, 540.9680262739486]], '8', 0.39902829703496323), ([[35.18161619050314, 547.0090518107422], [307.57009657592073, 512.2006800056089], [365.8183838094969, 1072.9909481892578], [92.42990342407927, 1107.799319994391]], '6', 0.4227456354385595), ([[1156.9588563149211, 1039.2325660469876], [1462.5634304016994, 976.4389636521718], [1483.0411436850789, 1143.7674339530124], [1177.4365695983006, 1206.5610363478281]], "9'", 0.007085071376287453), ([[242.05253006743607, 1047.146698445078], [315.733293897549, 991.0206980133823], [410.94746993256393, 1138.853301554922], [337.266706102451, 1193.9793019866177]], '거', 0.2299016404029084)]
[([[255, 0], [852, 0], [852, 65], [255, 65]], '"영차\' 오늘은 제가 사육원이 되어', 0.6760163767065767), ([[261, 57], [681, 57], [681, 119], [261, 119]], '프로든서 자지흘 보살펴', 0.3832503373893288), ([[644, 24], [1008, 24], [1008, 414], [644, 414]], '손', 0.5177924522045352), ([[928, 382], [1030, 382], [1030, 492], [928, 492]], '0', 0.30649224530521124), ([[561, 1331], [993, 1331], [993, 1600], [561, 1600]], '사다', 0.10906760461381776), ([[996.2890926509605, 540.0140440693], [1212.7869624726773, 703.2388469807757], [1117.7109073490394, 828.9859559307], [900.2130375273227, 665.7611530192243]], "' 앙", 0.027936030777509214), ([[954.827593008602, 1442.182798750752], [1028.7416472770008, 1384.0211726524883], [1125.172406991398, 1526.817201249248], [1051.2583527229992, 1584.9788273475117]], '승', 0.10974386685760251)]
[([[231, 0], [726, 0], [726, 62], [231, 62]], "'아아~ 제가 보살피는 거니까", 0.7571455196788742), ([[217, 56], [633, 56], [633, 121], [217, 121]], '프로유서 씨가 움직이면', 0.3716953557036506), ([[629, 46], [919, 46], [919, 138], [629, 138]], '안 된대도요요~', 0.5392940183626215), ([[108, 292], [146, 292], [146, 322], [108, 322]], "'", 0.06317789394259776), ([[829, 103], [1161, 103], [1161, 447], [829, 447]], '7', 0.6621469118806012), ([[44, 788], [155, 788], [155, 970], [44, 970]], '터', 0.016162973193003305), ([[90, 986], [140, 986], [140, 1056], [90, 1056]], '0', 0.19509305551896094), ([[207.20397024783202, 574.0397024783201], [258.51838875979473, 547.0168130991616], [324.796029752168, 689.9602975216799], [273.48161124020527, 716.9831869008384]], '3', 0.06236549260960822), ([[89.30930882401475, 745.4660647072413], [135.73087558239084, 704.0334561519398], [202.69069117598525, 788.5339352927587], [156.26912441760916, 828.9665438480602]], '8', 0.9592136945435783), ([[897.8244329991394, 1296.0230414780538], [1227.9925001678623, 1358.907829259899], [1170.1755670008606, 1610.9769585219462], [840.0074998321377, 1547.092170740101]], '1', 0.10063896729903465), ([[582.8970329830914, 1374.0820221835704], [881.1316991936137, 1326.948016219693], [901.1029670169086, 1555.9179778164296], [602.8683008063863, 1604.051983780307]], '107', 0.2700901229117111)]
[([[420, 38], [444, 38], [444, 64], [420, 64]], '0', 0.9999388465694246), ([[537, 31], [729, 31], [729, 87], [537, 87]], '굉장해요~', 0.9993940339629467), ([[23, 115], [107, 115], [107, 261], [23, 261]], '솜', 0.018733942616083965), ([[813, 35], [1089, 35], [1089, 363], [813, 363]], '다', 0.9955063394517225), ([[39, 257], [99, 257], [99, 345], [39, 345]], '0', 0.8884892763348695), ([[1079, 319], [1147, 319], [1147, 417], [1079, 417]], '0', 0.9989573098681923), ([[901, 365], [1135, 365], [1135, 664], [901, 664]], '자', 0.03231080549422871), ([[84, 1008], [140, 1008], [140, 1072], [84, 1072]], '0', 0.3979030864941393), ([[6, 1198], [54, 1198], [54, 1316], [6, 1316]], '0', 0.5255978105008161), ([[796, 1361], [1098, 1361], [1098, 1600], [796, 1600]], '<', 0.8574875889921749), ([[645.7950916815652, 1355.0345952592331], [847.8424434901605, 1388.925379902659], [812.2049083184348, 1570.9654047407669], [609.1575565098395, 1537.074620097341]], '7초', 0.015044511848715313)]
[([[177, 27], [955, 27], [955, 91], [177, 91]], "'우유 잔뜩 나밤네요~ 쌍이면 또 짜 드질게요", 0.18493622294752476), ([[44, 100], [116, 100], [116, 354], [44, 354]], '{', 0.12721560926969833), ([[881, 113], [1017, 113], [1017, 357], [881, 357]], '?', 0.9756989166906038), ([[838, 364], [1006, 364], [1006, 514], [838, 514]], '우', 0.004165738432732269), ([[36, 736], [184, 736], [184, 936], [36, 936]], '70', 0.5924637886836952), ([[10, 1154], [66, 1154], [66, 1250], [10, 1250]], '"', 0.07859836149052146), ([[620.260001446859, 1420.762005353378], [1008.2000041937907, 1319.2828626990329], [1039.739998553141, 1500.237994646622], [652.7999958062093, 1602.7171373009671]], '처쨌화거', 0.0009905010228976607)]
[([[313, 27], [1212, 27], [1212, 96], [313, 96]], "'요놈요놈, 안 서두르서도 순번대로 까 드질 테니까요", 0.3725019355099345), ([[1448, 211], [1514, 211], [1514, 400], [1448, 400]], '7', 0.009992959248983857), ([[1378, 726], [1482, 726], [1482, 854], [1378, 854]], '<', 0.21312747694786172), ([[563.2038188802006, 24.015853893036233], [882.970928051731, 158.92202376993498], [810.7961811197994, 314.98414610696375], [491.029071948269, 180.07797623006502]], '\'8"7', 0.007247616536915302), ([[16.61536158961919, 824.5307531127335], [270.715559002569, 698.1128215719007], [344.38463841038083, 854.4692468872665], [91.28444099743098, 980.8871784280993]], '스', 0.05956811779005222), ([[270.8343447480589, 801.0242739534142], [514.5954672819453, 864.6185580305125], [448.1656552519411, 1096.9757260465858], [204.40453271805475, 1033.3814419694875]], "'70", 0.3442096381835844)]
[([[553, 29], [653, 29], [653, 89], [553, 89]], "'씩씩", 0.40467095375061035), ([[807, 27], [1045, 27], [1045, 89], [807, 89]], '분 중으세요?', 0.8156761865332383), ([[618, 115], [764, 115], [764, 201], [618, 201]], '980', 0.025848671792480002), ([[1472, 60], [1536, 60], [1536, 238], [1472, 238]], ';', 0.438551750267834), ([[1502.218520443722, 269.06620943956926], [1662.821973367495, 391.57318832786603], [1482.781479556278, 625.9337905604307], [1322.178026632505, 502.42681167213397]], '1', 0.5511889872684748), ([[1334.1644930766379, 494.01745941625506], [1474.8605496377388, 583.9999574091082], [1323.8355069233621, 820.9825405837449], [1183.1394503622612, 731.0000425908918]], '대', 0.04890117168906727), ([[1423.2651852246083, 566.0225191611146], [1518.3956991398973, 581.5499399879089], [1489.7348147753917, 752.9774808388854], [1395.6043008601027, 738.4500600120911]], '0', 0.005180695598917318), ([[144.61788999282325, 754.0244977976157], [383.7089737330331, 620.0064446831805], [619.3821100071767, 1113.9755022023842], [380.2910262669669, 1247.9935553168195]], '즉', 0.12419903873865579), ([[1263.6271251567343, 787.0069542004823], [1342.0236745737816, 797.8452174835061], [1303.3728748432657, 1074.9930457995179], [1224.9763254262184, 1064.154782516494]], '"', 0.8689663075746381)]
[([[645, 25], [1019, 25], [1019, 117], [645, 117]], '가득 나오고 임어요~', 0.5757195836990426), ([[1461, 79], [1525, 79], [1525, 289], [1461, 289]], '럭', 0.00975506548967836), ([[1369, 395], [1575, 395], [1575, 625], [1369, 625]], '7', 0.44532896009309014), ([[0, 735], [481, 735], [481, 1087], [0, 1087]], '{자^', 0.011424760743517637), ([[354.06947933706016, 1051.6069479337061], [551.3897494620815, 954.7923194208836], [600.9305206629399, 1055.3930520662939], [403.61025053791855, 1152.2076805791164]], '4 4', 0.9523835778236389)]
[([[275, 17], [871, 17], [871, 102], [275, 102]], "'가슴이 우유 범먹이 돼 버로어요~", 0.24186179494372073), ([[993, 23], [1254, 23], [1254, 92], [993, 92]], '참 잘하음네요', 0.660523643347478), ([[557, 67], [838, 67], [838, 250], [557, 250]], '707', 0.8879485552636924), ([[824, 230], [880, 230], [880, 306], [824, 306]], '0', 0.918533094710611), ([[1483, 135], [1543, 135], [1543, 355], [1483, 355]], '3', 0.07554967134416302), ([[837, 317], [873, 317], [873, 363], [837, 363]], '0', 0.36280850060905223), ([[1376, 516], [1538, 516], [1538, 668], [1376, 668]], '7 시', 0.3030613660812378), ([[869.9426902392719, 5.070176794538923], [1000.5952886744702, 26.487712207675226], [986.0573097607281, 95.92982320546108], [855.4047113255298, 74.51228779232477]], '여러분', 0.9128687160746111), ([[161.6735401660695, 944.0419346238979], [304.3060779750669, 885.2618745200349], [396.3264598339305, 1143.958065376102], [253.6939220249331, 1202.738125479965]], '들', 0.6260547586730105)]
[([[499, 37], [535, 37], [535, 75], [499, 75]], '포', 0.5230269809837864), ([[529, 29], [1233, 29], [1233, 91], [529, 91]], '호두서 씨의 자지 안 보이계 왜 버려네요', 0.4984040666169541), ([[469, 63], [585, 63], [585, 203], [469, 203]], '7', 0.8167596496641636), ([[1520, 448], [1552, 448], [1552, 480], [1520, 480]], '0', 0.1042341551628887), ([[1465, 469], [1561, 469], [1561, 680], [1465, 680]], '{', 0.1990313188118229), ([[895, 815], [1493, 815], [1493, 1155], [895, 1155]], '신자 ,', 0.22503410556203823), ([[38.14495917279747, 28.044142628746933], [473.6210332810191, -22.492196094827584], [488.8550408272025, 315.95585737125305], [53.37896671898091, 366.4921960948276]], '들7', 0.006168980728042058)]
[([[435, 27], [765, 27], [765, 93], [435, 93]], '중으세요 프로유서', 0.27341704841652203), ([[833, 29], [1373, 29], [1373, 89], [833, 89]], '자지 점점 단단해지 앞다구요?', 0.19116436207514223), ([[611, 111], [773, 111], [773, 369], [611, 369]], '@', 0.16411140897731968), ([[799, 725], [1600, 725], [1600, 1200], [799, 1200]], '가 ', 0.01926053041262616), ([[125.14725418911587, -34.98545225890497], [319.6776695296637, 5.322330470336315], [252.85274581088413, 307.98545225890496], [58.32233047033631, 266.67766952966366]], '쇼', 0.005750760316375114), ([[209.1290330545403, 123.41290330545402], [399.79349822190244, -37.721768431436104], [541.8709669454597, 129.58709669454598], [351.20650177809756, 291.7217684314361]], '요 @', 0.042232685484263774), ([[763.370046583403, 35.27313509186864], [836.150247998913, 30.21155212573035], [837.629953416597, 73.72686490813136], [763.849752001087, 78.78844787426965]], '8?', 0.16092579942921093), ([[455.8739011716143, 52.02758390093222], [663.4044881150642, 108.38600618229847], [606.1260988283857, 301.9724160990678], [399.59551188493583, 245.61399381770153]], '1 ,', 0.07410520315170288), ([[1498.521532469686, 461.0287194983941], [1531.5367674909785, 454.03617852815887], [1550.478467530314, 551.9712805016059], [1517.4632325090215, 557.9638214718411]], '%', 0.04893230954806782), ([[30.797841691060782, 646.0225889822167], [336.59561530887413, 703.7987032702739], [276.2021583089392, 975.9774110177833], [-28.595615308874105, 918.2012967297261]], ");'", 0.0029686048240536137)]
[([[744, 32], [912, 32], [912, 86], [744, 86]], '뜨꺼워어', 0.8025428652763367), ([[50, 0], [618, 0], [618, 357], [50, 357]], '6트', 0.0034947123969775854), ([[564, 136], [781, 136], [781, 309], [564, 309]], '씌각', 0.004168259078544959), ([[1496, 386], [1546, 386], [1546, 468], [1496, 468]], '($', 0.01539943388398146), ([[73, 739], [255, 739], [255, 929], [73, 929]], '"터', 0.5249327761965004), ([[891, 811], [1535, 811], [1535, 1113], [891, 1113]], '79', 0.04213234944440401), ([[1510.4354515597786, 456.03197372605143], [1552.478976079135, 469.4087988860541], [1525.5645484402214, 553.9680262739486], [1483.521023920865, 540.5912011139459]], '0', 0.9852604868526136), ([[215.1067444385465, 866.050025503064], [275.35512972479466, 847.1156088739219], [310.8932555614535, 970.949974496936], [250.64487027520534, 990.8843911260781]], '읽', 0.012275290697086272)]
[([[327, 27], [611, 27], [611, 89], [327, 89]], "'가~득 나밤데요", 0.1592014333732498), ([[682, 30], [770, 30], [770, 86], [682, 86]], '기분', 0.999916971718028), ([[768, 22], [1208, 22], [1208, 118], [768, 118]], '종요하나요? 프로두서 씨', 0.24410665038573354), ([[625, 191], [701, 191], [701, 231], [625, 231]], '000', 0.9999856154811396), ([[1493, 395], [1531, 395], [1531, 521], [1493, 521]], '$', 0.10683094004918647), ([[852, 858], [1300, 858], [1300, 1126], [852, 1126]], '거)규', 0.0026072233920509907), ([[1392, 974], [1546, 974], [1546, 1076], [1392, 1076]], "'0차 0", 0.019372396937402517), ([[202.06376898458228, 0.024364503980120134], [371.6791258151314, 90.61643525069256], [296.9362310154177, 227.9756354960199], [127.32087418486864, 137.38356474930742]], '기', 0.6020339540564237), ([[818.5928435361255, 116.02775781371618], [845.5462677805469, 112.05015398504662], [856.4071564638745, 194.9722421862838], [829.4537322194531, 198.94984601495338]], '용', 0.674703715427313), ([[156.37839140930993, 772.0138067094731], [329.2699312048685, 932.5380580664853], [245.62160859069007, 1024.986193290527], [73.7300687951315, 864.4619419335147]], '7말', 0.03850169660173871)]
[([[194, 30], [297, 30], [297, 83], [194, 83]], "'에이'", 0.7718571830311041), ([[317, 27], [981, 27], [981, 89], [317, 89]], '"저; 안 무겁나요? 목직해서 기분 좋아', 0.4154575100217994), ([[1067, 27], [1349, 27], [1349, 91], [1067, 91]], '그럼 다행이다~', 0.9979315230094418), ([[47, 247], [107, 247], [107, 315], [47, 315]], '7', 0.9987212933573488), ([[290, 990], [470, 990], [470, 1134], [290, 1134]], '@))', 0.005502619972194189), ([[1050.0188343802258, 128.02189011706025], [1292.2675150129533, 220.3703636730418], [1219.9811656197742, 395.97810988293975], [977.7324849870467, 303.62963632695823]], '5 0', 0.40870848298072815), ([[-45.40832575525537, 710.0310053557031], [146.66101595147566, 582.0068279485779], [385.40832575525536, 1000.9689946442969], [192.33898404852434, 1129.993172051422]], '손', 0.2850906053312343), ([[1496.9693398941638, 653.0443427723008], [1628.3762191616436, 695.181408952735], [1595.0306601058362, 792.9556572276992], [1462.6237808383564, 750.818591047265]], ')미', 0.010861041836977284), ([[984.7051348428977, 986.1654304159944], [1318.058846914181, 947.3613598432951], [1323.2948651571023, 1086.8345695840057], [989.9411530858191, 1125.638640156705]], '( 385   0', 0.0423232064818241)]
[([[267, 29], [693, 29], [693, 91], [267, 91]], "'아하 굉사양해 프로퓨서", 0.1590720656199164), ([[777, 29], [1333, 29], [1333, 89], [777, 89]], '자지 어임청 뜨거워저 웨어요~', 0.1950400014229522), ([[1412, 20], [1466, 20], [1466, 106], [1412, 106]], '0', 0.9968742753962978), ([[925, 127], [985, 127], [985, 203], [925, 203]], '0', 0.006357402251334909), ([[41, 497], [157, 497], [157, 627], [41, 627]], ';', 0.059301500077621805), ([[1158, 338], [1281, 338], [1281, 617], [1158, 617]], '{', 0.7893288338905791), ([[31, 749], [235, 749], [235, 1009], [31, 1009]], '사', 0.012081281718405501), ([[1100, 950], [1272, 950], [1272, 1120], [1100, 1120]], '택', 0.013284484032979549), ([[1443, 1065], [1505, 1065], [1505, 1157], [1443, 1157]], '0', 0.8072743400639979), ([[677.8176622598457, 34.0583888244422], [759.8026676046267, -4.973125102348293], [828.1823377401543, 158.9416111755578], [746.1973323953733, 197.9731251023483]], '*@', 0.0435662205444276), ([[1471.6631341591396, 758.1124915389242], [1522.604328901835, 722.0228584957764], [1594.3368658408604, 832.8875084610758], [1543.395671098165, 869.9771415042236]], '7', 0.13743711836141959)]
[([[744, 36], [768, 36], [768, 66], [744, 66]], '0', 0.9999505287567025), ([[1502, 796], [1600, 796], [1600, 922], [1502, 922]], '1', 0.02614311052461482), ([[334, 922], [430, 922], [430, 1026], [334, 1026]], '03', 0.8465545036152978), ([[1102, 965], [1481, 965], [1481, 1189], [1102, 1189]], '-"', 0.04389806744064684), ([[966.9870298393445, -5.988845293762502], [1432.016091942651, 173.63648062462212], [1282.0129701606556, 539.9888452937626], [816.983908057349, 360.3635193753779]], '5:', 0.013593043147861235), ([[31.45137696171132, 131.01506070314602], [102.57432284526995, 119.12470215239757], [137.54862303828867, 332.984939296854], [66.42567715473005, 345.87529784760244]], '$', 0.015200145430810608), ([[1282.1350092631903, 419.01871397969506], [1430.405408234777, 395.05347669502794], [1470.8649907368097, 689.9812860203049], [1322.594591765223, 713.9465233049721]], '%', 0.8489543362909077), ([[29.35015656614589, 537.0100570865122], [187.47171722790154, 522.0220902964779], [217.6498434338541, 901.9899429134878], [59.52828277209848, 916.9779097035221]], '{', 0.39648966847764555)]
[([[409, 1], [751, 1], [751, 63], [409, 63]], "'프로유서 씨의 우유", 0.31262129625076673), ([[395, 55], [1081, 55], [1081, 121], [395, 121]], '가슴 안에서 아직 정자 나오고 있다구요', 0.7402414499655366), ([[1101, 285], [1227, 285], [1227, 399], [1101, 399]], '0', 0.496546301383205), ([[1128, 372], [1396, 372], [1396, 612], [1128, 612]], '군', 0.022160907836653365), ([[-0.9240068653965149, 188.05354095758997], [54.58239219320145, 162.02122695314011], [106.92400686539652, 289.94645904241], [50.41760780679855, 314.9787730468599]], '7', 0.2423471163647264), ([[-3.5979150461529983, 570.0071510708046], [155.43396238279928, 491.00376675076194], [401.597915046153, 1037.9928489291954], [240.56603761720072, 1116.996233249238]], '못', 0.14715451345346597)]
[([[127, 25], [847, 25], [847, 92], [127, 92]], '모처럼 여러분올 위해 파이름 구울캠는데_', 0.3924264286221661), ([[895, 27], [1293, 27], [1293, 91], [895, 91]], '예? 이쪽 파이가 좋아?', 0.9836648771400509), ([[1342, 30], [1470, 30], [1470, 84], [1342, 84]], '으~응?', 0.9895310997962952), ([[886, 94], [1481, 94], [1481, 338], [886, 338]], '섞_에7', 0.0012138390447944403), ([[92, 604], [224, 604], [224, 730], [92, 730]], '아', 0.015851316623267886), ([[883, 1071], [1071, 1071], [1071, 1181], [883, 1181]], '히', 0.025853969218903927), ([[1474.3568152745606, 648.0137958972607], [1592.0960896979486, 662.3725168143936], [1559.6431847254394, 910.9862041027393], [1441.9039103020514, 896.6274831856064]], '셋', 0.0016271273684476117), ([[490.7746014083209, 890.0501371815153], [595.6317989656743, 850.232683581494], [659.2253985916791, 1041.9498628184847], [554.3682010343257, 1081.767316418506]], '>', 0.9891090527504645)]
[([[253, 25], [729, 25], [729, 91], [253, 91]], "'영차 영차:; 더 세계 흙는", 0.09319069009783892), ([[727, 29], [1293, 29], [1293, 122], [727, 122]], '건가요? 이 정도로 종은 걸까아 ', 0.4331810291665273), ([[969, 183], [1173, 183], [1173, 319], [969, 319]], '(청"', 0.11213195123894167), ([[1272, 8], [1444, 8], [1444, 300], [1272, 300]], '군7', 0.015912165758694766), ([[42, 904], [150, 904], [150, 984], [42, 984]], '0', 0.13329792027235587), ([[1507, 1049], [1597, 1049], [1597, 1143], [1507, 1143]], '벼', 0.03684570952944832), ([[276.8533747416002, 1012.1935610788012], [438.3226203609251, 887.24501452844], [492.1466252583998, 980.8064389211988], [330.6773796390749, 1104.7549854715598]], '0 강0', 0.3757641017436981)]
[([[1404, 278], [1500, 278], [1500, 374], [1404, 374]], '걸', 0.017151201379128844), ([[1490, 282], [1594, 282], [1594, 430], [1490, 430]], '17', 0.3173580804703854), ([[92, 578], [122, 578], [122, 612], [92, 612]], '0', 0.9984677943185858), ([[73, 867], [275, 867], [275, 1053], [73, 1053]], '기5', 0.05344278345611184), ([[407, 917], [525, 917], [525, 1031], [407, 1031]], '에', 0.04298932032679037), ([[319, 981], [431, 981], [431, 1089], [319, 1089]], "{공'", 0.017617277131501182), ([[752.8233031891709, 25.11651594585448], [835.5565541586172, 37.73621867611888], [826.1766968108291, 86.88348405414553], [743.4434458413828, 75.26378132388112]], '"까\'', 0.27713557487318685), ([[1051.8895271748008, 66.10631903052754], [1200.3735922733563, 12.337087271050066], [1255.1104728251992, 206.89368096947246], [1107.6264077266437, 259.66291272894995]], '부', 0.010884269202656116), ([[634.7920036168358, 931.0280777619703], [980.7504250133369, 978.4209021327024], [939.2079963831642, 1197.9719222380297], [594.2495749866631, 1150.5790978672976]], '[재', 0.054526711088990765)]
[([[385, 29], [577, 29], [577, 89], [385, 89]], '굉장해요~', 0.9985760229839473), ([[625, 27], [1215, 27], [1215, 91], [625, 91]], '가슴이 우유 범먹이 돼 버로어요~', 0.36016871957083896), ([[1280, 86], [1408, 86], [1408, 244], [1280, 244]], '7', 0.029953167686258553), ([[99, 755], [207, 755], [207, 875], [99, 875]], '35', 0.1498930612914931), ([[425, 971], [581, 971], [581, 1109], [425, 1109]], '자', 0.015532201515902122), ([[1337.279678145916, 231.01730543505178], [1549.9696168567507, 357.0457614752669], [1481.720321854084, 468.98269456494825], [1269.0303831432493, 342.9542385247331]], '내페:', 0.04552641912820731)]
[([[318, 150], [474, 150], [474, 176], [318, 176]], '군도-끗시@--,장', 5.970377357344646e-05), ([[294, 166], [500, 166], [500, 214], [294, 214]], '[물문_ --_', 0.0003421021307815983), ([[341, 203], [451, 203], [451, 247], [341, 247]], '($외:용', 0.00010946973020291989)]
[([[179, 0], [984, 0], [984, 59], [179, 59]], "'?장 오 미루 가슴으로 이렇계나 왜 버린 거야?", 0.2740824665921086), ([[165, 57], [957, 57], [957, 119], [165, 119]], '고양이에 발정해 버리다니 [장은 엄청 변태냐', 0.6225114623270309), ([[-0.6074714759540657, 111.00498711439741], [257.73174506472054, 51.303806891688446], [411.60747147595407, 793.9950128856026], [154.26825493527946, 853.6961931083116]], '표', 0.006166056167268563), ([[587.5611569566013, 1413.8295040435817], [691.4233152367742, 1393.9309633184332], [697.4388430433987, 1433.1704959564183], [593.5766847632258, 1453.0690366815668]], '@@제', 0.13046514878661955), ([[937.086571837083, 1465.2674879202486], [1094.6271905607866, 1412.5251499812475], [1129.913428162917, 1550.7325120797514], [972.3728094392134, 1603.4748500187525]], '"논', 0.0025792595380558663)]
[([[265, 0], [953, 0], [953, 65], [265, 65]], "'이렇게나 격하게 허리 흔들어 버리고: .", 0.611090504089337), ([[253, 61], [377, 61], [377, 121], [253, 121]], '좋다구', 0.9888010278436364), ([[441, 55], [893, 55], [893, 121], [441, 121]], '미루 가슴에 가득 씨 쥐"', 0.7369218146411282), ([[0, 135], [263, 135], [263, 828], [0, 828]], '8', 0.06377349746031769), ([[85, 779], [195, 779], [195, 903], [85, 903]], '00', 0.529940032436218), ([[1008, 1170], [1200, 1170], [1200, 1366], [1008, 1366]], '50', 0.4234094221418763), ([[228, 1439], [448, 1439], [448, 1541], [228, 1541]], '(용꾸주;', 0.010770029535004408), ([[194.41058235557608, 125.00668188090559], [382.37924613902334, 88.37145725457943], [473.5894176444239, 617.9933181190944], [285.62075386097666, 654.6285427454205]], '통', 0.12014934532083377), ([[1134.0959701059014, 891.4543494964391], [1248.6572972811052, 981.3781390945524], [1078.9040298940986, 1191.5456505035609], [964.3427027188948, 1101.6218609054476]], '마', 0.003881016650325586), ([[588.1715728752538, 1417.1715728752538], [694.4591557864403, 1395.991457930454], [700.8284271247462, 1432.8284271247462], [594.5408442135597, 1454.008542069546]], ')어제', 0.01897518651021513)]
[([[564, 36], [632, 36], [632, 84], [564, 84]], "'나'", 0.5770361512664515), ([[43, 36], [309, 36], [309, 357], [43, 357]], "7'", 0.6553168357595398), ([[155, 1407], [405, 1407], [405, 1565], [155, 1565]], '7추', 0.0022549015010829053), ([[962, 1416], [1058, 1416], [1058, 1528], [962, 1528]], '0', 0.9851253614984081), ([[198.3012345618211, 251.01061708391444], [374.2216326018527, 283.9239062256825], [307.6987654381789, 625.9893829160856], [131.77836739814728, 592.0760937743175]], '약', 0.05637302202723404), ([[588.5611569566013, 1413.8295040435817], [694.4843205191922, 1395.0354363030087], [700.4388430433987, 1433.1704959564183], [593.5156794808078, 1451.9645636969913]], '@@째', 0.23179897592090204)]
[([[238, 0], [368, 0], [368, 50], [238, 50]], "'에혜헤", 0.262302041053772), ([[433, 0], [693, 0], [693, 61], [433, 61]], '이렇게나 가득', 0.6175262230279298), ([[221, 57], [895, 57], [895, 119], [221, 119]], '[장이 기분 좋아 보여서 미구도 기뻐나', 0.48191224487403295), ([[56, 128], [351, 128], [351, 757], [56, 757]], '$', 0.03422172047007899), ([[1021, 1249], [1197, 1249], [1197, 1413], [1021, 1413]], '메의', 0.06357942266417571), ([[188.3029437251523, 728.120606076066], [275.4100964719155, 701.8397558669893], [304.69705627484774, 821.879393923934], [217.5899035280845, 848.1602441330107]], '0', 0.970921343079457), ([[583.2264990188738, 1412.8397485283108], [675.9495577166947, 1391.9338959830923], [683.7735009811262, 1436.1602514716892], [592.0504422833053, 1457.0661040169077]], '@관', 0.01795555215347641), ([[144.56216786052136, 1447.2735385862939], [364.55067456336906, 1418.542471678075], [370.43783213947864, 1512.7264614137061], [149.44932543663094, 1541.457528321925]], '08038', 0.11781647496987059)]
[([[156, 29], [1443, 29], [1443, 91], [156, 91]], "'이렇계나 딱딱하게 하고오: . 이 의상 [장에젠 좀 너무 자극적이어-올까나?-", 0.29913691821078703), ([[54, 718], [272, 718], [272, 1006], [54, 1006]], '개', 0.0397989814171551), ([[1215, 982], [1404, 982], [1404, 1121], [1215, 1121]], '4', 0.0039682716731204715), ([[1035.2763994101206, 26.00969799749684], [1392.8623020611421, 258.27663297075975], [1263.7236005898794, 452.99030200250314], [905.1376979388577, 219.72336702924022]], '[이컨터', 7.046919199638069e-05), ([[302.24635378995504, 931.0316101004648], [420.99909474954507, 998.8723532659639], [380.75364621004496, 1067.9683898995352], [262.00090525045493, 1001.1276467340361]], '80', 0.9104474651709429)]
[([[111, 29], [617, 29], [617, 89], [111, 89]], "'미루 가슴 기분 좋아? 좋다구", 0.6294989954805453), ([[683, 27], [1421, 27], [1421, 93], [683, 93]], '[장이 사랑하는 미루 가슴에 가아두 씨 쥐', 0.29589625993295715), ([[1199, 63], [1409, 63], [1409, 305], [1199, 305]], '>', 0.03220132571813061), ([[1059, 301], [1279, 301], [1279, 576], [1059, 576]], '히', 0.004269121509113349), ([[98, 852], [470, 852], [470, 1100], [98, 1100]], '>', 0.17080487479368944), ([[609, 1129], [645, 1129], [645, 1179], [609, 1179]], '0', 0.10216011532509484), ([[1256.470488885383, 285.00876433856666], [1368.4311102680185, 250.00580905651026], [1474.529511114617, 618.9912356614333], [1362.5688897319815, 652.9941909434897]], '"', 0.2609332070075112), ([[1165.1929478346235, 529.020367125545], [1274.708690753097, 493.09149988495835], [1352.8070521653765, 758.979632874455], [1242.291309246903, 794.9085001150416]], '#', 0.43210291515771715), ([[94.30319943196794, 521.0093388124044], [446.68716756775035, 762.9788779742073], [317.6968005680321, 945.9906611875956], [-32.687167567750336, 704.0211220257927]], '[%용', 0.00014653145928325207), ([[1262.2445888727061, 753.0285731197205], [1326.509541323719, 721.0129900551054], [1408.7554111272939, 904.9714268802795], [1344.490458676281, 936.9870099448946]], '5', 0.9007243173123811)]
[([[627, 29], [905, 29], [905, 91], [627, 91]], "'나뭇' 나뭇다아", 0.17496045179963673), ([[1087.5115446672, 75.0035088371188], [1305.3752530809045, -29.99792912995248], [1692.4884553328, 838.9964911628812], [1474.6247469190955, 943.9979291299525]], '푹', 0.052952822430018864), ([[-47.97036577338248, 706.0156976024813], [104.49580004559984, 558.00409724121], [546.9703657733825, 1074.9843023975188], [393.5041999544002, 1222.99590275879]], '#', 0.24885535432134986), ([[1503.5535281468813, 814.0076690742434], [1600.8058194276805, 836.9238625000496], [1531.4464718531187, 1130.9923309257567], [1434.1941805723195, 1108.0761374999504]], '{', 0.5373663931686146), ([[1151.1539501058485, 1128.4618503175454], [1314.7709598768795, 1042.093769327669], [1344.8460498941515, 1115.5381496824546], [1181.2290401231205, 1201.906230672331]], '{--', 0.0072566356727565865)]
[([[289, 0], [897, 0], [897, 59], [289, 59]], "'[장의 뜨거운 정자 이렇계나 가득", 0.3108687905974894), ([[945, 0], [1073, 0], [1073, 57], [945, 57]], '나후후', 0.9957593524081996), ([[270, 50], [1246, 50], [1246, 123], [270, 123]], '담당 아이돌 가슴을 이렇계나 만들고 [장은 역시 변태냐', 0.6927049986410592), ([[478, 1060], [528, 1060], [528, 1124], [478, 1124]], '0', 0.42828943250975726), ([[1229.9187615789879, 294.02339247461884], [1427.8879261577003, 337.8517197957703], [1371.0812384210121, 574.9766075253812], [1174.1120738422997, 531.1482802042298]], '(', 0.01700428099543161), ([[1337.4093171924558, 503.0174605525011], [1405.4440061362072, 475.00986193533794], [1486.5906828075442, 691.9825394474989], [1418.5559938637928, 719.9901380646621]], '5', 0.7313643768000624), ([[-52.13267533349934, 603.0229192625663], [109.5807878812785, 485.00602412237663], [376.1326753334993, 905.9770807374337], [212.4192121187215, 1022.9939758776234]], '못', 0.0319982911395309), ([[1222.3019752600924, 879.0152334561159], [1458.9021397547779, 1023.2330955828024], [1384.6980247399076, 1139.984766543884], [1148.0978602452221, 995.7669044171976]], '"와', 0.05736709360561817), ([[273.572320221216, 939.1471370618368], [314.59110153680325, 904.0250018657215], [392.427679778784, 1000.8528629381632], [351.40889846319675, 1035.9749981342786]], '8', 0.9831603477153728)]
[([[138, 0], [210, 0], [210, 54], [138, 54]], "'아히", 0.9645571542770915), ([[295, 2], [554, 2], [554, 57], [295, 57]], '간지러워나 ^', 0.4033496939379779), ([[121, 55], [991, 55], [991, 121], [121, 121]], '나원 주인님도 참 거권 자지흘 넘논 긋이 아니래도', 0.257971771876458), ([[950, 708], [1168, 708], [1168, 1148], [950, 1148]], '%', 0.0034809538860060135)]
[([[313, 0], [889, 0], [889, 63], [313, 63]], '"잠깐! 멋대로 움직이면 안 왜냐', 0.4856366987799072), ([[313, 59], [667, 59], [667, 121], [313, 121]], "미루가 봉사한대되'", 0.40397028808385116), ([[950, 584], [1190, 584], [1190, 858], [950, 858]], '대', 0.006557202178076926), ([[156, 1338], [232, 1338], [232, 1464], [156, 1464]], '씨', 0.004462136249916426), ([[221, 1425], [285, 1425], [285, 1511], [221, 1511]], '8', 0.014843778316005418), ([[268, 1464], [324, 1464], [324, 1600], [268, 1600]], ';', 0.08485785964570258), ([[24.33898404852434, -6.9931720514220785], [257.4469500075093, -30.573765478848358], [306.66101595147563, 540.9931720514221], [73.55304999249067, 564.5737654788484]], '*', 0.4392017021122143), ([[850.8636185658347, 1005.0222734287853], [1072.5759932638614, 985.9292915861585], [1090.1363814341653, 1317.9777265712148], [868.4240067361386, 1337.0707084138417]], '대', 0.20130543732547324), ([[962.3055850625502, 1316.2911757252268], [1075.5219634910425, 1413.8568408669091], [852.6944149374498, 1656.7088242747732], [739.4780365089575, 1559.1431591330909]], '히', 0.006776548827534867)]
[([[546, 30], [654, 30], [654, 86], [546, 86]], "'나뭇'", 0.3148952126502991), ([[59, 101], [295, 101], [295, 513], [59, 513]], '넷', 0.009656434804440617), ([[971, 910], [1165, 910], [1165, 1244], [971, 1244]], '올', 0.6121305654678508), ([[6.188744012211542, 1164.0149627309327], [161.1784216882069, 1118.2308099468094], [255.81125598778846, 1478.9850372690673], [101.8215783117931, 1524.7691900531906]], '표', 0.08038140095554613), ([[991.260293929477, 1203.0195552671157], [1093.9131055420166, 1254.6462311469033], [1009.739706070523, 1419.9804447328843], [908.0868944579835, 1369.3537688530967]], '0', 0.3193455036376349), ([[953.704140276159, 1362.2422572940025], [1025.1105953301987, 1417.6668877156292], [923.295859723841, 1547.7577427059975], [850.8894046698014, 1492.3331122843708]], '"', 0.02221513768035166)]
[([[269, 0], [575, 0], [575, 59], [269, 59]], "'나원 [장도 참:.", 0.5607708401757688), ([[254, 55], [831, 55], [831, 119], [254, 119]], '모처럼의 메이드볶이 망가져어나', 0.5261902892003241), ([[19, 72], [328, 72], [328, 541], [19, 541]], '%', 0.024662502308487655), ([[918, 770], [1166, 770], [1166, 1038], [918, 1038]], '줄', 0.011549838968916648), ([[952, 1254], [1030, 1254], [1030, 1390], [952, 1390]], '쇼', 0.023635810049001726), ([[943, 1403], [1003, 1403], [1003, 1499], [943, 1499]], '6', 0.5046080136671662), ([[161.71385296127505, 1378.0517767198105], [280.99555925583326, 1364.1410306232224], [294.28614703872495, 1533.9482232801895], [175.00444074416677, 1547.8589693767776]], '%', 0.12754540668553105)]
[([[209, 27], [1371, 27], [1371, 91], [209, 91]], '"익\'? 잠잠잠\' [님소 필 담당 아이돌에게 손 대고 입논계? 바보야?', 0.049917547387317324), ([[1176.2285772529676, 1013.1314675948837], [1329.5033915366068, 1000.6729576702497], [1331.7714227470324, 1103.8685324051164], [1179.4966084633932, 1116.3270423297502]], '{55', 0.06291380975742111)]
[([[259, 27], [1325, 27], [1325, 91], [259, 91]], "'우와아양! 원가 움직임 빨라저 와 사구! 미끈미곤해 오고 입구_", 0.09408647397106522), ([[10, 238], [258, 238], [258, 590], [10, 590]], '짐', 0.006614223730019797), ([[1497, 398], [1585, 398], [1585, 626], [1497, 626]], '{', 0.04425806530795051), ([[212, 838], [346, 838], [346, 1056], [212, 1056]], '0', 0.32732655839483016), ([[255.24371436743533, 787.0858865478403], [351.67117471787805, 704.012517560868], [516.7562856325646, 924.9141134521597], [420.32882528212195, 1007.987482439132]], '"', 0.16061126026139322), ([[1509.4015567604506, 860.0137817017795], [1607.9208655496443, 892.543882517377], [1538.5984432395494, 1102.9862182982206], [1440.0791344503557, 1070.456117482623]], '"', 0.3079795569015573), ([[1086.7100848914495, 1095.8260509348697], [1255.0580603721005, 1012.2951669883618], [1297.2899151085505, 1102.1739490651303], [1128.9419396278995, 1185.7048330116384]], '{3나', 0.00962518492501134)]
[([[631, 28], [975, 28], [975, 89], [631, 89]], "'우와아! 뭐여 이건'", 0.4619813111148411), ([[1487, 539], [1547, 539], [1547, 615], [1487, 615]], '4', 0.20038861514573014), ([[1189.2165023209104, 110.01058587368725], [1373.5271855963579, 20.004792200313638], [1600.7834976790896, 537.9894141263128], [1416.4728144036421, 627.9952077996863]], '뜻', 0.05716406163402277), ([[-0.9151371745181294, 301.0167551356551], [183.22309892566216, 276.76351045860304], [220.91513717451812, 623.9832448643449], [35.77690107433783, 648.236489541397]], '%', 0.010384281940913953), ([[1091.0595537174802, 1082.805955371748], [1279.7853658536585, 996.8682926829268], [1319.9404462825198, 1084.194044628252], [1131.2146341463415, 1171.1317073170733]], '[', 0.008392203633150963)]
[([[102, 30], [296, 30], [296, 86], [102, 86]], "'인데 구례", 0.6206547537233706), ([[347, 27], [1499, 27], [1499, 91], [347, 91]], '으으 내 젖이 쓸데없이 커서 이런 꽂이 되는 거야: . 콜라 병들어 ', 0.3159368100886452), ([[1351, 197], [1522, 197], [1522, 499], [1351, 499]], '늙', 0.022007430816629814), ([[-82.98113360358236, 515.015044523215], [96.53148813872367, 377.00441404883486], [456.98113360358235, 904.984955476785], [276.46851186127634, 1042.9955859511651]], '술', 0.20440861934307364), ([[1132.052530067436, 1042.146698445078], [1347.9652223408111, 1021.0168847197991], [1351.947469932564, 1133.853301554922], [1136.0347776591889, 1155.9831152802008]], '{<화"', 0.0016887777019292116)]
[([[32, 27], [763, 27], [763, 91], [32, 91]], "'수영복 입을 뿐인 날먹 일이라 생각해는데", 0.5292251304195749), ([[809, 25], [1181, 25], [1181, 93], [809, 93]], '현이 너무 힘들어"', 0.8902700669537074), ([[1115, 629], [1200, 629], [1200, 735], [1115, 735]], '1', 0.11625784442700038), ([[930, 1338], [1144, 1338], [1144, 1510], [930, 1510]], '40 5', 0.02645719051361084), ([[453, 1468], [663, 1468], [663, 1579], [453, 1579]], '시  0', 0.037188827991485596), ([[716.8768123656225, 139.02175903306102], [898.645719604677, 43.00718975000636], [1086.1231876343775, 454.978240966939], [904.354280395323, 549.9928102499937]], '%', 0.12018788024091975)]
[([[237, 0], [815, 0], [815, 61], [237, 61]], '"무, 원가 숨이 가빠져 와 안는데', 0.2279294844493706), ([[236, 48], [926, 48], [926, 120], [236, 120]], "이대로 사정하거나 안 할 (거지? ?; '잎!", 0.07465462547181687), ([[808.9132372967836, 185.08076112850765], [962.7517975295992, 70.01046868738754], [1149.0867627032164, 367.9192388714923], [995.2482024704008, 482.9895313126125]], '9', 0.3111573253251301), ([[225.41623116204227, 1166.0071007599367], [560.588672098281, 1463.8912459134376], [422.58376883795773, 1624.9928992400633], [86.41132790171902, 1326.1087540865624]], '덜>-', 0.002971480413876528), ([[824.8204184138226, 1423.3330878759389], [1110.770502200643, 1276.8304212193186], [1175.1795815861774, 1434.6669121240611], [889.229497799357, 1581.1695787806814]], '걸,78', 0.01812645047903061)]
[([[486, 38], [644, 38], [644, 88], [486, 88]], "'아으으으", 0.9972278011074479), ([[765, 11], [1089, 11], [1089, 413], [765, 413]], '[찌우', 0.010289404525232543), ([[1064, 548], [1184, 548], [1184, 706], [1064, 706]], '7', 0.6287370507248511), ([[410, 1430], [466, 1430], [466, 1504], [410, 1504]], '0', 0.07688317528924049), ([[797.5645625020627, 1424.421018752269], [1031.401337560426, 1302.8361427543582], [1094.4354374979373, 1438.578981247731], [860.5986624395739, 1560.1638572456418]], '7쁨 ', 0.0004667191337087924)]
[([[279, 0], [933, 0], [933, 59], [279, 59]], "'해변에서 휴양지 만직할 뿐인 편한 일", 0.5805693777327265), ([[261, 57], [601, 57], [601, 119], [261, 119]], '이라고 생각해눈데', 0.5851931720852134), ([[649, 57], [881, 57], [881, 121], [649, 121]], '졸라 병들어', 0.5891534797213903), ([[354, 1418], [450, 1418], [450, 1548], [354, 1548]], '~', 0.4965435293188456), ([[810.2963237500715, 113.0085385029439], [1003.5196298242397, 40.00465580742728], [1188.7036762499285, 582.9914614970561], [996.4803701757603, 655.9953441925727]], '둘', 0.6853784272930739), ([[891.2498245398698, 1385.223929693206], [1146.877014977641, 1330.9012394716524], [1166.75017546013, 1479.776070306794], [911.122985022359, 1534.0987605283476]], '9하5', 0.004136610571887831)]
[([[0, 2], [110, 2], [110, 54], [0, 54]], '"내가', 0.999216806736232), ([[282, 0], [1199, 0], [1199, 65], [282, 65]], '셈이어논데 왜 오타구들 자지에 둘러싸여 입는 거야?', 0.41686072067814006), ([[0, 58], [95, 58], [95, 114], [0, 114]], '뛰냐', 0.3908237579681611), ([[82, 0], [292, 0], [292, 132], [82, 132]], "'#무곧_", 0.03837887524980777), ([[283, 57], [407, 57], [407, 121], [283, 121]], '상황굵?', 0.42565083503723145), ([[1103, 1453], [1165, 1453], [1165, 1527], [1103, 1527]], '던', 0.0063656718711718185), ([[31.866883309059148, 257.0428596795808], [143.49545065814817, 228.68948207156166], [186.13311669094085, 418.9571403204192], [74.50454934185183, 448.31051792843834]], '0', 0.9888664972152128), ([[919.3449951185548, 951.0093286612747], [1085.5628898946056, 919.4571511159369], [1157.6550048814452, 1347.9906713387252], [992.4371101053945, 1379.5428488840632]], '7', 0.013394030171448357), ([[50.11629720375792, 1387.1187479096875], [256.0244121263959, 1367.0326418040438], [259.88370279624206, 1495.8812520903125], [54.97558787360412, 1516.9673581959562]], '@주 ', 0.004536384106661886)]
[([[131, 0], [845, 0], [845, 64], [131, 64]], "'이제 알계으니 빨리 쌀 거 사고 끝내 쥐", 0.5200692939736852), ([[215, 57], [537, 57], [537, 121], [215, 121]], '왜 내가 이런 골에', 0.39330440463444677), ([[587, 57], [1069, 57], [1069, 117], [587, 117]], '젖이다:? 젖이 크니까나아:?', 0.2234196297143877), ([[238, 320], [318, 320], [318, 448], [238, 448]], ';', 0.19330608935963145), ([[1028, 938], [1150, 938], [1150, 1285], [1028, 1285]], '(', 0.06459732927625339), ([[1100, 1316], [1148, 1316], [1148, 1392], [1100, 1392]], '7', 0.8882917473073668), ([[937, 1337], [1025, 1337], [1025, 1467], [937, 1467]], '권', 0.011356902445287753), ([[31, 1399], [255, 1399], [255, 1537], [31, 1537]], '[# 5', 0.00043237273348495364), ([[183.21222931118098, 147.02588552995098], [268.57450462833697, 121.10374280812047], [323.787770688819, 322.974114470049], [238.425495371663, 348.8962571918795]], '북', 0.2299917596725578), ([[19.346507485547175, 196.0152601907095], [109.4743038393206, 156.00803674004231], [226.65349251445284, 437.9847398092905], [136.5256961606794, 478.9919632599577]], '늘', 0.1619170910872505), ([[900.2388277727381, 982.0125987366896], [1075.6262436437287, 1013.2497043158633], [1015.7611722272619, 1329.9874012633104], [840.3737563562713, 1298.7502956841367]], '마', 0.03253297244757736)]
[([[941, 911], [1145, 911], [1145, 1270], [941, 1270]], '7', 0.005199637878821106), ([[72.01051235462023, 1367.037711845525], [303.60224996465774, 1412.808872326546], [275.98948764537977, 1523.962288154475], [45.397750035342284, 1478.191127673454]], '4(5', 0.0021479710423147344)]
[([[208, 18], [957, 18], [957, 85], [208, 85]], '"귀여운 아이돌에계 더러운 정사 털어내선;', 0.5314765994401341), ([[337, 77], [795, 77], [795, 141], [337, 141]], '축에도 못 진다고! 오타루', 0.3128706522078268), ([[206, 74], [342, 74], [342, 202], [206, 202]], '요안루', 0.3173303682332972), ([[349, 137], [695, 137], [695, 203], [349, 203]], '이게 예능계의 어둠-', 0.8031854885333565), ([[747, 139], [973, 139], [973, 203], [747, 203]], '콜라 병들에', 0.41410935488317935), ([[925, 1007], [1138, 1007], [1138, 1438], [925, 1438]], '@', 0.044768628470365224), ([[14, 1376], [248, 1376], [248, 1515], [14, 1515]], '다권뇨', 0.012010365047448499), ([[33.329579800194374, 17.010217446375407], [191.96803457947448, -3.175045767558494], [234.67042019980562, 388.9897825536246], [76.03196542052552, 408.1750457675585]], '%', 0.058283559223192505)]
[([[149, 0], [1069, 0], [1069, 63], [149, 63]], "'옷을 건어올리고 가슴을 엔다: . 이렇계.  인가요' ?", 0.1991792644820418), ([[133, 59], [599, 59], [599, 121], [133, 121]], '저; 프로뉴서 씨:; 이건 좀', 0.35245445234355827), ([[653, 57], [933, 57], [933, 121], [653, 121]], '부끄럽습니다만', 0.8885470315449187), ([[1046.3625865488868, 313.00923593659513], [1208.0100170266019, 384.0479635624502], [1068.6374134511132, 701.9907640634049], [906.9899829733982, 630.9520364375497]], '시', 0.024494940231044815), ([[57.577245207239045, 369.0052573310098], [188.78136775851533, 383.41112411609583], [142.42275479276094, 804.9947426689903], [11.218632241484665, 791.5888758839042]], '[', 0.20925916868594996)]
[([[61, 0], [657, 0], [657, 61], [61, 61]], "'아: 저 갑자기 움직이기 시작해:", 0.5579431799480191), ([[693, 0], [1117, 0], [1117, 61], [693, 61]], '순도 가빠져 와습니다만', 0.3303166723623509), ([[42, 53], [512, 53], [512, 125], [42, 125]], '프로든서 씨 괜찮으신가요', 0.32800056506142666), ([[13, 253], [279, 253], [279, 649], [13, 649]], '3', 0.7399118207509368), ([[5, 715], [139, 715], [139, 913], [5, 913]], '|"', 0.007044163150330801), ([[226, 1046], [456, 1046], [456, 1270], [226, 1270]], '0', 0.1881738918984901), ([[1022.1389161341509, 507.03093426469826], [1100.573506583271, 472.0137124096347], [1179.861083865849, 669.9690657353018], [1101.426493416729, 704.9862875903652]], '@', 0.42426119857032063), ([[950.132971329542, 625.0179061749166], [1097.695172197058, 576.1736693863704], [1195.867028670458, 908.9820938250834], [1048.304827802942, 957.8263306136296]], '중', 0.06298015491467002)]
[([[568, 30], [630, 30], [630, 80], [568, 80]], '값!', 0.30047831812275344), ([[0, 106], [279, 106], [279, 424], [0, 424]], '76', 0.5830900380541146), ([[906, 112], [1170, 112], [1170, 386], [906, 386]], '사', 0.20226941179848357), ([[1028, 348], [1124, 348], [1124, 456], [1028, 456]], '(', 0.2767856416813288), ([[7, 455], [237, 455], [237, 761], [7, 761]], '%', 0.1108971805278749), ([[-38.57287157044915, 1315.047619087589], [114.68941268444098, 1209.0091417965752], [305.57287157044914, 1531.952380912411], [151.31058731555902, 1637.9908582034248]], '털', 0.04746925756036546)]
[([[135, 7], [215, 7], [215, 51], [135, 51]], '저:', 0.7864693767278135), ([[235, 0], [593, 0], [593, 59], [235, 59]], '프로유서 씨 제 가슴', 0.3649864980363687), ([[641, 0], [953, 0], [953, 59], [641, 59]], '기분 중으하나요?', 0.4425587312282136), ([[115, 54], [581, 54], [581, 121], [115, 121]], '프로유서 씨만 중으시면 또', 0.2593655912002642), ([[631, 55], [1011, 55], [1011, 121], [631, 121]], '언제든지 도물게요: .', 0.22755557382689964), ([[4, 378], [277, 378], [277, 750], [4, 750]], '등', 0.04790330679327348), ([[939.5455360464027, 501.0043032500642], [1108.8112816394107, 472.16522088325735], [1203.4544639535973, 1076.9956967499359], [1034.1887183605893, 1104.8347791167428]], '물', 0.0024533005604645552)]
[([[205, 27], [774, 27], [774, 91], [205, 91]], "'수영복으로 이런 일흘 시키시고:.", 0.5999418751777521), ([[793, 29], [1341, 29], [1341, 91], [793, 91]], '프로유서 씨는 변태라 생각해요', 0.4349125030880263), ([[993.7946864129, 1030.0234408115305], [1514.264515898974, 611.6093667644745], [1639.2053135871, 834.9765591884694], [1118.735484101026, 1253.3906332355255]], '오요:아님최', 6.541240002799863e-05)]
[([[301, 27], [1229, 27], [1229, 95], [301, 95]], "'젖꼭지로 비비 흉어 쥐: .인가요? 이 이렇계일까요:", 0.18501884057663295), ([[1264, 40], [1292, 40], [1292, 74], [1264, 74]], '?', 0.9290571905074927), ([[283, 363], [367, 363], [367, 459], [283, 459]], '2', 0.5070344157056503), ([[1308.2276001098248, 978.7283203514395], [1512.9382230137094, 852.1081097260087], [1573.7723998901752, 977.2716796485605], [1369.0617769862906, 1103.8918902739913]], '7 @', 0.24456419050693512)]
[([[763, 29], [938, 29], [938, 86], [763, 86]], '뜨거워: ', 0.3808953511222669), ([[186, 218], [336, 218], [336, 390], [186, 390]], '5', 0.9728924365897775), ([[215, 1073], [281, 1073], [281, 1145], [215, 1145]], '다', 0.15293663714013306), ([[644.9074644389061, 28.10030797009324], [747.7032926017633, 42.13654796180009], [738.0925355610939, 93.89969202990676], [635.2967073982367, 78.86345203819991]], '"앗:', 0.5417787450321327), ([[1142.5916050138326, 1014.0431617254698], [1515.1434023150018, 728.4670079041637], [1605.4083949861674, 896.9568382745302], [1232.8565976849982, 1182.5329920958363]], '감0[3', 0.038855671882629395), ([[277.3024029202134, 1073.0243617590515], [420.93150604322875, 1162.831587524326], [374.6975970797866, 1235.9756382409485], [231.06849395677125, 1145.168412475674]], '세"자요마', 0.0018993394515892448)]
[([[75, 31], [325, 31], [325, 91], [75, 91]], "'프로든서 씨의", 0.3904555857489767), ([[391, 23], [1524, 23], [1524, 89], [391, 89]], "아직 드겁계 맥박 치고 있어요: ; 저:: 기분 좋아져 주섭나요':?", 0.054982136736331934), ([[1387, 841], [1495, 841], [1495, 983], [1387, 983]], '11', 0.20279208601715634), ([[228.32378595122168, 197.0127063024969], [362.32415830995285, 235.88073470230825], [284.6762140487783, 498.9872936975031], [151.67584169004712, 460.11926529769175]], '축', 0.7187710328303787), ([[1228.0474406941576, 923.1368289285183], [1388.6702535202041, 894.8764533460363], [1401.9525593058424, 1021.8631710714817], [1241.3297464797959, 1049.1235466539638]], '들', 0.026259732057995144), ([[132.9236451676887, 1021.0386678308728], [246.62322729669847, 1000.0939108743808], [276.0763548323113, 1189.9613321691272], [161.37677270330153, 1210.9060891256192]], '춤', 0.376542431297878)]
[([[95, 5], [161, 5], [161, 49], [95, 49]], '저:', 0.9771692715064062), ([[197, 0], [1083, 0], [1083, 61], [197, 61]], '모처럼의 의상이다 별로 더럽히고 싶지 않습니다만-', 0.7062866068418265), ([[177, 57], [717, 57], [717, 119], [177, 119]], '들어 주실 것 갈지도: . 않네요', 0.556167542252196), ([[-49.38434535326029, 1018.0233775434955], [227.6822935977258, 907.7261578058618], [390.3843453532603, 1395.9766224565044], [113.31770640227423, 1507.273842194138]], '68', 0.03128503413565855)]
[([[105, 4], [193, 4], [193, 56], [105, 56]], "'아:-", 0.55720454454422), ([[219, 0], [1091, 0], [1091, 61], [219, 61]], '여러분의 것이 드거워 웨어요:. 갈 듯한 거조: ?', 0.33707253553381705), ([[84, 48], [313, 48], [313, 125], [84, 125]], '알계습니다:', 0.9597840863984956), ([[343, 55], [1043, 55], [1043, 121], [343, 121]], '만족하실 때까지 가슴에 사정해 주세요_', 0.762589561684057), ([[18, 572], [162, 572], [162, 650], [18, 650]], '0랑광', 0.015338045613386279), ([[1008.1691114010816, -61.989211058358215], [1243.3999270897725, 31.915646274895817], [1098.8308885989184, 386.9892110583582], [863.6000729102274, 292.08435372510417]], '7', 0.10268140797564129), ([[200.1385883402017, 627.0413187380975], [314.96190011116175, 681.1727476820466], [281.8614116597983, 748.9586812619025], [167.03809988883827, 694.8272523179534]], '(0', 0.707430190918184), ([[278.95709998109203, 1282.0495498014666], [356.2508692396252, 1252.071352959064], [412.04290001890797, 1408.9504501985334], [334.7491307603748, 1439.928647040936]], '9', 0.07817505696384419), ([[166.3167958763666, 1326.0488890735055], [438.32543664044914, 1305.314821118127], [442.6832041236334, 1555.9511109264945], [171.67456335955083, 1576.685178881873]], '점심', 0.09366177172590497)]
[([[369, 29], [716, 29], [716, 86], [369, 86]], "'응' : '나오고 있어:", 0.28188852062639297), ([[40, 572], [236, 572], [236, 694], [40, 694]], '대갑9', 0.0006413820467549657), ([[866.4175855141103, 33.00565397668044], [1083.6881219717843, 11.00184867018298], [1135.5824144858898, 607.9943460233195], [919.3118780282158, 630.998151329817]], ';', 0.019977261656678458), ([[-65.79257970246873, 994.0101336334725], [150.88376786331446, 933.3871136372727], [277.79257970246874, 1446.9898663665276], [59.116232136685525, 1508.6128863627273]], '', 0.0)]
[([[40, 2], [142, 2], [142, 54], [40, 54]], '"앗:;', 0.19553795456886292), ([[161, 1], [343, 1], [343, 61], [161, 61]], '굉장한 양', 0.9973080466410075), ([[393, 0], [867, 0], [867, 61], [393, 61]], '정액으로 가슴이 이렇계나:', 0.7906114840954243), ([[37, 57], [183, 57], [183, 119], [37, 119]], '제 가슴', 0.9788161027412956), ([[231, 59], [397, 59], [397, 119], [231, 119]], '어쨌나요', 0.3867899477481842), ([[449, 57], [1095, 57], [1095, 121], [449, 121]], '여러분께 만족 반화으면 기쁨니다만-', 0.39823411341817894), ([[100, 1206], [324, 1206], [324, 1524], [100, 1524]], '4내', 0.06582134728177493), ([[876.034736187407, 126.0150316157641], [1100.415265115676, 73.16406004442148], [1186.965263812593, 508.9849683842359], [962.584734884324, 561.8359399555785]], '못', 0.07884525070338455), ([[69.02174868228045, 556.0435852415409], [256.6378199098891, 595.2005737079239], [232.97825131771955, 689.9564147584591], [45.36218009011089, 650.7994262920761]], '93과@', 0.000911402516067028)]
[([[297, 28], [1230, 28], [1230, 93], [297, 93]], "'차아앞' 그렇게나 세계 짜녀도 제 젖은 안 나온다구요", 0.2882296414288659), ([[165, 383], [225, 383], [225, 461], [165, 461]], '0', 0.574303363691886), ([[71.39892084553038, 410.01129449110834], [188.72990355192908, 448.1311681380896], [104.60107915446962, 707.9887055088916], [-11.729903551929095, 669.8688318619104]], '/', 0.06382617601136875), ([[1362.177658843751, 512.2221155642216], [1593.996312192218, 630.4550614577536], [1296.822341156249, 1203.7778844357783], [1066.003687807782, 1085.5449385422464]], '숫', 0.06220181918417311)]
[([[457, 0], [1163, 0], [1163, 61], [457, 61]], "'왕; 잠깐 프로든서 씨 너무 격하다구요오", 0.2590508567480063), ([[445, 55], [951, 55], [951, 119], [445, 119]], '조금만 더 상녕히 부탁해요오', 0.4300916577828468), ([[37, 619], [153, 619], [153, 757], [37, 757]], '6', 0.32756913164816126), ([[885.2918428160435, 962.3467669250306], [1241.8976797241182, 881.8647711439231], [1266.7081571839565, 1054.6532330749694], [910.1023202758818, 1135.135228856077]], '스홀', 0.028223546920546443), ([[695.221825406948, 1120.221825406948], [911.1523476611726, 1038.6149321187024], [940.778174593052, 1125.778174593052], [724.8476523388274, 1207.3850678812976]], "<유'", 0.006802145726432587), ([[972.0846084768857, 1139.55922593382], [1141.2714243435294, 1103.1343263635847], [1150.9153915231143, 1153.44077406618], [981.7285756564706, 1189.8656736364153]], '8 :3', 0.41490514378283505)]
[([[547, 27], [1121, 27], [1121, 93], [547, 93]], '굉장해 부우육 소리 나다구요오?', 0.7142477642229589), ([[1012, 930], [1262, 930], [1262, 1102], [1012, 1102]], '$>', 0.02264439633800046), ([[1221, 827], [1543, 827], [1543, 1129], [1221, 1129]], '늙', 0.06999032950807393), ([[99.23076923076923, 244.15384615384616], [415.9661403041433, 55.18308629959661], [521.7692307692307, 271.84615384615387], [204.03385969585665, 460.8169137004034]], '중움어', 0.0010489067723062583), ([[812.4849133742932, 1094.8092661105918], [1021.9848883947019, 985.741269214754], [1064.5150866257068, 1092.1907338894082], [855.0151116052981, 1200.2587307852461]], "'", 0.8193538128835485)]
[([[45, 27], [323, 27], [323, 91], [45, 91]], '"잔뜩 나밤네요', 0.30004844978169626), ([[375, 25], [559, 25], [559, 137], [375, 137]], '프로유저', 0.6949303150177002), ([[547, 25], [1467, 25], [1467, 94], [547, 94]], '씨의 행복해 보이는 얼굴을 볼 수 있어서 저도 기뻐요', 0.4003233019367004), ([[84.67744735233893, 308.33566305496913], [317.190305370891, 197.33334720486116], [402.32255264766104, 427.66433694503087], [168.80969462910903, 537.6666527951388]], '왕', 0.29768599095092796)]
[([[497, 11], [865, 11], [865, 71], [497, 71]], "'나쁘 짓 하는 자지논", 0.2888666833343625), ([[916, 16], [1100, 16], [1100, 66], [916, 66]], '이거예요!-', 0.7059913774718473), ([[593, 1131], [937, 1131], [937, 1193], [593, 1193]], "'더는 안 농친다구요", 0.7475179656436454), ([[1074, 1060], [1212, 1060], [1212, 1182], [1074, 1182]], '', 0.0), ([[1126.9306171070061, 149.01972359986587], [1325.3871591816348, 83.504763276089], [1436.0693828929939, 477.98027640013413], [1238.6128408183652, 542.495236723911]], '출', 0.005208196571638235), ([[17.75625695851772, 594.0257927002771], [203.67550436786664, 493.00760606672094], [393.2437430414823, 894.9742072997229], [208.32449563213336, 996.992393933279]], '8', 0.08798841693220893), ([[1294.3114484978644, 552.0087811162796], [1486.3858966136966, 520.7660463437328], [1553.6885515021356, 997.9912188837204], [1362.6141033863034, 1029.2339536562672]], '톤', 0.021091007078211987), ([[300.45453702827234, 898.0999351176971], [381.55943780809207, 865.2761235887396], [426.54546297172766, 998.9000648823029], [345.44056219190793, 1030.7238764112603]], '1', 0.10270444347730745)]
[([[473, 26], [1053, 26], [1053, 91], [473, 91]], "'와월' 뜨껴운 거 나오고 임어요오", 0.2768548527017406), ([[1046.923413428012, 49.023191529880854], [1263.3071082200127, 131.95684201063506], [1183.076586571988, 330.9768084701191], [966.6928917799872, 247.04315798936494]], '씨', 0.01943031340207768), ([[1144.3788822244544, 209.00622300027146], [1351.4675184678763, 127.00352557979869], [1584.6211177755456, 769.9937769997285], [1377.5324815321237, 851.9964744202014]], '2', 0.08483693845409235), ([[10.327879397301226, 365.0070593115383], [240.47788676643802, 320.66253068543654], [339.6721206026988, 904.9929406884617], [110.52211323356197, 949.3374693145635]], '%', 0.009215139012419549), ([[1489.2013029324607, 745.0228013180644], [1591.0478639225728, 797.4008894210904], [1476.7986970675393, 1017.9771986819356], [1374.9521360774272, 965.5991105789096]], '{', 0.16318692368696563), ([[244.49594288384344, 831.0115548677871], [320.9566786850322, 814.0416805169039], [373.50405711615656, 1070.9884451322127], [297.0433213149678, 1087.9583194830961]], '"', 0.3919051628045054), ([[1004.6910264713479, 1108.2242350038741], [1167.9095300178772, 1076.9613262996597], [1180.3089735286521, 1182.7757649961259], [1017.0904699821227, 1213.0386737003403]], '-통"', 0.03923933207988739)]
[([[229, 0], [735, 0], [735, 61], [229, 61]], "'오늘은 젖소 씨의 의상이지만", 0.9548982427186925), ([[209, 57], [903, 57], [903, 121], [209, 121]], '제가 프로유서 씨의 우유흘 까 드질계요', 0.20175430186111953), ([[0, 348], [198, 348], [198, 662], [0, 662]], '7', 0.11495471719204264), ([[923, 81], [1183, 81], [1183, 789], [923, 789]], '8', 0.48862125007534374), ([[136.34686389219024, 1477.105538359084], [315.4960845893527, 1464.3297843385499], [316.65313610780976, 1580.894461640916], [138.50391541064732, 1593.6702156614501]], '앞력', 0.0014415708143187067)]
[([[160, 18], [974, 18], [974, 90], [160, 90]], "'세계 조여 올려서 위아래로 힘껏 흙는 거조오?", 0.5433212546447116), ([[145, 83], [747, 83], [747, 147], [145, 147]], '젖소 씨의 작유랑은 전혀 다르지만', 0.7462811266850429), ([[149, 141], [703, 141], [703, 205], [149, 205]], '프로두서 씨가 기분 좋아 보여서', 0.4796301762275138), ([[714, 146], [968, 146], [968, 198], [714, 198]], '저도 기뻐요오', 0.6628198916148197), ([[960, 582], [1060, 582], [1060, 728], [960, 728]], '0', 0.8559507864825413), ([[14, 822], [210, 822], [210, 1092], [14, 1092]], '1"', 0.03501010086076997), ([[34, 1039], [180, 1039], [180, 1422], [34, 1422]], "'", 0.31104176478635637), ([[826, 1401], [1126, 1401], [1126, 1577], [826, 1577]], '시499 7', 0.018600327200140408), ([[1133.8606826028272, -30.46604620062502], [1293.9967593152269, 106.9888986338042], [1073.1393173971728, 356.46604620062504], [914.0032406847731, 218.0111013661958]], "'", 0.2189735080983155), ([[-55.08325411802766, 235.0189322244088], [155.4904242110523, 156.32694846604278], [293.08325411802764, 582.9810677755912], [81.5095757889477, 661.6730515339573]], '7', 0.9367767155510052), ([[1026.5107884628262, 948.0085500368298], [1132.7540320684298, 934.2735544525882], [1170.4892115371738, 1261.9914499631702], [1064.2459679315702, 1275.7264455474117]], '', 0.0)]
[([[149, 19], [627, 19], [627, 83], [149, 83]], '"잔뜩 나밤네요! 굉장해요!', 0.2945860876881723), ([[157, 78], [1054, 78], [1054, 144], [157, 144]], '그치만 이렇계나 쌍여 버리면 몸에 안종으니 앞으론', 0.2662396271064479), ([[149, 139], [879, 139], [879, 201], [149, 201]], '제가 프로유서 씨의 우유 관리해 드질게요', 0.48444110720124056), ([[921, 471], [1177, 471], [1177, 753], [921, 753]], '동육', 0.10868168745613543), ([[18, 756], [179, 756], [179, 1180], [18, 1180]], '{', 0.21392828223214622), ([[778, 1476], [972, 1476], [972, 1572], [778, 1572]], '98580', 0.21671081431966432), ([[51.15391335767295, 403.01705127028913], [216.5034752186864, 425.9172092901038], [175.84608664232707, 692.9829487297109], [11.496524781313601, 670.0827907098961]], '7', 0.7224566728412043)]
[([[172, 0], [318, 0], [318, 52], [172, 52]], '"에혜넷', 0.10941430181264877), ([[437, 0], [1033, 0], [1033, 63], [437, 63]], '가슴으로 프로유서 씨 자지의 머리', 0.48899639566412034), ([[172, 62], [572, 62], [572, 118], [172, 118]], '안 보이게 왜 버려네요', 0.6754887118578756), ([[183, 759], [243, 759], [243, 839], [183, 839]], '6', 0.1851722456015068), ([[183, 1361], [405, 1361], [405, 1493], [183, 1493]], '"하5', 0.003203203787100425), ([[929, 1507], [997, 1507], [997, 1585], [929, 1585]], '0', 0.9316161161214929), ([[1040.3203026673903, 1346.0177809471554], [1134.2103955806056, 1386.9533968603175], [1057.6796973326097, 1562.9822190528446], [962.7896044193944, 1522.0466031396825]], '0', 0.874182315536828)]
[([[221, 0], [899, 0], [899, 63], [221, 63]], '"숨이 가빠져 와다구요? 에혜켓 좋아요', 0.2669554708353965), ([[219, 57], [891, 57], [891, 123], [219, 123]], '아이리 가슴 안에 전부 씨 버려 주세요', 0.6582755160889965), ([[142, 1414], [314, 1414], [314, 1494], [142, 1494]], '내째', 0.048183374606639726), ([[-77.35587112614151, 172.05553212579983], [511.1677815203472, 55.45809314432995], [560.3558711261416, 483.9444678742002], [-29.167781520347205, 601.54190685567]], '문?률', 0.009174480215663562), ([[329.20883699001877, 516.0313460742366], [405.80734856791156, 532.6747009975734], [376.79116300998123, 661.9686539257634], [300.19265143208844, 646.3252990024266]], '', 0.0), ([[107.14840399737544, 592.0363267692927], [184.38669423290202, 603.3051876712024], [165.85159600262455, 728.9636732307073], [88.61330576709797, 718.6948123287976]], '', 0.0), ([[1012.3495863896718, 1102.007835171378], [1213.0918830920368, 1168.9081169079632], [1077.6504136103283, 1570.992164828622], [877.9081169079632, 1504.0918830920368]], '용', 0.040960747125675434)]
[([[428, 32], [706, 32], [706, 88], [428, 88]], "'와앗' 뜨꺼워어", 0.418326781807919), ([[98, 1349], [372, 1349], [372, 1507], [98, 1507]], '매애 ', 0.008688940740393824), ([[-97.58235365617915, 774.2758817094387], [175.18033988749895, 621.639320225002], [275.5823536561792, 816.7241182905613], [1.8196601125010492, 968.360679774998]], '{ [4돌', 0.023658315673755134), ([[892.7707458564553, 1467.178624310023], [1048.848406239736, 1329.866342591095], [1117.2292541435447, 1432.821375689977], [960.151593760264, 1570.133657408905]], '0 용', 0.257168710231781)]
[([[409, 0], [997, 0], [997, 61], [409, 61]], "'나와 버질 듯한가요? 안 참으서도", 0.5377808028573074), ([[991, 0], [1167, 0], [1167, 80], [991, 80]], '되다구요', 0.31987378001213074), ([[395, 55], [1087, 55], [1087, 121], [395, 121]], '가슴 안으로 똑똑히 받아내 드질 테니까', 0.7011888547932215), ([[24, 786], [176, 786], [176, 990], [24, 990]], '', 0.0), ([[1486.2379464145386, 352.02642836935553], [1567.2269887062835, 326.06864607129324], [1623.7620535854614, 517.9735716306445], [1542.7730112937165, 543.9313539287068]], '"', 0.7411979431717555), ([[-59.53162063131509, 532.0434768888543], [92.661566024276, 416.00810620953905], [317.5316206313151, 761.9565231111457], [163.338433975724, 877.991893790461]], '7', 0.03360439248020075), ([[218.51447628884765, 782.0650296928633], [328.34970813965714, 726.0536644687489], [417.4855237111523, 929.9349703071367], [307.65029186034286, 985.9463355312511]], '씨', 0.05760674248398434), ([[1288.9995462108582, 1039.1965512025215], [1486.6130684505356, 850.6954385255033], [1597.0004537891418, 1008.8034487974785], [1399.3869315494644, 1197.3045614744967]], '처교;', 0.003339889031522013), ([[369.2967784503123, 922.0130181584315], [570.3087536062874, 1108.9216595836574], [459.7032215496877, 1229.9869818415686], [259.6912463937126, 1043.0783404163426]], '유울', 0.054969362345372176)]
[([[719, 28], [794, 28], [794, 85], [719, 85]], '"각', 0.13843563259647368), ([[1396, 236], [1500, 236], [1500, 368], [1396, 368]], '아', 0.05195744206781683), ([[1472, 326], [1550, 326], [1550, 430], [1472, 430]], '7', 0.09386467087555062), ([[1, 543], [286, 543], [286, 856], [1, 856]], '(', 0.5835690449174571), ([[498, 1000], [676, 1000], [676, 1126], [498, 1126]], '대', 0.11861176274013374), ([[818.0540982925991, -43.985084124609955], [1328.4740660059372, 88.40719810134017], [1252.945901707401, 332.98508412460995], [742.5259339940627, 199.59280189865981]], "'세계$", 0.010619644075632095), ([[1292.3540577585338, 142.01898189507506], [1437.6983678081986, 257.4416946545612], [1376.6459422414662, 333.98101810492494], [1232.3016321918014, 218.55830534543878]], '9 ( <', 0.041582421094582975), ([[1285.0256120058132, 998.3459884331348], [1559.4736409863065, 908.1250533819116], [1604.9743879941868, 1100.6540115668652], [1330.5263590136935, 1190.8749466180884]], '7"', 0.10620023493535795)]
[([[343, 9], [1185, 9], [1185, 73], [343, 73]], "'가슴 안에 다 못 넣을 만큼 가~득 나와 버려네요", 0.5169292261534905), ([[1236, 162], [1308, 162], [1308, 250], [1236, 250]], '0', 0.9118942788953497), ([[1525, 495], [1567, 495], [1567, 559], [1525, 559]], '0', 0.0311338712784881), ([[22, 580], [218, 580], [218, 830], [22, 830]], '^ ', 0.03678490350023155), ([[505, 1127], [1045, 1127], [1045, 1196], [505, 1196]], "'프로두서 씨 기분 중으하나요?'", 0.18918679666879443), ([[171.89913163526978, 876.1930530821583], [322.6746751862646, 775.0561538045852], [451.1008683647302, 1005.8069469178417], [300.3253248137354, 1107.9438461954148]], '70', 0.574144222897839), ([[1274.3472736480012, 1071.4849124976042], [1479.7914700321726, 950.3684483091138], [1529.6527263519988, 1061.5150875023958], [1324.2085299678274, 1182.6315516908862]], '음:`"', 0.0038723971229046583)]
[([[1, 25], [1113, 25], [1113, 113], [1, 113]], '"오늘은 메이뒤 아이리 주인념 자지름 가아득 봉사해 드질게요', 0.26115160401929777), ([[97, 149], [213, 149], [213, 401], [97, 401]], '9', 0.41703315187101), ([[26, 738], [122, 738], [122, 856], [26, 856]], '0', 0.8136374592368156), ([[1026.4550463663466, 180.00571167473194], [1221.9027985237942, 225.6949161898105], [1109.5449536336534, 708.994288325268], [915.0972014762058, 664.3050838101894]], '?', 0.05212530817857641), ([[212.1915280738185, 524.4915355193085], [312.85508726801726, 605.2522563735299], [156.8084719261815, 793.5084644806915], [56.14491273198277, 711.7477436264701]], '@"', 0.18759488148007059), ([[1052.0217486822805, 703.0435852415409], [1124.6170046103164, 670.0173179363669], [1192.9782513177195, 836.9564147584591], [1120.3829953896836, 869.9826820636331]], '약', 0.0034509912794256636)]
[([[73, 0], [555, 0], [555, 63], [73, 63]], '"젖꼭지름 씨서 씩씩할계요', 0.049510667627978545), ([[76, 62], [150, 62], [150, 114], [76, 114]], '앗!', 0.1944181475819873), ([[138, 53], [1108, 53], [1108, 131], [138, 131]], '안 된다국요 주인남운 움직이지 말과 편히 계 주세요', 0.31461413779140385), ([[152, 110], [277, 110], [277, 304], [152, 304]], '이', 0.4138459290009031), ([[1042, 104], [1144, 104], [1144, 324], [1042, 324]], '0', 0.20209201640513186), ([[21, 825], [83, 825], [83, 901], [21, 901]], '0', 0.8757595992771918), ([[264, 1422], [417, 1422], [417, 1549], [264, 1549]], '평', 0.0016364354130961184), ([[402, 1470], [430, 1470], [430, 1516], [402, 1516]], '씨', 0.41849024979882543), ([[917.2993698287281, 453.0129223585328], [1056.4862768987625, 428.5372450704769], [1108.7006301712718, 761.9870776414672], [969.5137231012374, 786.462754929523]], '떡', 0.0019835802383228462), ([[104.37870120145634, 629.0148551104376], [199.19386372637163, 673.9324636766752], [110.62129879854366, 863.9851448895624], [15.806136273628374, 819.0675363233248]], '{', 0.007336949430325979)]
[]
[]
[]
[([[175, 885], [261, 885], [261, 995], [175, 995]], '1', 0.38162668440154235)]
[]
[([[53, 27], [305, 27], [305, 347], [53, 347]], '7', 0.7995367665089113), ([[163, 271], [375, 271], [375, 607], [163, 607]], '얘', 0.3835595205928257), ([[156, 1404], [404, 1404], [404, 1564], [156, 1564]], '7;', 0.004030469307828508), ([[956, 1411], [1061, 1411], [1061, 1534], [956, 1534]], '0', 0.8902305707420624), ([[164.22121615507504, 916.2157833924801], [351.1673462118126, 758.0895345805137], [432.778783844925, 887.7842166075199], [245.83265378818737, 1046.9104654194862]], "도로 '", 0.10354778915643692), ([[586.3093088240148, 1417.0402397064163], [670.0877209424682, 1394.4571709885556], [679.6906911759852, 1433.9597602935837], [595.9122790575318, 1455.5428290114444]], '@물', 0.01590515542261448)]
[]
[([[935, 911], [1148, 911], [1148, 1266], [935, 1266]], '', 0.0), ([[73.01796553451793, 1367.0371450556368], [303.61817095018176, 1413.8724191661943], [275.98203446548206, 1524.9628549443632], [44.381829049818236, 1478.1275808338057]], '{(5', 0.0014005007730424656)]
[([[0, 97], [281, 97], [281, 425], [0, 425]], '7', 0.1550415596466479), ([[897, 105], [1177, 105], [1177, 391], [897, 391]], '음0', 0.024700420422366774), ([[1028, 346], [1126, 346], [1126, 456], [1028, 456]], '(', 0.30116873904320585), ([[10, 456], [228, 456], [228, 758], [10, 758]], '%', 0.14517184183718257), ([[-37.5178745954623, 1316.0443444175946], [114.6750969866212, 1209.008766015084], [312.5178745954623, 1538.9556555824054], [159.32490301337882, 1645.991233984916]], '털', 0.02473427453932886)]
[]
[([[38, 572], [234, 572], [234, 696], [38, 696]], '대09', 0.006649118540057403), ([[864.3618214963625, 25.00617136194262], [1108.7321846915286, 1.4677215994471027], [1159.6381785036374, 607.9938286380574], [914.2678153084713, 631.5322784005529]], '~', 0.4973246333008916), ([[-67.79257970246873, 992.0101336334725], [148.49159704384306, 928.3271201874402], [281.79257970246874, 1444.9898663665276], [63.50840295615694, 1508.6728798125598]], '5', 0.0064101699190308725)]
[]
[]
[([[924, 0], [1278, 0], [1278, 338], [924, 338]], '갑량', 0.003592200487183159), ([[277, 905], [343, 905], [343, 1011], [277, 1011]], '^', 0.5841933781241302), ([[1169, 1101], [1205, 1101], [1205, 1147], [1169, 1147]], '0', 0.32713684634933315), ([[1141.3751191751944, 197.0061017699501], [1352.4733209955114, 115.00350070343308], [1584.6248808248056, 772.9938982300499], [1373.5266790044886, 854.996499296567]], '2', 0.1491288339706367), ([[8.326465032765398, 366.0070890563564], [237.18018305417178, 319.6024628765738], [341.6735349672346, 904.9929109436437], [112.81981694582824, 951.3975371234262]], '#', 0.009149886477066937), ([[1490.9432623084308, 740.0399389166373], [1594.2399357512916, 795.6535130559715], [1474.0567376915692, 1018.9600610833627], [1369.7600642487084, 962.3464869440285]], '', 0.0), ([[1004.5525489506559, 1110.2522349631488], [1167.9128118089777, 1078.9649651116035], [1180.447451049344, 1181.7477650368512], [1018.0871881910224, 1214.0350348883965]], '-통"', 0.01153099165413818)]
[]
[([[175, 14], [470, 14], [470, 273], [175, 273]], '다', 0.9569560888122766), ([[97, 1344], [372, 1344], [372, 1514], [97, 1514]], '미되 ', 0.004517596680670977), ([[99.6709464566261, 623.0465407727548], [234.01016600980523, 694.3511839074484], [79.3290535433739, 988.9534592272452], [-55.010166009805225, 918.6488160925516]], '0', 0.06893168684109696), ([[895.0740428021544, 1475.1331081755116], [1043.5021539690104, 1333.7436577579135], [1110.9259571978457, 1430.8668918244884], [962.4978460309895, 1572.2563422420865]], '2 용', 0.6069613376633956)]
[]
[([[1476, 326], [1550, 326], [1550, 430], [1476, 430]], '7', 0.06300991046842697), ([[5, 549], [285, 549], [285, 849], [5, 849]], "(8'", 0.1557093315862845), ([[500, 1000], [674, 1000], [674, 1124], [500, 1124]], '대', 0.021038349517582766), ([[855.9394548604524, -44.98295383993044], [1329.688037393878, 63.78760149992417], [1255.0605451395477, 331.9829538399304], [781.3119626061222, 223.21239850007584]], '의8', 0.21249834669934223), ([[1293.3892283525809, 124.0133292741014], [1538.7726297149966, 276.48709913971993], [1471.6107716474191, 380.9866707258986], [1226.2273702850034, 229.51290086028007]], '0(', 0.08164700057143832), ([[938.9715839731679, 773.0311355572697], [1091.025843011758, 835.3279319677486], [1033.0284160268322, 971.9688644427303], [880.974156988242, 909.6720680322514]], '프', 0.008504628885987131), ([[1287.279174377471, 994.3029637025727], [1558.724241192283, 910.3309105692604], [1600.720825622529, 1100.6970362974273], [1329.275758807717, 1185.6690894307396]], '새7"', 0.019048731419470333)]
