2022324
32
[([[63, 0], [297, 0], [297, 19], [63, 19]], '만47비4 < 사6-앙어6', 7.301239023246201e-05), ([[319, 0], [459, 0], [459, 19], [319, 19]], "이'어친:(4내", 0.00038796057065291605), ([[467, 0], [569, 0], [569, 19], [467, 19]], "':어관^", 0.0005307242828007407), ([[589, 0], [635, 0], [635, 19], [589, 19]], ':_', 0.005379533409466137), ([[645, 0], [717, 0], [717, 19], [645, 19]], '4내[', 0.007206404076088132), ([[725, 0], [783, 0], [783, 17], [725, 17]], '0꼴내', 0.06875320806950241), ([[352, 322], [539, 322], [539, 366], [352, 366]], '7>[가', 0.09158480912446976), ([[388, 370], [504, 370], [504, 396], [388, 396]], '3 [ 1 사 0', 0.06330490198088083), ([[28, 1046], [110, 1046], [110, 1072], [28, 1072]], '탁시시', 0.000707228954209428), ([[32, 1068], [110, 1068], [110, 1116], [32, 1116]], ': 8', 0.014200391888090884), ([[28, 1110], [112, 1110], [112, 1134], [28, 1134]], '콤스교', 0.0014764034203245348), ([[21, 1133], [119, 1133], [119, 1171], [21, 1171]], '싹#교', 0.0012812657513996358)]
[([[38, 12], [578, 12], [578, 66], [38, 66]], '간만에 오니까 한국 사람 만네요', 0.755496677551218), ([[57, 73], [558, 73], [558, 135], [57, 135]], '옛날에 번역한 거 약간 손화서', 0.6756119007261654), ([[86, 146], [530, 146], [530, 202], [86, 202]], '올립니다. 일->영->한인데', 0.5421064073411871), ([[122, 214], [494, 214], [494, 270], [122, 270]], '일본어 참고는 햇지만,', 0.5930117384441823), ([[87, 275], [530, 275], [530, 338], [87, 338]], '일어 올라서 개망햇습니다.', 0.6669568983682191), ([[65, 341], [551, 341], [551, 406], [65, 406]], '대충 뜻올 이해하는 정도로만', 0.765530658235459), ([[228, 416], [384, 416], [384, 466], [228, 466]], '화주세요.', 0.8172029856885711), ([[10, 482], [604, 482], [604, 538], [10, 538]], '참고로 검색하면 일 영 다 나움니다.', 0.7518266995956041)]
[([[133, 55], [259, 55], [259, 75], [133, 75]], '아버지와 어머니가', 0.9972893895593293), ([[114, 69], [276, 69], [276, 96], [114, 96]], '돌아가져올 때 차가원다', 0.28582540615078394), ([[119, 87], [270, 87], [270, 114], [119, 114]], '공기름 나는 기억하다', 0.47109338765673636), ([[209, 323], [305, 323], [305, 343], [209, 343]], '시간이 흐로고', 0.6629313644171151), ([[172, 336], [344, 336], [344, 365], [172, 365]], "또다시 '난 가죽올 일없다.", 0.6623082839591157), ([[149, 653], [211, 653], [211, 671], [149, 671]], '그 때부터', 0.9340613821007233), ([[96, 668], [260, 668], [260, 692], [96, 692]], '아무것도 바뀌지 압앉다', 0.48062576434422066), ([[88, 684], [270, 684], [270, 708], [88, 708]], '여전히 ^도시는 춥고 어둡다,', 0.4223399120806551), ([[572, 774], [692, 774], [692, 798], [572, 798]], '그리고 나는 점차', 0.7280426174144642), ([[556, 790], [706, 790], [706, 816], [556, 816]], '그것에 동화되고 있다.', 0.5810357660360905)]
[([[92, 262], [166, 262], [166, 286], [92, 286]], '빨리 실어!', 0.9882840352597845), ([[538, 286], [606, 286], [606, 310], [538, 310]], '다행히 더', 0.877366446998959), ([[530, 302], [614, 302], [614, 326], [530, 326]], '추진 압젠어', 0.17152830583996073), ([[107, 553], [185, 553], [185, 573], [107, 573]], '2시간 뒤에', 0.8554097272456309), ([[94, 568], [198, 568], [198, 594], [94, 594]], '화물선 떠난다!', 0.6531984509393898), ([[322, 570], [370, 570], [370, 594], [322, 594]], '알안어', 0.4191513365588883)]
[]
[]
[]
[]
[]
[([[118, 86], [216, 86], [216, 110], [118, 110]], '테이브로 빨리', 0.4489243294564871), ([[120, 104], [214, 104], [214, 128], [120, 128]], '돌아가야한다', 0.9971549909616958), ([[323, 361], [369, 361], [369, 375], [323, 375]], '하수도로', 0.9996336698532104), ([[323, 375], [369, 375], [369, 391], [323, 391]], '가야계근', 0.4775196611881256), ([[125, 457], [175, 457], [175, 471], [125, 471]], '무사하다', 0.9685975313186646), ([[84, 454], [128, 454], [128, 486], [84, 486]], '어떠뷰', 0.08057120332268607), ([[125, 471], [187, 471], [187, 485], [125, 485]], '부러지거나', 0.9996077744253924), ([[91, 485], [183, 485], [183, 503], [91, 503]], '금이 가진 압앉다', 0.7421905567389101), ([[306, 534], [354, 534], [354, 558], [306, 558]], '출훨은', 0.17174058517594779), ([[278, 548], [380, 548], [380, 577], [278, 577]], '대수롭지 않다,', 0.45664756538792334), ([[403, 711], [467, 711], [467, 725], [403, 725]], '하지만 약간', 0.826337031317754), ([[391, 725], [479, 725], [479, 741], [391, 741]], '정신이 어지럽다', 0.9039978645165359), ([[690, 810], [770, 810], [770, 834], [690, 834]], '정체불명의', 0.9927748405259541), ([[612, 808], [698, 808], [698, 856], [612, 856]], '직하발예버', 0.02649615488984039), ([[666, 828], [768, 828], [768, 852], [666, 852]], '흙인한것   같다.', 0.14262673360279546), ([[616, 1084], [694, 1084], [694, 1108], [616, 1108]], '명청하게도', 0.7415645664668358)]
[([[114, 100], [162, 100], [162, 126], [114, 126]], '지금은', 0.9987509214580446), ([[100, 118], [178, 118], [178, 144], [100, 144]], '혼자이기에', 0.848455066869159), ([[505, 116], [598, 116], [598, 142], [505, 142]], '알프레드에게', 0.9218053952200466), ([[506, 136], [598, 136], [598, 160], [506, 160]], '연락해야한다,', 0.912732086624301), ([[603, 229], [667, 229], [667, 245], [603, 245]], '전장 정신이', 0.9279114984451684), ([[597, 243], [671, 243], [671, 257], [597, 257]], '흐려지고 있다', 0.37969752073669816), ([[235, 335], [285, 335], [285, 349], [235, 349]], '어린어가', 0.9797810316085815), ([[241, 349], [279, 349], [279, 363], [241, 363]], '보인다', 0.5332217216491699), ([[321, 409], [353, 409], [353, 425], [321, 425]], '아이', 0.9999318913721607), ([[559, 485], [589, 485], [589, 501], [559, 501]], '아이', 0.9999456309983256), ([[617, 527], [649, 527], [649, 543], [617, 543]], '아이', 0.9999521215158054), ([[523, 665], [557, 665], [557, 683], [523, 683]], '아아', 0.999670427553642), ([[192, 726], [266, 726], [266, 750], [192, 750]], '난 볼 수도', 0.9160671046094855), ([[626, 838], [712, 838], [712, 862], [626, 862]], '실수도 없다', 0.5489409489324563), ([[120, 1058], [180, 1058], [180, 1082], [120, 1082]], '제이손 "', 0.8150346743126947)]
[([[168, 128], [218, 128], [218, 152], [168, 152]], '제이손', 0.49044632786958203), ([[673, 983], [715, 983], [715, 1003], [673, 1003]], '로반 ', 0.5881699323654175)]
[([[147, 175], [179, 175], [179, 195], [147, 195]], '로반', 0.9802938582080638), ([[568, 734], [682, 734], [682, 758], [568, 758]], '나이트잃이에요!', 0.8238455520791894)]
[([[462, 108], [576, 108], [576, 134], [462, 134]], '총알은 스청어요', 0.627930219252453), ([[624, 260], [730, 260], [730, 284], [624, 284]], '멩이당 싸워조?', 0.09816261511805452), ([[606, 276], [744, 276], [744, 302], [606, 302]], '브루스 약 좀 섞어요', 0.2966762429515183), ([[238, 380], [376, 380], [376, 404], [238, 404]], '고마위 안 해도 돼요', 0.666724892509836), ([[624, 730], [686, 730], [686, 754], [624, 754]], '왜 옷지?', 0.22316449930069263), ([[192, 932], [320, 932], [320, 956], [192, 956]], '지하도에 관광하러', 0.6282858287856693), ([[190, 950], [326, 950], [326, 974], [190, 974]], '얇다고 생각해어요?', 0.2774047342003579), ([[196, 968], [318, 968], [318, 992], [196, 992]], '그것도 한밤중에?', 0.8470858565184579)]
[([[82, 84], [218, 84], [218, 110], [82, 110]], '네 도움은 필요없다.', 0.9964602154872207), ([[107, 105], [193, 105], [193, 125], [107, 125]], '집으로 가라,', 0.9662135314274838), ([[624, 110], [784, 110], [784, 134], [624, 134]], '우리가 모르는 사이라도', 0.7098404258568812), ([[614, 128], [794, 128], [794, 152], [614, 152]], '날 만나서 "다행이야"   라고', 0.7653506248757199), ([[626, 146], [782, 146], [782, 170], [626, 170]], '생각해로으면 하늘데요', 0.2809259671665017), ([[67, 333], [111, 333], [111, 353], [67, 353]], '브루스', 0.7392481759312091), ([[432, 356], [514, 356], [514, 380], [432, 380]], '그냥 잠깐동', 0.970542715652616), ([[511, 359], [529, 359], [529, 391], [511, 391]], '요', 0.19558881746926104), ([[430, 372], [514, 372], [514, 396], [430, 396]], '편하게 있어', 0.8344312675033624), ([[36, 474], [118, 474], [118, 498], [36, 498]], '이젠 당신올', 0.7923608850303707), ([[18, 492], [134, 492], [134, 516], [18, 516]], '이해할 수 있어요', 0.8813846299268171), ([[682, 508], [814, 508], [814, 532], [682, 532]], "'당신은 댁 그레이손과", 0.30425989574614964), ([[709, 527], [787, 527], [787, 545], [709, 545]], '대화중이에요', 0.4149740566492692), ([[312, 534], [402, 534], [402, 558], [312, 558]], '무슨 말이지?', 0.7622659688907121), ([[686, 540], [792, 540], [792, 566], [686, 566]], '당신은 최근 틀어', 0.40411853009517107), ([[695, 559], [801, 559], [801, 577], [695, 577]], '무모해지고 있어요', 0.8611433552200951), ([[52, 740], [150, 740], [150, 764], [52, 764]], '범죄에 관해선', 0.9888312829023002), ([[44, 758], [158, 758], [158, 782], [44, 782]], '너도 마찬가지지', 0.9910231929664957), ([[717, 757], [763, 757], [763, 775], [717, 775]], '브루스', 0.7587287908350531), ([[670, 774], [804, 774], [804, 798], [670, 798]], '쉬지 압으면 죽어요', 0.7232777197005261), ([[42, 964], [228, 964], [228, 988], [42, 988]], "'나에 대한 걱정은 필요없다", 0.7431542387426749), ([[654, 1000], [788, 1000], [788, 1026], [654, 1026]], '난 변하지 압울거다', 0.48836350678047225)]
[([[247, 25], [293, 25], [293, 45], [247, 45]], '브루스', 0.8787208419554404), ([[207, 41], [334, 41], [334, 68], [207, 68]], '당신이 신경쓰여요', 0.9949342785495424), ([[648, 234], [790, 234], [790, 258], [648, 258]], '브루스도 마찬가지일', 0.8066346293305229), ([[664, 252], [776, 252], [776, 276], [664, 276]], '거라고 생각해요', 0.9818193155342932), ([[240, 342], [378, 342], [378, 368], [240, 368]], "'하지만 , 표현 방식은", 0.280855060485892), ([[271, 363], [349, 363], [349, 381], [271, 381]], '많이 다르조', 0.39214193769061384), ([[742, 468], [828, 468], [828, 492], [742, 492]], '네가 관여할', 0.6996014023827998), ([[744, 486], [828, 486], [828, 510], [744, 510]], '일이 아니다', 0.9686131522027013), ([[48, 588], [106, 588], [106, 612], [48, 612]], '그렇조?', 0.9943718910217285), ([[428, 1020], [514, 1020], [514, 1044], [428, 1044]], '난 브루스가', 0.6938508788746542), ([[444, 1038], [492, 1038], [492, 1062], [444, 1062]], '좋아요', 0.999317467212677)]
[([[551, 71], [583, 71], [583, 91], [551, 91]], '덕?', 0.35854937691489386), ([[643, 469], [705, 469], [705, 489], [643, 489]], '브루스가', 0.5970646739006042), ([[600, 486], [746, 486], [746, 510], [600, 510]], '날 좋아하게 해줄게요', 0.8368464344663455), ([[568, 600], [696, 600], [696, 626], [568, 626]], '팔 아직도 아프조?', 0.9937789348693409), ([[151, 643], [181, 643], [181, 663], [151, 663]], '욕 !', 0.6279989574501295), ([[681, 784], [760, 784], [760, 810], [681, 810]], '브루스라면', 0.928348585722165), ([[648, 803], [794, 803], [794, 831], [648, 831]], '이정돈 괜찮올데니까', 0.3318086714488208), ([[135, 899], [181, 899], [181, 919], [135, 919]], '브루스', 0.8455634247126314), ([[428, 932], [490, 932], [490, 956], [428, 956]], '있잡아요', 0.48416802287101746)]
[([[215, 69], [261, 69], [261, 89], [215, 89]], '브루스', 0.44003619992078125), ([[643, 327], [725, 327], [725, 345], [643, 345]], '내가 아니라', 0.9768756375124957), ([[608, 341], [758, 341], [758, 369], [608, 369]], '제이스이면 좋계어요?', 0.584748186565001), ([[382, 556], [668, 556], [668, 681], [382, 681]], '"1"# ', 0.17317640829288888)]
[([[635, 39], [723, 39], [723, 55], [635, 55]], '깥어항 담라,+ +^5', 0.00026682078207442375), ([[699, 453], [737, 453], [737, 469], [699, 469]], '7형 퍽라', 0.004675276492904571), ([[663, 487], [727, 487], [727, 503], [663, 503]], '교물도핸손 물맑', 0.0004027003026626478), ([[93, 995], [133, 995], [133, 1009], [93, 1009]], '4소}실', 0.0007511649746447802)]
[([[461, 561], [507, 561], [507, 581], [461, 581]], '브루스', 0.8168794845700711), ([[331, 693], [399, 693], [399, 713], [331, 713]], '이러지마!', 0.982574387734464), ([[647, 979], [693, 979], [693, 999], [647, 999]], '브루스', 0.6744368323525772)]
[([[101, 73], [145, 73], [145, 93], [101, 93]], '브루스', 0.7696493009944212), ([[703, 297], [749, 297], [749, 317], [703, 317]], '브루스', 0.7728627432195291)]
[([[57, 39], [89, 39], [89, 57], [57, 57]], '아악', 0.9826251675991643), ([[191, 685], [225, 685], [225, 705], [191, 705]], '하악', 0.9896126813073285), ([[742, 980], [774, 980], [774, 1006], [742, 1006]], '으음', 0.9380485569048307)]
[([[107, 71], [139, 71], [139, 91], [107, 91]], '후아', 0.7476617977706231), ([[270, 374], [304, 374], [304, 398], [270, 398]], '으암', 0.7142228564664079), ([[769, 1101], [801, 1101], [801, 1119], [769, 1119]], '우하', 0.9933805292299219)]
[([[55, 127], [89, 127], [89, 147], [55, 147]], '하악', 0.978380495702191), ([[203, 447], [223, 447], [223, 469], [203, 469]], '앗', 0.20333439712953183), ([[773, 1019], [819, 1019], [819, 1039], [773, 1039]], '브루스', 0.8562576926599081), ([[99, 1157], [155, 1157], [155, 1177], [99, 1177]], '더 좀 더', 0.8355686008074705)]
[([[183, 103], [215, 103], [215, 121], [183, 121]], '하아', 0.9995657464944449), ([[245, 185], [277, 185], [277, 201], [245, 201]], '하아', 0.9997382781032302), ([[51, 459], [83, 459], [83, 475], [51, 475]], '이제', 0.9997632272158985), ([[81, 452], [146, 452], [146, 481], [81, 481]], '만족햇니', 0.8934300541877747), ([[410, 693], [558, 693], [558, 720], [410, 720]], "'하고 싶은게 끝나으면", 0.8195686498975533), ([[664, 706], [762, 706], [762, 730], [664, 730]], '이젠 알계어요', 0.38226332880550146), ([[102, 843], [203, 843], [203, 870], [102, 870]], '브루스   당신은', 0.23769385110613478), ([[84, 862], [218, 862], [218, 886], [84, 886]], '댁 그레이스에 대해', 0.5463668394915965), ([[70, 882], [232, 882], [232, 906], [70, 906]], '조금도 신경쓰지 안는겉.', 0.32381000390525166), ([[630, 940], [734, 940], [734, 964], [630, 964]], '댁, 너에게 힘든', 0.25356447071857163), ([[621, 956], [742, 956], [742, 984], [621, 984]], '일이란 건 알치만', 0.5979866156898792)]
[([[171, 45], [233, 45], [233, 65], [171, 65]], '나에게도', 0.8043573915022925), ([[152, 62], [252, 62], [252, 86], [152, 86]], '힘든 일이린다,', 0.2549883268548434), ([[80, 210], [174, 210], [174, 234], [80, 234]], '제이스이라면', 0.6034927652983431), ([[594, 410], [736, 410], [736, 434], [594, 434]], "'만약에 제이스이라면", 0.5709414216516687), ([[692, 498], [740, 498], [740, 522], [692, 522]], '어떻게', 0.9771291820870225), ([[679, 517], [753, 517], [753, 537], [679, 537]], '할거에요:?', 0.4381346069994081), ([[51, 661], [97, 661], [97, 681], [51, 681]], '브루스', 0.760000271158273), ([[48, 676], [161, 676], [161, 704], [48, 704]], '당신은 제이손홀', 0.586361670133743), ([[44, 698], [166, 698], [166, 722], [44, 722]], '생각하고 있지요?', 0.6196999733403186), ([[315, 703], [397, 703], [397, 723], [315, 723]], '그게 나하데', 0.3538611896458351), ([[302, 722], [458, 722], [458, 746], [302, 746]], '잔인한지 알고 있어요?', 0.7309730316531431), ([[548, 752], [630, 752], [630, 776], [548, 776]], '늘 고민해요', 0.9924403522683614), ([[649, 1019], [711, 1019], [711, 1039], [649, 1039]], '이번에는', 0.8889564275741577), ([[620, 1034], [740, 1034], [740, 1060], [620, 1060]], '되찾올 수 있율지', 0.4049494749177679), ([[94, 1090], [242, 1090], [242, 1114], [94, 1114]], '당신의 마음이 얼마나', 0.9942561254123613), ([[70, 1108], [264, 1108], [264, 1132], [70, 1132]], '괴로운지? 얼마나 외로운지?', 0.9820095001320045), ([[99.2572186472918, 656.1430466182295], [160.94931957912166, 662.5526151785623], [157.74278135270822, 684.8569533817705], [96.05068042087832, 677.4473848214377]], '어찌되던', 0.31420040130615234), ([[396.3358994113243, 703.5038491169864], [447.57247877713763, 698.4565127337174], [448.6641005886757, 723.4961508830136], [397.42752122286237, 728.5434872662826]], '얼마나', 0.9983531183880991)]
[([[118, 48], [196, 48], [196, 72], [118, 72]], '되찾다니?!', 0.9909692196360121), ([[623, 761], [657, 761], [657, 779], [623, 779]], '내가', 0.999564819381856), ([[655, 756], [736, 756], [736, 784], [655, 784]], '생각하기엔', 0.9989475021155237), ([[163, 975], [227, 975], [227, 995], [163, 995]], '우린 너무', 0.9171729995865848), ([[146, 992], [244, 992], [244, 1016], [146, 1016]], '가깝게 지넷고', 0.9416511841237344), ([[609, 1063], [658, 1063], [658, 1088], [609, 1088]], '우리논', 0.598373061093855), ([[570, 1080], [698, 1080], [698, 1107], [570, 1107]], '서로름 이해하는데', 0.4983938620519061), ([[574, 1102], [694, 1102], [694, 1126], [574, 1126]], '실패한 것 분이다', 0.6269204539139173)]
[([[617, 205], [715, 205], [715, 225], [617, 225]], '예전과 지금의', 0.9993291818431568), ([[608, 220], [724, 220], [724, 244], [608, 244]], '관계는 다르단다', 0.5482013276292481), ([[481, 461], [581, 461], [581, 481], [481, 481]], '미안하구나, 댁', 0.5847352900419032)]
[]
[([[562, 238], [686, 238], [686, 264], [562, 264]], '오래 전 그 때부터', 0.6493952705483921), ([[296, 862], [418, 862], [418, 886], [296, 886]], '해는 뜨지 압앉다', 0.556572077570859)]
[([[308, 96], [386, 96], [386, 122], [308, 122]], '어둠속에서', 0.9893780986565598), ([[572, 764], [704, 764], [704, 788], [572, 788]], '여전히 나는 당신틀', 0.4981315919729698), ([[578, 782], [702, 782], [702, 806], [578, 806]], '잃은 채 남아있다 .', 0.5665178800777194)]
[([[464, 625], [741, 625], [741, 699], [464, 699]], '3:악)지', 0.009256145193018542), ([[355, 689], [741, 689], [741, 725], [355, 725]], '3:-꺾장>꼴/:-탄_꼴6', 1.4083392911588489e-05), ([[130, 716], [314, 716], [314, 748], [130, 748]], "['어5:1(항2", 0.0006791862807466578), ([[325, 717], [456, 717], [456, 749], [325, 749]], '5^3어어_', 0.007352123264562915), ([[486, 720], [544, 720], [544, 746], [486, 746]], ':이?', 0.011649777180776553), ([[555, 719], [651, 719], [651, 747], [555, 747]], '^-지지7', 0.00013441593831916944), ([[662, 720], [738, 720], [738, 746], [662, 746]], '0꼴1릇', 0.0009559864411130548), ([[353, 745], [469, 745], [469, 765], [353, 765]], '201 1/08/13', 0.7591854062248907), ([[487, 747], [537, 747], [537, 765], [487, 765]], '1름()', 0.028701381757855415), ([[563, 747], [657, 747], [657, 765], [563, 765]], '(붓:늘- )지', 0.00047142267152762635), ([[663, 747], [735, 747], [735, 765], [663, 765]], "비.;':", 0.0007127628447497681), ([[359, 1103], [539, 1103], [539, 1129], [359, 1129]], '- 51탤:#간호', 0.004519649877634208), ([[358, 1126], [620, 1126], [620, 1154], [358, 1154]], '듯*세) 5#*사.<+한7', 0.006660489389894854)]
