2023346
30
[]
[([[773, 166], [1247, 166], [1247, 230], [773, 230]], '야!! ! 너!! ! 너히어로지?', 0.3706972904022454)]
[([[729, 131], [1419, 131], [1419, 188], [729, 188]], '이녀석은 내가 집에 데려가서 감시활거니까', 0.9042291153538238), ([[734, 180], [1131, 180], [1131, 233], [734, 233]], '년 협회에 보고하도록해!', 0.8307307181622846)]
[([[756, 173], [1414, 173], [1414, 226], [756, 226]], '그리고 내집에 찾아오는건 절대사절이야!', 0.7713023974172145)]
[([[979, 1843], [1630, 1843], [1630, 1898], [979, 1898]], '하지만 저녀석 엄청 위험한 높이라구요 !', 0.7074495123196932)]
[([[824, 126], [1054, 126], [1054, 177], [824, 177]], '하아아아아? !', 0.9589774164775793), ([[824, 171], [1212, 171], [1212, 226], [824, 226]], '내가 저런 하창은놈한데', 0.4495974730889654), ([[826, 221], [1268, 221], [1268, 276], [826, 276]], '당하기라고 할꺼란 소리야?', 0.6372290951558092), ([[1213, 1800], [1410, 1800], [1410, 1853], [1213, 1853]], '알컷습니다.', 0.17015504871448023), ([[1213, 1847], [1506, 1847], [1506, 1900], [1213, 1900]], '타즈마키넘이라면', 0.13700067484667322), ([[1213, 1897], [1540, 1897], [1540, 1952], [1213, 1952]], '안심할 수 있젯네요!', 0.3932594136834581), ([[1213, 1944], [1417, 1944], [1417, 1997], [1213, 1997]], '수고하세요', 0.9997728344583706)]
[([[824, 173], [1234, 173], [1234, 226], [824, 226]], '각오하느게 종율거야 .. 9', 0.20807573167776988)]
[]
[]
[]
[]
[]
[]
[([[1593.0298574998546, 2312.1194299994186], [1619.5356715840055, 2295.036030278359], [1657.9701425001454, 2359.8805700005814], [1631.4643284159945, 2376.963969721641]], '4', 0.039712711905430575)]
[([[1315, 1637], [1658, 1637], [1658, 1968], [1315, 1968]], '새', 0.1055495343344468)]
[]
[([[773, 166], [1247, 166], [1247, 230], [773, 230]], '야!! ! 너!! ! 너히어로지?', 0.4057753670807075)]
[([[729, 131], [1419, 131], [1419, 188], [729, 188]], '이녀석은 내가 집에 데려가서 감시활거니까', 0.9080753841408562), ([[731, 180], [1131, 180], [1131, 233], [731, 233]], '년 협회에 보고하도록해!', 0.8413947736162307)]
[([[756, 173], [1414, 173], [1414, 226], [756, 226]], '그리고 내집에 찾아오는건 절대사절이야!', 0.7818026671763983)]
[([[979, 1843], [1630, 1843], [1630, 1898], [979, 1898]], '하지만 저녀석 엄청 위험한 높이라구요 !', 0.7111431281657212)]
[([[824, 126], [1054, 126], [1054, 177], [824, 177]], '하아아아아? !', 0.9589774164775793), ([[824, 171], [1212, 171], [1212, 226], [824, 226]], '내가 저런 하창은놈한데', 0.4495974730889654), ([[826, 221], [1268, 221], [1268, 276], [826, 276]], '당하기라고 할꺼란 소리야?', 0.6372290951558092), ([[1213, 1800], [1410, 1800], [1410, 1853], [1213, 1853]], '알핏습니다.', 0.1182587542911343), ([[1213, 1847], [1506, 1847], [1506, 1900], [1213, 1900]], '타즈마키넘이라면', 0.13574566914654185), ([[1213, 1897], [1540, 1897], [1540, 1952], [1213, 1952]], '안심할 수 있젯네요', 0.575599404064758), ([[1213, 1944], [1417, 1944], [1417, 1997], [1213, 1997]], '수고하세요', 0.9997640377354359)]
[([[824, 173], [1234, 173], [1234, 226], [824, 226]], '각오하느게 종올거야 .. 9', 0.25695725393297963)]
[]
[]
[]
[]
[]
[]
[([[1593.0735178907757, 2310.1087751412583], [1620.528654880364, 2294.0350883972696], [1657.9264821092243, 2359.8912248587417], [1630.471345119636, 2376.9649116027304]], '4', 0.1629152669675591)]
[([[1319, 1635], [1657, 1635], [1657, 1950], [1319, 1950]], '새', 0.4970445585744443)]
