2025527
12
[([[205, 136], [474, 136], [474, 190], [205, 190]], '*떨허튜후^컨70407', 2.7035856220289708e-05), ([[18, 1632], [160, 1632], [160, 1686], [18, 1686]], '[좋아요]', 0.5407191925786915), ([[222, 1634], [302, 1634], [302, 1682], [222, 1682]], '38건', 0.7343366430967572), ([[15, 1713], [252, 1713], [252, 1766], [15, 1766]], '*리영하-^하/0407', 0.00025578252403488783), ([[314, 1716], [388, 1716], [388, 1764], [314, 1764]], '바다', 0.9998941287580946)]
[([[205, 136], [474, 136], [474, 190], [205, 190]], '*견영튜후컨70407', 7.681529943646414e-05), ([[18, 1632], [160, 1632], [160, 1686], [18, 1686]], '[좋아요]', 0.39257325305122553), ([[222, 1634], [300, 1634], [300, 1684], [222, 1684]], '52건', 0.9914529949732596), ([[15, 1713], [252, 1713], [252, 1766], [15, 1766]], '*리영하-^3/0407', 0.00016646350927852158), ([[314, 1714], [496, 1714], [496, 1768], [314, 1768]], '간만에 외출', 0.6532972814238466), ([[567, 1714], [932, 1714], [932, 1768], [567, 1768]], '#요스레 얼굴 너무 빨게', 0.6033467705592249)]
[([[326, 90], [544, 90], [544, 140], [326, 140]], "*버'거 <", 0.026146062045189395), ([[576, 86], [636, 86], [636, 142], [576, 142]], '9', 0.2006873501378017), ([[274, 166], [458, 166], [458, 206], [274, 206]], '@*_8_3_(_표', 0.0303276684948009), ([[62, 270], [749, 270], [749, 331], [62, 331]], '대외적으로는 사귀는 사이인 걸로 해문 껏 |', 0.26038424746969513), ([[63, 321], [637, 321], [637, 381], [63, 381]], '오늘은 정조대름 달고 산책하고 올다', 0.31671009157620156), ([[59, 371], [749, 371], [749, 433], [59, 433]], '가볍계 손으로 쥐거나 가슴을 대려 놀앞더니', 0.40540814933544433), ([[63, 423], [511, 423], [511, 483], [63, 483]], '얼굴이 새빨계저서 비틀비틀', 0.9523896053749907), ([[63, 473], [565, 473], [565, 533], [63, 533]], '진짜 나름 너무 좋아해서 귀여워', 0.644426213838095), ([[60, 573], [613, 573], [613, 635], [60, 635]], '하지만 그냥은 사정 안 시켜줄 거야', 0.730371534016515), ([[61, 627], [569, 627], [569, 687], [61, 687]], '지금부터 진짜 남친이 올 거니까', 0.5963089989003293), ([[63, 675], [417, 675], [417, 737], [63, 737]], '검 테이프로 꽉 묶어서', 0.9404287927106161), ([[61, 726], [555, 726], [555, 790], [61, 790]], '식스트 신나게 과시할 겁니다소', 0.27786346937291406), ([[67, 2091], [241, 2091], [241, 2131], [67, 2131]], '2 2 : 3 0', 0.9814255977953316), ([[279, 2089], [597, 2089], [597, 2133], [279, 2133]], '2 0 2 |/1 0/1 6', 0.4071768156648615), ([[73, 2171], [280, 2171], [280, 2234], [73, 2234]], '6건의 좋아요', 0.8617472169949103)]
[([[326, 90], [540, 90], [540, 140], [326, 140]], "*버'벼 <", 0.024173319878945998), ([[572, 86], [638, 86], [638, 142], [572, 142]], '9', 0.8080994942819331), ([[273, 165], [459, 165], [459, 207], [273, 207]], '@*_3_3_(_1', 0.0180498483274221), ([[47, 1661], [221, 1661], [221, 1701], [47, 1701]], '2 3 : | 2', 0.3543811413080613), ([[261, 1659], [579, 1659], [579, 1703], [261, 1703]], '2 0 2 1/1 0/ 6', 0.43782222196383536), ([[74, 1758], [286, 1758], [286, 1812], [74, 1812]], '1건의 좋아요', 0.97565167431638)]
[([[326, 90], [540, 90], [540, 142], [326, 142]], '*버버 <', 0.12257879922976037), ([[574, 86], [632, 86], [632, 138], [574, 138]], '3', 0.36806565581258965), ([[273, 165], [459, 165], [459, 207], [273, 207]], '@*_3_3_(_1', 0.021934254215681726), ([[61, 267], [599, 267], [599, 327], [61, 327]], '정조대 위로 독발 직전인 )의 자지', 0.2972215014899146), ([[61, 319], [415, 319], [415, 379], [61, 379]], '양손으로 꽉 잡은 채로', 0.8902188021340328), ([[63, 368], [823, 368], [823, 429], [63, 429]], '33(틀 산입당해 정말 행복해보이는 내 목소리블', 0.11150109678202132), ([[63, 421], [557, 421], [557, 481], [63, 481]], '켓가에 잔뜩 들려주고 있습니다', 0.3496000297676671), ([[61, 519], [687, 519], [687, 584], [61, 584]], '하아아아아아  라며 한숨올 불어넣거나', 0.6070511212653655), ([[61, 572], [565, 572], [565, 633], [61, 633]], '갑자기 혀로 귀름 마구 활아주면', 0.46251486961729793), ([[59, 623], [739, 623], [739, 683], [59, 683]], '샌는 여자애 같은 비명올 지르다 기뻐합니다', 0.23455993432451236), ([[79, 675], [431, 675], [431, 735], [79, 735]], '[더는 죽어버려_ 라며', 0.26753538213007627), ([[61, 775], [445, 775], [445, 837], [61, 837]], '응마조수컷은 뒤저버려', 0.9836181641787981), ([[66, 1652], [164, 1652], [164, 1682], [66, 1682]], '2 : 0 |', 0.44129861598313713), ([[46, 1742], [194, 1742], [194, 1792], [46, 1792]], '34회 시청', 0.8610290857401528), ([[39, 1851], [215, 1851], [215, 1893], [39, 1893]], '0 0 : 2 7', 0.8473530944297287), ([[253, 1851], [571, 1851], [571, 1895], [253, 1895]], '2 0 2 | /1 0/1 7', 0.5171679018912982), ([[74, 1946], [290, 1946], [290, 2000], [74, 2000]], '17건의 좋아요', 0.7526409371773579), ([[422, 2072], [528, 2072], [528, 2150], [422, 2150]], '너', 0.7280833133394573)]
[([[325, 83], [639, 83], [639, 145], [325, 145]], '*버선버 쇼 9', 0.008815064312080312), ([[272, 164], [458, 164], [458, 206], [272, 206]], '@*_8_8_(_거', 0.10957403898086125), ([[61, 259], [395, 259], [395, 319], [61, 319]], '애도 마지막에 빼짚다', 0.10275281657364689), ([[64, 362], [540, 362], [540, 418], [64, 418]], '루인드 오르가증이란 거알아?', 0.42717237435989164), ([[61, 409], [763, 409], [763, 472], [61, 472]], '사정중엔 일부러 자극을 전혀 주지 안는 거야', 0.24651425681180342), ([[61, 463], [707, 463], [707, 523], [61, 523]], '그러면 산 다음에도 사정욕이 계속되니까', 0.412665045083757), ([[59, 511], [597, 511], [597, 573], [59, 573]], '계~속 내가 시키논 대로 하는 거지', 0.4678631411069877), ([[63, 610], [637, 610], [637, 675], [63, 675]], '묶웃유위 이 아니라 꿀력물력꿀력~ ', 0.08228050913355743), ([[61, 664], [679, 664], [679, 725], [61, 725]], '하고 지리듯이 정액이 나오는 게 재딪어', 0.35695287513691665), ([[60, 767], [603, 767], [603, 827], [60, 827]], '아프기도 하고 몸에도 안 종으니까', 0.6578289450954151), ([[62, 817], [577, 817], [577, 877], [62, 877]], '여러분은 할 상대틀 잘 골라서 해', 0.5957047569506517), ([[57, 2159], [233, 2159], [233, 2201], [57, 2201]], '0 2 : 4 |', 0.6388978429443174), ([[273, 2159], [591, 2159], [591, 2203], [273, 2203]], '2 0 2 1/1 0/1 7', 0.33508773683216836), ([[74, 2256], [278, 2256], [278, 2310], [74, 2310]], '2건의 좋아요', 0.6652497949798534), ([[422, 2386], [522, 2386], [522, 2458], [422, 2458]], '너', 0.8489745744882384)]
[]
[]
[]
[]
[]
[]
