2028830
56
[([[1789, 497], [2009, 497], [2009, 607], [1789, 607]], '지금은', 0.9808502315160663), ([[1631, 612], [2164, 612], [2164, 724], [1631, 724]], '네가 가장  좋아', 0.6582603353760447), ([[1481, 2714], [1680, 2714], [1680, 2771], [1481, 2771]], '장마신네7-', 0.0006654703451201401), ([[1858, 2706], [2171, 2706], [2171, 2768], [1858, 2768]], '[4:꼬어꼴', 0.0005509473389108407), ([[1358, 2737], [1463, 2737], [1463, 2806], [1358, 2806]], '19+', 0.5317975282669067), ([[1508, 2772], [1651, 2772], [1651, 2827], [1508, 2827]], '이`내', 0.017638899473464843), ([[1900, 2768], [2169, 2768], [2169, 2837], [1900, 2837]], '씨;이책>갚룹4', 1.792026639224264e-05)]
[([[189, 75], [298, 75], [298, 150], [189, 150]], '그럼', 0.9819048696662379), ([[94, 150], [425, 150], [425, 236], [94, 236]], '유지 보여쥐!', 0.5856757109803346), ([[103, 310], [274, 310], [274, 398], [103, 398]], '그동안', 0.9976204621396642), ([[290, 310], [503, 310], [503, 400], [290, 400]], '네 부탁', 0.7649843849343511), ([[70, 382], [450, 382], [450, 481], [70, 481]], '다 들어워논데', 0.14275337617595035), ([[0, 472], [526, 472], [526, 560], [0, 560]], '나 어장이없던거야?', 0.5699053008843953), ([[1849, 521], [1915, 521], [1915, 590], [1849, 590]], '그', 0.9932417999294216), ([[1729, 615], [2066, 615], [2066, 712], [1729, 712]], '그런 건 좀', 0.7976786293657836), ([[1858, 2706], [2171, 2706], [2171, 2767], [1858, 2767]], '[47:도어', 0.0020886316484088592), ([[1731, 2712], [1835, 2712], [1835, 2825], [1731, 2825]], '0', 0.2958968086800111), ([[1900, 2768], [2169, 2768], [2169, 2837], [1900, 2837]], '씨;이책없갚룹4', 1.713117427062787e-05)]
[([[131, 230], [350, 230], [350, 329], [131, 329]], '벌려서', 0.8488720210753176), ([[0, 326], [525, 326], [525, 438], [0, 438]], '보지속살 보이제!', 0.6214533877510948), ([[1766, 501], [2029, 501], [2029, 609], [1766, 609]], '이렇계?', 0.5923148989677429), ([[1764, 612], [2031, 612], [2031, 720], [1764, 720]], '만족해?', 0.9998688101768494), ([[1858, 2706], [2169, 2706], [2169, 2767], [1858, 2767]], '[47:도어', 0.0009481167837564682), ([[1731, 2712], [1835, 2712], [1835, 2825], [1731, 2825]], '0', 0.8323878498635082), ([[1900, 2768], [2169, 2768], [2169, 2837], [1900, 2837]], '씨;이슷>갚룹4', 2.002076576147771e-05)]
[([[168, 238], [349, 238], [349, 331], [168, 331]], '꼭지.', 0.9845898629875), ([[70, 331], [415, 331], [415, 431], [70, 431]], '무슨색인지', 0.9778579578845419), ([[65, 431], [452, 431], [452, 522], [65, 522]], '보여쥐야지?', 0.8941324821292556), ([[1612, 493], [1845, 493], [1845, 692], [1612, 692]], '유', 0.11102580013245245), ([[1858, 2706], [2169, 2706], [2169, 2767], [1858, 2767]], '[47:긋어꼴', 0.0006324304359892377), ([[1733, 2712], [1835, 2712], [1835, 2825], [1733, 2825]], '0', 0.9846879833442159), ([[1899, 2766], [2171, 2766], [2171, 2838], [1899, 2838]], '씨이`%갚4', 9.554942832778602e-05), ([[386.2718203213418, 1958.0189501697623], [613.9961563686111, 2070.6719650851105], [557.7281796786582, 2177.9810498302377], [330.00384363138886, 2065.3280349148895]], '벌핏~"', 0.2896920442581177)]
[([[1780, 507], [2015, 507], [2015, 604], [1780, 604]], '어떡해', 0.9997171324921531), ([[1690, 613], [2105, 613], [2105, 716], [1690, 716]], '부끄러워적어', 0.6078861597783707), ([[1858, 2706], [2171, 2706], [2171, 2767], [1858, 2767]], '[47:긋어', 0.0010767385852172445), ([[1731, 2712], [1835, 2712], [1835, 2825], [1731, 2825]], '0', 0.881624979920673), ([[1900, 2768], [2169, 2768], [2169, 2837], [1900, 2837]], '씨;이슷>갚룹4', 1.830843749756373e-05)]
[([[1631, 500], [2169, 500], [2169, 608], [1631, 608]], '지금 뭐하느거야', 0.4670497169072519), ([[1858, 2706], [2169, 2706], [2169, 2767], [1858, 2767]], '[47:긋어', 0.0012027698088218945), ([[1731, 2712], [1835, 2712], [1835, 2825], [1731, 2825]], '0', 0.9169307475986876), ([[1900, 2768], [2169, 2768], [2169, 2837], [1900, 2837]], '씨;이슷>갚룹4', 1.8417663813605382e-05)]
[([[1620, 515], [1941, 515], [1941, 674], [1620, 674]], '해습~0', 0.2598636746406555), ([[263, 2045], [521, 2045], [521, 2202], [263, 2202]], '쓰육~', 0.3602373357955743), ([[1859, 2709], [2168, 2709], [2168, 2766], [1859, 2766]], '[4장:.어꼴', 0.0012891837066578617), ([[1731, 2712], [1835, 2712], [1835, 2825], [1731, 2825]], '0', 0.339612943671554), ([[1900, 2768], [2169, 2768], [2169, 2837], [1900, 2837]], '씨;이책>갚룹4', 2.8447722422521663e-05), ([[575.048949337899, 1555.0251424862918], [768.6916993648179, 1643.6828063690966], [702.951050662101, 1779.9748575137082], [509.3083006351822, 1692.3171936309034]], '움질', 0.6599813992863921)]
[([[52, 86], [350, 86], [350, 183], [52, 183]], '안되켓다', 0.505348801612854), ([[6, 171], [397, 171], [397, 287], [6, 287]], '더는 못참아', 0.6056535065854808), ([[1711, 505], [2080, 505], [2080, 602], [1711, 602]], '앗! 안 . 돼', 0.4172236522041146), ([[1858, 2706], [2169, 2706], [2169, 2767], [1858, 2767]], '[47:도어', 0.001710018804535734), ([[1731, 2712], [1832, 2712], [1832, 2825], [1731, 2825]], '0', 0.17898594160844628), ([[1900, 2768], [2169, 2768], [2169, 2837], [1900, 2837]], '씨;이책>갚룹4', 2.1932418914818605e-05)]
[([[1649, 434], [1810, 434], [1810, 609], [1649, 609]], '?', 0.7281833062170904), ([[1858, 2706], [2169, 2706], [2169, 2767], [1858, 2767]], '[47: 긋어꼴', 0.0005987653852526989), ([[1731, 2712], [1835, 2712], [1835, 2825], [1731, 2825]], '0', 0.8744581957618927), ([[1900, 2768], [2169, 2768], [2169, 2837], [1900, 2837]], '씨;이책>갚룹4', 2.316056986477985e-05)]
[([[1606, 483], [1852, 483], [1852, 696], [1606, 696]], '웃', 0.2837731660202394), ([[1858, 2706], [2169, 2706], [2169, 2767], [1858, 2767]], '[47:긋어', 0.0012036154285763375), ([[1731, 2712], [1832, 2712], [1832, 2825], [1731, 2825]], '0', 0.162276190540954), ([[1898, 2766], [2171, 2766], [2171, 2838], [1898, 2838]], '물;이`!갚^4', 1.3635779909550113e-05)]
[([[1858, 2706], [2169, 2706], [2169, 2767], [1858, 2767]], '[47:긋어꼴', 0.0006151782319958284), ([[1731, 2712], [1835, 2712], [1835, 2825], [1731, 2825]], '0', 0.21376356069063734), ([[1900, 2768], [2169, 2768], [2169, 2837], [1900, 2837]], '씨;이책>갚룹4', 2.5521525118680366e-05)]
[([[1858, 2706], [2169, 2706], [2169, 2767], [1858, 2767]], '[47:긋어', 0.000885702089389928), ([[1731, 2710], [1835, 2710], [1835, 2825], [1731, 2825]], '0', 0.2651939830805314), ([[1900, 2768], [2169, 2768], [2169, 2836], [1900, 2836]], '씨;이`덕갚룹4', 2.6781871268634025e-05)]
[([[1631, 495], [2088, 495], [2088, 612], [1631, 612]], '흥분해도  전혀', 0.8651089047134891), ([[1570, 607], [2184, 607], [2184, 717], [1570, 717]], '성장하지 안눈구나', 0.5786020360367696), ([[1858, 2706], [2169, 2706], [2169, 2767], [1858, 2767]], '[47:긋어꼴', 0.0006924820294129828), ([[1731, 2712], [1835, 2712], [1835, 2825], [1731, 2825]], '0', 0.9124578576725959), ([[1900, 2768], [2169, 2768], [2169, 2837], [1900, 2837]], '씨;이책>갚룹4', 3.102851107466128e-05)]
[([[96, 184], [335, 184], [335, 272], [96, 272]], '허벌보지', 0.8258557915687561), ([[80, 269], [387, 269], [387, 358], [80, 358]], '걸레같은년', 0.3330851943401866), ([[96, 359], [337, 359], [337, 443], [96, 443]], '이번에도', 0.9973019361495972), ([[0, 440], [475, 440], [475, 529], [0, 529]], '같은소리하나보자', 0.9451383776446177), ([[1620, 532], [2004, 532], [2004, 716], [1620, 716]], '@음모0', 0.006020763423293829), ([[1858, 2706], [2169, 2706], [2169, 2767], [1858, 2767]], '[47:긋어', 0.000895610660948621), ([[1731, 2712], [1835, 2712], [1835, 2825], [1731, 2825]], '0', 0.9246587517207026), ([[1900, 2768], [2169, 2768], [2169, 2837], [1900, 2837]], '씨;이슷>갚룹4', 2.4216953769854917e-05)]
[([[1624, 541], [2000, 541], [2000, 713], [1624, 713]], '@웃 ', 0.02786559273274775), ([[194, 1997], [320, 1997], [320, 2087], [194, 2087]], '(((', 0.2267921813574107), ([[1858, 2706], [2169, 2706], [2169, 2767], [1858, 2767]], '[47:긋어', 0.001649454680394117), ([[1899, 2766], [2171, 2766], [2171, 2838], [1899, 2838]], '씨이`%갚4', 9.950858712154074e-05)]
[([[1858, 2706], [2169, 2706], [2169, 2767], [1858, 2767]], '[47:긋어', 0.0013642042190919127), ([[1731, 2712], [1832, 2712], [1832, 2825], [1731, 2825]], '0', 0.12292849216095991), ([[1900, 2768], [2169, 2768], [2169, 2837], [1900, 2837]], '씨;이슷없갚룹4', 2.401257492568075e-05)]
[([[1858, 2706], [2169, 2706], [2169, 2767], [1858, 2767]], '[47:긋어', 0.001504479005199454), ([[1731, 2712], [1835, 2712], [1835, 2825], [1731, 2825]], '0', 0.9128546304414762), ([[1900, 2768], [2169, 2768], [2169, 2836], [1900, 2836]], '물;이`>갚룹4', 1.6074042708444825e-05)]
[([[1692, 529], [1934, 529], [1934, 712], [1692, 712]], '혹사', 0.004238179543066289), ([[1858, 2706], [2169, 2706], [2169, 2767], [1858, 2767]], '[47:도어', 0.0011055989009757803), ([[1731, 2712], [1835, 2712], [1835, 2825], [1731, 2825]], '0', 0.39986118843169643), ([[1900, 2768], [2169, 2768], [2169, 2837], [1900, 2837]], '씨;이책>갚룹4', 2.0742709032707667e-05)]
[([[1777, 503], [1973, 503], [1973, 596], [1777, 596]], '거기논', 0.4010898369352774), ([[1571, 599], [2179, 599], [2179, 721], [1571, 721]], '처음이라 살살종~', 0.27819360621247), ([[1858, 2706], [2169, 2706], [2169, 2767], [1858, 2767]], '[47:긋어', 0.0012842260581232047), ([[1728, 2711], [1836, 2711], [1836, 2826], [1728, 2826]], '0', 0.17089930894235295), ([[1900, 2768], [2169, 2768], [2169, 2837], [1900, 2837]], '씨;이책>갚룹4', 2.6097017909052202e-05)]
[([[1622, 534], [2004, 534], [2004, 720], [1622, 720]], '@웃분0', 0.15376846492290497), ([[1858, 2706], [2169, 2706], [2169, 2767], [1858, 2767]], '[47:도어', 0.0011843198076841384), ([[1731, 2712], [1835, 2712], [1835, 2825], [1731, 2825]], '0', 0.886590289839674), ([[1900, 2768], [2169, 2768], [2169, 2837], [1900, 2837]], '씨;이책>갚룹4', 2.7596137017042296e-05)]
[([[1858, 2706], [2169, 2706], [2169, 2767], [1858, 2767]], '[47:긋어꼴', 0.0008190722413871876), ([[1731, 2712], [1835, 2712], [1835, 2825], [1731, 2825]], '0', 0.274652388353539), ([[1900, 2768], [2169, 2768], [2169, 2837], [1900, 2837]], '씨;이책>갚룹4', 2.3994028228877905e-05), ([[1622.9461302713244, 507.032697368321], [1966.5177477552745, 558.9795511328804], [1936.0538697286756, 701.967302631679], [1592.4822522447255, 650.0204488671196]], '야야~0', 0.1050604060292244)]
[([[1613, 507], [1943, 507], [1943, 687], [1613, 687]], '해습~0', 0.11937041580677032), ([[1596, 831], [1675, 831], [1675, 939], [1596, 939]], '4', 0.3212983878573574), ([[1858, 2706], [2169, 2706], [2169, 2767], [1858, 2767]], '[47:긋어', 0.001664421594093908), ([[1731, 2712], [1835, 2712], [1835, 2825], [1731, 2825]], '0', 0.9112757951054142), ([[1900, 2768], [2169, 2768], [2169, 2837], [1900, 2837]], '씨;이슷>갚룹4', 2.5608938544016433e-05)]
[([[69, 287], [467, 287], [467, 396], [69, 396]], '뒤도 털려음출', 0.14174816914930524), ([[138, 376], [397, 376], [397, 473], [138, 473]], '알아논데', 0.4745959937572479), ([[119, 465], [448, 465], [448, 553], [119, 553]], '조임   죽이네', 0.5619139999222462), ([[57, 550], [480, 550], [480, 647], [57, 647]], '앞뒤  잘먹없다', 0.8450514505753355), ([[1858, 2706], [2169, 2706], [2169, 2767], [1858, 2767]], '[47:긋어', 0.0013490565604720203), ([[1731, 2712], [1835, 2712], [1835, 2825], [1731, 2825]], '0', 0.9279431954624329), ([[1900, 2768], [2169, 2768], [2169, 2836], [1900, 2836]], '씨;이`영갚룹4', 1.6270428665386924e-05)]
[([[1858, 2706], [2169, 2706], [2169, 2767], [1858, 2767]], '[47:긋어', 0.0017203898028446264), ([[1900, 2768], [2169, 2768], [2169, 2836], [1900, 2836]], '씨;이`덕갚룹4', 1.3251949195290756e-05)]
[([[1858, 2706], [2169, 2706], [2169, 2767], [1858, 2767]], '[47:긋어', 0.0011245215568765614), ([[1900, 2768], [2169, 2768], [2169, 2837], [1900, 2837]], '씨;이책>갚룹4', 1.6751003433696435e-05)]
[([[1858, 2706], [2169, 2706], [2169, 2767], [1858, 2767]], '[47:긋어', 0.000985918793175898), ([[1728, 2711], [1836, 2711], [1836, 2826], [1728, 2826]], '0', 0.3976537733183392), ([[1900, 2768], [2169, 2768], [2169, 2837], [1900, 2837]], '씨;이책없갚룹4', 1.5647650488230254e-05)]
[([[1858, 2706], [2169, 2706], [2169, 2767], [1858, 2767]], '[47:긋어', 0.001084907478840886), ([[1900, 2768], [2169, 2768], [2169, 2837], [1900, 2837]], '씨;이책>갚룹4', 1.542932488641531e-05)]
[([[1793, 504], [2002, 504], [2002, 612], [1793, 612]], '주욱~', 0.5965051425046507), ([[1631, 612], [2164, 612], [2164, 724], [1631, 724]], '네가 가장  좋아', 0.566701263569028), ([[1858, 2706], [2169, 2706], [2169, 2767], [1858, 2767]], '[47:도어', 0.0010161216033381516), ([[1900, 2768], [2169, 2768], [2169, 2837], [1900, 2837]], '씨;이슷>갚룹4', 1.7657641507741548e-05)]
[([[1481, 2714], [1680, 2714], [1680, 2771], [1481, 2771]], '장마네불-', 0.0037960075600892806), ([[1860, 2706], [2169, 2706], [2169, 2767], [1860, 2767]], '묘4장|도어꼴', 0.0015233703592455146), ([[1358, 2737], [1463, 2737], [1463, 2806], [1358, 2806]], '19+', 0.9845187769819242), ([[1508, 2772], [1651, 2772], [1651, 2827], [1508, 2827]], '이`내', 0.01879167458100329), ([[1899, 2766], [2171, 2766], [2171, 2838], [1899, 2838]], '씨이`%갚룹4', 3.296909927460954e-05)]
[([[1858, 2706], [2169, 2706], [2169, 2767], [1858, 2767]], '[47:도어', 0.0010077402208957405), ([[1731, 2712], [1835, 2712], [1835, 2825], [1731, 2825]], '0', 0.9239071565603219), ([[1900, 2768], [2169, 2768], [2169, 2837], [1900, 2837]], '씨;이슷>갚룹4', 1.8727514962915574e-05)]
[([[1858, 2706], [2169, 2706], [2169, 2767], [1858, 2767]], '[47:도어', 0.0011418865873507728), ([[1900, 2768], [2169, 2768], [2169, 2837], [1900, 2837]], '씨;이슷없갚룹4', 1.9140321025124537e-05)]
[([[1858, 2706], [2169, 2706], [2169, 2767], [1858, 2767]], '[47:긋어', 0.0008550555967989982), ([[1900, 2768], [2169, 2768], [2169, 2837], [1900, 2837]], '씨;이슷>갚룹4', 1.722256091637318e-05)]
[([[1858, 2706], [2169, 2706], [2169, 2767], [1858, 2767]], '[47:도어', 0.0011423224389009144), ([[1731, 2712], [1835, 2712], [1835, 2825], [1731, 2825]], '0', 0.8929668585942672), ([[1900, 2768], [2169, 2768], [2169, 2837], [1900, 2837]], '씨;이책>갚룹4', 1.6666839718512314e-05)]
[([[1858, 2706], [2169, 2706], [2169, 2767], [1858, 2767]], '[47:긋어', 0.001445586646037154), ([[1731, 2712], [1835, 2712], [1835, 2825], [1731, 2825]], '0', 0.9308398454600741), ([[1900, 2768], [2169, 2768], [2169, 2837], [1900, 2837]], '물;이책커갚룹4', 1.2840490751438943e-05)]
[([[1858, 2706], [2169, 2706], [2169, 2767], [1858, 2767]], '[47: 긋어', 0.00109170935860544), ([[1731, 2712], [1835, 2712], [1835, 2825], [1731, 2825]], '0', 0.877355276925357), ([[1900, 2768], [2169, 2768], [2169, 2837], [1900, 2837]], "씨'이책>갚룹4", 2.154503518800499e-05)]
[([[1858, 2706], [2169, 2706], [2169, 2767], [1858, 2767]], '[47:긋어', 0.0010312898937903528), ([[1731, 2712], [1832, 2712], [1832, 2825], [1731, 2825]], '0', 0.13749139380199527), ([[1900, 2768], [2169, 2768], [2169, 2837], [1900, 2837]], '씨;이책>갚룹4', 1.8898010773074955e-05)]
[([[1858, 2706], [2169, 2706], [2169, 2767], [1858, 2767]], '[47:긋어꼴', 0.0006833536349819099), ([[1731, 2712], [1832, 2712], [1832, 2825], [1731, 2825]], '0', 0.185501749053274), ([[1900, 2768], [2169, 2768], [2169, 2837], [1900, 2837]], '씨;이책>갚룹4', 1.6640246971801472e-05)]
[([[1858, 2706], [2169, 2706], [2169, 2767], [1858, 2767]], '[47:도어', 0.0011450152624148673), ([[1731, 2712], [1835, 2712], [1835, 2825], [1731, 2825]], '0', 0.9326808505850295), ([[1900, 2768], [2169, 2768], [2169, 2837], [1900, 2837]], '씨;이책>갚룹4', 2.3122917258894938e-05)]
[([[1858, 2706], [2169, 2706], [2169, 2767], [1858, 2767]], '[47:긋어꼴', 0.0006151782319958284), ([[1731, 2712], [1835, 2712], [1835, 2825], [1731, 2825]], '0', 0.21376356069063734), ([[1900, 2768], [2169, 2768], [2169, 2837], [1900, 2837]], '씨;이책>갚룹4', 2.5521525118680366e-05)]
[([[1858, 2706], [2169, 2706], [2169, 2767], [1858, 2767]], '[47:긋어', 0.000885702089389928), ([[1728, 2709], [1836, 2709], [1836, 2826], [1728, 2826]], '0', 0.7746147453389405), ([[1900, 2768], [2169, 2768], [2169, 2836], [1900, 2836]], '씨;이`덕갚룹4', 2.827501907939933e-05)]
[([[1858, 2706], [2169, 2706], [2169, 2767], [1858, 2767]], '[47:도어', 0.0012956678878500098), ([[1731, 2712], [1832, 2712], [1832, 2825], [1731, 2825]], '0', 0.2007462852775186), ([[1900, 2768], [2169, 2768], [2169, 2836], [1900, 2836]], '씨;이`>갚^4', 1.3039660408673267e-05)]
[([[1858, 2706], [2169, 2706], [2169, 2767], [1858, 2767]], '[47:긋어꼴', 0.00047511222704446003), ([[1731, 2712], [1835, 2712], [1835, 2825], [1731, 2825]], '0', 0.9365535851480331), ([[1900, 2768], [2169, 2768], [2169, 2836], [1900, 2836]], '씨;이`영갚룹4', 1.647459180388708e-05)]
[([[1858, 2706], [2169, 2706], [2169, 2767], [1858, 2767]], '[47:긋어', 0.0014397459845602234), ([[1900, 2768], [2169, 2768], [2169, 2836], [1900, 2836]], '씨;이`영갚룹4', 1.5029601329707775e-05)]
[([[1858, 2706], [2169, 2706], [2169, 2767], [1858, 2767]], '[47:긋어', 0.0013642042190919127), ([[1731, 2712], [1832, 2712], [1832, 2825], [1731, 2825]], '0', 0.12292849216095991), ([[1900, 2768], [2169, 2768], [2169, 2837], [1900, 2837]], '씨;이슷없갚룹4', 2.401257492568075e-05)]
[([[1858, 2706], [2169, 2706], [2169, 2767], [1858, 2767]], '[47:긋어', 0.001504479005199454), ([[1731, 2712], [1835, 2712], [1835, 2825], [1731, 2825]], '0', 0.9128546304414762), ([[1900, 2768], [2169, 2768], [2169, 2836], [1900, 2836]], '물;이`>갚룹4', 1.6074042708444825e-05)]
[([[1858, 2706], [2169, 2706], [2169, 2767], [1858, 2767]], '[47:긋어', 0.0011431353258324578), ([[1731, 2712], [1832, 2712], [1832, 2825], [1731, 2825]], '0', 0.17846335289733872), ([[1900, 2768], [2169, 2768], [2169, 2837], [1900, 2837]], '씨;이슷>갚룹4', 3.097307593705197e-05)]
[([[1858, 2706], [2169, 2706], [2169, 2767], [1858, 2767]], '[47:긋어', 0.0013899759415219454), ([[1731, 2712], [1835, 2712], [1835, 2825], [1731, 2825]], '0', 0.8670909757267999), ([[1900, 2768], [2169, 2768], [2169, 2837], [1900, 2837]], '씨;이책없갚룹4', 2.1660696395267193e-05)]
[([[1858, 2706], [2169, 2706], [2169, 2767], [1858, 2767]], '[47:긋어', 0.0009565776307581238), ([[1731, 2712], [1832, 2712], [1832, 2825], [1731, 2825]], '0', 0.11817096742643773), ([[1900, 2768], [2169, 2768], [2169, 2837], [1900, 2837]], '씨;이슷>갚룹4', 4.1465619581698396e-05)]
[([[1858, 2706], [2169, 2706], [2169, 2767], [1858, 2767]], '[47:긋어꼴', 0.0007563374710800653), ([[1900, 2768], [2169, 2768], [2169, 2836], [1900, 2836]], '씨;이`>갚룹4', 2.07222426056753e-05)]
[([[1858, 2706], [2169, 2706], [2169, 2767], [1858, 2767]], '[47:긋어', 0.000818096671747348), ([[1731, 2712], [1832, 2712], [1832, 2825], [1731, 2825]], '0', 0.16398751387220045), ([[1900, 2768], [2169, 2768], [2169, 2837], [1900, 2837]], '씨;이책>갚룹4', 2.152268092973781e-05)]
[([[1858, 2706], [2169, 2706], [2169, 2768], [1858, 2768]], '[4:꼬어꼴', 0.0007441039099276203), ([[1900, 2768], [2167, 2768], [2167, 2836], [1900, 2836]], '물;이`영갚룹4', 1.8124542284416344e-05)]
[([[1858, 2706], [2169, 2706], [2169, 2767], [1858, 2767]], '[47:긋어', 0.0017203898028446264), ([[1900, 2768], [2169, 2768], [2169, 2836], [1900, 2836]], '씨;이`덕갚룹4', 1.3251949195290756e-05)]
[([[1858, 2706], [2169, 2706], [2169, 2767], [1858, 2767]], '[47:긋어', 0.0011245215568765614), ([[1900, 2768], [2169, 2768], [2169, 2837], [1900, 2837]], '씨;이책>갚룹4', 1.6751003433696435e-05)]
[([[1858, 2706], [2169, 2706], [2169, 2767], [1858, 2767]], '[47:긋어', 0.000985918793175898), ([[1728, 2711], [1836, 2711], [1836, 2826], [1728, 2826]], '0', 0.3976537733183392), ([[1900, 2768], [2169, 2768], [2169, 2837], [1900, 2837]], '씨;이책없갚룹4', 1.5647650488230254e-05)]
[([[1858, 2706], [2169, 2706], [2169, 2767], [1858, 2767]], '[47:긋어', 0.001084907478840886), ([[1900, 2768], [2169, 2768], [2169, 2837], [1900, 2837]], '씨;이책>갚룹4', 1.542932488641531e-05)]
[([[1858, 2706], [2169, 2706], [2169, 2767], [1858, 2767]], '[47:도어', 0.0011016368979638825), ([[1900, 2768], [2169, 2768], [2169, 2837], [1900, 2837]], '물;이책>갚룹4', 1.4539106454153504e-05)]
