2029224
17
[([[161, 155], [225, 155], [225, 175], [161, 175]], '말도만돼', 0.4278191328048706), ([[130, 172], [266, 172], [266, 196], [130, 196]], '완전무결화 내가!!', 0.9069521207623955), ([[518, 629], [645, 629], [645, 654], [518, 654]], '이런 잔챔이들에게.', 0.36873232111441373), ([[518, 648], [600, 648], [600, 672], [518, 672]], '때배하다니', 0.6087576366626885)]
[([[155, 465], [247, 465], [247, 585], [155, 585]], '2', 0.6340751699269873), ([[260, 830], [290, 830], [290, 858], [260, 858]], '옛', 0.9989175151250471)]
[([[254, 284], [410, 284], [410, 308], [254, 308]], '뭐야. 어떤게 된 거지?', 0.7013275368235549), ([[254, 320], [436, 320], [436, 344], [254, 344]], '이대로 끝나논줄 알앞는데..', 0.1938443827207122), ([[254, 356], [436, 356], [436, 380], [254, 380]], '다행이다 . 자원종의 공겨올', 0.43431139129806956), ([[254, 392], [352, 392], [352, 416], [254, 416]], '저향해내거가.', 0.5112494987996433)]
[([[96, 166], [134, 166], [134, 190], [96, 190]], '좋아', 0.9126505948602784), ([[140, 166], [272, 166], [272, 190], [140, 190]], '아직 힘이 돌아오진', 0.7958639767662032), ([[96, 184], [260, 184], [260, 208], [96, 208]], '맘맛지만. 스개비저라면', 0.418284974619852), ([[96, 202], [230, 202], [230, 226], [96, 226]], '충분히 이갈수 있어', 0.2504288807904743), ([[23, 1015], [111, 1015], [111, 1031], [23, 1031]], '#스개비저-소 귀', 0.7068934259667872)]
[([[40, 16], [76, 16], [76, 40], [40, 40]], '크릇', 0.7523801835750615), ([[88, 16], [126, 16], [126, 40], [88, 40]], '구릇', 0.16175922150622693), ([[493, 127], [533, 127], [533, 167], [493, 167]], '"', 0.21253613632831048), ([[551, 219], [653, 219], [653, 263], [551, 263]], '표밀밀즐거야.', 0.002093987225325639), ([[62, 360], [212, 360], [212, 386], [62, 386]], '이런 허접화 자지따위', 0.7081498452359385), ([[526, 592], [562, 592], [562, 616], [526, 616]], '아오', 0.461857280461033), ([[518, 678], [554, 678], [554, 702], [518, 702]], '오못', 0.356384657723516), ([[492, 774], [644, 774], [644, 800], [492, 800]], "완전 무결화 '입보지'로", 0.5303844651076525), ([[490, 794], [608, 794], [608, 818], [490, 818]], '해지워 주컷어.!!', 0.1776414785515779)]
[([[42, 16], [116, 16], [116, 40], [42, 40]], '어떠나맛 !', 0.5577263176765586), ([[464, 22], [526, 22], [526, 46], [464, 46]], '쓸모없는', 0.8452062606811523), ([[464, 38], [590, 38], [590, 62], [464, 62]], '자원종의 빼앗들올', 0.42782670867439554), ([[544, 88], [622, 88], [622, 136], [544, 136]], '0860', 0.06026948243379593), ([[64, 308], [192, 308], [192, 332], [64, 332]], '한방울도 남림없이', 0.3295931123681907), ([[64, 326], [130, 326], [130, 350], [64, 350]], '돕아주지', 0.8861265182495117), ([[160, 420], [194, 420], [194, 444], [160, 444]], '모욕', 0.8912092057468174), ([[41, 429], [83, 429], [83, 475], [41, 475]], '물움', 0.06975050312927408), ([[160, 438], [194, 438], [194, 462], [160, 462]], '#름', 0.15470640821340903), ([[250.1644588494623, 4.070307211827681], [393.9879871048384, 33.65361200660845], [383.83554115053767, 72.92969278817232], [240.0120128951616, 44.34638799339155]], '\'"   껍"\'', 0.06835981426139963), ([[533.2516257571808, 262.040119541782], [616.9734294596302, 319.3906712122653], [583.7483742428192, 368.959880458218], [500.02657054036985, 311.6093287877347]], '섞24', 0.028934549537893726), ([[401.052175279236, 468.11391864486745], [473.7387844992808, 477.5782087115411], [467.947824720764, 516.8860813551325], [395.2612155007192, 507.4217912884589]], '축름 ', 0.25127478523060437)]
[([[26, 18], [76, 18], [76, 42], [26, 42]], '죽어탓.', 0.4621346890926361), ([[330, 20], [476, 20], [476, 46], [330, 46]], '입보지에 꿀복하라고!', 0.27963932550894144), ([[26, 36], [152, 36], [152, 60], [26, 60]], '열성정자 덩어리 !', 0.515760802125288), ([[167, 103], [207, 103], [207, 143], [167, 143]], '꿈0', 0.012795134014963506), ([[75, 245], [181, 245], [181, 289], [75, 289]], '엘렁  얼렁', 0.011627034045353616), ([[354, 268], [466, 268], [466, 342], [354, 342]], '품 쪽', 0.277515759912325), ([[590, 280], [682, 280], [682, 336], [590, 336]], '전_주_', 0.03550991350769351), ([[40, 350], [166, 350], [166, 374], [40, 374]], '윗다 ! ~ 어떠나', 0.5079734164456914), ([[38, 368], [170, 368], [170, 392], [38, 392]], '완전 무결화 이용의', 0.564285273862098), ([[523, 491], [627, 491], [627, 553], [523, 553]], '국하;[', 0.21817177534103394), ([[52, 544], [76, 544], [76, 576], [52, 576]], '3', 0.10348054018493347), ([[204, 656], [276, 656], [276, 728], [204, 728]], '옛', 0.9989401527559814), ([[554, 808], [670, 808], [670, 832], [554, 832]], '입보지 솜씨가] ~', 0.29272465526234)]
[([[281, 7], [335, 7], [335, 27], [281, 27]], '구리내 .', 0.8636578942032255), ([[250, 22], [394, 22], [394, 46], [250, 46]], '바로 또 한놈 온겨가.', 0.2597028110496187), ([[425, 15], [477, 15], [477, 55], [425, 55]], '양33', 0.024313700039431046), ([[194, 134], [220, 134], [220, 158], [194, 158]], '네', 0.0860334056156411), ([[474, 148], [504, 148], [504, 174], [474, 174]], "'60", 0.32128062034886), ([[172, 176], [224, 176], [224, 200], [172, 200]], '이리와.', 0.8913285136222839), ([[260, 188], [364, 188], [364, 212], [260, 212]], '( 쓰레기들아.', 0.7552473835663839), ([[352, 234], [491, 234], [491, 297], [352, 297]], '문', 0.7573124237002418), ([[345, 295], [409, 295], [409, 331], [345, 331]], '울국60', 0.0367623790755321), ([[375, 379], [423, 379], [423, 419], [375, 419]], '벌렁', 0.10467610703113997), ([[445, 391], [523, 391], [523, 429], [445, 429]], '예럿', 0.011886931601990464), ([[52, 524], [76, 524], [76, 548], [52, 548]], '암', 0.5956765916753426), ([[98, 524], [230, 524], [230, 548], [98, 548]], '감히 이용의 보지에', 0.8544203230690269), ([[42, 542], [244, 542], [244, 566], [42, 566]], '도전하는 꽃밥녀석이 있다니 !', 0.44582921008675974), ([[174.60276070150212, 27.345245332854052], [217.42337284357762, 24.231592789821732], [218.39723929849788, 51.654754667145944], [175.57662715642238, 54.76840721017827]], '(:', 0.01229829071735407)]
[([[31, 21], [73, 21], [73, 41], [31, 41]], '에.?', 0.6464872259942548), ([[396, 6], [562, 6], [562, 54], [396, 54]], "'오소'오욕-끓", 0.07629731179241026), ([[38, 58], [126, 58], [126, 82], [38, 82]], '자 잠까내', 0.2919428042103626), ([[104, 98], [158, 98], [158, 124], [104, 124]], '완0', 0.10408825280720545), ([[274, 92], [308, 92], [308, 118], [274, 118]], '울격', 0.5137103287036452), ([[262, 142], [302, 142], [302, 174], [262, 174]], '주원', 0.004451441844745069), ([[195, 201], [313, 201], [313, 261], [195, 261]], '꼴려 짧0 ', 0.0062453587268770615), ([[502, 238], [574, 238], [574, 286], [502, 286]], '닮80', 0.006178035204472301), ([[203, 339], [293, 339], [293, 377], [203, 377]], '메적0', 0.01594058327861049), ([[484, 342], [648, 342], [648, 366], [484, 366]], '모 오목.~이 이녀석들', 0.35490617969723337), ([[484, 359], [680, 359], [680, 384], [484, 384]], '날  끌어내리려고 하고있어멋.', 0.3840741052315521), ([[302, 394], [360, 394], [360, 424], [302, 424]], '조적', 0.3801728864469916), ([[362, 436], [426, 436], [426, 462], [362, 462]], '[지거', 0.20954708754932083), ([[342, 484], [404, 484], [404, 510], [342, 510]], '제적', 0.25912360883082936), ([[532, 508], [620, 508], [620, 549], [532, 549]], '@ >', 0.4898521602153778), ([[399, 583], [449, 583], [449, 619], [399, 619]], '요응', 0.3796057640058343), ([[60, 618], [154, 618], [154, 642], [60, 642]], '필사적므로못', 0.4749415278948058), ([[563, 681], [641, 681], [641, 723], [563, 723]], '주썹; 0', 0.016643018831275738), ([[640, 726], [690, 726], [690, 776], [640, 776]], '짧', 0.05492561978954402), ([[496, 868], [630, 868], [630, 892], [496, 892]], '이전 조 조금 위협', 0.5449234540729624), ([[496, 886], [570, 886], [570, 910], [496, 910]], '활지도  못', 0.30699568613920825), ([[275.30265739077055, 16.04886747447081], [346.98758961130886, 59.647934850966436], [323.69734260922945, 96.95113252552919], [252.01241038869114, 54.352065149033564]], '셋-%', 0.06849823622518696), ([[590.8853729282276, 193.08931215501147], [693.5804355476627, 210.61297926212237], [682.1146270717724, 268.9106878449885], [578.4195644523373, 252.38702073787763]], '출렉스 늘', 0.009763109222971945), ([[535.1675694221406, 574.0875762840607], [607.9119713456972, 593.165446112918], [597.8324305778594, 628.9124237159393], [525.0880286543028, 610.834553887082]], '무년0', 0.007154900000997771), ([[561.185687072251, 615.0555156274323], [634.9806724672845, 653.5187964681495], [609.814312927749, 699.9444843725677], [536.0193275327155, 661.4812035318505]], "'훨어;", 0.009002488106489182)]
[([[25, 11], [61, 11], [61, 31], [25, 31]], '마지', 0.9998797150133193), ([[384, 16], [546, 16], [546, 42], [384, 42]], '자신들이 주인 이라눈양', 0.2564744711262661), ([[640, 48], [706, 48], [706, 102], [640, 102]], '움픽', 0.18597622959387478), ([[43, 73], [109, 73], [109, 137], [43, 137]], '끝', 0.45463043307064765), ([[285, 85], [345, 85], [345, 127], [285, 127]], '꼭육 "', 0.18213307857513428)]
[([[629, 187], [701, 187], [701, 223], [629, 223]], '찌적', 0.8638558548903207), ([[643, 247], [709, 247], [709, 283], [643, 283]], '찌각', 0.2889901167114971), ([[112, 278], [208, 278], [208, 302], [112, 302]], '누가 위임지', 0.8114993377638541), ([[495, 291], [576, 291], [576, 330], [495, 330]], '군지적나', 0.04240131750702858), ([[584, 302], [656, 302], [656, 332], [584, 332]], "찌적'", 0.010074918442413438), ([[138, 344], [198, 344], [198, 374], [138, 374]], '거-0', 0.04306235909461975), ([[187, 362], [272, 362], [272, 402], [187, 402]], '끄력0', 0.045151712714023726), ([[494, 400], [674, 400], [674, 424], [494, 424]], '가르지려 들고 있어엇.!어', 0.09731705794434745), ([[54.93098527849408, 418.448167612687], [148.1922180815032, 405.2750582470229], [152.0690147215059, 449.551832387313], [59.807781918496815, 462.7249417529771]], '@되0', 0.04135523530666846)]
[([[629, 187], [701, 187], [701, 223], [629, 223]], '찌적', 0.8223966016531005), ([[643, 247], [707, 247], [707, 283], [643, 283]], '찌각', 0.6682796359388739), ([[112, 278], [206, 278], [206, 302], [112, 302]], '누가 위임지.', 0.6916862573503375), ([[495, 291], [576, 291], [576, 330], [495, 330]], '군지적나', 0.04111409461436937), ([[586, 302], [656, 302], [656, 330], [586, 330]], '찌적', 0.7560713778028192), ([[95, 343], [171, 343], [171, 385], [95, 385]], '7끓걱', 0.00035271144547526607), ([[187, 362], [272, 362], [272, 402], [187, 402]], '끄력0', 0.051442706324617817), ([[494, 400], [674, 400], [674, 424], [494, 424]], '가르지려 들고 있어멋!어', 0.19671011996465698), ([[221, 727], [395, 727], [395, 801], [221, 801]], '오', 0.05011214346050985), ([[66, 920], [164, 920], [164, 950], [66, 950]], '위  위협해', 0.3015904554160379), ([[66, 944], [226, 944], [226, 974], [66, 974]], '보지가 가버리논게', 0.889585797967367), ([[66, 966], [230, 966], [230, 996], [66, 996]], '멈추질 않아앗!어', 0.07929673220824217), ([[490, 964], [556, 964], [556, 1014], [490, 1014]], '댐나', 0.26196725728954523), ([[583, 951], [715, 951], [715, 1011], [583, 1011]], '제적오', 0.16759397039174165), ([[53.93098527849408, 418.448167612687], [148.20757931491627, 405.298837970671], [152.0690147215059, 449.551832387313], [58.79242068508371, 462.701162029329]], '@퍽이', 0.01359476804794444), ([[170.02887458916717, 690.5721864729179], [419.4211481435004, 661.0122650331363], [422.9711254108328, 730.4278135270821], [173.5788518564996, 759.9877349668637]], '오파%&', 0.0034676094073802233)]
[([[38, 28], [106, 28], [106, 52], [38, 52]], '실멋.!어', 0.13766495096452647), ([[488, 32], [596, 32], [596, 86], [488, 86]], '찌적나', 0.2992772981567341), ([[190, 66], [289, 66], [289, 114], [190, 114]], '@찍-(', 0.09340887278537803), ([[530, 134], [658, 134], [658, 158], [530, 158]], '지고 싶지망맛.!! ', 0.4497275241989398), ([[402, 134], [496, 134], [496, 182], [402, 182]], "젓적'", 0.0859412629396777), ([[302, 290], [390, 290], [390, 340], [302, 340]], '잔륭.', 0.010608530298986004), ([[52, 510], [260, 510], [260, 538], [52, 538]], '나는 완전무결할 테데!!', 0.22566051813033425), ([[52, 722], [192, 722], [192, 746], [52, 746]], '만돼 !! 내 자굽이', 0.7827962715461922), ([[52, 740], [258, 740], [258, 766], [52, 766]], '침입흘 허락하고야 말맞어  ', 0.25923177644689993), ([[138, 856], [202, 856], [202, 880], [138, 880]], '위험해앗.', 0.20059664222737134), ([[566, 972], [678, 972], [678, 996], [566, 996]], '이대로 질내사정', 0.7880805197865888), ([[566, 988], [638, 988], [638, 1012], [566, 1012]], '당하여업.', 0.2933625832217592)]
[([[62, 18], [96, 18], [96, 42], [62, 42]], '더는', 0.8909339195207904), ([[540, 788], [588, 788], [588, 812], [540, 812]], '무리 .', 0.2991237757932646)]
[([[69, 19], [345, 19], [345, 111], [69, 111]], '언매인', 0.008791513924086723), ([[488, 94], [684, 94], [684, 172], [488, 172]], '골골햇', 0.007973378607604303), ([[440, 542], [474, 542], [474, 568], [440, 568]], '허0', 0.061345131089595294), ([[512, 738], [630, 738], [630, 768], [512, 768]], '꿀복 해버럿', 0.2366943611203495)]
[([[57, 681], [95, 681], [95, 701], [57, 701]], '젓다 .', 0.4789283275604248), ([[450, 690], [502, 690], [502, 714], [450, 714]], '보지가', 0.9996481034359187), ([[508, 690], [664, 690], [664, 714], [508, 714]], '이녀석들물 위라고  못.', 0.2561545234846303), ([[450, 708], [544, 708], [544, 732], [450, 732]], '인정해버로어', 0.2605711473217114), ([[22, 798], [52, 798], [52, 824], [22, 824]], '아', 0.08722522363399676), ([[301, 785], [371, 785], [371, 827], [301, 827]], '^율60', 0.010241319425404072), ([[29, 873], [99, 873], [99, 911], [29, 911]], '해웃애', 0.0015163569885969091), ([[90, 930], [146, 930], [146, 956], [90, 956]], '0.0', 0.017226308075838262)]
[([[32, 20], [78, 20], [78, 44], [32, 44]], '아아', 0.9537376316036127), ([[496, 150], [680, 150], [680, 215], [496, 215]], '아제우응', 0.05174965411424637), ([[46, 280], [146, 280], [146, 304], [46, 304]], '때배해 버(어', 0.648685797817016), ([[592, 494], [672, 494], [672, 518], [592, 518]], '완전무결화.', 0.5877749032971746), ([[500, 570], [588, 570], [588, 594], [500, 594]], '주입니 입어', 0.35110642799761893), ([[78, 663], [258, 663], [258, 696], [78, 696]], "'훌륭화 주입남'들의", 0.59099662045697), ([[569, 659], [673, 659], [673, 701], [569, 701]], '밝화훨철 재습', 0.008038445155078344), ([[78, 690], [146, 690], [146, 720], [78, 720]], '자지에.', 0.9753267168998718), ([[468, 958], [508, 958], [508, 982], [468, 982]], '나는_', 0.4756930394438794), ([[522, 956], [658, 956], [658, 986], [522, 986]], "이 분들의 '암 컷'.", 0.6339873017098405), ([[468, 974], [570, 974], [570, 1006], [468, 1006]], '히럿터 거야', 0.14838848551029857)]
