2030932
35
[([[107.53240994144085, -109.99479362930573], [508.97608401269235, 240.00509947007515], [391.46759005855915, 380.9947936293057], [-9.976084012692336, 29.99490052992485]], '교0@@', 0.015091866246625668), ([[740.203970247832, 397.03970247832007], [843.9956322934027, 452.73568157707757], [810.796029752168, 512.9602975216799], [707.0043677065973, 457.26431842292243]], '뜰', 0.013015491777050914), ([[473.44549987219114, 2723.0170979294962], [650.8064897689105, 2832.1437300977295], [605.5545001278089, 2902.9829020705038], [429.1935102310895, 2792.8562699022705]], '-시', 0.009881319623722667)]
[([[107.53240994144085, -109.99479362930573], [507.97688092040426, 239.00678085818004], [390.46759005855915, 380.9947936293057], [-8.976880920404252, 29.99321914181997]], '교0@@', 0.006165029015392065), ([[741.196010352305, 397.04050248782], [843.9955592558332, 452.7334813581389], [810.803989647695, 511.95949751218], [708.0044407441668, 457.2665186418611]], '감"', 0.0029228111709151006), ([[467.40945502204, 2720.015863409944], [695.78475127853, 2847.8345578141534], [648.59054497796, 2927.984136590056], [420.21524872146995, 2801.1654421858466]], '우0', 0.00683796427792665)]
[([[107.53240994144085, -109.99479362930573], [507.97688092040426, 239.00678085818004], [390.46759005855915, 380.9947936293057], [-8.976880920404252, 29.99321914181997]], '교0@@', 0.006165029015392065), ([[739.2269793174761, 402.04281385728467], [837.9956184957761, 451.7523674868752], [809.7730206825239, 505.95718614271533], [711.0043815042239, 456.2476325131248]], '감,', 0.011861284621585665), ([[469.41260398734806, 2721.015694563409], [699.7798605154026, 2849.810340832809], [652.5873960126519, 2929.984305436591], [422.22013948459744, 2802.189659167191]], '이', 0.005133352867965124)]
[([[106.55368260269282, -106.99501939936195], [505.00032040727325, 243.28286370213812], [390.4463173973072, 380.995019399362], [-8.000320407273271, 29.7171362978619]], '교0-9', 0.0011173455277457833), ([[740.2117748398972, 396.03892588296145], [844.0, 454.0], [809.7882251601028, 512.9610741170385], [707.0, 454.0]], '0사', 0.003073535505029112)]
[([[106.53031886010848, -108.9947469531507], [505.95420321538774, 239.95908298512887], [389.4696811398915, 379.9947469531507], [-9.954203215387711, 30.040917014871127]], '교0@@', 0.010054890997707844), ([[740.2516257571808, 400.040119541782], [837.9975774354699, 451.8158532253824], [807.7483742428192, 506.959880458218], [710.0024225645301, 455.1841467746176]], '감아목', 0.0024082843280543377)]
[([[804, 822], [984, 822], [984, 1038], [804, 1038]], '~', 0.8718699793310094), ([[104.54966375475557, -105.99492928885269], [503.9931332566062, 242.26803827252934], [391.45033624524444, 377.9949292888527], [-7.993133256606193, 28.73196172747065]], '교0@0', 0.001907110447064042), ([[740.2594976178453, 400.0392776077462], [838.9989416389417, 452.8782792758445], [809.7405023821547, 507.9607223922538], [710.0010583610583, 455.1217207241555]], '감"', 0.0024600698892296665)]
[([[803, 830], [995, 830], [995, 1055], [803, 1055]], '~', 0.746547847030584), ([[104.54966375475557, -104.99492928885269], [505.00032040727325, 243.28286370213812], [392.45033624524444, 378.9949292888527], [-8.000320407273271, 29.7171362978619]], '교0@0', 0.0011069981846958399), ([[742.196010352305, 397.04050248782], [843.9988703755945, 453.8655652037715], [810.803989647695, 511.95949751218], [709.0011296244055, 456.1344347962285]], '감"', 0.008523800665260602)]
[([[106.53031886010848, -108.9947469531507], [505.946834780981, 239.94365129965686], [389.4696811398915, 379.9947469531507], [-8.946834780981046, 30.056348700343143]], '교0@@', 0.010064330883324146)]
[([[104.54864771153119, -104.99490637916801], [504.0227731342355, 241.3293801518069], [391.4513522884688, 377.994906379168], [-8.022773134235464, 29.670619848193112]], '교0@@', 0.0006562230992130935)]
[([[107.53031886010848, -108.9947469531507], [505.9158652730205, 240.8791425308287], [390.4696811398915, 379.9947469531507], [-8.91586527302048, 29.1208574691713]], '교0@@', 0.0032528210431337357), ([[742.2006652916285, 404.0457880371682], [837.995376485625, 452.74562267325], [809.7993347083715, 504.9542119628318], [714.004623514375, 457.25437732675]], '신아', 0.0037748427906640044)]
[([[106.53031886010848, -108.9947469531507], [505.946834780981, 239.94365129965686], [389.4696811398915, 379.9947469531507], [-8.946834780981046, 30.056348700343143]], '교0@@', 0.011457940563559532)]
[([[109.53653675199416, -109.9948851346643], [503.87718546926646, 243.79935498136592], [384.46346324800584, 384.9948851346643], [-9.877185469266443, 30.200645018634066]], '0@어', 0.0008458811847304301)]
[([[104.54966375475557, -105.99492928885269], [503.9931332566062, 242.26803827252934], [391.45033624524444, 377.9949292888527], [-7.993133256606193, 28.73196172747065]], '교0@0', 0.001907110447064042), ([[739.2516257571808, 401.040119541782], [838.9997353647241, 453.93913273595894], [809.7483742428192, 507.959880458218], [710.0002646352759, 455.06086726404106]], '감아 ', 0.006315021101062063), ([[831.9921969441094, 790.0220903256946], [1007.8289909737096, 822.322466303439], [960.0078030558906, 1063.9779096743055], [784.1710090262904, 1030.6775336965609]], '=', 0.8753472161680662)]
[([[104.54864771153119, -104.99490637916801], [504.0227731342355, 241.3293801518069], [391.4513522884688, 377.994906379168], [-8.022773134235464, 29.670619848193112]], '교0@@', 0.0005847664433531463)]
[([[106.53031886010848, -108.9947469531507], [505.946834780981, 239.94365129965686], [389.4696811398915, 379.9947469531507], [-8.946834780981046, 30.056348700343143]], '교0@@', 0.010064330883324146)]
[([[1888, 54], [2692, 54], [2692, 134], [1888, 134]], '쿠로에에 관해 이리야랑 미유에게서 들없어', 0.6287707847569753), ([[432, 133], [856, 133], [856, 213], [432, 213]], '아저씨가 말 걸없올 때', 0.8400861217227349), ([[2176, 126], [2701, 126], [2701, 201], [2176, 201]], "'최근-둘이 쌀빨맞지 않앉어?", 0.20921743396787829), ([[420, 202], [882, 202], [882, 290], [420, 290]], '딱 좋은 마력보급 혼군라', 0.5487256752045113), ([[518, 270], [739, 270], [739, 343], [518, 343]], '생각햇없지', 0.7588589159841989), ([[922, 208], [1277, 208], [1277, 429], [922, 429]], '@흐극0', 0.01813078112900257), ([[57, 354], [441, 354], [441, 435], [57, 435]], '멋대로가지말라고', 0.8628582164570197), ([[54, 423], [404, 423], [404, 501], [54, 501]], '기분 좋아도 참아;', 0.5817125050433785), ([[1083, 951], [1227, 951], [1227, 1235], [1083, 1235]], '명', 0.1390959391648181), ([[1988, 1599], [2050, 1599], [2050, 1674], [1988, 1674]], '큰', 0.012596675654076572), ([[1073, 2011], [1291, 2011], [1291, 2128], [1073, 2128]], '떠시라오', 0.0011365801328793168), ([[90.48667393438961, -98.99306442758422], [444.70729554281394, 179.11148168620844], [345.5133260656104, 308.9930644275842], [-9.707295542813931, 29.88851831379158]], '청0:', 0.010916880265385408), ([[173.34732173262978, 615.1067894846091], [708.5873000407717, 522.4522257905924], [732.6526782673702, 804.8932105153909], [198.41269995922832, 897.5477742094076]], '콩어', 0.009472193155857003), ([[2239.202748732204, 623.0735345328891], [2484.293059143369, 598.2170292650405], [2491.797251267796, 788.9264654671109], [2246.706940856631, 813.7829707349595]], '@팎', 0.23854851906486446), ([[1393.4751656247163, 630.0197028087251], [1444.5704236181346, 617.0232803628156], [1482.5248343752837, 776.9802971912749], [1430.4295763818654, 789.9767196371844]], '3', 0.72973056053128), ([[1273.4683854732102, 2438.015714497251], [1499.7923323155978, 2557.077789696185], [1462.5316145267898, 2624.984285502749], [1235.2076676844022, 2506.922210303815]], '4<', 0.6465288926160283), ([[462.38153458564705, 2423.00531288466], [1261.6726281404594, 2804.1560758106166], [1120.6184654143528, 3076.99468711534], [321.32737185954045, 2695.8439241893834]], "' 시시시", 0.0001437589848754863), ([[2425.1594452019813, 2525.0207930800193], [2662.8921004613544, 2626.087686740224], [2601.8405547980187, 2760.9792069199807], [2364.1078995386456, 2659.912313259776]], '%', 0.06969867432680132), ([[1338.465232240142, 2553.015901634387], [1548.7400746814255, 2672.8526540653393], [1509.534767759858, 2738.984098365613], [1299.2599253185745, 2620.1473459346607]], '쇼평9', 0.03399339000354128)]
[([[24, 0], [175, 0], [175, 85], [24, 85]], '9', 0.6290094999915397), ([[2324, 55], [2706, 55], [2706, 139], [2324, 139]], '이리야랑 미유가  :?', 0.2622880493559688), ([[2388, 126], [2699, 126], [2699, 206], [2388, 206]], '지금은 이념석이', 0.264507166310759), ([[56, 197], [616, 197], [616, 285], [56, 285]], '쿠로예 자지기다리다 지처서', 0.6100691241043553), ([[2210, 190], [2697, 190], [2697, 270], [2210, 270]], '시키는 대로 따라야켓어"', 0.5487645747024912), ([[54, 268], [453, 268], [453, 348], [54, 348]], '허리틀 구분려버*네 ', 0.07397731142217828), ([[54, 369], [424, 369], [424, 449], [54, 449]], '지금분터 이자지로', 0.9646971184248818), ([[54, 435], [640, 435], [640, 516], [54, 516]], '로로예의 죄고만 보지랑 자궁올', 0.19424670787449075), ([[54, 504], [510, 504], [510, 584], [54, 584]], '품북품북 취저어줄-야-', 0.15747653016103078), ([[51, 602], [740, 602], [740, 688], [51, 688]], '그치만 아저씨간 정액글-기 전까지', 0.05447515067403143), ([[53, 665], [498, 665], [498, 758], [53, 758]], '절대로 가을리면안돼', 0.2113220522775839), ([[1897, 828], [2069, 828], [2069, 903], [1897, 903]], '학 (', 0.5294079125445619), ([[1066, 892], [1217, 892], [1217, 1154], [1066, 1154]], '명', 0.03284781060649977), ([[2211, 1080], [2592, 1080], [2592, 1216], [2211, 1216]], '거짓말 (', 0.11679333353968613), ([[1298, 2308], [1439, 2308], [1439, 2616], [1298, 2616]], '액', 0.04889023228816214), ([[2310, 2539], [2570, 2539], [2570, 2685], [2310, 2685]], '요 (', 0.06892472505569458), ([[1104.0809341963777, 262.0301997849428], [1287.658536585366, 325.9268292682927], [1242.9190658036223, 441.9698002150572], [1060.341463414634, 377.0731707317073]], '{"', 0.03437519020443031), ([[1303.4543659520016, 554.0148969216305], [1508.6866386604404, 683.516246497323], [1460.5456340479984, 756.9851030783695], [1255.3133613395596, 628.483753502677]], '하숨보', 0.019855570567491744), ([[1017.2224168603079, 1356.0252196487422], [1230.9862994911996, 1439.426742198247], [1190.777583139692, 1533.9747803512578], [977.0137005088005, 1451.573257801753]], '@때[', 0.0045718811037374595), ([[1464.5150009484792, 1755.0065351885742], [1597.9796233126046, 1742.4454393877324], [1633.4849990515208, 2161.993464811426], [1500.0203766873954, 2174.5545606122673]], '%', 0.058662595021652386), ([[63.92137586284624, 1981.0253058786247], [213.64042011780674, 1908.0089177707375], [355.0786241371538, 2239.9746941213753], [205.35957988219326, 2312.9910822292622]], '콩', 0.8347648834598118)]
[([[2422, 46], [2653, 46], [2653, 277], [2422, 277]], '욕', 0.96718467946042), ([[54, 277], [467, 277], [467, 354], [54, 354]], '그럼 딱 한번 싸줄게;', 0.520426404095104), ([[56, 341], [547, 341], [547, 429], [56, 429]], '참고서 질척해진 자궁으로', 0.8338954207022586), ([[665, 272], [936, 272], [936, 470], [665, 470]], '무리', 0.7212998304235093), ([[55, 413], [640, 413], [640, 493], [55, 493]], '뜨건운 정액이 뿌려지늄 감각을', 0.27864333803696434), ([[56, 479], [373, 479], [373, 565], [56, 565]], '똑똑히기억하럼=', 0.26564704682014023), ([[1315, 687], [1508, 687], [1508, 807], [1315, 807]], '하의', 0.12392416093316161), ([[9, 833], [296, 833], [296, 986], [9, 986]], '{4', 0.016671909541151317), ([[1210, 854], [1321, 854], [1321, 947], [1210, 947]], '{', 0.798219604841254), ([[2255, 1031], [2595, 1031], [2595, 1104], [2255, 1104]], '가버리면 안 돼지', 0.9971466477042414), ([[2371, 1099], [2477, 1099], [2477, 1168], [2371, 1168]], '참아;', 0.6178175025313696), ([[2075, 1193], [2251, 1193], [2251, 1297], [2075, 1297]], '하예', 0.4954167015848364), ([[162, 1291], [517, 1291], [517, 1655], [162, 1655]], '해', 0.07631607397332019), ([[1997, 1669], [2434, 1669], [2434, 2014], [1997, 2014]], '(서', 0.020471984786192554), ([[1294, 2230], [1455, 2230], [1455, 2553], [1294, 2553]], '콩', 0.09872663037203555), ([[2421, 2385], [2582, 2385], [2582, 2562], [2421, 2562]], '팬', 0.010222087859503015), ([[71.44860358656354, -82.9904959896574], [385.4519165861784, 121.84809997545898], [307.55139641343646, 238.9904959896574], [-6.451916586178436, 33.15190002454102]], '330', 0.006931758456680001), ([[703.0967951626114, -8.986400601301217], [1175.678009398574, 145.61642176548008], [1087.9032048373886, 382.9864006013012], [615.321990601426, 228.38357823451992]], '<리베', 0.01477474261281703), ([[2301.7719297223484, 207.0175402821901], [2692.4432315282456, 278.17696611362385], [2615.2280702776516, 642.9824597178099], [2223.5567684717544, 571.8230338863762]], '고요', 0.010350521504597287), ([[1130.1631755810936, 696.0250322042617], [1361.9401781571478, 780.7071608967161], [1316.8368244189064, 890.9749677957383], [1086.0598218428522, 806.2928391032839]], '#다님{', 0.010546226054430008), ([[2471.0012476611223, 787.0249532224431], [2605.8748247571484, 733.0880680964909], [2707.9987523388777, 1026.9750467775568], [2573.1251752428516, 1080.9119319035092]], '곁', 0.05667770624138613), ([[190.45590701433323, 1769.037275196698], [403.4482872304012, 1681.6564266269106], [525.5440929856668, 2039.962724803302], [311.5517127695988, 2128.3435733730894]], '출', 0.07046621863392577), ([[2075.280429391702, 1982.0477290506321], [2295.983424710869, 1913.010961009018], [2372.719570608298, 2223.9522709493676], [2152.016575289131, 2292.989038990982]], '$', 0.20273743432704805), ([[2182.2473293021762, 2163.011332832249], [2367.6162374792243, 2244.8588984799544], [2234.7526706978238, 2544.988667167751], [2049.3837625207757, 2463.1411015200456]], '놈', 0.03350788319244202), ([[755.4264435521536, 2498.007834008823], [1065.823407739853, 2763.0694512786117], [947.5735564478464, 2905.992165991177], [637.176592260147, 2640.9305487213883]], '[전]', 0.08110189271374804)]
[([[26, 0], [95, 0], [95, 36], [26, 36]], '0)', 0.18021803977173698), ([[2278, 32], [2701, 32], [2701, 136], [2278, 136]], '("질내사정 식스트', 0.15511211677957545), ([[949, 5], [1231, 5], [1231, 257], [949, 257]], '확', 0.2557888508644943), ([[2237, 126], [2694, 126], [2694, 204], [2237, 204]], '몸에 새기면서 가버려라', 0.8871380897689507), ([[559, 91], [1427, 91], [1427, 433], [559, 433]], '3스호극', 0.16802801191806793), ([[2369, 184], [2702, 184], [2702, 268], [2369, 268]], '1<암컷 고망야!', 0.1372544562023552), ([[1117, 580], [1375, 580], [1375, 749], [1117, 749]], '>%', 0.0049613415085776975), ([[678, 732], [806, 732], [806, 865], [678, 865]], '딸', 0.12706628481006366), ([[1159, 714], [1259, 714], [1259, 813], [1159, 813]], '넷', 0.37295989104677574), ([[799, 853], [982, 853], [982, 1047], [799, 1047]], '~', 0.6818776202392343), ([[0, 854], [263, 854], [263, 1334], [0, 1334]], '딸', 0.08839853162240363), ([[2367, 1035], [2555, 1035], [2555, 1257], [2367, 1257]], '소', 0.007075795502223203), ([[925, 2030], [1045, 2030], [1045, 2127], [925, 2127]], '충', 0.0214371762775869), ([[0, 1821], [408, 1821], [408, 2435], [0, 2435]], '및', 0.01054247964228866), ([[1392, 2206], [1591, 2206], [1591, 2745], [1392, 2745]], '엔', 0.0895846913344025), ([[2549, 2274], [2706, 2274], [2706, 2541], [2549, 2541]], '수', 0.035144035834172804), ([[-35.38461538461539, 81.07692307692308], [151.69815184500953, 10.029942822338736], [188.3846153846154, 130.92307692307693], [0.301848154990477, 200.97005717766126]], ',;', 0.0018700803167974339), ([[1447.4550670072035, 68.32925462737353], [1555.8633527966088, 35.89931521521167], [1576.5449329927965, 125.67074537262647], [1468.1366472033912, 157.1006847847883]], '사이', 0.17200557482768206), ([[-27.498010508590447, 221.20079579656382], [219.07090427727317, 79.57238791818102], [305.4980105085904, 232.79920420343618], [57.929095722726835, 374.427612081819]], '05', 0.08450536482429252), ([[745.2006652916285, 406.0457880371682], [835.9971981942797, 454.80196608884114], [807.7993347083715, 506.9542119628318], [716.0028018057203, 458.19803391115886]], '(개', 0.02987598926480701), ([[1227.9611170019082, 709.1744786110678], [1376.5210083980498, 682.5505967145388], [1390.0388829980918, 790.8255213889322], [1240.4789916019502, 817.4494032854612]], '오개', 0.0029267623014393794), ([[2506.973103770307, 902.0293159803684], [2688.1260013339793, 968.459234862536], [2632.026896229693, 1112.9706840196316], [2449.8739986660207, 1045.540765137464]], '가야', 0.5569183781386392), ([[2393.3345927376577, 906.4547330859427], [2495.4965224626167, 982.4544762305766], [2337.6654072623423, 1185.5452669140573], [2235.5034775373833, 1108.5455237694234]], '흥', 0.025924094415504584), ([[293.38530325891185, 2234.0041985523485], [994.5416800452527, 2743.6368094781074], [766.6146967410881, 3055.9958014476515], [64.4583199547472, 2546.3631905218926]], '700"', 0.008990596048533916), ([[1203.4377560210737, 2597.012164086802], [1400.256112493638, 2764.6655211912744], [1325.5622439789263, 2853.987835913198], [1129.743887506362, 2686.3344788087256]], '@돈', 0.018930114151686443)]
[([[2148, 26], [2203, 26], [2203, 68], [2148, 68]], '5', 0.5843463079720835), ([[2077, 59], [2699, 59], [2699, 134], [2077, 134]], '가는 걸 참으면서 안에다 발는 거,', 0.42637621240531715), ([[2352, 129], [2701, 129], [2701, 204], [2352, 204]], '빠져버길 거 같지?', 0.5983218856922347), ([[50, 158], [466, 158], [466, 243], [50, 243]], '쿠로예는 안에다 싸면 ', 0.23562377200341333), ([[969, 147], [1212, 147], [1212, 297], [969, 297]], '때책', 0.10662525288066063), ([[2155, 185], [2698, 185], [2698, 270], [2155, 270]], '어른도 느끼지 못햇올 정도로', 0.5960843057916455), ([[57, 228], [372, 228], [372, 309], [57, 309]], '반드시 가버리논', 0.5069639724733487), ([[1941, 256], [2698, 256], [2698, 340], [1941, 340]], '행복한 기분으로 머릿속이 가득 차구나 ', 0.29009295309905714), ([[57, 297], [559, 297], [559, 375], [57, 375]], '생예스 전용 초딩 오나홀로', 0.6570484660062023), ([[57, 363], [375, 363], [375, 444], [57, 444]], "조교해출테니까'", 0.5110248117016577), ([[769, 663], [879, 663], [879, 787], [769, 787]], '꼭', 0.40479467019417825), ([[639, 871], [821, 871], [821, 1003], [639, 1003]], '러-', 0.06072111296120642), ([[2158, 831], [2343, 831], [2343, 1020], [2158, 1020]], '학', 0.6072358975906731), ([[1133, 932], [1254, 932], [1254, 1105], [1133, 1105]], '행', 0.23562790712766546), ([[2329, 949], [2479, 949], [2479, 1086], [2329, 1086]], '히', 0.6448650532181688), ([[1870, 1438], [2011, 1438], [2011, 1586], [1870, 1586]], '(정', 0.03418118463381038), ([[53, 1907], [641, 1907], [641, 1994], [53, 1994]], '다음예는 젯이세사이증계 하여', 0.14629294450801458), ([[53, 1975], [772, 1975], [772, 2061], [53, 2061]], '눈가가장먼제임신활지 경쟁해보자>', 0.22183872861550627), ([[739.1821112670282, 407.04794576973984], [836.9646248283857, 450.2971479530987], [810.8178887329718, 505.95205423026016], [714.0353751716143, 462.7028520469013]], '<', 0.04629370262407306), ([[937.0687338526672, 1249.0310077900074], [1189.8022459137192, 1313.6552169104107], [1154.9312661473327, 1426.9689922099926], [903.1977540862808, 1362.3447830895893]], '현릿자', 0.01136667295460911), ([[464.01043976675396, 2211.0163249326442], [689.6172336213795, 2362.2230268352614], [546.989560233246, 2573.9836750673558], [320.3827663786206, 2421.7769731647386]], ')', 0.005625729137444191), ([[2329.17253264076, 2409.022840797755], [2561.9489949831436, 2502.764059469898], [2509.82746735924, 2619.977159202245], [2278.0510050168564, 2526.235940530102]], '탤풍', 0.00773415863313209), ([[576.2586409427704, 2456.007852498764], [1036.822547584693, 2751.480031291078], [873.7413590572296, 2997.992147501236], [413.17745241530696, 2702.519968708922]], '28 ', 0.12774061228572794), ([[2517.3051877060366, 2554.0219657553753], [2638.7441877748906, 2659.641519756731], [2575.6948122939634, 2733.9780342446247], [2453.2558122251094, 2628.358480243269]], "'리", 0.05808861522700062), ([[2396.315469793591, 2564.0117179728595], [2719.907000271106, 2746.073516102796], [2631.684530206409, 2895.9882820271405], [2308.092999728894, 2713.926483897204]], '고입히', 0.006934063905189327)]
[([[105.55368260269282, -106.99501939936195], [507.0216636562097, 243.32707436544908], [392.4463173973072, 380.995019399362], [-9.0216636562097, 29.672925634550918]], '교0@', 0.0023722826364171432), ([[740.1711513259244, 399.04305272887376], [843.9898505738666, 451.59715039123364], [812.8288486740756, 510.95694727112624], [709.0101494261334, 458.40284960876636]], '감아%', 0.0013911697805983798), ([[468.406272161835, 2721.0160349939474], [695.7830964427459, 2847.826332337628], [648.593727838165, 2927.9839650060526], [421.2169035572541, 2801.173667662372]], '숨', 0.00299756078021253)]
[([[104.55268462867474, -105.99499709823876], [505.9851009583843, 245.2515062143976], [392.44731537132526, 380.99499709823874], [-8.985100958384312, 29.748493785602392]], '교0@0', 0.0005853645270690322), ([[741.196010352305, 397.04050248782], [844.9956322934027, 452.73568157707757], [811.803989647695, 511.95949751218], [708.0043677065973, 457.26431842292243]], '0"', 0.002092636037389665), ([[471.40931719245566, 2722.0174605525012], [664.8226032195366, 2836.1247757489978], [618.5906828075443, 2910.9825394474988], [425.1773967804633, 2797.8752242510022]], '-', 0.01321954140673981)]
[([[106.53031886010848, -108.9947469531507], [506.95420321538774, 239.95908298512887], [390.4696811398915, 379.9947469531507], [-8.954203215387711, 30.040917014871127]], '교0@@', 0.014942223206162453), ([[740.196010352305, 397.04050248782], [843.9975422845932, 452.80171382765474], [810.803989647695, 511.95949751218], [707.0024577154068, 456.19828617234526]], '0음', 0.0016834879648018467), ([[471.40931719245566, 2722.0174605525012], [663.7953491863431, 2836.987257016505], [617.5906828075443, 2910.9825394474988], [425.20465081365694, 2796.012742983495]], "이'", 0.013200823462458579)]
[([[107.53240994144085, -108.99479362930573], [506.9307505947311, 241.91007800252996], [389.46759005855915, 381.9947936293057], [-9.930750594731062, 30.08992199747003]], '0@@', 0.07678568609612543), ([[740.203970247832, 397.03970247832007], [843.9956322934027, 452.73568157707757], [810.796029752168, 512.9602975216799], [707.0043677065973, 457.26431842292243]], '0', 0.015292729401297278)]
[([[106.53031886010848, -108.9947469531507], [505.95420321538774, 239.95908298512887], [389.4696811398915, 379.9947469531507], [-9.954203215387711, 30.040917014871127]], '교0@@', 0.010054890997707844), ([[740.2516257571808, 400.040119541782], [837.9975774354699, 451.8158532253824], [807.7483742428192, 506.959880458218], [710.0024225645301, 455.1841467746176]], '감아목', 0.0024082843280543377)]
[([[104.54966375475557, -105.99492928885269], [503.9931332566062, 242.26803827252934], [391.45033624524444, 377.9949292888527], [-7.993133256606193, 28.73196172747065]], '교0@0', 0.001907110447064042), ([[740.2594976178453, 400.0392776077462], [838.9989416389417, 452.8782792758445], [809.7405023821547, 507.9607223922538], [710.0010583610583, 455.1217207241555]], '감"', 0.0024600698892296665)]
[([[103.54762707434635, -104.99488331389148], [503.0007878633587, 242.2838290345842], [391.45237292565366, 376.9948833138915], [-8.00078786335872, 29.716170965415802]], '교0-9', 0.001067817909643054)]
[([[106.53031886010848, -108.9947469531507], [505.946834780981, 239.94365129965686], [389.4696811398915, 379.9947469531507], [-8.946834780981046, 30.056348700343143]], '교0@@', 0.0122246528044343), ([[739.1711513259244, 399.04305272887376], [843.9900187110228, 451.60049906444885], [812.8288486740756, 510.95694727112624], [708.0099812889772, 458.39950093555115]], '뜰', 0.022340795792532342)]
[([[104.54864771153119, -104.99490637916801], [505.015109783829, 242.31346907697971], [392.4513522884688, 377.994906379168], [-8.015109783829026, 29.686530923020285]], '교0-0', 0.0006300266250036657), ([[742.2594976178453, 400.0392776077462], [839.990491996819, 456.63527867842686], [809.7405023821547, 507.9607223922538], [711.009508003181, 451.36472132157314]], '감아%', 0.004750343888353243)]
[([[107.53031886010848, -108.9947469531507], [505.9158652730205, 240.8791425308287], [390.4696811398915, 379.9947469531507], [-8.91586527302048, 29.1208574691713]], '교0@@', 0.0032528210431337357), ([[742.2006652916285, 404.0457880371682], [837.995376485625, 452.74562267325], [809.7993347083715, 504.9542119628318], [714.004623514375, 457.25437732675]], '신아', 0.0037748427906640044)]
[([[106.53031886010848, -108.9947469531507], [505.946834780981, 239.94365129965686], [389.4696811398915, 379.9947469531507], [-8.946834780981046, 30.056348700343143]], '교0@@', 0.011457940563559532)]
[([[109.53653675199416, -109.9948851346643], [503.87718546926646, 243.79935498136592], [384.46346324800584, 384.9948851346643], [-9.877185469266443, 30.200645018634066]], '0@어', 0.0008458811847304301), ([[1544.405813600158, 1889.0176684826517], [1621.0528233066525, 1898.3704590717844], [1598.594186399842, 2076.982331517348], [1521.9471766933475, 2067.6295409282156]], "'", 0.39902008905643527)]
[([[104.54966375475557, -105.99492928885269], [503.9931332566062, 242.26803827252934], [391.45033624524444, 377.9949292888527], [-7.993133256606193, 28.73196172747065]], '교0@0', 0.001907110447064042), ([[740.2594976178453, 400.0392776077462], [838.9989416389417, 452.8782792758445], [809.7405023821547, 507.9607223922538], [710.0010583610583, 455.1217207241555]], '감"', 0.0024600698892296665)]
[([[104.54966375475557, -105.99492928885269], [505.00032040727325, 242.28286370213812], [392.45033624524444, 377.9949292888527], [-8.000320407273271, 28.7171362978619]], '교0-0', 0.0009519272134639323)]
[([[106.53031886010848, -108.9947469531507], [505.946834780981, 239.94365129965686], [389.4696811398915, 379.9947469531507], [-8.946834780981046, 30.056348700343143]], '교0@@', 0.010064330883324146)]
