2032818
65
[([[351, 69], [943, 69], [943, 109], [351, 109]], '임_람 또스든 @월교 맨 엄대? 돕만', 0.001425894153603164), ([[157, 679], [1099, 679], [1099, 915], [157, 915]], '옆심{트초생', 0.0038628823771087)]
[([[255, 327], [611, 327], [611, 387], [255, 387]], '이제 인생에 지청어: .', 0.3272468191222482), ([[255, 437], [559, 437], [559, 497], [255, 497]], '어차피 마지막이니까', 0.9281396630046597), ([[256, 494], [588, 494], [588, 550], [256, 550]], '하고 싶은 대로 해야지.', 0.8556933521864443), ([[273, 609], [387, 609], [387, 653], [273, 653]], '" 그래', 0.5192186832427979), ([[257, 653], [674, 653], [674, 717], [257, 717]], '전부터 마음에 걸리면 미소녀;', 0.3297012861600005), ([[255, 713], [786, 713], [786, 770], [255, 770]], '치에량 맺어진 다음 저세상으로 가자:', 0.3218923133045529)]
[([[1071, 339], [1255, 339], [1255, 401], [1071, 401]], '바로 치예틀', 0.37838958019170393), ([[295, 413], [395, 413], [395, 473], [295, 473]], '어라?', 0.9022361340267466), ([[1095, 395], [1231, 395], [1231, 457], [1095, 457]], '납치해서', 0.8019319176673889), ([[243, 467], [447, 467], [447, 529], [243, 529]], '여긴 어디지?', 0.931223773278326), ([[1059, 449], [1269, 449], [1269, 511], [1059, 511]], '이 폐공장으로', 0.678375458000628), ([[1087, 507], [1237, 507], [1237, 567], [1087, 567]], '데려있다', 0.5298848152160645), ([[646, 1372], [822, 1372], [822, 1572], [646, 1572]], '기', 0.06521783558298822)]
[([[231, 371], [403, 371], [403, 431], [231, 431]], '집이라고?', 0.9851533991502808), ([[1077, 359], [1241, 359], [1241, 413], [1077, 413]], '아저씨:   9', 0.16629030610387255), ([[182, 425], [449, 425], [449, 487], [182, 487]], '어처구니가 없권', 0.17193044776271377), ([[1092, 414], [1230, 414], [1230, 470], [1092, 470]], '저; 집에', 0.9060774366884685), ([[1039, 467], [1229, 467], [1229, 527], [1039, 527]], "'가아하는데 -", 0.34426108807485156), ([[270, 536], [382, 536], [382, 592], [270, 592]], '까악]?', 0.1024630218744278), ([[642, 1374], [818, 1374], [818, 1572], [642, 1572]], '기', 0.15450150429402587)]
[([[124, 236], [297, 236], [297, 297], [124, 297]], '싫어어어?', 0.9356148960351885), ([[457, 149], [677, 149], [677, 359], [457, 359]], '7"', 0.22143022923299666), ([[1153, 283], [1195, 283], [1195, 329], [1153, 329]], '욕', 0.9889955956524012), ([[52, 344], [388, 344], [388, 400], [52, 400]], '하익  도 도와쥐:  ', 0.0941019993590374), ([[1097, 331], [1261, 331], [1261, 393], [1097, 393]], '보지 마요', 0.9457528812285928), ([[31, 447], [397, 447], [397, 509], [31, 509]], '누; 누가 좀 도와쥐어어', 0.6375813799665567), ([[63, 631], [175, 631], [175, 767], [63, 767]], '대)', 0.03650203155621956)]
[([[164, 226], [232, 226], [232, 280], [164, 280]], '곡', 0.08945584305833165), ([[71, 278], [322, 278], [322, 343], [71, 343]], '히의, 히이이익', 0.2140142014088535), ([[1051, 257], [1189, 257], [1189, 317], [1051, 317]], '자; 이결', 0.7561429890801508), ([[1039, 311], [1203, 311], [1203, 371], [1039, 371]], '빠늄건야', 0.03735853359103203), ([[85, 386], [311, 386], [311, 448], [85, 448]], '싶; 어어어어? (', 0.43656071847405004), ([[1076, 368], [1166, 368], [1166, 424], [1076, 424]], '최에', 0.1806326174325184)]
[([[965, 249], [1251, 249], [1251, 311], [965, 311]], '이런 더리운 결  99', 0.24430897760146414), ([[929, 361], [1285, 361], [1285, 421], [929, 421]], '{이제:  그만 치위쥐 ', 0.16549317760505908), ([[1063, 471], [1172, 471], [1172, 532], [1063, 532]], "'슬쩍: `", 0.10418024964047223)]
[([[1003, 219], [1135, 219], [1135, 279], [1003, 279]], '@@흑써', 0.054853763431310654), ([[156, 284], [412, 284], [412, 340], [156, 340]], '흐아이아아이양?', 0.5880418352109583), ([[1003, 329], [1135, 329], [1135, 391], [1003, 391]], '나오다]', 0.10176068605879034), ([[151, 392], [417, 392], [417, 454], [151, 454]], '이앗 뜨워어!', 0.12980082699071574), ([[202, 506], [318, 506], [318, 562], [202, 562]], '싫어어 .', 0.23598312139359817), ([[1085, 1099], [1169, 1099], [1169, 1187], [1085, 1187]], '0', 0.5920507478350636), ([[1125, 1193], [1185, 1193], [1185, 1319], [1125, 1319]], '7', 0.9747440645639962), ([[1011, 1459], [1221, 1459], [1221, 1681], [1011, 1681]], '("7', 0.0324530092221979), ([[30.759041096455505, 1224.0350274072623], [173.67452935246288, 1149.0103431097102], [307.2409589035445, 1444.9649725927377], [164.32547064753712, 1518.9896568902898]], '울?', 0.15354525661538468)]
[([[823, 75], [922, 75], [922, 138], [823, 138]], '아입', 0.11493648776808255), ([[789, 131], [955, 131], [955, 197], [789, 197]], '옷 @행', 0.3749237358570099), ([[837, 237], [925, 237], [925, 301], [837, 301]], '@흡', 0.24024328534575518), ([[779, 347], [971, 347], [971, 413], [779, 413]], '아; 아파 33', 0.20722882888688868), ([[824, 406], [930, 406], [930, 462], [824, 462]], '아', 0.8875693467059733), ([[1021, 337], [1155, 337], [1155, 497], [1021, 497]], '9', 0.1578893777500392), ([[194, 1242], [370, 1242], [370, 1420], [194, 1420]], '기', 0.017093216919655596), ([[1001, 1379], [1111, 1379], [1111, 1489], [1001, 1489]], '등', 0.016720127308289756), ([[1014.8303772201346, 190.12428181517086], [1216.5574080356096, 149.7412657144047], [1237.1696227798654, 314.8757181848291], [1036.4425919643904, 354.25873428559527]], '7"', 0.05646695571499279)]
[([[245, 47], [359, 47], [359, 137], [245, 137]], "'", 0.5768609337429211), ([[789, 91], [987, 91], [987, 153], [789, 153]], '하아 하야 >', 0.13922566500771344), ([[782, 178], [965, 178], [965, 244], [782, 244]], '없에 체빛', 0.011334823672135693), ([[760, 272], [990, 272], [990, 332], [760, 332]], '꽉조이늄보지', 0.2785154316634278), ([[814, 326], [938, 326], [938, 389], [814, 389]], '고얘', 0.3267055555605712), ([[911, 665], [973, 665], [973, 743], [911, 743]], '0', 0.07665441279368057), ([[140, 834], [340, 834], [340, 888], [140, 888]], '이거 놔쥐:    ', 0.4842599285293306), ([[1064, 800], [1186, 800], [1186, 924], [1064, 924]], ')', 0.46235307583651775), ([[176, 892], [288, 892], [288, 942], [176, 942]], '제발 .', 0.1666266164822002), ([[325, 1007], [387, 1007], [387, 1129], [325, 1129]], '5', 0.9803746641397062), ([[750, 1032], [915, 1032], [915, 1269], [750, 1269]], '17', 0.22883776485206134), ([[211.9285847742017, 1232.0359131356056], [379.5177327848283, 1274.2742706872548], [341.07141522579826, 1412.9640868643944], [173.4822672151717, 1369.7257293127452]], '6 ?', 0.8233453298745123)]
[([[1080, 301], [1253, 301], [1253, 363], [1080, 363]], '이부 ~', 0.24198526814488475), ([[1001, 357], [1331, 357], [1331, 419], [1001, 419]], '제발 구하례 외쥐   6', 0.05280421409628947), ([[150, 410], [333, 410], [333, 470], [150, 470]], '안 되지:33', 0.4486548846729048), ([[137, 465], [349, 465], [349, 525], [137, 525]], '치에눈 여기서', 0.5205579990842211), ([[57, 519], [429, 519], [429, 581], [57, 581]], '내아이틀 낭울 거야 -8 ', 0.5275604026099515)]
[([[938, 114], [992, 114], [992, 162], [938, 162]], '(2', 0.9836808215891175), ([[1102, 304], [1240, 304], [1240, 360], [1102, 360]], '회이익?', 0.29845449328422546), ([[396, 380], [428, 380], [428, 436], [396, 436]], '5', 0.999427043038569), ([[1065, 357], [1277, 357], [1277, 417], [1065, 417]], '제발 그만   ', 0.3148878551412865), ([[1051, 413], [1289, 413], [1289, 473], [1051, 473]], '댐차 주세요 %', 0.1469855938698054), ([[407, 641], [479, 641], [479, 817], [407, 817]], '속', 0.2625150667659568), ([[834, 672], [884, 672], [884, 776], [834, 776]], '{', 0.004093770048464229), ([[1034, 826], [1086, 826], [1086, 876], [1034, 876]], '(4', 0.33049739939534245), ([[1041, 875], [1081, 875], [1081, 923], [1041, 923]], '8', 0.7919141047839418), ([[411.5630697925246, 432.0239351119737], [446.9425717247145, 437.50337089551385], [432.4369302074754, 530.9760648880263], [398.0574282752855, 525.4966291044861]], '%', 0.007269124686109019)]
[([[198, 374], [306, 374], [306, 424], [198, 424]], '크릇', 0.7301936315975424), ([[1047, 361], [1301, 361], [1301, 423], [1047, 423]], '잇앗? 아이앗 ', 0.20381771294693826), ([[117, 425], [403, 425], [403, 485], [117, 485]], '못밤아이군나3 ', 0.03527272939349701), ([[1112, 460], [1195, 460], [1195, 509], [1112, 509]], '@', 0.2857335825098204), ([[63, 544], [449, 544], [449, 605], [63, 605]], '이거 벌흘 쥐야켓는결 ', 0.33951908004259906), ([[415, 1341], [451, 1341], [451, 1381], [415, 1381]], '9', 0.9549089509818174), ([[784, 1212], [862, 1212], [862, 1434], [784, 1434]], '흉', 0.015178843827302002), ([[817, 1435], [861, 1435], [861, 1493], [817, 1493]], '@', 0.5260206841749984)]
[([[52, 102], [132, 102], [132, 216], [52, 216]], "(논'", 0.1532118032530188), ([[574, 250], [626, 250], [626, 344], [574, 344]], '(유', 0.059671631548592494), ([[829, 186], [996, 186], [996, 321], [829, 321]], '(눕00', 0.16769957542419434), ([[1005, 281], [1305, 281], [1305, 343], [1005, 343]], '납치감금당한 날부터', 0.6127857049795958), ([[909, 329], [1350, 329], [1350, 445], [909, 445]], "'(움대일같이 멈렉최다", 0.00011879677943293287), ([[967, 393], [1031, 393], [1031, 455], [967, 455]], '%', 0.9935836335835724), ([[229, 563], [271, 563], [271, 615], [229, 615]], '0', 0.1888818707767861), ([[235, 617], [271, 617], [271, 661], [235, 661]], '8', 0.04482285544586162), ([[219, 1081], [361, 1081], [361, 1193], [219, 1193]], '@7', 0.13434258316804326), ([[263, 1204], [421, 1204], [421, 1317], [263, 1317]], '(용7', 0.2505433305637953), ([[45, 1357], [425, 1357], [425, 1419], [45, 1419]], '아무리 자비름 구절해되도', 0.15695596478927057), ([[85, 1413], [381, 1413], [381, 1473], [85, 1473]], '상황은 변하지 않고', 0.3977824694595319), ([[91, 1469], [381, 1469], [381, 1529], [91, 1529]], '치에눈근저 남자가', 0.3170472099229941), ([[9, 1521], [457, 1521], [457, 1585], [9, 1585]], '가지고 노는 대로 계속 당황다  ', 0.2967976880806112)]
[([[52, 102], [132, 102], [132, 216], [52, 216]], "(논'", 0.1532118032530188), ([[1007, 177], [1333, 177], [1333, 237], [1007, 237]], '후후; 오늘되 아기씨틀', 0.24115462714359584), ([[830, 186], [995, 186], [995, 321], [830, 321]], '(눕00', 0.14706116914749146), ([[1026, 231], [1310, 231], [1310, 293], [1026, 293]], '한가득 부어젯다고;', 0.16684664761902596), ([[898, 318], [1044, 318], [1044, 472], [898, 472]], "'", 0.7675737755627132), ([[1041, 344], [1303, 344], [1303, 409], [1041, 409]], '치예량 내아이가', 0.05374761636552001), ([[1067, 401], [1275, 401], [1275, 463], [1067, 463]], '정말 기대돼~', 0.21156103337624252), ([[229, 563], [271, 563], [271, 615], [229, 615]], '0', 0.20866647040922803), ([[235, 617], [271, 617], [271, 661], [235, 661]], '8', 0.03532397027725254), ([[331, 933], [497, 933], [497, 993], [331, 993]], '아 기 `', 0.10564159867671566), ([[363, 987], [469, 987], [469, 1047], [363, 1047]], '싫어: `', 0.10861419437176326), ([[219, 1081], [361, 1081], [361, 1193], [219, 1193]], '@7', 0.11404481679828035), ([[260, 1201], [425, 1201], [425, 1322], [260, 1322]], '(용7', 0.1357830842138883), ([[572.282298704529, 250.04307924759115], [616.897366596101, 245.3079002116969], [626.717701295471, 344.95692075240885], [582.102633403899, 349.6920997883031]], '(유', 0.02160225585682548)]
[([[147, 187], [497, 187], [497, 249], [147, 249]], '푹 풀어주시늄 건가요?', 0.484725157992245), ([[1040, 210], [1308, 210], [1308, 266], [1040, 266]], '걱정 안 해도 금방', 0.9589416124159994), ([[252, 290], [388, 290], [388, 340], [252, 340]], '그래:)', 0.22361910343170166), ([[1005, 263], [1345, 263], [1345, 325], [1005, 325]], '누가 구하리 올 거야  .', 0.6293684529515766), ([[137, 343], [507, 343], [507, 403], [137, 403]], '어차피 난 곧 죽거튼 3 .', 0.1865874652530076), ([[1128, 370], [1206, 370], [1206, 424], [1128, 424]], '에?', 0.6905002722562223), ([[143, 459], [481, 459], [481, 523], [143, 523]], '@모 그럴수가 %', 0.11342043213268253), ([[224, 572], [436, 572], [436, 628], [224, 628]], '그러니까 " .', 0.14238557685470826), ([[781, 629], [915, 629], [915, 819], [781, 819]], '@', 0.2964252020650662)]
[([[74, 214], [565, 214], [565, 279], [74, 279]], '치에 네가; 아이름 잘 돌보주럼: ?', 0.12375649629263998), ([[1001, 209], [1272, 209], [1272, 269], [1001, 269]], '마지막으로 치에가', 0.6171600800186023), ([[120, 270], [521, 270], [521, 333], [120, 333]], '난 지켜출 수 없으니가 8', 0.24872130222578992), ([[921, 263], [1321, 263], [1321, 325], [921, 325]], '내 아기씨로 임신한 다음  ', 0.538484161791056), ([[203, 377], [287, 377], [287, 413], [203, 413]], '490', 0.19266910322833075), ([[309, 377], [373, 377], [373, 417], [309, 417]], '의호', 0.12814850091572796), ([[128, 428], [490, 428], [490, 480], [128, 480]], '이0  엄마 "" 아까 "9', 0.06661344931149507), ([[208, 537], [392, 537], [392, 593], [208, 593]], '무슨 소리니', 0.9229004041923095), ([[53, 591], [555, 591], [555, 653], [53, 653]], '치에 네가 엄마가 되는 거린다  3 .', 0.34578657902786814), ([[784, 638], [910, 638], [910, 814], [784, 814]], '@', 0.7245768274914077)]
[([[81, 197], [541, 197], [541, 259], [81, 259]], '완전히 임산부의 몸이 된 치에는', 0.6476027030360488), ([[1114, 214], [1252, 214], [1252, 266], [1114, 266]], '아아 ', 0.19492928965915376), ([[77, 253], [481, 253], [481, 315], [77, 315]], '이젠 저항할 힘조차 없없다:', 0.30815659746054025), ([[1113, 265], [1255, 265], [1255, 325], [1113, 325]], '아이 ?', 0.3369637682533509), ([[13, 364], [559, 364], [559, 429], [13, 429]], '(아아; 이대로 아기름 낭논 건가 )', 0.3263113807996294), ([[75, 479], [436, 479], [436, 541], [75, 541]], '그런 생각올 하고 있자나:', 0.3336972569641258)]
[([[938, 114], [992, 114], [992, 162], [938, 162]], '(2', 0.9857652568329655), ([[191, 155], [283, 155], [283, 217], [191, 217]], "'하아", 0.9890953002295909), ([[1068, 172], [1212, 172], [1212, 226], [1068, 226]], '자; 치에', 0.4646380392929939), ([[170, 210], [296, 210], [296, 264], [170, 264]], '하아  ', 0.4467376172542572), ([[1030, 228], [1266, 228], [1266, 284], [1030, 284]], "'맘마 시간이야~", 0.5057914053811394), ([[165, 299], [305, 299], [305, 359], [165, 359]], "'하아위?", 0.4113057251490315), ([[958, 319], [1307, 319], [1307, 379], [958, 379]], '오늘도 맛을 한번 볼까?', 0.6732638468748986), ([[396, 380], [426, 380], [426, 436], [396, 436]], '5', 0.9996812597626246), ([[408, 642], [477, 642], [477, 816], [408, 816]], '%', 0.023319294527656353), ([[832, 672], [884, 672], [884, 778], [832, 778]], '#', 0.02527790876564162), ([[1034, 826], [1086, 826], [1086, 876], [1034, 876]], '(4', 0.6360341027091954), ([[1041, 875], [1081, 875], [1081, 923], [1041, 923]], '8', 0.7318913368773714), ([[411.5630697925246, 432.0239351119737], [446.9425717247145, 437.50337089551385], [432.4369302074754, 530.9760648880263], [398.0574282752855, 525.4966291044861]], '4', 0.005720240893229089)]
[([[1146, 162], [1280, 162], [1280, 218], [1146, 218]], '아아    5', 0.09853632704319379), ([[44, 183], [447, 183], [447, 248], [44, 248]], '하아; 이렇계 맛있는 맘마을', 0.17202500135657622), ([[81, 241], [415, 241], [415, 301], [81, 301]], '매일 딸수있다니3', 0.24183298884625257), ([[61, 295], [435, 295], [435, 357], [61, 357]], '아기나 나나 행복하구만~', 0.8753181248125484), ([[897, 546], [965, 546], [965, 757], [897, 757]], '틈', 0.5476821452427352)]
[([[54, 102], [134, 102], [134, 216], [54, 216]], '(손"', 0.31159999737586536), ([[829, 186], [994, 186], [994, 323], [829, 323]], '(눕00', 0.11629869788885117), ([[896, 316], [1044, 316], [1044, 472], [896, 472]], '73', 0.06697520676507632), ([[1164, 356], [1268, 356], [1268, 408], [1164, 408]], '욕', 0.9919423710981654), ([[1104, 410], [1326, 410], [1326, 466], [1104, 466]], '하아  하아"', 0.21415378485823247), ([[1103, 505], [1315, 505], [1315, 565], [1103, 565]], '(태어 나 )', 0.20784815013423272), ([[231, 565], [271, 565], [271, 661], [231, 661]], '춤', 0.030152665258399658), ([[219, 1081], [361, 1081], [361, 1193], [219, 1193]], '@7', 0.10774714630926994), ([[260, 1201], [425, 1201], [425, 1322], [260, 1322]], '(%7', 0.09253504197280828), ([[573.4019155871075, 251.03589937299262], [616.5965812281363, 246.26175893585363], [625.5980844128925, 343.9641006270074], [582.4034187718637, 347.73824106414634]], '(표', 0.09004401560761242)]
[([[1074, 144], [1242, 144], [1242, 196], [1074, 196]], '아아아 "', 0.4924674064408611), ([[1011, 270], [1290, 270], [1290, 331], [1011, 331]], '아기 태어낫어:  .', 0.20710623573939735), ([[1030, 428], [1268, 428], [1268, 482], [1030, 482]], '내가 낭앗어:  .', 0.11129859273636561), ([[101, 1009], [197, 1009], [197, 1049], [101, 1049]], '으으 :', 0.26490512153138573), ([[180, 1000], [381, 1000], [381, 1062], [180, 1062]], "'으아아아이양:", 0.356879982341791), ([[1190, 1096], [1274, 1096], [1274, 1174], [1190, 1174]], '0 0', 0.7501060366630554), ([[991, 907], [1243, 907], [1243, 1611], [991, 1611]], '*', 0.9529999252977319), ([[150.8969378160743, 1393.018440700622], [400.17632684936643, 1364.6967731578723], [431.1030621839257, 1757.981559299378], [181.82367315063354, 1786.3032268421277]], '국"', 0.061513923362156615)]
[([[1115, 211], [1330, 211], [1330, 274], [1115, 274]], '태어난 아이늄', 0.9072685795108957), ([[1115, 267], [1325, 267], [1325, 327], [1115, 327]], '여자아이있다;', 0.36755210094487367), ([[50, 328], [432, 328], [432, 384], [50, 384]], '유이     많마 시간이에요~', 0.5260907030297252), ([[1085, 324], [1326, 324], [1326, 380], [1085, 380]], '치에는 유이라늄', 0.585139245710184), ([[168, 384], [256, 384], [256, 436], [168, 436]], '후후;', 0.5317056016003934), ([[1086, 380], [1328, 380], [1328, 436], [1086, 436]], '이름올 지어주고', 0.6177501965130124), ([[78, 436], [402, 436], [402, 492], [78, 492]], '정신없이 빨고 있어: .', 0.4722942338832171), ([[1162, 436], [1328, 436], [1328, 490], [1162, 490]], '서류르지만', 0.20077778137787258), ([[523, 507], [543, 507], [543, 531], [523, 531]], '0', 0.9955219208026769), ([[1044, 490], [1322, 490], [1322, 546], [1044, 546]], '엄마로서 다가짓다:', 0.30147549966854315), ([[151, 1065], [220, 1065], [220, 1233], [151, 1233]], '입', 0.006525280725089511), ([[109.25835272299933, 1279.0211726524883], [206.05561577374422, 1266.6488065072335], [228.74164727700068, 1479.9788273475117], [131.94438422625578, 1492.3511934927665]], '셈', 0.14086117817828736)]
[([[1131, 21], [1237, 21], [1237, 111], [1131, 111]], '1', 0.39917341899764835), ([[38, 242], [142, 242], [142, 298], [38, 298]], '응햇?', 0.5942233232317395), ([[38, 354], [238, 354], [238, 402], [38, 402]], '으혹   으으', 0.23165848716611864), ([[355, 317], [443, 317], [443, 417], [355, 417]], '좁', 0.012535083597207342), ([[34, 408], [330, 408], [330, 464], [34, 464]], '지, 지금은 안 돼애', 0.8471978272924304), ([[38, 464], [388, 464], [388, 520], [38, 520]], '맘마 주고 있는데 . 아양!', 0.21138685294234222), ([[329, 583], [429, 583], [429, 740], [329, 740]], '(', 0.7026530386397702), ([[195, 1223], [357, 1223], [357, 1463], [195, 1463]], '구:', 0.30168616294926814), ([[923, 1573], [1031, 1573], [1031, 1697], [923, 1697]], ')', 0.42922284532700417), ([[918.2742673037723, 1401.0878195769685], [1126.2458429758165, 1384.344126321131], [1129.7257326962276, 1532.9121804230315], [920.7541570241835, 1549.655873678869]], '[', 0.22881371734634914)]
[([[190, 228], [288, 228], [288, 280], [190, 280]], '응흐으', 0.2263635694060569), ([[1128, 220], [1214, 220], [1214, 274], [1128, 274]], '훈휴;', 0.09079678014426346), ([[117, 281], [405, 281], [405, 341], [117, 341]], '거, 거짓말챙이: " .', 0.2543188632272847), ([[1022, 271], [1323, 271], [1323, 335], [1022, 335]], '어뒷하 엄마가 뒷네?', 0.05927295002075294), ([[162, 394], [370, 394], [370, 448], [162, 448]], '아기 낭으면 .', 0.37979462856048857), ([[149, 450], [333, 450], [333, 504], [149, 504]], '풀어준다고 .', 0.461725515510628), ([[302, 1198], [334, 1198], [334, 1240], [302, 1240]], '7', 0.7196921407157788), ([[921, 1581], [1035, 1581], [1035, 1695], [921, 1695]], '그', 0.8890656966992196), ([[189.00585519999686, 1209.0235447199336], [347.48389738628504, 1195.263519797827], [362.99414480000314, 1461.9764552800664], [205.51610261371496, 1475.736480202173]], '#:', 0.10634316406722374), ([[914.2566623974616, 1401.0896252553773], [1126.6264704193586, 1387.835389633127], [1126.7433376025385, 1531.9103747446227], [914.3735295806413, 1546.164610366873]], '%', 0.12838217920560968)]
[([[91, 207], [494, 207], [494, 267], [91, 267]], '그래; 물론 풀어쥐야지', 0.4194780260463099), ([[133, 261], [453, 261], [453, 321], [133, 321]], '하지만 조금만 더:', 0.7411270497717914), ([[187, 317], [401, 317], [401, 377], [187, 377]], '탕에가 제대로', 0.15701013049104776), ([[1037, 353], [1081, 353], [1081, 399], [1037, 399]], '5', 0.004559351858746119), ([[121, 371], [467, 371], [467, 433], [121, 433]], '엄마 구실을 합수있나', 0.16210214946662738), ([[161, 425], [421, 425], [421, 487], [161, 487]], '확인하고 나서  %', 0.07325392284045547), ([[1025, 420], [1069, 420], [1069, 531], [1025, 531]], '$', 0.7118603522775544), ([[145, 513], [430, 513], [430, 570], [145, 570]], '흐아아 "흐아으:  ;', 0.12359058516680133), ([[111, 603], [459, 603], [459, 663], [111, 663]], '흐; 흔들리면, 안 돼   ?', 0.11694858219310351), ([[119, 655], [380, 655], [380, 721], [119, 721]], '유이가; 무서워해:', 0.6811471445150797), ([[460, 714], [539, 714], [539, 841], [460, 841]], '숲', 0.8022851772516937), ([[473, 827], [561, 827], [561, 915], [473, 915]], "(>'", 0.013324186557854773), ([[302, 1198], [334, 1198], [334, 1240], [302, 1240]], '7', 0.7505056160882759), ([[923, 1577], [1037, 1577], [1037, 1695], [923, 1695]], '그', 0.9552061417587119), ([[190.05319542856842, 1210.0224235427938], [341.6159665942411, 1195.9510354965466], [359.9468045714316, 1460.9775764572062], [208.38403340575888, 1475.0489645034534]], '국', 0.017162791312230752), ([[914.3250434477113, 1403.0879127532576], [1124.833400602388, 1388.4446962906131], [1126.6749565522887, 1529.9120872467424], [915.1665993976118, 1544.5553037093869]], '[', 0.04161980440632451)]
[([[877, 249], [1167, 249], [1167, 311], [877, 311]], '어디서 가져온 건지,', 0.668870641135701), ([[865, 305], [1177, 305], [1177, 365], [865, 365]], '텔에눈 남자가 가져온', 0.17335909274875122), ([[879, 361], [1171, 361], [1171, 421], [879, 421]], '신분 의상울 입없다.', 0.6204558793905811), ([[918, 456], [1172, 456], [1172, 512], [918, 512]], '김리고그 배에는', 0.15724124228959185), ([[845, 509], [1107, 509], [1107, 571], [845, 571]], '벌써 둘째아이가', 0.5792097378375721)]
[([[821, 255], [1123, 255], [1123, 317], [821, 317]], '잡 기념 촬영해야지:', 0.29543525316219366), ([[110, 300], [284, 300], [284, 352], [110, 352]], '네 옛:  " .', 0.1769942804099187), ([[1042, 316], [1170, 316], [1170, 370], [1042, 370]], '웃어 뵈.', 0.38932586965750465), ([[841, 409], [1133, 409], [1133, 471], [841, 471]], '가족의주억이라고 .', 0.49401536032827853), ([[973, 503], [1185, 503], [1185, 563], [973, 563]], '대가 없어저도', 0.6703535061382613), ([[866, 551], [1113, 551], [1113, 619], [866, 619]], '쓸쓸하제 않도록:', 0.2718905803281016)]
[([[992, 266], [1158, 266], [1158, 320], [992, 320]], '(히아의 ?', 0.03896009052309328), ([[963, 315], [1160, 315], [1160, 382], [963, 382]], '쥐어지면 ~', 0.42945636984592883), ([[980, 378], [1150, 378], [1150, 430], [980, 430]], '안돼애 % 9', 0.04505595102930429), ([[929, 491], [1157, 491], [1157, 553], [929, 553]], "'아기| 유이한데", 0.44356039152416477), ([[934, 550], [1148, 550], [1148, 604], [934, 604]], '줄 거아이 " 9', 0.04249257355856408), ([[872, 604], [1156, 604], [1156, 661], [872, 661]], '\'후아아 "흐아그 " ', 0.030353125129235187)]
[([[46, 285], [343, 285], [343, 351], [46, 351]], '몇년 후의 나에게 .', 0.09523174209745838), ([[954, 270], [1178, 270], [1178, 326], [954, 326]], '이절 볼 때;엔', 0.10394509420883458), ([[791, 323], [1181, 323], [1181, 385], [791, 385]], '아빠눈이 세상에 없젯지만', 0.18859204705273516), ([[44, 388], [330, 388], [330, 444], [44, 444]], '아이들과 함께 부다', 0.8437538154543203), ([[45, 437], [381, 437], [381, 502], [45, 502]], '행복하게 살아주세요 ~', 0.1914034205752861), ([[807, 421], [1183, 421], [1183, 481], [807, 481]], '임마늄이봉체 행복하니까', 0.086514942447512), ([[50, 498], [176, 498], [176, 550], [50, 550]], '부탁 ', 0.29661427957865677), ([[823, 475], [1179, 475], [1179, 535], [823, 535]], '너욱엄마량 치에량 함께', 0.1993044576928535), ([[50, 552], [210, 552], [210, 606], [50, 606]], '함계요  !', 0.09496618443675849), ([[865, 531], [1175, 531], [1175, 591], [865, 591]], '근세체 살아가려무나.', 0.6368703034729474)]
[([[150, 322], [782, 322], [782, 554], [150, 554]], '구~ /', 0.5338496565818787), ([[66, 584], [546, 584], [546, 640], [66, 640]], '"그리하여 난 저세상으로 떠낫다.', 0.846926580450098)]
[([[1043, 229], [1329, 229], [1329, 289], [1043, 289]], '마지막으로 본 젓은', 0.8446788676852732), ([[999, 283], [1323, 283], [1323, 345], [999, 345]], '사랑스런 아내의 모습;', 0.7285298727157534), ([[1120, 380], [1328, 380], [1328, 436], [1120, 436]], '치에눈 망연히', 0.3174451714292061), ([[1003, 435], [1329, 435], [1329, 495], [1003, 495]], '내 최후름 지경뵈싶다:', 0.14798955903852976)]
[([[76, 230], [364, 230], [364, 284], [76, 284]], '거기 누구 있습니까:', 0.5220840932626184), ([[1144, 224], [1262, 224], [1262, 274], [1144, 274]], '얼마 후.', 0.9469306328216999), ([[74, 320], [424, 320], [424, 372], [74, 372]], '경찰들이 어둠 속에 있는', 0.793511785701896), ([[74, 374], [418, 374], [418, 428], [74, 428]], '소녀의 모습올 발견햇다.', 0.5302230220875956)]
[([[1008, 202], [1322, 202], [1322, 256], [1008, 256]], '의 으아아아아아악:?', 0.4238297016495211), ([[25, 317], [515, 317], [515, 384], [25, 384]], '하하; 하하하; 하하; 하하 - ?', 0.1705853701333899), ([[1109, 347], [1318, 347], [1318, 403], [1109, 403]], '너무나도 변한', 0.9933497496855752), ([[1107, 401], [1320, 401], [1320, 461], [1107, 461]], '소녀의 모습에', 0.9102261499281599), ([[1023, 457], [1317, 457], [1317, 517], [1023, 517]], '한동안 숨올 심쳐다:', 0.2224423190712588)]
[([[1002, 240], [1138, 240], [1138, 296], [1002, 296]], '몇년후', 0.9987611059357561), ([[731, 335], [1132, 335], [1132, 390], [731, 390]], '난 3명의 여성에게 둘러싸인', 0.7242218371922581), ([[750, 390], [1064, 390], [1064, 446], [750, 446]], '생활올 지내고 있없다', 0.4863416749396458), ([[865, 489], [1131, 489], [1131, 549], [865, 549]], '이건 끊이 아니다.', 0.650172965376247)]
[([[976, 250], [1201, 250], [1201, 306], [976, 306]], '믿을 수 없지만:', 0.6773598271843019), ([[886, 306], [1248, 306], [1248, 362], [886, 362]], '지금의 내 모습은 이렇다.', 0.910412280268924), ([[737, 358], [1253, 358], [1253, 418], [737, 418]], '언제부터 의식이 속뒷는지논 모르다.', 0.17362021455085014), ([[724, 416], [1248, 416], [1248, 472], [724, 472]], '하지만 분명히 전생의 기억이 있없다.', 0.8265682927498036), ([[840, 518], [1244, 518], [1244, 570], [840, 570]], '그리고 난  .내 가족은  .', 0.6365607957992079)]
[([[935, 139], [1163, 139], [1163, 199], [935, 199]], '할머니 리초코.', 0.5524495502794945), ([[80, 172], [154, 172], [154, 226], [80, 226]], '그럼', 0.8065565562235248), ([[816, 196], [1170, 196], [1170, 250], [816, 250]], '매일 손수 요리지 해주는', 0.29504856647349426), ([[77, 225], [291, 225], [291, 287], [77, 287]], '엄마량 누괴클', 0.11165357137101387), ([[946, 250], [1162, 250], [1162, 306], [946, 306]], '마음착한 사람.', 0.49324229580532275), ([[78, 282], [226, 282], [226, 338], [78, 338]], '불러오럼?', 0.5876303391761671), ([[900, 342], [1166, 342], [1166, 398], [900, 398]], '남편은 몇 년 전에', 0.6050363534850344), ([[839, 395], [1167, 395], [1167, 455], [839, 455]], '세상든 떠낫다고 한다', 0.3193552376093816)]
[([[136, 169], [377, 169], [377, 230], [136, 230]], '엄마인방에:', 0.034730403698425956), ([[133, 224], [258, 224], [258, 286], [133, 286]], '예전에}', 0.3123531937599182), ([[136, 278], [405, 278], [405, 343], [136, 343]], '대가 범햇딩 소_', 0.0556250904962891), ([[133, 379], [541, 379], [541, 446], [133, 446]], '이젠여성이라 불리안켓진만', 0.2376562931720391), ([[131, 435], [449, 435], [449, 497], [131, 497]], '그때의충계 때문인체', 0.32428952122685606), ([[132, 491], [523, 491], [523, 555], [132, 555]], '출집예만외눕젯같다', 0.07806481212335692)]
[([[135, 199], [351, 199], [351, 261], [135, 261]], '8 알있어   "', 0.11211198416382263), ([[1079, 207], [1291, 207], [1291, 267], [1079, 267]], '0|003', 0.17069698843882394), ([[136, 256], [316, 256], [316, 312], [136, 312]], '지금 갈계 ?', 0.22135893756908948), ([[136, 310], [360, 310], [360, 366], [136, 366]], '괜찮어까  "', 0.10413200389472778), ([[1065, 325], [1291, 325], [1291, 385], [1065, 385]], '내 모습음-보', 0.15222142825718743), ([[134, 366], [244, 366], [244, 422], [134, 422]], '까악?', 0.6436396330644009), ([[1095, 379], [1289, 379], [1289, 439], [1095, 439]], '말울 걸없다', 0.3730909836063651), ([[1160, 468], [1294, 468], [1294, 520], [1160, 520]], '엄마  ', 0.2073362171649933), ([[1128, 522], [1294, 522], [1294, 578], [1128, 578]], '밥드세요', 0.692096471786499)]
[([[120, 182], [252, 182], [252, 236], [120, 236]], '정말 3', 0.6651347279548645), ([[903, 161], [1325, 161], [1325, 221], [903, 221]], '엄마;나; 엄마 맘마가 종연]', 0.08688016671600816), ([[112, 232], [473, 232], [473, 298], [112, 298]], '가슴음안 된다니까 38', 0.48923910589131653), ([[925, 212], [1322, 212], [1322, 279], [925, 279]], '(아아  그리운 맛이야 )', 0.3681417402790766)]
[([[1027, 182], [1303, 182], [1303, 246], [1027, 246]], '아양 아양아이양생', 0.28885315776832443), ([[64, 245], [279, 245], [279, 307], [64, 307]], '하아하아 386', 0.15521693226021796), ([[1061, 241], [1301, 241], [1301, 303], [1061, 303]], '안돼| 빨면  ', 0.029382143294911903), ([[855, 294], [1303, 294], [1303, 355], [855, 355]], '이제 망마눈 졸업햇장기 300', 0.11335843290782992), ([[83, 347], [291, 347], [291, 409], [83, 409]], '(이런괜이제', 0.19122200574215933), ([[92, 400], [467, 400], [467, 467], [92, 467]], '못하게 해아되논데3인)', 0.05309392069799014), ([[83, 459], [287, 459], [287, 519], [83, 519]], '(하지만 38)', 0.1358355516579594)]
[([[49, 275], [249, 275], [249, 340], [49, 340]], '눈나인유줍', 0.06127794550921985), ([[892, 261], [1149, 261], [1149, 326], [892, 326]], '헤헤; 다 뵙지콩', 0.11903885244037704), ([[49, 333], [297, 333], [297, 395], [49, 395]], '그사야기없지만', 0.22197480951400436), ([[997, 357], [1151, 357], [1151, 417], [997, 417]], '아; 눈나;', 0.3633876058728506), ([[51, 387], [339, 387], [339, 449], [51, 449]], '지금음내-나라내', 0.550452167433501), ([[51, 441], [307, 441], [307, 505], [51, 505]], '이상한 기분이야  ', 0.735752816893536), ([[143, 721], [325, 721], [325, 947], [143, 947]], '1', 0.7148203461997618)]
[([[66, 262], [272, 262], [272, 314], [66, 314]], '응 "조금만"', 0.1352577628483465), ([[821, 247], [1164, 247], [1164, 307], [821, 307]], '대체 언제가지 엄마한데', 0.4203411593110817), ([[821, 301], [1161, 301], [1161, 363], [821, 363]], '어리광분길거야 @@', 0.26404455968665114), ([[1028, 398], [1164, 398], [1164, 452], [1028, 452]], '전기', 0.24424358166614898), ([[877, 451], [1169, 451], [1169, 511], [877, 511]], '평소처림 알자  ?', 0.055709425032970425), ([[105.68544502695995, 788.4272251347998], [236.0858000378159, 698.099099602933], [340.31455497304006, 881.5727748652002], [209.9141999621841, 972.900900397067]], "'1", 0.3745213461496016)]
[([[1009, 251], [1137, 251], [1137, 295], [1009, 295]], '후후 3', 0.13912494715900403), ([[970, 301], [1140, 301], [1140, 357], [970, 357]], '아무한되도', 0.16928049400918663), ([[869, 355], [1137, 355], [1137, 415], [869, 415]], '말하면 안 돼', 0.47068506677856), ([[967, 451], [1139, 451], [1139, 511], [967, 511]], '간랑이  ', 0.12093287781027383), ([[837, 507], [1137, 507], [1137, 569], [837, 569]], '데자세히 비반@', 0.01657784709262662), ([[135, 721], [345, 721], [345, 951], [135, 951]], '1', 0.5403687254643188)]
[([[30, 276], [216, 276], [216, 332], [30, 332]], '이렇계 맨날', 0.1924594932938129), ([[31, 329], [327, 329], [327, 391], [31, 391]], '알몸올 보화고한다; ', 0.12002295441231334), ([[29, 435], [398, 435], [398, 497], [29, 497]], '성에 눈음 평다늄-건젯지.', 0.016735761338651314), ([[31, 493], [243, 493], [243, 553], [31, 553]], '내가아무짓다', 0.1358865749103602), ([[30, 548], [254, 548], [254, 604], [30, 604]], '모르눈 출일고', 0.12970961878986145), ([[27, 601], [271, 601], [271, 661], [27, 661]], '동생에체 알몸올', 0.4199475415662239), ([[29, 657], [253, 657], [253, 717], [29, 717]], '보여주고있다;', 0.4871463962862623), ([[29, 711], [245, 711], [245, 773], [29, 773]], '보라고 하니까', 0.5740699622536186), ([[28, 768], [208, 768], [208, 824], [28, 824]], '흥분되찮야 ', 0.20188032178889886)]
[([[25, 271], [275, 271], [275, 335], [25, 335]], '(아  원가 퍼기', 0.10832862584470855), ([[35, 326], [346, 326], [346, 388], [35, 388]], '움질움질하눈데: "%)', 0.08626063628329943), ([[137, 729], [345, 729], [345, 949], [137, 949]], '1', 0.4899275544243018)]
[([[1077, 103], [1289, 103], [1289, 169], [1077, 169]], "'누나; 나더늄", 0.28870696970538784), ([[341, 169], [411, 169], [411, 229], [341, 229]], '어?', 0.9939984353746936), ([[1060, 159], [1289, 159], [1289, 223], [1060, 223]], '못 참켓어 8', 0.12555939164542085), ([[343, 259], [497, 259], [497, 323], [343, 323]], '야 잠깐', 0.48235005140304565), ([[343, 311], [512, 311], [512, 373], [343, 373]], '잠깐만', 0.99107723662996), ([[345, 369], [483, 369], [483, 429], [345, 429]], '아 예권', 0.13763744641584189), ([[345, 423], [601, 423], [601, 487], [345, 487]], '안되다니가떠 |', 0.029353861779756293)]
[([[258, 136], [405, 136], [405, 199], [258, 199]], '하아하야', 0.15511645376682281), ([[1170, 166], [1313, 166], [1313, 231], [1170, 231]], '아하일?', 0.1588488072156906), ([[253, 226], [723, 226], [723, 294], [253, 294]], '@류; 건먹음 업굴이 {엽구만) ', 0.024832481141852273), ([[1025, 222], [1312, 222], [1312, 286], [1025, 286]], '아; 아프다고오3 ', 0.4076825572435274), ([[257, 283], [624, 283], [624, 349], [257, 349]], '(어뒤 이대로안에`', 0.1900353650110064), ([[1120, 284], [1310, 284], [1310, 336], [1120, 336]], '003그만"', 0.28154201629063913), ([[1145, 333], [1311, 333], [1311, 395], [1145, 395]], '멈취 훌쩍', 0.13609340244545898), ([[297, 381], [438, 381], [438, 443], [297, 443]], '흐이잇?', 0.046809952706098557), ([[297, 435], [517, 435], [517, 497], [297, 497]], '딱 뜨워임', 0.021193813200079438), ([[296, 526], [437, 526], [437, 588], [296, 588]], '아뇨이', 0.1076428639612593)]
[([[121, 155], [243, 155], [243, 215], [121, 215]], '할머니', 0.996599762634427), ([[970, 144], [1156, 144], [1156, 200], [970, 200]], '00? 유이?', 0.9218552721121448), ([[985, 195], [1157, 195], [1157, 255], [985, 255]], '왜 그러니?', 0.9171554952669543), ([[154, 312], [242, 312], [242, 366], [154, 366]], '까악!', 0.662148451408689)]
[([[62, 156], [230, 156], [230, 210], [62, 210]], '아아아양?', 0.8197566309909622), ([[861, 143], [1179, 143], [1179, 210], [861, 210]], '이런 아름다운 미인올', 0.8695353315998374), ([[66, 210], [318, 210], [318, 266], [66, 266]], '안 돼, 그런 짓은:', 0.4989904851914128), ([[760, 201], [1177, 201], [1177, 263], [760, 263]], '(할머니라 부르니 부끄럽지만', 0.5281634980410328), ([[64, 302], [198, 302], [198, 358], [64, 358]], '응하앗?', 0.26724374294281006), ([[793, 327], [1121, 327], [1121, 387], [793, 387]], '나 아직 맘마 부족한데:', 0.36931711621675656), ([[60, 406], [196, 406], [196, 460], [60, 460]], '조옥포욕', 0.257949560880661), ([[914, 384], [1142, 384], [1142, 438], [914, 438]], '더 빨고 싶어   .', 0.6522538392820235)]
[([[53, 221], [461, 221], [461, 281], [53, 281]], '(이런 건 .안 되는데 " )', 0.19278966173638162), ([[42, 280], [148, 280], [148, 330], [42, 330]], '하앗:?', 0.5967284440994263)]
[([[34, 250], [352, 250], [352, 306], [34, 306]], '저 애도 외로운 결까 ', 0.7071979089711984), ([[36, 306], [336, 306], [336, 362], [36, 362]], '해선 안 월 짓이지만', 0.4128464304223954)]
[([[781, 101], [1297, 101], [1297, 161], [781, 161]], '(아아  왜 일이 이렇제 돼지3  9 )', 0.059410922561834154), ([[651, 154], [1293, 154], [1293, 218], [651, 218]], '(그저 기운올 북동아주려고 햇올 뿐인데-  )', 0.09081397289745821), ([[1067, 300], [1300, 300], [1300, 362], [1067, 362]], "'할머니 할머내", 0.7705899622638743), ([[1097, 381], [1297, 381], [1297, 443], [1097, 443]], '@안니3 ', 0.06666774622876373), ([[1015, 435], [1299, 435], [1299, 495], [1015, 495]], '리즈코리고 불러', 0.07474364735362633), ([[1126, 532], [1296, 532], [1296, 588], [1126, 588]], "'응 리춧권", 0.042850168255398266), ([[1178, 588], [1298, 588], [1298, 642], [1178, 642]], "'나 내", 0.46995054794366536)]
[([[1000, 104], [1279, 104], [1279, 167], [1000, 167]], '잇하아아아이이양없', 0.11692648005670536), ([[581, 200], [1283, 200], [1283, 263], [581, 263]], "(종아} '그이가 떠날 이후로 한동안 외로워지만 인)", 0.1099007037068303), ([[726, 248], [862, 248], [862, 326], [726, 326]], '둠산', 0.010897640567824529), ([[936, 257], [1192, 257], [1192, 314], [936, 314]], '손자랑-하피있어', 0.497919128966828), ([[291, 1165], [329, 1165], [329, 1221], [291, 1221]], ')', 0.23316612566091877), ([[530, 1242], [814, 1242], [814, 1392], [530, 1392]], '자" 9\'', 0.0030774353066565304), ([[642.323561362139, 134.3648209037006], [790.2838118476135, 99.14827868571952], [805.676438637861, 189.6351790962994], [657.7161881523865, 223.85172131428047]], '은 이', 0.09061188297434151), ([[869.8106515844465, 250.10177918978957], [944.958803818101, 260.3267647696637], [936.1893484155535, 321.89822081021043], [860.041196181899, 312.6732352303363]], '선;', 0.04239310133417848)]
[([[1096, 301], [1287, 301], [1287, 356], [1096, 356]], '얼마 후"%', 0.40068242768322765)]
[([[93, 151], [343, 151], [343, 217], [93, 217]], '미안하구나; @0', 0.6216551660890608), ([[95, 209], [431, 209], [431, 269], [95, 269]], '그동안 많이 외로워지?', 0.22173768548146608), ([[91, 301], [333, 301], [333, 361], [91, 361]], '이제분런 언제든', 0.7185503697384705), ([[93, 352], [522, 352], [522, 417], [93, 417]], '엄마 젖올 빨아도 된단다 388', 0.19304168787853004), ([[96, 455], [199, 455], [199, 510], [96, 510]], '응행', 0.1634240894390636), ([[99, 511], [349, 511], [349, 571], [99, 571]], '엄마엄마아]', 0.06505875121187976)]
[([[41, 166], [635, 166], [635, 229], [41, 229]], '단외관 힘껏 뒷에의기슴음- 물고 빨있다', 0.008062555712844775), ([[39, 267], [575, 267], [575, 329], [39, 329]], '처음엔 망설없지만 모처림/ 인생이비', 0.1988402019768182), ([[36, 321], [605, 321], [605, 385], [36, 385]], '뒷일음생각 안 하고 표즘-뵈야지', 0.08258935905648632)]
[([[1453, 101], [1781, 101], [1781, 169], [1453, 169]], '더욱 시간이 흘러:', 0.6230919394825304)]
[([[1461, 61], [1745, 61], [1745, 127], [1461, 127]], '치에, 리초? 유인', 0.22558800533746426), ([[1574, 117], [1749, 117], [1749, 184], [1574, 184]], '셋단배가', 0.19748109579086304), ([[1522, 175], [1745, 175], [1745, 235], [1522, 235]], '완전히 불컷다', 0.3343190999560175), ([[32, 288], [350, 288], [350, 350], [32, 350]], '@0 왜당하나 7 4', 0.035536563405928034), ([[31, 477], [419, 477], [419, 539], [31, 539]], '잠세 넘울- 잃어단젯 같다;', 0.04542916848661564)]
[([[640, 90], [724, 90], [724, 144], [640, 144]], '@야', 0.4306068062019562), ([[1003, 91], [1169, 91], [1169, 153], [1003, 153]], '까맛 정말', 0.3675478676770639), ([[1649, 61], [1773, 61], [1773, 123], [1649, 123]], '어머머', 0.7082201462242198), ([[29, 109], [211, 109], [211, 169], [29, 169]], '빛헤눈이체', 0.015919644051038642), ([[1501, 115], [1777, 115], [1777, 177], [1501, 177]], '우리 외로움생이늄', 0.3894452418355234), ([[26, 161], [297, 161], [297, 227], [26, 227]], '털원마가 완전히', 0.1972327968572033), ([[573, 143], [731, 143], [731, 203], [573, 203]], "'아빠 피름", 0.19182433148916167), ([[973, 147], [1199, 147], [1199, 207], [973, 207]], '쌀 거편싸다고', 0.17363317157140734), ([[1562, 170], [1773, 170], [1773, 234], [1562, 234]], '이쪽은- 여전히', 0.4225759541279143), ([[27, 219], [267, 219], [267, 281], [27, 281]], '마음젯관있다;', 0.049449612941810335), ([[560, 200], [740, 200], [740, 256], [560, 256]], '이없의깨!', 0.1565793651137076), ([[982, 199], [1191, 199], [1191, 265], [982, 265]], '말울 하리구-이', 0.03833469838235519), ([[1561, 227], [1773, 227], [1773, 287], [1561, 287]], '(제덧대로규꾸', 0.07622255036951506), ([[585, 307], [711, 307], [711, 367], [585, 367]], '날 범한', 0.8597744107246399), ([[25, 362], [192, 362], [192, 424], [25, 424]], '이전야웬', 0.14948004484176636), ([[586, 366], [702, 366], [702, 422], [586, 422]], '이름', 0.2278935219846904), ([[29, 419], [225, 419], [225, 481], [29, 481]], '대가 꿀범화', 0.10499779007433716), ([[26, 476], [198, 476], [198, 532], [26, 532]], '장뵙인이랜', 0.09580672294834353), ([[29, 529], [267, 529], [267, 589], [29, 589]], '사실월- .려주편 ', 0.050754938932664674), ([[27, 583], [211, 583], [211, 643], [27, 643]], '어떤표정올', 0.6565602477109442), ([[26, 640], [204, 640], [204, 696], [26, 696]], '진율가}" ', 0.024815969027650882)]
[([[235, 615], [423, 615], [423, 857], [235, 857]], '오', 0.36244375604555046), ([[367, 1133], [635, 1133], [635, 1273], [367, 1273]], '(2', 0.5884559110808749), ([[196.32574844729504, 990.1082630441718], [330.5233131922767, 980.1509036708934], [333.67425155270496, 1092.891736955828], [198.47668680772333, 1102.8490963291067]], '[권', 0.01154738261274104)]
[([[1432, 124], [1665, 124], [1665, 189], [1432, 189]], '자 모두 웃어요', 0.5854219842451), ([[731, 233], [821, 233], [821, 295], [731, 295]], '엄마', 0.5506338482375347), ([[664, 286], [888, 286], [888, 346], [664, 346]], '행복해보이는데', 0.7589421648024993), ([[1265, 267], [1731, 267], [1731, 331], [1265, 331]], '때때플에에밥 입회신분 의상울', 0.012166577302858552), ([[713, 341], [839, 341], [839, 403], [713, 403]], '이웃이', 0.7909760162446474), ([[1473, 323], [1729, 323], [1729, 385], [1473, 385]], '셋에체 입현밟다', 0.06569579783879562), ([[659, 397], [893, 397], [893, 457], [659, 457]], '그렇제 종아요?', 0.5660260683600449), ([[1224, 420], [1731, 420], [1731, 484], [1224, 484]], '치에눈 돼체 그리워하늄젯되있다 ', 0.004011434500609467), ([[1269, 473], [1731, 473], [1731, 539], [1269, 539]], '살짝 장난기가 들어세 물어렉다  ', 0.41518979631149694)]
[([[728, 150], [834, 150], [834, 202], [728, 202]], '음 ', 0.17347413516638127), ([[1538, 178], [1666, 178], [1666, 230], [1538, 230]], '그래   ', 0.2608662201538373), ([[655, 201], [903, 201], [903, 261], [655, 261]], '@랜 힘들없지만', 0.4207971522146329), ([[688, 253], [875, 253], [875, 317], [688, 317]], '금음정말', 0.8950830698013306), ([[1356, 229], [1672, 229], [1672, 291], [1356, 291]], '데아빠가 날범합 때', 0.11225015121629062), ([[1389, 283], [1673, 283], [1673, 345], [1389, 345]], '입현중터리다', 0.24407044628029384), ([[692, 314], [868, 314], [868, 370], [692, 370]], '행복해%', 0.23908711969852448), ([[733, 409], [827, 409], [827, 471], [733, 471]], '@야', 0.16709962632805142), ([[639, 463], [869, 463], [869, 523], [639, 523]], '모준 함께리까', 0.07532743398987236)]
[([[1255, 133], [1319, 133], [1319, 193], [1255, 193]], '자;', 0.1805356798456237), ([[33, 173], [473, 173], [473, 233], [33, 233]], "이 아이들은 같이 키율울 거니까'", 0.3509893625873963), ([[1183, 183], [1397, 183], [1397, 247], [1183, 247]], '이리오럼 ', 0.39598576989924356), ([[33, 227], [489, 227], [489, 289], [33, 289]], '이제 어리광만 부리면 안 된다?)', 0.6237879824948362), ([[1211, 239], [1367, 239], [1367, 299], [1211, 299]], '다같이', 0.8023177956922528), ([[1211, 297], [1369, 297], [1369, 357], [1211, 357]], '찍어야지?', 0.34613880979790335), ([[1542, 426], [1722, 426], [1722, 480], [1542, 480]], '9건으렇고', 0.0955263416286384), ([[1469, 477], [1727, 477], [1727, 539], [1469, 539]], '@@ 이배늄 꼭', 0.3181431635811862), ([[1540, 529], [1721, 529], [1721, 594], [1540, 594]], '책임치화리고;', 0.21458692361281953)]
[([[1288, 115], [1667, 115], [1667, 175], [1288, 175]], '슨권있렇고2번째 인생이', 0.022627104136356595), ([[1278, 168], [1666, 168], [1666, 230], [1278, 230]], '이런식으로가족들관 함께', 0.3752513228222386), ([[1355, 223], [1667, 223], [1667, 287], [1355, 287]], '행복해집출줄이안 `', 0.06917796580738358)]
