2032647
106
[([[9, 0], [168, 0], [168, 50], [9, 50]], '-담~-+!', 0.0005508998248015741), ([[265, 0], [309, 0], [309, 45], [265, 45]], '뜻', 0.009785337897769475), ([[0, 361], [303, 361], [303, 420], [0, 420]], '임신해라이카이부', 0.05620820295667999)]
[([[387, 33], [401, 33], [401, 57], [387, 57]], '$', 0.2808667374921612), ([[486, 14], [516, 14], [516, 52], [486, 52]], '독통', 0.06896364353978454), ([[373, 32], [391, 32], [391, 107], [373, 107]], '{', 0.17893258688673885), ([[486, 56], [514, 56], [514, 92], [486, 92]], '특:', 0.037367277934022156), ([[387, 85], [401, 85], [401, 117], [387, 117]], '북', 0.35571879531568484), ([[427, 385], [560, 385], [560, 420], [427, 420]], '8예껍신', 0.0017096961382776499)]
[([[481, 7], [517, 7], [517, 57], [481, 57]], '겨출', 0.0065924017128662), ([[423, 383], [560, 383], [560, 420], [423, 420]], '오,나', 0.004644248665731525)]
[([[0, 3], [141, 3], [141, 45], [0, 45]], '요예끗신.', 0.004900409726227417), ([[517, 25], [531, 25], [531, 47], [517, 47]], '"', 0.3438942182117586), ([[505, 23], [519, 23], [519, 83], [505, 83]], '$', 0.015064162157501448), ([[517, 55], [531, 55], [531, 79], [517, 79]], '"', 0.20556292652749164), ([[373, 95], [387, 95], [387, 139], [373, 139]], '준', 0.16540242966218344), ([[440, 44], [470, 44], [470, 148], [440, 148]], '#', 0.04306159139449073), ([[517, 87], [531, 87], [531, 119], [517, 119]], '푹', 0.06319254694803078), ([[151, 305], [165, 305], [165, 371], [151, 371]], '%', 0.0786499549598183), ([[166, 322], [174, 322], [174, 352], [166, 352]], ';', 0.023517011803362076), ([[478.49867530967737, 128.0421843270966], [502.4184055655377, 122.02932048468249], [519.5013246903226, 192.9578156729034], [494.5815944344623, 198.9706795153175]], '"', 0.7119129560892112)]
[([[386, 106], [412, 106], [412, 150], [386, 150]], '납득', 0.029174894908631236), ([[441, 79], [459, 79], [459, 123], [441, 123]], '"', 0.016929312805219476), ([[504, 20], [525, 20], [525, 165], [504, 165]], '(', 0.5786464251700387), ([[31, 253], [43, 253], [43, 305], [31, 305]], '#', 0.057206608420809824), ([[29, 301], [71, 301], [71, 349], [29, 349]], '하5하', 0.0005318746268362753), ([[32, 346], [40, 346], [40, 376], [32, 376]], '"', 0.3093650347046015), ([[423, 385], [560, 385], [560, 420], [423, 420]], '요예내', 0.013664279365510503), ([[216.23430074684595, 307.03672776719776], [321.99590714304605, 364.7441309714225], [286.7656992531541, 426.96327223280224], [181.00409285695395, 369.2558690285775]], '-사 `', 0.04901838302612305)]
[([[1, 5], [143, 5], [143, 47], [1, 47]], '8시끗신', 0.005439633969217539), ([[506, 180], [554, 180], [554, 288], [506, 288]], '?', 0.14178235307780174), ([[341, 307], [355, 307], [355, 343], [341, 343]], '듯', 0.10512487089983225), ([[419, 261], [506, 261], [506, 372], [419, 372]], '1웅', 0.0035861795309315384), ([[506, 284], [530, 284], [530, 320], [506, 320]], '8', 0.49543948375441754), ([[343, 339], [355, 339], [355, 363], [343, 363]], '9', 0.21168712406330314), ([[395, 321], [411, 321], [411, 377], [395, 377]], '8', 0.977166185863453), ([[269, 360], [289, 360], [289, 417], [269, 417]], '용', 0.8103833437420214), ([[327, 339], [343, 339], [343, 415], [327, 415]], '8', 0.5034452488218655)]
[([[1264, 28], [1338, 28], [1338, 102], [1264, 102]], '옷', 0.9996644540024171), ([[1386, 28], [1458, 28], [1458, 100], [1386, 100]], '옷', 0.7038680698131294), ([[754, 98], [784, 98], [784, 142], [754, 142]], '씨', 0.025562628471328175), ([[1260, 104], [1436, 104], [1436, 178], [1260, 178]], '오오옷', 0.9957885178739885), ([[1260, 180], [1456, 180], [1456, 228], [1260, 228]], '아즈사의 안  .', 0.42216034150647463), ([[1265, 227], [1387, 227], [1387, 267], [1265, 267]], '개절어: .', 0.6834564330054362), ([[148, 836], [290, 836], [290, 884], [148, 884]], '흑{크 욕', 0.20304443371880945), ([[140, 916], [362, 916], [362, 990], [140, 990]], '용으으옷', 0.2783987820148468), ([[142, 998], [400, 998], [400, 1046], [142, 1046]], '선생님   너무 급해', 0.735399413036112), ([[143, 1083], [209, 1083], [209, 1125], [143, 1125]], '이런', 0.9995967627698441), ([[235, 1083], [417, 1083], [417, 1127], [235, 1127]], '밖에서라니: .', 0.3435702155555183), ([[493.2624143155141, 67.0340746075524], [552.6041035151721, 60.435699313071424], [564.7375856844859, 190.96592539244762], [505.39589648482786, 197.5643006869286]], '공', 0.04383625954044157), ([[1233.9666700642313, 652.0766894303488], [1338.468875343034, 668.3253688485534], [1327.0333299357687, 732.9233105696512], [1221.531124656966, 716.6746311514466]], '친료', 0.026187915877131818), ([[1035.1736368240006, 906.2424562488021], [1073.6699868465098, 872.032136796298], [1138.8263631759994, 956.7575437511979], [1100.3300131534902, 989.967863203702]], '켓', 0.16110157617053833)]
[([[1155, 37], [1379, 37], [1379, 81], [1155, 81]], '미안해 아즈사 :', 0.5679241623895005), ([[1156, 76], [1550, 76], [1550, 124], [1156, 124]], '나:  더는 참을 수가 없어서::', 0.33342459099523514), ([[1154, 156], [1540, 156], [1540, 208], [1154, 208]], '아즈사의 수영복 차림 빨더니', 0.25883522248778756), ([[1157, 203], [1223, 203], [1223, 243], [1157, 243]], '더는-', 0.9526086861374616), ([[1155, 259], [1193, 259], [1193, 305], [1155, 305]], '욕', 0.9442272095295721), ([[1220, 258], [1390, 258], [1390, 306], [1220, 306]], '극~ 응으웃', 0.2130066874720183), ([[88, 945], [450, 945], [450, 997], [88, 997]], '서 선생넘이 하고 싶다면: -', 0.3122622745946143), ([[89, 991], [307, 991], [307, 1035], [89, 1035]], '어; 어절수 없-', 0.31708884391425357), ([[90, 1072], [260, 1072], [260, 1144], [90, 1144]], '문으옷', 0.27486047857487345)]
[([[1252, 51], [1370, 51], [1370, 95], [1252, 95]], '탓 탓 탓', 0.18155199210114367), ([[1253, 91], [1423, 91], [1423, 135], [1253, 135]], '위, 위험해: "', 0.33962255029431593), ([[1253, 133], [1519, 133], [1519, 177], [1253, 177]], '미-미안해 아즈사  ', 0.3893972250800127), ([[1252, 172], [1388, 172], [1388, 220], [1252, 220]], '나 더는 .', 0.20897102003525947), ([[1253, 217], [1551, 217], [1551, 259], [1253, 259]], '아, 안에다 싸도 훨까?', 0.3907110310231149), ([[1482, 478], [1506, 478], [1506, 538], [1482, 538]], '모', 0.010934557962629876), ([[118, 672], [178, 672], [178, 726], [118, 726]], '@', 0.5629955130828854), ([[1469, 635], [1537, 635], [1537, 749], [1469, 749]], '"', 0.17422062248431658), ([[1544, 718], [1576, 718], [1576, 774], [1544, 774]], '0', 0.11216768605714833), ([[1516, 770], [1566, 770], [1566, 828], [1516, 828]], "(7'", 0.2287466768615991), ([[163, 859], [317, 859], [317, 901], [163, 901]], "아 안 돼: '", 0.49665898535810954), ([[160, 894], [564, 894], [564, 946], [160, 946]], '오오늘은 안 되는 날이어서::', 0.5346642888375948), ([[161, 981], [277, 981], [277, 1025], [161, 1025]], '아; 아기', 0.9698092750542379), ([[1021, 935], [1057, 935], [1057, 1017], [1021, 1017]], '0', 0.9971109068351645), ([[160, 1020], [368, 1020], [368, 1068], [160, 1068]], '생겨버리니깐: :', 0.5752388027898522), ([[1265, 1047], [1403, 1047], [1403, 1199], [1265, 1199]], '(뼈;', 0.041145358841939816), ([[1376.4176078067985, 409.0212269531401], [1434.43180206412, 385.01166181377994], [1504.5823921932015, 561.9787730468599], [1446.56819793588, 585.9883381862201]], '"', 0.6836329157398637), ([[1042.3409500707673, 985.0167163941175], [1188.451741707875, 1122.2644774876376], [1109.6590499292327, 1207.9832836058824], [963.5482582921251, 1069.7355225123624]], "'", 0.06345750748838785)]
[([[1149, 65], [1365, 65], [1365, 105], [1149, 105]], '미안: . 아즈사  ', 0.40900956612933154), ([[1144, 102], [1362, 102], [1362, 150], [1144, 150]], '이미 늦어버럿: ', 0.7220178439060411), ([[1144, 144], [1432, 144], [1432, 220], [1144, 220]], '쿠오오오옷', 0.8660808270480629), ([[1018, 610], [1098, 610], [1098, 686], [1018, 686]], '국30', 0.10777821619321763), ([[129, 857], [365, 857], [365, 923], [129, 923]], '~~~~으웃', 0.6026195030707161), ([[129, 941], [245, 941], [245, 981], [129, 981]], '안에:', 0.9631993973019776), ([[126, 978], [348, 978], [348, 1026], [126, 1026]], '들어오고   있어:', 0.9565562771383835), ([[515.3720990679193, 170.0395826365625], [549.4609910528037, 156.02129662972024], [591.6279009320807, 258.9604173634375], [558.5390089471963, 273.97870337027973]], '>', 0.9597256076659875)]
[([[1277, 27], [1355, 27], [1355, 71], [1277, 71]], '옷못', 0.5082612216183642), ([[1277, 69], [1439, 69], [1439, 111], [1277, 111]], '오오~~옷', 0.8935051533246986), ([[1278, 130], [1448, 130], [1448, 178], [1278, 178]], '선생:님 <', 0.08569538188407758), ([[1273, 169], [1488, 169], [1488, 219], [1273, 219]], '아직도-나와  :', 0.33324777947480805), ([[1165, 587], [1284, 587], [1284, 671], [1165, 671]], ')다문', 0.0020148000845947854), ([[69, 779], [111, 779], [111, 821], [69, 821]], "'앗", 0.5288633092559545), ([[137, 779], [179, 779], [179, 821], [137, 821]], '탓', 0.5044559376329403), ([[209, 781], [303, 781], [303, 821], [209, 821]], '하아 :', 0.4366221851959482), ([[69, 819], [301, 819], [301, 863], [69, 863]], '내 안에 선생님의', 0.9572593853640198), ([[68, 861], [274, 861], [274, 903], [68, 903]], '울럭울걱하여: .', 0.15269271322120428), ([[67, 943], [371, 943], [371, 987], [67, 987]], '어 어절 거야 선생님: .', 0.7904028885853259), ([[66, 982], [322, 982], [322, 1030], [66, 1030]], '이러면 정말 임신: .', 0.4173190547051812), ([[64, 1050], [276, 1050], [276, 1098], [64, 1098]], '이야; 이 정도록', 0.9472678990781902), ([[64, 1090], [356, 1090], [356, 1138], [64, 1138]], '아직 한참 부족하지: ', 0.831486637830277), ([[67, 1145], [155, 1145], [155, 1187], [67, 1187]], '에5?', 0.22663009933993775)]
[([[1045, 27], [1179, 27], [1179, 71], [1045, 71]], '또 쌀게옛', 0.8379692492857662), ([[751, 103], [769, 103], [769, 131], [751, 131]], '1', 0.05943409481342621), ([[1040, 64], [1424, 64], [1424, 140], [1040, 140]], '임신해라 아즈사', 0.889850567430228), ([[1041, 151], [1081, 151], [1081, 193], [1041, 193]], '앗', 0.28414903896987553), ([[1111, 149], [1153, 149], [1153, 195], [1111, 195]], '탓', 0.17743568225866113), ([[1179, 149], [1249, 149], [1249, 193], [1179, 193]], '아앗', 0.9811213548190025), ([[1042, 190], [1224, 190], [1224, 244], [1042, 244]], '또구이렇게나', 0.11912419756557241), ([[1041, 235], [1195, 235], [1195, 275], [1041, 275]], '~~~으으웃', 0.5655927185074764), ([[180, 610], [232, 610], [232, 658], [180, 658]], '(', 0.0033463875444966207), ([[1325, 421], [1583, 421], [1583, 683], [1325, 683]], '71', 0.344180908413291), ([[247, 873], [389, 873], [389, 917], [247, 917]], '이 임신해', 0.7438364536103104), ([[447, 873], [541, 873], [541, 917], [447, 917]], '임신해', 0.9999231222952033), ([[247, 913], [587, 913], [587, 957], [247, 957]], '이러면 백퍼 임신해버려엇', 0.8054119929795074), ([[249, 995], [439, 995], [439, 1039], [249, 1039]], '선생님의-아기', 0.8785422290999988), ([[248, 1074], [496, 1074], [496, 1124], [248, 1124]], '무조건 임신해버려', 0.9933568634807646), ([[317.2272685141362, 680.0499675588485], [365.8242410427592, 672.2840447326879], [380.7727314858638, 768.9500324411515], [332.1757589572408, 777.7159552673121]], '춤', 0.12498532904864934), ([[969.0552282363169, 757.0406475412757], [1097.7656425030702, 808.7414736007545], [1061.944771763683, 894.9593524587243], [933.2343574969299, 843.2585263992455]], '자', 0.021885034063134023)]
[([[1330, 24], [1534, 24], [1534, 76], [1330, 76]], '오몇매월환먼', 0.003917725275749498), ([[838, 80], [1074, 80], [1074, 128], [838, 128]], '원지 아즈사 쪽이', 0.2936355456209543), ([[1191, 73], [1231, 73], [1231, 117], [1191, 117]], '음', 0.6838437619743196), ([[1260, 72], [1386, 72], [1386, 120], [1260, 120]], '선생님', 0.2938083608896052), ([[836, 122], [1100, 122], [1100, 170], [836, 170]], '기분 좋아 보이논데=', 0.5910651679979524), ([[1189, 115], [1396, 115], [1396, 159], [1189, 159]], '이게어때 39', 0.2014768376194022), ([[1188, 154], [1398, 154], [1398, 204], [1188, 204]], '기분증아*3', 0.021306314627650782), ([[839, 191], [1013, 191], [1013, 233], [839, 233]], '바 바보 0', 0.2609859474060925), ([[1188, 214], [1492, 214], [1492, 268], [1188, 268]], '아야; 기분음 종은데:', 0.16906487605137993), ([[1191, 275], [1305, 275], [1305, 319], [1191, 319]], '근데노?', 0.041022367775440216), ([[1354, 424], [1442, 424], [1442, 496], [1354, 496]], '무', 0.007332567017357461), ([[1536, 621], [1593, 621], [1593, 715], [1536, 715]], '셋', 0.005717464280795781), ([[1160.8409027712044, 493.07495133827285], [1219.5947237553164, 456.01967129472075], [1294.1590972287956, 587.9250486617271], [1235.4052762446836, 624.9803287052792]], '대', 0.25351307494135256)]
[([[1220, 30], [1326, 30], [1326, 78], [1220, 78]], '아직사', 0.11347061081988781), ([[855, 61], [895, 61], [895, 105], [855, 105]], '음', 0.6331042695709499), ([[922, 58], [996, 58], [996, 106], [922, 106]], '응웃', 0.5531132609782186), ([[1022, 58], [1094, 58], [1094, 110], [1022, 110]], '용있', 0.03247588948273715), ([[1258, 72], [1362, 72], [1362, 120], [1258, 120]], '법력', 0.24460839082260696), ([[852, 100], [1094, 100], [1094, 148], [852, 148]], '서 선생님 것도"(', 0.5409519756447699), ([[1227, 123], [1295, 123], [1295, 165], [1227, 165]], '은', 0.21898011849490562), ([[853, 143], [1029, 143], [1029, 187], [853, 187]], '마; 마시씨: {', 0.2840817049151672), ([[1224, 160], [1322, 160], [1322, 208], [1224, 208]], '용원]', 0.004724121823820639), ([[854, 190], [982, 190], [982, 238], [854, 238]], '위험햇: ', 0.6055610280343946), ([[856, 232], [1102, 232], [1102, 280], [856, 280]], '벌써 쌀 거 같아: <', 0.6514250694956785), ([[1224, 212], [1406, 212], [1406, 264], [1224, 264]], '음육짝 활짝-', 0.07915433231842815), ([[1222, 252], [1366, 252], [1366, 302], [1222, 302]], '하롭 흐움', 0.3716451969115746), ([[857, 291], [893, 291], [893, 333], [857, 333]], '응', 0.9997986656448496), ([[951, 289], [1081, 289], [1081, 333], [951, 333]], '괜찮아', 0.9186369778432939), ([[1222, 294], [1460, 294], [1460, 346], [1222, 346]], '아즈사의 침맛나-', 0.47063552807444603), ([[854, 326], [1077, 326], [1077, 377], [854, 377]], '언제문지 싸취 <', 0.402658993427863), ([[284, 778], [308, 778], [308, 804], [284, 804]], '0', 0.9267846517652742), ([[345, 841], [365, 841], [365, 865], [345, 865]], '0', 0.8650617723763077), ([[387.3756770666054, 644.0656822130455], [424.9506414986961, 674.458045439015], [406.6243229333946, 696.9343177869545], [370.0493585013039, 666.541954560985]], "':^", 0.09554956651351228), ([[304.21553545944727, 776.0776772972363], [333.5086572639415, 762.0324733412566], [365.78446454055273, 833.9223227027637], [336.4913427360585, 847.9675266587434]], '국', 0.05286620760972838), ([[280.34240405077855, 807.0544243046714], [312.47285155914045, 795.0280469032202], [341.65759594922145, 874.9455756953286], [309.52714844085955, 886.9719530967798]], '(', 0.1979033199130562)]
[([[801, 25], [975, 25], [975, 67], [801, 67]], '아, 아즈사  ', 0.41866076831523374), ([[800, 62], [1120, 62], [1120, 112], [800, 112]], '그렇게나 입술을 붙이면', 0.5372887486132781), ([[1219, 29], [1377, 29], [1377, 103], [1219, 103]], '뻔계앗', 0.035590239642894865), ([[805, 107], [897, 107], [897, 149], [805, 149]], '숨올: .', 0.4629058944915733), ([[1216, 110], [1480, 110], [1480, 184], [1216, 184]], '65쇼[@웃드', 0.005136106762380752), ([[804, 158], [1128, 158], [1128, 208], [804, 208]], '아; 양대) 가고있올 맨', 0.3231224100895507), ([[807, 205], [901, 205], [901, 243], [807, 243]], '키스: <', 0.355971294222771), ([[1221, 195], [1261, 195], [1261, 235], [1221, 235]], '웃', 0.802855036241116), ([[1288, 190], [1382, 190], [1382, 238], [1288, 238]], '용%0', 0.010514629546318438), ([[1222, 230], [1374, 230], [1374, 278], [1222, 278]], '용미@으음', 0.09576783719402479), ([[804, 282], [904, 282], [904, 330], [804, 330]], '포오욕', 0.36570696710339173), ([[928, 282], [1056, 282], [1056, 332], [928, 332]], '주우움0', 0.19776018229044218), ([[804, 321], [1061, 321], [1061, 376], [804, 376]], '주부부움이 주운움-', 0.4652833333200511), ([[459, 379], [503, 379], [503, 425], [459, 425]], '22', 0.5404728855380337), ([[212, 730], [260, 730], [260, 800], [212, 800]], "'10", 0.05235093597699752)]
[([[1094, 24], [1442, 24], [1442, 72], [1094, 72]], '하원0 하원0 @아 요앗', 0.015952975194167232), ([[716, 66], [914, 66], [914, 114], [716, 114]], '미안해 선생님', 0.9994231514547037), ([[721, 109], [1007, 109], [1007, 153], [721, 153]], '선생님과 하는 키스9', 0.3828168898710574), ([[1092, 92], [1362, 92], [1362, 142], [1092, 142]], '하앗 하군 하아오앗', 0.026786304843351993), ([[718, 148], [944, 148], [944, 196], [718, 196]], '너무 행복해서: ', 0.5091113125447081), ([[1094, 174], [1246, 174], [1246, 222], [1094, 222]], '아; 아즈사', 0.15924975361459925), ([[719, 233], [881, 233], [881, 277], [719, 277]], '저기 선생님', 0.6359599856887871), ([[1094, 214], [1298, 214], [1298, 264], [1094, 264]], '격렬히 하지마', 0.32879270080288625), ([[718, 270], [1004, 270], [1004, 321], [718, 321]], '아직 . |할 수 있지:3<', 0.2203305737542152), ([[1095, 295], [1359, 295], [1359, 347], [1095, 347]], '질식하눈 출알앉어<', 0.12323814778081778), ([[495, 381], [539, 381], [539, 463], [495, 463]], '[', 0.9332268620057818), ([[515, 457], [555, 457], [555, 515], [515, 515]], '[', 0.11877386512857413), ([[1413, 587], [1487, 587], [1487, 653], [1413, 653]], '|', 0.060185758949566015), ([[49, 995], [331, 995], [331, 1081], [49, 1081]], '당연하지베', 0.1575778819217847), ([[182.46312450780684, 692.0206186014889], [234.48616498051572, 678.0169030071379], [274.53687549219313, 835.9793813985111], [222.51383501948428, 849.9830969928621]], '벼', 0.09129630408042377)]
[([[1117, 27], [1453, 27], [1453, 101], [1117, 101]], '음닭 @으@음', 0.0695620323340095), ([[728, 114], [776, 114], [776, 172], [728, 172]], '(0', 0.12545174258031314), ([[1120, 124], [1274, 124], [1274, 172], [1120, 172]], '선생에임 ', 0.03370452566159065), ([[723, 185], [821, 185], [821, 229], [723, 229]], '좋아앗', 0.9307225235026916), ([[1120, 166], [1334, 166], [1334, 214], [1120, 214]], '또-이런베나운(', 0.01099038670032686), ([[723, 227], [817, 227], [817, 271], [723, 271]], '선생님', 0.9998991713009687), ([[847, 225], [973, 225], [973, 269], [847, 269]], '사랑해)', 0.6798557639122009), ([[1120, 206], [1250, 206], [1250, 254], [1120, 254]], '행복해 <', 0.3173671715674009), ([[1120, 246], [1516, 246], [1516, 296], [1120, 296]], '딴 -에 이렇계나 용문해서<', 0.018268382967311397), ([[722, 306], [864, 306], [864, 354], [722, 354]], '음료 조욕', 0.04328437129951808), ([[888, 306], [990, 306], [990, 354], [888, 354]], '주우움', 0.5594373941421509), ([[1120, 288], [1292, 288], [1292, 338], [1120, 338]], '좋이0 종앉-', 0.12697997841586744), ([[723, 349], [819, 349], [819, 393], [723, 393]], '조오욕', 0.8463811907309307), ([[848, 346], [1074, 346], [1074, 396], [848, 396]], '주움어 주우운움', 0.48565381664225316), ([[1423, 549], [1513, 549], [1513, 647], [1423, 647]], '|', 0.07381716246886416), ([[224, 724], [300, 724], [300, 830], [224, 830]], '료', 0.002056580288524859), ([[275, 813], [317, 813], [317, 863], [275, 863]], '5', 0.03773780489538936), ([[67, 931], [243, 931], [243, 975], [67, 975]], '아 아즈사  :', 0.3375595417080409), ([[65, 967], [292, 967], [292, 1019], [65, 1019]], '잠깐만 진정해 -', 0.4898126976759758), ([[66, 1010], [240, 1010], [240, 1058], [66, 1058]], '위 원험해:.', 0.48724039601579183), ([[66, 1052], [210, 1052], [210, 1100], [66, 1100]], '숲 숨올  ', 0.08390962664470025), ([[386.1055728090001, 681.0806504495005], [418.5024935298093, 659.0253140548875], [472.8944271909999, 745.9193495504995], [441.4975064701907, 767.9746859451125]], '벼', 0.01407740449442857), ([[407.41165159458546, 855.0582579729272], [431.47769731647384, 849.038276637862], [445.58834840541454, 910.9417420270728], [421.52230268352616, 916.961723362138]], '3', 0.9405746923341809)]
[([[1212, 34], [1406, 34], [1406, 82], [1212, 82]], '넣울게 허후미', 0.2880999154179681), ([[1216, 98], [1458, 98], [1458, 146], [1216, 146]], '네; 네앗 선생님(', 0.3694620154957326), ([[1212, 150], [1457, 150], [1457, 237], [1212, 237]], '후오오웃다', 0.15001782354564538), ([[54, 796], [232, 796], [232, 824], [54, 824]], '시사서사', 0.003205029061064124), ([[229, 783], [275, 783], [275, 827], [229, 827]], '0', 0.2842711225344061), ([[276, 772], [392, 772], [392, 848], [276, 848]], '으옷', 0.6064202702918026), ([[50, 856], [354, 856], [354, 904], [50, 904]], '저, 정말로-선생님 것이', 0.8505613060834294), ([[51, 899], [159, 899], [159, 941], [51, 941]], '내 안에', 0.9930635005397311), ([[187, 899], [309, 899], [309, 943], [187, 943]], '들어와  ', 0.6293681811593963), ([[1200, 1036], [1302, 1036], [1302, 1142], [1200, 1142]], '"', 0.35902158073099955), ([[362.6106080775375, 640.1078916962401], [420.6149974716823, 599.021036913439], [498.3893919224625, 721.8921083037599], [440.3850025283177, 762.978963086561]], '@', 0.034110186433800926), ([[1377.314855964253, 904.0392468890013], [1450.9149270187047, 959.9932039117099], [1418.685144035747, 1002.9607531109987], [1345.0850729812953, 946.0067960882901]], '시', 0.10709523728336112)]
[([[1150, 20], [1328, 20], [1328, 68], [1150, 68]], '롯 옷 후오옷', 0.21703540104729196), ([[1150, 60], [1390, 60], [1390, 110], [1150, 110]], '어 어떠나 히후미', 0.7056344569466234), ([[1151, 105], [1303, 105], [1303, 149], [1151, 149]], '기분 좋나?', 0.8992226034627492), ([[1153, 161], [1387, 161], [1387, 205], [1153, 205]], '차0 햇아 하앗9', 0.07648753568836368), ([[514, 210], [580, 210], [580, 266], [514, 266]], '이>', 0.034383663421836345), ([[1150, 200], [1450, 200], [1450, 250], [1150, 250]], '어 어떻제라괴함자]', 0.1254669920239124), ([[1149, 281], [1406, 281], [1406, 334], [1149, 334]], '잘    모완켓지만', 0.09135163061831457), ([[83, 699], [195, 699], [195, 743], [83, 743]], '지만: :?', 0.5970689761014452), ([[82, 754], [324, 754], [324, 802], [82, 802]], '엄청: . 행복한 건:', 0.5051616890186009), ([[1308, 748], [1382, 748], [1382, 842], [1308, 842]], '퍼', 0.0017645948718350568), ([[83, 797], [239, 797], [239, 841], [83, 841]], '확실해요: .', 0.5754022283612988), ([[87, 853], [233, 853], [233, 919], [87, 919]], '으옷?', 0.6747256738083701), ([[83, 919], [309, 919], [309, 987], [83, 987]], '히후미잇]!', 0.2716430458337819), ([[657.9266873708001, 681.0967805394006], [738.3801145497958, 692.3439940830121], [729.0733126291999, 747.9032194605994], [648.6198854502042, 736.6560059169879]], '하녁', 0.00889822884162494)]
[([[1100, 38], [1362, 38], [1362, 88], [1100, 88]], '후옷 흐웃 후으으웃', 0.6144092637787825), ([[1101, 95], [1139, 95], [1139, 139], [1101, 139]], '옷', 0.9998939065464043), ([[1169, 95], [1209, 95], [1209, 139], [1169, 139]], '옷', 0.6257613551131413), ([[1238, 94], [1310, 94], [1310, 142], [1238, 142]], '응옷', 0.9843896698471334), ([[1098, 133], [1468, 133], [1468, 183], [1098, 183]], '왜, 왜 그러신가요 선생님<', 0.6590326569369738), ([[1100, 216], [1340, 216], [1340, 264], [1100, 264]], '갑자기 결립히뇨', 0.20994252295078866), ([[1376, 216], [1446, 216], [1446, 266], [1376, 266]], '응웃', 0.29959595908294956), ([[37, 663], [201, 663], [201, 707], [37, 707]], '네가 갑자기', 0.9727094947773413), ([[36, 700], [326, 700], [326, 751], [36, 751]], '귀여운 말울 하잡아: ', 0.23214469617772285), ([[37, 745], [271, 745], [271, 789], [37, 789]], '후옷 후웃 흐으웃', 0.38628491446019286), ([[39, 801], [269, 801], [269, 845], [39, 845]], '나는 딱히 그런: -', 0.664367109436807), ([[41, 845], [77, 845], [77, 885], [41, 885]], '옷', 0.9999663832628727), ([[109, 843], [147, 843], [147, 885], [109, 885]], '옷', 0.9144804309429766), ([[177, 841], [247, 841], [247, 885], [177, 885]], '응옷-', 0.7691097267197969)]
[([[1166, 58], [1392, 58], [1392, 106], [1166, 106]], '입 벌려 히후미잎', 0.2567646337430509), ([[1166, 124], [1410, 124], [1410, 172], [1166, 172]], '네, 네옛 선생님(', 0.3231842732345704), ([[1168, 160], [1465, 160], [1465, 252], [1168, 252]], '응슬우웃3<', 0.04345434146435224), ([[380, 616], [456, 616], [456, 726], [380, 726]], "'", 0.012149616211305558), ([[55, 835], [197, 835], [197, 877], [55, 877]], '~~~~으웃', 0.8154793180315422), ([[55, 917], [385, 917], [385, 961], [55, 961]], '서, 선생님 -아 안 -에: .', 0.2471605046792816), ([[55, 959], [153, 959], [153, 1003], [55, 1003]], '한가득', 0.5049665570259094), ([[207, 957], [391, 957], [391, 1001], [207, 1001]], '나오고:  있어', 0.5421285069377373), ([[57, 999], [123, 999], [123, 1043], [57, 1043]], '응못', 0.3543260108364371), ([[151, 999], [219, 999], [219, 1041], [151, 1041]], '으붙', 0.356752745240061), ([[249, 995], [386, 995], [386, 1044], [249, 1044]], '응으~~옷', 0.5067932361476463), ([[460.40077848228805, 149.04513798310094], [493.13988107233183, 145.16585457488378], [501.59922151771195, 222.95486201689906], [468.86011892766817, 226.83414542511622]], '국', 0.11265377834787671), ([[323.6012738885855, 409.0159236073194], [363.33481725806195, 397.0112228548768], [406.3987261114145, 543.9840763926807], [365.66518274193805, 555.9887771451232]], '7', 0.08784324979438907)]
[([[1206, 68], [1318, 68], [1318, 142], [1206, 142]], '푸엇<', 0.04090085981614475), ([[526, 92], [580, 92], [580, 182], [526, 182]], '병', 0.14436534431513692), ([[1206, 152], [1518, 152], [1518, 202], [1206, 202]], '하~앗0 탓~0@앗~', 0.01958071819894163), ([[1206, 194], [1462, 194], [1462, 244], [1206, 244]], "'뒷야 . 방금 건네0", 0.08444430046852985), ([[1206, 276], [1408, 276], [1408, 324], [1206, 324]], '엄청앉어: >', 0.09677001186292378), ([[132, 298], [184, 298], [184, 368], [132, 368]], '병', 0.04644412797773967), ([[195, 384], [256, 384], [256, 476], [195, 476]], '푹', 0.042290329740276356), ([[25, 715], [271, 715], [271, 759], [25, 759]], '그건: . 괜찮지만  -', 0.32517237199076426), ([[24, 754], [228, 754], [228, 802], [24, 802]], '저기  선생님: :', 0.6696018470888997), ([[25, 817], [75, 817], [75, 861], [25, 861]], '응?', 0.9990171084438217), ([[601, 857], [837, 857], [837, 901], [601, 901]], '미, 미안해 히후미', 0.43800251590956424), ([[23, 887], [317, 887], [317, 931], [23, 931]], '지금 거  한번만 더:.', 0.47451432275376354), ([[23, 927], [151, 927], [151, 971], [23, 971]], '부탁해도', 0.9803332151947601), ([[599, 941], [861, 941], [861, 985], [599, 985]], '나도 모르게 안에:', 0.9895546778347267), ([[25, 985], [223, 985], [223, 1029], [25, 1029]], '"어절 수 없네', 0.748141587470097), ([[23, 1025], [143, 1025], [143, 1069], [23, 1069]], '히후미늄', 0.27067264914512634)]
[([[1169, 45], [1491, 45], [1491, 109], [1169, 109]], '응으~~~눈@옳', 0.060581801094468556), ([[1168, 124], [1390, 124], [1390, 172], [1168, 172]], '선생님의 정액선<', 0.12836012401626481), ([[1172, 166], [1432, 166], [1432, 214], [1172, 214]], '또 이렇제나 잔뜩"', 0.1590774194461926), ([[1166, 232], [1398, 232], [1398, 282], [1166, 282]], '히후미입 벌려엇', 0.19851825975718393), ([[87, 767], [201, 767], [201, 811], [87, 811]], '네, 네옛', 0.7853501349793414), ([[85, 809], [239, 809], [239, 853], [85, 853]], '죄송함니::', 0.7941388953939108), ([[87, 849], [153, 849], [153, 893], [87, 893]], '응옷', 0.4286733848615625), ([[184, 846], [254, 846], [254, 894], [184, 894]], '브음-', 0.8134385405441632), ([[283, 849], [379, 849], [379, 893], [283, 893]], '으으움', 0.34806212504768125), ([[87, 935], [181, 935], [181, 973], [87, 973]], '키스: .', 0.45357465934273067), ([[209, 931], [335, 931], [335, 975], [209, 975]], '하면서: .', 0.854916969162059), ([[87, 973], [345, 973], [345, 1017], [87, 1017]], '정액 싸주시논 거:.', 0.30492910203356893), ([[84, 1008], [319, 1008], [319, 1061], [84, 1061]], '너무 기분 좋아  ?', 0.3206256974205867), ([[131.1210468075817, 262.0778621224576], [163.5345530305851, 243.02865681555858], [207.8789531924183, 327.9221378775424], [176.4654469694149, 345.9713431844414]], '곁', 0.016049389621465515), ([[180.30265739077055, 349.0488674744708], [215.50249352980933, 335.02531405488753], [251.69734260922945, 429.9511325255292], [216.49750647019067, 443.97468594511247]], '셈', 0.2972762416945365), ([[228.3300131534902, 436.032136796298], [274.4656330736664, 413.01550389500375], [341.6699868465098, 553.967863203702], [295.5343669263336, 576.9844961049963]], '7', 0.6362540478267533), ([[411.2583685632087, 706.0693533850061], [438.41873913807217, 685.0219781883144], [496.7416314367913, 766.9306466149939], [469.58126086192783, 787.9780218116856]], '8', 0.008290474071515286), ([[649.3481403603935, 852.0101196046702], [921.3237003186501, 1073.7134883564204], [805.6518596396065, 1215.98988039533], [534.6762996813499, 994.2865116435795]], '노', 0.05452864018590109)]
[([[1160, 20], [1364, 20], [1364, 70], [1160, 70]], '~몇매월후?', 0.10563214272239496), ([[1160, 102], [1314, 102], [1314, 154], [1160, 154]], '옷웃옷 훈웃', 0.04497403413396604), ([[1160, 164], [1210, 164], [1210, 292], [1160, 292]], '옷', 0.18108383521584503), ([[1207, 247], [1305, 247], [1305, 291], [1207, 291]], '전기요', 0.08536765015951209), ([[1206, 160], [1340, 160], [1340, 260], [1206, 260]], '전용수용', 0.1814708560705185), ([[1162, 304], [1326, 304], [1326, 352], [1162, 352]], '응? 왜 그래', 0.875380140987554), ([[1162, 346], [1274, 346], [1274, 394], [1162, 394]], "'히후미?", 0.361448192596315), ([[1114, 436], [1206, 436], [1206, 516], [1114, 516]], '찌', 0.0011204651674306398), ([[37, 857], [215, 857], [215, 901], [37, 901]], '여, 역시 이젠', 0.3906343931540151), ([[36, 895], [242, 895], [242, 944], [36, 944]], '이 배로 렉스는', 0.2895059866012155), ([[36, 936], [312, 936], [312, 986], [36, 986]], '위험할 지도   응웃~', 0.6547873042460928), ([[44, 1002], [76, 1002], [76, 1042], [44, 1042]], '음', 0.9996521775434672), ([[105, 999], [231, 999], [231, 1041], [105, 1041]], '그러네:', 0.9372294343880374)]
[([[1150, 72], [1438, 72], [1438, 120], [1150, 120]], '그러면오늘은 이걸로', 0.914536432434791), ([[1148, 112], [1490, 112], [1490, 162], [1148, 162]], '마지막으로 해둘까   후옷-', 0.26159107521229885), ([[1147, 170], [1433, 170], [1433, 232], [1147, 232]], '오늘음이라니-아양', 0.1595744428333265), ([[1150, 218], [1200, 218], [1200, 268], [1150, 268]], '앗', 0.33880769719770853), ([[1224, 226], [1262, 226], [1262, 258], [1224, 258]], '앗', 0.3993859908334798), ([[1288, 218], [1364, 218], [1364, 266], [1288, 266]], '하앗<', 0.13851037780980954), ([[1154, 260], [1334, 260], [1334, 310], [1154, 310]], '선생  )임', 0.1528188349759954), ([[1150, 302], [1326, 302], [1326, 350], [1150, 350]], '[간 갑자기-', 0.19545038574152632), ([[1154, 342], [1218, 342], [1218, 392], [1154, 392]], '(겪렬', 0.08797389008260942), ([[1235, 343], [1301, 343], [1301, 385], [1235, 385]], '히대', 0.04184249599251353), ([[445, 375], [511, 375], [511, 491], [445, 491]], '팬', 0.04504468352007596), ([[441, 523], [483, 523], [483, 569], [441, 569]], '병', 0.051177239860839885), ([[48, 920], [272, 920], [272, 968], [48, 968]], '이거:  , 당하면>', 0.32608877233729855), ([[48, 962], [370, 962], [370, 1010], [48, 1010]], '아무것도 생각할 수가:-', 0.39903731902734213), ([[47, 1003], [177, 1003], [177, 1047], [47, 1047]], '아아아양', 0.8696160912513733), ([[115.99535850867089, 711.0633322185], [175.3902826712724, 691.1217315294565], [210.00464149132912, 805.9366677815], [151.6097173287276, 825.8782684705435]], '용', 0.03596032312725961)]
[([[1169, 8], [1396, 8], [1396, 62], [1169, 62]], '쌀계없 히후미잇', 0.22382742414628543), ([[1175, 63], [1510, 63], [1510, 114], [1175, 114]], '전선생님;  야 안음여', 0.1067639133721817), ([[1176, 109], [1274, 109], [1274, 153], [1176, 153]], '안페엔', 0.2539260291581716), ([[1176, 162], [1446, 162], [1446, 234], [1176, 234]], '훈으으@웃', 0.18874285302515825), ([[677, 261], [697, 261], [697, 295], [677, 295]], '~', 0.02923852970119456), ([[1169, 236], [1484, 236], [1484, 308], [1169, 308]], '안은 안 태액', 0.1919345164300743), ([[1171, 308], [1338, 308], [1338, 356], [1171, 356]], '~~~~@', 0.26844556919817825), ([[440, 446], [490, 446], [490, 498], [440, 498]], '8', 0.025378284423371866), ([[133, 909], [289, 909], [289, 951], [133, 951]], '안 된다고: ', 0.5251462488793361), ([[133, 949], [257, 949], [257, 993], [133, 993]], '말햇는데', 0.803240180015564), ([[133, 993], [229, 993], [229, 1033], [133, 1033]], '이거:.', 0.35823601484298706), ([[255, 989], [365, 989], [365, 1033], [255, 1033]], '안 돼앗', 0.473929531255899), ([[135, 1071], [301, 1071], [301, 1115], [135, 1115]], '간닷 ~ 간닷-', 0.24561438142327133), ([[132, 1116], [302, 1116], [302, 1154], [132, 1154]], '가버려~~~~', 0.686541877593864), ([[615.9815420665362, 242.07448605244602], [669.5255353275339, 224.1682548375656], [698.0184579334638, 323.92551394755395], [643.4744646724661, 340.8317451624344]], '개', 0.7205265093145954), ([[385.8106515844465, 258.10177918978957], [432.79686920853044, 239.045505089189], [466.1893484155535, 329.89822081021043], [420.20313079146956, 348.954494910811]], '귀', 0.4447883370231729), ([[1145.8503320980383, 411.48569740588033], [1174.6785941064575, 385.04626302286033], [1223.1496679019617, 441.51430259411967], [1194.3214058935425, 467.95373697713967]], '#', 0.3242165778605255), ([[1459.2135462705664, 477.034427484457], [1526.4312936773247, 464.33461997056094], [1550.7864537294336, 608.965572515543], [1482.5687063226753, 620.665380029439]], '탑', 0.027783630931059955)]
[([[1074, 20], [1202, 20], [1202, 68], [1074, 68]], '후우-~~<', 0.2207970740514249), ([[1072, 80], [1342, 80], [1342, 130], [1072, 130]], '안된타교 넘붐데', 0.039400864369802016), ([[1072, 146], [1304, 146], [1304, 194], [1072, 194]], '이야 미안 미안해', 0.9958647750266311), ([[1074, 186], [1402, 186], [1402, 236], [1074, 236]], '뭐 그래도 적당히 한다면', 0.5773317518707444), ([[1072, 228], [1298, 228], [1298, 278], [1072, 278]], '아기도 괜충켓지-', 0.17318958713170843), ([[633, 233], [717, 233], [717, 323], [633, 323]], '재', 0.035989077932541136), ([[1074, 282], [1312, 282], [1312, 335], [1074, 335]], '그런데 아니라노<', 0.12258512636082837), ([[1077, 339], [1133, 339], [1133, 383], [1077, 383]], '응?', 0.9943377258136917), ([[1127, 691], [1165, 691], [1165, 727], [1127, 727]], '(', 0.7512508128799169), ([[31, 923], [378, 923], [378, 973], [31, 973]], '선생님이 안에다 싸시면:  ', 0.5348394930723127), ([[34, 966], [342, 966], [342, 1014], [34, 1014]], '저 더는" . 참을 수 없제', 0.37861057548346055), ([[33, 1009], [221, 1009], [221, 1051], [33, 1051]], '되어 버려요 :', 0.5020428195810335), ([[33, 1091], [155, 1091], [155, 1135], [33, 1135]], '선생님.', 0.9983958005905151), ([[184, 1088], [462, 1088], [462, 1136], [184, 1136]], '책임   저주서야 해인', 0.43653504072305843)]
[([[1163, 11], [1351, 11], [1351, 97], [1163, 97]], '@회앗<', 0.0757647305727005), ([[1164, 95], [1314, 95], [1314, 147], [1164, 147]], '맨 행장햇 ', 0.022651534078468604), ([[1166, 138], [1358, 138], [1358, 190], [1166, 190]], '선생님의정액', 0.4016039432428863), ([[1166, 220], [1580, 220], [1580, 272], [1166, 272]], '선생님의 정액에 묘이령제나앗-', 0.15046265970067765), ([[678, 258], [702, 258], [702, 302], [678, 302]], '씨', 0.22509168140332125), ([[1282, 301], [1511, 301], [1511, 351], [1282, 351]], '너문행복해없<', 0.1933896742382218), ([[472, 366], [520, 366], [520, 420], [472, 420]], '뜻', 0.05696655858523436), ([[1214, 360], [1500, 360], [1500, 410], [1214, 410]], '한룻미잇 역시 이젠:', 0.12526947598909022), ([[44, 846], [264, 846], [264, 894], [44, 894]], '선생님  . 좀더엇', 0.5959157237815107), ([[42, 928], [460, 928], [460, 976], [42, 976]], '저에게 좁더: . 사정해 주세요 !', 0.2774173416623164), ([[45, 999], [275, 999], [275, 1043], [45, 1043]], '듣고 있지 안네::', 0.27316658683902834), ([[1066.087955521236, 345.77266211583117], [1235.10945173981, 224.2123497661416], [1303.912044478764, 345.22733788416883], [1134.89054826019, 466.7876502338584]], '|', 0.04898024851898075), ([[1168.379826327054, 361.03861061643164], [1209.7260269670896, 358.30736418322505], [1216.620173672946, 450.96138938356836], [1174.2739730329104, 454.69263581677495]], '해', 0.3517748352079799)]
[([[1085, 25], [1181, 25], [1181, 69], [1085, 69]], '넣울게', 0.514658076284782), ([[1209, 27], [1305, 27], [1305, 69], [1209, 69]], '하나 ', 0.7095005941830491), ([[1085, 81], [1219, 81], [1219, 125], [1085, 125]], '응  . 와침', 0.41222006357284907), ([[1245, 81], [1369, 81], [1369, 125], [1245, 125]], '선생님: .', 0.7537400059948163), ([[1075, 137], [1203, 137], [1203, 205], [1075, 205]], '욕록', 0.15093676762358935), ([[1212, 142], [1496, 142], [1496, 194], [1212, 194]], '고으으으으으', 0.9451915347347741), ([[1415, 251], [1551, 251], [1551, 429], [1415, 429]], '7', 0.13677428210087683), ([[1230, 378], [1306, 378], [1306, 460], [1230, 460]], '파', 0.0031190984084395468), ([[82, 973], [218, 973], [218, 1009], [82, 1009]], '~신시시', 0.17256943881511688), ([[211, 959], [321, 959], [321, 1025], [211, 1025]], '으옷', 0.7991362604628114), ([[78, 1036], [214, 1036], [214, 1084], [78, 1084]], '선생님에', 0.7368268966674805), ([[241, 1039], [373, 1039], [373, 1083], [241, 1083]], '들어오고', 0.5982553563832252), ([[79, 1083], [165, 1083], [165, 1123], [79, 1123]], '있어: .', 0.8400606396844535), ([[51.74585964639434, 584.0989157722843], [101.63796177826312, 553.025477771711], [163.25414035360566, 662.9010842277157], [113.36203822173688, 693.974522228289]], '술', 0.8417490830948147)]
[([[1231, 35], [1529, 35], [1529, 79], [1231, 79]], '하앗 하앗 하나 하나앗', 0.3503516062150704), ([[1229, 117], [1519, 117], [1519, 161], [1229, 161]], '하나의 안 . 존존해: .', 0.5061892067503162), ([[129, 571], [187, 571], [187, 615], [129, 615]], '"어', 0.03609815348468173), ([[19, 713], [229, 713], [229, 757], [19, 757]], '서; 선생님 건:', 0.21265578784070693), ([[19, 755], [169, 755], [169, 799], [19, 799]], '커다랗 - 네', 0.20530000800919046), ([[16, 794], [330, 794], [330, 842], [16, 842]], '나; 나위 반약환 몸으론:', 0.2801241752723864), ([[18, 834], [320, 834], [320, 884], [18, 884]], '전분받아들일습 없어:', 0.5157928531597522), ([[16, 876], [116, 876], [116, 924], [16, 924]], '미안해', 0.8975814205021485), ([[18, 924], [312, 924], [312, 972], [18, 972]], '사과하지 않아도 돼:', 0.827946577241521), ([[18, 964], [312, 964], [312, 1014], [18, 1014]], '나는 히나가 좋다아앗-', 0.46861848389310967), ([[20, 1030], [182, 1030], [182, 1078], [20, 1078]], '나; 나름 3', 0.3400336310087904), ([[18, 1072], [164, 1072], [164, 1122], [18, 1122]], '곧 근래 ', 0.08810229873039124), ([[193, 1075], [289, 1075], [289, 1117], [193, 1117]], '나흘 ;', 0.3275117576122284), ([[20, 1112], [196, 1112], [196, 1160], [20, 1160]], '좋아하무나::', 0.776944623426318), ([[19, 1155], [181, 1155], [181, 1197], [19, 1197]], '~~~~스으웃', 0.3754249097798536), ([[1291.1261625228515, 973.0382527605078], [1368.7727512849424, 956.3920943847345], [1397.8738374771485, 1106.9617472394923], [1320.2272487150576, 1124.6079056152655]], '#', 0.38915764763988037)]
[([[1117, 29], [1225, 29], [1225, 71], [1117, 71]], '햇0 탓-', 0.03785361474650797), ([[1251, 29], [1323, 29], [1323, 71], [1251, 71]], '하앗', 0.38360049462174867), ([[1112, 67], [1238, 67], [1238, 118], [1112, 118]], '선생님  ', 0.6486150347145304), ([[1269, 71], [1387, 71], [1387, 113], [1269, 113]], '선생님 .', 0.46613570669001925), ([[1119, 125], [1311, 125], [1311, 169], [1119, 169]], '히; 히나아앗 ', 0.18585318128858916), ([[1115, 162], [1446, 162], [1446, 217], [1115, 217]], '안쪽이 갑자기 조여들어:', 0.9170145894453782), ([[1455, 297], [1541, 297], [1541, 389], [1455, 389]], '\'"', 0.3199016763435161), ([[1096, 374], [1122, 374], [1122, 416], [1096, 416]], '세', 0.007316808053916768), ([[20, 778], [178, 778], [178, 826], [20, 826]], '위험해애앗', 0.8035409682056912), ([[20, 820], [392, 820], [392, 868], [20, 868]], '이거; 바로 가버리 거 같아 ""', 0.2834362223986094), ([[23, 887], [63, 887], [63, 931], [23, 931]], '옷', 0.9980354430538227), ([[91, 885], [161, 885], [161, 929], [91, 929]], '오옷', 0.9979544681013213), ([[188, 882], [290, 882], [290, 930], [188, 930]], '흥요옷', 0.6680973463377293), ([[20, 922], [368, 922], [368, 972], [20, 972]], '젠 선생님 것이 내안예세', 0.08456138955808878), ([[20, 966], [188, 966], [188, 1014], [20, 1014]], '분물어 올라', 0.3665934563673219), ([[25, 1009], [121, 1009], [121, 1053], [25, 1053]], '좋아뇨(', 0.22236309945583344), ([[149, 1009], [243, 1009], [243, 1053], [149, 1053]], '선생님', 0.9998258046532897), ([[22, 1047], [340, 1047], [340, 1096], [22, 1096]], '선생님이 원하는 곳에:.', 0.48778122491463616), ([[21, 1131], [157, 1131], [157, 1175], [21, 1175]], '원할 만큼', 0.9686260224916049), ([[185, 1131], [291, 1131], [291, 1175], [185, 1175]], '싸주엇:', 0.43063241243362427)]
[([[1224, 30], [1454, 30], [1454, 110], [1224, 110]], '산다아앗', 0.922427237033844), ([[1049, 105], [1257, 105], [1257, 173], [1049, 173]], '용오오옷', 0.48224639892578125), ([[7, 783], [132, 783], [132, 835], [7, 835]], '선생님의', 0.9861429333686829), ([[6, 823], [270, 823], [270, 876], [6, 876]], '기분 증앙단 증거: <', 0.1432188874758722), ([[6, 908], [206, 908], [206, 956], [6, 956]], '내안에:  에옛', 0.3428445574011858), ([[255, 881], [365, 881], [365, 962], [255, 962]], '시모', 0.025826588956837045), ([[11, 953], [142, 953], [142, 997], [11, 997]], '들어 와;', 0.6049225537271584), ([[14, 1052], [166, 1052], [166, 1076], [14, 1076]], '~~간내', 9.79650067165494e-05), ([[1198.728562357417, 754.0185052091441], [1218.2543286319708, 752.0162366706282], [1228.271437642583, 830.9814947908559], [1208.7456713680292, 833.9837633293718]], '"', 0.9937585534904123)]
[([[1225, 7], [1451, 7], [1451, 51], [1225, 51]], '하앗 하앗 하아~', 0.3426044182330167), ([[1227, 49], [1449, 49], [1449, 93], [1227, 93]], '엄청나게 씻다 .', 0.6547985978295556), ([[1225, 97], [1319, 97], [1319, 139], [1225, 139]], '정말로', 0.9999876114175069), ([[1224, 134], [1393, 134], [1393, 183], [1224, 183]], '잔뜩 씻다  .', 0.7423883080048057), ([[572, 252], [602, 252], [602, 278], [572, 278]], '0', 0.6327912009459205), ([[223, 569], [267, 569], [267, 653], [223, 653]], '하', 0.01182842790016464), ([[246, 654], [278, 654], [278, 684], [246, 684]], '0', 0.13640888943573604), ([[468, 874], [848, 874], [848, 922], [468, 922]], '선생님 이런내 몹이어도: ', 0.21125364454217965), ([[470, 914], [864, 914], [864, 962], [470, 962]], '선생님울고 기분 증계 해줄 수', 0.2860990737992239), ([[17, 959], [179, 959], [179, 1003], [17, 1003]], '조금만 더: .', 0.2733332463386421), ([[467, 957], [607, 957], [607, 1001], [467, 1001]], '있없어: :?', 0.444167612630805), ([[12, 997], [250, 997], [250, 1046], [12, 1046]], '하나와 하고 싶어', 0.8182636083428094), ([[466, 1008], [688, 1008], [688, 1056], [466, 1056]], '그거야 당연하지', 0.9998416490967796), ([[114, 1056], [211, 1056], [211, 1107], [114, 1107]], '좋아  ;', 0.3525025916310671), ([[535, 1055], [657, 1055], [657, 1095], [535, 1095]], '그래도: .', 0.7062034225936626), ([[16, 1099], [224, 1099], [224, 1149], [16, 1149]], '와주-? 선생님', 0.830152689761035), ([[467, 1101], [751, 1101], [751, 1145], [467, 1145]], '응? 왜 그래 선생님: .', 0.6058541165291991), ([[467, 1144], [767, 1144], [767, 1184], [467, 1184]], '뭐문지   말해줄래: ? ~', 0.6188578691280947), ([[47.39091787191963, 538.0309951448124], [95.43114841176157, 530.1731814663993], [112.60908212808037, 647.9690048551876], [64.56885158823843, 655.8268185336007]], ';', 0.004725232031704829), ([[467.89189448205514, 1046.1243357210426], [541.6895182460455, 1058.265520648723], [534.1081055179449, 1099.8756642789574], [459.31048175395455, 1088.734479351277]], '아~,', 0.9968450177006366), ([[11.981981618011062, 1065.3495485304309], [83.39401435656863, 1054.9143375281028], [89.01801838198894, 1104.6504514695691], [17.605985643431367, 1116.0856624718972]], '{응', 0.632908158842839)]
[([[1193, 17], [1493, 17], [1493, 61], [1193, 61]], '하앗 하앗 하나 하나앗', 0.43298419508430763), ([[1195, 75], [1233, 75], [1233, 117], [1195, 117]], '옷', 0.9999299061660736), ([[1263, 75], [1303, 75], [1303, 119], [1263, 119]], '옷', 0.8434024871508292), ([[1330, 72], [1430, 72], [1430, 120], [1330, 120]], '응오옷', 0.7098332116732787), ([[1191, 129], [1357, 129], [1357, 171], [1191, 171]], '미안해 하나', 0.9259254465418155), ([[1193, 169], [1449, 169], [1449, 213], [1193, 213]], '한번만 한번만 더엇', 0.7819960821980324), ([[141, 577], [183, 577], [183, 649], [141, 649]], '@', 0.09844304509614688), ([[223, 563], [291, 563], [291, 669], [223, 669]], '약', 0.01560625996161491), ([[67, 817], [185, 817], [185, 859], [67, 859]], '종-아앗_', 0.17328888174966198), ([[63, 857], [181, 857], [181, 901], [63, 901]], '선생니임', 0.8422800416318584), ([[59, 935], [446, 935], [446, 987], [59, 987]], '선생님의 안에 쌓안뒷렉럿들', 0.07268868473531519), ([[63, 981], [255, 981], [255, 1025], [63, 1025]], '전부 받아줄게', 0.7397701972006391), ([[60, 1020], [364, 1020], [364, 1068], [60, 1068]], '받아주고 싶으니깐  ~', 0.23007604023606612), ([[1182, 974], [1334, 974], [1334, 1132], [1182, 1132]], '1', 0.523788949081311), ([[59, 1058], [186, 1058], [186, 1109], [59, 1109]], '얼굴에도', 0.5764126181602478), ([[245, 1065], [359, 1065], [359, 1107], [245, 1107]], '입에도 ', 0.4729807674884796), ([[65, 1105], [281, 1105], [281, 1147], [65, 1147]], '보 보지:- 에도: .', 0.3764455002773184), ([[61, 1145], [237, 1145], [237, 1189], [61, 1189]], '원하는 곳에:', 0.4875949175502598), ([[295, 1145], [431, 1145], [431, 1187], [295, 1187]], '원할 만큼', 0.8241988737249668), ([[457, 1145], [555, 1145], [555, 1189], [457, 1189]], '싸쥐엇', 0.3469888954731037), ([[-0.6482675660701108, 517.0263089373376], [58.545312565156756, 498.01860700088747], [105.64826756607012, 655.9736910626624], [46.454687434843244, 674.9813929991125]], '9', 0.01664233615958488)]
[([[1066, 8], [1392, 8], [1392, 82], [1066, 82]], '또: |산다아앗', 0.6187407748708706), ([[1068, 84], [1314, 84], [1314, 164], [1068, 164]], '오오오옷', 0.5383675783560022), ([[1065, 167], [1221, 167], [1221, 211], [1065, 211]], '선생님 게;?', 0.34314822203883083), ([[1066, 206], [1290, 206], [1290, 254], [1066, 254]], '또  이안에소에없<', 0.049681890766382845), ([[64, 562], [118, 562], [118, 634], [64, 634]], '채', 0.13985449854421095), ([[111, 941], [180, 941], [180, 986], [111, 986]], '이거', 0.9998476003973241), ([[206, 940], [406, 940], [406, 990], [206, 990]], '배가 따뜻해선:', 0.32884045945989204), ([[115, 985], [330, 985], [330, 1029], [115, 1029]], '너문 행복해서: :', 0.44971106225452107), ([[111, 1021], [452, 1021], [452, 1101], [111, 1101]], '칸: 차아 앗', 0.060557700273716826), ([[115, 1107], [155, 1107], [155, 1149], [115, 1149]], '옷', 0.9994265663380908), ([[184, 1106], [344, 1106], [344, 1154], [184, 1154]], '욕어 응옷하', 0.10533618378286323), ([[117, 1151], [369, 1151], [369, 1189], [117, 1189]], '~~~~~~~~~~으웃', 0.8478255365975541), ([[1058.2335635976378, 320.0326940923634], [1154.9524765858882, 393.076331780821], [1106.7664364023622, 454.9673059076366], [1011.0475234141117, 381.923668219179]], '새|', 0.00031857630889186943), ([[1359.7029068000788, 854.0088342413259], [1395.2600641709494, 842.0067679177722], [1458.2970931999212, 1031.991165758674], [1421.7399358290506, 1043.9932320822277]], '1', 0.3738224333926645)]
[([[1183, 27], [1387, 27], [1387, 69], [1183, 69]], '하앗~ 하아~앗', 0.44976949164111396), ([[1185, 69], [1345, 69], [1345, 111], [1185, 111]], '하아~~ 옷', 0.836056272182514), ([[1185, 125], [1225, 125], [1225, 167], [1185, 167]], '맛', 0.1309573317165027), ([[1253, 123], [1295, 123], [1295, 167], [1253, 167]], '탓', 0.5076727788005577), ([[1325, 127], [1411, 127], [1411, 165], [1325, 165]], '하아', 0.9996731246926034), ([[1182, 162], [1544, 162], [1544, 210], [1182, 210]], '매 만족  햇어? . 선생님: .', 0.29458733990124303), ([[63, 773], [203, 773], [203, 815], [63, 815]], '아 아아요', 0.39852884394140875), ([[64, 810], [334, 810], [334, 860], [64, 860]], '역시 더느안 나오네', 0.6249831301804358), ([[65, 907], [163, 907], [163, 945], [65, 945]], '그래: .', 0.45902808266092615), ([[63, 945], [408, 945], [408, 989], [63, 989]], '다행이다:  이런 나라도 ', 0.35513660265559577), ([[63, 983], [464, 983], [464, 1035], [63, 1035]], '선생님올 만족시길 수 있어서 -', 0.4056555256331632), ([[62, 1066], [464, 1066], [464, 1114], [62, 1114]], '나; 나도  "엄청 기분 중앞고: .', 0.18008319335693582), ([[7.414571455811777, 531.0286288492802], [53.44985803595757, 516.0168881217644], [93.58542854418822, 644.9713711507198], [48.55014196404243, 660.9831118782356]], '@', 0.005800145677510082)]
[([[1101, 11], [1195, 11], [1195, 53], [1101, 53]], '선생님', 0.9999440450657087), ([[1223, 11], [1395, 11], [1395, 55], [1223, 55]], '거기에 선서::', 0.4718359074333861), ([[1101, 53], [1243, 53], [1243, 95], [1101, 95]], '응 그렇게', 0.9340036872706007), ([[577, 115], [613, 115], [613, 159], [577, 159]], '내', 0.07925515992909382), ([[1099, 105], [1229, 105], [1229, 147], [1099, 147]], '히 히나?', 0.5726900540096043), ([[1098, 148], [1431, 148], [1431, 196], [1098, 196]], '자지:. 깨끗하게 해줄제;', 0.4159475100636142), ([[1099, 203], [1221, 203], [1221, 245], [1099, 245]], '진짜로!?', 0.5669542779333163), ([[1098, 256], [1170, 256], [1170, 304], [1098, 304]], '후춧', 0.19716968325642487), ([[1196, 256], [1558, 256], [1558, 304], [1196, 304]], '선생님 렌션 너무 올컷잡아', 0.12968164371621443), ([[1101, 299], [1223, 299], [1223, 343], [1101, 343]], '"귀여워', 0.8291479349136353)]
[([[1111, 25], [1245, 25], [1245, 69], [1111, 69]], '옷" 응음', 0.27635629362281794), ([[1277, 25], [1341, 25], [1341, 67], [1277, 67]], '무움', 0.3717455337886008), ([[1108, 74], [1312, 74], [1312, 122], [1108, 122]], '옷%오오:  옷', 0.16204762772529982), ([[1109, 130], [1404, 130], [1404, 175], [1109, 175]], '활짝< 활짝~ 활짜악', 0.0864279818043503), ([[1108, 184], [1326, 184], [1326, 258], [1108, 258]], '응오오옷', 0.3948430120944977), ([[1107, 267], [1177, 267], [1177, 309], [1107, 309]], '에앗', 0.8636992715822115), ([[1109, 307], [1315, 307], [1315, 351], [1109, 351]], '날뒤면반 돼: .', 0.260413249487858), ([[1108, 344], [1458, 344], [1458, 394], [1108, 394]], '이건 청소니깐 -활짜아악-', 0.05471022806289131), ([[47, 923], [271, 923], [271, 967], [47, 967]], '그렇게 말해도: -', 0.5191830664304755), ([[44, 962], [554, 962], [554, 1012], [44, 1012]], '히나의 조그만 혀가 뒷줄기름 훈으미: ', 0.1393379765793941), ([[43, 1043], [297, 1043], [297, 1135], [43, 1135]], '오히이익', 0.9224423170089722), ([[443.26190718873653, 505.05477816453487], [481.39766633945834, 499.1993199644691], [492.73809281126347, 581.9452218354652], [455.60233366054166, 587.800680035531]], '#', 0.4110084321765193), ([[553.2038378058769, 575.0637943964367], [590.3316768971988, 568.180597895852], [602.7961621941231, 646.9362056035633], [566.6683231028012, 653.819402104148]], '축', 0.06567123827569876), ([[200.02372034707875, 600.0684144642591], [253.078702467768, 581.083613589017], [286.9762796529212, 684.9315855357409], [233.921297532232, 703.916386410983]], '@', 0.13055008848118632), ([[615.5017271208776, 691.0207254505307], [661.7705445248986, 681.0496839466168], [688.4982728791224, 822.9792745494693], [642.2294554751014, 831.9503160533832]], '@', 0.05607174181646024)]
[([[1095, 19], [1161, 19], [1161, 61], [1095, 61]], '정말', 0.9999960381985386), ([[1187, 17], [1283, 17], [1283, 61], [1187, 61]], '이래선', 0.9996013732608389), ([[1094, 56], [1416, 56], [1416, 104], [1094, 104]], '전혀 깨끗해지지 않잖아:', 0.40033763326155775), ([[1095, 99], [1217, 99], [1217, 143], [1095, 143]], '그렇다면', 0.9986926317214966), ([[1245, 99], [1341, 99], [1341, 143], [1245, 143]], '하으움', 0.9917712289530393), ([[1095, 147], [1247, 147], [1247, 213], [1095, 213]], '오후옷', 0.6694672354654901), ([[1092, 218], [1256, 218], [1256, 266], [1092, 266]], '이렇제 하면', 0.5581973645645953), ([[1271, 215], [1371, 215], [1371, 266], [1271, 266]], '주우움', 0.23200121750894856), ([[1090, 258], [1277, 258], [1277, 303], [1090, 303]], '깨끄태지켓찌', 0.6877780616273016), ([[1100, 302], [1132, 302], [1132, 344], [1100, 344]], '음', 0.9547393481217483), ([[1165, 299], [1231, 299], [1231, 343], [1165, 343]], '응웃', 0.7788840274283807), ([[1262, 298], [1360, 298], [1360, 346], [1262, 346]], '주우움', 0.9970159098806316), ([[1094, 340], [1334, 340], [1334, 388], [1094, 388]], '주우우우우우우움', 0.6557768957698817), ([[344, 494], [368, 494], [368, 528], [344, 528]], '0', 0.9926726829539554), ([[910, 512], [952, 512], [952, 542], [910, 542]], '9', 0.8694657748392842), ([[60, 910], [266, 910], [266, 960], [60, 960]], '옷 옷 응오오옷', 0.5924691038632355), ([[60, 950], [400, 950], [400, 1002], [60, 1002]], '요 오도에 남아있는 정액', 0.5236661099767894), ([[60, 996], [311, 996], [311, 1044], [60, 1044]], '전부 빨아들여: 엇', 0.5774630944816447), ([[57, 1033], [296, 1033], [296, 1114], [57, 1114]], '응오오옷', 0.30261742953018494), ([[892.2725300475258, 433.05320432317575], [926.5345530305851, 421.0286568155586], [956.7274699524742, 510.94679567682425], [922.4654469694149, 523.9713431844415]], '7', 0.2539606160639529), ([[297.6279003758919, 443.01386503695113], [333.3416652620457, 437.0116871741328], [358.3720996241081, 586.9861349630489], [322.6583347379543, 592.9883128258672]], '표', 0.01241737146605365), ([[559.5501419640424, 650.0168881217644], [604.3862936679878, 639.0124481461893], [640.4498580359576, 794.9831118782356], [595.6137063320122, 805.9875518538107]], '"', 0.7746426539695825), ([[597.1360026099594, 789.0752148767684], [637.1523626244083, 785.4869815939827], [641.8639973900406, 855.9247851232316], [601.8476373755917, 859.5130184060173]], '3', 0.05411259860321338)]
[([[1061, 17], [1300, 17], [1300, 62], [1061, 62]], '부 부탁이야 하나', 0.826503219856199), ([[1057, 59], [1363, 59], [1363, 103], [1057, 103]], '그대로 빨아들이면서::', 0.9121498125507752), ([[1057, 101], [1303, 101], [1303, 145], [1057, 145]], '앞뒤로 움직여쥐: ', 0.7053525496556547), ([[1060, 152], [1538, 152], [1538, 207], [1060, 207]], '음~음; 주움차 주붙< 주우분; >', 0.0051672759433997115), ([[1055, 199], [1283, 199], [1283, 243], [1055, 243]], '이 이러면 돼:?', 0.7348434266000365), ([[1059, 259], [1201, 259], [1201, 301], [1059, 301]], '그 그래: .', 0.9654381618742655), ([[1058, 296], [1237, 296], [1237, 344], [1058, 344]], '잘 하네 하나', 0.9414240768241298), ([[271, 327], [307, 327], [307, 399], [271, 399]], '석', 0.026847811991381754), ([[1057, 339], [1343, 339], [1343, 383], [1057, 383]], '미안해 하나 청소인데', 0.8115283192210224), ([[1060, 378], [1278, 378], [1278, 426], [1060, 426]], '기분 좋아저서:.', 0.6432377740853147), ([[46, 864], [262, 864], [262, 912], [46, 912]], '신경 쓰지마 ~', 0.3404584164954302), ([[44, 904], [334, 904], [334, 952], [44, 952]], '나도오 서새니뭐 정액', 0.30704763688272163), ([[44, 946], [320, 946], [320, 994], [44, 994]], '마시고 시프나까:)', 0.547990241325589), ([[46, 1027], [298, 1027], [298, 1076], [46, 1076]], '단꺼음   싸워어<', 0.024412952470245015), ([[217.4914763457601, 436.0161786284337], [276.87386041495085, 423.0478702239474], [314.50852365423987, 608.9838213715663], [255.12613958504917, 620.9521297760526]], '"', 0.8499140694347638), ([[432.50097371075856, 864.0155793721369], [489.5548106895568, 850.0192616194519], [532.4990262892414, 1039.984420627863], [475.4451893104432, 1052.980738380548]], '"', 0.14701299168520165)]
[([[1042, 17], [1260, 17], [1260, 110], [1042, 110]], '산다앗', 0.7088494211857475), ([[1040, 104], [1244, 104], [1244, 160], [1040, 160]], '~~~~으옷', 0.5523445519834338), ([[1038, 161], [1155, 161], [1155, 212], [1038, 212]], "마서쥐;'", 0.27207219521849263), ([[1165, 167], [1257, 167], [1257, 207], [1165, 207]], '하나  ', 0.4009128212928772), ([[1045, 205], [1189, 205], [1189, 249], [1045, 249]], '내 정액올:', 0.8944253772589561), ([[1215, 207], [1277, 207], [1277, 247], [1215, 247]], '전부', 0.9999544817070392), ([[1044, 258], [1142, 258], [1142, 308], [1044, 308]], '흥으/', 0.15451563894748688), ([[1203, 261], [1505, 261], [1505, 305], [1203, 305]], '웃기음~ 크음> 그움', 0.0597196091123457), ([[1049, 305], [1109, 305], [1109, 347], [1049, 347]], '품으', 0.9644428030583689), ([[1199, 303], [1477, 303], [1477, 347], [1199, 347]], '안 양이 너무 많아 ', 0.7918763346216431), ([[152, 402], [224, 402], [224, 512], [152, 512]], "'뱀", 0.8622213057097465), ([[331, 465], [395, 465], [395, 525], [331, 525]], '새', 0.013075211628099659), ([[48, 938], [200, 938], [200, 986], [48, 986]], '선생니임 ', 0.3233003571948885), ([[225, 939], [398, 939], [398, 983], [225, 983]], '매 미아내:  ', 0.5392638123578833), ([[46, 978], [318, 978], [318, 1028], [46, 1028]], '마 마실 수 업서)', 0.5773606039947012), ([[48, 1020], [216, 1020], [216, 1068], [48, 1068]], '브음이 으붙', 0.19639056415002804), ([[242, 1020], [374, 1020], [374, 1068], [242, 1068]], '@으움 " <', 0.1698026357448422)]
[([[1143, 43], [1377, 43], [1377, 87], [1143, 87]], '하~앗 햇~ 하아~', 0.3647708578623518), ([[577, 117], [613, 117], [613, 157], [577, 157]], '내', 0.10963225365435392), ([[1143, 125], [1303, 125], [1303, 167], [1143, 167]], '말도 안 돼:', 0.5984463736943436), ([[1142, 164], [1462, 164], [1462, 212], [1142, 212]], '아까 그렇게나 씻엇든데', 0.2847033123189935), ([[1147, 207], [1331, 207], [1331, 251], [1147, 251]], '또 이렇게나; .', 0.6105421940345993), ([[1145, 247], [1211, 247], [1211, 289], [1145, 289]], '으급', 0.6325577768843622), ([[1241, 247], [1309, 247], [1309, 291], [1241, 291]], '그룹', 0.260920265535135), ([[1337, 247], [1409, 247], [1409, 289], [1337, 289]], '무움', 0.42867179765691993), ([[1143, 287], [1209, 287], [1209, 331], [1143, 331]], '꿀쩍', 0.7509462221286626), ([[1241, 287], [1309, 287], [1309, 331], [1241, 331]], '꿀쩍', 0.41719771319279514), ([[1335, 283], [1435, 283], [1435, 334], [1335, 334]], '물거억', 0.33180495364738144), ([[1143, 345], [1309, 345], [1309, 389], [1143, 389]], '미안해 히나', 0.6124698620588352), ([[1138, 382], [1434, 382], [1434, 432], [1138, 432]], '아깐 그렇게 말맞지만', 0.26494491144463744), ([[1142, 421], [1526, 421], [1526, 474], [1142, 474]], '전부 마실 필요습 없으디판:', 0.2679258467559807), ([[1145, 487], [1329, 487], [1329, 531], [1145, 531]], '신경쓰지 마: :', 0.643029866501179), ([[1140, 524], [1514, 524], [1514, 574], [1140, 574]], '내가 다 마시고 싶올 뿐이야:', 0.5799703777689953), ([[18, 864], [248, 864], [248, 912], [18, 912]], '주문롭이 주분움-', 0.0976361290073644), ([[18, 906], [262, 906], [262, 954], [18, 954]], '주분인리리으으움', 0.014393338994255081), ([[19, 961], [119, 961], [119, 1005], [19, 1005]], '오으옥', 0.1409966047704276), ([[18, 1000], [378, 1000], [378, 1048], [18, 1048]], '위험해: , 이럼 또 서버려: :', 0.43119313374850254), ([[16, 1042], [338, 1042], [338, 1090], [16, 1090]], '하나의 러브러브 필라로', 0.5393117599511381), ([[18, 1083], [376, 1083], [376, 1132], [18, 1132]], '또자지 발기 류프해버려엇', 0.3958117930982881), ([[362.5550418025401, 439.0141562998795], [414.13113531937654, 432.0919950138076], [435.4449581974599, 609.9858437001205], [383.86886468062346, 616.9080049861924]], '@', 0.029408492563215427), ([[506.67325374277357, 683.0076300953548], [555.298872510612, 673.0063832516787], [600.3267462572264, 910.9923699046452], [551.701127489388, 920.9936167483213]], "'", 0.9334490199187861)]
[([[1401, 11], [1575, 11], [1575, 55], [1401, 55]], '몇 개월 후 -', 0.9783261145214238), ([[1460, 280], [1536, 280], [1536, 378], [1460, 378]], '예', 0.03570385463768333), ([[643, 513], [705, 513], [705, 615], [643, 615]], '@', 0.031345149269257355), ([[1181, 631], [1225, 631], [1225, 675], [1181, 675]], '앗', 0.4884014528437355), ([[1251, 631], [1289, 631], [1289, 673], [1251, 673]], '탓', 0.13815000379178688), ([[1319, 631], [1391, 631], [1391, 675], [1319, 675]], '하잇', 0.2753923456820786), ([[1178, 670], [1500, 670], [1500, 720], [1178, 720]], '기;기분 좋아  ? 선생님', 0.6400691377720087), ([[1179, 755], [1347, 755], [1347, 797], [1179, 797]], '나 제대로: .', 0.5373631142682113), ([[1180, 792], [1440, 792], [1440, 842], [1180, 842]], '선생님올 기분 증계', 0.7855918486815818), ([[1178, 834], [1392, 834], [1392, 882], [1178, 882]], '해주고 있어: :?', 0.4896525994629689), ([[1180, 900], [1490, 900], [1490, 948], [1180, 948]], '아아; 너무나 기분 좋아', 0.45831227320896684), ([[1181, 943], [1347, 943], [1347, 987], [1181, 987]], '사랑해 하나', 0.7875607988045368), ([[1181, 991], [1341, 991], [1341, 1031], [1181, 1031]], '~~~~~으웃', 0.6383005567312001), ([[1180, 1028], [1334, 1028], [1334, 1072], [1180, 1072]], '행:-복해: .', 0.3697800874731042), ([[1181, 1071], [1413, 1071], [1413, 1115], [1181, 1115]], '나; 나도  좋아', 0.44231976836940706), ([[1241.154696648639, 152.03978447557327], [1326.9827811567484, 209.44354453011294], [1281.845303351361, 275.96021552442676], [1196.0172188432516, 217.55645546988706]], '(', 0.2426279185954181), ([[52.43276587968865, 550.0230203201704], [109.09360079771737, 545.3204165025207], [119.56723412031134, 686.9769796798296], [62.90639920228262, 692.6795834974793]], '@', 0.8909603545573965)]
[([[1017, 173], [1077, 173], [1077, 243], [1017, 243]], '1', 0.020781852831058822), ([[1268, 124], [1322, 124], [1322, 232], [1268, 232]], '"', 0.20408776538138884), ([[1333, 195], [1353, 195], [1353, 237], [1333, 237]], '씨', 0.07370159753330441), ([[1293, 211], [1329, 211], [1329, 275], [1293, 275]], '다', 0.8860937822550028), ([[1506, 302], [1536, 302], [1536, 356], [1506, 356]], '0', 0.6882437360894222), ([[60, 568], [110, 568], [110, 668], [60, 668]], '"', 0.026303161683769227), ([[53, 755], [97, 755], [97, 811], [53, 811]], '초', 0.06739289425653183), ([[8, 838], [110, 838], [110, 886], [8, 886]], '양대:<', 0.23154591023921967), ([[134, 838], [364, 838], [364, 886], [134, 886]], '기타랗수 없어: :', 0.17916625706791378), ([[1189, 843], [1341, 843], [1341, 887], [1189, 887]], '선: 생님:.', 0.5124250283458383), ([[9, 881], [79, 881], [79, 923], [9, 923]], '조욕', 0.44056420067960445), ([[106, 880], [334, 880], [334, 928], [106, 928]], '주움이 응주운움-', 0.18262667702411392), ([[1189, 885], [1225, 885], [1225, 927], [1189, 927]], '입', 0.9999945163801982), ([[1251, 877], [1446, 877], [1446, 930], [1251, 930]], '벌려줄래: ?9', 0.4787455168955079), ([[10, 920], [334, 920], [334, 968], [10, 968]], '좋아) 좋아) 선생님하(', 0.1963191982640417), ([[1189, 943], [1385, 943], [1385, 987], [1189, 987]], "응? 아; 아아 '", 0.30992605851383936), ([[8, 960], [204, 960], [204, 1010], [8, 1010]], '너문 좋아앗 (', 0.2723120887215737), ([[6, 1014], [336, 1014], [336, 1062], [6, 1062]], '위 위험하다니깐 히나앗', 0.35380005007076265), ([[1189, 999], [1229, 999], [1229, 1043], [1189, 1043]], '탓', 0.10430981527174144), ([[1254, 996], [1426, 996], [1426, 1044], [1254, 1044]], '하룻~ 하름', 0.12751729448661392), ([[6, 1056], [206, 1056], [206, 1104], [6, 1104]], '이대로눈나::', 0.4516229234220454), ([[1189, 1039], [1257, 1039], [1257, 1083], [1189, 1083]], '조욕', 0.683533399652864), ([[1286, 1038], [1388, 1038], [1388, 1086], [1286, 1086]], '주부움', 0.9653783705372171), ([[8, 1106], [140, 1106], [140, 1154], [8, 1154]], '괜찮아노(', 0.14253294597993268), ([[1186, 1098], [1358, 1098], [1358, 1146], [1186, 1146]], '히, 하나앗:?', 0.6163454008299505), ([[8, 1146], [138, 1146], [138, 1194], [8, 1194]], '따취어<', 0.14910262823104858), ([[158, 1146], [292, 1146], [292, 1194], [158, 1194]], '이대로"<', 0.6241199096613314), ([[1186, 1138], [1570, 1138], [1570, 1188], [1186, 1188]], '자; 잠깐만 기다려오응무움:?', 0.20434097287576009), ([[1020.4710935662174, 80.02335729825654], [1066.0254799438148, 96.55078532525738], [1026.5289064337826, 204.97664270174346], [981.9745200561853, 189.44921467474262]], '"', 0.031267218289077414), ([[1446.5343669263336, 216.01550389500375], [1497.3235152369343, 211.1262595759221], [1514.4656330736664, 379.98449610499625], [1463.6764847630657, 385.87374042407794]], '4', 0.9077599864708787)]
[([[887, 163], [930, 163], [930, 286], [887, 286]], '0', 0.17620074999946667), ([[1390, 270], [1420, 270], [1420, 318], [1390, 318]], '5', 0.038102450972888), ([[1266, 364], [1316, 364], [1316, 424], [1266, 424]], '채0', 0.2008285970477728), ([[979, 685], [999, 685], [999, 721], [979, 721]], '0', 0.18095062195684264), ([[958, 700], [990, 700], [990, 744], [958, 744]], '7', 0.9964257287948755), ([[1189, 725], [1449, 725], [1449, 813], [1189, 813]], '산다아앗', 0.730650007724762), ([[1195, 819], [1469, 819], [1469, 883], [1195, 883]], '예~~~~으옷', 0.4131835710505768), ([[411, 861], [451, 861], [451, 933], [411, 933]], '낌', 0.020639465473667684), ([[1200, 896], [1408, 896], [1408, 944], [1200, 944]], '옷요 옷요 응옷', 0.02016199098870204), ([[1201, 939], [1267, 939], [1267, 983], [1201, 983]], '무옷', 0.36567627425523913), ([[1301, 943], [1419, 943], [1419, 981], [1301, 981]], '으으으움', 0.20169748538083718), ([[1201, 1021], [1323, 1021], [1323, 1065], [1201, 1065]], '선생님: .', 0.8268509511189156), ([[1350, 1020], [1480, 1020], [1480, 1068], [1350, 1068]], '좋안노앞', 0.04980172589421272), ([[1201, 1063], [1297, 1063], [1297, 1107], [1201, 1107]], '조오욕', 0.6657215735343738), ([[1326, 1060], [1426, 1060], [1426, 1108], [1326, 1108]], '주부움', 0.35112025781064343), ([[1201, 1103], [1267, 1103], [1267, 1147], [1201, 1147]], '주붙', 0.37464542564460945), ([[1297, 1103], [1463, 1103], [1463, 1147], [1297, 1147]], '너문 좋아3(', 0.1360163628990293), ([[1199, 1145], [1297, 1145], [1297, 1189], [1199, 1189]], '전부"', 0.19507725516283916), ([[1324, 1144], [1528, 1144], [1528, 1192], [1324, 1192]], '전분다 따켓"', 0.11980128682026461), ([[916.5040613041526, 288.01538699685693], [972.3897804297072, 266.0095011910008], [1043.4959386958474, 464.98461300314307], [987.6102195702928, 486.9904988089992]], '8', 0.13542281606551487), ([[33.66901305630398, 454.009136319102], [80.67607906055248, 447.0382119205827], [105.33098694369602, 646.990863680898], [57.32392093944752, 652.9617880794174]], '{', 0.009596759166834667)]
[([[1159, 221], [1253, 221], [1253, 311], [1159, 311]], '"커', 0.007942676705130314), ([[47, 527], [110, 527], [110, 680], [47, 680]], '[', 0.00996354064708932), ([[643, 550], [698, 550], [698, 665], [643, 665]], '뷰8', 0.001634432203606384), ([[193, 745], [231, 745], [231, 831], [193, 831]], '넷', 0.025104789898336755), ([[1252, 862], [1490, 862], [1490, 910], [1252, 910]], '하~앗 탓~ 하아~', 0.6151158093579483), ([[1256, 908], [1382, 908], [1382, 956], [1256, 956]], '선생님: ', 0.9333590368145602), ([[1409, 911], [1505, 911], [1505, 951], [1409, 951]], '키스"', 0.19151560087779132), ([[855, 957], [1001, 957], [1001, 1001], [855, 1001]], '움 쪽 주분', 0.31801165658568054), ([[1257, 951], [1297, 951], [1297, 993], [1257, 993]], '음', 0.5367504061594133), ([[1325, 951], [1367, 951], [1367, 993], [1325, 993]], '웃', 0.503431630952548), ([[1395, 949], [1463, 949], [1463, 993], [1395, 993]], '무움', 0.11646336293368063), ([[848, 996], [1174, 996], [1174, 1044], [848, 1044]], '히나는 키스 좋아하구나', 0.7618306749705746), ([[1256, 990], [1428, 990], [1428, 1038], [1256, 1038]], '활짝{ 활짝<', 0.0987380324058545), ([[1451, 986], [1557, 986], [1557, 1039], [1451, 1039]], '합짜악', 0.10132508458964794), ([[26, 1032], [278, 1032], [278, 1080], [26, 1080]], '하나 나 - 아직:-', 0.12393972461833488), ([[855, 1045], [1013, 1045], [1013, 1089], [855, 1089]], '응  . 좋아 !', 0.7955323393629439), ([[28, 1082], [250, 1082], [250, 1130], [28, 1130]], '음나도  좀다', 0.10949082972697533), ([[850, 1084], [1198, 1084], [1198, 1132], [850, 1132]], '키스도  . 씩스도: . 좋아: `', 0.10243681972292806), ([[26, 1122], [194, 1122], [194, 1170], [26, 1170]], '하고 싶어<', 0.2789570099936514), ([[852, 1124], [952, 1124], [952, 1172], [852, 1172]], '좋아해', 0.9973622468888874), ([[979, 1127], [1103, 1127], [1103, 1171], [979, 1171]], '선생님:.', 0.7775217363418964), ([[1301.1165477914012, 313.04893012261107], [1359.0532513714154, 294.0696367328721], [1396.8834522085988, 418.95106987738893], [1339.9467486285846, 437.9303632671279]], '1', 0.08243841609715563), ([[417.08765689447637, 822.0697698140963], [460.0390072842941, 809.0906460705772], [483.91234310552363, 898.9302301859037], [441.9609927157059, 911.9093539294228]], '책', 0.006503850750508633), ([[385.25579159246473, 865.046332739718], [429.28917069605075, 855.1401331997695], [448.74420840753527, 956.953667260282], [404.71082930394925, 966.8598668002305]], '놀', 0.022134722275669816)]
[([[872, 110], [944, 110], [944, 224], [872, 224]], '배', 0.019919981955248467), ([[1027, 63], [1135, 63], [1135, 197], [1027, 197]], '(@', 0.45739885203526204), ([[1352, 202], [1426, 202], [1426, 296], [1352, 296]], '(', 0.44668293346946086), ([[916, 290], [990, 290], [990, 364], [916, 364]], '>', 0.012889254333270872), ([[1149, 315], [1221, 315], [1221, 383], [1149, 383]], '>', 0.02450195586998749), ([[982, 670], [1006, 670], [1006, 716], [982, 716]], '0', 0.4165996188043586), ([[569, 809], [629, 809], [629, 849], [569, 849]], '(사', 0.115806092624127), ([[1256, 806], [1426, 806], [1426, 854], [1256, 854]], '좋아~ 좋앗', 0.09307597963241357), ([[63, 859], [207, 859], [207, 899], [63, 899]], '기-뼈: <', 0.10772277545485434), ([[1259, 849], [1381, 849], [1381, 893], [1259, 893]], '선생님: .', 0.8316267403320058), ([[1409, 849], [1509, 849], [1509, 893], [1409, 893]], '좋아 <', 0.4826085567474365), ([[63, 897], [213, 897], [213, 941], [63, 941]], '선생:-님: ', 0.11874108682255355), ([[984, 852], [1060, 852], [1060, 968], [984, 968]], '5', 0.03197829746082825), ([[1259, 891], [1453, 891], [1453, 935], [1259, 935]], '주움차 주무움', 0.10787455742240029), ([[1482, 888], [1550, 888], [1550, 936], [1482, 936]], '주음', 0.8755747687182137), ([[1257, 931], [1383, 931], [1383, 975], [1257, 975]], '사랑:  해', 0.29659533741851807), ([[62, 976], [324, 976], [324, 1024], [62, 1024]], '좀터 좁더나로', 0.12012076216646811), ([[1256, 992], [1494, 992], [1494, 1040], [1256, 1040]], '나도 사랑해 히나', 0.9243601682451772), ([[60, 1018], [336, 1018], [336, 1066], [60, 1066]], '기분 증계 되어쥐', 0.78816675071454), ([[1260, 1034], [1462, 1034], [1462, 1082], [1260, 1082]], '음 조움 주브움', 0.6566399880208548), ([[62, 1100], [390, 1100], [390, 1152], [62, 1152]], '붙살 안에외늄 컷들 )', 0.04521257450381167), ([[62, 1142], [268, 1142], [268, 1190], [62, 1190]], '붙다 싸켓(', 0.0765519802617891), ([[1440.270698988171, 244.02959755450485], [1503.5223736935413, 220.01517247108794], [1562.729301011829, 384.97040244549515], [1499.4776263064587, 409.98482752891204]], '"', 0.7397830341079761), ([[937.5214379667788, 622.0229548544986], [979.3045451257138, 619.1731830348587], [987.4785620332212, 735.9770451455014], [946.6954548742862, 739.8268169651413]], '"', 0.6950465486970678)]
[([[1040, 86], [1168, 86], [1168, 228], [1040, 228]], '$', 0.015717295852015534), ([[1373, 147], [1459, 147], [1459, 245], [1373, 245]], '셋미', 0.00032972067654322995), ([[1204, 804], [1526, 804], [1526, 876], [1204, 876]], '~~~~~으웃9', 0.29406266379695334), ([[1206, 884], [1544, 884], [1544, 934], [1206, 934]], '전 정말로 이런 국에선: ', 0.2408113841504734), ([[1203, 923], [1436, 923], [1436, 977], [1203, 977]], '바보교 명청이뇨0', 0.04811389487478037), ([[1204, 968], [1362, 968], [1362, 1016], [1204, 1016]], '이뇨현태:(', 0.15185347690678383), ([[1206, 1028], [1400, 1028], [1400, 1076], [1206, 1076]], '미안해 이오리', 0.9979735294757676), ([[1206, 1067], [1455, 1067], [1455, 1119], [1206, 1119]], '나 더는 참울 순가', 0.5236897305787185), ([[1207, 1113], [1331, 1113], [1331, 1157], [1207, 1157]], '없어서:  <', 0.13994956030977956), ([[625.5303870270217, 353.0221024864296], [667.2908801071045, 358.5556925922172], [655.4696129729783, 468.9778975135704], [612.7091198928955, 464.4443074077828]], '씨', 0.052986116177857534)]
[([[1488, 244], [1520, 244], [1520, 300], [1488, 300]], '유', 0.07976059035661454), ([[610, 344], [662, 344], [662, 414], [610, 414]], '상', 0.028150832427699335), ([[1246, 828], [1428, 828], [1428, 882], [1246, 882]], '옷 혹 후으웃', 0.04046088539415119), ([[341, 883], [407, 883], [407, 947], [341, 947]], '(야', 0.20092660428380982), ([[1249, 893], [1291, 893], [1291, 937], [1249, 937]], '앗', 0.20632612078907986), ([[1316, 892], [1460, 892], [1460, 940], [1316, 940]], '햇0 하앗', 0.17998198237217422), ([[1248, 930], [1520, 930], [1520, 982], [1248, 982]], '품증기위원인내간', 0.538221938618268), ([[1246, 972], [1488, 972], [1488, 1022], [1246, 1022]], '이 이런끗에서](', 0.0367879193073392), ([[772, 1000], [1220, 1000], [1220, 1050], [772, 1050]], '이야 그래도 이오리도 잘못이라고', 0.8467919545799913), ([[310, 1024], [602, 1024], [602, 1074], [310, 1074]], '따; 딱히 유록 같은 거', 0.5378991995511019), ([[774, 1042], [1134, 1042], [1134, 1094], [774, 1094]], '그런 음탕한 수영복올-입고', 0.3157731114140908), ([[308, 1066], [502, 1066], [502, 1114], [308, 1114]], '한지 않앉어:-', 0.23652162253672404), ([[1248, 1056], [1424, 1056], [1424, 1104], [1248, 1104]], '이뇨변태(', 0.459241601770779), ([[774, 1084], [974, 1084], [974, 1132], [774, 1132]], '날 유록햇잡아', 0.36359156356945643), ([[310, 1104], [523, 1104], [523, 1155], [310, 1155]], '뭐; 이제 맺어: "', 0.257173693062741), ([[310, 1148], [708, 1148], [708, 1200], [310, 1200]], '누가 보기 전에 빨리  내체(', 0.15915205134483082)]
[([[1088, 140], [1186, 140], [1186, 268], [1088, 268]], '(', 0.10102706498716785), ([[1274, 840], [1558, 840], [1558, 888], [1274, 888]], '알앞어 어절 수 없네;', 0.6575144945759325), ([[415, 889], [483, 889], [483, 957], [415, 957]], '내', 0.07637508305408236), ([[1274, 882], [1596, 882], [1596, 932], [1274, 932]], '좀더 느/하제 즐기려고', 0.16043380812382388), ([[1272, 922], [1402, 922], [1402, 970], [1272, 970]], '햇없는데=', 0.13835886859757443), ([[905, 975], [1081, 975], [1081, 1019], [905, 1019]], '바 바보옷 ]', 0.1401566761621726), ([[1105, 972], [1253, 972], [1253, 1022], [1105, 1022]], '곧 그렇계', 0.07820087859579072), ([[1275, 965], [1401, 965], [1401, 1009], [1275, 1009]], '그러면:', 0.5841476917266846), ([[630, 1026], [834, 1026], [834, 1074], [630, 1074]], '머릿: 속이:  ~', 0.16570786260293313), ([[904, 1013], [1196, 1013], [1196, 1064], [904, 1064]], '갑자기 겪렬히하면<', 0.13565186187586337), ([[1272, 1004], [1550, 1004], [1550, 1056], [1272, 1056]], '릇 후웃 후웃 흐으웃', 0.07209666824374292), ([[631, 1069], [789, 1069], [789, 1113], [631, 1113]], '새하양게:"', 0.13182254470262408), ([[629, 1111], [759, 1111], [759, 1155], [629, 1155]], '돼버려', 0.14671179810537618), ([[902, 1096], [1142, 1096], [1142, 1144], [902, 1144]], '앗0 햇0 하)', 0.041264258775898746), ([[907, 1141], [1033, 1141], [1033, 1183], [907, 1183]], '안돼돼', 0.07131663011343982), ([[1057, 1141], [1157, 1141], [1157, 1183], [1057, 1183]], '이거(', 0.20781860014936807), ([[1450.9838128076015, 236.05755270689252], [1509.6192188245384, 208.02132704419316], [1569.0161871923985, 341.9424472931075], [1509.3807811754616, 370.97867295580687]], '4', 0.49315222156123184), ([[619.4281473238831, 349.02339735137383], [675.6745621564581, 341.20324771790536], [693.5718526761169, 484.97660264862617], [638.3254378435419, 492.79675228209464]], '집', 0.11705571396891301), ([[249.47516562471617, 886.0197028087251], [304.8357510173969, 873.0500704869099], [338.52483437528383, 1032.980297191275], [284.1642489826031, 1044.94992951309]], '중', 0.04373643060011667)]
[([[1405, 111], [1421, 111], [1421, 135], [1405, 135]], '"', 0.11696671641114964), ([[726, 118], [804, 118], [804, 194], [726, 194]], '아', 0.004011115729147863), ([[995, 159], [1059, 159], [1059, 245], [995, 245]], '', 0.0), ([[1000, 328], [1030, 328], [1030, 378], [1000, 378]], '0', 0.2615718886614218), ([[628, 420], [684, 420], [684, 538], [628, 538]], '내', 0.7685386937937757), ([[1003, 825], [1093, 825], [1093, 931], [1003, 931]], "'}", 0.14284390607721845), ([[1210, 882], [1402, 882], [1402, 930], [1210, 930]], '쌀게 이오리잇', 0.4805251823130893), ([[1211, 925], [1482, 925], [1482, 998], [1211, 998]], '훈으으으웃<', 0.2219322986186348), ([[839, 1013], [993, 1013], [993, 1055], [839, 1055]], '위: -험해:<', 0.16673805671715894), ([[1207, 999], [1451, 999], [1451, 1065], [1207, 1065]], '~~@웃', 0.028883090242743492), ([[835, 1053], [973, 1053], [973, 1095], [835, 1095]], '이사람 ', 0.407025804844559), ([[833, 1088], [1096, 1088], [1096, 1142], [833, 1142]], '날임신신집리세:(', 0.1070822833948983), ([[1210, 1078], [1418, 1078], [1418, 1126], [1210, 1126]], '사; 사양말고', 0.7172150834642748), ([[835, 1130], [968, 1130], [968, 1183], [835, 1183]], '빵빵해뇨다', 0.10005055563690066), ([[1211, 1121], [1307, 1121], [1307, 1165], [1211, 1165]], '안오에', 0.11928276433309236), ([[1453.2135462705664, 208.034427484457], [1513.502010518656, 175.01401171605713], [1594.7864537294336, 339.965572515543], [1535.497989481344, 371.9859882839429]], '"', 0.2661665410276761), ([[938.951362344004, 337.0789914704266], [985.5672341203114, 308.0230203201704], [1045.048637655996, 416.9210085295734], [998.4327658796886, 444.9769796798296]], '"', 0.32930379502724705), ([[569.1526193728228, 350.0514788571463], [618.5718526761169, 330.02339735137383], [660.8473806271772, 445.9485211428537], [611.4281473238831, 465.97660264862617]], '7', 0.5537637212919435), ([[637.657927757035, 860.3842699626631], [702.9135002783911, 808.0379966593064], [766.342072242965, 897.6157300373369], [701.0864997216089, 949.9620033406936]], '내', 0.20885884920144893)]
[([[1280, 190], [1336, 190], [1336, 240], [1280, 240]], '{이', 0.030571043780148986), ([[1145, 247], [1211, 247], [1211, 313], [1145, 313]], '{어', 0.028808915055143013), ([[1194, 874], [1342, 874], [1342, 922], [1194, 922]], '욕 기 흐웃', 0.30709623604783903), ([[1192, 914], [1532, 914], [1532, 968], [1192, 968]], '마지막 한방울까지- 훈웃<', 0.15710712538258045), ([[1192, 970], [1292, 970], [1292, 1018], [1192, 1018]], '화뇨앗', 0.0582377384419917), ([[1317, 971], [1389, 971], [1389, 1015], [1317, 1015]], '앗걸<', 0.004541275644741983), ([[1414, 968], [1516, 968], [1516, 1016], [1414, 1016]], '하원"<', 0.008089949376881123), ([[892, 988], [1116, 988], [1116, 1042], [892, 1042]], '이오리가 싫다면', 0.680947191663508), ([[1195, 1011], [1291, 1011], [1291, 1055], [1195, 1055]], '용으웃', 0.16354096071706756), ([[546, 1014], [838, 1014], [838, 1069], [546, 1069]], '그럼 지금부터 마음껏', 0.9701492159834477), ([[894, 1032], [1090, 1032], [1090, 1080], [894, 1080]], '안 하켓지만 ', 0.5990112723695191), ([[546, 1060], [788, 1060], [788, 1108], [546, 1108]], '임신세스해도 돼?', 0.2482190875930543), ([[1190, 1048], [1488, 1048], [1488, 1103], [1190, 1103]], '이 이렇제 공물이려<', 0.0303020402425351), ([[894, 1080], [1084, 1080], [1084, 1132], [894, 1132]], '곧근런말음', 0.14510975559033254), ([[1191, 1093], [1377, 1093], [1377, 1137], [1191, 1137]], '애 이사람', 0.23443036605008613), ([[546, 1110], [694, 1110], [694, 1158], [546, 1158]], '몸햇권', 0.014278329436519598), ([[894, 1122], [1158, 1122], [1158, 1172], [894, 1172]], '하눈 권노 켓사해', 0.01572672783680556), ([[1190, 1132], [1576, 1132], [1576, 1184], [1190, 1184]], '정말로날 임신신길-이야(', 0.22827436353974434), ([[550, 1150], [762, 1150], [762, 1198], [550, 1198]], '@@@@3소육', 0.038140411991633184), ([[602.5404670981889, 372.0150998924714], [656.1107466676863, 364.0886874010631], [680.4595329018111, 537.9849001075286], [626.8892533323137, 545.9113125989369]], '[', 0.9065068548175113), ([[215.30696306908126, 841.0300752944345], [268.48105563218945, 816.0144765056548], [338.6930369309187, 971.9699247055655], [286.51894436781055, 997.9855234943452]], '[', 0.031113750028943565)]
[([[690, 144], [774, 144], [774, 220], [690, 220]], '07', 0.3194798653796094), ([[1451, 147], [1541, 147], [1541, 271], [1451, 271]], '10', 0.009457752900999178), ([[1152, 262], [1232, 262], [1232, 366], [1152, 366]], '뼈', 0.6467385884043928), ([[975, 319], [1059, 319], [1059, 407], [975, 407]], '7', 0.008717738097491434), ([[593, 349], [679, 349], [679, 485], [593, 485]], '1슈', 0.1044275705334759), ([[943, 849], [1031, 849], [1031, 935], [943, 935]], '%', 0.007685857485293879), ([[1236, 828], [1464, 828], [1464, 908], [1236, 908]], '임신해라', 0.9991518259048462), ([[1236, 902], [1456, 902], [1456, 982], [1236, 982]], '이오리앗', 0.20775097608566284), ([[260, 954], [311, 954], [311, 1024], [260, 1024]], '+', 0.2200041749456796), ([[858, 972], [1106, 972], [1106, 1020], [858, 1020]], '이러면:  문조건:', 0.42592609835272405), ([[1238, 978], [1412, 978], [1412, 1056], [1238, 1056]], '음오용<', 0.017374347895383835), ([[857, 1015], [1039, 1015], [1039, 1059], [857, 1059]], '임신해버려: (', 0.3512859411994931), ([[1242, 1060], [1452, 1060], [1452, 1112], [1242, 1112]], '웃0웃0 용%', 0.05947440089544487), ([[856, 1094], [1138, 1094], [1138, 1144], [856, 1144]], '좋아하눈 선생님의<', 0.24975015882783322), ([[1241, 1105], [1395, 1105], [1395, 1149], [1241, 1149]], '임신해<', 0.7667670845985413), ([[856, 1136], [1106, 1136], [1106, 1184], [856, 1184]], '신분 되어버럽<', 0.10235932027379235)]
[([[1186, 8], [1360, 8], [1360, 58], [1186, 58]], '몇 개월 후 =', 0.6014244198677884), ([[800, 46], [1058, 46], [1058, 100], [800, 100]], '이오리간 잘못이야', 0.5749239621848252), ([[803, 89], [1055, 89], [1055, 133], [803, 133]], '보태배가 되어도"\'', 0.46988662115782925), ([[1163, 93], [1369, 93], [1369, 137], [1163, 137]], '하앗 하앗 하앗', 0.40768613973800444), ([[803, 131], [1123, 131], [1123, 175], [803, 175]], '야하고 귀여운 이오리가', 0.9895384946141067), ([[1160, 132], [1380, 132], [1380, 180], [1160, 180]], '이오리 이오리앗', 0.5287470337357558), ([[550, 196], [602, 196], [602, 252], [550, 252]], '형', 0.024724582667065897), ([[804, 170], [932, 170], [932, 218], [804, 218]], '잘못이야', 0.9984841346740723), ([[1163, 191], [1205, 191], [1205, 231], [1163, 231]], '앗', 0.47651522521006484), ([[1233, 189], [1273, 189], [1273, 233], [1233, 233]], '탓', 0.524753695901893), ([[1301, 189], [1393, 189], [1393, 233], [1301, 233]], '하앗~', 0.08085613810695044), ([[800, 236], [1052, 236], [1052, 284], [800, 284]], '이: 변태 선생님(', 0.4126456613038741), ([[1160, 228], [1528, 228], [1528, 278], [1160, 278]], '@ 이렇제나 배가 커짓논데', 0.0841566978251822), ([[1160, 310], [1474, 310], [1474, 360], [1160, 360]], '임부에제 흥분하다니: :', 0.31908343848102877), ([[1165, 357], [1313, 357], [1313, 399], [1165, 399]], '이 변태: :', 0.5893649822793228), ([[179, 387], [243, 387], [243, 473], [179, 473]], '@', 0.6848255759976531), ([[1445, 759], [1579, 759], [1579, 903], [1445, 903]], '( ', 0.03557422886421198)]
[([[1130, 22], [1364, 22], [1364, 70], [1130, 70]], '이오리 더 말해쥐', 0.8353653896163787), ([[1135, 75], [1257, 75], [1257, 119], [1135, 119]], '변: -태앗', 0.2681527633638559), ([[765, 107], [807, 107], [807, 193], [765, 193]], '원.', 0.017978208138614366), ([[835, 109], [873, 109], [873, 151], [835, 151]], '옷', 0.9998964098102512), ([[903, 109], [1027, 109], [1027, 151], [903, 151]], '응오오옷', 0.95250403881073), ([[1134, 112], [1382, 112], [1382, 162], [1134, 162]], '욕먹으면 흥분하는', 0.3026702930685831), ([[534, 111], [598, 111], [598, 224], [534, 224]], '[', 0.08940416931243167), ([[808, 148], [1056, 148], [1056, 196], [808, 196]], '너무 흥분햇잡아  :', 0.25615128884348454), ([[1129, 155], [1317, 155], [1317, 203], [1129, 203]], '캐현태자시익-', 0.7299932613346232), ([[761, 191], [897, 191], [897, 235], [761, 235]], '이 변태: .', 0.8936935159408654), ([[763, 229], [803, 229], [803, 277], [763, 277]], '옷', 0.9999492174873836), ([[833, 231], [873, 231], [873, 275], [833, 275]], '옷', 0.20108917244315538), ([[896, 228], [970, 228], [970, 278], [896, 278]], '으릇', 0.6418709823613259), ([[1130, 214], [1396, 214], [1396, 268], [1130, 268]], '훈웃 흐옷 후으으옷', 0.2815149387490114), ([[1501, 423], [1545, 423], [1545, 537], [1501, 537]], '"', 0.2533629822042407), ([[1514, 526], [1566, 526], [1566, 596], [1514, 596]], '떼', 0.07252169484786553), ([[846, 602], [922, 602], [922, 682], [846, 682]], '', 0.0), ([[1507, 658], [1562, 658], [1562, 781], [1507, 781]], '"', 0.4455586626323935), ([[1556, 718], [1588, 718], [1588, 776], [1556, 776]], '0', 0.030422185348611075), ([[1524, 772], [1578, 772], [1578, 850], [1524, 850]], '떼', 0.23968525504456384), ([[1450, 886], [1526, 886], [1526, 990], [1450, 990]], "'0", 0.16100570285867655), ([[502, 966], [580, 966], [580, 1022], [502, 1022]], '(저', 0.010578381308706633)]
[([[596, 82], [628, 82], [628, 120], [596, 120]], '음', 0.7292124210267481), ([[651, 79], [721, 79], [721, 121], [651, 121]], '조움', 0.23450730381914756), ([[748, 76], [850, 76], [850, 124], [748, 124]], '주용움', 0.048299926837741404), ([[922, 38], [1188, 38], [1188, 110], [922, 110]], '올미@으웃드', 0.11669797425265335), ([[1307, 52], [1487, 52], [1487, 100], [1307, 100]], '이오리: 이앗', 0.4973886611983101), ([[1315, 95], [1449, 95], [1449, 139], [1315, 139]], '슬슬 산: .', 0.12583548144129286), ([[600, 136], [626, 136], [626, 160], [600, 160]], '6', 0.2137985917819316), ([[626, 122], [658, 122], [658, 162], [626, 162]], '음', 0.6085758923802587), ([[689, 119], [729, 119], [729, 163], [689, 163]], '음', 0.24794490040621042), ([[761, 119], [855, 119], [855, 163], [761, 163]], '미으움', 0.10008950022403261), ([[923, 121], [965, 121], [965, 165], [923, 165]], '옷', 0.8302245881421335), ([[992, 118], [1188, 118], [1188, 166], [992, 166]], '응듯~ 믿음이', 0.005464561551236789), ([[923, 165], [1049, 165], [1049, 205], [923, 205]], '이대로: ', 0.7849686554017589), ([[1076, 160], [1204, 160], [1204, 208], [1076, 208]], '싸취어요<', 0.14241160648742318), ([[1310, 174], [1468, 174], [1468, 246], [1310, 246]], '응몇:?', 0.0986790880560875), ([[919, 243], [1189, 243], [1189, 311], [919, 311]], '~5@웃', 0.29176726937294006), ([[822, 410], [918, 410], [918, 510], [822, 510]], '기', 0.039072232165801246), ([[688, 954], [786, 954], [786, 1050], [688, 1050]], '%', 0.0027332581366790315), ([[1202.0325409773188, 315.0360490960729], [1284.5849923951482, 271.0131688277079], [1380.9674590226812, 474.9639509039271], [1297.4150076048518, 518.9868311722921]], '"', 0.47536048793697105), ([[131.61805616640117, 489.0104278451413], [178.32076361937234, 472.00735309768277], [255.38194383359883, 685.9895721548587], [208.67923638062766, 703.9926469023172]], '!', 0.09476848679376904), ([[319.21727292457166, 515.0512742267447], [359.5066584601171, 494.02143017061843], [412.78272707542834, 602.9487257732553], [371.4933415398829, 623.9785698293816]], '꽤', 0.0026958171996806085), ([[1488.3883137659961, 543.0267769323555], [1537.4718970059462, 526.0159243119953], [1584.6116862340039, 670.9732230676445], [1534.5281029940538, 687.9840756880047]], '배', 0.12868350547711316), ([[1445.4589874473143, 714.0209380703538], [1495.4209236781658, 695.0126669424479], [1551.5410125526857, 856.9790619296462], [1500.5790763218342, 874.9873330575521]], '?', 0.019538177584653482), ([[1336.4562311972638, 942.119879662489], [1388.6086257045056, 892.0185384461084], [1503.5437688027362, 1025.880120337511], [1451.3913742954944, 1075.9814615538914]], '돌', 0.008320930522422165)]
[([[1156, 24], [1282, 24], [1282, 72], [1156, 72]], '푸차: 0', 0.044111796031320503), ([[700, 62], [858, 62], [858, 110], [700, 110]], '알엇다고0', 0.06833085161259275), ([[698, 102], [932, 102], [932, 152], [698, 152]], '대 변태선생님이', 0.590318926673395), ([[1156, 106], [1514, 106], [1514, 154], [1156, 154]], '하~맛) 하~앗~ 한~ 앗', 0.07374436916912654), ([[696, 144], [1096, 144], [1096, 192], [696, 192]], '이 정도로 끝날 리가 없잖아:<', 0.3857524875795392), ([[1156, 148], [1444, 148], [1444, 196], [1156, 196]], '얼마나 싸는 거야: 0', 0.09559396985675694), ([[701, 227], [883, 227], [883, 271], [701, 271]], '좋아  -와취: -', 0.15260184354572037), ([[1154, 230], [1312, 230], [1312, 278], [1154, 278]], '이뇨현태-', 0.18334439168036576), ([[701, 269], [821, 269], [821, 313], [701, 313]], '선생님: .', 0.7928115054580768), ([[1155, 285], [1281, 285], [1281, 329], [1155, 329]], '이오리:.', 0.6544688920047678), ([[1153, 325], [1279, 325], [1279, 369], [1153, 369]], '이오리잇', 0.28507110476493835), ([[1416, 396], [1448, 396], [1448, 438], [1416, 438]], '(4', 0.02901494309904316), ([[1524, 670], [1554, 670], [1554, 722], [1524, 722]], '(', 0.9595215967223716), ([[1250, 810], [1328, 810], [1328, 865], [1250, 865]], '((형', 0.032201021175688516), ([[525.4518433132068, 147.02509211395488], [570.4667145519563, 142.1820322772398], [583.5481566867932, 267.9749078860451], [537.5332854480437, 272.8179677227602]], '6', 0.07254781289649159), ([[366.50172712087755, 456.02072545053073], [410.0733126291999, 450.0967805394006], [427.49827287912245, 587.9792745494693], [383.9266873708001, 593.9032194605994]], '{', 0.17814544682310274), ([[105.45898744731426, 488.02093807035385], [155.49552791731568, 475.01756116509705], [193.54101255268574, 630.9790619296462], [143.50447208268432, 643.982438834903]], '6', 0.006310395989758355), ([[1527.4633436854, 639.0483902697002], [1548.442855686758, 633.032866898721], [1567.5366563146, 699.9516097302998], [1546.557144313242, 705.967133101279]], '"', 0.8826638975262178)]
[([[750, 48], [780, 48], [780, 88], [750, 88]], '음', 0.9060236364700849), ([[811, 45], [883, 45], [883, 89], [811, 89]], '만움<', 0.021141422799990577), ([[906, 43], [1158, 43], [1158, 95], [906, 95]], '비스하편세렉스~', 0.01240919924215513), ([[1237, 29], [1373, 29], [1373, 89], [1237, 89]], '응으옷', 0.32108319036412925), ([[744, 86], [908, 86], [908, 134], [744, 134]], '너문증; .', 0.09208339124089235), ([[1243, 105], [1363, 105], [1363, 147], [1243, 147]], '이오리: .', 0.906520356480609), ([[1242, 144], [1448, 144], [1448, 192], [1242, 192]], '음 으움 주우움', 0.5416518246925425), ([[743, 169], [1095, 169], [1095, 213], [743, 213]], '이 이거 너무   행복해서 @', 0.1707539579200536), ([[743, 211], [869, 211], [869, 255], [743, 255]], '가  가맛', 0.45593738800181083), ([[895, 207], [1056, 207], [1056, 258], [895, 258]], '간다 -아앗', 0.48942992920893896), ([[561, 221], [625, 221], [625, 295], [561, 295]], '10', 0.06878990679621107), ([[1309, 197], [1441, 197], [1441, 339], [1309, 339]], '아,', 0.0065429150733944215), ([[742, 288], [958, 288], [958, 364], [742, 364]], "'간다아앗-", 0.21847114593212297), ([[746, 390], [858, 390], [858, 416], [746, 416]], '~사사시', 0.0010533343302085996), ([[877, 373], [975, 373], [975, 435], [877, 435]], "'으옷", 0.6575211904392035), ([[832, 384], [928, 384], [928, 508], [832, 508]], '7버', 0.004269912781024244), ([[162, 568], [194, 568], [194, 608], [162, 608]], '[', 0.03022418514729086), ([[1373, 909], [1409, 909], [1409, 961], [1373, 961]], '낙', 0.06875430892677414), ([[646, 958], [760, 958], [760, 1058], [646, 1058]], '%구', 0.006864639903947702), ([[418.16252172385566, 15.043956376628753], [496.9965420357148, 71.76480758718486], [457.83747827614434, 125.95604362337124], [379.0034579642852, 69.23519241281514]], '{중', 0.015233622845785161), ([[112.23537213691802, 428.041886445954], [159.54948034200555, 410.0215996565295], [201.76462786308198, 532.958113554046], [154.45051965799445, 550.9784003434705]], '"', 0.8748085985126295), ([[169.33041051999302, 547.0450378479484], [206.4331480818242, 527.0187970590216], [261.66958948000695, 630.9549621520516], [223.5668519181758, 651.9812029409784]], '"', 0.5034189436623961), ([[1501.5948327712063, 620.016443085836], [1538.3562352499396, 612.0127065008463], [1569.4051672287937, 752.983556914164], [1532.6437647500604, 761.9872934991537]], '', 0.0)]
[]
[]
[]
[]
[]
[]
[([[929, 41], [1089, 41], [1089, 217], [929, 217]], '흑', 0.00994265813190598)]
[([[455, 1172], [532, 1172], [532, 1197], [455, 1197]], '7/7 7', 0.20848722429602712)]
[]
[([[455, 1179], [487, 1179], [487, 1195], [455, 1195]], '71 ;', 0.041863507611400556)]
[]
[]
[]
[]
[]
[]
[]
[]
[([[1272.645157516245, -9.676640028881838], [1294.4759217837495, 5.305948253224029], [1234.354842483755, 76.67664002888183], [1213.5240782162505, 60.69405174677597]], '"', 0.6360107410867819), ([[1215.472876713011, 55.41777335109107], [1235.4033108416363, 70.20442293440972], [1163.527123286989, 153.58222664890894], [1143.5966891583637, 138.7955770655903]], '1', 0.10878821606155853)]
[]
[]
[]
[]
[]
[]
[]
[]
[]
[]
[]
[]
[([[577, 115], [613, 115], [613, 159], [577, 159]], '내', 0.3905911750963611)]
[]
[]
[]
[]
[]
[]
[]
[]
[]
[]
[]
[]
[]
[]
[]
[]
