2033849
28
[([[241, 1481], [1758, 1481], [1758, 1701], [241, 1701]], '다리-레-,하디자', 0.00012301709045404232), ([[372, 1642], [1635, 1642], [1635, 1879], [372, 1879]], '떼외3이[처곱', 3.174143915592147e-05)]
[([[682, 759], [1325, 759], [1325, 879], [682, 879]], '국_가 답홀되없다는', 0.005775708932315517), ([[512, 858], [1486, 858], [1486, 980], [512, 980]], '@@탈률 떠이로@0 물드 교내단데전', 0.0015680965654754036), ([[759, 965], [1241, 965], [1241, 1073], [759, 1073]], '전현주고 딴흙6', 0.11277046489353573), ([[510, 1057], [1489, 1057], [1489, 1178], [510, 1178]], '또따분 연인@0 콤_률 국교오켓나', 0.0007158923131684254), ([[579, 1160], [1422, 1160], [1422, 1275], [579, 1275]], '다지만 %국 심현고고드어', 0.002356595169442757), ([[741, 1261], [1255, 1261], [1255, 1377], [741, 1377]], '불잡히고 따문데6', 0.014786697019365178)]
[([[237, 162], [621, 162], [621, 250], [237, 250]], '크웃 . ! 잠깐', 0.5803397951362388), ([[1309, 173], [1395, 173], [1395, 261], [1309, 261]], '휴', 0.18089720334180104), ([[1418, 172], [1777, 172], [1777, 260], [1418, 260]], '하지만 이런', 0.9888128029729385), ([[138, 236], [713, 236], [713, 327], [138, 327]], '방심한 사이 뒤에서', 0.9886718253450013), ([[1300, 243], [1790, 243], [1790, 340], [1300, 340]], '쇠사슬따원 물로', 0.9832791911551969), ([[146, 309], [708, 309], [708, 406], [146, 406]], '공격하다니 비겁한', 0.7493757588802359), ([[1291, 321], [1803, 321], [1803, 413], [1291, 413]], '변신하면 금방. !', 0.7349370873996143), ([[278, 385], [490, 385], [490, 475], [278, 475]], '녀석들', 0.99832690170272)]
[([[327, 141], [505, 141], [505, 229], [327, 229]], '어라?', 0.9795150230200957), ([[137, 215], [691, 215], [691, 305], [137, 305]], '왜 변신이 안되지?', 0.906346250435311), ([[1413, 211], [1843, 211], [1843, 303], [1413, 303]], "시 심연교단'", 0.4191167701383428), ([[363, 1619], [655, 1619], [655, 1707], [363, 1707]], '하잇 네년', 0.23392288664758606), ([[263, 1693], [753, 1693], [753, 1783], [263, 1783]], '특기인 변신술로', 0.9174276272304548), ([[191, 1768], [833, 1768], [833, 1860], [191, 1860]], '벗어나려고 햇나보권', 0.6290190630986172)]
[([[1404, 158], [1482, 158], [1482, 234], [1404, 234]], '히', 0.985449346567723), ([[1527, 157], [1695, 157], [1695, 243], [1527, 243]], '히잇!', 0.10112132725434575), ([[1381, 231], [1715, 231], [1715, 319], [1381, 319]], '마 . 마법이', 0.6985498886771111), ([[1283, 302], [1815, 302], [1815, 398], [1283, 398]], '통하지 않듣다고?', 0.3503402813145346), ([[189, 1531], [677, 1531], [677, 1622], [189, 1622]], '네년이 마법으로', 0.6460976248315148), ([[125, 1607], [739, 1607], [739, 1697], [125, 1697]], '도망갈출알고 마법이', 0.5641703273067635), ([[108, 1667], [627, 1667], [627, 1859], [108, 1859]], '통하주어두엿사슬', 0.02368617039693672), ([[468, 1672], [743, 1672], [743, 1775], [468, 1775]], '쇠사즐로', 0.39272433519363403)]
[([[171, 1156], [627, 1156], [627, 1246], [171, 1246]], '카하항! 이제야', 0.16885517718123652), ([[139, 1231], [651, 1231], [651, 1321], [139, 1321]], '자기 입장이 조금', 0.8686778000339285), ([[132, 1306], [663, 1306], [663, 1398], [132, 1398]], '이해가 뒷나보군?', 0.893882638795535), ([[1186, 1585], [1759, 1585], [1759, 1675], [1186, 1675]], '네년은 이제 여기서', 0.9945240320895311), ([[1117, 1655], [1833, 1655], [1833, 1752], [1117, 1752]], '평생 쓸슬라임들의 모태가', 0.46126126378993837), ([[1142, 1733], [1808, 1733], [1808, 1831], [1142, 1831]], '되서 살아가게 펼꺼다!', 0.26536640033093617)]
[([[241, 147], [534, 147], [534, 240], [241, 240]], '히. 히잇!', 0.11810270774109223), ([[162, 225], [549, 225], [549, 313], [162, 313]], '슬라임 . ! 저', 0.4802614195021032), ([[227, 297], [547, 297], [547, 389], [227, 389]], '저리지워!!', 0.1602767299441536), ([[1190, 1612], [1806, 1612], [1806, 1709], [1190, 1709]], '네년의 물속성특징이', 0.7572033495848778), ([[1143, 1690], [1849, 1690], [1849, 1782], [1143, 1782]], '슬라임들에게 딱 맞는거', 0.2888965758826979), ([[1382, 1765], [1610, 1765], [1610, 1855], [1382, 1855]], '같러군.', 0.4047123193740845)]
[([[265, 179], [537, 179], [537, 265], [265, 265]], '오 옷이', 0.3974118539929283), ([[235, 250], [572, 250], [572, 347], [235, 347]], '녹고있어?!', 0.7296878300278583), ([[1414, 1641], [1746, 1641], [1746, 1729], [1414, 1729]], '방해되논건', 0.7034555068608094), ([[1437, 1715], [1731, 1715], [1731, 1805], [1437, 1805]], '다 없애고', 0.9999060637087933), ([[1323, 1789], [1827, 1789], [1827, 1879], [1323, 1879]], '시작하려나 보군.', 0.9963692431961141)]
[([[187, 288], [367, 288], [367, 420], [187, 420]], '까앗!', 0.16150256998166163), ([[655, 937], [891, 937], [891, 1229], [655, 1229]], '푹', 0.999263898938807), ([[356.82849885933604, 275.148041673153], [643.8517572978261, 245.9919528121943], [647.171501140664, 379.851958326847], [360.14824270217395, 410.0080471878057]], '슬라임이', 0.8779709339141846), ([[443.08612987874415, 374.1148779935764], [702.4645837990072, 349.35679555260236], [705.9138701212559, 488.8851220064236], [446.5354162009928, 513.6432044473976]], '있어없', 0.2280295474924364), ([[166.06817128534044, 415.12491889712135], [445.11235914182305, 391.7153560323205], [446.93182871465956, 521.8750811028787], [166.88764085817692, 546.2846439676795]], '들어오고', 0.9999273419380188), ([[1143.1696237537517, 1054.0127719969303], [1348.2911032462514, 1122.3961172445279], [1242.8303762462483, 1432.9872280030697], [1037.7088967537486, 1364.6038827554721]], '유', 0.0718091644567318)]
[([[279, 150], [510, 150], [510, 242], [279, 242]], '끄이잇', 0.5955743789672852), ([[170, 224], [620, 224], [620, 320], [170, 320]], '배.. 배터저엇]!', 0.3379018444438509), ([[1451, 1545], [1661, 1545], [1661, 1633], [1451, 1633]], '카하/', 0.07455167678164085), ([[1354, 1619], [1844, 1619], [1844, 1715], [1354, 1715]], '커다란 슬라임이', 0.7941912038867811), ([[1335, 1696], [1779, 1696], [1779, 1786], [1335, 1786]], '배 안에 완전히', 0.7012328196752559), ([[1375, 1768], [1724, 1768], [1724, 1865], [1375, 1865]], '들어자구만.', 0.5858164655362614)]
[([[202, 144], [284, 144], [284, 222], [202, 222]], '배', 0.9999909401145146), ([[329, 141], [629, 141], [629, 231], [329, 231]], '뱃 속에서', 0.9554878287831299), ([[167, 215], [663, 215], [663, 305], [167, 305]], '움직이고 있어  .!', 0.3507661341457458), ([[318, 290], [508, 290], [508, 376], [318, 376]], '우움!', 0.23950740025715767), ([[1151, 833], [1267, 833], [1267, 925], [1151, 925]], '운빛', 0.28738653845815776), ([[1210, 876], [1262, 876], [1262, 932], [1210, 932]], '코', 0.8315284253166197), ([[1449, 1629], [1810, 1629], [1810, 1720], [1449, 1720]], '크하차 역시', 0.21833126130684613), ([[1427, 1701], [1832, 1701], [1832, 1798], [1427, 1798]], '물속성끼리논', 0.4100552247062236), ([[1435, 1781], [1813, 1781], [1813, 1871], [1435, 1871]], '상성이 종군.', 0.5812088326629828)]
[([[185, 141], [323, 141], [323, 221], [185, 221]], '우움_', 0.4899917952929547), ([[368, 142], [448, 142], [448, 218], [368, 218]], '가', 0.9999482638375099), ([[485, 137], [680, 137], [680, 228], [485, 228]], '갑자기', 0.9961464920162423), ([[111, 204], [755, 204], [755, 293], [111, 293]], '배안에도 커지고 잎..?!', 0.7318811480543267), ([[1148, 837], [1272, 837], [1272, 949], [1148, 949]], '움질', 0.12492431159298385), ([[1250, 1632], [1742, 1632], [1742, 1710], [1250, 1710]], '슬라임은 자기한데', 0.5003612315467094), ([[1142, 1696], [1848, 1696], [1848, 1777], [1142, 1777]], '마음에 드는 몸체름 찾으면', 0.4735395335637882), ([[1133, 1763], [1859, 1763], [1859, 1847], [1133, 1847]], '그 안에서 자기 증식올하지.', 0.7250163007734151)]
[([[262, 138], [340, 138], [340, 220], [262, 220]], '우', 0.9999763966999495), ([[396, 134], [474, 134], [474, 220], [396, 220]], '움', 0.2432883717857246), ([[232, 214], [316, 214], [316, 286], [232, 286]], '그', 0.8080101273906632), ([[343, 209], [503, 209], [503, 293], [343, 293]], '그런', 0.9998699373029698), ([[222, 276], [580, 276], [580, 373], [222, 373]], '그러면 조금', 0.7627340249352382), ([[231, 359], [569, 359], [569, 449], [231, 449]], '있으면..?!', 0.8960905419433758), ([[771, 847], [819, 847], [819, 887], [771, 887]], '제', 0.7629002924807118), ([[1407, 1617], [1767, 1617], [1767, 1709], [1407, 1709]], '그래 성대한', 0.9997090991442886), ([[1343, 1695], [1835, 1695], [1835, 1783], [1343, 1783]], '슬라임 출산소가', 0.9299791543278181), ([[1414, 1771], [1756, 1771], [1756, 1859], [1414, 1859]], '시작되켓지', 0.6626947662378034), ([[745.1555692331382, 832.0357169510307], [866.9116683411888, 889.6737908557565], [827.8444307668618, 969.9642830489693], [705.0883316588112, 911.3262091442435]], '또', 0.032406359722339184)]
[([[1192, 860], [1260, 860], [1260, 912], [1192, 912]], '찌', 0.8036715172268636), ([[1219, 895], [1259, 895], [1259, 953], [1219, 953]], '코', 0.9781449777680251), ([[138, 1418], [259, 1418], [259, 1555], [138, 1555]], '꿈틀', 0.24779869678479144), ([[1475, 1571], [1685, 1571], [1685, 1659], [1475, 1659]], '카하창', 0.08716493868945899), ([[1390, 1641], [1771, 1641], [1771, 1739], [1390, 1739]], '출산 쇼 한번', 0.6406322012831145), ([[1399, 1719], [1763, 1719], [1763, 1811], [1399, 1811]], '요란하구만.', 0.9670805856600281), ([[54.769093491284835, 263.67619550380965], [788.8843568062164, 67.1849521380637], [845.2309065087152, 393.32380449619035], [111.11564319378364, 589.8150478619364]], '@ &키속', 0.00010828073297916735), ([[616.9649257205509, 1044.0668709523734], [902.3655464741871, 991.793066907266], [932.0350742794491, 1257.9331290476266], [647.6344535258129, 1310.2069330927338]], '구*', 0.036939233624499954), ([[670.2594976178453, 1729.0392776077463], [725.2316808543654, 1721.3652731356703], [738.7405023821547, 1836.9607223922537], [683.7683191456346, 1844.6347268643297]], '꿈', 0.5184363482170831), ([[722.431145444232, 1730.0270271644363], [770.4206093466812, 1723.1706030256876], [786.568854555768, 1846.9729728355637], [738.5793906533188, 1853.8293969743124]], '틀', 0.9959081631789104)]
[([[156, 158], [236, 158], [236, 240], [156, 240]], '우', 0.9999874830637658), ([[285, 157], [501, 157], [501, 243], [285, 243]], '우웬액', 0.26897348884230327), ([[179, 229], [539, 229], [539, 320], [179, 320]], '겨 . 겨우 다', 0.6572610158880472), ([[189, 303], [525, 303], [525, 393], [189, 393]], '내보낫다 ..', 0.3123165461009693), ([[1317, 1621], [1793, 1621], [1793, 1705], [1317, 1705]], '음 한번에 3마리', 0.7080351996832351), ([[1300, 1687], [1807, 1687], [1807, 1776], [1300, 1776]], '정도인가? 조금 더', 0.9527927942439318), ([[1283, 1759], [1833, 1759], [1833, 1847], [1283, 1847]], '속도름 내야켓는컵?', 0.19759355436696557)]
[([[247, 141], [538, 141], [538, 232], [247, 232]], '히. 히잇!', 0.1719715069691964), ([[100, 215], [681, 215], [681, 311], [100, 311]], '센지 얼마나 뒷다고', 0.46815798523082147), ([[217, 293], [567, 293], [567, 381], [217, 381]], '벌써 또.?!', 0.8249546630119535), ([[442, 916], [630, 916], [630, 1084], [442, 1084]], '꿈틀', 0.26107206832938007), ([[1394, 1076], [1545, 1076], [1545, 1249], [1394, 1249]], '꿈들', 0.49658715480463117), ([[1289, 1595], [1841, 1595], [1841, 1685], [1289, 1685]], '아직 한번에 3마리', 0.9959185351490395), ([[1319, 1669], [1809, 1669], [1809, 1760], [1319, 1760]], '로는 택도없으니', 0.7817056319373975), ([[1311, 1745], [1821, 1745], [1821, 1835], [1311, 1835]], '분발하라고 하창!', 0.2656013168833572)]
[([[219, 153], [613, 153], [613, 241], [219, 241]], '으. 이기잇?!', 0.11313461912240268), ([[194, 220], [594, 220], [594, 321], [194, 321]], '아까부다 더 .', 0.583557188994922), ([[1355, 211], [1675, 211], [1675, 301], [1355, 301]], '싫어! 나는', 0.9002335701899283), ([[164, 296], [662, 296], [662, 394], [164, 394]], '거대햇...! 으잇]', 0.45305314736958985), ([[1310, 286], [1715, 286], [1715, 375], [1310, 375]], '슬라임따위의', 0.8818920951393674), ([[1282, 360], [1750, 360], [1750, 456], [1282, 456]], '모상이 아니야]!', 0.5457802817714126), ([[1062, 1036], [1276, 1036], [1276, 1234], [1062, 1234]], '국', 0.6051491520807417), ([[1523, 1153], [1631, 1153], [1631, 1271], [1523, 1271]], '꿈틀', 0.6250679726031122), ([[712, 1364], [906, 1364], [906, 1584], [712, 1584]], '푹', 0.9992985763729259), ([[446.14231399598145, 1069.05274336745], [495.0597158208387, 1054.080679052171], [524.8576860040185, 1163.94725663255], [475.9402841791613, 1178.919320947829]], '틀', 0.9989686288770514), ([[402.06257472799024, 1074.0630529871278], [452.47586510577133, 1060.1573526914237], [477.93742527200976, 1161.9369470128722], [427.52413489422867, 1175.8426473085763]], '꿈', 0.8797255204092416)]
[([[139, 131], [447, 131], [447, 221], [139, 221]], '몇 시간 뒤', 0.9264453731881603), ([[1281, 1591], [1791, 1591], [1791, 1683], [1281, 1683]], '크하창! 온몸에서', 0.28478456784288436), ([[1226, 1662], [1848, 1662], [1848, 1758], [1226, 1758]], '슬라임이 흘러내리는', 0.7555932599871511), ([[1387, 1741], [1679, 1741], [1679, 1831], [1387, 1831]], '경지구만.', 0.8952244218908965)]
[([[222, 174], [302, 174], [302, 248], [222, 248]], '이', 0.9029518967161643), ([[353, 169], [520, 169], [520, 261], [353, 261]], '이잇', 0.2201150139353967), ([[158, 241], [588, 241], [588, 337], [158, 337]], '나 . 나온다앗!', 0.06424324223751825), ([[769, 873], [883, 873], [883, 957], [769, 957]], '음질', 0.4220184486044923), ([[920, 1477], [1247, 1477], [1247, 1736], [920, 1736]], '주머', 0.03291489011373409), ([[1395, 1619], [1819, 1619], [1819, 1709], [1395, 1709]], '카하창 이걸로', 0.2239959391220064), ([[1332, 1695], [1883, 1695], [1883, 1783], [1332, 1783]], '하루만에 700번째', 0.8746385589188196), ([[1351, 1769], [1864, 1769], [1864, 1859], [1351, 1859]], '출산 성공이구만.', 0.5518049336535733), ([[1146.8833494318526, 847.0568244321561], [1254.9900942580898, 875.3958696027934], [1228.1166505681474, 966.9431755678439], [1120.0099057419102, 937.6041303972066]], '울필', 0.3360711191585129), ([[546.8242722305514, 1170.1130134132936], [849.6354738679911, 1127.1835648799135], [861.1757277694486, 1307.8869865867064], [559.3645261320089, 1350.8164351200865]], '무딱', 0.01795208371486952)]
[([[210, 146], [338, 146], [338, 218], [210, 218]], '이젠_', 0.7791381723578706), ([[382, 142], [515, 142], [515, 219], [382, 219]], '못사', 0.4520068431508322), ([[138, 204], [604, 204], [604, 284], [138, 284]], '더 이상은 무리야', 0.9920141386588838), ([[202, 273], [563, 273], [563, 351], [202, 351]], '쉬게 해쥐엇...', 0.701976493408674), ([[158, 1456], [236, 1456], [236, 1540], [158, 1540]], '뭐', 0.9999947547981378), ([[284, 1453], [715, 1453], [715, 1543], [284, 1543]], '목표 출산랑은', 0.6159596462316294), ([[187, 1529], [683, 1529], [683, 1619], [187, 1619]], '채웃으니 잠깐은', 0.5437512225870672), ([[252, 1600], [617, 1600], [617, 1697], [252, 1697]], '쉬게 해주지', 0.8478335409262173), ([[1507, 1711], [1875, 1711], [1875, 1799], [1507, 1799]], '저 . 정말 . ?', 0.19466556206158386)]
[([[1301, 171], [1470, 171], [1470, 261], [1301, 261]], '히잇', 0.05444171544739076), ([[1500, 174], [1578, 174], [1578, 258], [1500, 258]], '뭐', 0.9999957084701805), ([[1633, 175], [1781, 175], [1781, 261], [1633, 261]], '뛰야', 0.5780573213040902), ([[1232, 244], [1850, 244], [1850, 341], [1232, 341]], '이 커다란 슬라임은?', 0.5601729631258298), ([[171, 1541], [681, 1541], [681, 1629], [171, 1629]], '대신에 그냥 쉬면', 0.9957285694405277), ([[136, 1615], [715, 1615], [715, 1705], [136, 1705]], '재미가 없으니 니가', 0.9230144150298571), ([[150, 1689], [574, 1689], [574, 1789], [150, 1789]], '낭은 슬라임들', 0.8609455440633967), ([[216, 1766], [288, 1766], [288, 1850], [216, 1850]], '잘', 0.9997036676626436), ([[292.8303772201346, 1719.124281815171], [714.0906550129439, 1679.6988247079987], [716.1696227798654, 1843.875718184829], [294.90934498705604, 1883.3011752920013]], '틀러빛들와나', 0.00415211741244538)]
[([[254, 148], [330, 148], [330, 226], [254, 226]], '우', 0.9999372968966469), ([[375, 147], [619, 147], [619, 227], [375, 227]], '우고옷?!', 0.8949620759313512), ([[220, 220], [294, 220], [294, 292], [220, 292]], '수', 0.9999827147277109), ([[342, 216], [600, 216], [600, 296], [342, 296]], '숨막혀엇', 0.9408226013183594), ([[143, 281], [735, 281], [735, 372], [143, 372]], '보지랑 후장 수시면서', 0.4749852977868886), ([[1317, 317], [1741, 317], [1741, 405], [1317, 405]], '이런거 버티수', 0.2687229377484058), ([[314, 354], [562, 354], [562, 432], [314, 432]], '숨도.. ?!', 0.46224093552371276), ([[1351, 391], [1713, 391], [1713, 481], [1351, 481]], '있올리가/!', 0.1093862834972525), ([[1242, 1540], [1796, 1540], [1796, 1620], [1242, 1620]], '같은 물속성 모테라서', 0.6254977407887555), ([[1194, 1604], [1852, 1604], [1852, 1682], [1194, 1682]], '그런지 성장속도가 빨라서', 0.9462238364085948), ([[1196, 1668], [1847, 1668], [1847, 1749], [1196, 1749]], '말이지. 벌써 처음에 낭은', 0.7246501727179466), ([[1148, 1732], [1891, 1732], [1891, 1816], [1148, 1816]], '녀석들은 네년 몸을 삼키고도', 0.6795529927623939), ([[1241, 1797], [1794, 1797], [1794, 1878], [1241, 1878]], '남울정도로 커짓거튼.', 0.16458852246474412)]
[([[206, 194], [282, 194], [282, 276], [206, 276]], '수', 0.9999710323524234), ([[335, 189], [633, 189], [633, 277], [335, 277]], '숨막혀엇!', 0.3708921347135837), ([[193, 257], [644, 257], [644, 355], [193, 355]], '그..구해쥐엇]!', 0.2746808607323171), ([[1134, 1616], [1784, 1616], [1784, 1694], [1134, 1694]], '슬라임 녀석들이 엄마한테', 0.4920544764642927), ([[1174, 1680], [1750, 1680], [1750, 1756], [1174, 1756]], '안기고 싶나본데? 대충', 0.651923586825939), ([[1044, 1740], [1878, 1740], [1878, 1818], [1044, 1818]], '오늘 낭은 양이 300마리정도니까', 0.539531249963159), ([[1162, 1803], [1758, 1803], [1758, 1883], [1162, 1883]], '그정도만 상대해쥐 크극', 0.9518384362222082)]
[([[203, 277], [319, 277], [319, 419], [203, 419]], '시', 0.9092374466532114), ([[1311, 1541], [1663, 1541], [1663, 1721], [1311, 1721]], '출랍영하되', 0.09035248708166302), ([[1508, 1542], [1814, 1542], [1814, 1714], [1508, 1714]], '향텔 마련', 0.07016233195268312), ([[1669, 1625], [1809, 1625], [1809, 1713], [1669, 1713]], '내는', 0.997081315444602), ([[1273, 1699], [1847, 1699], [1847, 1791], [1273, 1791]], '공히한 외침이구만.', 0.7123757685122935), ([[1489, 1777], [1633, 1777], [1633, 1863], [1489, 1863]], '카각', 0.9967888265230963), ([[331.89873270062634, 218.0961864368271], [665.299350442034, 173.06681036518813], [678.1012672993737, 372.9038135631729], [343.70064955796596, 417.93318963481187]], '싫어뻐', 0.008631703774954669), ([[331.7523916304408, 393.2410239239534], [734.101401871954, 316.49643049885265], [754.2476083695592, 503.7589760760466], [351.89859812804605, 580.5035695011474]], '실펴취넷', 0.0037817421834915876)]
[([[1360, 200], [1741, 200], [1741, 324], [1360, 324]], '자 작시만!', 0.5514180419442866), ([[1314, 295], [1783, 295], [1783, 428], [1314, 428]], '두고 가치마앗]', 0.10359857877420636), ([[1379, 398], [1708, 398], [1708, 525], [1379, 525]], '구회쥐적', 0.04187487930645084), ([[173, 1578], [813, 1578], [813, 1670], [173, 1670]], '이제 나는 나가불테니', 0.6469144856630143), ([[169, 1655], [823, 1655], [823, 1745], [169, 1745]], '니 새끼들 관리 잘하고', 0.9822572576701976), ([[313, 1729], [677, 1729], [677, 1819], [313, 1819]], '있어라 크극', 0.9581704381376531)]
[([[1236.965112258781, 30.007875401903533], [1972.02940723084, 283.12096090839424], [1770.034887741219, 822.9921245980964], [1033.97059276916, 569.8790390916057]], ';규증', 0.0010766751665706189), ([[38.19365618448848, 264.0667798742582], [901.5365906228857, 93.48441771151997], [953.8063438155115, 591.9332201257419], [89.46340937711429, 762.51558228848]], '_사 {', 0.018202256111670517)]
[([[634, 616], [1362, 616], [1362, 718], [634, 718]], '고33전 모따늄 {현교단의', 0.007512653550718463), ([[579, 715], [791, 715], [791, 825], [579, 825]], '간부', 0.08785176205820162), ([[1177, 714], [1424, 714], [1424, 822], [1177, 822]], '끝로다는', 0.22833497822284698), ([[585, 815], [805, 815], [805, 931], [585, 931]], '술잎', 0.08849774284860168), ([[772, 696], [1198, 696], [1198, 938], [772, 938]], '[#%고트', 0.00033145534921476873), ([[1071, 814], [1414, 814], [1414, 928], [1071, 928]], '간당하고', 0.23043784499168396), ([[674, 918], [1320, 918], [1320, 1038], [674, 1038]], '기절하 기률 @복하고', 0.014904075010454333), ([[611, 1019], [1387, 1019], [1387, 1131], [611, 1131]], '겨움 성92하 끈고 다권', 0.06467469739457918), ([[591, 1121], [1403, 1121], [1403, 1253], [591, 1253]], '다물 출@움 예하전 _된다 ', 0.014284737431048553), ([[581, 1229], [1417, 1229], [1417, 1345], [581, 1345]], '앞려진 @코눈 -움 이틀내에', 0.06522222090238955), ([[648, 1330], [1358, 1330], [1358, 1450], [648, 1450]], '품운 마라없 수  (@@@울', 0.020628320335718594), ([[617, 1436], [1385, 1436], [1385, 1552], [617, 1552]], '옆어 가버려다고 하눈데', 0.1018302483770331)]
[([[1117, 103], [1614, 103], [1614, 226], [1117, 226]], '피시부 넥네임', 0.07643234227593058), ([[1171, 205], [1559, 205], [1559, 321], [1171, 321]], '@신5+|+테물', 4.8956900895269844e-06), ([[442, 354], [758, 354], [758, 602], [442, 602]], '사', 0.04442132794498144), ([[383, 1091], [473, 1091], [473, 1187], [383, 1187]], '이', 0.9592833973084716), ([[518, 1090], [796, 1090], [796, 1194], [518, 1194]], '작품은', 0.9987258315086365), ([[835, 1085], [1293, 1085], [1293, 1195], [835, 1195]], '피시브에서', 0.9145572447298522), ([[1338, 1094], [1612, 1094], [1612, 1192], [1338, 1192]], '무료로', 0.7558398246765137), ([[545, 1209], [911, 1209], [911, 1319], [545, 1319]], '공개중인', 0.9958111047744751), ([[953, 1209], [1453, 1209], [1453, 1321], [953, 1321]], '작품입니다.', 0.6367896599686765), ([[470, 1338], [570, 1338], [570, 1438], [470, 1438]], '더', 0.9997745879375408), ([[605, 1333], [797, 1333], [797, 1441], [605, 1441]], '많은', 0.6522242926006478), ([[835, 1335], [1113, 1335], [1113, 1443], [835, 1443]], '작품올', 0.657707691192627), ([[1153, 1333], [1519, 1333], [1519, 1443], [1153, 1443]], '원하시면', 0.999845564365387), ([[403, 1457], [767, 1457], [767, 1565], [403, 1565]], '피시브에', 0.869843065738678), ([[815, 1455], [1181, 1455], [1181, 1567], [815, 1567]], '너네임올', 0.41941002011299133), ([[1219, 1455], [1585, 1455], [1585, 1567], [1219, 1567]], '검색해서', 0.9751152992248535), ([[764, 1572], [1227, 1572], [1227, 1693], [764, 1693]], '구경오세요', 0.9708823172217949), ([[577.9696803389567, 160.0176978636385], [898.7168653507556, 273.32004352392414], [808.0303196610433, 510.9823021363615], [487.2831346492444, 397.67995647607586]], '( )', 0.20231682380711172)]
