2033832
32
[([[183, 2248], [1844, 2248], [1844, 2483], [183, 2483]], '[.리생뉴-[-갚위류다', 0.0006793920700288596), ([[353, 2457], [1705, 2457], [1705, 2691], [353, 2691]], '[장닦루[의[타류7', 0.0002604473314890822)]
[([[244, 214], [691, 214], [691, 338], [244, 338]], '이.이게워야?]', 0.38200583933123744), ([[192, 309], [740, 309], [740, 435], [192, 435]], '분명 자고 있엿는데', 0.23423783360290917), ([[177, 414], [762, 414], [762, 531], [177, 531]], '도대체 무슨 일이.?', 0.7239426574177511)]
[([[1474, 183], [1549, 183], [1549, 262], [1474, 262]], '익', 0.5831615047140168), ([[1590, 184], [1780, 184], [1780, 268], [1590, 268]], '이익에]!', 0.2143851692486777), ([[1435, 249], [1759, 249], [1759, 340], [1435, 340]], '이따위 빗출', 0.597529593656988), ([[1435, 321], [1762, 321], [1762, 409], [1435, 409]], '금새 풀어출_', 0.9566111819286642), ([[1536, 395], [1716, 395], [1716, 481], [1536, 481]], '히익?!', 0.571316659450531)]
[([[1453, 163], [1517, 163], [1517, 243], [1453, 243]], '추', 0.6548886449168236), ([[1545, 157], [1784, 157], [1784, 245], [1545, 245]], '추추주?', 0.4048813283443451), ([[1333, 235], [1402, 235], [1402, 311], [1333, 311]], '추', 0.848235188073577), ([[1450, 227], [1901, 227], [1901, 315], [1450, 315]], '추추주이 대체 왜', 0.4793474472057209), ([[1492, 296], [1737, 296], [1737, 389], [1492, 389]], '여기에..', 0.47414801536244305)]
[([[156, 333], [703, 333], [703, 437], [156, 437]], '설마 추추즉이 날', 0.5346993444348809), ([[240, 415], [686, 415], [686, 523], [240, 523]], '아  안대애!!', 0.3878236037800067), ([[312, 492], [614, 492], [614, 612], [312, 612]], '싫어엇]!', 0.14651519595747242)]
[([[253, 190], [550, 190], [550, 291], [253, 291]], '시: 싫어', 0.6261203574433913), ([[139, 271], [664, 271], [664, 380], [139, 380]], '겨우 이겨넷논데_', 0.35383702455763943), ([[280, 358], [595, 358], [595, 460], [280, 460]], '다 잊없다', 0.9755118663969792), ([[191, 441], [677, 441], [677, 549], [191, 549]], '생각햇는데..!!', 0.3934936373694539)]
[([[146, 167], [781, 167], [781, 280], [146, 280]], '저:: 저기 춤추님들?', 0.22760723144651496), ([[119, 253], [801, 253], [801, 361], [119, 361]], '딱 하 . 한번만 화주면', 0.39901161771330035), ([[178, 340], [674, 340], [674, 444], [178, 444]], '안되까요? 제발_', 0.4227252199605394)]
[([[180, 181], [702, 181], [702, 292], [180, 292]], '이제 노숙같은거', 0.4945904185594672), ([[181, 268], [703, 268], [703, 368], [181, 368]], '절대 안할계요 ..', 0.5869399145992935), ([[147, 353], [739, 353], [739, 458], [147, 458]], '제발 부탁이에요..', 0.7529769604893835), ([[259, 437], [559, 437], [559, 536], [259, 536]], '혹  , 흐혹', 0.27366346694210425)]
[([[213, 258], [277, 258], [277, 322], [213, 322]], '0', 0.9997601652913204), ([[336, 236], [654, 236], [654, 341], [336, 341]], '왜 가까이', 0.9985404321962044), ([[192, 322], [665, 322], [665, 424], [192, 424]], '오는거에요. ?', 0.5278507781135205), ([[239, 406], [599, 406], [599, 507], [239, 507]], '시 싫어 .', 0.3226450231032156), ([[255, 493], [599, 493], [599, 590], [255, 590]], '오지마. !!', 0.45880697525385633), ([[243, 573], [612, 573], [612, 681], [243, 681]], '오지마앗]]!', 0.1473590352099816)]
[([[1372, 220], [1458, 220], [1458, 310], [1372, 310]], '아', 0.9996809021917876), ([[1512, 219], [1715, 219], [1715, 320], [1512, 320]], '안대비', 0.10902831259256839), ([[1303, 302], [1531, 302], [1531, 404], [1303, 404]], '만지지', 0.9998619372930158), ([[1580, 302], [1783, 302], [1783, 404], [1580, 404]], '마앗]]', 0.22280098497867584), ([[1407, 385], [1677, 385], [1677, 489], [1407, 489]], '하흐/!', 0.10689660906791687), ([[127.47727437143064, 287.4272852228728], [825.766107559792, 48.12385621759562], [924.5227256285693, 462.5727147771272], [226.23389244020805, 702.8761437824044]], '옛당', 0.003255337667362959)]
[([[201, 244], [372, 244], [372, 365], [201, 365]], '흐웃.', 0.9600742782061845), ([[415, 250], [696, 250], [696, 354], [415, 354]], '!! 하앗]!', 0.21717279893481967), ([[264, 327], [570, 327], [570, 435], [264, 435]], '그  그만_', 0.9744259715934619), ([[274, 415], [628, 415], [628, 525], [274, 525]], '흥이익 .노', 0.07904563332350253), ([[246, 505], [658, 505], [658, 606], [246, 606]], '거긴 . 안대!', 0.19468231182116086)]
[([[163, 313], [321, 313], [321, 426], [163, 426]], '학?!', 0.3767024572850762), ([[300, 714], [543, 714], [543, 926], [300, 926]], '움성', 0.18626220733401885), ([[1596, 1382], [1848, 1382], [1848, 1614], [1596, 1614]], '용영', 0.009357884674436802), ([[1204, 2415], [1364, 2415], [1364, 2514], [1204, 2514]], '오빠', 0.834215938944505), ([[1389, 2413], [1636, 2413], [1636, 2514], [1389, 2514]], '저 사람', 0.9116150005231604), ([[1164, 2496], [1677, 2496], [1677, 2600], [1164, 2600]], '도와쥐야 하느거', 0.792509297517241), ([[1290, 2583], [1551, 2583], [1551, 2687], [1290, 2687]], '아니야?', 0.9999397397041321), ([[319.1224250892327, 303.59176028554464], [767.2485859068163, 252.64429761308918], [771.8775749107673, 360.40823971445536], [323.75141409318366, 410.3557023869108]], '사  사람.. !!!', 0.4538707615967209)]
[([[1549, 1219], [1744, 1219], [1744, 1395], [1549, 1395]], '운영', 0.023653916003380848), ([[300, 1531], [466, 1531], [466, 1679], [300, 1679]], '영', 0.07259654597827936), ([[165.45455141580052, 217.50003278690286], [731.7733633419979, -27.06627854390818], [809.5454485841994, 223.49996721309714], [242.22663665800212, 469.0662785439082]], '쉽선공]_', 0.013466150556052598), ([[-48.68188265992844, 535.0442294613597], [906.0101480823669, 152.35939387430372], [969.6818826599284, 408.9557705386403], [13.989851917633104, 791.6406061256963]], '보보하앗', 0.013785243965685368)]
[([[224, 229], [295, 229], [295, 295], [224, 295]], '0', 0.9990694304578938), ([[354, 210], [507, 210], [507, 307], [354, 307]], '아니', 0.9993446794141984), ([[167, 291], [581, 291], [581, 395], [167, 395]], '그게 아니라.', 0.9835445253819572), ([[1667, 675], [1846, 675], [1846, 832], [1667, 832]], '움성', 0.43996030911008116), ([[231, 1565], [414, 1565], [414, 1735], [231, 1735]], '움', 0.38010902184636564), ([[988, 2435], [1306, 2435], [1306, 2534], [988, 2534]], '그냥 가자', 0.838342943803197), ([[1337, 2433], [1769, 2433], [1769, 2537], [1337, 2537]], '보지말라잡아', 0.8489814550896762), ([[917, 2513], [1851, 2513], [1851, 2623], [917, 2623]], '저런거 즐기는 변태인가 보지.', 0.5344393031045774)]
[([[1453, 188], [1813, 188], [1813, 281], [1453, 281]], '자 저기 .', 0.40954005447969416), ([[1414, 271], [1848, 271], [1848, 370], [1414, 370]], '가. 가지마..', 0.46845712466570016), ([[1456, 354], [1814, 354], [1814, 451], [1456, 451]], '드도와 .', 0.5415551430621167)]
[([[1513, 181], [1713, 181], [1713, 280], [1513, 280]], '옛..?', 0.31399253010749817), ([[1294, 266], [1938, 266], [1938, 365], [1294, 365]], '자잠깐 ..이런거..', 0.4686820587140912), ([[1396, 349], [1832, 349], [1832, 451], [1396, 451]], '거짓말.. 아.', 0.47927019859843906), ([[1434, 435], [1799, 435], [1799, 536], [1434, 536]], '안들어가  .', 0.4031945465463975)]
[([[1342, 240], [1420, 240], [1420, 308], [1342, 308]], '제', 0.7068252483878155), ([[1473, 218], [1901, 218], [1901, 326], [1473, 326]], '저기 추추님?', 0.7566698302620914), ([[311, 280], [508, 280], [508, 428], [311, 428]], '300', 0.3809360782345763), ([[1318, 301], [1840, 301], [1840, 411], [1318, 411]], '차라리 다른분올_', 0.7525920234693663), ([[1327, 384], [1838, 384], [1838, 492], [1327, 492]], '그런건 , 안들어_', 0.6159723551546)]
[([[1067.0208417367382, 310.67919859960506], [2000.2128328714848, 27.390894857524955], [2088.979158263262, 447.32080140039494], [1155.7871671285152, 729.6091051424751]], '2미의배', 0.002195287961512804), ([[56.23297576915233, 273.13155349887836], [884.876551202949, 69.71391829980719], [950.7670242308477, 523.8684465011216], [123.12344879705091, 727.2860817001928]], '가라되', 0.0059418156714980104)]
[([[1292, 221], [1845, 221], [1845, 349], [1292, 349]], '버쥐) 씨쥐터}', 0.01752407669192311), ([[1265, 333], [1871, 333], [1871, 461], [1265, 461]], '아라! 아꾸다고]', 0.14295264846135536), ([[1346, 442], [1792, 442], [1792, 568], [1346, 568]], '둥기이이익]!', 0.11594572957285193)]
[([[358, 227], [707, 227], [707, 380], [358, 380]], '오오옷)!', 0.053252476014949125), ([[160, 388], [257, 388], [257, 487], [160, 487]], '#', 0.8952160735185863), ([[232, 335], [699, 335], [699, 500], [232, 500]], '"그어저베!', 0.04103600033384575), ([[220, 450], [638, 450], [638, 597], [220, 597]], '흐소스유)!', 0.054256076857453345), ([[122.19344499129141, 265.1023159233645], [365.5574326318997, 248.50317586203522], [364.8065550087086, 384.8976840766355], [121.4425673681003, 401.4968241379648]], '오팎.', 0.12738309557213465)]
[([[1306, 235], [1605, 235], [1605, 336], [1306, 336]], '조.. 좀만', 0.7534823581175406), ([[1659, 232], [1882, 232], [1882, 334], [1659, 334]], '천천..', 0.5779549479484558), ([[1445, 318], [1740, 318], [1740, 415], [1445, 415]], '오호욕]', 0.12969139218330383), ([[1303, 390], [1544, 390], [1544, 599], [1303, 599]], '의키*:', 0.0514046736061573), ([[1585, 403], [1814, 403], [1814, 505], [1585, 505]], '하혹]]!', 0.14067044926872535), ([[1525, 486], [1874, 486], [1874, 594], [1525, 594]], '카하악.. !!', 0.33191377614209494), ([[1292, 696], [1528, 696], [1528, 932], [1292, 932]], '(1', 0.5283103291801797)]
[([[313, 214], [471, 214], [471, 314], [313, 314]], '에옛', 0.7454261341368336), ([[534, 226], [572, 226], [572, 291], [534, 291]], '?', 0.21108587385414523), ([[110, 295], [716, 295], [716, 403], [110, 403]], '왜. . 속에서 커지는', 0.24203513165191515), ([[196, 383], [703, 383], [703, 485], [196, 485]], '자잠. . 잠깐]]!', 0.40830498478664695)]
[([[1333, 190], [1886, 190], [1886, 289], [1333, 289]], '바 바밖에다  !!', 0.6473031385343586), ([[1317, 273], [1907, 273], [1907, 377], [1317, 377]], '밖에 다 싸주세요!', 0.23017686683650576), ([[1369, 358], [1848, 358], [1848, 460], [1369, 460]], '제발]! 제발요]', 0.4180996172550497), ([[1393, 444], [1828, 444], [1828, 543], [1393, 543]], '부탁이에요', 0.9484516917866322), ([[1495, 527], [1720, 527], [1720, 626], [1495, 626]], '제발. .', 0.5823493773536838)]
[([[233, 260], [727, 260], [727, 381], [233, 381]], '끄히이이익]]!', 0.3191442013390791), ([[245, 357], [587, 357], [587, 472], [245, 472]], '멈취]! 댐', 0.47016321964577945), ([[198, 459], [767, 459], [767, 569], [198, 569]], '응그으으이익]!!', 0.29243414411652396), ([[247, 553], [713, 553], [713, 668], [247, 668]], '터제]! 터제]]', 0.21033924934940368)]
[([[187, 613], [345, 613], [345, 710], [187, 710]], '아헤', 0.6198130776983428), ([[152, 692], [450, 692], [450, 803], [152, 803]], '아히익.', 0.784732460975647), ([[1616, 824], [1772, 824], [1772, 921], [1616, 921]], '끄특', 0.2359794232809399), ([[1614, 907], [1837, 907], [1837, 1007], [1614, 1007]], '귀핵; ..', 0.0923137214298556)]
[([[1517, 210], [1891, 210], [1891, 309], [1517, 309]], '이제.. 끝??', 0.5984616553956424), ([[1416, 297], [1493, 297], [1493, 390], [1416, 390]], '끝', 0.9987759761750148), ([[1556, 290], [1857, 290], [1857, 398], [1556, 398]], '난거지??', 0.9985511753695209), ([[1370, 373], [1899, 373], [1899, 481], [1370, 481]], '빨리 풀어주 . !!!', 0.36680971899139525), ([[452, 724], [724, 724], [724, 837], [452, 837]], '혜임;', 0.030220724123498355), ([[1384.858093273755, 209.0654114816689], [1545.40659514297, 230.60648149905515], [1530.141906726245, 315.9345885183311], [1368.59340485703, 294.3935185009448]], '이 (', 0.837435423958634), ([[1260.0931237962775, 716.031670286767], [1525.831966551896, 776.9165810764449], [1495.9068762037225, 884.968329713233], [1229.168033448104, 825.0834189235551]], '체혜::', 0.02735554799437523)]
[([[1450, 226], [1767, 226], [1767, 329], [1450, 329]], '바 . 방금', 0.7267524014913409), ([[1388, 312], [1831, 312], [1831, 427], [1388, 427]], '박혀는데옛]!', 0.054375209016603074), ([[1352, 411], [1869, 411], [1869, 519], [1352, 519]], '그만]! 그마안]!', 0.3134390893466281), ([[1383, 499], [1829, 499], [1829, 616], [1383, 616]], '끄히이이익]', 0.27682983794875904), ([[122.33986014156547, 14.005314791215852], [927.7570169540667, 409.5429192282475], [764.6601398584345, 716.9946852087842], [-40.75701695406662, 321.4570807717525]], '통어넷', 0.0031277243313953852)]
[([[109, 91], [489, 91], [489, 192], [109, 192]], '몇 시간뒤..', 0.6604641775395005)]
[([[258, 256], [349, 256], [349, 344], [258, 344]], '아', 0.997754762627924), ([[199, 338], [356, 338], [356, 437], [199, 437]], '아헤', 0.6292223066480572), ([[167, 421], [449, 421], [449, 521], [167, 521]], '아으아.', 0.9627714157104492), ([[1097, 918], [1281, 918], [1281, 1045], [1097, 1045]], '처리', 0.9888294697944494), ([[1008, 1264], [1158, 1264], [1158, 1399], [1008, 1399]], '좋아', 0.9970371836316609), ([[898, 1625], [1079, 1625], [1079, 1729], [898, 1729]], '창 년', 0.9504944682121277), ([[926, 1968], [1044, 1968], [1044, 2064], [926, 2064]], '@간', 0.7449376027585101), ([[1095, 1952], [1201, 1952], [1201, 2038], [1095, 2038]], '변기', 0.9986311763287938), ([[689.3052387456454, 952.1029577142926], [841.5715312311664, 941.8216162954214], [842.6947612543546, 1061.8970422857074], [691.4284687688336, 1072.1783837045787]], '성된', 0.041008907918636414), ([[835.5912052259251, 1305.3283388133304], [951.3990233749078, 1280.6712955632781], [963.4087947740749, 1358.6716611866696], [847.6009766250922, 1383.3287044367219]], '질싸', 0.2873421936296022), ([[1373.6798972614956, 1665.1046398227334], [1431.763158505317, 1713.4466089536122], [1266.3201027385044, 1892.8953601772666], [1208.236841494683, 1844.5533910463878]], '돌', 0.24517485045592835), ([[641.419584784954, 1776.016858301209], [706.4381752416915, 1748.0096044894324], [795.580415215046, 1967.983141698791], [731.5618247583085, 1995.9903955105676]], '푹', 0.5585642402884474), ([[1300.3807811754616, 1824.0213270441932], [1367.3331433573014, 1847.605369813987], [1318.6192188245384, 1986.9786729558068], [1251.6668566426986, 1964.394630186013]], '표', 0.9567852547981239), ([[764.2117748398972, 1890.0389258829614], [817.565954317127, 1870.02004412851], [863.7882251601028, 2006.9610741170386], [809.434045682873, 2026.97995587149]], '표', 0.6296779217422142), ([[1458.4632679659069, 1958.0110847749484], [1673.2468373555237, 2134.6393836688667], [1599.5367320340931, 2225.9889152250516], [1384.7531626444763, 2049.3606163311333]], '속권속경', 0.2041502296924591), ([[365.5256920904094, 2053.4079067797193], [622.9733401362543, 1998.9645627675488], [640.4743079095906, 2124.5920932202807], [383.02665986374575, 2180.035437232451]], '정액중독', 0.10909836739301682)]
[([[1306, 246], [1853, 246], [1853, 347], [1306, 347]], '시. 심연교단 . ?', 0.5641829247326671), ([[1540, 331], [1758, 331], [1758, 435], [1540, 435]], '갑자기', 0.9971189699441263), ([[1375, 318], [1778, 318], [1778, 540], [1375, 540]], '섯디처자귀', 0.013894984058185476), ([[1008, 1264], [1158, 1264], [1158, 1399], [1008, 1399]], '좋아', 0.996232804760641), ([[898, 1625], [1079, 1625], [1079, 1729], [898, 1729]], '창 년', 0.9313414692878723), ([[929, 1970], [1042, 1970], [1042, 2061], [929, 2061]], '안', 0.2711811068022598), ([[1095, 1952], [1201, 1952], [1201, 2038], [1095, 2038]], '변기', 0.9997690430825609), ([[1308, 2365], [1533, 2365], [1533, 2465], [1308, 2465]], '크크극', 0.9855336206075263), ([[1209, 2446], [1727, 2446], [1727, 2550], [1209, 2550]], '천하의 루미네가', 0.9714380836118268), ([[1239, 2531], [1692, 2531], [1692, 2642], [1239, 2642]], '이런 꼴이라니', 0.4111048149898611), ([[1317, 2615], [1547, 2615], [1547, 2717], [1317, 2717]], '우습군', 0.9987388102053636), ([[106.35342368374036, 292.1358773621208], [809.0492129190034, 113.81183572536197], [872.6465763162596, 523.8641226378792], [169.95078708099663, 702.188164274638]], '해#', 0.0021979049377526786), ([[1115.864011279707, 913.0497285886601], [1287.0799162331373, 944.1962906207407], [1262.135988720293, 1052.9502714113398], [1091.9200837668627, 1021.8037093792593]], '처 리', 0.9770562052726746), ([[688.2418773901741, 954.1108313823751], [840.3370345972951, 940.5582991079824], [844.7581226098259, 1060.889168617625], [692.6629654027049, 1075.4417008920175]], '성{', 0.03676731889991634), ([[832.7646218475907, 1303.2820252056035], [950.432754524601, 1279.7055842823797], [962.2353781524093, 1359.7179747943965], [844.567245475399, 1383.2944157176203]], '질사', 0.25517804422573725), ([[1372.737561603509, 1665.0733601749469], [1431.763158505317, 1713.4466089536122], [1267.262438396491, 1892.9266398250531], [1208.236841494683, 1844.5533910463878]], '틀', 0.1782310429147893), ([[640.4162020786683, 1776.0170555452287], [705.4362654624423, 1747.0095209100725], [796.5837979213317, 1966.9829444547713], [731.5637345375577, 1995.9904790899275]], '푹', 0.05229106657523297), ([[1299.3765016118953, 1825.021623211291], [1367.4254442373663, 1848.6981219979677], [1318.6234983881047, 1986.978376788709], [1250.5745557626337, 1963.3018780020323]], '표', 0.8499703391552806), ([[764.219428607749, 1889.0381717990401], [819.622222857079, 1869.0242342865322], [862.780571392251, 2006.9618282009599], [807.377777142921, 2025.9757657134678]], '표', 0.7517182214820686), ([[1462.4243555360424, 1955.0118395258305], [1674.177545394835, 2133.272178369792], [1598.5756444639576, 2225.9881604741695], [1385.822454605165, 2048.727821630208]], '속컷속권', 0.0900939330458641), ([[367.00059982005996, 2051.302939118294], [625.2097508625754, 2003.2866777935258], [638.99940017994, 2129.697060881706], [380.79024913742455, 2177.7133222064745]], '정대중독', 0.16396406292915344)]
[([[255, 192], [656, 192], [656, 289], [255, 289]], '뭐 .. 뛰야 : ?!', 0.3601664641029313), ([[147, 268], [710, 268], [710, 372], [147, 372]], '날 어디로 데려가는', 0.6520005623846026), ([[184, 355], [454, 355], [454, 448], [184, 448]], '이거뇌]]!', 0.17513015363180687), ([[452, 320], [750, 320], [750, 464], [452, 464]], '싫어앗!', 0.08178728818893433), ([[1010, 1267], [1158, 1267], [1158, 1399], [1010, 1399]], '좋아', 0.9991427564660736), ([[901, 1627], [1079, 1627], [1079, 1731], [901, 1731]], '창 년', 0.9311711192131042), ([[931, 1975], [1042, 1975], [1042, 2063], [931, 2063]], '인간', 0.589054635472169), ([[1098, 1960], [1203, 1960], [1203, 2040], [1098, 2040]], '편기', 0.9507205793184762), ([[1063, 2422], [1740, 2422], [1740, 2525], [1063, 2525]], '앞으로 네년올 어떻게', 0.779839183603994), ([[1140, 2500], [1664, 2500], [1664, 2613], [1140, 2613]], '물려줄지 천천히', 0.46966861756534534), ([[1138, 2587], [1662, 2587], [1662, 2695], [1138, 2695]], '생각해보지 크극', 0.8621465607537623), ([[1117.864011279707, 915.0497285886601], [1287.060328739525, 946.1473233474101], [1263.135988720293, 1054.9502714113398], [1093.939671260475, 1023.8526766525899]], '처 리', 0.9680116772651672), ([[689.3829879855562, 950.0936966757824], [843.4813690845612, 939.7187876808466], [845.6170120144438, 1063.9063033242176], [691.5186309154388, 1074.2812123191534]], '성{', 0.03522814340219758), ([[836.1539501058485, 1309.4618503175454], [951.2210038137063, 1280.4962232856708], [965.8460498941515, 1356.5381496824546], [850.7789961862937, 1385.5037767143292]], '질씨', 0.21564484635968004), ([[1374.7839136948917, 1664.0486091614184], [1434.8073480612627, 1714.5228004008873], [1269.2160863051083, 1894.9513908385816], [1208.1926519387373, 1844.4771995991127]], '틀', 0.5048786911757475), ([[642.4127797804853, 1778.01725626825], [707.4362654624423, 1748.0095209100725], [798.5872202195147, 1967.98274373175], [733.5637345375577, 1996.9904790899275]], '푹', 0.10986276752973723), ([[1299.393275278069, 1824.0204741154225], [1370.3940501744614, 1847.6662710535995], [1322.606724721931, 1989.9795258845775], [1251.6059498255386, 1965.3337289464005]], '표', 0.771595090566791), ([[766.2117748398972, 1891.0389258829614], [820.5699763999032, 1872.0203304013542], [864.7882251601028, 2007.9610741170386], [810.4300236000968, 2027.9796695986458]], '표', 0.5954649970508541), ([[1464.4219808863613, 1957.0119374499443], [1675.1878127688863, 2134.3008943007417], [1599.5780191136387, 2226.9880625500555], [1387.8121872311137, 2050.6991056992583]], '속컷속권', 0.18431182205677032), ([[367.74604313272016, 2054.3571940972406], [626.0660920758763, 2002.0888035586418], [642.2539568672798, 2128.6428059027594], [383.9339079241237, 2180.9111964413582]], '정,중독', 0.07151806354522705)]
[([[252, 185], [658, 185], [658, 294], [252, 294]], '뭐 . 뭐야 . ?', 0.41697601467613366), ([[1157, 369], [1754, 369], [1754, 518], [1157, 518]], '피시부 넉네임', 0.17159310145813933), ([[1224, 495], [1687, 495], [1687, 632], [1224, 632]], '@끼+|+톤쪽', 4.2478711903159424e-05), ([[1011, 1272], [1155, 1272], [1155, 1400], [1011, 1400]], '좋아', 0.9970971491352651), ([[188, 1491], [295, 1491], [295, 1577], [188, 1577]], '다', 0.05573465562779689), ([[281, 1548], [391, 1548], [391, 1662], [281, 1662]], '이', 0.9952298204943908), ([[444, 1547], [779, 1547], [779, 1670], [444, 1670]], '작품은', 0.9993137035197078), ([[819, 1539], [1372, 1539], [1372, 1678], [819, 1678]], '피시브에서', 0.8650508151218388), ([[1421, 1549], [1749, 1549], [1749, 1670], [1421, 1670]], '무료로', 0.9994578811062257), ([[476, 1689], [916, 1689], [916, 1826], [476, 1826]], '공개중인', 0.9996891021728516), ([[963, 1687], [1563, 1687], [1563, 1824], [963, 1824]], '작품입니다.', 0.8799207365705187), ([[391, 1845], [508, 1845], [508, 1966], [391, 1966]], '더', 0.999908091749635), ([[552, 1839], [777, 1839], [777, 1967], [552, 1967]], '많은', 0.27031786270021474), ([[822, 1841], [1155, 1841], [1155, 1969], [822, 1969]], '작품올', 0.7994828820228577), ([[1201, 1836], [1642, 1836], [1642, 1973], [1201, 1973]], '원하시면', 0.9998480677604675), ([[305, 1983], [747, 1983], [747, 2127], [305, 2127]], '피시브에', 0.6371052861213684), ([[798, 1978], [1237, 1978], [1237, 2119], [798, 2119]], '너네임올', 0.3138168752193451), ([[1278, 1980], [1721, 1980], [1721, 2121], [1278, 2121]], '검색해서', 0.8561561107635498), ([[738, 2133], [1289, 2133], [1289, 2265], [738, 2265]], '구경오세요', 0.9970011021049259), ([[1063, 2422], [1740, 2422], [1740, 2525], [1063, 2525]], '앞으로 네년올 어떻게', 0.7844744764022578), ([[1141, 2505], [1661, 2505], [1661, 2609], [1141, 2609]], '물려줄지 천천히', 0.5196860660105199), ([[1139, 2590], [1661, 2590], [1661, 2692], [1139, 2692]], '생각해보지 크극', 0.9729872269384189), ([[593.3153254067032, 436.009377344666], [895.332152307869, 684.2601076607078], [759.6846745932968, 850.990622655334], [456.667847692131, 603.7398923392922]], "' )", 0.20793879929139897), ([[487.0083556344863, 692.018917623541], [743.0186062079707, 799.9240305674426], [652.9916443655137, 1005.981082376459], [395.9813937920292, 898.0759694325574]], '5', 0.24744626735917397), ([[1123.0217486822805, 915.0435852415409], [1285.629627551666, 957.1696257998523], [1257.9782513177195, 1048.956414758459], [1095.370372448334, 1007.8303742001477]], '처리', 0.9960267722201971), ([[836.543977760618, 1309.3863310579156], [951.8143329861858, 1284.505135859209], [963.456022239382, 1355.6136689420844], [849.1856670138142, 1381.494864140791]], '질싸', 0.11952839289061809)]
