2033854
28
[([[453, 425], [737, 425], [737, 525], [453, 525]], '1 (', 0.2228200480055809), ([[234, 2229], [1761, 2229], [1761, 2441], [234, 2441]], '[리드--[리하다7', 0.006585295689746886), ([[366, 2422], [1628, 2422], [1628, 2631], [366, 2631]], '[,극미리묘5', 0.008153358323052784)]
[([[599, 1007], [1395, 1007], [1395, 1142], [599, 1142]], '콤소하 퓨 교맙데', 0.00010156202272756121), ([[507, 1133], [1489, 1133], [1489, 1291], [507, 1291]], '별잡히 흙 떠칠이 없고6', 0.01763352548300108), ([[700, 1275], [1299, 1275], [1299, 1414], [700, 1414]], '예속되문 고문과', 0.14173224456625974), ([[622, 1404], [1382, 1404], [1382, 1552], [622, 1552]], '넣@여 질너 슈_늄', 0.0033109877566632868), ([[655, 1537], [1344, 1537], [1344, 1685], [655, 1685]], '모스터 물네국 @교', 0.0010564621649269553), ([[717, 1668], [1238, 1668], [1238, 1807], [717, 1807]], '이손히눈데어형', 0.005958911144794963)]
[([[1065, 193], [1773, 193], [1773, 303], [1065, 303]], '제발요 추추주님들', 0.24944661069701213), ([[1145, 285], [1693, 285], [1693, 393], [1145, 393]], '이제 제발 그만', 0.9606293555079877), ([[1144, 377], [1690, 377], [1690, 486], [1144, 486]], '괴롭혀주세요 .', 0.5968974087176301), ([[451, 424], [738, 424], [738, 529], [451, 529]], '1 (', 0.9734307405762427), ([[302, 881], [391, 881], [391, 1017], [302, 1017]], '흙', 0.5009264622101774)]
[([[1160, 186], [1704, 186], [1704, 296], [1160, 296]], '제발 이제 더는', 0.9560036366214296), ([[1185, 279], [1678, 279], [1678, 383], [1185, 383]], '이쪽세계에서', 0.997974700094364), ([[1106, 366], [1761, 366], [1761, 481], [1106, 481]], '나대지않울테니깐', 0.42460214887464925), ([[453, 424], [742, 424], [742, 527], [453, 527]], '1 (3', 0.11705276118748567), ([[1302, 464], [1555, 464], [1555, 569], [1302, 569]], '제발..', 0.9173747897148132)]
[([[538, 361], [1466, 361], [1466, 510], [538, 510]], '제발 잘못햇으니간', 0.6810105771096422), ([[523, 486], [1477, 486], [1477, 633], [523, 633]], '이제 풀어주세요옷]', 0.6039795226190611), ([[1090, 1694], [1300, 1694], [1300, 1844], [1090, 1844]], '1', 0.8577777146329346), ([[245, 2309], [360, 2309], [360, 2468], [245, 2468]], '흙', 0.7714727894395423), ([[1001.3149700916601, 2154.0261082007482], [1069.3295714517192, 2143.306721167975], [1091.6850299083399, 2302.9738917992518], [1023.6704285482808, 2313.693278832025]], '특', 0.10622762529612917)]
[([[282, 320], [990, 320], [990, 428], [282, 428]], '카하항: 기사로서의', 0.11649509886828632), ([[296, 413], [981, 413], [981, 521], [296, 521]], '긍지갈은것도 없이', 0.4494245360533617), ([[259, 504], [1012, 504], [1012, 620], [259, 620]], '적들한테 살려달라고', 0.5476798475157125), ([[363, 592], [916, 592], [916, 712], [363, 712]], '비는 꼴이라니!', 0.5001725825431343), ([[940, 800], [1100, 800], [1100, 926], [940, 926]], '운', 0.05701048344853299), ([[1700, 1088], [1861, 1088], [1861, 1232], [1700, 1232]], '운질', 0.2683054370791476), ([[458, 1159], [766, 1159], [766, 1425], [458, 1425]], '%아?', 0.02379306017942389), ([[736, 1945], [790, 1945], [790, 2008], [736, 2008]], '2', 0.2664813995773194), ([[695.7307506537212, 1605.0335858732064], [859.1736743498959, 1718.816963148023], [681.2692493462788, 1973.9664141267936], [517.8263256501041, 1860.183036851977]], '문', 0.01439006795540454)]
[([[221, 276], [818, 276], [818, 388], [221, 388]], '네년 자지바는거', 0.5402733009839221), ([[181, 368], [855, 368], [855, 477], [181, 477]], '화서 한번보내줄지', 0.829405492488687), ([[196, 459], [842, 459], [842, 572], [196, 572]], '말지 결정해올까?', 0.45643762068579835), ([[813, 899], [1024, 899], [1024, 1063], [813, 1063]], '음질', 0.13884315887767834), ([[620, 2207], [661, 2207], [661, 2266], [620, 2266]], '_', 0.16685334460902457), ([[1431, 2454], [1771, 2454], [1771, 2580], [1431, 2580]], '네.. 넷', 0.5584536745233211), ([[1750.0864997216088, 888.0379966593064], [1833.2813838222112, 877.8673916207667], [1847.9135002783912, 1029.9620033406936], [1764.7186161777888, 1040.1326083792333]], '월', 0.10549479774199089)]
[([[1219, 329], [1396, 329], [1396, 437], [1219, 437]], '우웃', 0.2602139467114359), ([[453, 424], [740, 424], [740, 527], [453, 527]], '1 (래', 0.12688121138280792), ([[1213, 415], [1492, 415], [1492, 526], [1213, 526]], '네.. 넷!', 0.48611790724985654), ([[269, 2362], [1025, 2362], [1025, 2471], [269, 2471]], '지금까지 따먹히면서', 0.9856962605033309), ([[134, 2453], [1158, 2453], [1158, 2570], [134, 2570]], '배운스길올 최대한 활용해서', 0.44182612536815885), ([[379, 2548], [924, 2548], [924, 2656], [379, 2656]], '날 만족시켜보.', 0.35550600691036666)]
[([[132, 110], [696, 110], [696, 218], [132, 218]], '뭐야? 생각보다', 0.9233669175565473), ([[229, 203], [605, 203], [605, 311], [229, 311]], '별로잡아?', 0.9918166423427375), ([[1075, 277], [1258, 277], [1258, 390], [1075, 390]], '우울', 0.21850513630930893), ([[1321, 280], [1743, 280], [1743, 389], [1321, 389]], '죄송합니다', 0.946363514413148), ([[1054, 368], [1843, 368], [1843, 479], [1054, 479]], '지금까지 스스로 빨아', 0.9946877247677731), ([[450, 417], [737, 417], [737, 530], [450, 530]], '1 (리', 0.4322689175605774), ([[1224, 457], [1667, 457], [1667, 577], [1224, 577]], '본적이 없.', 0.9766031887047985), ([[163, 790], [365, 790], [365, 984], [163, 984]], '품품', 0.03163658563402291), ([[880, 813], [1071, 813], [1071, 994], [880, 994]], '#품', 0.12256530274261383), ([[1313, 2385], [1588, 2385], [1588, 2490], [1313, 2490]], '내가 좀', 0.992788553434636), ([[1149, 2473], [1743, 2473], [1743, 2588], [1149, 2588]], '알려쥐야켓구만.', 0.5474344424280104)]
[([[1240, 157], [1537, 157], [1537, 277], [1240, 277]], '이년아', 0.634229586560527), ([[987, 262], [1795, 262], [1795, 397], [987, 397]], '자지라는건 말이야', 0.8350539637253328), ([[453, 424], [738, 424], [738, 529], [453, 529]], '1 (기', 0.2026684285757323), ([[1254, 702], [1400, 702], [1400, 807], [1254, 807]], '옛?', 0.9967879843799403)]
[([[1156, 201], [1675, 201], [1675, 315], [1156, 315]], '자지논 이렇게', 0.41617565695410036), ([[1038, 290], [1799, 290], [1799, 406], [1038, 406]], '한방에 목구멍끝까지', 0.8455474815373305), ([[453, 424], [740, 424], [740, 524], [453, 524]], '1 (리', 0.43165915742283056), ([[1210, 383], [1629, 383], [1629, 498], [1210, 498]], '4서박아야', 0.5941252838051868), ([[1197, 477], [1637, 477], [1637, 590], [1197, 590]], '하느거라고!', 0.49045246271638615), ([[880.9265906176063, 652.0566083021957], [1422.5641331394747, 586.4205012138784], [1436.0734093823937, 910.9433916978043], [894.4358668605253, 976.5794987861216]], '유유행', 0.011870287755738848)]
[([[453, 421], [744, 421], [744, 532], [453, 532]], '1 (기', 0.22267782924549528), ([[860, 732], [1119, 732], [1119, 1033], [860, 1033]], '푹', 0.30868770333098894), ([[1161, 2173], [1521, 2173], [1521, 2299], [1161, 2299]], '토.토충것', 0.06517157872846044), ([[1207, 2301], [1506, 2301], [1506, 2421], [1207, 2421]], '{아앗!', 0.19844119250774384), ([[17.803193761080763, 160.12183827015795], [478.8495621033661, 19.897127933301327], [553.1968062389192, 374.8781617298421], [92.1504378966339, 515.1028720666986]], '음%', 0.0025435451178699533), ([[838.5335298075975, 176.12277028712464], [1450.279720092616, 5.035291874434208], [1524.4664701924025, 414.87722971287536], [912.7202799073841, 585.9647081255658]], '유음께', 0.019623302717040568)]
[([[158, 156], [683, 156], [683, 268], [158, 268]], '슬슬 쌀테니깐', 0.6039170558492387), ([[150, 249], [691, 249], [691, 362], [150, 362]], '잘 받아먹어화.', 0.7824202550797907), ([[1269, 429], [1605, 429], [1605, 531], [1269, 531]], '걱; . 커억', 0.2688260370481377), ([[1270, 517], [1648, 517], [1648, 625], [1270, 625]], '네;. 네옛.', 0.6602930144801304), ([[193, 841], [387, 841], [387, 993], [193, 993]], '품병', 0.034677434225251595), ([[837, 915], [998, 915], [998, 1056], [837, 1056]], '무춧', 0.15791326984215273), ([[1700.8977778369124, 862.033778741672], [1904.7612032769782, 913.4378307925037], [1862.1022221630876, 1060.966221258328], [1659.2387967230218, 1009.5621692074963]], '올필', 0.006321548251351896)]
[([[1162, 249], [1779, 249], [1779, 358], [1162, 358]], '입으로 다 삼키고', 0.8621641342809164), ([[1211, 339], [1733, 339], [1733, 452], [1211, 452]], '벌려화 쌍년아', 0.3800521880879328), ([[453, 424], [738, 424], [738, 527], [453, 527]], '1 (3', 0.2141751010086647), ([[958, 843], [1188, 843], [1188, 971], [958, 971]], '유움노', 0.09010646451605882), ([[218, 937], [397, 937], [397, 1078], [218, 1078]], '움노어형', 0.0002635010168887675)]
[([[1085, 203], [1641, 203], [1641, 317], [1085, 317]], '카하항 그동안', 0.2337526191149313), ([[903, 296], [1823, 296], [1823, 409], [903, 409]], '정액먹논 실력하나만큼은', 0.5125701810499012), ([[455, 424], [735, 424], [735, 527], [455, 527]], '1 (리', 0.44609624959347727), ([[1181, 388], [1538, 388], [1538, 500], [1181, 500]], '늘엇구만.', 0.7229581151416217), ([[1260, 2459], [1464, 2459], [1464, 2562], [1260, 2562]], '에-', 0.9643207010484934)]
[([[1358, 246], [1625, 246], [1625, 372], [1358, 372]], '히잇!!', 0.02704024873673916), ([[1205, 356], [1325, 356], [1325, 476], [1205, 476]], '시', 0.9999040388241589), ([[1399, 353], [1776, 353], [1776, 486], [1399, 486]], '싫어엇]!', 0.35382494230097694), ([[453, 424], [735, 424], [735, 527], [453, 527]], '1 (', 0.5915260314941406), ([[1187, 465], [1809, 465], [1809, 593], [1187, 593]], '더 잘할테니까', 0.9470065889967781), ([[1333, 577], [1557, 577], [1557, 701], [1333, 701]], '제발_', 0.54747179725149), ([[255, 2325], [690, 2325], [690, 2430], [255, 2430]], '자지 빠는게', 0.6129596388063081), ([[127, 2411], [829, 2411], [829, 2535], [127, 2535]], '영별로라서 못풀어', 0.5752972933650969), ([[194, 2503], [758, 2503], [758, 2616], [194, 2616]], '주컷는데? 크극', 0.1753207448447419)]
[([[1291, 274], [1645, 274], [1645, 379], [1291, 379]], '오늘 하루', 0.9589715965555516), ([[1239, 364], [1704, 364], [1704, 475], [1239, 475]], '몇 십 녀석만', 0.9785519995370431), ([[453, 424], [742, 424], [742, 527], [453, 527]], '1 (3', 0.16860568903873047), ([[1210, 451], [1731, 451], [1731, 573], [1210, 573]], '빨아도 늘꺼다', 0.7639177861726465), ([[1377, 548], [1557, 548], [1557, 653], [1377, 653]], '크극', 0.9941811195391138), ([[157, 897], [400, 897], [400, 1090], [157, 1090]], '@8', 0.2985819763665597), ([[238, 2362], [600, 2362], [600, 2467], [238, 2467]], '자지 빠는', 0.8104551479086773), ([[163, 2450], [683, 2450], [683, 2559], [163, 2559]], '실력좀 키워와', 0.23953981171541744), ([[200, 2539], [643, 2539], [643, 2652], [200, 2652]], '이 씨발년아', 0.8692153723293125)]
[([[1218, 292], [1663, 292], [1663, 450], [1218, 450]], '허의 !', 0.1848071461221363), ([[455, 424], [740, 424], [740, 527], [455, 527]], '1 (리', 0.1797478396799429), ([[1231, 431], [1540, 431], [1540, 592], [1231, 592]], '싫어', 0.9714202081554475), ([[1172, 532], [1712, 532], [1712, 749], [1172, 749]], '싫어터;!', 0.3247694734374927)]
[([[93, 69], [403, 69], [403, 173], [93, 173]], '잠시 후', 0.9384190619339077), ([[323, 375], [721, 375], [721, 480], [323, 480]], '뭐야? 이년', 0.9396074826151254), ([[200, 461], [844, 461], [844, 576], [200, 576]], '토하고 있든건가?', 0.29430898245250325), ([[1196, 449], [1734, 449], [1734, 553], [1196, 553]], '겨우 자지 몇개', 0.43272096972915736), ([[1211, 539], [1726, 539], [1726, 647], [1211, 647]], '빨앞다고 벌써', 0.41037381136898554), ([[1147, 628], [1792, 628], [1792, 741], [1147, 741]], '이러면 안되립데?', 0.20110642613320387), ([[1382, 725], [1555, 725], [1555, 827], [1382, 827]], '크극', 0.9671262692001333), ([[130, 1830], [300, 1830], [300, 1986], [130, 1986]], '댐', 0.09107804894334581), ([[939, 2272], [1087, 2272], [1087, 2411], [939, 2411]], '구', 0.9134588381647326)]
[([[391, 364], [961, 364], [961, 575], [391, 575]], '일어나]', 0.4678493142127991), ([[303, 555], [1046, 555], [1046, 766], [303, 766]], '씨발년야]', 0.326766897650795), ([[566, 1448], [951, 1448], [951, 1850], [566, 1850]], '꺾', 0.003931501579828245), ([[620, 2207], [661, 2207], [661, 2263], [620, 2263]], '_', 0.17315227678398415), ([[1000.2642145645341, 1942.0538544889994], [1314.3989362472985, 1918.9421616054397], [1316.735785435466, 2158.946145511001], [1002.6010637527016, 2182.0578383945603]], '우잇', 0.04516086119523981)]
[([[1100, 320], [1779, 320], [1779, 431], [1100, 431]], '오 오늘은 더이상', 0.8963552481301122), ([[455, 424], [740, 424], [740, 529], [455, 529]], '1 (리', 0.22179041031438806), ([[1164, 415], [1715, 415], [1715, 523], [1164, 523]], '못 빨아요옷. !', 0.5225264172064323), ([[1111, 689], [1244, 689], [1244, 824], [1111, 824]], '문', 0.058278307084126624), ([[219, 807], [335, 807], [335, 911], [219, 911]], '뭐', 0.0028608550902310542)]
[([[1331, 250], [1502, 250], [1502, 354], [1331, 354]], '크극', 0.9972840427825101), ([[1102, 335], [1813, 335], [1813, 452], [1102, 452]], '온 몸에 정액냄새가', 0.379859539794448), ([[450, 424], [737, 424], [737, 527], [450, 527]], '1 (리', 0.11353162724237915), ([[1198, 436], [1714, 436], [1714, 540], [1198, 540]], '진동올 하는데', 0.5133278384492131), ([[1131, 523], [1779, 523], [1779, 636], [1131, 636]], '사워나 시켜불까?', 0.647260181490428), ([[140, 930], [283, 930], [283, 1035], [140, 1035]], '옛?', 0.986425429429485)]
[([[1210, 239], [1338, 239], [1338, 361], [1210, 361]], '헤.', 0.7025461944370857), ([[1402, 237], [1676, 237], [1676, 363], [1402, 363]], '히잇]!', 0.04145941883325577), ([[1040, 353], [1158, 353], [1158, 466], [1040, 466]], '오', 0.9999969005608733), ([[1220, 347], [1856, 347], [1856, 479], [1220, 479]], '오중! 싫어엇!', 0.12872861186758192), ([[1139, 458], [1756, 458], [1756, 584], [1139, 584]], '더러워요옷. !', 0.5460088722034916), ([[173.90368662641373, 59.050184227909796], [253.6373968048476, 20.01694006886513], [328.09631337358627, 191.9498157720902], [248.3626031951524, 231.98305993113487]], '물', 0.8434807658602637), ([[483.1537115632518, 110.0448886945671], [541.9995137631739, 89.06268482185406], [581.8462884367482, 219.9551113054329], [523.0004862368261, 239.93731517814595]], '줄', 0.34200010862731745)]
[([[494, 1606], [579, 1606], [579, 1719], [494, 1719]], '절', 0.9548865849072996), ([[1283, 2428], [1729, 2428], [1729, 2540], [1283, 2540]], '카하차 이년', 0.1719812909296157), ([[1153, 2521], [1861, 2521], [1861, 2634], [1153, 2634]], '사워나 좀 시켜주라', 0.9848549801554177), ([[590.0317598415133, 315.0668696702462], [910.0189964960875, 273.01996530790154], [924.9682401584867, 519.9331303297538], [604.9810035039125, 562.9800346920985]], '진짜', 0.7401323187816594), ([[223.77138725536528, 366.03881422898377], [937.7417448984056, 236.23782934075356], [992.2286127446347, 780.9611857710163], [278.2582551015944, 910.7621706592464]], '영쇄*켓', 0.0003077961737290025), ([[44.085751867114844, 1516.0918194179944], [170.26728946365563, 1442.0401909474238], [277.9142481328852, 1659.9081805820056], [151.73271053634437, 1733.9598090525762]], '수', 0.01719508730960584)]
[([[466.9881603519014, 334.0366128562395], [555.6188634966718, 290.0136849752164], [647.0118396480985, 499.9633871437605], [558.3811365033282, 543.9863150247836]], '줄', 0.3084009841291504), ([[1526.2335635976378, 654.0326940923634], [1597.2559722474086, 646.6096099778315], [1610.7664364023622, 788.9673059076366], [1538.7440277525914, 797.3903900221685]], '줄', 0.35621267809603196), ([[299.0653479924851, 1000.036454303809], [380.59627743259557, 964.0148236048285], [456.9346520075149, 1151.963545696191], [375.40372256740443, 1188.9851763951715]], '줄', 0.20429795808109308), ([[1393.3876543538402, 1158.0187659675955], [1466.7543434880508, 1151.3868011593522], [1483.6123456461598, 1340.9812340324045], [1410.2456565119492, 1348.6131988406478]], '줄', 0.9201435873251853), ([[30.884281582922064, 1456.032786909675], [149.6205837401544, 1388.010137551276], [288.1157184170779, 1663.967213090325], [169.3794162598456, 1731.989862448724]], '출', 0.09293760008675012)]
[([[510, 384], [848, 384], [848, 521], [510, 521]], '카하창', 0.059475597183705854), ([[335, 506], [1018, 506], [1018, 645], [335, 645]], '사위 끝이구만', 0.6742259217611596), ([[338, 627], [1016, 627], [1016, 764], [338, 764]], '깨끗하네 크극', 0.7324595875944434)]
[([[470, 457], [1286, 457], [1286, 675], [470, 675]], '야 이제 이념', 0.3089582991313636), ([[514, 649], [1264, 649], [1264, 873], [514, 873]], '다로 돌려}', 0.14346035657302278), ([[151, 2354], [277, 2354], [277, 2527], [151, 2527]], '몸', 0.18524999545290743), ([[1253, 2450], [1543, 2450], [1543, 2596], [1253, 2596]], '적고어 ', 0.01834827847778797), ([[171.01051235462023, 1757.037711845525], [261.5495097567964, 1730.252451216018], [309.98948764537977, 1913.962288154475], [219.4504902432036, 1940.747548783982]], '흙', 0.022666964978790283)]
[([[1169, 144], [1866, 144], [1866, 312], [1169, 312]], '꽉시브 넉베임', 0.05138022332335241), ([[1250, 289], [1795, 289], [1795, 451], [1250, 451]], '(둘줄+아+톤쪽', 1.710522522313084e-06), ([[133, 1543], [257, 1543], [257, 1685], [133, 1685]], '이', 0.9981054704576877), ([[318, 1534], [1420, 1534], [1420, 1697], [318, 1697]], '작품은 피시브에서', 0.8573724435639191), ([[1477, 1543], [1870, 1543], [1870, 1689], [1477, 1689]], '무료로', 0.9996144494217247), ([[353, 1713], [881, 1713], [881, 1869], [353, 1869]], '공개중인', 0.9990360736846924), ([[934, 1705], [1649, 1705], [1649, 1874], [934, 1874]], '작품입니다.', 0.9560971188588244), ([[259, 1893], [409, 1893], [409, 2040], [259, 2040]], '더', 0.9996810213820595), ([[452, 1890], [719, 1890], [719, 2038], [452, 2038]], '담은', 0.4320038927175697), ([[765, 1890], [1167, 1890], [1167, 2043], [765, 2043]], '작품올', 0.7545929516284531), ([[1218, 1885], [1741, 1885], [1741, 2046], [1218, 2046]], '원하시면', 0.9997872710227966), ([[154, 2062], [673, 2062], [673, 2218], [154, 2218]], '피시브에', 0.9102237224578857), ([[740, 2057], [1266, 2057], [1266, 2218], [740, 2218]], '넉네임올', 0.16163834929466248), ([[1306, 2060], [1831, 2060], [1831, 2218], [1306, 2218]], '검색해서', 0.9660379886627197), ([[672, 2238], [1323, 2238], [1323, 2390], [672, 2390]], '구경오세요', 0.6227535506693601), ([[362.9934567425787, 555.018097443688], [617.9949204880651, 672.5653333737788], [514.0065432574213, 888.981902556312], [259.005079511935, 771.4346666262212]], '5', 0.3671303990130106)]
