2033824
18
[([[1167, 375], [1363, 375], [1363, 607], [1167, 607]], '~0', 0.0467905213433116), ([[184, 2275], [1853, 2275], [1853, 2544], [184, 2544]], '[.리슬[[로닦블 ', 0.0009166872152842679), ([[342, 2493], [1523, 2493], [1523, 2709], [342, 2709]], '[닦긁 [미-리멋', 0.001021042747993412)]
[([[651, 1004], [1384, 1004], [1384, 1128], [651, 1128]], '*자 0 @이데-6우선 ', 0.00019919932073056025), ([[557, 1140], [1473, 1140], [1473, 1277], [557, 1277]], '공프야권 오예 따문', 0.023382619768068002), ([[665, 1277], [1371, 1277], [1371, 1427], [665, 1427]], '얇분글움 @이국어`', 0.0004311542630561474), ([[728, 1411], [1307, 1411], [1307, 1581], [728, 1581]], '딱자 떨어전국', 0.014422700528705297), ([[796, 1570], [1201, 1570], [1201, 1703], [796, 1703]], '되`문다어', 0.002867334743963694)]
[([[271, 229], [333, 229], [333, 290], [271, 290]], '0', 0.9987198637612806), ([[1411, 172], [1778, 172], [1778, 271], [1411, 271]], '일단은 저기', 0.9995334910221207), ([[1279, 255], [1911, 255], [1911, 356], [1279, 356]], '지나가는 사람들한테', 0.48914680394720705), ([[228, 307], [464, 307], [464, 406], [228, 406]], '머리야', 0.9507314562797546), ([[1359, 340], [1837, 340], [1837, 442], [1359, 442]], '말을 걸어불까?', 0.4488068923723029), ([[185, 392], [550, 392], [550, 489], [185, 489]], '여긴 도대체', 0.9960411133608771), ([[207, 475], [530, 475], [530, 579], [207, 579]], '어디지..?', 0.5165333246591012)]
[([[174, 181], [408, 181], [408, 280], [174, 280]], '옛?! 뭐', 0.8577878157526548), ([[457, 181], [647, 181], [647, 280], [457, 280]], '뭐야?', 0.778095899594896), ([[113, 264], [701, 264], [701, 368], [113, 368]], '왜 갑자기 공격올?!', 0.6629315403798484), ([[1533, 253], [1814, 253], [1814, 350], [1533, 350]], '자 .잠시', 0.6922485880294421), ([[1522, 336], [1828, 336], [1828, 435], [1522, 435]], '기다려보!', 0.34473827040991034), ([[1169, 371], [1370, 371], [1370, 607], [1169, 607]], '^', 0.07049759781768117), ([[1497, 414], [1794, 414], [1794, 523], [1497, 523]], '왜그러는.', 0.4626945052324176), ([[184, 974], [272, 974], [272, 1060], [184, 1060]], '히', 0.9836723442141562), ([[313, 970], [460, 970], [460, 1070], [313, 1070]], '힘이', 0.9995114686907861), ([[192, 1054], [453, 1054], [453, 1155], [192, 1155]], '안나와]!', 0.5637008540874759)]
[([[1189, 393], [1361, 393], [1361, 596], [1189, 596]], '~실', 0.014862296658311435), ([[250.17440670276758, 239.05211729843273], [650.1012989302683, 202.15246131095063], [655.8255932972324, 477.94788270156727], [255.8987010697317, 513.8475386890493]], '#옛', 0.2202757319365922), ([[376.94615107489284, 860.0191545595535], [598.6292744333823, 930.689910487357], [512.0538489251071, 1192.9808454404465], [290.37072556661775, 1122.3100895126431]], '값', 0.07520230723125909)]
[([[229, 305], [317, 305], [317, 394], [229, 394]], '히', 0.9975916360147643), ([[356, 291], [516, 291], [516, 390], [356, 390]], '히잇', 0.05283148308009851), ([[1497, 315], [1722, 315], [1722, 395], [1497, 395]], '오빠 !', 0.7603254489592046), ([[208, 372], [437, 372], [437, 494], [208, 494]], '너무해:', 0.8436333537101746), ([[482, 345], [586, 345], [586, 460], [482, 460]], '너:', 0.781632123187715), ([[1477, 409], [1739, 409], [1739, 497], [1477, 497]], '도와쥐 . !', 0.31212953574013363), ([[198, 439], [643, 439], [643, 575], [198, 575]], '너희들 도대체', 0.9223718155926075), ([[144, 516], [709, 516], [709, 673], [144, 673]], '정제가 뛰야앗.?!', 0.30851399048370365)]
[([[265, 173], [355, 173], [355, 261], [265, 261]], '자', 0.9999536281239649), ([[396, 166], [616, 166], [616, 270], [396, 270]], '잠시만', 0.9998512007189435), ([[256, 249], [627, 249], [627, 351], [256, 351]], '말로하자 . !', 0.6278259066099205), ([[108, 331], [733, 331], [733, 442], [108, 442]], '내가 잘못햇으니까..', 0.4289867084679073), ([[1311, 310], [1570, 310], [1570, 398], [1311, 398]], '이.이거', 0.6467125415802002), ([[1338, 385], [1541, 385], [1541, 485], [1338, 485]], '풀어쥐', 0.9230437135794194), ([[1495, 426], [1839, 426], [1839, 674], [1495, 674]], '허잇?!', 0.029351305216550827)]
[([[295, 273], [381, 273], [381, 354], [295, 354]], '히', 0.9864700464214025), ([[418, 265], [562, 265], [562, 355], [418, 355]], '히잇', 0.24426689879164135), ([[130, 359], [216, 359], [216, 445], [130, 445]], '가', 0.9825649551751271), ([[253, 330], [731, 330], [731, 450], [253, 450]], '갑자기 더리운결', 0.5394794515065693), ([[175, 436], [263, 436], [263, 522], [175, 522]], '서', 0.9998562387639964), ([[298, 428], [451, 428], [451, 525], [298, 525]], '설마:', 0.5950267284402113), ([[482, 413], [700, 413], [700, 518], [482, 518]], '싫어엇', 0.9652245180753668), ([[1180, 384], [1357, 384], [1357, 608], [1180, 608]], '0', 0.19183859028433758), ([[178, 484], [772, 484], [772, 606], [178, 606]], '이거 빨리 풀어취앗!', 0.2063785370543364)]
[([[114.38557984069453, 190.07774132366805], [701.8709239968291, 74.75102812756168], [741.6144201593055, 445.9222586763319], [155.12907600317095, 561.2489718724383]], '헤야싹_', 0.010433381423354149), ([[-2.5872029445909437, 595.6145520496044], [720.0677188722093, 358.73700574819844], [804.5872029445909, 701.3854479503956], [81.93228112779066, 939.2629942518015]], '무~내빛', 0.0029220518190413713), ([[1443.2035709715872, 919.0474913629954], [1824.4991085157537, 883.5101030482172], [1832.7964290284128, 1175.9525086370047], [1451.5008914842463, 1212.4898969517828]], '%_', 0.034514274553005854), ([[204.87360553491283, 1242.175089260724], [522.6197164203714, 1148.238897241507], [571.1263944650872, 1386.824910739276], [253.3802835796285, 1480.761102758493]], ';', 0.017177248103480203)]
[([[1432, 221], [1746, 221], [1746, 360], [1432, 360]], '제;  제발', 0.5367540529105047), ([[1410.0029455144984, 298.03829168847943], [1769.8736470002555, 349.19190351120005], [1747.9970544855016, 453.96170831152057], [1388.1263529997445, 402.80809648879995]], '부탁이니까', 0.8071038757692341), ([[269.17531378895274, 328.1395396281926], [418.29077200250293, 313.4051625693825], [422.82468621104726, 416.8604603718074], [273.70922799749707, 431.5948374306175]], '히잇_', 0.23002624561920212), ([[329.11001377995865, 404.97602204793384], [617.7557338023099, 333.698343313066], [639.8899862200414, 443.02397795206616], [350.2442661976901, 515.3016566869339]], "'불경한것", 0.8745039373233379), ([[1420.9633121103225, 389.0414013790304], [1738.8050496947312, 434.75707728277], [1717.0366878896775, 539.9585986209696], [1399.1949503052688, 494.24292271723]], '한번만.. !', 0.8471324702048041), ([[194.02721215233572, 442.16327291401427], [346.83117214114196, 417.8753216301494], [356.9727878476643, 525.8367270859857], [204.16882785885804, 549.1246783698506]], '그런', 0.9999375389418667), ([[311.9195696575169, 495.37023559581934], [552.6791586892084, 449.58679760894756], [565.080430342483, 561.6297644041807], [325.32084131079165, 607.4132023910524]], '싫어..!', 0.39177928843612964), ([[657.419584784954, 1403.016858301209], [729.2717446319447, 1433.1354730674443], [661.580415215046, 1594.983141698791], [589.7282553680553, 1564.8645269325557]], '~', 0.9828590756684576)]
[([[1361, 736], [1417, 736], [1417, 809], [1361, 809]], '뇌', 0.06776421007132072), ([[486, 988], [656, 988], [656, 1133], [486, 1133]], '울질', 0.33754317091457053), ([[1449, 988], [1671, 988], [1671, 1182], [1449, 1182]], '운질', 0.2945852222601315), ([[480, 1621], [604, 1621], [604, 1762], [480, 1762]], '간요', 0.015239923290568695), ([[1055, 1777], [1349, 1777], [1349, 2020], [1055, 2020]], '폭씩', 0.13493965385089154), ([[486, 2241], [620, 2241], [620, 2472], [486, 2472]], '통', 0.2388932949164948), ([[-26.969948060155822, 314.4480831037507], [771.2516435332225, 17.959667306473015], [893.9699480601558, 413.5519168962493], [94.74835646677748, 710.040332693527]], '끼사엇', 0.04112057196198509), ([[657.4162020786683, 1405.0170555452287], [729.3008339547251, 1435.1664194183772], [660.5837979213317, 1595.9829444547713], [589.6991660452749, 1565.8335805816228]], '~', 0.952144999843668)]
[([[209, 323], [322, 323], [322, 414], [209, 414]], '처', 0.9986203902141746), ([[178, 369], [471, 369], [471, 506], [178, 506]], '이 이런', 0.8604075312614441), ([[282, 965], [519, 965], [519, 1142], [282, 1142]], '아유', 0.3603767486701594), ([[1437, 983], [1654, 983], [1654, 1145], [1437, 1145]], '아유이', 0.3037411483484065), ([[826, 1821], [906, 1821], [906, 1992], [826, 1992]], '푹', 0.9963544514322429), ([[1142, 1777], [1208, 1777], [1208, 1919], [1142, 1919]], '푹', 0.9937835093515766), ([[331.6915871093646, 294.4280310155856], [615.3256777175294, 248.61807049250325], [625.3084128906354, 357.5719689844144], [340.6743222824706, 403.38192950749675]], '처음인데', 0.9909063577651978), ([[459.4508442680275, 359.2738836329264], [675.0256527529274, 325.4055866919248], [683.5491557319725, 428.7261163670736], [467.9743472470726, 461.5944133080752]], '원지도', 0.9557746672076038), ([[363.8407970352918, 466.16567377411286], [674.4700721913966, 405.1367595728179], [689.1592029647081, 508.83432622588714], [378.52992780860336, 570.8632404271821]], '것들한테..', 0.4078941312166283), ([[154.89051233819612, 499.1868690938982], [363.0183486238532, 472.39449541284404], [369.1094876618039, 578.8131309061018], [160.9816513761468, 605.605504587156]], '모르는', 0.9806680434349052), ([[664.4806357231612, 1405.0149980106878], [733.9097311962863, 1439.2332318587385], [656.5193642768388, 1595.9850019893122], [587.0902688037137, 1561.7667681412615]], '~', 0.2364911891249486)]
[([[204, 321], [317, 321], [317, 434], [204, 434]], '가', 0.9999260916061417), ([[496, 383], [646, 383], [646, 507], [496, 507]], '.?!', 0.11890324127370819), ([[565, 487], [698, 487], [698, 588], [565, 588]], "'?1", 0.17872573623281235), ([[1177, 376], [1360, 376], [1360, 611], [1177, 611]], '~~', 0.05489456719103309), ([[192, 530], [313, 530], [313, 651], [192, 651]], '서', 0.9996829284273758), ([[1237, 663], [1404, 663], [1404, 778], [1237, 778]], '하유여', 0.0396590703154506), ([[623, 808], [790, 808], [790, 930], [623, 930]], '하유', 0.29476355784423003), ([[383, 2258], [653, 2258], [653, 2491], [383, 2491]], '둘림', 0.026489661175949312), ([[1525.9484156004148, 127.07265996584928], [1932.2477362850984, 78.66383094168378], [1942.0515843995852, 325.9273400341507], [1535.7522637149016, 374.3361690583162]], '빠퀴', 0.019605103078169414), ([[368.96421768062754, 297.1387890685809], [627.9116621790233, 272.3652780158818], [631.0357823193725, 399.8612109314191], [372.0883378209766, 423.6347219841182]], '갑자기', 0.9981843973963621), ([[1007.3289176989247, 303.14061442365534], [1132.758921467636, 292.6913442272494], [1135.6710823010753, 381.85938557634466], [1010.2410785323642, 392.3086557727506]], '하유', 0.9352925374405309), ([[1344.5058386171602, 408.338534873257], [1914.4086171647434, 279.55811340178496], [1948.4941613828398, 533.661465126743], [1378.5913828352566, 662.441886598215]], '빼퀴-', 0.04942256373850142), ([[219.13947898116186, 419.115831849295], [492.05943119220717, 396.62089050521627], [493.86052101883814, 528.884168150705], [219.94056880779286, 550.3791094947837]], '빨라져', 0.16217701846158414), ([[356.06817128534044, 512.1249188971213], [553.889359836569, 491.85433858725463], [558.9318287146596, 618.8750811028787], [361.110640163431, 640.1456614127454]], '설마:', 0.46388758128701646), ([[296.37559303534863, 620.2037954262313], [619.5095652608353, 573.1415285775953], [628.6244069646514, 717.7962045737687], [305.4904347391647, 764.8584714224047]], '싫어엇!!', 0.13493172889749874), ([[657.4262341340786, 1402.0164739329682], [730.3811085532963, 1434.2532054630026], [660.5737658659214, 1595.9835260670318], [587.6188914467037, 1564.7467945369974]], '~', 0.985315746562776)]
[([[1358, 733], [1418, 733], [1418, 812], [1358, 812]], '2', 0.03901263275923328), ([[482, 1621], [604, 1621], [604, 1758], [482, 1758]], '간요', 0.008984007683123121), ([[-49.60806759311704, 506.0576723955549], [1013.68409373296, -63.54818618147724], [1182.608067593117, 397.9423276044451], [118.31590626703994, 967.5481861814773]], '시어_베', 0.0001188177993753925), ([[1169.503811950254, 413.0533673035546], [1324.9974713021295, 379.02513477867745], [1361.496188049746, 594.9466326964455], [1206.0025286978705, 629.9748652213226]], '~사', 0.14311110320534962), ([[655.4162020786683, 1405.0170555452287], [728.2733840780627, 1435.1372101844086], [662.5837979213317, 1595.9829444547713], [589.7266159219373, 1565.8627898155914]], '~', 0.885202684644927)]
[([[169, 210], [320, 210], [320, 309], [169, 309]], '흐잇', 0.29208673322542317), ([[365, 210], [521, 210], [521, 309], [365, 309]], '싫어', 0.9885925507011708), ([[1456, 174], [1810, 174], [1810, 273], [1456, 273]], '이제물어쥐', 0.7006285526108131), ([[156, 290], [591, 290], [591, 395], [156, 395]], '이런거 상상도', 0.7866073766293807), ([[1413, 255], [1924, 255], [1924, 365], [1413, 365]], '이정도면 뒷잡아', 0.7230780420539622), ([[1558, 336], [1711, 336], [1711, 440], [1558, 440]], '흐록', 0.5318655828078177), ([[163, 374], [583, 374], [583, 483], [163, 483]], '해본적없어...', 0.5530331327545814), ([[266, 464], [431, 464], [431, 566], [266, 566]], '흐웃.', 0.697366540936635), ([[480, 1621], [601, 1621], [601, 1756], [480, 1756]], '요', 0.008886245424520267), ([[1135, 1729], [1234, 1729], [1234, 1862], [1135, 1862]], '질', 0.8772500963040244), ([[657.419584784954, 1404.016858301209], [729.2717446319447, 1434.1354730674443], [661.580415215046, 1595.983141698791], [589.7282553680553, 1565.8645269325557]], '~', 0.9590656575416148), ([[851.4449805264796, 1873.093338369781], [934.7332938975491, 1826.0206980133823], [1010.5550194735204, 1981.906661630219], [927.2667061024509, 2028.9793019866177]], '질', 0.9799772848396628)]
[([[429, 204], [641, 204], [641, 317], [429, 317]], '또 .?1', 0.2608845492479435), ([[1308, 248], [1888, 248], [1888, 428], [1308, 428]], '이제 싫어엇', 0.3381861874865247), ([[149.5449838825484, 270.2339161892516], [423.5422231054961, 239.0186050303502], [427.45501611745163, 347.7660838107484], [153.4577768945039, 378.9813949696498]], '히원..?', 0.05716916692888797), ([[206.97429288967584, 342.9331615131572], [604.638752686826, 276.9782120162491], [615.0257071103242, 395.0668384868428], [218.36124731317395, 461.0217879837509]], '시싫어엇!', 0.30103237218931383)]
[([[753.6513886505683, 2130.1194411079555], [1677.9739556683717, 1970.2799096234855], [1708.3486113494318, 2363.8805588920445], [783.0260443316282, 2523.7200903765147]], '[내%', 0.0007113901026583413)]
[([[1160, 369], [1754, 369], [1754, 519], [1160, 519]], '퍽시부 넉네임', 0.22965816573095105), ([[1224, 495], [1687, 495], [1687, 629], [1224, 629]], '(5+아+톤', 7.132202181405835e-05), ([[428, 687], [726, 687], [726, 982], [428, 982]], '{', 0.689656604587995), ([[289, 1549], [390, 1549], [390, 1664], [289, 1664]], '이', 0.9994263279878943), ([[442, 1547], [779, 1547], [779, 1672], [442, 1672]], '작품은', 0.99936263412093), ([[819, 1541], [1370, 1541], [1370, 1676], [819, 1676]], '피시브에서', 0.776582879461497), ([[1422, 1552], [1746, 1552], [1746, 1669], [1422, 1669]], '무료로', 0.9989687897387786), ([[474, 1689], [916, 1689], [916, 1822], [474, 1822]], '공개중인', 0.997573733329773), ([[965, 1687], [1561, 1687], [1561, 1824], [965, 1824]], '작품입니다.', 0.8572235493843523), ([[388, 1844], [518, 1844], [518, 1965], [388, 1965]], '더', 0.999946952569676), ([[550, 1841], [777, 1841], [777, 1965], [550, 1965]], '많은', 0.38190397182286645), ([[822, 1841], [1155, 1841], [1155, 1967], [822, 1967]], '작품올', 0.7273633675774429), ([[1201, 1838], [1640, 1838], [1640, 1973], [1201, 1973]], '원하시면', 0.9997863173484802), ([[309, 1988], [741, 1988], [741, 2113], [309, 2113]], '피시브에', 0.7234178781509399), ([[801, 1982], [1237, 1982], [1237, 2119], [801, 2119]], '너네임올', 0.5493021011352539), ([[1281, 1988], [1717, 1988], [1717, 2113], [1281, 2113]], '검색해서', 0.9616021513938904), ([[743, 2136], [1303, 2136], [1303, 2264], [743, 2264]], '구경오세요', 0.9980159883170607), ([[574.2819056126178, 448.01031531909996], [904.7934353960278, 669.7928889537476], [783.7180943873822, 845.9896846809], [453.20656460397214, 624.2071110462524]], ' )', 0.7369911100913796), ([[1447.2871413764274, 2195.5168544775693], [1786.412464429347, 2081.133462253583], [1832.7128586235726, 2248.4831455224307], [1493.587535570653, 2362.866537746417]], '200', 0.06754008171684199)]
