2033839
32
[([[180, 2147], [1826, 2147], [1826, 2612], [180, 2612]], "'똑-물", 0.0028061484917998314), ([[348, 2379], [924, 2379], [924, 2590], [348, 2590]], '[,로', 0.008297866390603963)]
[([[615, 1116], [1384, 1116], [1384, 1289], [615, 1289]], '콤교_출 "히 위서뭐', 0.00037240684197616103), ([[529, 1276], [1470, 1276], [1470, 1402], [529, 1402]], '엔연습단의 기전여 #이한', 0.0012739201889040064), ([[575, 1402], [1424, 1402], [1424, 1554], [575, 1554]], '@정문 표물- 물3리선', 0.0023321189024661623), ([[550, 1536], [1415, 1536], [1415, 1697], [550, 1697]], '실문물덕? 된 따문데어', 0.001792007010145018)]
[([[228, 246], [921, 246], [921, 371], [228, 371]], '크욕?! 여.. 여기논', 0.17036963948450676), ([[366, 353], [782, 353], [782, 470], [366, 470]], '어디지..?!', 0.5430995586395803), ([[1006, 2167], [1782, 2167], [1782, 2293], [1006, 2293]], '폐보니우스 기사단의', 0.8597867976854653), ([[1072, 2270], [1705, 2270], [1705, 2394], [1072, 2394]], '정찰기사 임버양.', 0.6454400952871827), ([[1042, 2375], [1743, 2375], [1743, 2500], [1042, 2500]], '감히 우리기지내에', 0.9965240773962419), ([[982, 2480], [1811, 2480], [1811, 2604], [982, 2604]], '잠입올 시도하여다조?', 0.558558510407973)]
[([[138, 286], [732, 286], [732, 410], [138, 410]], '너희들이 루미네틀', 0.2610970932717594), ([[171, 391], [698, 391], [698, 515], [171, 515]], '잡아간거 맞지?', 0.932983885548346), ([[87, 496], [781, 496], [781, 622], [87, 622]], '폐이론한데 다들없어!', 0.15719529627077464), ([[228, 600], [644, 600], [644, 721], [228, 721]], '어서 풀어쥐]', 0.37694936596496914), ([[1099, 2323], [1749, 2323], [1749, 2445], [1099, 2445]], '지금 자기 위치가', 0.9738747898876626), ([[1055, 2427], [1798, 2427], [1798, 2553], [1055, 2553]], '이해가 안되나보군?', 0.9499603763956996)]
[([[153, 261], [843, 261], [843, 385], [153, 385]], '나는 추추족들처럼', 0.3491109699836759), ([[186, 365], [810, 365], [810, 487], [186, 487]], '쉬임쉬업 상대름', 0.11673506566501136), ([[99, 469], [900, 469], [900, 595], [99, 595]], '다루는 편이 아니라서', 0.9066754716050234), ([[358, 575], [647, 575], [647, 700], [358, 700]], '말이지.', 0.8980311751365662), ([[1134, 2491], [1824, 2491], [1824, 2613], [1134, 2613]], '지금 무슨소리틀?!', 0.34789744437824754), ([[1478.3203026673903, 2099.017780947155], [1581.3900041325776, 2131.0095705113617], [1524.6796973326097, 2315.982219052845], [1421.6099958674224, 2283.9904294886383]], '{', 0.11302208308795603)]
[([[180, 151], [787, 151], [787, 273], [180, 273]], '네년은 지금부터', 0.7019055121561223), ([[176, 253], [790, 253], [790, 376], [176, 376]], '우리 심연고단의', 0.9549977912639869), ([[162, 357], [808, 357], [808, 483], [162, 483]], '실험제가 된거다.', 0.9560271249118404), ([[354, 730], [783, 730], [783, 834], [354, 834]], '크룻 그 어떤', 0.27369496177618974), ([[383, 820], [750, 820], [750, 923], [383, 923]], '고문이라도', 0.8838548583075378), ([[375, 905], [763, 905], [763, 1016], [375, 1016]], '견너주켓어!', 0.3534216388089675), ([[1109, 2382], [1454, 2382], [1454, 2499], [1109, 2499]], '그래그래', 0.9999369978904724), ([[1489, 2382], [1755, 2382], [1755, 2499], [1489, 2499]], '얼마나', 0.9995998591805324), ([[1104, 2481], [1764, 2481], [1764, 2610], [1104, 2610]], '버탤지 지켜불까?', 0.30674905430044663)]
[([[331, 278], [581, 278], [581, 393], [331, 393]], '흐햇?!', 0.5412606596946716), ([[287, 384], [630, 384], [630, 499], [287, 499]], '서. 설마', 0.8520939054598209), ([[221, 482], [695, 482], [695, 606], [221, 606]], '한다는게. ?', 0.2956502037108594), ([[1110, 2224], [1773, 2224], [1773, 2346], [1110, 2346]], '그래. 요즘 병력이', 0.7041877746269635), ([[1081, 2323], [1802, 2323], [1802, 2450], [1081, 2450]], '부족해저서 말이야', 0.7904613109145963), ([[1044, 2432], [1846, 2432], [1846, 2556], [1044, 2556]], '네년이 병기 생산장이', 0.9774060381704128), ([[1179, 2538], [1711, 2538], [1711, 2662], [1179, 2662]], '되어쥐야켓어.', 0.5241365363982572), ([[655.2372145186401, 1787.0242679426506], [739.8115116833973, 1764.137520266786], [789.7627854813599, 1967.9757320573494], [705.1884883166027, 1990.862479733214]], '특', 0.8369650210772797)]
[([[285, 263], [396, 263], [396, 368], [285, 368]], '자', 0.999776375876138), ([[447, 255], [717, 255], [717, 376], [447, 376]], '잠시만', 0.9999521664200618), ([[286, 359], [902, 359], [902, 480], [286, 480]], '아직 처녀인데다', 0.9689943775508721), ([[275, 462], [803, 462], [803, 589], [275, 589]], '처음은 주려던', 0.4047213267022578), ([[348, 566], [728, 566], [728, 686], [348, 686]], '사람이  !', 0.7846393240414664)]
[([[1013.2936104059406, 1694.042847078218], [1417.3785991121679, 1664.5484380783232], [1419.7063895940594, 1960.957152921782], [1016.6214008878321, 1990.4515619216768]], '푹늬', 0.02465360943954485)]
[([[227, 247], [884, 247], [884, 364], [227, 364]], '으잇. 저: 정말로', 0.3433511857506476), ([[327, 344], [757, 344], [757, 472], [327, 472]], '들어올어 ..', 0.23207120337333123), ([[205, 447], [953, 447], [953, 580], [205, 580]], '내 보지 찢어저버려!', 0.7924300897159008)]
[([[327, 215], [489, 215], [489, 319], [327, 319]], '아룻', 0.7294647894565595), ([[574, 212], [744, 212], [744, 322], [574, 322]], '하웃', 0.9582544279270149), ([[142, 308], [240, 308], [240, 412], [142, 412]], '우.', 0.6465247382456628), ([[284, 307], [906, 307], [906, 417], [284, 417]], '움직이면 안되옛. .', 0.5074288970273624), ([[448, 399], [614, 399], [614, 510], [448, 510]], '아응', 0.9942890012173335), ([[630, 1833], [796, 1833], [796, 1959], [630, 1959]], '푹찍', 0.2357522709314464), ([[922, 1935], [1086, 1935], [1086, 2080], [922, 2080]], '푹찍', 0.04780240674649554)]
[([[484, 303], [606, 303], [606, 408], [484, 408]], '소.', 0.953221919453503), ([[178, 335], [386, 335], [386, 483], [178, 483]], '커히:', 0.22651143897271966), ([[480, 417], [946, 417], [946, 629], [480, 629]], '클다 -무', 0.00848038613415228), ([[247, 538], [447, 538], [447, 679], [247, 679]], '어욱', 0.3507388848756513), ([[1032, 1890], [1106, 1890], [1106, 2045], [1032, 2045]], '푹', 0.9989428931181834), ([[784, 2024], [871, 2024], [871, 2164], [784, 2164]], '푹', 0.07335552663946387), ([[638.7857215662096, 246.16433449360457], [899.6480950155884, 212.9361490293628], [906.2142784337904, 342.8356655063954], [645.3519049844116, 375.0638509706372]], '속도가', 0.9988401737393998), ([[455.35988167547407, 399.68760952906445], [854.1077897702925, 328.4521348848015], [867.6401183245259, 463.31239047093555], [468.89221022970753, 534.5478651151985]], '빨라저엇', 0.3915640711784363), ([[272.06817128534044, 442.12491889712135], [458.5896006115269, 421.47733452938235], [463.93182871465956, 548.8750811028787], [278.4103993884731, 569.5226654706177]], '계속', 0.9841966073493831), ([[420.0550196978472, 614.6925689424652], [794.0268180683515, 533.0906741530686], [814.9449803021528, 684.3074310575348], [440.97318193164847, 765.9093258469314]], '빨라앗..!!', 0.45112152794898874), ([[649.118489277029, 1799.0389288304275], [719.9363303189666, 1779.189259717236], [756.881510722971, 1931.9610711695725], [686.0636696810334, 1950.810740282764]], '푹', 0.9904719946320171)]
[([[987, 2340], [1740, 2340], [1740, 2467], [987, 2467]], '카하항]! 첫산입부터', 0.34852441426403163), ([[922, 2447], [1793, 2447], [1793, 2573], [922, 2573]], '화려하게 가버리논구만', 0.6132542052817329), ([[945.4880898651174, 1590.098741286992], [1383.950103950104, 1504.7775467775468], [1414.5119101348826, 1780.901258713008], [976.049896049896, 1866.2224532224532]], '구뉴숲', 0.09882931656270039)]
[([[268, 253], [715, 253], [715, 376], [268, 376]], '응잇?! 한참', 0.6639704468890844), ([[227, 357], [756, 357], [756, 482], [227, 482]], '민감한데 다시', 0.9498098438478828), ([[239, 462], [743, 462], [743, 586], [239, 586]], '움직이면 . ?!', 0.6261321152812227), ([[1101, 2316], [1797, 2316], [1797, 2445], [1101, 2445]], '멋대로 가버리고는', 0.6580484846664659), ([[1176, 2421], [1714, 2421], [1714, 2547], [1176, 2547]], '쉬게 해달라니', 0.9393576711940056), ([[1117, 2529], [1780, 2529], [1780, 2653], [1117, 2653]], '그럴리가 없잡아?', 0.3152537065486049)]
[([[291, 282], [411, 282], [411, 393], [291, 393]], '에.', 0.346708334123411), ([[452, 284], [711, 284], [711, 397], [452, 397]], '옛.?!', 0.8328062891960144), ([[148, 383], [849, 383], [849, 505], [148, 505]], '가  갑자기 안에서', 0.6952380817224383), ([[244, 486], [755, 486], [755, 610], [244, 610]], '조금 커저 . ?', 0.7760922874461946), ([[157, 1453], [777, 1453], [777, 1579], [157, 1579]], '슬슬 사정활때가', 0.5465080151047941), ([[239, 1559], [692, 1559], [692, 1683], [239, 1683]], '뒷나보구만.', 0.9500473432443032), ([[589, 1815], [801, 1815], [801, 1991], [589, 1991]], '올질', 0.2591196358877828), ([[893, 1915], [1099, 1915], [1099, 2089], [893, 2089]], '문질', 0.12709807087681108), ([[1321, 2247], [1693, 2247], [1693, 2471], [1321, 2471]], '멋?!', 0.24926282353849524)]
[([[217, 277], [781, 277], [781, 398], [217, 398]], '제발 부탁이야!', 0.5666289751992845), ([[233, 381], [770, 381], [770, 502], [233, 502]], '안에만은 제발', 0.781826408820315), ([[193, 485], [812, 485], [812, 611], [193, 611]], '사정하지말아쥐!', 0.8258635869885707), ([[548, 1688], [713, 1688], [713, 1891], [548, 1891]], '푹', 0.9917125269169027), ([[997, 1859], [1160, 1859], [1160, 2077], [997, 2077]], '푹', 0.9957360280498087), ([[693, 1975], [867, 1975], [867, 2184], [693, 2184]], '푹', 0.8541556627962024), ([[1426, 2348], [1612, 2348], [1612, 2472], [1426, 2472]], '싫어', 0.9785735584024035), ([[1426, 2449], [1716, 2449], [1716, 2573], [1426, 2573]], '싫어 .!', 0.28132356919857493)]
[([[349, 322], [857, 322], [857, 828], [349, 828]], "'", 0.012915462568073244), ([[855, 577], [934, 577], [934, 699], [855, 699]], '0', 0.9999772311553023), ([[965, 1942], [1259, 1942], [1259, 2188], [965, 2188]], '구숲', 0.23469142958425845), ([[523.751159576494, 1681.0269021746617], [794.267349965838, 1722.1224773457714], [747.248840423506, 1970.9730978253383], [476.73265003416196, 1929.8775226542286]], '꾸춧', 0.20049367139056826)]
[([[463, 212], [579, 212], [579, 327], [463, 327]], '흙', 0.4996325299086699), ([[184, 314], [697, 314], [697, 438], [184, 438]], '처음이웃논데', 0.14954245072758257), ([[171, 417], [708, 417], [708, 540], [171, 540]], '이런 마물한데', 0.46616694399625663), ([[305, 521], [654, 521], [654, 649], [305, 649]], '싫어엇...', 0.48493789392076353), ([[1117, 2308], [1753, 2308], [1753, 2430], [1117, 2430]], '보지 속살울 보니', 0.5267561331918184), ([[1043, 2408], [1826, 2408], [1826, 2537], [1043, 2537]], '육변기로서의 등급은', 0.992420943270787), ([[1261, 2519], [1609, 2519], [1609, 2636], [1261, 2636]], '스로구만', 0.6957685947418213), ([[280.5938819525397, 257.6344937572857], [360.95666273372797, 184.03272408757184], [447.4061180474603, 285.3655062427143], [368.04333726627203, 357.9672759124282]], '40"', 0.09926441375411724)]
[([[308, 199], [746, 199], [746, 320], [308, 320]], '이제 뒷잡아', 0.7104749906949287), ([[169, 297], [960, 297], [960, 418], [169, 418]], '이 이상 나름 욕보이지', 0.7874263634312803), ([[283, 399], [538, 399], [538, 516], [283, 516]], '말아쥐', 0.8790867365693523), ([[594, 402], [775, 402], [775, 515], [594, 515]], '제발', 0.9931588542289107), ([[362, 499], [764, 499], [764, 616], [362, 616]], '부탁이야..', 0.7113902710332198), ([[1227, 2288], [1700, 2288], [1700, 2410], [1227, 2410]], '무슨소리야?', 0.999393081252407), ([[1172, 2389], [1757, 2389], [1757, 2518], [1172, 2518]], '이제 시작인데?', 0.9966081212689983)]
[([[378, 353], [837, 353], [837, 518], [378, 518]], '아까보다 더', 0.7165761768385878), ([[339, 620], [429, 620], [429, 725], [339, 725]], '더', 0.9999040388241589), ([[581, 1675], [822, 1675], [822, 1922], [581, 1922]], '푹', 0.13736575451346855), ([[940, 1886], [1140, 1886], [1140, 2111], [940, 2111]], '푹', 0.9987465497232648), ([[1056, 2274], [1751, 2274], [1751, 2398], [1056, 2398]], '네년이 임신기계가', 0.9645902585780763), ([[1097, 2379], [1711, 2379], [1711, 2503], [1097, 2503]], '몰때까지 능옥은', 0.3481284651912435), ([[1171, 2481], [1628, 2481], [1628, 2608], [1171, 2608]], '계속되꺼다:', 0.3199558507136004), ([[163.59883767468835, 205.10698195650954], [531.5141647292334, 139.4452557562954], [553.4011623253117, 370.8930180434905], [185.48583527076667, 435.5547442437046]], '%', 0.11375275600768475), ([[670.0925352602195, 463.12177502971224], [900.4427186696507, 440.62272406399757], [903.9074647397805, 570.8782249702878], [673.5572813303493, 593.3772759360024]], '싫어', 0.9982856440487723), ([[344.78572156620965, 506.1643344936046], [660.4257507401575, 476.31051443957307], [662.2142784337904, 602.8356655063955], [346.5742492598425, 632.6894855604269]], '겪렬해', 0.2991339039810967), ([[710.2418773901741, 566.1108313823751], [944.9388798362302, 547.6881501481461], [945.7581226098259, 672.8891686176249], [712.0611201637698, 690.3118498518539]], '싫엇]!', 0.6272621154785156), ([[438.0201010126777, 603.1407070887436], [697.0872072177725, 577.9360477298733], [699.9798989873224, 700.8592929112564], [441.91279278222754, 727.0639522701267]], '이상은', 0.9993553392430046)]
[([[136, 132], [497, 132], [497, 243], [136, 243]], '몇 시간 후', 0.6178023703679691), ([[1111, 2183], [1721, 2183], [1721, 2300], [1111, 2300]], '고작 몇시간만에', 0.9464124277657884), ([[1136, 2283], [1700, 2283], [1700, 2405], [1136, 2405]], '이렇게 된건가', 0.6493102548884002), ([[1112, 2388], [1725, 2388], [1725, 2509], [1112, 2509]], '한참 시끄럼더니', 0.2723842717242272), ([[1060, 2491], [1773, 2491], [1773, 2617], [1060, 2617]], '드디어 조용해적군.', 0.770719670785113)]
[([[348, 230], [600, 230], [600, 352], [348, 352]], '히잇?!', 0.3080117702484131), ([[203, 333], [737, 333], [737, 460], [203, 460]], '갑자기 배에서', 0.988715852048013), ([[287, 433], [569, 433], [569, 565], [287, 565]], '통증이', 0.9997969674911101), ([[217, 544], [726, 544], [726, 664], [217, 664]], '서 . 설마 . ?!', 0.2589707012695889), ([[1131, 1418], [1244, 1418], [1244, 1631], [1131, 1631]], '콩', 0.9704823149796518), ([[241, 2001], [940, 2001], [940, 2122], [241, 2122]], '우리 심연교단에서', 0.8639410690770838), ([[195, 2105], [980, 2105], [980, 2228], [195, 2228]], '사용중인 특제포선올', 0.9407839865088605), ([[104, 2208], [1073, 2208], [1073, 2334], [104, 2334]], '쓰면 임신에서 출산까지의', 0.9694285286062949), ([[184, 2312], [991, 2312], [991, 2436], [184, 2436]], '시간을 단 몇시간만에', 0.6601457044962856), ([[350, 2416], [832, 2416], [832, 2540], [350, 2540]], '출일수 있지.', 0.38958650518643256), ([[1294, 2470], [1853, 2470], [1853, 2597], [1294, 2597]], '아마 그 진통이', 0.9971911813196963), ([[1345, 2579], [1801, 2579], [1801, 2696], [1345, 2696]], '시작되거다.', 0.7554647207957593), ([[505.26029392947703, 1217.0195552671157], [611.1724066528764, 1201.6362047784683], [639.739706070523, 1433.9804447328843], [533.8275933471236, 1449.3637952215317]], '콩', 0.5200790452028201)]
[([[61, 27], [392, 27], [392, 279], [61, 279]], '짧수', 0.01661766644237502), ([[128, 237], [519, 237], [519, 478], [128, 478]], '@둘증', 0.004501236083039118), ([[1269, 2233], [1583, 2233], [1583, 2354], [1269, 2354]], '싫어엇]!', 0.21790815686521844), ([[1119, 2334], [1740, 2334], [1740, 2458], [1119, 2458]], '누구튼 좋으니까', 0.4962040316650966), ([[1106, 2441], [1751, 2441], [1751, 2562], [1106, 2562]], '아무나 도와직엇!', 0.517192661582257), ([[425.12944814662706, 78.01516180819678], [1047.8873868148487, 213.62977268430012], [990.870551853373, 414.98483819180325], [368.1126131851512, 278.3702273156999]], '옳내이국에', 0.00022973410142631802), ([[541.0052606526688, 288.0215210766493], [1000.5286444117476, 374.3674865387099], [952.9947393473312, 564.9784789233506], [493.4713555882524, 478.6325134612901]], '예이_위', 0.023693278431892395), ([[175.17239411139764, 386.01317509788566], [1004.9569417933234, 543.5042818654507], [949.8276058886024, 751.9868249021143], [120.04305820667658, 594.4957181345493]], '%웬월지움어젊', 1.0879478591070366e-05)]
[([[323, 227], [775, 227], [775, 452], [323, 452]], '옮기끌하', 0.012101409956812859), ([[240, 537], [939, 537], [939, 813], [240, 813]], '보자 찾어버넷', 0.04327046048923051), ([[1196, 2361], [1778, 2361], [1778, 2483], [1196, 2483]], '오 알이 보이기', 0.9647291827359922), ([[1256, 2463], [1711, 2463], [1711, 2587], [1256, 2587]], '시작하눈군.', 0.6799811920662584), ([[268.66518517569193, 432.1188147217809], [869.407284349128, 385.58999543427115], [867.3348148243081, 575.8811852782192], [266.59271565087204, 622.4100045657289]], '비; 니무커넷', 0.18558066834128187)]
[([[326, 278], [800, 278], [800, 494], [326, 494]], '흉기아하', 0.052201833575963974), ([[216, 495], [357, 495], [357, 654], [216, 654]], '씨', 0.026069730114741674), ([[243, 619], [470, 619], [470, 806], [243, 806]], '보지', 0.929930633530907), ([[1261, 2349], [1571, 2349], [1571, 2466], [1261, 2466]], '오 알이', 0.994269202667704), ([[1059, 2452], [1780, 2452], [1780, 2575], [1059, 2575]], '보이지 시작하눈군.', 0.6558607271392617), ([[392.7418062391143, 468.1278949042056], [833.9417806732038, 424.16300354901904], [837.2581937608858, 595.8721050957944], [396.0582193267962, 639.836996450981]], '거무커엇', 0.022214176133275032), ([[492.8740736173598, 601.102958258806], [954.807063929827, 562.4250212282353], [954.1259263826402, 747.897041741194], [493.19293607017295, 785.5749787717647]], '찢어여넷', 0.160171777009964)]
[([[254, 221], [817, 221], [817, 346], [254, 346]], '싫어엇. 다시는', 0.6344424208261453), ([[186, 325], [883, 325], [883, 447], [186, 447]], '심연교단에 대들지', 0.9395444577146966), ([[173, 432], [898, 432], [898, 553], [173, 553]], '않울게요 그러니까', 0.7200423896840978), ([[158, 534], [909, 534], [909, 657], [158, 657]], '이제 여기서 멈취쥐.', 0.7648163940836984), ([[359, 639], [633, 639], [633, 759], [359, 759]], '으허엉', 0.8232646616709858), ([[645, 1820], [831, 1820], [831, 1973], [645, 1973]], '물질', 0.12468167769604498), ([[961, 1954], [1118, 1954], [1118, 2110], [961, 2110]], '운질', 0.4950342539983787), ([[1055, 2260], [1754, 2260], [1754, 2388], [1055, 2388]], '처음의 당찬모습은', 0.8485942048628536), ([[1001, 2367], [1804, 2367], [1804, 2491], [1001, 2491]], '어디가고 지금은 그저', 0.7536698802557859), ([[958, 2470], [1852, 2470], [1852, 2603], [958, 2603]], '울부짓는 약한 암컷하나', 0.5822726238153193), ([[1165, 2578], [1638, 2578], [1638, 2699], [1165, 2699]], '만이 남앞군', 0.2862852639831444)]
[([[209, 492], [300, 492], [300, 590], [209, 590]], '어', 0.4948982904765309), ([[932, 1940], [1109, 1940], [1109, 2099], [932, 2099]], '움질', 0.3452986251854328), ([[315.237235296059, 326.1609588256649], [580.1444541457598, 229.51953216140316], [622.762764703941, 360.8390411743351], [358.8555458542402, 457.48046783859684]], '싫어넷', 0.3133604167702681), ([[292.4533085497241, 435.191836428179], [794.1004277607897, 261.5037935488559], [825.546691450276, 402.808163571821], [324.8995722392103, 577.4962064511441]], '이장운 싫어넷', 0.5125422460448064), ([[316.9213686284638, 555.2989800051655], [754.1190243946369, 402.84078611818006], [784.0786313715362, 535.7010199948345], [346.8809756053632, 687.1592138818199]], '나오지마있!', 0.35935510632338674), ([[410.1247968603963, 641.6871952905944], [728.0001627536366, 525.4171793038796], [766.8752031396036, 653.3128047094056], [449.9998372463635, 770.5828206961204]], '안되햇]!', 0.16022112281196496), ([[653.3555299396206, 1836.0752763418648], [832.6004398680848, 1819.145860000343], [838.6444700603794, 1980.9247236581352], [658.3995601319152, 1996.854139999657]], '물질', 0.5097155721304846)]
[([[508, 1845], [695, 1845], [695, 2072], [508, 2072]], '콩', 0.7053442322808543), ([[67.71530048070306, 324.05120071967815], [516.0816700978534, 214.10421901528002], [586.284699519297, 648.9487992803219], [137.91832990214667, 758.89578098472]], '뉴델', 0.00459440778283669), ([[814.9740722154296, 259.0169809059729], [1109.4265480070003, 375.2491911929467], [1007.0259277845704, 622.9830190940271], [712.5734519929997, 506.7508088070533]], '(|', 0.03587161824213849)]
[([[424, 227], [665, 227], [665, 336], [424, 336]], '오고곡', 0.9931830167770386), ([[384, 320], [758, 320], [758, 428], [384, 428]], '시 싫어.', 0.8791520822808115), ([[148, 409], [493, 409], [493, 523], [148, 523]], '이제 화쥐', 0.8024680629358634), ([[547, 408], [939, 408], [939, 523], [547, 523]], '낭앞으니까', 0.194970187876026), ([[384, 508], [771, 508], [771, 619], [384, 619]], '용해새쥐...', 0.7960794549114925), ([[1210, 2381], [1711, 2381], [1711, 2503], [1210, 2503]], '무슨 소리야?', 0.97542865380003), ([[1170, 2482], [1752, 2482], [1752, 2610], [1170, 2610]], '이제 시작인데?', 0.9656866585351995)]
[([[387, 239], [757, 239], [757, 416], [387, 416]], '오고곡기', 0.792432427406311), ([[192, 388], [543, 388], [543, 572], [192, 572]], '싫어에', 0.5298209190368652), ([[1048, 2239], [1771, 2239], [1771, 2363], [1048, 2363]], '일단은 알흘 천개만', 0.6208175133860262), ([[1006, 2343], [1437, 2343], [1437, 2465], [1006, 2465]], '낭계해볼까', 0.33225228438708454), ([[1470, 2343], [1809, 2343], [1809, 2465], [1470, 2465]], '리월에서', 0.9695853590965271), ([[1088, 2447], [1725, 2447], [1725, 2573], [1088, 2573]], '잃은 수가 많아서', 0.9813875810783782), ([[1267, 2553], [1557, 2553], [1557, 2677], [1267, 2677]], '말이지.', 0.35268962383270264), ([[536.8914095119835, 380.13127609586763], [957.670825168037, 348.41021710882546], [957.1085904880165, 493.86872390413237], [536.329174831963, 525.5897828911745]], '용서해쥐]', 0.15107598934386723), ([[252.83576850729418, 537.2803036408474], [929.2178581772919, 479.7516326551334], [928.1642314927059, 628.7196963591526], [251.78214182270807, 686.2483673448666]], '용서해주세요옷', 0.6636761966882412)]
[([[768, 202], [1103, 202], [1103, 480], [768, 480]], ')', 0.09017413090003945), ([[337, 420], [906, 420], [906, 799], [337, 799]], '0드', 0.03051937882115721)]
[([[1169, 141], [1867, 141], [1867, 316], [1169, 316]], '피시부 넥베임', 0.06730927584486038), ([[1250, 291], [1794, 291], [1794, 451], [1250, 451]], '(5+|+녹', 6.220269623795277e-05), ([[131, 1539], [259, 1539], [259, 1685], [131, 1685]], '이', 0.9987546508894098), ([[316, 1543], [719, 1543], [719, 1695], [316, 1695]], '작품은', 0.9657623171806335), ([[764, 1534], [1418, 1534], [1418, 1694], [764, 1694]], '피시브에서', 0.715640343709869), ([[1480, 1549], [1869, 1549], [1869, 1688], [1480, 1688]], '무료로', 0.9985139986502128), ([[359, 1716], [880, 1716], [880, 1868], [359, 1868]], '공개중인', 0.9995723366737366), ([[936, 1705], [1618, 1705], [1618, 1874], [936, 1874]], '작품입니다', 0.8766501047058224), ([[257, 1890], [717, 1890], [717, 2040], [257, 2040]], '더 많은', 0.7191786279316873), ([[768, 1893], [1167, 1893], [1167, 2040], [768, 2040]], '작품올', 0.45866549015045166), ([[1218, 1885], [1741, 1885], [1741, 2046], [1218, 2046]], '원하시면', 0.9997882843017578), ([[157, 2064], [675, 2064], [675, 2216], [157, 2216]], '피시브에', 0.9735054969787598), ([[742, 2060], [1263, 2060], [1263, 2220], [742, 2220]], '너네임올', 0.2763718068599701), ([[1306, 2059], [1832, 2059], [1832, 2222], [1306, 2222]], '검색해서', 0.9697787165641785), ([[668, 2240], [1327, 2240], [1327, 2387], [668, 2387]], '구경오세요', 0.9994986922892701)]
