2035431
41
[([[115, 0], [585, 0], [585, 111], [115, 111]], '[-#--:선', 2.4528302073987077e-05), ([[1691, 0], [2037, 0], [2037, 772], [1691, 772]], '푹', 0.9522573701551664), ([[1688, 718], [2037, 718], [2037, 1038], [1688, 1038]], '혼', 0.005381306429521837)]
[([[89, 2620], [914, 2620], [914, 2687], [89, 2687]], '본 작품내에 성적으로 묘사된 모든 인물은', 0.7716146860038923), ([[85, 2701], [1049, 2701], [1049, 2765], [85, 2765]], '19세가 되는 해의 7월 7일흘 맞이한 성인입니다.', 0.5297935474479705)]
[([[1548, 115], [1896, 115], [1896, 170], [1548, 170]], '내일도 오는거조?', 0.7971849812896764), ([[415, 701], [495, 701], [495, 770], [415, 770]], '저', 0.9999992847443906), ([[525, 801], [685, 801], [685, 874], [525, 874]], '저기!!', 0.5690861940383911), ([[581, 1724], [697, 1724], [697, 1779], [581, 1779]], '글쎄?', 0.9994917511940002), ([[710, 2596], [950, 2596], [950, 2657], [710, 2657]], '니 언니한터', 0.7520666659168247), ([[694, 2672], [988, 2672], [988, 2732], [694, 2732]], '물어보지 그래:', 0.5402820916459425)]
[([[68, 48], [233, 48], [233, 129], [68, 129]], '아 씨.', 0.5089803574812078), ([[197, 204], [483, 204], [483, 290], [197, 290]], '알앗어오!', 0.31145408935599256), ([[1505, 1181], [1786, 1181], [1786, 1232], [1505, 1232]], '앞으로는 숙제도', 0.8157158729305379), ([[1530, 1247], [1747, 1247], [1747, 1297], [1530, 1297]], '잘해오고 그', 0.9196723133498431), ([[1823, 1289], [2015, 1289], [2015, 1340], [1823, 1340]], '시키논대로', 0.7050051257562188), ([[1740, 1349], [2022, 1349], [2022, 1405], [1740, 1405]], '열심히 할테니까', 0.963729927969227), ([[1703, 1460], [1923, 1460], [1923, 1513], [1703, 1513]], '이제 무게 좀', 0.7183650750582419), ([[408, 1481], [980, 1481], [980, 1578], [408, 1578]], '제가 잘못햇어요!', 0.6886497170391406), ([[1656, 1532], [1981, 1532], [1981, 1583], [1656, 1583]], '그만 잡자고요. 네?', 0.7456279427172597), ([[1087, 1591], [1316, 1591], [1316, 1647], [1087, 1647]], '진짜 통하네.', 0.9960475180542424), ([[432, 1748], [535, 1748], [535, 1804], [432, 1804]], '금큼', 0.05776023950189048), ([[554, 1751], [672, 1751], [672, 1804], [554, 1804]], '그래?', 0.9999714493751526), ([[1453, 1752], [1735, 1752], [1735, 1816], [1453, 1816]], '열심히 하느건', 0.5344427946222494), ([[508, 1828], [878, 1828], [878, 1890], [508, 1890]], '표정에서 진정성이', 0.8189962319336452), ([[1452, 1826], [1686, 1826], [1686, 1893], [1452, 1893]], '당연한거고.', 0.7689870871726417), ([[595, 1903], [875, 1903], [875, 1964], [595, 1964]], '안느껴지논데.', 0.9214697230480248), ([[73, 2632], [533, 2632], [533, 2693], [73, 2693]], '이 이정도면 뒷장아요', 0.19136355095841384), ([[1561, 2681], [1926, 2681], [1926, 2745], [1561, 2745]], '더 할말 있지않아?', 0.5276661574415209), ([[73, 2713], [389, 2713], [389, 2774], [73, 2774]], '여기서 더 뭐릎 .', 0.6288567963623666), ([[1108.243176992231, 624.0260663873472], [1234.9826388442407, 711.3822265650115], [1179.756823007769, 790.9739336126528], [1053.0173611557593, 703.6177734349885]], '비사', 0.09131061566650632), ([[1939.2272658660008, 792.0271752972103], [2065.9821976126855, 877.3744317815559], [2012.7727341339992, 955.9728247027897], [1886.0178023873145, 869.6255682184441]], '마관', 0.02255320458347929)]
[([[1123, 276], [1270, 276], [1270, 338], [1123, 338]], '체벌은:', 0.5818774700164795), ([[1662, 1048], [1991, 1048], [1991, 1109], [1662, 1109]], '더 생각해불게요', 0.25665977544860347), ([[118, 1781], [464, 1781], [464, 1843], [118, 1843]], '저번 수능 전과목', 0.9951141762951573), ([[814, 1779], [1211, 1779], [1211, 1841], [814, 1841]], '물론 맞울지 말지논', 0.464056889644454), ([[119, 1859], [415, 1859], [415, 1916], [119, 1916]], '오답개수 32개.', 0.5218966542235977), ([[814, 1855], [1170, 1855], [1170, 1919], [814, 1919]], '전부 네 선택이야:', 0.6276790446858128), ([[1615, 1828], [1796, 1828], [1796, 1890], [1615, 1890]], '결정하면', 0.99992835521698), ([[1633, 1905], [1769, 1905], [1769, 1967], [1633, 1967]], '연락해', 0.9995907747051463), ([[288, 1955], [681, 1955], [681, 2008], [288, 2008]], '이번 모의고사 46개', 0.9993042985905242), ([[967, 2620], [1409, 2620], [1409, 2689], [967, 2689]], '아무도 강요하지 않아:', 0.9975680978889102), ([[452, 2673], [663, 2673], [663, 2728], [452, 2728]], '총 24대야', 0.9977134652501195), ([[1077, 2717], [1431, 2717], [1431, 2779], [1077, 2779]], '이제 성인이잡아?', 0.42707780535030765), ([[1652, 2714], [1974, 2714], [1974, 2789], [1652, 2789]], '아. 아무튼]!', 0.5357249360983648)]
[([[221, 57], [532, 57], [532, 136], [221, 136]], '언니한테는', 0.48421005665670147), ([[249, 188], [709, 188], [709, 272], [249, 272]], '걱정하지 말라고', 0.9973436031745911), ([[376, 295], [573, 295], [573, 372], [376, 372]], '해주요', 0.5795391416626979)]
[([[1563, 1120], [1757, 1120], [1757, 1350], [1563, 1350]], '1)', 0.6776117329247974), ([[161, 2290], [360, 2290], [360, 2383], [161, 2383]], '하나!!', 0.758010983467102), ([[208, 2516], [653, 2516], [653, 2615], [208, 2615]], '훈육해주서서', 0.9621865103653969), ([[208, 2644], [629, 2644], [629, 2744], [208, 2744]], '감사합니다!!', 0.5664142580333198), ([[1204.4810637816238, 1879.0890421438025], [1271.6012078981335, 1814.0139094003152], [1423.5189362183762, 1989.9109578561975], [1355.3987921018665, 2055.9860905996848]], ':', 0.04706334533784684), ([[1798.6935168224957, 2427.0658165427076], [1880.642777198485, 2376.015900590603], [1979.3064831775043, 2551.9341834572924], [1898.357222801515, 2603.984099409397]], '알', 0.846711748785939)]
[([[1645, 1371], [2022, 1371], [2022, 1448], [1645, 1448]], '훈육해주서서.', 0.9642038088724942), ([[73, 2571], [520, 2571], [520, 2716], [73, 2716]], '두  둘!', 0.46634519506897626), ([[1017.1030593474977, 2308.0098121806463], [1479.7083056688482, 2540.1180076227397], [1317.8969406525023, 2846.9901878193537], [856.2916943311519, 2614.8819923772603]], '0,', 0.044679683955670096)]
[([[72, 301], [211, 301], [211, 485], [72, 485]], '7', 0.8955218757404424), ([[1661, 1364], [1812, 1364], [1812, 1461], [1661, 1461]], '아', 0.9999305021917202), ([[1383, 1907], [1521, 1907], [1521, 1969], [1383, 1969]], '최주연', 0.9990164793810199), ([[163, 2652], [398, 2652], [398, 2714], [163, 2714]], '감사합니다:', 0.9394034671126048), ([[1617, 2789], [1985, 2789], [1985, 2851], [1617, 2851]], '지금 기분이 어때?', 0.7718587289291164), ([[521.1579195434566, 875.0114391992028], [733.4533248153293, 811.3215401610646], [863.8420804565434, 1304.9885608007971], [652.5466751846707, 1368.6784598389354]], '7', 0.993433799358229)]
[([[36, 45], [327, 45], [327, 100], [36, 100]], '기  기분이요.?', 0.4591543817296169), ([[1293, 337], [1667, 337], [1667, 398], [1293, 398]], '이렇게 벌받으니까', 0.6045649360461233), ([[1391, 414], [1570, 414], [1570, 469], [1391, 469]], '어떠나고', 0.9997930526733398), ([[880, 556], [1002, 556], [1002, 728], [880, 728]], '팩', 0.7533876306879392), ([[89, 1362], [281, 1362], [281, 1424], [89, 1424]], '긴장되요.', 0.5961142399542927), ([[160, 1472], [456, 1472], [456, 1529], [160, 1529]], '잘못한거 끝고.', 0.34597280094599037), ([[1851, 1630], [1971, 1630], [1971, 1685], [1851, 1685]], '아으', 0.9968069326513543), ([[1052, 1729], [1352, 1729], [1352, 1789], [1052, 1789]], '부  부끄러워요', 0.769262084958959), ([[1849, 1710], [1977, 1710], [1977, 1772], [1849, 1772]], '저기 .', 0.3787548542022705), ([[44, 2244], [189, 2244], [189, 2408], [44, 2408]], '방금', 0.9202409923739244), ([[547, 2682], [631, 2682], [631, 2735], [547, 2735]], '또?', 0.9999778308296584), ([[1827, 2680], [1970, 2680], [1970, 2735], [1827, 2735]], '이거 꼭', 0.9993418909212237), ([[1327, 2748], [1640, 2748], [1640, 2810], [1327, 2810]], '왜 부끄러운데?', 0.9959036651228818), ([[1827, 2752], [2015, 2752], [2015, 2807], [1827, 2807]], '말로 해야', 0.9994708610319756), ([[1827, 2826], [1957, 2826], [1957, 2877], [1827, 2877]], '되요  ?', 0.259743433529947), ([[1019.9000283544592, 2098.040385620645], [1192.7103476312147, 2135.9150704333374], [1160.0999716455408, 2263.959614379355], [987.2896523687854, 2227.0849295666626]], '문', 0.177547126096389), ([[498.3854229763221, 2422.015748038281], [656.5467509800254, 2556.733114356871], [586.614577023678, 2640.984251961719], [428.45324901997463, 2505.266885643129]], ';-저"', 0.010301817208528519), ([[1509.8495525167289, 2484.0441827174764], [1685.5966917492897, 2516.6651777077172], [1657.1504474832711, 2643.9558172825236], [1482.4033082507103, 2611.3348222922828]], '모델', 0.046016510029983984)]
[([[973, 17], [1260, 17], [1260, 297], [973, 297]], '씨', 0.4083444603274735), ([[1521, 1228], [1799, 1228], [1799, 1475], [1521, 1475]], '/', 0.6778605848025023), ([[1806, 1627], [1941, 1627], [1941, 1712], [1806, 1712]], '너무', 0.9999398991230192), ([[1746, 1737], [2001, 1737], [2001, 1815], [1746, 1815]], '부끄럽고', 0.6608972465380194), ([[338, 1636], [653, 1636], [653, 2012], [338, 2012]], '%3', 0.0117977161426431), ([[244, 1976], [480, 1976], [480, 2100], [244, 2100]], '다시!', 0.7608189772649564), ([[17, 2139], [398, 2139], [398, 2223], [17, 2223]], '왜 부끄럽지?', 0.8926288412154304), ([[107, 2353], [407, 2353], [407, 2421], [107, 2421]], '팬 괜티 벗고', 0.3147136545252653), ([[69, 2447], [459, 2447], [459, 2516], [69, 2516]], '알몸으로 엉덩이', 0.8720272356323431), ([[1261, 2413], [1517, 2413], [1517, 2497], [1261, 2497]], '처음보는', 0.9404689073562622), ([[127, 2539], [313, 2539], [313, 2608], [127, 2608]], '맞아서.', 0.9594975113868713), ([[992, 2519], [1528, 2519], [1528, 2603], [992, 2603]], '여자애한터 보보지', 0.8086601572471662), ([[915, 2641], [1306, 2641], [1306, 2730], [915, 2730]], '다 보여주면서', 0.9988679230437036), ([[83, 2571], [475, 2571], [475, 2873], [83, 2873]], '', 0.0), ([[912, 2747], [1381, 2747], [1381, 2839], [912, 2839]], '벌받아서 으응!', 0.5070254780863213), ([[1570, 2735], [2020, 2735], [2020, 2824], [1570, 2824]], '수치스러워요!!', 0.6255397011473899), ([[1585.923169135714, -70.98187666929071], [2094.6438441282535, 22.782906258298773], [2031.076830864286, 289.9818766692907], [1521.3561558717465, 195.21709374170123]], '@다', 0.06011721570762388), ([[30.48714644483792, 1901.4665807565787], [141.28982357952873, 1877.4154862310752], [151.51285355516208, 1940.5334192434213], [40.71017642047128, 1964.5845137689248]], '출', 0.08291172366058674), ([[1432.0402611047566, 2052.015885363652], [1649.260514165158, 2152.696122733807], [1527.9597388952434, 2411.984114636348], [1310.739485834842, 2311.303877266193]], '씨금', 0.03266158384471578)]
[([[726, 96], [1096, 96], [1096, 158], [726, 158]], '인간의 집중력에는', 0.8289841600067679), ([[722, 172], [979, 172], [979, 238], [722, 238]], '한계가 잇지:', 0.44064369199117703), ([[1003, 247], [1420, 247], [1420, 308], [1003, 308]], '대체로 하루에 7시간:', 0.460139872977667), ([[1003, 332], [1422, 332], [1422, 394], [1003, 394]], '정말 많아차야 5시간:', 0.277410528614866), ([[1553, 1042], [1950, 1042], [1950, 1099], [1553, 1099]], '그렇다면 그 한계흘', 0.2641650777183178), ([[227, 1058], [481, 1058], [481, 1160], [227, 1160]], "수치심'", 0.9997056722640991), ([[1556, 1117], [1926, 1117], [1926, 1179], [1556, 1179]], '넘어서기 위해서는', 0.6750947460483575), ([[1554, 1192], [1908, 1192], [1908, 1256], [1554, 1256]], '어떻게 해야월까?', 0.6751150414938026), ([[926, 1372], [1258, 1372], [1258, 1436], [926, 1436]], '체벌올 하느것은', 0.43357548416813346), ([[980, 1486], [1463, 1486], [1463, 1548], [980, 1548]], '단순히 분풀이틀 하거나,', 0.5118833961310573), ([[980, 1563], [1467, 1563], [1467, 1624], [980, 1624]], '벌흘 주기위해서가 아냐:', 0.40952452435961656), ([[119, 1778], [172, 1778], [172, 1862], [119, 1862]], '멍', 0.2234407818239248), ([[1592, 2445], [1861, 2445], [1861, 2511], [1592, 2511]], '목적은 바로', 0.9989547743991336), ([[1457, 2528], [1931, 2528], [1931, 2594], [1457, 2594]], '공포와 수치심올 통해', 0.9306684175691649), ([[1282, 2645], [1872, 2645], [1872, 2711], [1282, 2711]], "'스스로트 통제하는 인간'올", 0.46656876039984535), ([[1383, 2733], [1760, 2733], [1760, 2797], [1383, 2797]], '만드는데에 있어:', 0.7624427731830634)]
[([[557, 44], [898, 44], [898, 113], [557, 113]], '늘상 불안하고', 0.6206544875780738), ([[557, 134], [781, 134], [781, 203], [557, 203]], '초조하고', 0.9979448914527893), ([[613, 240], [1001, 240], [1001, 308], [613, 308]], '자신의 자존감이', 0.6734634762613989), ([[615, 330], [1186, 330], [1186, 398], [615, 398]], '위협받음올 느끼는 인간.', 0.8365407316566155), ([[93, 1746], [552, 1746], [552, 1826], [93, 1826]], '그저 누가 시켜서', 0.9309589746402055), ([[92, 1845], [787, 1845], [787, 1931], [92, 1931]], '공부하는척 하고있올 뿐인', 0.6506351712909768), ([[90, 1953], [593, 1953], [593, 2033], [90, 2033]], '버러지들과는 달라', 0.8106440383861682), ([[1511, 2218], [1910, 2218], [1910, 2302], [1511, 2302]], '오직 그들만이', 0.8794112857597224), ([[1511, 2326], [1973, 2326], [1973, 2410], [1511, 2410]], '한계름 뛰어넘는', 0.4479762863143949), ([[1515, 2437], [1986, 2437], [1986, 2514], [1515, 2514]], '모습올 보여주지.', 0.9469773825508492), ([[258.02325660469876, 109.15116793054197], [331.71713837800803, 51.019795358054324], [432.97674339530124, 199.848832069458], [360.28286162199197, 257.98020464194565]], '올', 0.9573463238941713)]
[([[767, 88], [865, 88], [865, 141], [767, 141]], '우울', 0.5684320715441722), ([[1612, 127], [1913, 127], [1913, 189], [1612, 189]], '너무 무리수 옆', 0.6924340622976948), ([[767, 164], [946, 164], [946, 220], [767, 220]], '오글거려', 0.6746009797836179), ([[1410, 1104], [1631, 1104], [1631, 1188], [1410, 1188]], '저 저도', 0.9859673976898193), ([[758, 1249], [1086, 1249], [1086, 1306], [758, 1306]], '아무리 바보라도', 0.7629828853165812), ([[1516, 1214], [1897, 1214], [1897, 1298], [1516, 1298]], '그렇게 월 수', 0.6383871948321117), ([[760, 1324], [898, 1324], [898, 1384], [760, 1384]], '이거는', 0.19399601158367882), ([[1599, 1329], [1834, 1329], [1834, 1415], [1599, 1415]], '있나요?', 0.7609338760375977), ([[1895.3018543169903, 2350.131867628738], [1958.7036839198768, 2304.0225308499225], [2042.6981456830097, 2435.868132371262], [1980.2963160801232, 2481.9774691500775]], '셋', 0.004295158682694533)]
[([[622, 748], [965, 748], [965, 812], [622, 812]], '운종게 잘 찍어서', 0.6200890211035063), ([[580, 827], [968, 827], [968, 889], [580, 889]], '점수 몇점 오른거로', 0.8994193407131057), ([[733, 908], [972, 908], [972, 970], [733, 970]], '자만하지마:', 0.6123689748359883), ([[65, 1354], [497, 1354], [497, 1419], [65, 1419]], '니가 아무리 잘나방자', 0.6152202468802579), ([[71, 1430], [455, 1430], [455, 1494], [71, 1494]], '년 나랑 과외하면서', 0.9617214226500046), ([[69, 1506], [443, 1506], [443, 1568], [69, 1568]], '수능치기 전까지는', 0.7916777174874654), ([[159, 1606], [648, 1606], [648, 1667], [159, 1667]], '보지랑 동꾸멍 다 내농고', 0.4647980338976676), ([[154, 1682], [693, 1682], [693, 1746], [154, 1746]], '지금처럼 십물 질질 짜면서', 0.6009015995122096), ([[157, 1754], [560, 1754], [560, 1816], [157, 1816]], '벌받아야돼. 알앞어?', 0.5615790910322497), ([[707, 1906], [760, 1906], [760, 1959], [707, 1959]], '응', 0.9994725684580921), ([[794, 1908], [946, 1908], [946, 1961], [794, 1961]], '네에 셈', 0.3697678955087982)]
[([[127, 113], [601, 113], [601, 217], [127, 217]], '움직이지마!!!', 0.39152768094069873), ([[844, 1071], [1358, 1071], [1358, 1149], [844, 1149]], '다다 당장 문열고', 0.3146108738762666), ([[1087, 1175], [1362, 1175], [1362, 1250], [1087, 1250]], '보내취요!', 0.7364431919081932), ([[42, 1385], [411, 1385], [411, 1478], [42, 1478]], '우움직이지', 0.9653230265578141), ([[51, 1504], [475, 1504], [475, 1593], [51, 1593]], '말라고 햇조!', 0.6374086663783549), ([[464, 2215], [1200, 2215], [1200, 2312], [464, 2312]], '뭐 하기만 해화! 진짜 .!!', 0.7465869780334551), ([[123, 2461], [335, 2461], [335, 2655], [123, 2655]], '기', 0.08191053487452393), ([[1464, 2388], [1991, 2388], [1991, 2755], [1464, 2755]], '와', 0.08562683255860382), ([[540.8503320980383, 800.4856974058804], [610.0851143389608, 747.45552003047], [636.1496679019617, 788.5143025941196], [566.9148856610392, 841.54447996953]], '11 2', 0.5900944573843548), ([[1692.8461538461538, 1925.2307692307693], [1745.3748673995851, 1881.3335904977746], [1762.1538461538462, 1906.7692307692307], [1709.6251326004149, 1950.6664095022254]], ';"~', 0.05699242300679338), ([[253.39207453344477, 2231.4370161469897], [354.5777087639997, 2156.8445824720006], [388.60792546655523, 2217.5629838530103], [287.4222912360003, 2291.1554175279994]], '11 2', 0.7067925333976746), ([[1153.8903032726073, 2568.0280047976244], [1308.9151927598607, 2525.810132265309], [1373.1096967273927, 2809.9719952023756], [1218.0848072401393, 2851.189867734691]], '집', 0.006576992787881375)]
[([[749, 28], [978, 28], [978, 137], [749, 137]], '히익!!', 0.24173493683338165), ([[100, 1477], [306, 1477], [306, 1539], [100, 1539]], '말햇없지?', 0.618524369760284), ([[154, 1590], [542, 1590], [542, 1652], [154, 1652]], '선택은 네 묶이라고', 0.834127718887004), ([[1720, 1855], [1917, 1855], [1917, 1917], [1720, 1917]], '갈려면 가', 0.8957928227753752), ([[1811, 2731], [1951, 2731], [1951, 2819], [1811, 2819]], '단  .!', 0.2871103015955281), ([[1715.9578792406196, 272.8283947090534], [1821.6533720222671, 248.21237160978254], [1832.0421207593804, 300.1716052909466], [1726.3466279777329, 325.78762839021744]], "'305", 0.5346006751060486), ([[717.1365308911342, 2516.0339423174037], [856.9213178062844, 2579.686676972662], [815.8634691088658, 2664.9660576825963], [677.0786821937156, 2601.313323027338]], '가', 0.11842614026704723)]
[([[38, 33], [443, 33], [443, 117], [38, 117]], '지금 도망가면', 0.9995905929436135), ([[92, 166], [709, 166], [709, 250], [92, 250]], '네가 맞아야할 24대는', 0.9097627399596021), ([[97, 291], [748, 291], [748, 370], [97, 370]], '최주연이 대신 맞는거야', 0.6863181612928825), ([[820, 1538], [959, 1538], [959, 1598], [820, 1598]], '최주연', 0.9989939076219997), ([[1634, 1539], [1927, 1539], [1927, 1612], [1634, 1612]], '누위서 보지', 0.983587594108255), ([[1636, 1634], [1927, 1634], [1927, 1707], [1636, 1707]], '벌리고 있어', 0.8038762590335434), ([[1125, 2450], [1219, 2450], [1219, 2499], [1125, 2499]], '네. .?', 0.1506226436149559), ([[1555, 2705], [1853, 2705], [1853, 2778], [1555, 2778]], '때리기 쫓게', 0.3060228186287929)]
[([[122.59367489213074, 2079.124579395932], [170.5909734841225, 2039.0218579643463], [254.40632510786926, 2150.875420604068], [206.4090265158775, 2189.9781420356535]], '콩', 0.101246948707999)]
[([[199, 491], [543, 491], [543, 829], [199, 829]], '6', 0.47259961983323606)]
[([[87, 1640], [393, 1640], [393, 1748], [87, 1748]], '일어나!!', 0.6990636386476056), ([[695, 1676], [916, 1676], [916, 1768], [695, 1768]], '맞고만', 0.9987836081757072), ([[661, 1788], [1003, 1788], [1003, 1881], [661, 1881]], "있'거야:?", 0.26937729362627116), ([[289, 2638], [403, 2638], [403, 2702], [289, 2702]], '어.?', 0.3703388376182734), ([[1090, 2703], [1254, 2703], [1254, 2802], [1090, 2802]], '같이', 0.999586648736024), ([[1281, 2703], [1673, 2703], [1673, 2804], [1281, 2804]], '도망가자 !!', 0.9987129978760225)]
[([[1578, 1287], [1888, 1287], [1888, 1384], [1578, 1384]], '건들지마', 0.996137261390686), ([[1295, 2560], [1930, 2560], [1930, 2699], [1295, 2699]], '버러지주제에', 0.8782117132410637)]
[([[852, 2478], [889, 2478], [889, 2514], [852, 2514]], '빼', 0.32127196789453194), ([[123.99003946047058, 148.0964103888941], [235.688154813236, 47.011278196302186], [426.0099605395294, 293.90358961110593], [314.311845186764, 393.98872180369784]], '%', 0.4647733093890203)]
[([[401, 1392], [941, 1392], [941, 1613], [401, 1613]], '아아아악', 0.7069767117500305), ([[1850, 1589], [1903, 1589], [1903, 1637], [1850, 1637]], '아', 0.9999282372952081), ([[1746, 2702], [1853, 2702], [1853, 2755], [1746, 2755]], '아냐', 0.99987179169416), ([[794.7899853160491, 852.0236240908556], [1071.606874872902, 910.0916936948732], [1009.2100146839509, 1169.9763759091445], [732.393125127098, 1112.9083063051266]], '시시', 0.4731680543804904)]
[([[815, 192], [1243, 192], [1243, 273], [815, 273]], '내 탓이 아니야', 0.6582307347655763), ([[1390, 643], [1500, 643], [1500, 758], [1390, 758]], '허', 0.4854274849539628), ([[1687, 828], [1797, 828], [1797, 951], [1687, 951]], '허', 0.7541865362983948), ([[1553, 1598], [1589, 1598], [1589, 1614], [1553, 1614]], '1736', 0.6239641839423926), ([[1882, 1630], [1911, 1630], [1911, 1645], [1882, 1645]], '423', 0.9569285582831077), ([[1549, 1637], [1576, 1637], [1576, 1654], [1549, 1654]], '전화', 0.9411912507100587), ([[1738, 1797], [1778, 1797], [1778, 1845], [1738, 1845]], '2', 0.7269407811021741), ([[1672, 1944], [1696, 1944], [1696, 1975], [1672, 1975]], '2', 1.0), ([[1784, 1957], [1808, 1957], [1808, 1988], [1784, 1988]], '3', 0.9999997615814351), ([[1660, 2018], [1685, 2018], [1685, 2051], [1660, 2051]], '5', 0.9999997615814351), ([[1775, 2036], [1799, 2036], [1799, 2067], [1775, 2067]], '6', 0.9999938011265499), ([[1768, 2068], [1795, 2068], [1795, 2099], [1768, 2099]], '5', 0.31992221429436896), ([[1649, 2095], [1676, 2095], [1676, 2128], [1649, 2128]], '8', 0.9999978542339392), ([[1764, 2110], [1788, 2110], [1788, 2141], [1764, 2141]], '9', 0.9441134704325314), ([[773, 2452], [864, 2452], [864, 2545], [773, 2545]], '국', 0.8277208434763885), ([[890, 2508], [979, 2508], [979, 2601], [890, 2601]], '곡', 0.4206837926513032), ([[1631.9632031319513, 1778.090257852122], [1736.7029719510538, 1793.1355668621554], [1727.0367968680487, 1846.909742147878], [1621.2970280489462, 1830.8644331378446]], '1 1', 0.32887762504894613), ([[1552.522302683526, 2005.038276637862], [1576.4730391901082, 2009.3865433723888], [1566.477697316474, 2072.961723362138], [1542.5269608098918, 2069.6134566276114]], '4', 1.0), ([[1537.6411493522646, 2071.0215396237954], [1565.2414088329035, 2074.268900567612], [1555.3588506477354, 2159.9784603762046], [1527.7585911670965, 2156.731099432388]], "'", 0.8527795949355301)]
[([[86, 498], [687, 498], [687, 624], [86, 624]], '버러지주제에', 0.9634000993889501), ([[1619.132107282267, 1196.0269272444996], [1780.9070828666406, 1277.389706194389], [1725.867892717733, 1384.9730727555004], [1563.0929171333594, 1302.610293805611]], '-', 0.08123639685551609)]
[([[1475, 328], [1728, 328], [1728, 389], [1475, 389]], '부모님이요 .', 0.6331599760708786), ([[1599, 431], [1872, 431], [1872, 495], [1599, 495]], '이혼하여어요', 0.3182644616459365), ([[563, 718], [809, 718], [809, 775], [563, 775]], '어떤 이유로', 0.7232818119510546), ([[1363, 721], [1672, 721], [1672, 786], [1363, 786]], '하아 . 아까부터', 0.6602948158925226), ([[1537, 1787], [1939, 1787], [1939, 1844], [1537, 1844]], '왜 이리 캐물으실까.', 0.5627504239599186), ([[1554, 2618], [1926, 2618], [1926, 2680], [1554, 2680]], '이런거 아무한테도', 0.657452811696995), ([[1556, 2695], [1928, 2695], [1928, 2759], [1556, 2759]], '말 안하는데 진짜 ', 0.6205901967090927), ([[1449.8259093868576, 1950.076911340117], [1564.1351189437692, 1967.1503454998235], [1551.1740906131424, 2043.923088659883], [1435.8648810562308, 2027.8496545001765]], '꿀거', 0.017837105277094367), ([[386.83024238924725, 2340.098430096559], [432.67643112174915, 2318.0327594459836], [473.16975761075275, 2412.901569903441], [427.32356887825085, 2434.9672405540164]], '쪽', 0.8970040242743984), ([[1339.8972608519762, 2386.067812901007], [1461.3657925917987, 2407.6813384759807], [1445.1027391480238, 2484.932187098993], [1323.6342074082013, 2462.3186615240193]], '국개', 0.00918336012463949)]
[([[98, 118], [797, 118], [797, 182], [98, 182]], '뭐  이혼하는데 이유가 하나켓어요?', 0.5453546766988936), ([[98, 195], [482, 195], [482, 259], [98, 259]], '수만가지는 되켓조', 0.1591495888032666), ([[1678, 612], [1893, 612], [1893, 667], [1678, 667]], '소혜는.. 좀', 0.5489029988313491), ([[465, 1218], [945, 1218], [945, 1280], [465, 1280]], '그거듭 당사자들 말고는', 0.3976771677631185), ([[571, 1290], [943, 1290], [943, 1352], [571, 1352]], '아무도 모르는건데', 0.8597511591524248), ([[491, 1776], [529, 1776], [529, 1792], [491, 1792]], '4733', 0.18153168261051178), ([[88, 1904], [512, 1904], [512, 1977], [88, 1977]], '그런말 있장아요', 0.6165162237030446), ([[681, 1919], [791, 1919], [791, 1988], [681, 1988]], '언니', 0.9999111555993343), ([[886, 2065], [913, 2065], [913, 2096], [886, 2096]], '3', 0.7952956693570156), ([[763, 2079], [789, 2079], [789, 2117], [763, 2117]], '2', 0.9999992847443906), ([[899, 2105], [921, 2105], [921, 2125], [899, 2125]], '~', 0.6438435486452398), ([[785, 2155], [812, 2155], [812, 2189], [785, 2189]], '5', 0.9999992847443906), ([[799, 2196], [823, 2196], [823, 2225], [799, 2225]], '유', 0.007553900141705816), ([[931, 2218], [960, 2218], [960, 2254], [931, 2254]], '9', 0.9454359349940739), ([[945, 2259], [974, 2259], [974, 2290], [945, 2290]], '5', 0.10904450961235401), ([[872, 2433], [896, 2433], [896, 2449], [872, 2449]], '개', 0.0038847135951842887), ([[881, 2532], [905, 2532], [905, 2548], [881, 2548]], ':?', 0.02929039093072327), ([[1328, 2567], [1887, 2567], [1887, 2648], [1328, 2648]], '애들은 부모가 싸우면', 0.9869571244295207), ([[1335, 2669], [1900, 2669], [1900, 2746], [1335, 2746]], '다 자기탓인줄 안다고.', 0.7798415146534164), ([[906.5146749188006, 2143.0395170046836], [933.3964911602731, 2136.0263162979522], [951.4853250811994, 2209.9604829953164], [924.6035088397269, 2216.9736837020478]], '6', 0.9999918937847383), ([[656.5223026835262, 2173.038276637862], [681.3964911602731, 2167.0263162979522], [699.4776973164738, 2240.961723362138], [674.6035088397269, 2247.9736837020478]], '4', 0.999999046325911), ([[674.3917712629842, 2254.0465132093977], [702.4901062880106, 2246.0301390671143], [722.6082287370158, 2326.9534867906023], [695.5098937119894, 2334.9698609328857]], "'", 0.8810948404676857)]
[([[1090, 219], [1319, 219], [1319, 507], [1090, 507]], '개', 0.021679292288295793), ([[662, 2386], [939, 2386], [939, 2485], [662, 2485]], '으응 !', 0.543548583984375), ([[1267.2968374460654, 473.0622896979661], [1324.9982190560115, 503.88065017743247], [1307.7031625539346, 536.9377103020339], [1250.0017809439885, 506.11934982256753]], '0 0', 0.8122217655181885), ([[1654.0733336774513, 2567.018675200793], [1920.6432185083759, 2682.964574919299], [1837.9266663225487, 2860.981324799207], [1572.3567814916241, 2745.035425080701]], '0101', 0.11148743331432343)]
[([[675, 250], [925, 250], [925, 336], [675, 336]], '나머지는', 0.6665874719619751), ([[986, 369], [1358, 369], [1358, 444], [986, 444]], '제가 맞울게요', 0.713842711108433)]
[]
[([[1238, 88], [1392, 88], [1392, 145], [1238, 145]], '민소혜!', 0.6234138011932373), ([[983, 256], [1073, 256], [1073, 378], [983, 378]], '깜', 0.016788502642811842), ([[1777, 847], [1915, 847], [1915, 909], [1777, 909]], '벽짚고', 0.16157913743814892), ([[1646, 926], [1928, 926], [1928, 988], [1646, 988]], '엉덩이 내밀어', 0.9409204801932854), ([[914, 1103], [1023, 1103], [1023, 1180], [914, 1180]], '웃  !', 0.22603302610172823), ([[348, 1224], [465, 1224], [465, 1312], [348, 1312]], '어색', 0.14997835595608427), ([[1019, 1212], [1352, 1212], [1352, 1298], [1019, 1298]], '더 낮취 더!', 0.8529478899734987), ([[1210, 1549], [1373, 1549], [1373, 1618], [1210, 1618]], '엉덩이', 0.9997441111203915), ([[1142, 1646], [1382, 1646], [1382, 1712], [1142, 1712]], '뒤로 빼고', 0.6135338917021673), ([[897, 2247], [1154, 2247], [1154, 2315], [897, 2315]], '다리 짝펴!', 0.6196106539667836), ([[870, 2377], [983, 2377], [983, 2444], [870, 2444]], '발은', 0.9937719240330531), ([[761, 2471], [1110, 2471], [1110, 2544], [761, 2544]], '어깨간격으로!', 0.7299510695146456)]
[([[1230, 139], [1620, 139], [1620, 203], [1230, 203]], '최주연이 아까 74대', 0.68787836925696), ([[1230, 217], [1615, 217], [1615, 279], [1230, 279]], '대신 맞아주으니까:', 0.3393278084815001), ([[1426, 960], [1958, 960], [1958, 1022], [1426, 1022]], '소혜는 이번에 시험 망친거', 0.5537887593859906), ([[1426, 1036], [1996, 1036], [1996, 1098], [1426, 1098]], '딱 10대만 맞는거야: 알앗지?', 0.4297993884581911), ([[1361, 1534], [1473, 1534], [1473, 1649], [1361, 1649]], '땅', 0.3896409517947177)]
[([[899, 35], [1118, 35], [1118, 128], [899, 128]], '최주연', 0.9988357007777386), ([[1522, 1331], [2003, 1331], [2003, 1429], [1522, 1429]], '니가 대신 때려', 0.9392815140492667), ([[504, 2142], [579, 2142], [579, 2220], [504, 2220]], '토', 0.05379324720708212), ([[1257, 2143], [1494, 2143], [1494, 2203], [1257, 2203]], '제  제가요!?', 0.5509603446433401), ([[1635, 2764], [1998, 2764], [1998, 2833], [1635, 2833]], '짜증나지 않아?', 0.8007583375495738)]
[([[118, 112], [461, 112], [461, 178], [118, 178]], '얼굴도 예쁘고', 0.986494647164776), ([[1534, 105], [1782, 105], [1782, 167], [1534, 167]], '한번 보여쥐', 0.9859494365595615), ([[115, 203], [644, 203], [644, 282], [115, 282]], '몸매도 종은 여자애가', 0.7458414704604693), ([[1552, 202], [1937, 202], [1937, 263], [1552, 263]], '년 저런 버러지들과', 0.9241590779000497), ([[1696, 277], [1927, 277], [1927, 334], [1696, 334]], '다르다는거', 0.6073261345262588), ([[304, 315], [998, 315], [998, 388], [304, 388]], '알지도 못하면서 동정하느거.', 0.6437485922769659), ([[1508, 1393], [1863, 1393], [1863, 1470], [1508, 1470]], '진짜 공부활줄', 0.46544286658147704), ([[1506, 1490], [1990, 1490], [1990, 1565], [1506, 1565]], '아는 사람이라는거', 0.5253852151784649), ([[153, 1665], [404, 1665], [404, 1905], [153, 1905]], '@', 0.03503789114275713), ([[666, 2074], [1239, 2074], [1239, 2182], [666, 2182]], '년 그럴 자격이', 0.882918006655325), ([[1270, 2075], [1445, 2075], [1445, 2179], [1270, 2179]], '있어', 0.9147066406095685), ([[1566, 2349], [1905, 2349], [1905, 2677], [1566, 2677]], '그', 0.9947075720728584), ([[1798.2534261467808, 487.02536435767956], [1876.9270384803583, 460.0391332616469], [1936.7465738532192, 655.9746356423204], [1858.0729615196417, 682.960866738353]], '학', 0.1656612068169574)]
[([[1212, 2094], [1402, 2094], [1402, 2156], [1212, 2156]], '나머지는.', 0.42071399033232176), ([[1450, 2182], [1742, 2182], [1742, 2243], [1450, 2243]], '제가 맞울게요', 0.9162802019918395)]
[([[175, 220], [367, 220], [367, 508], [175, 508]], '짝', 0.2086693837529907)]
[([[1737, 400], [1962, 400], [1962, 618], [1737, 618]], '값부', 0.02620371392865758), ([[1756, 809], [1891, 809], [1891, 930], [1756, 930]], '곳.', 0.5068858736198599), ([[942, 1739], [1547, 1739], [1547, 2207], [942, 2207]], '뼈의', 0.07402016960475363), ([[1717, 2407], [2037, 2407], [2037, 2816], [1717, 2816]], '퍽', 0.4248890543878794), ([[1099.992932922968, 690.0123699648009], [1460.4730895533503, 861.9150912898126], [1305.007067077032, 1178.9876300351991], [943.5269104466497, 1007.0849087101874]], '뼈', 0.09174452020318213)]
[([[1068, 1791], [1241, 1791], [1241, 1970], [1068, 1970]], '@', 0.009244540899802312)]
[([[1724, 605], [1898, 605], [1898, 764], [1724, 764]], '벼적', 0.0011770915647900937), ([[642, 1227], [763, 1227], [763, 1407], [642, 1407]], '운', 0.09709842297432747), ([[1108, 1400], [1259, 1400], [1259, 1502], [1108, 1502]], '신시', 0.09699440630901575), ([[878, 1762], [1036, 1762], [1036, 1859], [878, 1859]], '다시', 0.999985754394923), ([[976.0216952074472, 102.03193667394248], [1148.3117709199153, 159.50853997726063], [1102.9783047925528, 284.9680633260575], [931.6882290800846, 227.49146002273937]], '버석', 0.027184894401640763)]
[([[99, 207], [770, 207], [770, 311], [99, 311]], '엉덩이 만젊으니까', 0.7592957595611822), ([[1259, 1455], [1685, 1455], [1685, 1591], [1259, 1591]], '처음부터', 0.966982765866962), ([[1721, 1456], [1973, 1456], [1973, 1590], [1721, 1590]], '다시!', 0.5171113512713553), ([[308.15730581334964, 504.01691475240625], [529.9950753034916, 646.5452330259171], [432.84269418665036, 794.9830852475937], [211.0049246965084, 653.4547669740829]], '기', 0.001989380870717705), ([[1357.9513950274218, 1249.0459033126094], [1507.2860005331197, 1285.922477226744], [1479.0486049725782, 1386.9540966873906], [1329.7139994668803, 1350.077522773256]], '미', 0.2547041662686276)]
