2037726
126
[([[32, 228], [216, 228], [216, 254], [32, 254]], '소톱 -이트예날', 0.000779939886554164), ([[70, 262], [250, 262], [250, 286], [70, 286]], '요*019 진스한야1', 0.00014125949067507213), ([[168, 288], [382, 288], [382, 336], [168, 336]], '신출내기마법사}', 0.15114058444644443), ([[11, 343], [61, 343], [61, 357], [11, 357]], '마이시', 0.00438359084371431), ([[14, 354], [60, 354], [60, 384], [14, 384]], ': ', 0.012534974443707526), ([[166, 334], [310, 334], [310, 382], [166, 382]], '모불린 전용', 0.11362224092608957), ([[9, 381], [65, 381], [65, 395], [9, 395]], '(스스")', 0.09713504074483809), ([[64, 372], [172, 372], [172, 396], [64, 396]], '맵-09:15*', 0.036874008846854905), ([[6, 390], [378, 390], [378, 414], [6, 414]], '민교 주*169*. 주-자 +30451 ` 습하214*까', 0.009184272649798498), ([[492.10565767154725, 16.149994928443434], [687.4673107188206, 141.38564337955387], [452.89434232845275, 504.85000507155655], [257.5326892811794, 380.61435662044613]], '', 0.0)]
[([[724, 326], [1264, 326], [1264, 463], [724, 463]], '동인지&(/집', 0.2781690783410359), ([[585, 477], [1415, 477], [1415, 616], [585, 616]], '번역 커미선 받습니다', 0.5556135541433793), ([[298, 783], [1694, 783], [1694, 929], [298, 929]], '가격: 장당 700~1000원 선에서 현의', 0.813310751040026), ([[504, 940], [771, 940], [771, 1077], [504, 1077]], '컬러터', 0.7836923495858402), ([[830, 940], [1491, 940], [1491, 1079], [830, 1079]], '지금 보는 이정도', 0.972664459148383), ([[556, 1249], [1435, 1249], [1435, 1388], [556, 1388]], '작업 후 오타나 수정 등', 0.9272320914872991), ([[402, 1398], [1589, 1398], [1589, 1544], [402, 1544]], '애프터 테어까지 깔끔하게 해서', 0.6295755851296387), ([[684, 1555], [1309, 1555], [1309, 1691], [684, 1691]], '마무리 해드려오', 0.9992414863823921), ([[823, 2018], [1169, 2018], [1169, 2157], [823, 2157]], '탤레그램', 0.6870657801628113), ([[499, 2175], [1493, 2175], [1493, 2310], [499, 2310]], '룹++명도//+얼리/ 나,~-..어', 2.253499254049033e-05)]
[]
[([[57, 166], [358, 166], [358, 226], [57, 226]], '[뭐만일이라고놈해도', 0.08117862891188639), ([[1057, 167], [1502, 167], [1502, 224], [1057, 224]], '[만일음대비해세대미지름 입으면', 0.5017505909358958), ([[53, 215], [462, 215], [462, 277], [53, 277]], '대가이런 태스트에서다칠 일은', 0.14967039970246707), ([[1073, 215], [1505, 215], [1505, 277], [1073, 277]], '회복합수앞제 포선올챙겨갈까:]', 0.08892946567469351), ([[55, 268], [269, 268], [269, 329], [55, 329]], '절대 없젠지만 ]', 0.766132222842009), ([[1185, 317], [1505, 317], [1505, 377], [1185, 377]], '검플모자에 키보다도로', 0.18629111314662797), ([[1095, 366], [1505, 366], [1505, 430], [1095, 430]], '진광이름 튼소녀가 중얼거린다:', 0.17141438932907352)]
[([[90, 172], [453, 172], [453, 233], [90, 233]], '목런과 접순전예선 모집중인 ', 0.027583761435857737), ([[1262, 170], [1530, 170], [1530, 224], [1262, 224]], '메질라눈 마법학교틀', 0.09824785253080798), ([[90, 223], [435, 223], [435, 283], [90, 283]], '텍스트는 전부 파티용으로;', 0.2692841786050501), ([[1186, 213], [1535, 213], [1535, 281], [1186, 281]], '움습한성적으로 졸업햇다;', 0.17937761036097122), ([[89, 320], [444, 320], [444, 384], [89, 384]], '긴자리에 있터 조보파회에', 0.007563059529467797), ([[1162, 318], [1530, 318], [1530, 374], [1162, 374]], '단녀늄듭 길로의기양양하게', 0.07960859825711238), ([[89, 372], [461, 372], [461, 433], [89, 433]], '참가하눈걸꺼려한므녀지만', 0.1320985787545588), ([[1224, 368], [1530, 368], [1530, 424], [1224, 424]], '가까운 킬드에 들어가선', 0.8149087896345931), ([[1242, 420], [1532, 420], [1532, 476], [1242, 476]], '텍스트틀 받으려 해다;', 0.22404157622607496), ([[86, 472], [463, 472], [463, 535], [86, 535]], '고난이도의 키스트틀-발늄것', 0.12949816001791004), ([[89, 523], [319, 523], [319, 585], [89, 585]], '또한 불가능하다;', 0.6487443212494208)]
[([[1157, 201], [1494, 201], [1494, 263], [1157, 263]], '결코혼자세활수 있는건', 0.14457272653405287), ([[65, 240], [363, 240], [363, 303], [65, 303]], '[이러런던게 아신데_', 0.0032195697862333165), ([[1193, 251], [1493, 251], [1493, 314], [1193, 314]], '초보중의 초보 키스탑', 0.03335356458041768), ([[67, 293], [503, 293], [503, 353], [67, 353]], '(학교에세날 배응해 준사람들에제', 0.579142400468299), ([[66, 342], [365, 342], [365, 405], [66, 405]], '보일면목이없는결_)', 0.1320481492481593), ([[1222, 352], [1493, 352], [1493, 414], [1222, 414]], '신출내기 모험가라면', 0.4415420519896499), ([[1276, 406], [1494, 406], [1494, 460], [1276, 460]], '모두가 거처가는', 0.4086904784568559), ([[1250, 452], [1497, 452], [1497, 515], [1250, 515]], "'불린 퇴치'없다;", 0.18996135086127608)]
[([[1242, 214], [1430, 214], [1430, 270], [1242, 270]], '모두의기대틀', 0.26016065530344384), ([[83, 261], [437, 261], [437, 323], [83, 323]], '그싣의말에 반응하눈듯안', 0.038520891144874114), ([[1207, 263], [1433, 263], [1433, 323], [1207, 323]], '등에지고있다는', 0.5449877083703407), ([[83, 313], [493, 313], [493, 375], [83, 375]], '진광이의 벗이의미하계 빗,다;', 0.02234364937837992), ([[1238, 316], [1430, 316], [1430, 370], [1238, 370]], '분담으로인해;', 0.8261713215732567), ([[1149, 360], [1433, 360], [1433, 423], [1149, 423]], '초조함과 같음감정이', 0.3328894898773756), ([[1167, 411], [1435, 411], [1435, 473], [1167, 473]], '그녀의등올-떠민다;', 0.05036225967226956), ([[1155, 510], [1435, 510], [1435, 571], [1155, 571]], '[어서행크틀 올려서;', 0.08579528913461641), ([[1068, 561], [1435, 561], [1435, 621], [1068, 621]], '고난이되렉스트틀 완수하고', 0.2986711043071508), ([[1087, 613], [1433, 613], [1433, 675], [1087, 675]], '명성올 높여가지 않으면 _', 0.3694634216414004)]
[]
[([[1022, 198], [1476, 198], [1476, 252], [1022, 252]], '메략라는 목적지인 동글에 도착해다.', 0.2570744666628217), ([[94, 290], [398, 290], [398, 346], [94, 346]], '도도한 자세틀 유지하다', 0.5908979419815282), ([[1228, 298], [1470, 298], [1470, 348], [1228, 348]], "'자; 빨리 나오라구", 0.8309026734098478), ([[88, 338], [499, 338], [499, 400], [88, 400]], '그녀분동굴 안쪽으로 나아간다;', 0.19359037883988267), ([[1266, 346], [1476, 346], [1476, 400], [1266, 400]], '전부 쓸어버리고', 0.9936191466839428), ([[1118, 398], [1476, 398], [1476, 452], [1118, 452]], '빨리 행크름 높여야 하니까_', 0.2739657204759809)]
[([[1170, 212], [1494, 212], [1494, 266], [1170, 266]], '어느 정도 걸음올 옮긴 뒤,', 0.4295097646815202), ([[79, 233], [359, 233], [359, 293], [79, 293]], '어둠 속데세메질라의', 0.10276907755259979), ([[1116, 264], [1498, 264], [1498, 316], [1116, 316]], '메략라는 그 자리에 멈칙 섞다.', 0.16202032726413088), ([[77, 281], [333, 281], [333, 343], [77, 343]], '지광이의 빗올 쫓아', 0.17066569437091803), ([[82, 336], [424, 336], [424, 390], [82, 390]], '한마리의 고불린의 형체가', 0.6003306028849001), ([[1252, 364], [1498, 364], [1498, 416], [1252, 416]], "'드디어 나오석네 _", 0.12547024227544679), ([[79, 383], [333, 383], [333, 443], [79, 443]], '어슬프레 드러낫다;', 0.21896628653682876)]
[]
[([[1260, 238], [1502, 238], [1502, 292], [1260, 292]], '메략라는 지광이에', 0.27042899295714673), ([[1334, 288], [1500, 288], [1500, 340], [1334, 340]], '힘흘 담논다.', 0.1625782584148878), ([[1329, 387], [1496, 387], [1496, 439], [1329, 439]], "'미안하지만", 0.9917140621858911), ([[1308, 438], [1500, 438], [1500, 490], [1308, 490]], '내 명성올 위해', 0.6374386511169489), ([[1303, 488], [1500, 488], [1500, 540], [1303, 540]], '죽어쥐야켓어 _', 0.6803585634686689)]
[([[434, 86], [1171, 86], [1171, 140], [434, 140]], '고불린은 그 어떤 초심자라도 쉽제 사냥할 수 잇는 본스터다.', 0.2626301093122965), ([[678, 186], [928, 186], [928, 236], [678, 236]], '그 이유는 간단하다', 0.6003184676177551), ([[576, 284], [1030, 284], [1030, 337], [576, 337]], '똑똑하지도 암고 모험가루 발견하면', 0.615066635841022), ([[508, 336], [1094, 336], [1094, 388], [508, 388]], '앞뒤 가리지 안고 소리틀 지르미 달려올 뿐이다.', 0.43814782764252924), ([[674, 434], [928, 434], [928, 486], [674, 486]], '둘째로 발이 느리다', 0.7851122599607827), ([[614, 534], [987, 534], [987, 590], [614, 590]], '설렁 허름 질리게 된다고 해도', 0.28087590058494794), ([[514, 586], [1092, 586], [1092, 640], [514, 640]], '소리블 질러주는 덕분에 뒤늦게 발견할 수 잇고', 0.3463341573540828), ([[495, 682], [1111, 682], [1111, 742], [495, 742]], '그때부터 공격올 준비해도 충분히 반격활 수 있다.', 0.7331664024273087), ([[680, 786], [920, 786], [920, 836], [680, 836]], '마지막으로 나약함', 0.7331262714386644), ([[486, 884], [1120, 884], [1120, 940], [486, 940]], '정말 최악의 경우로 고불린의 공격올 맞있다고 해도', 0.6684683756345908), ([[470, 936], [1136, 936], [1136, 988], [470, 988]], '그 위력은 4-5실배기 아이의 힘에 겨우 비견월 정도로', 0.4111025192229868), ([[586, 1035], [1020, 1035], [1020, 1088], [586, 1088]], '별다른 대미지틀 입을 일조차 없다', 0.6625285868703253)]
[([[624, 372], [962, 372], [962, 424], [624, 424]], '이런 점들로 인해 고불린은', 0.9398346671507394), ([[574, 422], [1006, 422], [1006, 474], [574, 474]], '전혀 두려워할 필요가 없는 존재로', 0.44968392544804275), ([[530, 472], [1052, 472], [1052, 526], [530, 526]], '초심자용 본스터로서 아주 잘 알려저 있다', 0.6289854943427494), ([[576, 572], [1010, 572], [1010, 626], [576, 626]], '그러나 이 동국에 잇는 고불린들은', 0.34678087410678293), ([[620, 622], [966, 622], [966, 676], [620, 676]], '모든 것이 평범하지 않앉다.', 0.7158215309830707)]
[]
[([[187, 211], [585, 211], [585, 271], [187, 271]], '방금까지있없올 터인 고불린이', 0.6032368899625699), ([[1370, 200], [1492, 200], [1492, 248], [1370, 248]], "'어라?", 0.5327805280685425), ([[186, 264], [618, 264], [618, 320], [186, 320]], '갑자기 눈앞에서 사라저 당황하다.', 0.6934353838868356), ([[1317, 248], [1492, 248], [1492, 303], [1317, 303]], '사라젊어 ?,', 0.2035452305702424), ([[186, 364], [574, 364], [574, 418], [186, 418]], '두리번거리며 좌우름 살피지만', 0.6144359838023682), ([[186, 412], [688, 412], [688, 468], [186, 468]], '좀 전의 고불린의 모습은 보이지 않듣다.', 0.3801937207292838)]
[([[76, 173], [457, 173], [457, 236], [76, 236]], '영문모름 이 사태틀 납득할 수', 0.20064398296974484), ([[1396, 174], [1534, 174], [1534, 224], [1396, 224]], "'이상하네.", 0.5519964216650626), ([[75, 225], [393, 225], [393, 285], [75, 285]], '잇올만한이유틀 찾는다:', 0.06095573537598008), ([[1248, 224], [1556, 224], [1556, 278], [1248, 278]], '날 보고 도망친 건가?_', 0.44406978475030245), ([[76, 326], [552, 326], [552, 382], [76, 382]], '그러나그이유틀 찾아 경계름 문 것이', 0.7219530811976014), ([[75, 375], [575, 375], [575, 435], [75, 435]], '그녀의운명올 가름 짓논 행동이 되없다', 0.6142122868255993)]
[([[144, 262], [561, 262], [561, 324], [144, 324]], '더욱안쪽으로 나아가려 한 순간;', 0.44688968028119486), ([[145, 313], [603, 313], [603, 373], [145, 373]], '동국의 천장에 달라분어 틈올 엿보노', 0.2669231251075435), ([[144, 366], [484, 366], [484, 422], [144, 422]], '고불린이 그녀름 습격하다:', 0.45860222910944565)]
[]
[([[123, 165], [691, 165], [691, 225], [123, 225]], '그런고고불린들은 마법의 지판이틀 빼앗고는', 0.3360575001476507), ([[1273, 171], [1515, 171], [1515, 231], [1273, 231]], '곧봉으로 후두분틀', 0.15316370388393227), ([[124, 218], [610, 218], [610, 274], [124, 274]], '히국거리며 그녀름 둘러싸기 시작하다;', 0.1317857389707619), ([[1271, 223], [1514, 223], [1514, 280], [1271, 280]], '강타당한 메라눈', 0.4991809703154312), ([[1294, 276], [1514, 276], [1514, 330], [1294, 330]], '쓰러전고 지면에', 0.4257579258304246), ([[120, 314], [276, 314], [276, 375], [120, 375]], '{어떻게]', 0.14811622290720092), ([[1298, 326], [1514, 326], [1514, 380], [1298, 380]], '크게 엉덩방아틀', 0.49345434727441906), ([[1410, 374], [1516, 374], [1516, 428], [1410, 428]], '찢없다', 0.13966017074115863), ([[121, 414], [547, 414], [547, 475], [121, 475]], '그녀의 입예서 흘러나오는 경악성 ', 0.7237676287401916)]
[([[1357, 157], [1545, 157], [1545, 217], [1357, 217]], '동국의 천장에', 0.8223280396847478), ([[88, 196], [482, 196], [482, 252], [88, 252]], '메략리큼 통그랑계 둘러산 원이', 0.04014525500396395), ([[1382, 210], [1544, 210], [1544, 264], [1382, 264]], '숨어있현건', 0.11029378284654456), ([[90, 246], [340, 246], [340, 302], [90, 302]], "'점차 좁혀들어온다", 0.7833752779748783), ([[1262, 260], [1544, 260], [1544, 314], [1262, 314]], '좀전에 모습올 드러년', 0.29419734766455624), ([[1360, 312], [1544, 312], [1544, 364], [1360, 364]], '한 마리분만이', 0.9427028353177519), ([[86, 342], [567, 342], [567, 402], [86, 402]], '학교에서눈 배운 적 없는; 야생의 공포', 0.5082491359388804), ([[1410, 360], [1546, 360], [1546, 414], [1410, 414]], '아니없다;', 0.8010899029438587), ([[88, 396], [444, 396], [444, 452], [88, 452]], '생과 사의 강을 건너논 감각', 0.5514059615559725), ([[87, 443], [509, 443], [509, 503], [87, 503]], '사냥하는 자에서 사냥당하는 자로', 0.3993710733331176), ([[1331, 459], [1542, 459], [1542, 513], [1331, 513]], '다른 고불린들도', 0.7188324949873703), ([[84, 492], [279, 492], [279, 553], [84, 553]], '주락하눈 느낌', 0.21461600913119616), ([[1375, 508], [1543, 508], [1543, 564], [1375, 564]], '숨올 주인 채', 0.27472567699871164), ([[1358, 560], [1544, 560], [1544, 614], [1358, 614]], '목표의 방심올', 0.555082650899585), ([[88, 596], [452, 596], [452, 650], [88, 650]], '더없이 빠르게 박동하고 있는', 0.7058423248066051), ([[1325, 605], [1545, 605], [1545, 668], [1325, 668]], "'기다리고 있있면", 0.11073954587245693), ([[88, 646], [522, 646], [522, 702], [88, 702]], '심장의 소리가 귀에 들길 정도여다.', 0.4603076554435181), ([[1438, 662], [1542, 662], [1542, 714], [1438, 714]], '것이다', 0.5144761742416009)]
[([[119, 199], [619, 199], [619, 259], [119, 259]], '고불린이 유창하제 말을 하기 시작해다:', 0.40150788037493873), ([[1233, 195], [1563, 195], [1563, 255], [1233, 255]], '[마법사 계엽이암컷인가;', 0.23662547891078392), ([[1273, 244], [1566, 244], [1566, 304], [1273, 304]], '그마저도 한 마리라니', 0.8023474806499257), ([[122, 302], [618, 302], [618, 356], [122, 356]], '메략라논 패너에 빠져 사고가 흔들린다;', 0.2300349339022967), ([[1231, 294], [1565, 294], [1565, 355], [1231, 355]], '(아주손쉬운 사냥감이야 ]', 0.5447835481374866), ([[122, 400], [632, 400], [632, 456], [122, 456]], '보통 고불린은 인간의 말음할 줄 모럿', 0.4370726211091399), ([[120, 452], [406, 452], [406, 504], [120, 504]], '이해틀 하지도 못하다:', 0.7831136072620695), ([[119, 499], [487, 499], [487, 561], [119, 561]], '그들은언어률 사용할 정도로', 0.6214542400651711), ([[120, 552], [458, 552], [458, 608], [120, 608]], '똑똑하지 못하기 때문이다;', 0.9872268359301204)]
[([[125, 167], [614, 167], [614, 224], [125, 224]], '그런나 메밀라틀 둘러산 이고불린들은', 0.230309438397271), ([[127, 215], [777, 215], [777, 275], [127, 275]], '자신들에제 유리한 상황울 만들어 쌀 만큼 똑똑햇고;', 0.33197826868469066), ([[128, 268], [750, 268], [750, 324], [128, 324]], '메략라논 보관 듯이 그들의 함정에 빠지고 말앉다;', 0.2068870071879667), ([[126, 366], [488, 366], [488, 422], [126, 422]], '[우리가 인간의 말을 하눈 게', 0.2467814952161298), ([[125, 415], [499, 415], [499, 475], [125, 475]], '그렇게나 신기한가; 아가씨?,', 0.7140423442629519), ([[125, 513], [521, 513], [521, 573], [125, 573]], '놀라율 만큼 인간처럼 느껴지논', 0.5070192635000718), ([[128, 568], [670, 568], [670, 624], [128, 624]], '허국거림올 얼굴에 띄우미 고불린이 말해다.', 0.30758379317564616)]
[([[109, 149], [479, 149], [479, 209], [109, 209]], '[어떻고 활수임제 되없는지', 0.056652161833844424), ([[112, 202], [436, 202], [436, 256], [112, 256]], '지금알려출 수도있지만; ', 0.7435770083543176), ([[112, 252], [442, 252], [442, 306], [112, 306]], '어자피금방 알게 월 거다;', 0.28462583393166524), ([[108, 298], [549, 298], [549, 360], [108, 360]], '그건그렇고더 중요한 일이 있다 ]', 0.6142748689133156), ([[111, 399], [525, 399], [525, 459], [111, 459]], "'맞아; 우리들에제 맡겨진 임무 ]", 0.20148801172772848), ([[111, 499], [497, 499], [497, 559], [111, 559]], '[인간 수컷이 줄에 처들어오면', 0.3692525430951818), ([[112, 551], [346, 551], [346, 608], [112, 608]], '죽이고 포식한다 _', 0.45528974784572407)]
[([[80, 188], [406, 188], [406, 244], [80, 244]], '고불린의 말이 똑 끊기다;', 0.38619174172972603), ([[1243, 175], [1517, 175], [1517, 231], [1243, 231]], '[그리고암컷이오면;', 0.6419897772618154), ([[79, 235], [711, 235], [711, 295], [79, 295]], '그침묵올 버월수 없없다 메략라가 질문올 던진다:', 0.24642005414947538), ([[1292, 228], [1520, 228], [1520, 284], [1292, 284]], '포식하지 말아라;', 0.9835953807352922), ([[1367, 273], [1520, 273], [1520, 333], [1367, 333]], '그대신]', 0.9979414939880371), ([[77, 331], [260, 331], [260, 395], [77, 395]], "'그대신 ?}", 0.4286425196512612)]
[([[103, 184], [459, 184], [459, 244], [103, 244]], '그말을 들은 순간 메략라논', 0.12133224321053031), ([[1278, 184], [1514, 184], [1514, 240], [1278, 240]], '[강간하라고햇다;', 0.3248712475653944), ([[106, 238], [480, 238], [480, 294], [106, 294]], '그자리로부터 도망치려 해다;', 0.6119161368086657), ([[1326, 236], [1512, 236], [1512, 290], [1326, 290]], '울던 소리치런', 0.18953735655911053), ([[1256, 286], [1512, 286], [1512, 342], [1256, 342]], '신경 쓰지 말고 실컷', 0.95539016532631), ([[104, 336], [518, 336], [518, 392], [104, 392]], '그러나 그때눈 이미너무 늦없다:', 0.5980755679447327), ([[1337, 335], [1516, 335], [1516, 392], [1337, 392]], '즐기라디군:]', 0.44108354407625344), ([[104, 438], [373, 438], [373, 492], [104, 492]], '그녀논 고불린들에게', 0.43885856120713546), ([[106, 487], [444, 487], [444, 544], [106, 544]], '너무나도 손쉽제 제압당해,', 0.43629836838102537), ([[106, 538], [352, 538], [352, 594], [106, 594]], '땅바닥에 처박하다.', 0.4041979895301133)]
[]
[([[140, 206], [364, 206], [364, 258], [140, 258]], '(분명 고불린인데:', 0.9825901218972461), ([[382, 203], [582, 203], [582, 260], [382, 260]], "'뿌리칠 수 없어:", 0.4703884642228024), ([[142, 256], [556, 256], [556, 310], [142, 310]], '무슨 힘이 격투가처럼 센 거야 )', 0.3838556592176538), ([[144, 356], [362, 356], [362, 408], [144, 408]], '그 작은 체구로는', 0.7501051871381664), ([[1284, 346], [1494, 346], [1494, 400], [1284, 400]], '설탕에 달려드는', 0.9863661750721027), ([[142, 406], [518, 406], [518, 460], [142, 460]], '상상할 수 없흘 만큼의 괴력이', 0.3548426573329604), ([[1282, 396], [1494, 396], [1494, 448], [1282, 448]], '개미플과도 같이', 0.5919675171405898), ([[140, 456], [538, 456], [538, 512], [140, 512]], '그녀의 몸올 지면에 속박시키다;', 0.5769111318258886), ([[1254, 446], [1494, 446], [1494, 500], [1254, 500]], '수많은 고불린들이', 0.9179641091676463), ([[1244, 496], [1494, 496], [1494, 548], [1244, 548]], '그녀에제 몰려튼다;', 0.3456846812272811), ([[1262, 596], [1492, 596], [1492, 650], [1262, 650]], '배름 밟히눈 순간;', 0.4349246333454272), ([[1210, 646], [1492, 646], [1492, 700], [1210, 700]], '입어서 말이 되지 못한', 0.36001770084705087), ([[1262, 692], [1493, 692], [1493, 753], [1262, 753]], '숨이터저나온다.', 0.5107315951029943)]
[([[164, 198], [472, 198], [472, 254], [164, 254]], '{그래 평범하진 입켓지', 0.5340566986005215), ([[165, 245], [505, 245], [505, 305], [165, 305]], '그리고 네 덕분에 우리들은', 0.8337699733845845), ([[166, 300], [572, 300], [572, 356], [166, 356]], '더욱 특별한 존재가 돌수 있다 _', 0.7523945420745777), ([[1169, 591], [1497, 591], [1497, 651], [1169, 651]], "{'너희들; 평범한 고불린이", 0.34250283495920086), ([[1306, 644], [1482, 644], [1482, 696], [1306, 696]], '아뇨거지:?', 0.2249546915760493), ([[1248, 744], [1496, 744], [1496, 798], [1248, 798]], '그말에 고불린들은', 0.8207349609847464), ([[1184, 792], [1500, 792], [1500, 848], [1184, 848]], '일제히 웃음올 터뜨로다:', 0.2982828232936241)]
[([[152, 200], [514, 200], [514, 256], [152, 256]], '[뭐; 괴로위하눈 모습올 보고', 0.271625832397439), ([[153, 249], [455, 249], [455, 309], [153, 309]], '즐기려는 건 아니니까 ]', 0.5127264363913925), ([[154, 350], [402, 350], [402, 406], [154, 406]], '발울 치운 고불린은', 0.31073670536244696), ([[150, 402], [488, 402], [488, 456], [150, 456]], '그녀의 치맛자락올 들추다.', 0.5025423360059699), ([[1270, 491], [1464, 491], [1464, 548], [1270, 548]], '\'으극" 듯:" ]', 0.21908930167491136), ([[1176, 592], [1462, 592], [1462, 646], [1176, 646]], '배름 짓밟고있면 발에', 0.18324067301075211), ([[1143, 639], [1461, 639], [1461, 699], [1143, 699]], '더욱 강한 힘이 가해진다)', 0.7243049989964155), ([[1181, 738], [1466, 738], [1466, 798], [1181, 798]], '{카학 " 그만- 뭐:]', 0.09388165587180775), ([[1026, 842], [1466, 842], [1466, 896], [1026, 896]], '혈떡이튿 숨 사이로 자비름 구하다:', 0.21520433657717233)]
[]
[([[76, 206], [346, 206], [346, 262], [76, 262]], '스커트틀 들취올리다', 0.18101326439439674), ([[1189, 217], [1545, 217], [1545, 277], [1189, 277]], "''어째세너희 인간 암컷들은", 0.22111938685133511), ([[74, 258], [334, 258], [334, 312], [74, 312]], '고불린이 말을 건다.', 0.3876825103321658), ([[1328, 270], [1544, 270], [1544, 322], [1328, 322]], '이런 천조가리가', 0.5418104865291766), ([[1221, 315], [1544, 315], [1544, 375], [1221, 375]], '몸음지켜줄 수 있올 거라', 0.35337213375547044), ([[78, 358], [290, 358], [290, 414], [78, 414]], '검은색의 팬티가', 0.9389383552400541), ([[1328, 372], [1544, 372], [1544, 424], [1328, 424]], '생각하는 거지?}', 0.716307671698775), ([[77, 405], [471, 405], [471, 465], [77, 465]], '고불런들의 시선올 그러모은다', 0.7243492614557917)]
[([[108, 172], [388, 172], [388, 226], [108, 226]], '지광이름 뱃긴 데다가', 0.15955243656900758), ([[1227, 179], [1553, 179], [1553, 239], [1227, 239]], "'해;하지 말아 주세요]", 0.23169502436508732), ([[106, 219], [517, 219], [517, 279], [106, 279]], '완력에서조자 이길 수 없는 상황;', 0.27043266660773524), ([[1303, 281], [1547, 281], [1547, 335], [1303, 335]], '메략라는 그렇그령', 0.31660480636738214), ([[108, 322], [430, 322], [430, 376], [108, 376]], '그녀가 할 수 있는 거라곧', 0.42394699028443805), ([[1227, 329], [1550, 329], [1550, 389], [1227, 389]], '눈물이 멋히 채 부탁하다;', 0.2856469871449474), ([[106, 374], [450, 374], [450, 426], [106, 426]], '그저 자비름 구걸하는 것뿐.', 0.28161150693585035), ([[110, 470], [410, 470], [410, 526], [110, 526]], '그것올 깨달은 메략라는', 0.3663159829610481), ([[107, 518], [487, 518], [487, 581], [107, 581]], '하영없이 같은 말을 반복해다;', 0.45397503465013445), ([[110, 622], [268, 622], [268, 672], [110, 672]], "'부탁이에요", 0.9118597333544041), ([[294, 622], [486, 622], [486, 674], [294, 674]], '살려주세요:" ]', 0.6104884259709765)]
[([[98, 208], [433, 208], [433, 269], [98, 269]], '고불린은 최후의 방어선인', 0.9258017131643902), ([[1300, 196], [1548, 196], [1548, 252], [1300, 252]], '(제 분수틀 잘 아눈', 0.37714596049822074), ([[101, 258], [505, 258], [505, 319], [101, 319]], '마지막 천 조가리들 찢어발기다', 0.22846980067408384), ([[1225, 245], [1545, 245], [1545, 305], [1225, 305]], "'암컷이라니 맘에 드는군;", 0.49236097760266695), ([[1324, 298], [1546, 298], [1546, 352], [1324, 352]], '그러나 네 부탁은', 0.9299556695194505), ([[1330, 350], [1548, 350], [1548, 402], [1330, 402]], '들어출 수 없다 ]', 0.4460446943310648)]
[]
[([[1181, 219], [1551, 219], [1551, 279], [1181, 279]], '일자루양 다물려진 여성기가', 0.44371965946977376), ([[104, 252], [420, 252], [420, 306], [104, 306]], '자신의 운명이 정해지자;', 0.8282365543875757), ([[1152, 268], [1549, 268], [1549, 330], [1152, 330]], '고불런들에제 모습올 드러내다;', 0.10124179407964622), ([[106, 302], [602, 302], [602, 356], [106, 356]], '메략라의 몸이 한없이 떨리기 시작하다', 0.4089915932653053), ([[1288, 372], [1546, 372], [1546, 426], [1288, 426]], '팬티가 찢겨진 순간;', 0.8329150755965451), ([[108, 400], [282, 400], [282, 452], [108, 452]], '[누가:   제발:', 0.3442948664769245), ([[300, 402], [436, 402], [436, 454], [300, 454]], '살려쥐: !', 0.34086758068995926), ([[1298, 422], [1546, 422], [1546, 476], [1298, 476]], '메길라는 실감햇다.', 0.16552415236886894), ([[1178, 522], [1544, 522], [1544, 576], [1178, 576]], '(아아; 정말 날 번식하는 데에', 0.6277094387318894), ([[1289, 566], [1552, 566], [1552, 630], [1289, 630]], '쓸 생각인 거구나 -)', 0.8970295340920168)]
[([[1212, 202], [1516, 202], [1516, 258], [1212, 258]], '고불린음 메밀라의 말에', 0.20674697945601567), ([[74, 246], [549, 246], [549, 307], [74, 307]], "'그런 쓸데없는 말울 주절거길 시간에", 0.4850196155277911), ([[1318, 252], [1516, 252], [1516, 308], [1318, 308]], '코웃음올 친다;', 0.6061265238888828), ([[76, 300], [391, 300], [391, 354], [76, 354]], '이거라도 무슨 게 어때?_', 0.3222077477337197), ([[1216, 352], [1516, 352], [1516, 408], [1216, 408]], "''널무해줄 만한 사람이", 0.29213140386658204), ([[1202, 406], [1515, 406], [1515, 458], [1202, 458]], '여기에 올 리가 없잡아?_', 0.5593060573522688)]
[]
[([[146, 216], [284, 216], [284, 266], [146, 266]], '[시끄러워', 0.23985281456399188), ([[1240, 214], [1518, 214], [1518, 268], [1240, 268]], '한 고불린이 메략라의', 0.35976732269703676), ([[148, 266], [433, 266], [433, 322], [148, 322]], '내 말대로 하지 않으면', 0.7151453104478193), ([[1266, 264], [1518, 264], [1518, 318], [1266, 318]], '머리름 확 붙잡고는', 0.17975059016707176), ([[144, 314], [433, 314], [433, 374], [144, 374]], '아픔 꼴을 보게 된다?]', 0.22638109771672), ([[1202, 312], [1520, 312], [1520, 368], [1202, 368]], '자신의 고간으로 이곤다;', 0.45188866717547355), ([[148, 416], [424, 416], [424, 472], [148, 472]], '곧봉올 가진 고불린이', 0.4473393011898696), ([[1287, 409], [1520, 409], [1520, 469], [1287, 469]], "'아파:: 놔쥐: !]", 0.06834832966279036), ([[148, 468], [552, 468], [552, 522], [148, 522]], '땅을 두들기여 그녀름 위협하다;', 0.24383869960119842)]
[([[1239, 223], [1479, 223], [1479, 283], [1239, 283]], '{죄 죄송해요 !}', 0.3582659766861062), ([[1004, 324], [1476, 324], [1476, 381], [1004, 381]], '퍽 겁을 먹은 메략라가 바로 사죄한다.', 0.43836598561699214), ([[1089, 423], [1476, 423], [1476, 480], [1089, 480]], "'그럼 어디 봉사름 받아불까?,", 0.4089685228900699), ([[1044, 524], [1474, 524], [1474, 580], [1044, 580]], '허리에 결친 천 조가리틀 치우고는', 0.45086485358402384), ([[1116, 576], [1472, 576], [1472, 630], [1116, 630]], '곧추서릿는 성기틀 메략라의', 0.11144732067332558), ([[1217, 623], [1477, 623], [1477, 683], [1217, 683]], '앞에 가져다 놓르다:', 0.29315290034755614)]
[([[190, 210], [490, 210], [490, 266], [190, 266]], '무엇보다 그로부터 나는', 0.8730216240691112), ([[1101, 190], [1471, 190], [1471, 250], [1101, 250]], '그성기논 고불린의 체격과는', 0.5578002619955229), ([[190, 260], [558, 260], [558, 314], [190, 314]], '수컷과 짐승의 냄새가 뒤섞여', 0.5401529247489478), ([[1122, 244], [1472, 244], [1472, 300], [1122, 300]], '어울리지 않을 정도로 깊다;', 0.1772119687739123), ([[190, 360], [530, 360], [530, 414], [190, 414]], '토해버길 것만 같은 약취에', 0.7249613458410984), ([[1166, 344], [1470, 344], [1470, 398], [1166, 398]], '인간의 그것과 비교해도', 0.997892660316449), ([[191, 409], [478, 409], [478, 466], [191, 466]], '메질라는 숨올 참앉다.', 0.19643944496979682), ([[1266, 391], [1469, 391], [1469, 452], [1266, 452]], '훨씬 클 정도로', 0.8867625844795489), ([[1222, 494], [1472, 494], [1472, 548], [1222, 548]], '귀두로 갈수록 점차', 0.997941357077626), ([[1196, 544], [1470, 544], [1470, 600], [1196, 600]], '검붉제 빛나는 그것은', 0.6742260088445156), ([[1131, 591], [1471, 591], [1471, 651], [1131, 651]], '꽤나 그로테스크해 보여다;', 0.40657406713337046)]
[([[120, 203], [394, 203], [394, 258], [120, 258]], '(무리야 절대로 무리:', 0.9694733394603147), ([[1452, 191], [1549, 191], [1549, 245], [1452, 245]], '{자아]', 0.26353582739830017), ([[120, 254], [434, 254], [434, 308], [120, 308]], '이런 걸입안에 넣없다간', 0.6876145089580731), ([[1285, 241], [1555, 241], [1555, 301], [1285, 301]], '열심히 빨아보라고 ]', 0.883888512147505), ([[122, 304], [354, 304], [354, 358], [122, 358]], '분명 토할 거야  )', 0.7755591822296585), ([[1282, 344], [1552, 344], [1552, 398], [1282, 398]], '고불린은 무정하게도 ', 0.7356404391995681), ([[122, 402], [370, 402], [370, 456], [122, 456]], '숨올 참은 지금조차', 0.5860772058719927), ([[1235, 391], [1555, 391], [1555, 452], [1235, 452]], '그녀에제 명령올 내린다;', 0.44205028249358586), ([[124, 454], [376, 454], [376, 508], [124, 508]], '코안에 남은 약취에', 0.7677882929765819), ([[122, 504], [386, 504], [386, 558], [122, 558]], '햇구역질하려는 것올', 0.47960717493183724), ([[122, 554], [400, 554], [400, 608], [122, 608]], '겨우겨우 참고 있없다', 0.4943687218970735)]
[([[1201, 171], [1507, 171], [1507, 233], [1201, 233]], '메킬로인 반응올 즐기다 ', 0.07640828017391048), ([[168, 206], [394, 206], [394, 260], [168, 260]], '맞아 그러고 보니', 0.8513577402687498), ([[1252, 225], [1504, 225], [1504, 278], [1252, 278]], '모녀가 스스로 입올', 0.4145026278345492), ([[110, 256], [514, 256], [514, 312], [110, 312]], '암컷올 죽이지 말라고는 햇지만;', 0.5399018502501344), ([[1221, 273], [1509, 273], [1509, 333], [1221, 333]], '벌리분 것올 기다린다;', 0.13909691203049043), ([[112, 306], [558, 306], [558, 362], [112, 362]], '너무 건방지거튼 팔다리블 짓이기논', 0.23280041055260187), ([[108, 355], [436, 355], [436, 410], [108, 410]], '정도는 괜찮다고 햇없지_', 0.7952038135426187), ([[1430, 378], [1498, 378], [1498, 426], [1430, 426]], '볼에', 0.6837690506577566), ([[1429, 429], [1497, 429], [1497, 473], [1429, 473]], '코에', 0.8939226520783045), ([[112, 454], [564, 454], [564, 508], [112, 508]], '그형박올 진짜로 받아들인 메략라는', 0.17050306107170038), ([[1428, 478], [1500, 478], [1500, 528], [1428, 528]], '입에;', 0.9283599274985938), ([[108, 504], [676, 504], [676, 560], [108, 560]], '국 눈올 감고는 마음을 다잡은 듯이 말올 햇다', 0.4473318686719904), ([[1266, 524], [1504, 524], [1504, 580], [1266, 580]], '움질거리논 그것올', 0.5419831940309733), ([[1318, 578], [1504, 578], [1504, 626], [1318, 626]], '가져다 대고는', 0.8444938540969633), ([[1283, 625], [1505, 625], [1505, 679], [1283, 679]], '비버대는 고불린.', 0.47260313173808044), ([[111.98022872944, 200.10509790131198], [178.48544516830094, 210.79075088725475], [170.01977127056, 257.894902098688], [102.51455483169904, 248.20924911274525]], "'아;", 0.5208909939474433)]
[([[1342, 222], [1526, 222], [1526, 278], [1342, 278]], '[앞을 테니까;', 0.17396342194126782), ([[1234, 274], [1524, 274], [1524, 330], [1234, 330]], '죽이지 말아 주세요" ]', 0.5757134375630188), ([[1258, 372], [1528, 372], [1528, 426], [1258, 426]], '입을연 채 폐니스가', 0.3169467964375546), ([[1212, 424], [1525, 424], [1525, 480], [1212, 480]], '들어오는 것올 기다린다;', 0.5194318780708828)]
[]
[([[108, 198], [408, 198], [408, 250], [108, 250]], '그러나 메바라는 입안이', 0.3000784127544095), ([[1217, 200], [1500, 200], [1500, 256], [1217, 256]], '코안쪽으로 누린내가', 0.4515353728289484), ([[108, 248], [546, 248], [546, 302], [108, 302]], '더럽혀지논 것올 참흘 수밖에 없다:', 0.2569451823376089), ([[1302, 252], [1498, 252], [1498, 306], [1302, 306]], '한가득 퍼지고', 0.8939831556740717), ([[1256, 300], [1496, 300], [1496, 356], [1256, 356]], '목에서 울럭거리논', 0.18267997395940913), ([[106, 345], [580, 345], [580, 402], [106, 402]], '\'오오 " 꽤 중은 걸 좀 더 혀름 씨화 ]', 0.23526289529139188), ([[1328, 352], [1496, 352], [1496, 402], [1328, 402]], '소리가 난다;', 0.9578874342593146), ([[105, 445], [520, 445], [520, 502], [105, 502]], '제 중올 대로 입안을 위저어지다;', 0.3183233946846256), ([[1189, 449], [1497, 449], [1497, 509], [1189, 509]], '(시금하고 . 구림내나 :', 0.11098899790046596), ([[108, 498], [408, 498], [408, 552], [108, 552]], '방어본능으로 몇 번이고', 0.6309309874930795), ([[1234, 504], [1308, 504], [1308, 558], [1234, 558]], '@건:', 0.8778281420645674), ([[1328, 502], [1500, 502], [1500, 558], [1328, 558]], '정말 무리 )', 0.6846231845108408), ([[107, 546], [378, 546], [378, 602], [107, 602]], '햇구역질올 반복하다', 0.7474670586248832)]
[([[1271, 199], [1525, 199], [1525, 259], [1271, 259]], '그런그녀의 반응올', 0.8115986264585314), ([[1166, 252], [1524, 252], [1524, 308], [1166, 308]], '전현신경 쓰지 입듣다논듯', 0.09330435945687009), ([[1282, 351], [1525, 351], [1525, 406], [1282, 406]], '고불린은 거침없이', 0.502385898220218), ([[1212, 400], [1526, 400], [1526, 456], [1212, 456]], '허리틀 흔들기 시작하다;', 0.3406504070312635)]
[]
[([[1211, 187], [1529, 187], [1529, 247], [1211, 247]], '숨이 막혀 새빨간 얼굴로', 0.7604192751138619), ([[103, 235], [457, 235], [457, 295], [103, 295]], '목 안쪽올 몇 번이고 찢리고', 0.629440128231202), ([[104, 288], [496, 288], [496, 340], [104, 340]], '그럴 때마다 식도가 떨려와서논', 0.38679134984139163), ([[1276, 290], [1526, 290], [1526, 344], [1276, 344]], '어떻제든 코릎 통해', 0.2383997829390739), ([[103, 335], [543, 335], [543, 395], [103, 395]], '위의 내용물올 붐어벌 것만 같앉다;', 0.24212207237295486), ([[1159, 337], [1531, 337], [1531, 397], [1159, 397]], '산소틀 확보하려고 애씨본다;', 0.21481898621194923), ([[1320, 440], [1530, 440], [1530, 494], [1320, 494]], '(빨리 끝나쥐: )', 0.5571683408784525)]
[([[154, 178], [402, 178], [402, 232], [154, 232]], '[추집한 얼굴인걸 !', 0.2711004414844094), ([[153, 278], [474, 278], [474, 333], [153, 333]], '이라마치오틀 필사적으로', 0.6030136639172357), ([[156, 328], [522, 328], [522, 384], [156, 384]], '버터내고 있는 그녀의 얼굴은', 0.5208933158553023), ([[154, 380], [466, 380], [466, 434], [154, 434]], '확실히 추할지도 모르다:', 0.4362537758475831), ([[156, 480], [474, 480], [474, 534], [156, 534]], '그러나; 그녀에고 그런 걸', 0.23807325915073263), ([[156, 530], [608, 530], [608, 584], [156, 584]], '신경 쓸 여유는 _미리만큼도 없없다.', 0.24156901508606882)]
[([[137, 159], [476, 159], [476, 210], [137, 210]], '그리 말하고는 그녀의 입안', 0.6291971636317912), ([[1288, 140], [1504, 140], [1504, 196], [1288, 196]], '갑자기 고불린의', 0.9330654842443348), ([[140, 210], [506, 210], [506, 266], [140, 266]], '깊숙이 박앗던 물건올 꺼내자', 0.31119418478337174), ([[1214, 188], [1507, 188], [1507, 249], [1214, 249]], '허리놀림이 똑 멈춘다;', 0.16859147458944487), ([[138, 309], [622, 309], [622, 364], [138, 364]], '주변의 고불린들이 그녀름 안아올린다', 0.5907223816698506), ([[1338, 292], [1504, 292], [1504, 346], [1338, 346]], "'맞아; 맞아;", 0.6127720819563979), ([[1260, 342], [1502, 342], [1502, 392], [1260, 392]], '처녀일지도 모르니', 0.8221335966976691), ([[1194, 392], [1506, 392], [1506, 448], [1194, 448]], '입안에 싸는 건 아깝지]', 0.5155960999683883)]
[]
[([[1428, 172], [1566, 172], [1566, 224], [1428, 224]], '[싫엇:!]', 0.2846822696240851), ([[66, 200], [314, 200], [314, 250], [66, 250]], '한 마리의 고불린이', 0.972296576078947), ([[64, 250], [424, 250], [424, 300], [64, 300]], '그녀의 가랑이에 다가서더니', 0.9759363837576231), ([[626, 272], [842, 272], [842, 322], [626, 322]], '{어디; 하기 전에', 0.3082466109081654), ([[1348, 272], [1564, 272], [1564, 328], [1348, 328]], '고불런들에 의해', 0.9020786790816278), ([[64, 298], [286, 298], [286, 351], [64, 351]], '그 손올 메질라의', 0.24948820990049544), ([[592, 322], [882, 322], [882, 374], [592, 374]], '조금은 풀어쥐야켓지 ]', 0.6925577105429089), ([[1375, 321], [1564, 321], [1564, 377], [1375, 377]], '지면에서 발이', 0.305989607783359), ([[68, 350], [284, 350], [284, 404], [68, 404]], '음부에 가져간다', 0.6980088082894429), ([[1315, 371], [1564, 371], [1564, 427], [1315, 427]], '떨어지자; 메바라는', 0.27680759880627814), ([[1314, 422], [1560, 422], [1560, 474], [1314, 474]], '저도모르게그들올', 0.8927380030630153), ([[68, 450], [342, 450], [342, 502], [68, 502]], '그리고는 음순 사이의', 0.8623439379838451), ([[1405, 474], [1563, 474], [1563, 528], [1405, 528]], '끌어안있다', 0.8627708388778974), ([[68, 502], [250, 502], [250, 552], [68, 552]], '일직선 안으로', 0.9848846634439239), ([[70, 550], [384, 550], [384, 600], [70, 600]], '그 손가락올 수서 넣논다;', 0.2804825203621288)]
[([[1395, 183], [1544, 183], [1544, 239], [1395, 239]], "'흐웃 !]", 0.33460678836487534), ([[114, 280], [386, 280], [386, 330], [114, 330]], '억지로 행해지논 애무', 0.8581505557755125), ([[650, 290], [706, 290], [706, 340], [650, 340]], "'양:", 0.9762962738163438), ([[729, 291], [769, 291], [769, 339], [729, 339]], '옷:', 0.46712094461695797), ([[792, 292], [860, 292], [860, 344], [792, 344]], '싫엇:', 0.8511935532370516), ([[1276, 286], [1542, 286], [1542, 342], [1276, 342]], "'하복부에서 느껴지논", 0.4061297961430895), ([[111, 329], [404, 329], [404, 383], [111, 383]], '여성기에서는 찌걱찌적', 0.280517890056895), ([[1327, 335], [1543, 335], [1543, 389], [1327, 389]], '강렬하 이물감에', 0.47533906280596244), ([[114, 382], [336, 382], [336, 430], [114, 430]], '하는 소리가 난다', 0.866285276352357), ([[1220, 384], [1540, 384], [1540, 440], [1220, 440]], '저도모르게 신음올넘다:', 0.2669658414143129), ([[114, 478], [438, 478], [438, 532], [114, 532]], "'뛰야; 느끼고 있는 거나?", 0.38154790795684457), ([[114, 529], [393, 529], [393, 582], [114, 582]], '좀 더 빠르게 해줄까 _', 0.3582466698057185)]
[]
[([[74, 232], [504, 232], [504, 286], [74, 286]], '급혀진 손가락으로 방광울 심 없이', 0.3786932270231883), ([[727, 206], [863, 206], [863, 256], [727, 256]], "'싫어싫엇:", 0.9090965571541745), ([[1264, 216], [1540, 216], [1540, 272], [1264, 272]], "'손올 빠르게 움직이며 ", 0.3855625130905771), ([[74, 282], [440, 282], [440, 336], [74, 336]], '압박당하자 결국 참지 못하고', 0.828176489080536), ([[623, 255], [964, 255], [964, 312], [623, 312]], "'그렇제 막 수시지 말아주엇 ", 0.366051351433103), ([[972, 272], [1002, 272], [1002, 304], [972, 304]], ':]', 0.14559239504909458), ([[1228, 268], [1541, 268], [1541, 324], [1228, 324]], '그녀의비부름 자극하다;', 0.43622216273186143), ([[74, 332], [428, 332], [428, 382], [74, 382]], '그안에 든 액체틀 뽑어내다;', 0.17838518668910186), ([[674, 356], [962, 356], [962, 410], [674, 410]], '온몸에 힘이 들어간다;', 0.871756530395275)]
[]
[([[116, 209], [346, 209], [346, 265], [116, 265]], "'볼품없는 년이군;", 0.7328183321215639), ([[644, 185], [891, 185], [891, 238], [644, 238]], '\'제발 . 보지 마 " !', 0.3949425507971224), ([[1238, 200], [1554, 200], [1554, 252], [1238, 252]], '조로록 하는 소리롭 내려;', 0.1869701364762885), ([[118, 262], [408, 262], [408, 312], [118, 312]], '본스터에제 습격당해선', 0.4956380487255898), ([[1347, 248], [1556, 248], [1556, 303], [1347, 303]], '메략라는 오중올', 0.15932551289494504), ([[118, 313], [439, 313], [439, 363], [118, 363]], '오줌이나 지리고 있다니 _', 0.8146175886270386), ([[564, 284], [976, 284], [976, 340], [564, 340]], '그녀의 오중은 멈출 줄올 모르고', 0.32947113680525253), ([[1308, 300], [1560, 300], [1560, 354], [1308, 354]], '지런버리고 말앉다.', 0.36066377800623073), ([[588, 336], [954, 336], [954, 390], [588, 390]], '그모습에 주변의 고불린들이', 0.7057217859161418), ([[646, 386], [890, 386], [890, 440], [646, 440]], '모욕하기 시작한다:', 0.3922494140133343), ([[116, 412], [424, 412], [424, 466], [116, 466]], "'아니 이제 인간 암컷의", 0.6321469184283119), ([[118, 464], [360, 464], [360, 512], [118, 512]], '습성일지도 모르지', 0.8238406062934623), ([[118, 512], [392, 512], [392, 562], [118, 562]], '인간 마을의 암컷들도', 0.9031043957112954), ([[115, 561], [446, 561], [446, 613], [115, 613]], '하나같이 오중올 지리면서', 0.6538436716464701), ([[117, 609], [563, 609], [563, 669], [117, 669]], '범해지논 겉 기다리고만 있없으니:]', 0.48417233081689415)]
[([[124, 192], [546, 192], [546, 246], [124, 246]], '여성기틀 자극하고 있당 고불린이', 0.3226425215709662), ([[126, 241], [552, 241], [552, 298], [126, 298]], '손가락올 빼내려 느포하게 말안다;', 0.13411385899564865), ([[126, 342], [384, 342], [384, 392], [126, 392]], "'오중올 지락 정도면", 0.43328057867450864), ([[124, 391], [408, 391], [408, 446], [124, 446]], '충분히 풀어쨌올 테니;', 0.38689231546020464), ([[126, 442], [394, 442], [394, 496], [126, 496]], '슬슬 넣어쥐아켓지?', 0.4702574513415361)]
[]
[([[1086, 214], [1490, 214], [1490, 270], [1086, 270]], '메략라의 다리가 한껏 벌려저선;', 0.33364789428732466), ([[1063, 261], [1487, 261], [1487, 324], [1063, 324]], '닫현있되대음순도 안족의 핑크빛', 0.2662055173556352), ([[1073, 313], [1487, 313], [1487, 373], [1073, 373]], '조개플 드니만큼 활짝 열린다;', 0.07994275326689965), ([[1063, 413], [1489, 413], [1489, 473], [1063, 473]], '여성기특유-새롭달록안 냄새에', 0.132397747373614), ([[1029, 463], [1489, 463], [1489, 523], [1029, 523]], '교불린들안더없이 흥분한 모양이다;', 0.34219556265695844)]
[([[1192, 186], [1310, 186], [1310, 238], [1192, 238]], "'이 냄새:", 0.6049884923974803), ([[1330, 181], [1517, 181], [1517, 243], [1330, 243]], '역시 저녀다 ]', 0.3922503146554554), ([[1111, 281], [1514, 281], [1514, 343], [1111, 343]], '따알루? 처음음 내가 하는 거다:]', 0.13749070141611577), ([[1230, 381], [1511, 381], [1511, 444], [1230, 444]], '잔그만한 말다툼 끝에', 0.20879594685922395), ([[1133, 430], [1515, 430], [1515, 493], [1133, 493]], '컷번은업음고불린인차지가', 0.0547562552962366), ([[1260, 486], [1512, 486], [1512, 542], [1260, 542]], '군멍에 맞대어진다.', 0.5660726855049473)]
[]
[([[1098, 168], [1524, 168], [1524, 224], [1098, 224]], "'부탁드려요 . 제발 그것만은히}", 0.23987847846118868), ([[1177, 267], [1521, 267], [1521, 327], [1177, 327]], '자지인 곧이 질구름 혜지다', 0.1080092367937155), ([[1216, 319], [1519, 319], [1519, 376], [1216, 376]], '메밀라의 소중한 공간을', 0.16910816574960977), ([[1324, 370], [1514, 370], [1514, 426], [1324, 426]], '짐입하려 한다.', 0.33343744275008175), ([[143, 721], [429, 721], [429, 781], [143, 781]], '(인런메말동안 왜소', 0.0241917825804664), ([[142, 771], [462, 771], [462, 831], [142, 831]], '?문해 -이럴순없어', 0.05666800531744491), ([[143, 821], [431, 821], [431, 881], [143, 881]], '제발 눈가 도와취-', 0.34377753400667377), ([[144, 918], [455, 918], [455, 983], [144, 983]], '모그럼잘 먹죽습니다)]', 0.005448129165074916)]
[]
[([[1220, 174], [1504, 174], [1504, 228], [1220, 228]], '푸육 하눈 소리와 함께', 0.3632536687258059), ([[1008, 224], [1506, 224], [1506, 284], [1008, 284]], '고불런의 자지간 소녀의 안을 파고든다;', 0.48071254521201784), ([[1264, 324], [1504, 324], [1504, 380], [1264, 380]], '순결의 증거 아니;', 0.5366393113541736), ([[1081, 373], [1505, 373], [1505, 435], [1081, 435]], '순결해다늄증거가 엉덩이틀 따라', 0.4541997389621741), ([[1019, 472], [1506, 472], [1506, 536], [1019, 536]], "'동국의지면으로흘러내리기진작하다", 0.0709017267693393)]
[([[1205, 193], [1487, 193], [1487, 253], [1205, 253]], "'어서 임신시키자고]", 0.979935059038671), ([[1240, 295], [1481, 295], [1481, 352], [1240, 352]], '주변의 고불린들이', 0.44330180613988424), ([[1139, 339], [1483, 339], [1483, 405], [1139, 405]], '@운성치-야유틀 날린다;', 0.06423183599169403)]
[]
[([[104, 134], [642, 134], [642, 190], [104, 190]], '로맨틱한 분위기 속에서 일어난 일이없다면', 0.22736594559563783), ([[104, 184], [494, 184], [494, 238], [104, 238]], '조금은 참율만햇올지도 모르다', 0.22839997798358874), ([[102, 284], [406, 284], [406, 338], [102, 338]], '그러나 메략라의 눈앞에', 0.38805929752964907), ([[104, 334], [384, 334], [384, 390], [104, 390]], '벌어진 광경은 달랍다', 0.4573316928443283), ([[1281, 583], [1515, 583], [1515, 643], [1281, 643]], '처녀름 입는 순간 ', 0.09290795626303024), ([[1210, 684], [1514, 684], [1514, 740], [1210, 740]], '그것은 여성의 인생에서', 0.9048193520708097), ([[1218, 734], [1516, 734], [1516, 790], [1218, 790]], '단한 번분인 순간이다:', 0.7380595943535151), ([[1236, 836], [1512, 836], [1512, 892], [1236, 892]], '꼭 닫혀있다 보짓살이 ', 0.325086008020699), ([[1200, 886], [1512, 886], [1512, 942], [1200, 942]], '문리하게 벌려지논 감각.', 0.5165357463450484)]
[([[120, 116], [390, 116], [390, 172], [120, 172]], "'일단 앞은 들어갖다.", 0.6463787872428034), ([[120, 166], [344, 166], [344, 223], [120, 223]], '좀더 넣어야 해.]', 0.6182954668815297), ([[118, 266], [528, 266], [528, 322], [118, 322]], '자지논 그 자리에서 멈추지 않고', 0.4241584641707565), ([[120, 318], [374, 318], [374, 374], [120, 374]], '더욱 안쪽올 향안다.', 0.3065100524769507), ([[1215, 522], [1531, 522], [1531, 583], [1215, 583]], '비열하게 웃눈고불린들;', 0.24494130858750357), ([[1350, 576], [1522, 576], [1522, 630], [1350, 630]], "'딱딱한 돌위:", 0.4501409161910057), ([[1079, 623], [1533, 623], [1533, 683], [1079, 683]], '그리고로가 위어질 것만 같은악쥐', 0.16410385007495432), ([[1180, 726], [1528, 726], [1528, 782], [1180, 782]], '어니결 고려해도 이 상황은', 0.30606322446275996), ([[1253, 775], [1528, 775], [1528, 831], [1253, 831]], '최사이나 다름없없다;', 0.5320464566182532)]
[]
[([[98, 150], [386, 150], [386, 204], [98, 204]], "'이런거 말도 안 돼:- !", 0.2796481563421593), ([[100, 252], [558, 252], [558, 306], [100, 306]], '마음속에서 중얼거런올 터인 그 말은', 0.39071003430541934), ([[100, 302], [538, 302], [538, 358], [100, 358]], '분함올 참지 못하고 결국 목올 통해', 0.6307720676644167), ([[100, 352], [434, 352], [434, 408], [100, 408]], '입으로 흘러나오고 있없다', 0.904365140282636), ([[1176, 546], [1548, 546], [1548, 602], [1176, 602]], '참지 않으면 입예서 무언가간', 0.5976750155383471), ([[1247, 593], [1545, 593], [1545, 653], [1247, 653]], '터져나올 것만 같앉다; ', 0.3120716819680678), ([[1112, 694], [1544, 694], [1544, 750], [1112, 750]], '그정도로 고불린의 자지는 그녀의', 0.4863904614898166), ([[1110, 746], [1544, 746], [1544, 802], [1110, 802]], '구멍올 안 깊숙이까지 파고들없다;', 0.493945407177021)]
[([[94, 100], [404, 100], [404, 152], [94, 152]], '그렇다; 그녀들에제 있어', 0.5695158999536923), ([[92, 150], [576, 150], [576, 204], [92, 204]], '인생의 처음이자 마지막일 처녀 상실은', 0.961449475852831), ([[94, 202], [610, 202], [610, 254], [94, 254]], '고불런들에제 있어선 언제나 앞는 일이다;', 0.36302498299790886), ([[96, 300], [352, 300], [352, 356], [96, 356]], '몇 번이고 화온 반응', 0.5882361922703979), ([[92, 349], [488, 349], [488, 404], [92, 404]], '그렇기에 고불린들은 가차 없이', 0.6529134400055975), ([[92, 400], [398, 400], [398, 454], [92, 454]], '허리름 흔들기 시작해다', 0.36225308742052176), ([[1115, 640], [1501, 640], [1501, 701], [1115, 701]], '{인간의 암컷은 처녀지 잃으면', 0.39763989167796304), ([[1137, 690], [1502, 690], [1502, 751], [1137, 751]], '다들 똑같은 말울 하눈구만 _', 0.4163513887258085)]
[]
[([[1172, 558], [1512, 558], [1512, 614], [1172, 614]], '상처에 피름 흘리논 질병올', 0.2149257850083306), ([[1228, 610], [1516, 610], [1516, 664], [1228, 664]], '자지가 마구 헤집문다', 0.2497019191764026), ([[1142, 707], [1229, 707], [1229, 761], [1142, 761]], "'아극:", 0.14814630150794983), ([[1252, 710], [1380, 710], [1380, 760], [1252, 760]], '특: 흐흡', 0.48749641218838774), ([[1404, 712], [1470, 712], [1470, 762], [1404, 762]], '싫엇', 0.948635400856342), ([[1480, 728], [1508, 728], [1508, 758], [1480, 758]], "']", 0.7180180315753979), ([[1119, 809], [1512, 809], [1512, 864], [1119, 864]], '메략라의 지금까지의 삶 중예서', 0.39910449789766783), ([[1100, 860], [1512, 860], [1512, 916], [1100, 916]], '가장 아프 통증이 그녀름 덮친다;', 0.46085560412624316)]
[([[102, 112], [426, 112], [426, 162], [102, 162]], '(거기가 아파   너무 아파:', 0.5086663696111597), ([[102, 162], [390, 162], [390, 216], [102, 216]], '제발: . 빨리 끝나쥐 )', 0.3752938954222969), ([[102, 262], [376, 262], [376, 314], [102, 314]], '고문과도 같은 시간이', 0.9902956978692458), ([[102, 311], [534, 311], [534, 367], [102, 367]], '어서 지나가기만을 하없없이 반다;', 0.49651143839320205), ([[1182, 626], [1506, 626], [1506, 682], [1182, 682]], '신음올 참음 수가 없없다', 0.20670540376572516), ([[1202, 728], [1504, 728], [1504, 782], [1202, 782]], '신음이라모내지 않으면', 0.8519723612474694), ([[1192, 776], [1504, 776], [1504, 833], [1192, 833]], '이 고통에 미처버길 것만', 0.4878931036603428), ([[1372, 828], [1496, 828], [1496, 880], [1372, 880]], '같앉기에:', 0.3908591891273906)]
[([[102, 117], [438, 117], [438, 172], [102, 172]], '(난 어째서 이런 곳에서 )', 0.7222238329234554), ([[104, 220], [550, 220], [550, 276], [104, 276]], '우등생이없던 그녀논 자신의 눈부신 ', 0.12542463982446228), ([[104, 270], [506, 270], [506, 324], [104, 324]], '미래들 꿈꾸여 학교름 졸업해다', 0.14133199443417474), ([[102, 372], [196, 372], [196, 420], [102, 420]], '그런데:', 0.4683181047439575), ([[102, 420], [292, 420], [292, 474], [102, 474]], '그쨌올 터인데:', 0.2695799066743523)]
[([[110, 108], [442, 108], [442, 162], [110, 162]], '퍽떡하는 허리와 엉덩이가', 0.7138621870150362), ([[110, 158], [508, 158], [508, 212], [110, 212]], '맞부딪치며 나는 단조로운 소리;', 0.5321592842963637), ([[108, 257], [438, 257], [438, 308], [108, 308]], '찌걱찌적하는 피와 애액과', 0.40785794116722407), ([[110, 310], [414, 310], [414, 362], [110, 362]], '카우퍼액이 뒤섞인 소리', 0.5890326829222416), ([[110, 408], [628, 408], [628, 464], [110, 464]], '용통한 의식 속에서 그녀분애씨 통증에서', 0.32515709223973494), ([[111, 455], [525, 455], [525, 515], [111, 515]], '그소리들 쪽으로 의식올돌료다', 0.39847505728355126)]
[([[1277, 649], [1479, 649], [1479, 714], [1277, 714]], '{안에짜주지:]', 0.4667359698560648), ([[1172, 756], [1476, 756], [1476, 810], [1172, 810]], '고불린이 그리 말하고는', 0.8001157881091119), ([[1136, 806], [1472, 806], [1472, 862], [1136, 862]], '허리놀림올 더욱 가속한다', 0.5163300881333245)]
[([[113, 153], [486, 153], [486, 207], [113, 207]], "'아그으아아아아아아앗 :!!!_", 0.27324859310268396), ([[114, 256], [422, 256], [422, 310], [114, 310]], '통증이 더욱 강렬해지고', 0.9819733901217775), ([[114, 308], [388, 308], [388, 360], [114, 360]], '자신이  것이라고는', 0.7479345187479007), ([[113, 353], [617, 353], [617, 413], [113, 413]], '상상도 못할 절규가 입에서터제나온다;', 0.33841830325360656), ([[1277, 649], [1479, 649], [1479, 714], [1277, 714]], '{안에 짜주지:]', 0.36910616403108576), ([[1172, 756], [1476, 756], [1476, 810], [1172, 810]], '고불린이 그리 말하고는', 0.7520071164976971), ([[1136, 806], [1472, 806], [1472, 862], [1136, 862]], '허리놀림올 더욱 가속한다', 0.5289123134644531)]
[([[80, 162], [628, 162], [628, 218], [80, 218]], '그리고 자궁올 찌부러트질 것만 같은 기세로', 0.5240209760456196), ([[82, 214], [480, 214], [480, 264], [82, 264]], '그녀의 안을 마구 헤집은 자지논', 0.44323443866393386), ([[79, 262], [486, 262], [486, 318], [79, 318]], '대량의 정액올 그 안에 흔뿌린다', 0.671706608331109)]
[]
[([[128, 136], [268, 136], [268, 188], [128, 188]], '울럭 울럭:', 0.2589909141235675), ([[129, 181], [877, 181], [877, 246], [129, 246]], '몇 번이고 움질거리며 그 안에 듣 정자루 자궁에 흘러 넣논다.', 0.25178917428438374), ([[128, 284], [446, 284], [446, 340], [128, 340]], "'이 순간이 정말 최고야 _", 0.7258292473760567), ([[128, 384], [488, 384], [488, 440], [128, 440]], '고불린은 그리 중얼거리고늄', 0.7786906090219722), ([[126, 438], [346, 438], [346, 490], [126, 490]], '자지틀 뽑아내다', 0.16564782600161082)]
[]
[([[1273, 143], [1517, 143], [1517, 205], [1273, 205]], "'하-만족스럽균:]", 0.3729771568786641), ([[1074, 248], [1514, 248], [1514, 304], [1074, 304]], '벌런진채 닫일 줄 모르는 질구예서', 0.23118035431320957), ([[1107, 295], [1513, 295], [1513, 357], [1107, 357]], '상당안양의정액이 흘러나온다;', 0.21541022229512435), ([[1234, 391], [1509, 391], [1509, 453], [1234, 453]], '털어때 기분 중앉나?}', 0.13103168657621142), ([[1115, 495], [1513, 495], [1513, 555], [1115, 555]], '그녀므순결음앗야간고불린이', 0.13545641787304194), ([[1280, 546], [1514, 546], [1514, 602], [1280, 602]], '웃으메말올건다;', 0.31979284100094885), ([[89, 613], [505, 613], [505, 675], [89, 675]], '[쓸데없늄소리말관빨리비]', 0.22555339815606792), ([[87, 712], [486, 712], [486, 774], [87, 774]], '다른고불린이그룹 밀전내고늄', 0.16548364636388002), ([[85, 765], [343, 765], [343, 825], [85, 825]], '가항이에다가선대', 0.34192317437597053)]
[([[1368, 174], [1476, 174], [1476, 224], [1368, 224]], '그렇다;', 0.6318221092224121), ([[1036, 221], [1480, 221], [1480, 278], [1036, 278]], '그녀의 지목은 아직 끝나지 않있다;', 0.3866364968251779), ([[1143, 318], [1477, 318], [1477, 379], [1143, 379]], '성용에 굶준권고불린들은', 0.5178344945721879), ([[1143, 371], [1472, 371], [1472, 428], [1143, 428]], '아직다없마리늄되 있다.', 0.1946510096671497), ([[1105, 469], [1479, 469], [1479, 529], [1105, 529]], '죽들모두름 만족신킬때까지 ', 0.062447286125515936), ([[1097, 518], [1480, 518], [1480, 579], [1097, 579]], '휴식이관 건 존재하지않눕다', 0.3096435954970873), ([[93, 722], [290, 722], [290, 789], [93, 789]], '[더충문리-', 0.16534303791087027), ([[93, 827], [413, 827], [413, 887], [93, 887]], '그녀움-작게 중얼거렇다', 0.21736835423491196)]
[]
[([[545, 357], [969, 357], [969, 420], [545, 420]], '3마리 재의 고불린올 상대활 즈음;', 0.5834665705997656), ([[563, 407], [959, 407], [959, 470], [563, 470]], '메략라는 정신죽올 놓아버로다:', 0.07087550763023481), ([[512, 512], [1008, 512], [1008, 566], [512, 566]], '어쩌면 그건 불행 중 다행일지도 돌찾다.', 0.588382840512535), ([[465, 557], [1057, 557], [1057, 617], [465, 617]], '그녀논 통증올 의식하눈 일 없이 정사름 거최고', 0.1668868114397217), ([[418, 612], [1100, 612], [1100, 666], [418, 666]], '수 마리 분의 고불린올 상대한 기억올 하지 못할 테니까', 0.8271735673459328)]
[]
[([[450, 140], [752, 140], [752, 192], [450, 192]], '뒤에서 메략라틀 범하면', 0.17796912989201355), ([[466, 192], [737, 192], [737, 240], [466, 240]], '고불린이 투덜거린다', 0.3684673726702884), ([[1249, 543], [1515, 543], [1515, 603], [1249, 603]], '[켓반응이 없으니', 0.739757509590054), ([[1262, 596], [1514, 596], [1514, 652], [1262, 652]], '범하늄맛이 없어서', 0.21946193688186372), ([[1330, 644], [1514, 644], [1514, 700], [1330, 700]], '영심심한걸 ]', 0.4251566960498994)]
[([[245, 281], [685, 281], [685, 343], [245, 343]], '메밀라로 한 발 빼고난 고불런들은', 0.315876281280621), ([[264, 336], [662, 336], [662, 390], [264, 390]], '그녀의 가방을 뒤지기 시작하다', 0.497555968439696), ([[272, 432], [661, 432], [661, 493], [272, 493]], "'문가 병 같은 게 들어있는데 ,", 0.16174412487987766)]
[([[1059, 425], [1521, 425], [1521, 480], [1059, 480]], "'마법사가 가지고 다니는 물건이니까", 0.7884029827018609), ([[106, 464], [562, 464], [562, 516], [106, 516]], '그리 말하고는 실신한 메밀라의 입에', 0.3208938384643061), ([[1084, 476], [1518, 476], [1518, 532], [1084, 532]], '분명 엄청난 효과가 있든지도 몰라.', 0.3889830561972144), ([[106, 512], [398, 512], [398, 566], [106, 566]], '그포선올 흘려 넣논다.', 0.4126244962847503), ([[1398, 528], [1518, 528], [1518, 576], [1398, 576]], '어절래? _', 0.9016588066004969), ([[108, 612], [572, 612], [572, 666], [108, 666]], '은은한 노란빛이 그녀의 몸올 감싸자;', 0.715323402862555), ([[1182, 625], [1518, 625], [1518, 678], [1182, 678]], "'먼저 저년에게 씨보자고 _", 0.5661955667242478), ([[106, 663], [414, 663], [414, 714], [106, 714]], '그녀의 의식이 돌아온다;', 0.5641230544878475)]
[([[120, 138], [202, 138], [202, 188], [120, 188]], '[흐웃', 0.8310896294749991), ([[224, 138], [424, 138], [424, 188], [224, 188]], '에: :? 무슨  :?1', 0.36292020647558526), ([[120, 238], [634, 238], [634, 292], [120, 292]], '자신의 몸에 무슨 일이 일어나고 있는지틀', 0.439221312440665), ([[118, 288], [644, 288], [644, 343], [118, 343]], '이해하지 못한 채 그녀논 그리 중얼거런다', 0.4636012643988486), ([[120, 388], [546, 388], [546, 442], [120, 442]], '포선의 효과로-조금 전까지 있있년', 0.11837548046034366), ([[117, 435], [641, 435], [641, 495], [117, 495]], '처녀 상실의 고통이 완전히 사라져있없다', 0.8792533115596145), ([[1219, 602], [1527, 602], [1527, 662], [1219, 662]], "'정신올 되찾은 메략라는", 0.19386581171668152), ([[1248, 654], [1522, 654], [1522, 710], [1248, 710]], "'상황울이해하는 데에", 0.6077673557383022), ([[1238, 706], [1524, 706], [1524, 758], [1238, 758]], '약간의 시간이 걸렁다;', 0.2917126695540215)]
[([[118, 276], [616, 276], [616, 333], [118, 333]], '그분만 아니라 통증이 전부 사라진 덕에', 0.6845443721911779), ([[118, 328], [777, 328], [777, 384], [118, 384]], '메밀라의 여성기는 쾌감만올 느끼게 되어버린 것이다;', 0.28029705853179443)]
[([[78, 280], [543, 280], [543, 340], [78, 340]], "'네년의 가방에 있도 포선올 손 건데;", 0.3891218486950497), ([[1088, 270], [1510, 270], [1510, 326], [1088, 326]], '허리틀 흔드는 고불린은 메략라틀', 0.06602846006584635), ([[80, 332], [406, 332], [406, 388], [80, 388]], '설마 미약이없올 줄이야 ]', 0.5887352082242987), ([[1108, 322], [1514, 322], [1514, 378], [1108, 378]], '마치 악기처럼 다루기 시작하다;', 0.6213180178423385), ([[1206, 420], [1510, 420], [1510, 476], [1206, 476]], '허리돌림올 빠르게 하면', 0.6700505469197903), ([[1144, 472], [1512, 472], [1512, 526], [1144, 526]], '그녀의 숨소리가 거칠어지고', 0.9493005909420233), ([[1116, 572], [1510, 572], [1510, 626], [1116, 626]], '천천히 움직이면 순결이 뒤섞인', 0.38310928262370786), ([[1043, 619], [1509, 619], [1509, 679], [1043, 679]], '희미한 신음성이 동국에 울려 퍼진다;', 0.6134328712421018)]
[]
[([[1018, 261], [1513, 261], [1513, 316], [1018, 316]], '메략라의 허리가 덜덜 떨리기시작하다;', 0.2861286552798852), ([[1277, 359], [1418, 359], [1418, 415], [1277, 415]], '\'하악"아:', 0.6546350197031199), ([[1026, 460], [1512, 460], [1512, 516], [1026, 516]], '따뜻한 무언가가 안을 채워오는 감각과', 0.5470003390607276), ([[1145, 508], [1513, 508], [1513, 569], [1145, 569]], '절정의 여운이 온몸올 깨둥자', 0.2929770272639021), ([[991, 609], [1513, 609], [1513, 669], [991, 669]], '그녀분 신음올 흘리논 것조차 불가능해다;', 0.3583755443925032), ([[1405.9632031319513, 353.09025785212214], [1516.771137418099, 370.3586673398067], [1507.0367968680487, 421.90974214787786], [1396.228862581901, 404.6413326601933]], '[학:?]', 0.32899616284182803)]
[([[1276, 260], [1494, 260], [1494, 312], [1276, 312]], '그러나 이 행위논', 0.6916462713181751), ([[1210, 310], [1492, 310], [1492, 362], [1210, 362]], '아직도 곧나지 않앉다', 0.453706397200062), ([[1006, 410], [1494, 410], [1494, 464], [1006, 464]], '적어도 앞으로 두 마리가 만족할 때까지', 0.8848105603441654), ([[1122, 460], [1494, 460], [1494, 514], [1122, 514]], '메략라는 계속 범해질 것이다.', 0.29570036542902434), ([[1139, 560], [1494, 560], [1494, 610], [1139, 610]], '메략라에제는 쾌감올 버터널', 0.11411079509094067), ([[1302, 612], [1492, 612], [1492, 662], [1302, 662]], '자신이 없없다;', 0.6495621307531306)]
[]
[([[485, 327], [1180, 327], [1180, 383], [485, 383]], '고불린은 본래 초심자들이나 잡는 몸스터로 알려저 있다.', 0.29371923485631873), ([[644, 428], [1020, 428], [1020, 480], [644, 480]], '힘은 인간 아이와 비슷한 정도', 0.979998793305876), ([[602, 480], [1060, 480], [1060, 530], [602, 530]], '머리는 돌아가지 않는 거나 다름없고', 0.41320838978686125), ([[500, 528], [1166, 528], [1166, 582], [500, 582]], '모험가루 발견하면 앞뒤 가리지 암고 달려들기만 한다.', 0.6152475563019528), ([[578, 628], [1086, 628], [1086, 678], [578, 678]], '고불린올 그런 존재로 인식하는 자에제는', 0.41756125657757676), ([[590, 679], [1078, 679], [1078, 732], [590, 732]], '이 광경이 더없이 이질적으로 보이리라', 0.8900528470923387)]
[([[1054, 228], [1294, 228], [1294, 280], [1054, 280]], "'똑바로 줄올 서라", 0.6014637901228378), ([[938, 280], [1412, 280], [1412, 334], [938, 334]], '내참 먼저 태어난 놈들은 이래서:   " ]', 0.41456991877359367), ([[936, 378], [1408, 378], [1408, 434], [936, 434]], "'돼지 오늘은 평소보다 더 흥분되논컵.", 0.1857484152655591), ([[1004, 430], [1346, 430], [1346, 482], [1004, 482]], '빨리 내 차례가 안 오려나 _', 0.7667118924901898), ([[978, 527], [1368, 527], [1368, 584], [978, 584]], '[여러 암컷들이 갑자기 한 번에', 0.6547969845818099), ([[973, 577], [1373, 577], [1373, 637], [973, 637]], '출산 시기틀 맞이해버길 줄이야', 0.36461993575424584), ([[924, 630], [1430, 630], [1430, 686], [924, 686]], '쓸 수 있는 암컷이 세 마리 밖에 없다니 _', 0.5716952201656079)]
[([[60, 198], [630, 198], [630, 250], [60, 250]], '그러고는 육변기가 되어버린 인간 여성들 뒤에', 0.7600034338553225), ([[1078, 191], [1520, 191], [1520, 244], [1078, 244]], '사람의 언어름 이해할 분만 아니라;', 0.7088917062747926), ([[60, 248], [548, 248], [548, 302], [60, 302]], '마치 순번올 기다리는 것처럼 줄 서있든', 0.3871539031052892), ([[1149, 238], [1521, 238], [1521, 300], [1149, 300]], '그언어로 의사소통올 취하고 ', 0.8870145512717859), ([[60, 298], [618, 298], [618, 352], [60, 352]], '그 이질적인 모습올 누가 상상활 수 있젠는가', 0.21263221113293676), ([[1180, 340], [1518, 340], [1518, 396], [1180, 396]], '무려 인간 여성올 나무판에', 0.829073500809514), ([[1154, 394], [1514, 394], [1514, 446], [1154, 446]], '동어매어 묶어놓기까지 한다', 0.9223417826755962)]
[]
[([[120, 124], [490, 124], [490, 178], [120, 178]], "'슬슬 반응이 재미 없어젯는결.", 0.12596970992395787), ([[108, 174], [450, 174], [450, 228], [108, 228]], '이 년들도 이제 때가 없나 _', 0.34183389520615004), ([[107, 271], [467, 271], [467, 331], [107, 331]], '엉덩이름 세제 두들겨보지만 ', 0.3606026454456127), ([[105, 321], [505, 321], [505, 381], [105, 381]], '그녀들은 반응올 보이지 않듣다', 0.23043616062247443), ([[110, 424], [224, 424], [224, 474], [110, 474]], '[뭐 어절', 0.9099705200860035), ([[258, 424], [364, 424], [364, 474], [258, 474]], '없잡아;', 0.6764782071113586), ([[109, 469], [439, 469], [439, 531], [109, 531]], '못해도오십은 당앉으네:] `', 0.0931840268167406), ([[110, 574], [378, 574], [378, 628], [110, 628]], '나무판의 건너편에서 ', 0.7774844130752772), ([[108, 619], [468, 619], [468, 680], [108, 680]], '고불런들은 말올 주고받으펴', 0.26580504318207676), ([[108, 674], [356, 674], [356, 726], [108, 726]], '그녀들올 범해간다;', 0.7778742053192391)]
[([[227, 348], [700, 348], [700, 404], [227, 404]], '나무판으로 허리가 고정되어버린 탓에', 0.7514197154848099), ([[1187, 326], [1493, 326], [1493, 386], [1187, 386]], '메략라는 마을 저녀들이', 0.23714338452643924), ([[312, 398], [616, 398], [616, 454], [312, 454]], '뒤쪽올 전혀 볼 수 없다', 0.9227709708668093), ([[1188, 379], [1491, 379], [1491, 433], [1188, 433]], '배치된 곳으로부터 조금', 0.7593767918694494), ([[1207, 430], [1492, 430], [1492, 484], [1207, 484]], '떨어진 곳에 끌려앉다.', 0.528775428807893)]
[([[130, 208], [546, 208], [546, 258], [130, 258]], '그러자 멀리서 그녀에게 다가오는', 0.748760862737175), ([[1090, 202], [1200, 202], [1200, 256], [1090, 256]], '(무서워:', 0.9898616473782766), ([[1218, 202], [1492, 202], [1492, 256], [1218, 256]], '또범해지논 거야 ?)', 0.31655552649019697), ([[130, 258], [406, 258], [406, 310], [130, 310]], '발소리가 울려 퍼진다', 0.6368310601373778), ([[1037, 299], [1494, 299], [1494, 359], [1037, 359]], '원히 드러난 여성기가 동국의 공기록', 0.37597090261161514), ([[129, 356], [468, 356], [468, 410], [129, 410]], '발소리가 어느 정도 커지자', 0.9962188102524013), ([[1090, 352], [1494, 352], [1494, 408], [1090, 408]], '느끼고는 불안함에 작게 떨린다:', 0.44445804442885656), ([[130, 405], [528, 405], [528, 461], [130, 461]], '그들의 말소리도 같이 들려온다;', 0.6437056564168288)]
[]
[([[1147, 150], [1507, 150], [1507, 212], [1147, 212]], '떼네년의 지광이에 힘--취도', 0.15734302902757188), ([[1154, 204], [1504, 204], [1504, 258], [1154, 258]], '아무런 일도일어나질 않아;', 0.3034596534010726), ([[364, 248], [740, 248], [740, 304], [364, 304]], '메략라는 감출 것 없이 순순히', 0.34163304347994233), ([[1024, 252], [1508, 252], [1508, 309], [1024, 309]], '어떻제 해야 마법음 쓸 수 있는 거지?}', 0.1991573582831542), ([[356, 300], [754, 300], [754, 356], [356, 356]], '그 질문에 답하기로 마음먹없다', 0.831688229692823), ([[1224, 352], [1502, 352], [1502, 408], [1224, 408]], '아무래도 마법올 쓰고', 0.9495741784372551), ([[1282, 403], [1504, 403], [1504, 459], [1282, 459]], '싶다는 모양이다.', 0.7752677854311399)]
[([[379, 189], [642, 189], [642, 244], [379, 244]], "'그렇벤지: 고불린은", 0.1969222151243958), ([[1045, 190], [1464, 190], [1464, 251], [1045, 251]], '[마력이 없으면사용할 수없어:]', 0.574183169478666), ([[344, 238], [678, 238], [678, 294], [344, 294]], '마력올 가질 수 없으니까_', 0.5271209841919178), ([[1028, 291], [1462, 291], [1462, 348], [1028, 348]], '고불린은 곧이어 질문올 이어간다', 0.8719495337566238), ([[336, 340], [688, 340], [688, 394], [336, 394]], '우등생으로 지내앗던 그녀는', 0.26236759718110525), ([[284, 392], [738, 392], [738, 442], [284, 442]], '고불린들의 질문에 자신이 알고 있는', 0.6639693676480055), ([[1103, 390], [1461, 390], [1461, 450], [1103, 450]], "'그럼 마력이 없는 우리들은", 0.5247478229368591), ([[352, 437], [671, 437], [671, 493], [352, 493]], '모든 겉 내뱉기 시작하다.', 0.4006842674182408), ([[1200, 441], [1463, 441], [1463, 498], [1200, 498]], '쓸 수 없단 소리나?,', 0.653543301177454)]
[([[1383, 229], [1431, 229], [1431, 271], [1383, 271]], '입', 0.08285981432582279), ([[344, 246], [590, 246], [590, 298], [344, 298]], '몸이 따가워질 만큼', 0.9582329935103597), ([[296, 294], [640, 294], [640, 350], [296, 350]], '그들 사이에 정적이 흐르다;', 0.7902434645603408), ([[244, 394], [692, 394], [692, 448], [244, 448]], '아니 그 정적이 무엇올 의미하는지;', 0.5663178624358256), ([[294, 444], [642, 444], [642, 498], [294, 498]], '메바라는 이미 알고 있없다;', 0.19921541543020163), ([[1275.127036057031, 190.06384518781087], [1403.9369258722786, 219.1322954494362], [1389.872963942969, 269.9361548121891], [1262.0630741277214, 239.8677045505638]], '[ ?', 0.11620512961751253)]
[([[1225, 159], [1479, 159], [1479, 219], [1225, 219]], '한 마리의고불린이', 0.6696087653990819), ([[234, 211], [669, 211], [669, 268], [234, 268]], '[그렇게 갑자기 푹 넣지 말리구 : _', 0.34120134819136777), ([[1198, 212], [1476, 212], [1476, 266], [1198, 266]], '메략라의 다리틀 타고', 0.10974676823405399), ([[1135, 259], [1479, 259], [1479, 319], [1135, 319]], '올라가선 자지틀 십입한다;', 0.25443971501976964), ([[230, 313], [676, 313], [676, 369], [230, 369]], '입으로는 그리 통명스럽 말맞지만', 0.5635892617316329), ([[1289, 361], [1478, 361], [1478, 416], [1289, 416]], '인간의 것보다', 0.8598574915328695), ([[256, 414], [650, 414], [650, 468], [256, 468]], '속으로는 자신의 몸이 너무나도', 0.9711288228377281), ([[1187, 407], [1478, 407], [1478, 469], [1187, 469]], '꽤나 근데도 불구하고', 0.6236478693382003), ([[260, 464], [646, 464], [646, 518], [260, 518]], '막임없이 자지틀 받아들엿다는', 0.2192036648315332), ([[310, 514], [588, 514], [588, 568], [310, 568]], '사실에 충격올 받있다', 0.50839104782773), ([[1145, 511], [1476, 511], [1476, 566], [1145, 566]], '메략라의 보지는 막임없이', 0.14905354257895675), ([[1172, 562], [1472, 562], [1472, 616], [1172, 616]], '손쉽제 고불린의 자지틀', 0.324723932521264), ([[1317, 613], [1471, 613], [1471, 663], [1317, 663]], '받아들엿다;', 0.44994179895760733)]
[]
[([[248, 239], [556, 239], [556, 292], [248, 292]], "'[가능 거나? 좋아; 가라!", 0.32741864508085505), ([[1245, 246], [1564, 246], [1564, 307], [1245, 307]], '두성기가 이어진 곳에서', 0.9535025707413324), ([[267, 287], [545, 287], [545, 347], [267, 347]], '(참지 말고 가버려라] ]', 0.2444298747347852), ([[1282, 300], [1562, 300], [1562, 354], [1282, 354]], '애액이 한껏 흘러나와', 0.7997853663110023), ([[1182, 348], [1562, 348], [1562, 404], [1182, 404]], '그녀의 다리틀 타고 내려간다,', 0.27866669465360616), ([[187, 388], [610, 388], [610, 445], [187, 445]], '자궁구틀 마구 절러올리논 고불린.', 0.315101893596501), ([[1282, 450], [1560, 450], [1560, 504], [1282, 504]], '그리고 그녀의 다리논', 0.7110946080589149), ([[340, 489], [466, 489], [466, 541], [340, 541]], '그리고:', 0.6078723669052124), ([[1276, 500], [1562, 500], [1562, 554], [1276, 554]], '절정올 맞이하는 듯이;', 0.6951427129946699), ([[1310, 550], [1558, 550], [1558, 602], [1310, 602]], '갖 태어난 사슴처럼', 0.951250181475549), ([[1250, 600], [1558, 600], [1558, 654], [1250, 654]], '달달 흔들리기 시작하다', 0.5784810490549825)]
[]
[]
[([[1210, 172], [1510, 172], [1510, 226], [1210, 226]], "'그럼 다음은 내 차례군;", 0.7935281581642118), ([[1164, 222], [1516, 222], [1516, 276], [1164, 276]], '반드시 내가 임신시켜주지 _', 0.5951050443833334), ([[1000, 324], [1510, 324], [1510, 378], [1000, 378]], '그리 선언하고는 바통올 넘겨받는 고불린.', 0.30434591037682457), ([[1152, 426], [1516, 426], [1516, 474], [1152, 474]], '그렇게 세 마리는 번갈아가며', 0.3473111218855253), ([[1080, 474], [1511, 474], [1511, 528], [1080, 528]], '메략라틀 심 없이 범하기 시작하다', 0.15424949068505045)]
[([[1210, 172], [1511, 172], [1511, 226], [1210, 226]], "'그럼 다음은 내 차례군;", 0.7873466249705998), ([[1166, 224], [1516, 224], [1516, 276], [1166, 276]], '반드시 내가 임신시켜주지 _', 0.8379641544540828), ([[1000, 323], [1510, 323], [1510, 377], [1000, 377]], '그리 선언하고는 바통올 넘겨받는 고불린.', 0.34313470211840064), ([[1152, 426], [1516, 426], [1516, 474], [1152, 474]], '그렇게 세 마리는 번갈아가며', 0.33581304426535613), ([[1080, 474], [1512, 474], [1512, 528], [1080, 528]], '메략라큼 심 없이 범하기 시작하다', 0.2176153695992999)]
[([[142, 244], [425, 244], [425, 301], [142, 301]], '떡 벌려진 보짓 구멍은', 0.637311484008051), ([[1043, 235], [1457, 235], [1457, 296], [1043, 296]], '세마리가 자리 떠나고 그곳에', 0.9289740481251152), ([[140, 295], [430, 295], [430, 349], [140, 349]], '어제까지 처녀엿다고는', 0.2796818183747514), ([[1089, 287], [1458, 287], [1458, 347], [1089, 347]], '남아있는 건 대량의 정액으로', 0.7930941851723586), ([[142, 346], [540, 346], [540, 400], [142, 400]], '도무지 믿겨지지 않을 정도여다', 0.36756144449351114), ([[1116, 340], [1454, 340], [1454, 396], [1116, 396]], '더렵혀진 메길라 분이없다;', 0.18321466877240508), ([[140, 444], [476, 444], [476, 500], [140, 500]], '그리고 안에 뿌려진 정액은', 0.5481025542444861), ([[142, 496], [480, 496], [480, 548], [142, 548]], '스스로 국어널 수 없없기에,', 0.2957573119842987), ([[140, 546], [494, 546], [494, 598], [140, 598]], '이 상황에서 배란해버려다간', 0.34580357196060046), ([[140, 596], [538, 596], [538, 650], [140, 650]], '그녀논 반드시 임신할 것이리라.', 0.39094289978741165)]
[]
[([[987, 211], [1317, 211], [1317, 271], [987, 271]], '그로부터 몇 주가 지낫다:', 0.9265557333940005), ([[982, 316], [1322, 316], [1322, 370], [982, 370]], '메략라는 나무판에 묶인 채', 0.4751752741261767), ([[938, 366], [1368, 366], [1368, 422], [938, 422]], '임신할 때까지 끊임없이 범해끗다;', 0.2313202099406282), ([[998, 466], [1302, 466], [1302, 520], [998, 520]], '그리고 지금에 이르러선', 0.8064903064024754), ([[1000, 516], [1302, 516], [1302, 570], [1000, 570]], '그녀의 배는 보름달처럼', 0.7112035190206969), ([[1030, 566], [1278, 566], [1278, 620], [1030, 620]], '부풀어 올라있없다;', 0.41011369678043036)]
[([[809, 190], [1493, 190], [1493, 251], [809, 251]], "'인간이라면 절대로 불가능할 속도로 빠르게 성장햇으니", 0.5346493399331066), ([[855, 241], [1447, 241], [1447, 301], [855, 301]], '인간보단 고불린에 가까울 것이관 건 알고 있다;', 0.7614503152600989), ([[966, 343], [1333, 343], [1333, 399], [966, 399]], '그러나 과연 어디까지 인간에', 0.9830546432488126), ([[962, 394], [1332, 394], [1332, 448], [962, 448]], '가까운 요소홀 가지고 있8지', 0.254834447529509), ([[936, 444], [1364, 444], [1364, 500], [936, 500]], '생각하면 활수록 불안해질 분이다.', 0.5859973719922332), ([[947, 539], [1351, 539], [1351, 602], [947, 602]], '그런 생각올 하면서 먹고 잘분인', 0.6619071834900621), ([[980, 594], [1316, 594], [1316, 648], [980, 648]], '나날이 며칠인가 이어적다.', 0.3130249620864586)]
[]
[([[74, 155], [529, 155], [529, 217], [74, 217]], "'아직 산부의 배가 줄어들지 않앉다:", 0.5784786940398867), ([[77, 207], [300, 207], [300, 267], [77, 267]], '혹시 한 명더 " !', 0.1858847873932438), ([[79, 309], [553, 309], [553, 364], [79, 364]], '고불린의 말대로 곧이어 또한 마리의', 0.8088503639772628), ([[80, 360], [600, 360], [600, 410], [80, 410]], '고불린의 머리가 산도틀 지나기 시작하다;', 0.5246606382855056)]
[([[62, 162], [538, 162], [538, 216], [62, 216]], '그러나 아무리 생각한들 메략라에제는', 0.3104521409754273), ([[64, 212], [394, 212], [394, 266], [64, 266]], '이곳에서 일어나는 일들의', 0.7492663808522703), ([[66, 262], [406, 262], [406, 316], [66, 316]], '결정권이 존재하지 않듣다', 0.3962213528223263), ([[62, 362], [362, 362], [362, 416], [62, 416]], '그 또한 잘 알고 있기에,', 0.6837624042090195), ([[64, 412], [376, 412], [376, 466], [64, 466]], '그녀는 그저 흐름에 몸올', 0.6054617475418481), ([[65, 460], [432, 460], [432, 516], [65, 516]], '맡기기로 마음먹는 것이없다', 0.664878470736456)]
[([[64, 161], [536, 161], [536, 215], [64, 215]], '그러나 아무리 생각한들 메략라에제는', 0.2504255865619595), ([[64, 212], [392, 212], [392, 264], [64, 264]], '이곳에서 일어나는 일들의', 0.8937131647375434), ([[66, 263], [400, 263], [400, 316], [66, 316]], '결정권이 존재하지 않듣다', 0.4336616621017361), ([[64, 362], [360, 362], [360, 414], [64, 414]], '그 또한 잘 알고 있기에,', 0.6192509811214235), ([[66, 412], [376, 412], [376, 464], [66, 464]], '그녀는 그저 흐름에 몸올', 0.497874794945853), ([[66, 462], [430, 462], [430, 514], [66, 514]], '맡기기로 마음먹는 것이없다', 0.5772390794658611)]
[([[66, 160], [536, 160], [536, 216], [66, 216]], '그러나 아무리 생각한들 메략라에제는', 0.3441293098634422), ([[66, 212], [392, 212], [392, 262], [66, 262]], '이곳에서 일어나는 일들의', 0.9031737818742799), ([[66, 263], [398, 263], [398, 316], [66, 316]], '결정권이 존재하지 않듣다.', 0.3501135637614395), ([[66, 362], [360, 362], [360, 412], [66, 412]], '그 또한 잘 알고 있기에,', 0.4507742717796953), ([[66, 412], [376, 412], [376, 464], [66, 464]], '그녀는 그저 흐름에 몸올', 0.4601369954146452), ([[66, 462], [426, 462], [426, 514], [66, 514]], '맡기기로 마음먹는 것이없다', 0.6266334883508565)]
