2039973
24
[([[430, 552], [1098, 552], [1098, 650], [430, 650]], '움움 애널 보미 붓카켓', 0.10048820772859737)]
[([[1065, 37], [1569, 37], [1569, 121], [1065, 121]], '또동운영움 @연중면', 0.017881219282711466), ([[1216, 108], [1510, 108], [1510, 188], [1216, 188]], '센량 엔물해', 0.027770791581682195), ([[1108, 182], [1525, 182], [1525, 262], [1108, 262]], "'되어주)움 왼조0", 0.004427295127843053), ([[1234, 328], [1512, 328], [1512, 404], [1234, 404]], '압없어0603', 0.018999401226728132), ([[1238, 398], [1506, 398], [1506, 478], [1238, 478]], '@ @제의0', 0.010865882189422396), ([[1282, 472], [1460, 472], [1460, 546], [1282, 546]], '@양)', 0.08908394723026578), ([[157, 835], [583, 835], [583, 919], [157, 919]], '@@움 작@ @없', 0.062344257967927065), ([[56, 910], [594, 910], [594, 990], [56, 990]], '@0로움 %움 @로@늄', 0.0033532028276824295), ([[62, 980], [616, 980], [616, 1060], [62, 1060]], '센화 @정@ 굉어진@고', 0.0208080288816311), ([[58, 1051], [621, 1051], [621, 1132], [58, 1132]], '_에콩@여 @어집@0)', 0.002929736341051992), ([[1136.8994530298025, 108.07606181457798], [1235.4532364408542, 130.09323778806686], [1219.1005469701975, 195.923938185422], [1120.5467635591458, 174.90676221193314]], '각든', 0.007233085214754765), ([[44.84090277120426, 828.0749513382729], [171.2757534148528, 845.4627828146193], [158.15909722879573, 922.9250486617271], [30.724246585147192, 905.5372171853807]], '@@드', 0.5797945363940511)]
[([[1184, 26], [1504, 26], [1504, 106], [1184, 106]], '@@ 온출]', 0.15671641868815747), ([[1116, 98], [1566, 98], [1566, 178], [1116, 178]], '팬@스움 $진요08', 0.0005948118090201279), ([[1168, 172], [1466, 172], [1466, 248], [1168, 248]], '@원 @]](', 0.033327601400130115), ([[1193, 247], [1496, 247], [1496, 313], [1193, 313]], '@맵3 @데.}', 0.01924511448304905), ([[1282, 314], [1494, 314], [1494, 390], [1282, 390]], '@ @외', 0.16919112466410346), ([[1160, 385], [1526, 385], [1526, 466], [1160, 466]], '엔문 간@입데', 0.014897974016414739), ([[168, 787], [369, 787], [369, 871], [168, 871]], '@0 &0', 0.15048646767331145), ([[76, 855], [457, 855], [457, 943], [76, 943]], '동문영운 @편젠', 0.06092697081230683), ([[97, 931], [437, 931], [437, 1015], [97, 1015]], '@출름 (림픽', 0.02713270195478825), ([[49, 1001], [483, 1001], [483, 1088], [49, 1088]], '@면 @) 예로@', 0.011021901646052941), ([[1203.914249429668, 311.0740208365765], [1298.4746804629865, 334.14883322545876], [1280.085750570332, 399.9259791634235], [1186.5253195370135, 376.85116677454124]], "@6'", 0.600190726133048)]
[([[1258, 40], [1568, 40], [1568, 126], [1258, 126]], '@품/운운원)', 0.09106113700607864), ([[1339, 116], [1485, 116], [1485, 192], [1339, 192]], '@원0', 0.21897001440124286)]
[([[1055, 96], [1571, 96], [1571, 181], [1055, 181]], '@덩이해 업계집체', 0.006130416617766067), ([[1185, 167], [1531, 167], [1531, 251], [1185, 251]], '문 @@인데', 0.058080252702565574), ([[1068, 242], [1564, 242], [1564, 320], [1068, 320]], '@ @런 @안 06어', 0.03221856990326083), ([[32, 774], [474, 774], [474, 854], [32, 854]], '@3 센 `-런움', 0.005175793483381018), ([[90, 844], [417, 844], [417, 924], [90, 924]], '@손음 @어제', 0.2745016726142304), ([[25, 917], [478, 917], [478, 1001], [25, 1001]], '@정움 신전 @드몽', 0.002466644705598434), ([[116, 990], [378, 990], [378, 1068], [116, 1068]], '싫없% 658 ', 0.0012037345252470192), ([[1107.9286568319887, 166.07206055671742], [1205.535621821887, 190.31403578625813], [1187.0713431680113, 255.92793944328258], [1089.464378178113, 231.68596421374187]], '숙', 0.11233663200813737)]
[([[1250, 40], [1502, 40], [1502, 114], [1250, 114]], '원@ 웬@$', 0.019955825729466744), ([[1193, 103], [1555, 103], [1555, 189], [1193, 189]], '@론템 문의', 0.017166633187701112), ([[1274, 178], [1470, 178], [1470, 256], [1274, 256]], '; 울론', 0.04619568985819212), ([[1196, 250], [1554, 250], [1554, 330], [1196, 330]], '알려 @없예의0', 0.01436764553967632), ([[155, 759], [495, 759], [495, 844], [155, 844]], '@검로 센@움', 0.00263663920271489), ([[53, 830], [509, 830], [509, 914], [53, 914]], '@@출입 웬문의', 0.0037029492143787553), ([[31, 905], [533, 905], [533, 989], [31, 989]], '@의로로 콤부립렉핵', 0.006448558394903997), ([[78.95636389942891, 758.0683656356597], [176.48758239230662, 782.1828897929936], [158.0436361005711, 849.9316343643403], [60.51241760769338, 825.8171102070064]], '@(', 0.9365583675022587)]
[([[501, 505], [759, 505], [759, 593], [501, 593]], '음모 잇음', 0.44183740537496796), ([[430, 598], [1096, 598], [1096, 696], [430, 696]], '움움 애널 보혀 붓카게', 0.11805495340017891)]
[([[1065, 36], [1571, 36], [1571, 121], [1065, 121]], '또0 동문-움 @연주구', 0.0107660961396285), ([[1216, 108], [1510, 108], [1510, 188], [1216, 188]], '센량 엔물해', 0.027363196055978818), ([[1110, 182], [1526, 182], [1526, 262], [1110, 262]], '되어냄움 된조0', 0.007697474686481461), ([[1234, 328], [1512, 328], [1512, 404], [1234, 404]], '압력어0603', 0.016460371585670312), ([[1238, 398], [1506, 398], [1506, 478], [1238, 478]], '@ @제언0', 0.007991534602089454), ([[1282, 472], [1460, 472], [1460, 546], [1282, 546]], '@종양)', 0.1033129021525383), ([[156, 834], [583, 834], [583, 921], [156, 921]], '@따문 에@ @원미', 0.01011920262438653), ([[58, 910], [594, 910], [594, 990], [58, 990]], '@문@권움 %음 (망로@늄', 0.0018193994680514114), ([[62, 980], [616, 980], [616, 1060], [62, 1060]], '센화 @정@ 굉어진@고', 0.03018022374545875), ([[57, 1050], [623, 1050], [623, 1135], [57, 1135]], '씹에터 @여 @장@멘)', 0.002329766058367891), ([[1136.8994530298025, 108.07606181457798], [1235.4782686447068, 130.15825791501143], [1219.1005469701975, 195.923938185422], [1120.5217313552932, 173.84174208498857]], '각', 0.03264532406801046), ([[44.84090277120426, 828.0749513382729], [171.2757534148528, 845.4627828146193], [158.15909722879573, 922.9250486617271], [30.724246585147192, 905.5372171853807]], '@@드', 0.554906452654752)]
[([[1184, 26], [1504, 26], [1504, 106], [1184, 106]], '@@ 온출락', 0.17762180474590156), ([[1116, 98], [1566, 98], [1566, 178], [1116, 178]], '팬@씬움 $진요03', 0.0006734480855607746), ([[1168, 172], [1466, 172], [1466, 248], [1168, 248]], '@원 @터]](', 0.009522017912741761), ([[1193, 247], [1496, 247], [1496, 313], [1193, 313]], '@맵3 @밟.}', 0.015156783325474264), ([[1282, 316], [1492, 316], [1492, 390], [1282, 390]], '@ 태외', 0.06953324394921234), ([[1162, 386], [1526, 386], [1526, 464], [1162, 464]], '센문 더@인되', 0.021019977319791997), ([[172, 792], [364, 792], [364, 868], [172, 868]], '@0 %0', 0.14838763184547885), ([[77, 857], [457, 857], [457, 941], [77, 941]], '동완영) @현제', 0.02103875705310066), ([[97, 931], [437, 931], [437, 1015], [97, 1015]], '@출름 (림픽', 0.025648824265551002), ([[50, 1006], [482, 1006], [482, 1082], [50, 1082]], '@현 @) @로@', 0.039699164857465975), ([[1203.9286568319887, 310.0720605567174], [1298.5093580761338, 334.2414602985631], [1280.0713431680113, 399.9279394432826], [1185.4906419238662, 375.7585397014369]], "@6'", 0.5215043037921898)]
[([[1258, 40], [1568, 40], [1568, 126], [1258, 126]], '@품/운운원)', 0.08917460012615755), ([[1339, 116], [1485, 116], [1485, 192], [1339, 192]], '@원0', 0.2193873732901814)]
[([[1055, 96], [1571, 96], [1571, 181], [1055, 181]], '@덩이해 업계집철', 0.005404221041077512), ([[1185, 167], [1531, 167], [1531, 251], [1185, 251]], '문 @@인데', 0.10365979584624119), ([[1068, 242], [1562, 242], [1562, 320], [1068, 320]], '@ @런 @안 &젠 ', 0.0767823777945225), ([[32, 773], [474, 773], [474, 854], [32, 854]], '@3 젯멘 {어-린움', 0.00229075128108293), ([[90, 844], [417, 844], [417, 924], [90, 924]], '@손음 @어제', 0.22916016849172285), ([[25, 917], [479, 917], [479, 1001], [25, 1001]], '@정` -계 @들몽', 0.005771207086692286), ([[118, 990], [350, 990], [350, 1068], [118, 1068]], '심없터가{', 0.004919021686641032), ([[1107.9286568319887, 166.07206055671742], [1205.5589983564382, 191.3805451240066], [1187.0713431680113, 255.92793944328258], [1089.4410016435618, 231.6194548759934]], '숙', 0.11603898579961935)]
[([[1250, 40], [1502, 40], [1502, 114], [1250, 114]], '원@ 웬@$', 0.019955825729466744), ([[1193, 103], [1555, 103], [1555, 189], [1193, 189]], '@랜템 문의', 0.014036833565373568), ([[1274, 178], [1470, 178], [1470, 256], [1274, 256]], '; 울론', 0.04619568985819212), ([[1196, 250], [1556, 250], [1556, 330], [1196, 330]], '알외 @없예@0', 0.01898390442712015), ([[155, 759], [493, 759], [493, 844], [155, 844]], '@훨로 센희움', 0.0018384187999708878), ([[53, 830], [509, 830], [509, 914], [53, 914]], '@@종입 합문하의', 0.0020064456463545237), ([[31, 905], [533, 905], [533, 989], [31, 989]], '@의로로 콤문립렉핵', 0.005954184203569579), ([[77.91424942966802, 759.0740208365764], [175.39122478329864, 779.9389877160077], [158.08575057033198, 847.9259791634236], [61.608775216701375, 827.0610122839923]], '@(', 0.9785537909494789)]
[([[430, 552], [1098, 552], [1098, 650], [430, 650]], '움움 애널 보미 붓카켓', 0.10048820772859737)]
[]
[]
[]
[]
[]
[([[501, 505], [759, 505], [759, 593], [501, 593]], '음모 잇음', 0.44183740537496796), ([[430, 598], [1096, 598], [1096, 696], [430, 696]], '움움 애널 보혀 붓카게', 0.11805495340017891)]
[]
[]
[]
[]
[]
