2041175
48
[([[363, 287], [423, 287], [423, 443], [363, 443]], '전', 0.9962535489410165), ([[343, 246], [651, 246], [651, 979], [343, 979]], '빚', 0.03400502230495683)]
[]
[]
[([[410, 430], [518, 430], [518, 478], [410, 478]], '난 그녀의', 0.9929279227158465), ([[410, 472], [518, 472], [518, 520], [410, 520]], '이름조차', 0.8799433708190918), ([[423, 517], [505, 517], [505, 561], [423, 561]], '모르다', 0.8966147542476088), ([[373, 971], [483, 971], [483, 1015], [373, 1015]], '알고 있는', 0.5994021268824661), ([[379, 1013], [479, 1013], [479, 1057], [379, 1057]], '것이라고', 0.6952070557052391), ([[377, 1055], [433, 1055], [433, 1099], [377, 1099]], '하면', 0.999133570773099)]
[([[368, 116], [422, 116], [422, 144], [368, 144]], '다체로', 0.5256885334861666), ([[366, 142], [424, 142], [424, 174], [366, 174]], '이공원', 0.9998069469260338), ([[776, 132], [848, 132], [848, 164], [776, 164]], '평일 아침', 0.9984009533057636), ([[567, 151], [625, 151], [625, 187], [567, 187]], '조강올', 0.1473635540280862), ([[782, 158], [844, 158], [844, 188], [782, 188]], '6시대에', 0.9975801110267639), ([[368, 170], [422, 170], [422, 200], [368, 200]], '화장실', 0.9998896735141934), ([[364, 196], [430, 196], [430, 226], [364, 226]], '부근에서', 0.965156614780426), ([[555, 181], [639, 181], [639, 217], [555, 217]], '한다는 것', 0.9627123864839875), ([[362, 224], [428, 224], [428, 254], [362, 254]], '엇갈리고', 0.9968815445899963), ([[744, 438], [786, 438], [786, 470], [744, 470]], '눈이', 0.9966550125899514), ([[728, 470], [802, 470], [802, 502], [728, 502]], '마주치면', 0.9976140260696411), ([[734, 500], [796, 500], [796, 532], [734, 532]], '가볍게', 0.6652251670671541), ([[728, 530], [802, 530], [802, 562], [728, 562]], '인사하는', 0.8566814661026001), ([[275, 553], [339, 553], [339, 589], [275, 589]], '그리고', 0.9999889879256574), ([[743, 559], [785, 559], [785, 595], [743, 595]], '정도', 0.9998582209455565), ([[255, 585], [357, 585], [357, 625], [255, 625]], '유부너라는', 0.7993399216734707), ([[283, 621], [329, 621], [329, 657], [283, 657]], '사실', 0.9996578690284197), ([[148, 882], [204, 882], [204, 914], [148, 914]], '그치질', 0.8592444893550827), ([[138, 912], [212, 912], [212, 942], [138, 942]], '않네요  `', 0.22624028833058818)]
[([[612, 122], [640, 122], [640, 146], [612, 146]], '비', 0.9995228621426442), ([[706, 116], [732, 116], [732, 140], [706, 140]], '아 ', 0.4908398904246057), ([[550, 134], [600, 134], [600, 164], [550, 164]], '그치질', 0.8782233419086591), ([[668, 140], [702, 140], [702, 166], [668, 166]], '네?', 0.9996064554137145), ([[548, 160], [600, 160], [600, 192], [548, 192]], '않네요', 0.3629149204603032), ([[256, 184], [304, 184], [304, 210], [256, 210]], '저기 `', 0.2193460315465927), ([[381, 145], [397, 145], [397, 235], [381, 235]], '물', 0.008125793149958371), ([[184, 212], [252, 212], [252, 244], [184, 244]], '장마철은', 0.9768977165222168), ([[196, 242], [240, 242], [240, 268], [196, 268]], '좀더', 0.3026253177918165), ([[192, 268], [244, 268], [244, 298], [192, 298]], '남사조', 0.40020933899099825), ([[102, 296], [138, 296], [138, 326], [102, 326]], '그럴', 0.6956714490533488), ([[86, 322], [138, 322], [138, 352], [86, 352]], '거예요', 0.9975440217864635), ([[793, 499], [809, 499], [809, 545], [793, 545]], '전', 0.9260075291948944), ([[412, 530], [500, 530], [500, 560], [412, 560]], '아침 조랑이', 0.5929483518614149), ([[96, 558], [146, 558], [146, 584], [96, 584]], '저도 ', 0.9787113521871379), ([[428, 558], [478, 558], [478, 584], [428, 584]], '하루의', 0.9959617933664124), ([[88, 584], [156, 584], [156, 616], [88, 616]], '곤란해요', 0.7628672122955322), ([[422, 584], [492, 584], [492, 614], [422, 614]], '자극이라', 0.997521162033081), ([[414, 612], [496, 612], [496, 642], [414, 642]], '난처하네요', 0.8999337109566228), ([[786, 866], [822, 866], [822, 894], [786, 894]], '마일', 0.871065235210161), ([[752, 892], [824, 892], [824, 924], [752, 924]], '달길 만큼', 0.7317515499813714), ([[736, 920], [822, 920], [822, 952], [736, 952]], '좋아하는 줄', 0.8441083517115521), ([[758, 948], [824, 948], [824, 978], [758, 978]], '알앉어요', 0.30032607913017273), ([[62, 1078], [128, 1078], [128, 1108], [62, 1108]], '기억하고', 0.9971415996551514), ([[60, 1104], [128, 1104], [128, 1134], [60, 1134]], '계층나요', 0.20828795433044434)]
[([[776, 138], [822, 138], [822, 166], [776, 166]], '저기 ', 0.8447096315022328), ([[512, 176], [600, 176], [600, 206], [512, 206]], '이상한 뜻은', 0.5307648668769539), ([[434, 208], [508, 208], [508, 240], [434, 240]], '그야 마일', 0.7504661238603977), ([[522, 204], [590, 204], [590, 234], [522, 234]], '아니고요', 0.9999865293502808), ([[430, 236], [510, 236], [510, 268], [430, 268]], '엇갈리논데', 0.9733615442335084), ([[436, 264], [504, 264], [504, 294], [436, 294]], '기억하조', 0.989935466304904), ([[94, 302], [158, 302], [158, 330], [94, 330]], '그럼 조', 0.7999579912115186), ([[668, 622], [738, 622], [738, 648], [668, 648]], '그리고 ', 0.5997269749641418), ([[641, 647], [765, 647], [765, 685], [641, 685]], '달길 때의 눈이', 0.6485178702756386), ([[656, 677], [751, 677], [751, 717], [656, 717]], '인상적이라', 0.9917123155701231), ([[135, 741], [243, 741], [243, 777], [135, 777]], '괜지 기억에', 0.13950271394667135), ([[125, 775], [241, 775], [241, 813], [125, 813]], '남아 있어요""', 0.5311096042086001)]
[([[103, 333], [145, 333], [145, 369], [103, 369]], '그럼:', 0.9011329157096521), ([[101, 363], [145, 363], [145, 399], [101, 399]], '군요:', 0.7775101065635681), ([[250, 556], [294, 556], [294, 588], [250, 588]], '이만', 0.9988676177654712), ([[216, 584], [290, 584], [290, 616], [216, 616]], '갈게요  ', 0.6161807328081296), ([[730, 574], [788, 574], [788, 606], [730, 606]], '초면에', 0.4633274047273645), ([[730, 604], [786, 604], [786, 636], [730, 636]], '실레]', 0.10176808363397623), ([[725, 633], [795, 633], [795, 669], [725, 669]], '범률나?', 0.38031527400016785), ([[352, 784], [390, 784], [390, 810], [352, 810]], '저 ', 0.43822169303894043)]
[([[480, 154], [506, 154], [506, 184], [480, 184]], '또', 0.9995072495127175), ([[459, 185], [529, 185], [529, 223], [459, 223]], '만날 수', 0.9993387460708618), ([[457, 221], [531, 221], [531, 257], [457, 257]], '있나요?', 0.6415360569953918), ([[92, 798], [196, 798], [196, 874], [92, 874]], '이007', 0.004093072842806578)]
[([[138, 176], [200, 176], [200, 208], [138, 208]], '느맛없이', 0.6156710982322693), ([[134, 204], [206, 204], [206, 236], [134, 236]], '무슨 말을', 0.6318100631394331), ([[138, 232], [204, 232], [204, 260], [138, 260]], '한 거지?', 0.9714378915196741), ([[88, 296], [138, 296], [138, 326], [88, 326]], '유부녀', 0.5610907721094031), ([[86, 324], [140, 324], [140, 354], [86, 354]], '상대로', 0.9998885034978182), ([[88, 352], [142, 352], [142, 382], [88, 382]], '활 말이', 0.28933543504477854), ([[80, 378], [146, 378], [146, 408], [80, 408]], '아니잡아', 0.5845487117767334)]
[([[432, 140], [464, 140], [464, 166], [432, 166]], '아', 0.9997520600481948), ([[102, 166], [140, 166], [140, 196], [102, 196]], '벌써', 0.9998347883513659), ([[86, 192], [154, 192], [154, 224], [86, 224]], '출근해요', 0.9974936246871948), ([[376, 192], [444, 192], [444, 224], [376, 224]], '죄송해요', 0.9917449355125427), ([[215, 205], [275, 205], [275, 271], [215, 271]], '(죽', 0.5109328570949879), ([[184, 396], [256, 396], [256, 422], [184, 422]], '어젯밤에는', 0.5968184704538815), ([[718, 404], [776, 404], [776, 430], [718, 430]], '남편한데', 0.7771869897842407), ([[192, 420], [250, 420], [250, 446], [192, 446]], '평소처럼', 0.9990735650062561), ([[714, 426], [778, 426], [778, 452], [714, 452]], '아침도 안', 0.9418474451800024), ([[184, 444], [258, 444], [258, 468], [184, 468]], '나간다고: ', 0.4067147448834326), ([[716, 450], [774, 450], [774, 476], [716, 476]], '차려주고', 0.9992180466651917), ([[714, 474], [780, 474], [780, 504], [714, 504]], '팔자 증네', 0.25208602060383295), ([[578, 598], [624, 598], [624, 622], [578, 622]], '자세히', 0.9989075437480867), ([[593, 625], [623, 625], [623, 643], [593, 643]], '확이', 0.8935488390423325), ([[576, 646], [622, 646], [622, 670], [576, 670]], '해야지', 0.8323780543893071), ([[792, 630], [844, 630], [844, 662], [792, 662]], '이쪽은', 0.9963861599712841), ([[790, 658], [848, 658], [848, 690], [790, 690]], '일인데?', 0.9985568523406982), ([[194, 890], [244, 890], [244, 918], [194, 918]], '어쨌든', 0.9989727139472961), ([[194, 914], [246, 914], [246, 944], [194, 944]], '한동안', 0.9998273187794426), ([[200, 940], [236, 940], [236, 970], [200, 970]], '외출', 0.9998851939149822), ([[128, 976], [166, 976], [166, 1006], [128, 1006]], '그럼', 0.9990992721197766), ([[194, 966], [246, 966], [246, 994], [194, 994]], '금지야', 0.999110896138036), ([[110, 1002], [176, 1002], [176, 1032], [110, 1032]], '다녀올게', 0.9754681587219238), ([[654, 996], [706, 996], [706, 1026], [654, 1026]], '변수도', 0.9988188411771368), ([[646, 1022], [716, 1022], [716, 1054], [646, 1054]], '생기니까', 0.9785356521606445), ([[206, 1116], [246, 1116], [246, 1140], [206, 1140]], '"다녀', 0.995767744346534), ([[202, 1140], [248, 1140], [248, 1164], [202, 1164]], '오세요', 0.998828475229955), ([[105.26484056798412, 700.0452086006713], [203.99109424758566, 742.6732130410408], [181.73515943201588, 792.9547913993287], [82.00890575241432, 749.3267869589592]], '소 찮 .', 0.006763254105836596)]
[([[789, 163], [805, 163], [805, 187], [789, 187]], '번', 0.9999074957306675), ([[112, 198], [158, 198], [158, 224], [112, 224]], '내리실', 0.9995028898590902), ([[789, 187], [805, 187], [805, 233], [789, 233]], '열', 0.3149844026279993), ([[120, 222], [154, 222], [154, 250], [120, 250]], '문은', 0.9999013777989344), ([[114, 244], [160, 244], [160, 274], [114, 274]], '오른쪽', 0.9998269058359159), ([[114, 270], [160, 270], [160, 296], [114, 296]], '입니다', 0.9982528624279201), ([[758, 492], [804, 492], [804, 518], [758, 518]], '그후로', 0.9710924818841868), ([[131, 529], [161, 529], [161, 549], [131, 549]], '역시', 0.9978983626198966), ([[752, 516], [810, 516], [810, 544], [752, 544]], '며칠동안', 0.9900211095809937), ([[116, 552], [176, 552], [176, 576], [116, 576]], '마지막에', 0.9935356974601746), ([[758, 540], [804, 540], [804, 568], [758, 568]], '그녀지', 0.39150932259276555), ([[120, 574], [172, 574], [172, 600], [120, 600]], '한 말이', 0.9955422282218933), ([[742, 564], [822, 564], [822, 592], [742, 592]], '보지 못있다', 0.3344374993963144), ([[109, 596], [180, 596], [180, 626], [109, 626]], '원인이켓지', 0.9146736182095208), ([[750, 964], [796, 964], [796, 988], [750, 988]], '만나고', 0.998443535695645), ([[752, 986], [796, 986], [796, 1012], [752, 1012]], '싶다고', 0.986043393611908), ([[358, 1006], [436, 1006], [436, 1036], [358, 1036]], '후회할 만큼', 0.9596976869218722), ([[748, 1010], [800, 1010], [800, 1040], [748, 1040]], '한 말을', 0.2646677436069663), ([[356, 1032], [440, 1032], [440, 1060], [356, 1060]], '진심이엿단걸', 0.2703737406874326), ([[366, 1056], [428, 1056], [428, 1082], [366, 1082]], '까달앉다', 0.8639878034591675)]
[([[646, 124], [720, 124], [720, 150], [646, 150]], '흐려지다가', 0.996972402335991), ([[634, 148], [718, 148], [718, 174], [634, 174]], '9시 이루어는', 0.5525350413867472), ([[218, 170], [264, 170], [264, 200], [218, 200]], '올해는', 0.825209442304484), ([[630, 172], [720, 172], [720, 198], [630, 198]], '내리기 시작대', 0.7400768805645531), ([[210, 194], [270, 194], [270, 220], [210, 220]], '평년보다', 0.9948001503944397), ([[652, 196], [698, 196], [698, 220], [652, 220]], '그대로', 0.9999465915911225), ([[194, 218], [286, 218], [286, 244], [194, 244]], '10일이나 빠른', 0.953768145478608), ([[645, 216], [704, 216], [704, 246], [645, 246]], '장마철로', 0.9997268915176392), ([[204, 242], [264, 242], [264, 268], [204, 268]], '장마철로', 0.999805748462677), ([[646, 242], [706, 242], [706, 270], [646, 270]], '들어갈 것', 0.7686058365015472), ([[646, 266], [708, 266], [708, 296], [646, 296]], '같습니다', 0.7099153399467468), ([[730, 610], [776, 610], [776, 636], [730, 636]], '앞으로', 0.9798050113451496), ([[732, 632], [776, 632], [776, 660], [732, 660]], '평일은', 0.998344792344165), ([[728, 656], [778, 656], [778, 684], [728, 684]], '달걀 수', 0.42082273960113525), ([[721, 678], [785, 678], [785, 709], [721, 709]], '있는날도', 0.2924315631389618), ([[722, 704], [786, 704], [786, 734], [722, 734]], '줄어들 것', 0.8516229572359735), ([[736, 728], [770, 728], [770, 754], [736, 754]], '같고', 0.40611399330877657), ([[385, 869], [401, 869], [401, 907], [385, 907]], '월', 0.009519453146198897), ([[385, 909], [401, 909], [401, 949], [385, 949]], '왜', 0.04981313518132269), ([[514, 934], [538, 934], [538, 970], [514, 970]], '7', 0.405450388825912), ([[76, 1060], [130, 1060], [130, 1086], [76, 1086]], '9시부터', 0.9181671142578125), ([[86, 1084], [120, 1084], [120, 1108], [86, 1108]], '라고', 0.9999542288293288), ([[80, 1108], [126, 1108], [126, 1136], [80, 1136]], '랫는데', 0.17931761955427789)]
[([[559, 717], [629, 717], [629, 749], [559, 749]], '요전에는"', 0.45816428800399095), ([[176, 784], [236, 784], [236, 812], [176, 812]], '휴일에도', 0.9560167193412781), ([[494, 794], [584, 794], [584, 820], [494, 820]], '이상한 말해서', 0.7633557870883585), ([[168, 808], [246, 808], [246, 838], [168, 838]], '달리실 줄은', 0.9826249897410153), ([[502, 818], [576, 818], [576, 844], [502, 844]], '죄송합니다', 0.7066867577082763), ([[172, 832], [242, 832], [242, 860], [172, 860]], '올찾어요 "', 0.26666245145366463), ([[618, 1080], [664, 1080], [664, 1108], [618, 1108]], "'오늘은", 0.9991589188575745), ([[200, 1098], [268, 1098], [268, 1122], [200, 1122]], '어째서조?', 0.9306993112427867), ([[524, 1096], [558, 1096], [558, 1124], [524, 1124]], '신경', 0.9996433719963612), ([[600, 1104], [670, 1104], [670, 1130], [600, 1130]], '어쩌다보니', 0.9996846535618994), ([[94, 1114], [134, 1114], [134, 1138], [94, 1138]], '에 ?', 0.7946685113478148), ([[506, 1118], [574, 1118], [574, 1144], [506, 1144]], '쓰이신다면', 0.9385502291460739), ([[516, 1142], [562, 1142], [562, 1168], [516, 1168]], '코스홀', 0.35871909255163204), ([[510, 1166], [570, 1166], [570, 1192], [510, 1192]], '바줄게요', 0.713584303855896), ([[313.3970077642288, 1013.030376865865], [403.77886423066127, 1082.386082962608], [372.6029922357712, 1123.969623134135], [281.22113576933873, 1054.613917037392]], '1*', 0.7337437249545522)]
[([[649, 127], [711, 127], [711, 165], [649, 165]], '요전에', 0.9872948009376031), ([[647, 163], [711, 163], [711, 199], [647, 199]], '만나고', 0.9722977888860846), ([[649, 195], [711, 195], [711, 235], [649, 235]], '싶다고', 0.9934948386180541), ([[139, 223], [245, 223], [245, 261], [139, 261]], '무슨 듯으로', 0.8603698764429588), ([[653, 227], [705, 227], [705, 265], [653, 265]], '한말', 0.9998352940891105), ([[133, 259], [251, 259], [251, 295], [133, 295]], '하신 건가요?', 0.9824004314190214), ([[731, 633], [793, 633], [793, 669], [731, 669]], '그녀의', 0.9629263281822205), ([[729, 665], [795, 665], [795, 705], [729, 705]], '복잡하', 0.5066920358442175), ([[739, 703], [785, 703], [785, 739], [739, 739]], '표정', 0.9997030462209338), ([[647, 837], [717, 837], [717, 877], [647, 877]], '젖은 몸', 0.9919851422309875), ([[135, 991], [223, 991], [223, 1031], [135, 1031]], '비에 섞여', 0.9781144415998531), ([[137, 1025], [221, 1025], [221, 1065], [137, 1065]], '은은하게', 0.9924618005752563), ([[135, 1061], [223, 1061], [223, 1097], [135, 1097]], '나는 체취', 0.8628763847263727)]
[([[729, 167], [793, 167], [793, 207], [729, 207]], '솔직히', 0.9992947782677651), ([[721, 203], [803, 203], [803, 241], [721, 241]], '끌어안고', 0.9700607657432556), ([[719, 235], [791, 235], [791, 275], [719, 275]], '싶없다 "', 0.6378374949528207)]
[([[733, 419], [753, 419], [753, 443], [733, 443]], '그', 0.999947548600403), ([[670, 462], [710, 462], [710, 492], [670, 492]], '그만', 0.9999904748255235), ([[660, 490], [718, 490], [718, 522], [660, 522]], '두세요', 0.9999494822426453), ([[620, 706], [658, 706], [658, 732], [620, 732]], '저 ', 0.9295185315622425), ([[610, 736], [668, 736], [668, 768], [610, 768]], '평소엔', 0.995077848594659), ([[539, 757], [599, 757], [599, 793], [539, 793]], '이렇게', 0.49832806005091074), ([[532, 790], [606, 790], [606, 822], [532, 822]], '강압적인', 0.9492696523666382), ([[542, 820], [600, 820], [600, 852], [542, 852]], '성격이', 0.984605866018843), ([[531, 849], [603, 849], [603, 885], [531, 885]], '아난데', 0.5787889748736693), ([[743, 823], [803, 823], [803, 889], [743, 889]], '7"', 0.8404452730332846)]
[([[509, 49], [579, 49], [579, 87], [509, 87]], '2.8@', 0.0006429599015973508), ([[151, 213], [233, 213], [233, 249], [151, 249]], '이런 짓:"', 0.7379308518302256), ([[37, 451], [173, 451], [173, 537], [37, 537]], '[#-/', 0.03572441637516022), ([[580, 632], [654, 632], [654, 662], [580, 662]], '요전에도', 0.9462780356407166), ([[572, 662], [660, 662], [660, 694], [572, 694]], '그랫지만 .', 0.27718229664556626), ([[450, 832], [490, 832], [490, 864], [450, 864]], '당신', 0.9999867659152165), ([[431, 861], [509, 861], [509, 897], [431, 897]], '앞에서는', 0.3966016471385956), ([[338, 894], [432, 894], [432, 926], [338, 926]], '무작정 몸이', 0.6762488055910373), ([[337, 921], [433, 921], [433, 957], [337, 957]], '움직이는 것', 0.6897684879806406), ([[355, 953], [415, 953], [415, 989], [355, 989]], '같아요', 0.9979807950553099), ([[148, 1128], [364, 1128], [364, 1230], [148, 1230]], '닷@@', 0.016486648754429806), ([[281.4708377514312, 58.13085895830087], [331.5794405019817, 9.018672219283877], [439.5291622485688, 133.86914104169912], [389.4205594980183, 181.98132778071613]], '#;', 0.7609511051408812), ([[24.7426694080676, 64.32507598742984], [197.98468368072778, 42.09946236011305], [202.2573305919324, 113.67492401257016], [30.01531631927221, 135.90053763988695]], ')[뇨숲', 0.0031046909280121326), ([[206.71019925882297, 143.29141844352822], [258.4192149875671, 138.22590900911746], [260.28980074117703, 169.70858155647178], [208.58078501243287, 174.77409099088254]], '안돼 ', 0.5616374646311093)]
[([[617, 123], [631, 123], [631, 149], [617, 149]], '응', 0.9920512477038415), ([[456, 150], [492, 150], [492, 178], [456, 178]], '저"', 0.49854202110431733), ([[393, 163], [435, 163], [435, 199], [393, 199]], '결혼', 0.7761037068205663), ([[393, 193], [435, 193], [435, 229], [393, 229]], '햇어', 0.1714085752649462), ([[397, 229], [415, 229], [415, 253], [397, 253]], '요', 0.9999812842291114), ([[116, 490], [182, 490], [182, 520], [116, 520]], '입으로는', 0.9908557534217834), ([[108, 516], [190, 516], [190, 548], [108, 548]], '저랑하지만', 0.785715882448399), ([[106, 544], [192, 544], [192, 574], [106, 574]], '그녀의 몸의', 0.9976111088220053), ([[114, 570], [152, 570], [152, 602], [114, 602]], '반응', 0.999323778654736), ([[454, 634], [520, 634], [520, 664], [454, 664]], '싫어하지', 0.9555694460868835), ([[442, 660], [532, 660], [532, 692], [442, 692]], '안빠다는 걸', 0.18218524787700707), ([[440, 688], [524, 688], [524, 718], [440, 718]], '알 수 있다 :', 0.4709748130605324), ([[91.1911248646676, 1079.0658616744724], [162.9859965494423, 1111.6260502587918], [144.8088751353324, 1149.9341383255276], [73.01400345055772, 1118.3739497412082]], '(,:', 0.04265388121386902)]
[([[310, 184], [366, 184], [366, 246], [310, 246]], '술', 0.045633189088904125), ([[102, 332], [156, 332], [156, 362], [102, 362]], '게다가', 0.9995611125935963), ([[92, 360], [166, 360], [166, 390], [92, 390]], '이 습기와', 0.8094182109321142), ([[92, 388], [164, 388], [164, 418], [92, 418]], '땀이 섞인', 0.6165212465543595), ([[94, 414], [148, 414], [148, 446], [94, 446]], '냄새로:', 0.9913298487663269), ([[14, 548], [88, 548], [88, 600], [14, 600]], '[%오?', 0.019946914166212082), ([[336, 654], [370, 654], [370, 684], [336, 684]], '($', 0.06457081347277212), ([[362, 670], [410, 670], [410, 698], [362, 698]], '7리', 0.24921535323798585), ([[752, 794], [790, 794], [790, 820], [752, 820]], '화요', 0.7310436528503081), ([[756, 822], [792, 822], [792, 852], [756, 852]], '벌써', 0.9997769661632343), ([[40, 828], [94, 828], [94, 876], [40, 876]], '7@', 0.21700071811576707), ([[748, 848], [796, 848], [796, 876], [748, 876]], '이렇게', 0.8078171462866813), ([[740, 876], [798, 876], [798, 904], [740, 904]], '맺어요 ', 0.10687332600355148), ([[451, 901], [471, 901], [471, 923], [451, 923]], '혼', 0.18926659290443482), ([[408, 942], [446, 942], [446, 974], [408, 974]], '말도', 0.9979698003906127), ([[400, 970], [442, 970], [442, 1000], [400, 1000]], '안돼:', 0.6134252332102778), ([[346, 1022], [406, 1022], [406, 1050], [346, 1050]], '이렇게: ', 0.3453130301745459), ([[-4.903277504354291, 166.05115796168224], [47.50852365423989, 132.01617862843372], [129.9032775043543, 269.94884203831776], [76.4914763457601, 304.9838213715663]], '톤', 0.4025021700913136), ([[343.4976792543354, 238.03166610925], [372.485277719861, 232.0295459284099], [389.5023207456646, 324.96833389075], [360.514722280139, 329.9704540715901]], '#', 0.01478248563364254)]
[([[340, 152], [376, 152], [376, 180], [340, 180]], "저논'", 0.2951600515996175), ([[849, 169], [889, 169], [889, 276], [849, 276]], '?', 0.341639013080286), ([[84, 286], [118, 286], [118, 314], [84, 314]], '이월', 0.083774735291091), ([[686, 266], [712, 266], [712, 312], [686, 312]], '~', 0.6120505442371638), ([[84, 312], [148, 312], [148, 344], [84, 344]], '생각이  ', 0.3091623514992425), ([[324, 468], [360, 468], [360, 496], [324, 496]], '그건', 0.9401345138327115), ([[786, 476], [838, 476], [838, 506], [786, 506]], '이렇게', 0.6371364981847758), ([[316, 494], [368, 494], [368, 524], [316, 524]], '당신이', 0.9991375973036465), ([[778, 504], [846, 504], [846, 534], [778, 534]], '젖어는데', 0.4680590331554413), ([[316, 520], [366, 520], [366, 550], [316, 550]], '강제로', 0.9998871958326746), ([[305, 543], [368, 543], [368, 580], [305, 580]], '하니까:', 0.817244291305542), ([[442, 620], [488, 620], [488, 648], [442, 648]], '그럼 .', 0.6032947146037956), ([[432, 646], [504, 646], [504, 676], [432, 676]], '무슨 생각', 0.9967062634146674), ([[430, 672], [504, 672], [504, 704], [430, 704]], '이없어요?', 0.9075351734707945), ([[332, 818], [386, 818], [386, 848], [332, 848]], '하지만', 0.9828166958467566), ([[326, 844], [392, 844], [392, 876], [326, 876]], '손가락올', 0.7741175889968872), ([[332, 872], [386, 872], [386, 902], [332, 902]], '붙들고', 0.9934227041036322), ([[314, 900], [402, 900], [402, 930], [314, 930]], '놓지 말라고', 0.8002762772713025), ([[316, 926], [398, 926], [398, 954], [316, 954]], '하늘데요 ', 0.2655199111259603), ([[120, 1030], [158, 1030], [158, 1058], [120, 1058]], '그런:', 0.31332344736306605), ([[461.2821551048371, 303.03690451692006], [553.9601640774387, 364.25426813456016], [519.7178448951629, 413.96309548307994], [428.03983592256134, 353.74573186543984]], '어:갈@', 0.00010597451182547957), ([[341.37982632705393, 608.0386106164317], [379.4785620332213, 596.0229548544986], [408.62017367294607, 697.9613893835683], [371.5214379667787, 709.9770451455014]], '터', 0.0024935334323240715), ([[297.2828546384055, 651.0516970049982], [333.4831650869637, 634.0233996042741], [374.7171453615945, 729.9483029950018], [337.5168349130363, 746.9766003957259]], '5', 0.5283068111295961), ([[212.34772743714305, 836.0427285222872], [248.4369187385742, 817.0191263802539], [300.6522725628569, 921.9572714777128], [265.5630812614258, 940.9808736197461]], '"', 0.03066478455878241), ([[294.3585363632979, 1037.0343881786703], [334.43054193292454, 1014.0154671323492], [401.6414636367021, 1141.9656118213297], [361.56945806707546, 1164.9845328676508]], '5', 0.28093118191465294)]
[([[21, 23], [87, 23], [87, 63], [21, 63]], '>뒤씨', 0.004655512497586468), ([[385, 87], [423, 87], [423, 125], [385, 125]], '7', 0.18632188786125514), ([[480, 130], [517, 130], [517, 225], [480, 225]], '살', 0.011143471431767304), ([[547, 353], [565, 353], [565, 399], [547, 399]], '질', 0.497538272717609), ([[92, 504], [126, 504], [126, 536], [92, 536]], '점점', 0.9999805282115137), ([[84, 532], [134, 532], [134, 562], [84, 562]], '뜨거워', 0.8112029683450871), ([[90, 560], [126, 560], [126, 586], [90, 586]], '지고', 0.9999757235015667), ([[488, 534], [514, 534], [514, 596], [488, 596]], '국', 0.556910284983644), ([[90, 586], [126, 586], [126, 618], [90, 618]], '있어', 0.993142365889442), ([[236, 590], [268, 590], [268, 632], [236, 632]], '4', 0.8687854055762187), ([[446, 576], [476, 576], [476, 616], [446, 616]], '소', 0.24903185700306896), ([[535, 1229], [553, 1229], [553, 1251], [535, 1251]], '3', 0.9928792377613718), ([[547.4781819497144, 78.03418281782983], [582.0653863505797, 82.57448117464828], [571.5218180502856, 161.96581718217018], [536.9346136494203, 157.42551882535173]], '지', 0.07492263632734453), ([[751.3424040507786, 166.05442430467141], [779.4322367230736, 150.0234221477222], [823.6575959492214, 233.94557569532859], [795.5677632769264, 249.9765778522778]], '국', 0.03196027066428542), ([[602.0521752792359, 302.11391864486745], [628.4620034326982, 280.02677047879496], [687.9478247207641, 350.88608135513255], [661.5379965673018, 373.97322952120504]], '꿀', 0.23143417716542913), ([[175.1210468075817, 565.0778621224576], [209.63582157992684, 554.0405916765708], [231.8789531924183, 630.9221378775424], [198.36417842007316, 641.9594083234292]], '국', 0.3355701740949826), ([[517.2891314594269, 1192.0854389836506], [541.4428556867581, 1179.0328668987208], [571.7108685405731, 1238.9145610163494], [547.5571443132419, 1251.9671331012792]], '{"', 0.1040724913445127)]
[([[791, 133], [841, 133], [841, 177], [791, 177]], "4'", 0.03464743115881757), ([[0, 385], [83, 385], [83, 495], [0, 495]], '0', 0.2632616687617748), ([[87, 369], [203, 369], [203, 535], [87, 535]], '배', 0.0037185526277257047), ([[272.3576165455737, 1051.1430466182294], [373.8761749275864, 1018.8416352441889], [386.6423834544263, 1058.8569533817706], [285.1238250724136, 1091.1583647558111]], '70된고', 0.008410562761127949)]
[([[148, 588], [222, 588], [222, 620], [148, 620]], '달길 때의', 0.5309411306811005), ([[552, 580], [632, 580], [632, 608], [552, 608]], '"저랑하지', 0.599515546661648), ([[142, 616], [228, 616], [228, 648], [142, 648]], '눈이 인상적', 0.9987756527181497), ([[574, 606], [610, 606], [610, 634], [574, 634]], '안는', 0.28283204759116815), ([[150, 644], [212, 644], [212, 670], [150, 670]], "이라고: '", 0.5927687673893574), ([[562, 634], [622, 634], [622, 662], [562, 662]], '건가요?', 0.9994319081306458), ([[86, 706], [160, 706], [160, 736], [86, 736]], '만난 날에', 0.9939506139455491), ([[80, 732], [166, 732], [166, 760], [80, 760]], '그러석조   ?', 0.6673125806857246), ([[84, 1004], [130, 1004], [130, 1032], [84, 1032]], '네:?', 0.7544989709244285)]
[([[666, 162], [710, 162], [710, 192], [666, 192]], "저'", 0.241399622554355), ([[146, 306], [186, 306], [186, 334], [146, 334]], '아뇨', 0.999967631373782), ([[79, 377], [155, 377], [155, 413], [79, 413]], '아무것도', 0.9857100248336792), ([[72, 408], [162, 408], [162, 438], [72, 438]], '아니에요"', 0.8391541693307263), ([[264, 1016], [288, 1016], [288, 1042], [264, 1042]], '7', 0.9351474602881105), ([[354, 1036], [454, 1036], [454, 1068], [354, 1068]], '그녀의 표정은', 0.890065926901744), ([[744, 1036], [814, 1036], [814, 1068], [744, 1068]], '무슨 말을', 0.6160297575513383), ([[358, 1064], [446, 1064], [446, 1096], [358, 1096]], '문가루 잇고', 0.15850251168484342), ([[744, 1064], [814, 1064], [814, 1092], [744, 1092]], '하려다가', 0.9584129452705383), ([[360, 1092], [446, 1092], [446, 1124], [360, 1124]], '싶어하는 것', 0.6769808186369568), ([[742, 1090], [814, 1090], [814, 1120], [742, 1120]], '만 건지는', 0.6208233125732586), ([[374, 1118], [432, 1118], [432, 1150], [374, 1150]], '같앉다', 0.8589089126546463), ([[738, 1118], [820, 1118], [820, 1148], [738, 1148]], '모르제지만', 0.9209628423441643)]
[([[760, 386], [822, 386], [822, 414], [760, 414]], '뜨거워: .', 0.26433998828023986), ([[724, 590], [804, 590], [804, 622], [724, 622]], '유부너라는', 0.8946175609027123), ([[728, 618], [798, 618], [798, 646], [728, 646]], '느낌이 안', 0.7364213490374002), ([[728, 646], [786, 646], [786, 676], [728, 676]], '들 만큼', 0.9521924759780047), ([[682, 668], [722, 668], [722, 698], [682, 698]], '강한', 0.967655193072706), ([[333, 687], [417, 687], [417, 723], [333, 723]], '배7-', 0.3093643735074482), ([[676, 696], [718, 696], [718, 726], [676, 726]], '조임 `', 0.4775214195251465)]
[([[338, 820], [362, 820], [362, 852], [338, 852]], '4', 0.9927747105039089), ([[154, 910], [182, 910], [182, 940], [154, 940]], '0', 0.26891349101035544), ([[140, 982], [208, 982], [208, 1034], [140, 1034]], '[해', 0.2965291664621687), ([[378, 1048], [426, 1048], [426, 1122], [378, 1122]], "'", 0.11576952531125873), ([[550, 1074], [574, 1074], [574, 1110], [550, 1110]], '거', 0.17986764504220876), ([[298, 1100], [352, 1100], [352, 1182], [298, 1182]], '집', 0.8437906319186936), ([[577.0769230769231, 1158.3846153846155], [632.4367394278318, 1106.2108685738942], [660.9230769230769, 1143.6153846153845], [605.5632605721682, 1195.7891314261058]], '행', 0.1796463213484225)]
[([[594, 60], [720, 60], [720, 114], [594, 114]], '요방4', 0.016876115126670845), ([[687, 131], [749, 131], [749, 171], [687, 171]], '54', 0.8426371060883281), ([[727, 209], [803, 209], [803, 251], [727, 251]], '5다 ?', 0.02958984300494194), ([[203, 235], [267, 235], [267, 301], [203, 301]], '%물', 0.010481320386741542), ([[740, 354], [786, 354], [786, 386], [740, 386]], '이제:', 0.9866816788207937), ([[745, 385], [799, 385], [799, 421], [745, 421]], '간다', 0.3052452499019389), ([[120, 440], [180, 440], [180, 470], [120, 470]], '그4-', 0.0033855114008121074), ([[534, 1044], [654, 1044], [654, 1184], [534, 1184]], '빚', 0.767218300266709), ([[388.46432841599443, 274.0360302783587], [417.65759594922145, 269.05442430467144], [431.53567158400557, 355.9639697216413], [402.34240405077855, 360.94557569532856]], '7', 0.03612147426381185), ([[679.1921000138062, 488.02333023884773], [781.9052473279763, 470.55570592008144], [815.8078999861938, 688.9766697611523], [713.0947526720237, 707.4442940799186]], '낮', 0.2489112871515653), ([[538.3417354349018, 737.2442560653724], [646.7216313366259, 710.2978117928728], [657.6582645650982, 759.7557439346276], [549.2783686633741, 786.7021882071272]], '나3[콤렉관?', 0.00019699530216545915), ([[229.75495286835692, 987.0554721255976], [320.0683046436895, 945.0408193224577], [393.2450471316431, 1126.9445278744024], [302.9316953563105, 1168.9591806775422]], '올', 0.02948399639848298)]
[([[347, 73], [413, 73], [413, 133], [347, 133]], '[', 0.8093596794567226), ([[118, 146], [186, 146], [186, 178], [118, 178]], '유부너와', 0.9771531820297241), ([[116, 174], [186, 174], [186, 204], [116, 204]], '씩스라니', 0.43986523151397705), ([[110, 202], [188, 202], [188, 228], [110, 228]], '도덕적으로', 0.9908828849693637), ([[124, 228], [178, 228], [178, 258], [124, 258]], '완전히', 0.9995403973605713), ([[116, 256], [186, 256], [186, 286], [116, 286]], '잘못렉다', 0.6006976890241822), ([[598, 408], [674, 408], [674, 480], [598, 480]], '[', 0.7961428256523142), ([[181, 513], [299, 513], [299, 573], [181, 573]], '(교9', 0.07066808372468276), ([[737, 596], [796, 596], [796, 632], [737, 632]], '하지관', 0.5346734547628023), ([[146, 626], [240, 626], [240, 658], [146, 658]], '비가 안 오면', 0.7314888667118398), ([[722, 626], [796, 626], [796, 656], [722, 656]], '그날 이후', 0.6917548274128246), ([[142, 654], [244, 654], [244, 686], [142, 686]], '이 화장실에서', 0.9544486540170916), ([[166, 682], [218, 682], [218, 712], [166, 712]], '서로틀', 0.22162522344323743), ([[152, 708], [234, 708], [234, 740], [152, 740]], '갈구하다는', 0.9425524757817345), ([[102, 770], [168, 770], [168, 802], [102, 802]], '암묵적인', 0.209193155169487), ([[110, 798], [162, 798], [162, 828], [110, 828]], '규칙이', 0.9972798235492742), ([[108, 826], [162, 826], [162, 856], [108, 856]], '생겪다', 0.27792421997215605), ([[202.23701410408782, 44.04871001188489], [288.98901097978717, 85.63702963758865], [264.7629858959122, 133.9512899881151], [178.01098902021286, 92.36297036241135]], '또:?0', 0.0011515715159475803), ([[682.3009300182813, 747.0306022084062], [800.9793771568678, 816.425944089434], [764.6990699817187, 876.9693977915938], [646.0206228431322, 807.574055910566]], '세%9', 0.0005571085297936399)]
[([[756, 124], [792, 124], [792, 154], [756, 154]], '이튿', 0.3637623238050921), ([[754, 150], [792, 150], [792, 182], [754, 182]], '아침', 0.9994001344690749), ([[748, 178], [800, 178], [800, 210], [748, 210]], '임에도', 0.8758612227435367), ([[670, 208], [738, 208], [738, 238], [670, 238]], '그녀와의', 0.8603546619415283), ([[678, 236], [730, 236], [730, 266], [678, 266]], '겪렬한', 0.03994446325877266), ([[678, 262], [728, 262], [728, 294], [678, 294]], '씌스는', 0.1758007357035894), ([[141, 413], [203, 413], [203, 449], [141, 449]], '지금껏', 0.9984900521807656), ([[124, 446], [222, 446], [222, 478], [124, 478]], '맛보지 못한', 0.9231521652605195), ([[126, 476], [220, 476], [220, 508], [126, 508]], '자극이없다', 0.98605495432392), ([[724, 724], [796, 724], [796, 754], [724, 754]], '몇 번이고', 0.9537251990781312), ([[718, 750], [804, 750], [804, 782], [718, 782]], '몸올 섞어도', 0.5020227367319643), ([[630, 774], [680, 774], [680, 802], [630, 802]], '그녀의', 0.9853339195251465), ([[626, 802], [682, 802], [682, 830], [626, 830]], '대한 건', 0.6528303244622371), ([[622, 828], [688, 828], [688, 858], [622, 858]], '아무것도', 0.9977571368217468), ([[612, 854], [700, 854], [700, 886], [612, 886]], '물지 않앗고', 0.17815110405148504), ([[538, 1006], [562, 1006], [562, 1032], [538, 1032]], '다', 0.7828424860324645), ([[97, 1021], [173, 1021], [173, 1057], [97, 1057]], '파고들면', 0.9695165157318115), ([[86, 1054], [186, 1054], [186, 1086], [86, 1086]], '팬지 관계가', 0.09786565512533735), ([[87, 1081], [185, 1081], [185, 1117], [87, 1117]], '끝나버길 것', 0.5345581803203002), ([[105, 1113], [167, 1113], [167, 1149], [105, 1149]], '같앉다', 0.6391996642957826), ([[290.51578249875587, 1131.029416489798], [324.7118565347227, 1125.0638521021217], [341.48421750124413, 1220.970583510202], [306.2881434652773, 1226.9361478978783]], '"', 0.7402905553263395), ([[387.43431457505073, 1131.0402020253553], [421.4417261042994, 1121.0244650613056], [444.56568542494927, 1208.9597979746447], [410.5582738957006, 1218.9755349386944]], '"', 0.007907457575742294)]
[([[418, 144], [468, 144], [468, 174], [418, 174]], '오늘은', 0.9991055972067451), ([[416, 172], [470, 172], [470, 202], [416, 202]], '어단가', 0.7375240186797428), ([[402, 198], [482, 198], [482, 228], [402, 228]], '분위기가  ', 0.7425985462378254), ([[762, 430], [814, 430], [814, 462], [762, 462]], '오늘은', 0.9991487457567539), ([[768, 458], [806, 458], [806, 488], [768, 488]], '일찍', 0.9882534996815242), ([[760, 486], [814, 486], [814, 516], [760, 516]], '앞네요', 0.4339538913236034), ([[744, 646], [796, 646], [796, 676], [744, 676]], '아니면', 0.9996848546186723), ([[750, 674], [788, 674], [788, 698], [750, 698]], '제가', 0.9991026429795148), ([[736, 700], [804, 700], [804, 732], [736, 732]], '늦없나요', 0.6098087430000305), ([[138, 810], [206, 810], [206, 840], [138, 840]], '오랜만에', 0.9916924238204956), ([[118, 836], [224, 836], [224, 868], [118, 868]], '쾌청한 날씨라', 0.5551590449053199), ([[120, 864], [224, 864], [224, 896], [120, 896]], '밝게 보이거나', 0.9357818192490805), ([[108, 938], [160, 938], [160, 968], [108, 968]], '아니면', 0.9840514122058479), ([[114, 964], [154, 964], [154, 994], [114, 994]], '원가', 0.31051094385586503), ([[98, 990], [170, 990], [170, 1022], [98, 1022]], '종은 일이', 0.5025191680304831), ([[100, 1018], [168, 1018], [168, 1048], [100, 1048]], '있없거나', 0.4319942593574524), ([[595, 1033], [627, 1033], [627, 1053], [595, 1053]], "아 '", 0.4297305941581726), ([[544, 1084], [582, 1084], [582, 1114], [544, 1114]], '안녕', 0.9982083021911287), ([[536, 1110], [588, 1110], [588, 1140], [536, 1140]], '하세요', 0.391224988215839)]
[([[668, 482], [704, 482], [704, 512], [668, 512]], '별로:', 0.8818873272866169), ([[610, 572], [668, 572], [668, 600], [610, 600]], '해본 적', 0.7100030048085728), ([[606, 598], [664, 598], [664, 628], [606, 628]], '없어서:', 0.6012425422668457), ([[151, 701], [237, 701], [237, 745], [151, 745]], '벼7 "', 0.13490471243858337), ([[770, 744], [824, 744], [824, 776], [770, 776]], '잘활 수', 0.4941875051846477), ([[762, 772], [826, 772], [826, 802], [762, 802]], '엿든지는', 0.10097090154886246), ([[732, 798], [816, 798], [816, 830], [732, 830]], '모르켓지만', 0.6468802827759604)]
[([[609, 7], [647, 7], [647, 55], [609, 55]], '뇨', 0.06389080806181724), ([[822, 12], [850, 12], [850, 54], [822, 54]], "'", 0.07110188408161378), ([[387, 149], [405, 149], [405, 173], [387, 173]], '추', 0.6681287909906395), ([[772, 152], [824, 152], [824, 182], [772, 182]], '확실히', 0.944847822189331), ([[324, 188], [376, 188], [376, 220], [324, 220]], '충분히', 0.9936364278511147), ([[766, 178], [832, 178], [832, 208], [766, 208]], '어색함은', 0.9908201098442078), ([[330, 216], [368, 216], [368, 246], [330, 246]], '기분', 0.9995355733231162), ([[772, 206], [824, 206], [824, 236], [772, 236]], '있지만', 0.4184186031811363), ([[316, 242], [382, 242], [382, 272], [316, 272]], '좋아요 "', 0.9090629086501109), ([[674, 232], [702, 232], [702, 279], [674, 279]], '5', 0.7066654022090155), ([[338, 418], [364, 418], [364, 448], [338, 448]], '헌', 0.17235938483700952), ([[353, 455], [371, 455], [371, 481], [353, 481]], '헌', 0.05623646790964276), ([[390, 726], [444, 726], [444, 756], [390, 756]], '정성껏', 0.9956255641792305), ([[382, 752], [450, 752], [450, 782], [382, 782]], '해준다는', 0.9208884835243225), ([[382, 780], [450, 780], [450, 810], [382, 810]], '만족감이', 0.9745175838470459), ([[227, 813], [245, 813], [245, 843], [227, 843]], '넷', 0.007106450467949055), ([[398, 806], [436, 806], [436, 838], [398, 838]], '있다', 0.9998363055648246), ([[780, 1020], [830, 1020], [830, 1112], [780, 1112]], '눕', 0.17398596982491998), ([[766, 1107], [815, 1107], [815, 1179], [766, 1179]], "'구", 0.015362622591577177), ([[739, 1207], [775, 1207], [775, 1245], [739, 1245]], '38', 0.23380784688998205), ([[654.2155354594472, 93.07767729723632], [684.1493915422653, 88.16869485911539], [693.7844645405528, 150.9223227027637], [663.8506084577347, 155.8313051408846]], '5', 0.9333252117031066), ([[85.52969736739787, 203.0370934146066], [112.39649116027306, 197.0263162979521], [129.4703026326021, 271.9629065853934], [101.60350883972694, 277.9736837020479]], '빚', 0.19058229603840093), ([[394.2435857346211, 985.0409887585138], [447.8111525965686, 975.2383636394773], [466.7564142653789, 1090.9590112414862], [414.1888474034314, 1100.7616363605227]], '짧', 0.02939470020761803), ([[370.3847043755747, 1106.0316324430744], [419.205664862328, 1096.122383796151], [441.6152956244253, 1214.9683675569256], [392.794335137672, 1224.877616203849]], '꼴', 0.006263370747770447)]
[([[315, 139], [331, 139], [331, 165], [315, 165]], '행', 0.9917536024865434), ([[80, 294], [148, 294], [148, 324], [80, 324]], '언제든지', 0.9808220267295837), ([[642, 302], [676, 302], [676, 328], [642, 328]], '슬슬', 0.550882647830896), ([[80, 348], [146, 348], [146, 378], [80, 378]], '좋아요 "', 0.8065707504910115), ([[94, 322], [130, 322], [130, 348], [94, 348]], '가도', 0.9971253636070104), ([[421, 301], [449, 301], [449, 398], [421, 398]], '[', 0.21732545654293833), ([[626, 352], [678, 352], [678, 382], [626, 382]], '같아요', 0.9854812780386867), ([[630, 324], [674, 324], [674, 356], [630, 356]], '갈것', 0.9864461668557146), ([[202, 464], [284, 464], [284, 520], [202, 520]], '0비', 0.01297025303094908), ([[768, 492], [800, 492], [800, 536], [768, 536]], '7', 0.48929786580471557), ([[790, 516], [822, 516], [822, 556], [790, 556]], '@', 0.07149356204550728), ([[129, 543], [165, 543], [165, 611], [129, 611]], '5', 0.981298849896465), ([[202, 708], [252, 708], [252, 824], [202, 824]], '"', 0.013749457172849644), ([[690, 740], [755, 740], [755, 885], [690, 885]], '5', 0.1134943982782497), ([[128, 892], [156, 892], [156, 934], [128, 934]], '4', 0.3708397257310594), ([[322, 977], [360, 977], [360, 1066], [322, 1066]], '3', 0.1656470878069749), ([[638, 904], [690, 904], [690, 1033], [638, 1033]], '5', 0.975452830688539), ([[672, 992], [700, 992], [700, 1024], [672, 1024]], '8', 0.4041395580090388), ([[224.88755284481306, 64.10403007750918], [264.6553953112131, 45.03590266796057], [300.11244715518694, 128.89596992249082], [260.3446046887869, 147.96409733203944]], '%', 0.13303684316726105), ([[552.3351366892331, 175.07460143262563], [578.4776973164738, 166.03827663786205], [597.6648633107669, 224.92539856737437], [571.5223026835262, 233.96172336213795]], '$', 0.007542397496075104), ([[93.52969736739787, 889.0370934146066], [120.57260897730667, 884.0551538309943], [132.4703026326021, 957.9629065853934], [105.42739102269333, 961.9448461690057]], '살', 0.01091899717324285)]
[([[197, 15], [259, 15], [259, 136], [197, 136]], '#"', 0.09668293670284579), ([[78, 116], [159, 116], [159, 270], [78, 270]], '곁', 0.06389689488944228), ([[119, 331], [161, 331], [161, 458], [119, 458]], '{', 0.06429911540641342), ([[648, 408], [698, 408], [698, 466], [648, 466]], '숲', 0.9552131322982724), ([[721, 409], [761, 409], [761, 445], [721, 445]], "'", 0.19530939158247307), ([[792, 548], [848, 548], [848, 662], [792, 662]], '갖', 0.10425988537317554), ([[770.5814417521281, 912.0146170554309], [819.9633393400887, 921.7828532744917], [791.4185582478719, 1066.985382944569], [743.0366606599113, 1057.2171467255084]], '봄', 0.024124312785023472), ([[376.6409190320383, 1000.1559518377649], [410.6152956244253, 973.0316324430743], [469.3590809679617, 1054.8440481622351], [435.3847043755747, 1081.9683675569256]], '볶', 0.13154293483598067), ([[384.07351789077586, 1057.1087751412585], [409.456762690498, 1035.0261645926676], [470.92648210922414, 1106.8912248587415], [446.543237309502, 1129.9738354073324]], '별', 0.3419936949218396)]
[([[69, 661], [135, 661], [135, 697], [69, 697]], '속옷안', 0.9946567891765223), ([[440, 654], [480, 654], [480, 686], [440, 686]], '오늘"', 0.6086945049048195), ([[57, 693], [143, 693], [143, 729], [57, 729]], '입없어요 "', 0.6989433556909029), ([[216, 1134], [250, 1134], [250, 1164], [216, 1164]], '네?', 0.9997887665302443)]
[([[462, 50], [544, 50], [544, 102], [462, 102]], '+', 0.32645666774664406), ([[514, 216], [580, 216], [580, 244], [514, 244]], '이 번짐  `', 0.15775242317083907), ([[642, 232], [722, 232], [722, 280], [642, 280]], '5다', 0.13349336709779638), ([[794, 278], [856, 278], [856, 310], [794, 310]], '확실히 "', 0.6793942038135041), ([[718, 316], [770, 316], [770, 344], [718, 344]], '스패츠', 0.9129320150808369), ([[704, 344], [780, 344], [780, 372], [704, 372]], "너머로도  '", 0.4463252041959613), ([[118, 474], [172, 474], [172, 502], [118, 502]], '게다가', 0.9998514760155216), ([[116, 500], [172, 500], [172, 530], [116, 530]], '이 바지', 0.5623969928760174), ([[118, 526], [156, 526], [156, 558], [118, 558]], '먹음', 0.98813589826673), ([[560, 786], [592, 786], [592, 820], [560, 820]], '4"', 0.37302994836444164), ([[242.95136234400402, 511.0789914704266], [340.66069093226446, 532.8470493956316], [326.04863765599595, 590.9210085295733], [228.33930906773554, 569.1529506043684]], '사+', 0.18255146320941637)]
[([[302, 440], [326, 440], [326, 466], [302, 466]], '5', 0.05816154773259563), ([[461, 449], [521, 449], [521, 529], [461, 529]], '[', 0.021127751449946608), ([[623, 479], [713, 479], [713, 519], [623, 519]], '{"7"1', 0.14700629658931283), ([[39, 699], [103, 699], [103, 883], [39, 883]], '푹', 0.0014424400429826623), ([[84, 1006], [136, 1006], [136, 1038], [84, 1038]], '질내의', 0.9381569991161165), ([[76, 1032], [140, 1032], [140, 1062], [76, 1062]], '조임으로', 0.9644729495048523), ([[469, 1009], [533, 1009], [533, 1089], [469, 1089]], '해  ', 0.014383465982973576), ([[60, 1060], [160, 1060], [160, 1092], [60, 1092]], '그녀의 긴장이', 0.9957801067645846), ([[68, 1088], [146, 1088], [146, 1116], [68, 1116]], '전해진다 ', 0.6088333214951338), ([[482, 1090], [514, 1090], [514, 1130], [482, 1130]], '13', 0.3768253666287587), ([[494, 1142], [518, 1142], [518, 1174], [494, 1174]], '3', 0.9997432396738901), ([[459.2272685141362, 524.0499675588485], [507.04548074107606, 517.3594318958205], [517.7727314858638, 612.9500324411515], [469.95451925892394, 619.6405681041795]], "'", 0.10575579040370542)]
[([[276, 268], [328, 268], [328, 298], [276, 298]], '가져운', 0.512259916498394), ([[804, 268], [842, 268], [842, 300], [804, 300]], '정말:', 0.9888944900111221), ([[107, 285], [127, 285], [127, 313], [107, 313]], '6', 0.057628646978319154), ([[284, 296], [322, 296], [322, 322], [284, 322]], '여자', 0.9999372860654113), ([[216, 310], [266, 310], [266, 340], [216, 340]], '여기지', 0.9996142429558484), ([[276, 322], [324, 322], [324, 348], [276, 348]], '라고 ', 0.6895475248342061), ([[750, 324], [802, 324], [802, 354], [750, 354]], '들키면', 0.952445466657399), ([[206, 336], [274, 336], [274, 366], [206, 366]], '말아요"""', 0.5521693111433912), ([[750, 352], [800, 352], [800, 380], [750, 380]], '어쩌려', 0.9647375686070807), ([[750, 380], [796, 380], [796, 404], [750, 404]], '고요 ', 0.8830506492260431), ([[110, 456], [146, 456], [146, 486], [110, 486]], '전혀', 0.9954725586545137), ([[92, 482], [166, 482], [166, 514], [92, 514]], '그런 생각', 0.6937655875072187), ([[92, 510], [162, 510], [162, 538], [92, 538]], '안 해요  ', 0.4935780450352502), ([[394, 670], [446, 670], [446, 696], [394, 696]], '아뇨" ', 0.8341333866119385), ([[338, 704], [388, 704], [388, 732], [338, 732]], '오히려', 0.9797093997224838), ([[336, 732], [390, 732], [390, 760], [336, 760]], '거리가', 0.9997993074953428), ([[326, 758], [398, 758], [398, 790], [326, 790]], '좁여진 것', 0.41539143872803924), ([[334, 786], [390, 786], [390, 816], [334, 816]], '같아서', 0.9933238211336202), ([[328, 812], [394, 812], [394, 840], [328, 840]], '기뻐요 ', 0.6970991120973682), ([[490, 844], [578, 844], [578, 900], [490, 900]], '{끊', 0.006112983091555232), ([[770, 896], [836, 896], [836, 928], [770, 928]], '처음으로', 0.9985271692276001), ([[770, 924], [838, 924], [838, 954], [770, 954]], '적극적이', 0.99973464012146), ([[770, 950], [838, 950], [838, 982], [770, 982]], '돼략는데', 0.14080610871315002), ([[474, 1078], [526, 1078], [526, 1108], [474, 1108]], '참으면', 0.9971462143649672), ([[474, 1106], [566, 1106], [566, 1134], [474, 1134]], '실레잡아요  ', 0.7356867885270175), ([[114, 1128], [168, 1128], [168, 1192], [114, 1192]], '4', 0.9112611152094274), ([[466.31671842700024, 258.6334368540005], [560.5894671887023, 238.1351855253033], [569.6832815729997, 289.3665631459995], [475.4105328112977, 309.8648144746967]], "'택-?", 0.005299312062561512), ([[339.20552140300424, 350.6904906657081], [437.6795712194282, 329.24478852761933], [445.79447859699576, 380.3095093342919], [347.3204287805718, 401.75521147238067]], '* 3역', 0.01180907804518938), ([[358.3500052999841, 413.76000847997454], [435.800606721759, 396.7510942539802], [443.6499947000159, 438.23999152002546], [366.199393278241, 456.2489057460198]], '차4 3드', 0.04531535255446695), ([[352.84612552414677, 528.3999263627817], [450.80694084961397, 512.4092731002884], [457.15387447585323, 565.6000736372183], [358.19305915038603, 581.5907268997116]], '5439', 0.6977977752685547), ([[175.31215814362656, 1183.0475386341113], [209.51274635368776, 1171.0263603692285], [241.68784185637344, 1264.9524613658887], [206.48725364631224, 1277.9736396307715]], '4', 0.0485632300774308)]
[([[792, 126], [816, 126], [816, 156], [792, 156]], '[름:', 0.4295392268489943), ([[710, 184], [794, 184], [794, 216], [710, 216]], '[름만이라도', 0.780830138220866), ([[714, 212], [780, 212], [780, 242], [714, 242]], '물어화도', 0.6718199849128723), ([[708, 238], [782, 238], [782, 268], [708, 268]], '돌까요 " ?', 0.36683022183024866), ([[215, 373], [249, 373], [249, 393], [215, 393]], '시:', 0.8899858477967841), ([[150, 416], [210, 416], [210, 442], [150, 442]], '"\'시오리', 0.5938283635202524), ([[158, 444], [196, 444], [196, 468], [158, 468]], '예요', 0.9997633115037503), ([[249, 605], [269, 605], [269, 673], [249, 673]], '흙', 0.20412231423364702), ([[190, 676], [272, 676], [272, 724], [190, 724]], '울림이 씨', 0.44912424223425995), ([[182, 718], [254, 718], [254, 750], [182, 750]], '있는 종은', 0.2578994906863127), ([[178, 746], [256, 746], [256, 774], [178, 774]], '이름이데요', 0.6120163286562755), ([[325, 1204], [398, 1204], [398, 1247], [325, 1247]], ',사/', 0.010236225164335408), ([[149.9194081923158, 14.058555369305434], [225.5442689626192, -1.3508372630804644], [247.0805918076842, 125.94144463069456], [171.4557310373808, 141.35083726308045]], '8?', 0.06228488591309204), ([[-0.31519189844285767, 236.10884860934286], [53.66436383882992, 206.02763393404098], [107.31519189844286, 311.89115139065717], [53.33563616117008, 341.972366065959]], '3"', 0.3344413743940991), ([[525.1504654174618, 1185.0726994212782], [593.8899641821215, 1209.9568076411474], [577.8495345825382, 1252.9273005787218], [509.11003581787844, 1228.0431923588526]], '41>', 0.03341836809930207)]
[([[92, 264], [164, 264], [164, 394], [92, 394]], '{', 0.025796818307771696), ([[325, 318], [377, 318], [377, 392], [325, 392]], '중', 0.18711302380939188), ([[458, 312], [512, 312], [512, 344], [458, 344]], '이름만', 0.9993944976807857), ([[458, 340], [508, 340], [508, 368], [458, 368]], '이라도', 0.9942290827337242), ([[458, 368], [510, 368], [510, 398], [458, 398]], '알아서', 0.9997308970862099), ([[456, 394], [510, 394], [510, 424], [456, 424]], '기쁘다', 0.9994023431570099), ([[100, 510], [152, 510], [152, 540], [100, 540]], '그녀가', 0.9923094873137682), ([[96, 538], [150, 538], [150, 566], [96, 566]], '한층 더', 0.9864381472150747), ([[82, 564], [164, 564], [164, 596], [82, 596]], '사랑스럽게', 0.7955868252630833), ([[90, 592], [158, 592], [158, 622], [90, 622]], '느껴적다', 0.35583552718162537), ([[82, 728], [112, 728], [112, 796], [82, 796]], '좀', 0.9845478110077046), ([[96, 802], [127, 802], [127, 853], [96, 853]], '놈', 0.8387814109846126), ([[131, 943], [151, 943], [151, 967], [131, 967]], '~', 0.02074013546007336), ([[149, 933], [187, 933], [187, 1011], [149, 1011]], '죽', 0.35583967388683746), ([[714.4848456760908, 61.03331170589903], [747.6082287370158, 54.04651320939753], [766.5151543239092, 145.96668829410098], [732.3917712629842, 152.95348679060248]], '"', 0.5052809455812621), ([[650.415793762163, 69.03424697838562], [690.5965812281363, 66.26175893585363], [697.584206237837, 163.96575302161438], [656.4034187718637, 167.73824106414637]], '"\'', 0.14257835221528312), ([[588.5098937119894, 94.03013906711425], [622.5772275722869, 86.04186807574688], [641.4901062880106, 182.96986093288575], [607.4227724277131, 189.95813192425314]], '{', 0.40002087919219775), ([[80.21616227899646, 146.0618223576777], [114.54616275934427, 132.02991888996715], [147.78383772100355, 218.9381776423223], [113.45383724065573, 232.97008111003285]], '!', 0.011755537682849815), ([[212.3203723339694, 958.0581595370226], [245.0478025266983, 952.1396749016378], [256.67962766603057, 1023.9418404629774], [223.9521974733017, 1029.8603250983622]], '{', 0.049501712897069616), ([[85.36417842007317, 1090.0405916765708], [124.43168680490454, 1085.209355691281], [134.63582157992684, 1177.9594083234292], [95.56831319509546, 1181.790644308719]], '', 0.0)]
[([[158, 105], [214, 105], [214, 212], [158, 212]], "'숲", 0.02482032042286414), ([[153, 283], [191, 283], [191, 373], [153, 373]], '국', 0.02293590889149244), ([[702, 334], [774, 334], [774, 364], [702, 364]], '누가 오든', 0.9983447223574172), ([[704, 306], [770, 306], [770, 336], [704, 336]], '아까처럼', 0.9737253189086914), ([[704, 360], [772, 360], [772, 392], [704, 392]], '상관없다', 0.9999359250068665), ([[432, 532], [484, 532], [484, 558], [432, 558]], '그녀와', 0.9924425969602574), ([[416, 560], [498, 560], [498, 590], [416, 590]], '조금이라도', 0.9986990869169737), ([[426, 586], [484, 586], [484, 618], [426, 618]], '더 몸올', 0.6934187110499039), ([[420, 612], [494, 612], [494, 644], [420, 644]], '섞고 싶다', 0.8774762862019304), ([[546, 628], [578, 628], [578, 670], [546, 670]], '국', 0.037326438501869896), ([[595, 743], [639, 743], [639, 785], [595, 785]], '*', 0.02167472455739361), ([[620, 780], [652, 780], [652, 814], [620, 814]], '*', 0.1919382516065946), ([[569, 991], [677, 991], [677, 1173], [569, 1173]], '{', 0.2156605168843848), ([[721, 861], [823, 861], [823, 1157], [721, 1157]], '#', 0.023782967290601142), ([[60.52143796677871, 138.0229548544986], [102.21756914407057, 141.51866235469072], [91.4785620332213, 251.9770451455014], [49.78243085592943, 247.48133764530928]], '{', 0.011895774735164233), ([[740.8669156380993, 710.1079613181162], [784.6090821280803, 687.0309951448124], [825.1330843619007, 773.8920386818838], [781.3909178719197, 796.9690048551876]], '못', 0.04433487727523855), ([[195.54578028645935, 948.0085995625269], [282.1622945681108, 931.0564213345857], [337.4542197135406, 1235.9914004374732], [250.83770543188922, 1252.9435786654144]], "'", 0.6558520624314532)]
[([[247, 135], [391, 135], [391, 177], [247, 177]], '지금가지와   굉장해', 0.6616478452033983), ([[262, 174], [312, 174], [312, 198], [262, 198]], '비교도', 0.9813091541404751), ([[250, 198], [328, 198], [328, 230], [250, 230]], '안 필 만큼', 0.4796973244627576), ([[270, 228], [306, 228], [306, 256], [270, 256]], '기분', 0.9996097424904951), ([[254, 252], [308, 252], [308, 284], [254, 284]], '좋아요', 0.999530693566877), ([[782, 352], [826, 352], [826, 382], [782, 382]], "저도'", 0.993611396823507), ([[740, 420], [810, 420], [810, 448], [740, 448]], '이런 건  ', 0.6684567872552213), ([[696, 480], [750, 480], [750, 510], [696, 510]], '"처음', 0.49869815963450786), ([[694, 510], [752, 510], [752, 542], [694, 542]], '이에요', 0.9969270234421508), ([[158, 692], [204, 692], [204, 720], [158, 720]], '같이 ', 0.9867992975749796), ([[89, 777], [165, 777], [165, 813], [89, 813]], '같이', 0.7756074912075214), ([[444, 914], [484, 914], [484, 946], [444, 946]], '(8', 0.9288838038487366), ([[371, 1029], [409, 1029], [409, 1133], [371, 1133]], '값', 0.09117164743422368), ([[305.1526193728227, 1092.0514788571463], [356.1529506043683, 1084.3393090677355], [369.8473806271773, 1187.9485211428537], [319.8470493956317, 1196.6606909322645]], '강', 0.9541844001189794)]
[([[793, 766], [856, 766], [856, 888], [793, 888]], ';"', 0.10596490392412779), ([[422.55681175878107, 26.008931617770486], [503.4725064332625, 51.1058074862652], [424.44318824121893, 295.9910683822295], [343.5274935667375, 270.8941925137348]], '뇨', 0.06396029648463841), ([[210.28932473564618, 907.014861181944], [417.710269470539, 1064.8747969310823], [329.7106752643538, 1179.9851388180562], [122.289730529461, 1022.1252030689176]], '째', 0.006011688309533136), ([[68.88344093206888, 1123.2055487535513], [134.74657385321908, 1075.0253643576796], [211.11655906793112, 1195.7944512464487], [145.25342614678092, 1243.9746356423204]], '올', 0.03247204916831081)]
[([[736, 210], [788, 210], [788, 266], [736, 266]], '사', 0.040664781274296624), ([[748, 268], [776, 268], [776, 306], [748, 306]], '7', 0.9999816418536653), ([[106, 266], [149, 266], [149, 399], [106, 399]], '?', 0.2246272452094411), ([[236, 301], [293, 301], [293, 432], [236, 432]], '"', 0.9519037634172491), ([[615, 301], [663, 301], [663, 339], [615, 339]], '반', 0.6289139185979344), ([[624, 346], [650, 346], [650, 380], [624, 380]], '7', 0.9858287773568897), ([[765, 569], [833, 569], [833, 609], [765, 609]], '그리고', 0.7729693280913132), ([[761, 601], [833, 601], [833, 643], [761, 643]], '장마도', 0.8785322542187859), ([[743, 635], [853, 635], [853, 679], [743, 679]], '본격화되어', 0.8993224212442366), ([[427, 723], [513, 723], [513, 765], [427, 765]], '우중중하', 0.4497681260108948), ([[425, 757], [511, 757], [511, 799], [425, 799]], '분위기틀', 0.534254789352417), ([[435, 793], [503, 793], [503, 831], [435, 831]], '취감고', 0.5631709663517898), ([[87, 973], [183, 973], [183, 1009], [87, 1009]], '비틀 계속', 0.691443939627466), ([[81, 1003], [149, 1003], [149, 1043], [81, 1043]], '뿌딪다', 0.07720485239418874)]
[]
[([[91, 121], [357, 121], [357, 189], [91, 189]], '(마 ^ / 요5', 0.06086130292206336)]
[([[57, 111], [533, 111], [533, 153], [57, 153]], '#떨  소시 하 " 병노 5 _ 농 * }', 0.003859697408251219), ([[57, 180], [716, 180], [716, 222], [57, 222]], '#;쇼+) 6##* 1-+* 2 + 스럽 30(2*]3 + 5);', 0.004781406338733556), ([[61, 215], [847, 215], [847, 255], [61, 255]], '8 5+3+-7내 : 50* ? 티쇼 디(규 *## <봇내)-+ 7}', 0.0011086843214470562), ([[59, 249], [659, 249], [659, 289], [59, 289]], '* 글 속미|규 ##류+- ? +-0 .*미 *##(} ', 0.000605397438456294), ([[59, 331], [781, 331], [781, 375], [59, 375]], '존화 문 속미- 군 *폐다 <"하 < 논 ###뒷 [ ( +떼교', 0.0001214144261166261), ([[60, 367], [453, 367], [453, 409], [60, 409]], '5 < " 손표# | <= * 나+', 0.006874155920328195), ([[65, 465], [548, 465], [548, 505], [65, 505]], '존화[ + * * 1*숲6내 : 내 : 50', 0.022547068833542513), ([[553, 631], [693, 631], [693, 669], [553, 669]], '1 0 터7절', 0.0713638793766585), ([[723, 631], [821, 631], [821, 669], [723, 669]], "5'0부", 0.05129541829228401), ([[77, 885], [145, 885], [145, 925], [77, 925]], '포{', 0.0038951323808623386), ([[166, 887], [408, 887], [408, 925], [166, 925]], '표^;긋`*+?', 0.00013582742551223565), ([[79, 917], [145, 917], [145, 953], [79, 953]], '출륭', 0.012415264771996773), ([[167, 917], [323, 917], [323, 955], [167, 955]], '차소0중', 0.0775417909026146), ([[82, 948], [134, 948], [134, 980], [82, 980]], '괜?', 0.004617084216156826), ([[155, 947], [579, 947], [579, 985], [155, 985]], '^++오째:/|7어;-교74 맣라,6아*어디|', 8.203732762201416e-07), ([[76, 977], [186, 977], [186, 1013], [76, 1013]], '+감++~<', 0.00536787660707584), ([[207, 977], [441, 977], [441, 1015], [207, 1015]], '@쿠7신니리풀_교미기;', 4.882996484827132e-05), ([[81, 1043], [761, 1043], [761, 1087], [81, 1087]], '* 소 7# > 저 (# 씌#주삶 . 구 " 71그- | 손', 0.0039031759958012466), ([[83, 1079], [262, 1079], [262, 1122], [83, 1122]], '쓸소 ( 도락', 0.06890475776040085), ([[81, 1128], [222, 1128], [222, 1160], [81, 1160]], '버리두,닿의.', 0.0008209212924714418), ([[84, 1158], [560, 1158], [560, 1189], [84, 1189]], '[,어`6;+5 닭,웃풍칭하9형 명초,<^하하풍5', 6.496241591681959e-07), ([[567, 1155], [771, 1155], [771, 1192], [567, 1192]], '리,- +서검/의.', 0.0003612285697697727), ([[83, 1188], [298, 1188], [298, 1218], [83, 1218]], '?리명하어어닭<+;기7', 2.7691714131407485e-05), ([[307, 1195], [341, 1195], [341, 1215], [307, 1215]], '~', 0.20943212574826475), ([[349, 1188], [508, 1188], [508, 1220], [349, 1220]], '닭명이어3웃;더9', 9.536271288120906e-05), ([[514, 1192], [550, 1192], [550, 1216], [514, 1216]], '+기', 0.06744718512377877), ([[558, 1190], [612, 1190], [612, 1216], [558, 1216]], '+실라', 0.012758199346567954), ([[619, 1189], [749, 1189], [749, 1215], [619, 1215]], '이,+서*,풍+', 0.0010992659362675861), ([[80, 1218], [288, 1218], [288, 1248], [80, 1248]], '15 [칭어화6;+라어', 0.0006469476035035857)]
