2041905
27
[([[47, 33], [283, 33], [283, 461], [47, 461]], '꿀', 0.3873543645230626), ([[57, 525], [281, 525], [281, 737], [57, 737]], '떼', 0.13442012671664205), ([[52, 716], [294, 716], [294, 1144], [52, 1144]], '@', 0.9664284140429267), ([[44, 1200], [358, 1200], [358, 1628], [44, 1628]], '@', 0.32846803515127476), ([[75, 2253], [569, 2253], [569, 2409], [75, 2409]], '88$다', 0.008984017185866833)]
[]
[]
[]
[]
[([[686, 1307], [809, 1307], [809, 1382], [686, 1382]], '-', 0.2325959110287137)]
[([[503.272393124891, 1059.089572499564], [548.0, 1082.0], [535.727606875109, 1104.910427500436], [491.0, 1082.0]], '뜰>', 0.002514307552658804)]
[]
[]
[]
[([[876, 82], [1024, 82], [1024, 226], [876, 226]], '이', 0.9984623149014169), ([[1188, 52], [1410, 52], [1410, 244], [1188, 244]], '위', 0.9997220232572204), ([[1033, 183], [1201, 183], [1201, 347], [1033, 347]], '이', 0.9958925788056128), ([[123, 525], [335, 525], [335, 775], [123, 775]], '임', 0.5604549789961908), ([[1371, 1171], [1517, 1171], [1517, 1237], [1371, 1237]], '이거 .', 0.555069088935852), ([[269, 1242], [358, 1242], [358, 1302], [269, 1302]], '네?', 0.9996618304374268), ([[1274, 1227], [1609, 1227], [1609, 1296], [1274, 1296]], '루이에게 주는', 0.7994169026956272), ([[1337, 1289], [1551, 1289], [1551, 1357], [1337, 1357]], '선물이야', 0.9984470385435004), ([[761, 1888], [1043, 1888], [1043, 2092], [761, 2092]], '{7', 0.03303790220580882), ([[416.2427718339808, 441.0114705213655], [723.9108954924164, 644.8911411223352], [603.7572281660192, 820.9885294786345], [296.08910450758356, 617.1088588776648]], '아이', 0.3198026748015322)]
[([[52, 120], [220, 120], [220, 248], [52, 248]], '와', 0.5395256987586805), ([[573, 9], [753, 9], [753, 219], [573, 219]], '두', 0.9987420226153176), ([[1102, 194], [1269, 194], [1269, 259], [1102, 259]], '루이논,', 0.13111703097820282), ([[1142, 260], [1204, 260], [1204, 314], [1142, 314]], '그.', 0.8699360655334063), ([[923, 343], [1083, 343], [1083, 409], [923, 409]], '혼자서', 0.9951442904026061), ([[939, 403], [1071, 403], [1071, 467], [939, 467]], '할 수', 0.9658100605010986), ([[913, 463], [1099, 463], [1099, 529], [913, 529]], '없잖아?', 0.6341429948806763), ([[54, 664], [198, 664], [198, 760], [54, 760]], '어', 0.19792196104135318), ([[555, 657], [715, 657], [715, 721], [555, 721]], '이거틀', 0.29508521348185623), ([[464, 712], [799, 712], [799, 785], [464, 785]], '가랑이 사이에', 0.9336332646967923), ([[561, 777], [711, 777], [711, 841], [561, 841]], '끼면 ', 0.8299804339725106), ([[1234, 740], [1310, 740], [1310, 820], [1234, 820]], '탁', 0.9999028467888174), ([[92, 820], [230, 820], [230, 924], [92, 924]], '아', 0.6947269660757946), ([[808, 824], [1002, 824], [1002, 1036], [808, 1036]], '둥', 0.2353520538904128), ([[936, 1062], [1133, 1062], [1133, 1441], [936, 1441]], '푹', 0.025826777173861615), ([[1286, 1286], [1416, 1286], [1416, 1360], [1286, 1360]], '필요', 0.9999356845149628), ([[1356, 1216], [1566, 1216], [1566, 1292], [1356, 1292]], '이딴 거', 0.9217699555605282), ([[1425, 1281], [1644, 1281], [1644, 1366], [1425, 1366]], '없어요!', 0.7733154892921448), ([[164, 1414], [224, 1414], [224, 1468], [164, 1468]], '아', 0.9995571865211197), ([[111, 1523], [217, 1523], [217, 1587], [111, 1587]], '미안', 0.9991142724711818), ([[1244, 1518], [1370, 1518], [1370, 1594], [1244, 1594]], '빨리', 0.9999581062896108), ([[1393, 1523], [1455, 1523], [1455, 1593], [1393, 1593]], '일', 0.9999661448483153), ([[1188, 1590], [1522, 1590], [1522, 1666], [1188, 1666]], '다녀오세요!', 0.7380487921064501), ([[445, 2079], [557, 2079], [557, 2143], [445, 2143]], '정말', 0.9999984827137908), ([[281, 2229], [497, 2229], [497, 2297], [281, 2297]], '이딴 건.', 0.8851232238482645), ([[572.0424974716199, 1569.019939318876], [732.1711270663078, 1513.2196586257069], [836.9575025283801, 1854.980060681124], [676.8288729336922, 1910.7803413742931]], '꿀', 0.2190455305393222), ([[1425.4700770008692, 1999.010032822948], [1527.7585935359064, 2031.0781393859481], [1445.5299229991308, 2290.989967177052], [1344.2414064640936, 2259.921860614052]], '콩', 0.33933983728553585)]
[([[213, 332], [581, 332], [581, 400], [213, 400]], '메. 메이드로서', 0.7385499894376857), ([[205, 401], [587, 401], [587, 469], [205, 469]], '주인남께서 주신', 0.933161925844461), ([[1351, 321], [1491, 321], [1491, 481], [1351, 481]], '원', 0.21405489582436132), ([[195, 473], [597, 473], [597, 539], [195, 539]], '선물올 버질 수는', 0.494707601874163), ([[286, 542], [513, 542], [513, 610], [286, 610]], '없으니까!', 0.9038923055748527), ([[580, 716], [726, 716], [726, 896], [580, 896]], '원', 0.7632526832204043), ([[100, 852], [508, 852], [508, 924], [100, 924]], '어절 수 없으니까', 0.8521773090551292), ([[205, 927], [405, 927], [405, 991], [205, 991]], '잠깐만 ..', 0.3240819466864691), ([[629, 911], [765, 911], [765, 1069], [629, 1069]], '원', 0.40866347539213166), ([[1526, 828], [1700, 828], [1700, 1036], [1526, 1036]], '원', 0.3640909029548176), ([[1015, 1643], [1127, 1643], [1127, 1771], [1015, 1771]], '원', 0.25055421277571455), ([[1017, 1759], [1125, 1759], [1125, 1877], [1017, 1877]], '원', 0.4253874436588525), ([[581, 1845], [860, 1845], [860, 1913], [581, 1913]], '옷 너머라서', 0.9996861541648836), ([[561, 1915], [887, 1915], [887, 1983], [561, 1983]], '그렇게 자극이', 0.9814797370428672), ([[1000, 1888], [1096, 1888], [1096, 2006], [1000, 2006]], '원', 0.7295418749518525), ([[615, 1985], [827, 1985], [827, 2053], [615, 2053]], '강하지논', 0.5009121298789978), ([[586, 2052], [860, 2052], [860, 2124], [586, 2124]], '않울 거야 ..', 0.39501123076129924), ([[996, 2010], [1098, 2010], [1098, 2138], [996, 2138]], '잎', 0.12399767480297896), ([[109, 2033], [274, 2033], [274, 2381], [109, 2381]], '두', 0.9797106008190894), ([[197, 2333], [289, 2333], [289, 2431], [197, 2431]], '권', 0.24439911715664753), ([[1392.0879217695797, 2.0189146468698382], [1564.434024422424, 32.322280455116626], [1516.9120782304203, 286.98108535313014], [1343.565975577576, 256.67771954488336]], '원', 0.8478696221753843), ([[726.9787858867235, 11.022682451277198], [909.0463490781808, 34.522297451975675], [873.0212141132765, 281.9773175487228], [690.9536509218192, 258.47770254802435]], '원', 0.8309823821640663), ([[767.9304644802842, 284.0318032687733], [908.9769052980812, 323.0153964679459], [860.0695355197158, 487.9681967312267], [720.0230947019188, 448.9846035320541]], '원', 0.2171247724974288), ([[1419.4501717944756, 884.0068717790213], [1576.6934014933252, 950.5819213398912], [1417.5498282055244, 1327.9931282209786], [1260.3065985066748, 1261.418078660109]], '원', 0.799082744139131), ([[537.798683876821, 971.5470592650545], [701.4331117441197, 1103.2885550000246], [471.201316123179, 1382.4529407349455], [307.5668882558802, 1249.7114449999754]], '엉', 0.37474602862852535)]
[([[0, 6], [354, 6], [354, 404], [0, 404]], '가아', 0.4206721834251113), ([[631, 64], [1045, 64], [1045, 224], [631, 224]], '깜짝!!', 0.5261276960372925), ([[689, 143], [795, 143], [795, 207], [689, 207]], '12', 0.9339587958566362), ([[1368, 62], [1592, 62], [1592, 284], [1368, 284]], '셈', 0.016377456189422768), ([[45, 351], [241, 351], [241, 507], [45, 507]], '아', 0.9999347935816196), ([[1473, 313], [1643, 313], [1643, 475], [1473, 475]], '협', 0.11927699541811965), ([[15, 499], [213, 499], [213, 659], [15, 659]], '아', 0.9998846087366928), ([[1228, 560], [1448, 560], [1448, 616], [1228, 616]], '잊어버린 게', 0.9989790230898874), ([[1290, 610], [1392, 610], [1392, 666], [1290, 666]], '있어!', 0.9553737292938822), ([[776, 1200], [876, 1200], [876, 1250], [776, 1250]], '미안!', 0.9748771186803724), ([[140, 1216], [496, 1216], [496, 1289], [140, 1289]], '신경 쓰지 말고', 0.663536357327636), ([[233, 1283], [411, 1283], [411, 1347], [233, 1347]], '계속해!', 0.9738006591796875), ([[583, 1711], [625, 1711], [625, 1755], [583, 1755]], '아', 0.9881125837040408), ([[531, 1841], [607, 1841], [607, 1879], [531, 1879]], '아니', 0.9999828041291119), ([[109, 2047], [429, 2047], [429, 2109], [109, 2109]], '그런게 아니야!', 0.8560842148059359), ([[187, 2107], [351, 2107], [351, 2167], [187, 2167]], '주인남!', 0.7281209832397717), ([[1216, 2120], [1373, 2120], [1373, 2230], [1216, 2230]], '데', 0.611563534828182), ([[1388, 2168], [1532, 2168], [1532, 2376], [1388, 2376]], '꿀', 0.7181223350841925), ([[241.75495286835692, -7.944527874402464], [317.55732678385954, -76.98890227487463], [489.2450471316431, 131.94452787440247], [413.44267321614046, 201.98890227487465]], '오', 0.8667587696700139), ([[76.0428478744543, 648.0183295232572], [258.2734742569472, 608.081459655039], [321.9571521255457, 958.9816704767428], [139.7265257430528, 997.918540344961]], '약', 0.9552268804340294), ([[1349.0925352602196, 1750.1217750297124], [1552.9753201015974, 1728.9671871233666], [1557.9074647397804, 1857.8782249702876], [1354.0246798984026, 1879.0328128766334]], '/', 0.8081070593873854)]
[([[223, 741], [359, 741], [359, 849], [223, 849]], '아', 0.9426699565352727), ([[680, 1562], [780, 1562], [780, 1662], [680, 1662]], '%', 0.07201062161958394), ([[894, 1558], [1052, 1558], [1052, 1678], [894, 1678]], '원유?', 0.10492883008788101), ([[531, 1623], [653, 1623], [653, 1733], [531, 1733]], '원', 0.942859666758423), ([[1002, 1704], [1106, 1704], [1106, 1816], [1002, 1816]], '원', 0.7458772590639597)]
[([[358, 114], [518, 114], [518, 164], [358, 164]], '보너스가', 0.9859113058598283), ([[997, 131], [1063, 131], [1063, 175], [997, 175]], '예?', 0.9999838156485313), ([[140, 142], [262, 142], [262, 196], [140, 196]], '뭐든지', 0.6150719952502556), ([[376, 158], [498, 158], [498, 212], [376, 212]], '나와서', 0.6432658076531806), ([[1614, 146], [1696, 146], [1696, 196], [1614, 196]], '루이', 0.9896656245889395), ([[141, 187], [263, 187], [263, 239], [141, 239]], '말해화', 0.9616354695229401), ([[1492, 314], [1629, 314], [1629, 371], [1492, 371]], '뭐 갖고', 0.9995066362459373), ([[1492, 360], [1624, 360], [1624, 416], [1492, 416]], '싶은 거', 0.8521428700538676), ([[1506, 406], [1618, 406], [1618, 462], [1506, 462]], '없어?', 0.9998400512160631), ([[99, 457], [264, 457], [264, 517], [99, 517]], '아니에요', 0.9993562698364258), ([[52, 622], [186, 622], [186, 676], [52, 676]], '그런 건', 0.7534397779287595), ([[34, 666], [204, 666], [204, 720], [34, 720]], '신경 쓰지', 0.977135698799659), ([[60, 712], [184, 712], [184, 762], [60, 762]], '마세요', 0.9997181648358267), ([[1639, 1595], [1701, 1595], [1701, 1637], [1639, 1637]], '아!', 0.9749773909729348), ([[1452, 1626], [1536, 1626], [1536, 1676], [1452, 1676]], '갖고', 0.9998987647708109), ([[1426, 1670], [1558, 1670], [1558, 1724], [1426, 1724]], '싶은 거', 0.9966215830814014), ([[1432, 1714], [1558, 1714], [1558, 1770], [1432, 1770]], '있어요', 0.9985839805837957), ([[935, 1785], [1141, 1785], [1141, 1857], [935, 1857]], '부래지어가', 0.5448405527709435), ([[954, 1846], [1120, 1846], [1120, 1898], [954, 1898]], '필요해요', 0.9998775124549866), ([[1280, 1898], [1388, 1898], [1388, 1950], [1280, 1950]], '원데?', 0.9970910376364003)]
[([[830, 158], [1056, 158], [1056, 212], [830, 212]], '필요 없올 거', 0.7199099112238478), ([[870, 202], [1018, 202], [1018, 256], [870, 256]], '같은데?', 0.8757697343826294), ([[1360, 153], [1497, 153], [1497, 459], [1360, 459]], '평', 0.9987827669562108), ([[954, 1002], [1126, 1002], [1126, 1056], [954, 1056]], '손도 발도', 0.8493261273179387), ([[1606, 1012], [1699, 1012], [1699, 1067], [1606, 1067]], '하긴,', 0.9332705838341114), ([[668, 1062], [790, 1062], [790, 1114], [668, 1114]], '그렇기', 0.9995101160603067), ([[1594, 1058], [1685, 1058], [1685, 1113], [1594, 1113]], '저논', 0.601596135614154), ([[663, 1107], [805, 1107], [805, 1157], [663, 1157]], '때문에!', 0.9829882383346558), ([[932, 1182], [1058, 1182], [1058, 1234], [932, 1234]], '가슴도', 0.9961778602874257), ([[504, 1212], [628, 1212], [628, 1266], [504, 1266]], '가슴이', 0.9992859694396014), ([[916, 1228], [1050, 1228], [1050, 1282], [916, 1282]], '없어요', 0.999963178440079), ([[486, 1258], [660, 1258], [660, 1310], [486, 1310]], '커 보이는', 0.5396484849629294), ([[476, 1304], [674, 1304], [674, 1356], [476, 1356]], '브래지어틀', 0.3233070166476514), ([[503, 1347], [644, 1347], [644, 1401], [503, 1401]], '원해요!', 0.9913721680641174), ([[133, 1461], [177, 1461], [177, 1505], [133, 1505]], '어', 0.9999504095503653), ([[518, 1916], [684, 1916], [684, 1970], [518, 1970]], '주인남도', 0.9499638676643372), ([[466, 1960], [736, 1960], [736, 2016], [466, 2016]], '가슴 근 여자지', 0.398836861543803), ([[452, 2006], [754, 2006], [754, 2060], [452, 2060]], '좋아하시찮아요?', 0.4015649353594915), ([[1544, 1994], [1666, 1994], [1666, 2046], [1544, 2046]], '그리고', 0.9999947692626615)]
[([[762, 190], [853, 190], [853, 247], [762, 247]], '나는', 0.9708249152627597), ([[680, 234], [935, 234], [935, 295], [680, 295]], '루이의 가슴이', 0.9909709518358635), ([[766, 282], [850, 282], [850, 336], [766, 336]], '좋아', 0.996806090503718), ([[544, 372], [668, 372], [668, 570], [544, 570]], '폭', 0.9950985320386998), ([[1269, 365], [1359, 365], [1359, 523], [1269, 523]], '속', 0.7803132507594093), ([[1500, 472], [1636, 472], [1636, 524], [1500, 524]], '그런 겉', 0.5308239104439476), ([[1482, 516], [1654, 516], [1654, 568], [1482, 568]], '신경 쓰고', 0.9793894266872872), ([[1508, 562], [1630, 562], [1630, 616], [1508, 616]], '있있던', 0.051401639669118135), ([[1514, 608], [1622, 608], [1622, 658], [1514, 658]], '거야?', 0.999939984391846), ([[844, 720], [970, 720], [970, 924], [844, 924]], '신', 0.9999681713729593), ([[614, 1300], [788, 1300], [788, 1352], [614, 1352]], '감도 종고', 0.9900130523474281), ([[1484, 1348], [1726, 1348], [1726, 1402], [1484, 1402]], '폭신독신하고', 0.6763665106221255), ([[1540, 1394], [1668, 1394], [1668, 1448], [1540, 1448]], '귀엽고', 0.9994378543631169), ([[733, 1587], [897, 1587], [897, 1797], [733, 1797]], '말', 0.9999773503632383), ([[41, 1933], [170, 1933], [170, 1989], [41, 1989]], '주인님', 0.5498460752849537), ([[650, 1844], [810, 1844], [810, 1994], [650, 1994]], '량', 0.7786906244520111), ([[668, 2024], [796, 2024], [796, 2188], [668, 2188]], '말', 0.9999562506692463), ([[697, 2189], [835, 2189], [835, 2327], [697, 2327]], '강', 0.06872189828533237), ([[1377.1635758176235, 1815.020589097759], [1587.9910177657027, 1929.447446576725], [1517.8364241823765, 2051.979410902241], [1308.0089822342973, 1938.552553423275]], '선립', 0.0722506778599316)]
[([[1496, 214], [1580, 214], [1580, 264], [1496, 264]], '역시', 0.9567280198882258), ([[1438, 254], [1641, 254], [1641, 316], [1438, 316]], '브래지어는', 0.6178784619408237), ([[1411, 302], [1635, 302], [1635, 362], [1411, 362]], '필요 없어요', 0.9967373789675273), ([[1180, 382], [1342, 382], [1342, 438], [1180, 438]], '주인남이', 0.5386136770248413), ([[1141, 428], [1381, 428], [1381, 484], [1141, 484]], '좋아하신다면', 0.999251244034184), ([[141, 869], [249, 869], [249, 953], [141, 953]], '아', 0.9992306520669594), ([[157, 949], [222, 949], [222, 1068], [157, 1068]], '후', 0.372337405771205), ([[546, 1140], [666, 1140], [666, 1264], [546, 1264]], '아', 0.014222035527136578), ([[713.2349547837564, 892.1747739187817], [842.2389403789815, 879.6523143146263], [845.7650452162436, 959.8252260812183], [716.7610596210185, 972.3476856853737]], '사', 0.9318186346971267)]
[([[1271, 101], [1311, 101], [1311, 169], [1271, 169]], '출', 0.2872953114551855), ([[1278, 162], [1332, 162], [1332, 222], [1278, 222]], '적', 0.3766148537352052), ([[1157, 279], [1201, 279], [1201, 341], [1157, 341]], '출', 0.28598540437062425), ([[1405, 299], [1647, 299], [1647, 367], [1405, 367]], '우으~~~', 0.8766823569725806), ([[1166, 342], [1222, 342], [1222, 402], [1166, 402]], '적', 0.26157073026087474), ([[166, 522], [218, 522], [218, 584], [166, 584]], '흐', 0.9300401006985481), ([[199, 581], [243, 581], [243, 645], [199, 645]], '우', 0.7755035567852389), ([[770, 866], [1014, 866], [1014, 938], [770, 938]], '으양~~~', 0.977214197199697), ([[215, 1237], [344, 1237], [344, 1293], [215, 1293]], '루이가', 0.990195455022704), ([[154, 1284], [406, 1284], [406, 1340], [154, 1340]], '나의 오나혹올', 0.5071697081728552), ([[218, 1330], [342, 1330], [342, 1386], [218, 1386]], '찾있다', 0.39880428283783387), ([[215, 1749], [255, 1749], [255, 1795], [215, 1795]], '루', 0.9785089671717948), ([[80, 1890], [196, 1890], [196, 1940], [80, 1940]], '루이~', 0.7452942132949829), ([[686, 2082], [852, 2082], [852, 2136], [686, 2136]], '깜박하고', 0.355286568403244), ([[614, 2123], [833, 2123], [833, 2185], [614, 2185]], '루이가 당는', 0.9102643948012048), ([[828, 2122], [926, 2122], [926, 2230], [828, 2230]], '꿀대', 0.028959668605274422), ([[619, 2167], [831, 2167], [831, 2227], [619, 2227]], '넣어뒷년 것', 0.4016854440868577)]
[([[245, 99], [359, 99], [359, 141], [245, 141]], '그래도_', 0.949623167514801), ([[1568, 166], [1644, 166], [1644, 214], [1568, 214]], '저논', 0.2874801196433649), ([[1529, 206], [1673, 206], [1673, 254], [1529, 254]], '형편없는', 0.27205973863601685), ([[57, 233], [275, 233], [275, 293], [57, 293]], '성욕 처리논', 0.5997609769957815), ([[876, 248], [998, 248], [998, 298], [876, 298]], '청소도', 0.9996129353387648), ([[1500, 246], [1712, 246], [1712, 294], [1500, 294]], '메이드입니다', 0.7463243452452768), ([[64, 282], [262, 282], [262, 334], [64, 334]], '잘한다고...', 0.3902225396937129), ([[876, 292], [1000, 292], [1000, 346], [876, 346]], '빨래도', 0.999692562754873), ([[817, 473], [940, 473], [940, 525], [817, 525]], '요리도', 0.9999338589727413), ([[766, 520], [990, 520], [990, 570], [766, 570]], '뭐 하나 하지', 0.9989800236049902), ([[798, 566], [960, 566], [960, 620], [798, 620]], '못하는데', 0.53713458776474), ([[52, 854], [246, 854], [246, 904], [52, 904]], '생각햇논데 ..', 0.3587433126626034), ([[227, 1419], [445, 1419], [445, 1483], [227, 1483]], '이제 저논', 0.5371720106770443), ([[1560, 1388], [1736, 1388], [1736, 1460], [1560, 1460]], '어째서!', 0.9941802024841309), ([[189, 1473], [483, 1473], [483, 1537], [189, 1537]], '필요 없나요?', 0.599577608607007), ([[795, 1474], [995, 1474], [995, 1538], [795, 1538]], '오나혹이', 0.3922119736671448), ([[739, 1527], [1055, 1527], [1055, 1595], [739, 1595]], '있든 건가요!?', 0.23172226972188728), ([[137, 1844], [269, 1844], [269, 1898], [137, 1898]], '침착해 ,', 0.46306032503960753), ([[162, 1890], [244, 1890], [244, 1938], [162, 1938]], '루이', 0.9942834471626686), ([[99, 2255], [228, 2255], [228, 2311], [99, 2311]], '주인님', 0.4889958496446429)]
[([[198, 216], [336, 216], [336, 270], [198, 270]], '돕쓸 짓', 0.5543544519034918), ([[138, 262], [394, 262], [394, 316], [138, 316]], '해도 괜찮아요', 0.9993506404573498), ([[1477, 279], [1517, 279], [1517, 331], [1477, 331]], '힘', 0.9998177373019566), ([[1473, 323], [1517, 323], [1517, 367], [1473, 367]], '아', 0.999924661148043), ([[1500, 265], [1663, 265], [1663, 428], [1500, 428]], '{모직', 0.006085329996019891), ([[1430, 368], [1516, 368], [1516, 422], [1430, 422]], '참을', 0.24902863290897906), ([[1570, 368], [1698, 368], [1698, 424], [1570, 424]], '있어요', 0.998183709308786), ([[1002, 536], [1056, 536], [1056, 592], [1002, 592]], '(', 0.993232889515415), ([[377, 957], [441, 957], [441, 997], [377, 997]], '그러', 0.9992779322759812), ([[375, 987], [443, 987], [443, 1031], [375, 1031]], '니까', 0.9380879363605287), ([[1374, 1010], [1544, 1010], [1544, 1060], [1374, 1060]], '또 입으로', 0.9956315969553158), ([[1370, 1056], [1546, 1056], [1546, 1106], [1370, 1106]], '하늘 것도', 0.673060875952906), ([[164, 1090], [288, 1090], [288, 1144], [164, 1144]], '루이틀', 0.5121496092087602), ([[1312, 1100], [1612, 1100], [1612, 1154], [1312, 1154]], '더 잘하면 되니까', 0.7038105886063414), ([[99, 1133], [319, 1133], [319, 1193], [99, 1193]], '버리지 말아:', 0.8436897553764489), ([[648, 1354], [984, 1354], [984, 1668], [648, 1668]], '와', 0.34531480046554464), ([[1533, 1527], [1657, 1527], [1657, 1591], [1533, 1591]], '루이!', 0.9818636753778387), ([[170, 2057], [345, 2057], [345, 2117], [170, 2117]], '난 루이름', 0.8162891091623962), ([[196, 2107], [320, 2107], [320, 2159], [196, 2159]], '절대로', 0.9999925668480367), ([[152, 2152], [364, 2152], [364, 2206], [152, 2206]], '버리지 않아', 0.9805495088911347), ([[1334, 2096], [1644, 2096], [1644, 2386], [1334, 2386]], '락', 0.9705860143733389)]
[([[41, 349], [101, 349], [101, 425], [41, 425]], '우', 0.999635133652621), ([[1570, 536], [1657, 536], [1657, 593], [1570, 593]], '진심', 0.999903822246409), ([[1522, 580], [1670, 580], [1670, 636], [1522, 636]], '인가요?', 0.9998655319213867), ([[832, 690], [916, 690], [916, 738], [832, 738]], '내가', 0.9999453781212709), ([[811, 732], [936, 732], [936, 784], [811, 784]], '루이랑', 0.3169868060236374), ([[780, 778], [968, 778], [968, 832], [780, 832]], '세 , 식스트', 0.2345527478899126), ([[784, 824], [928, 824], [928, 878], [784, 878]], '하는 건.', 0.6797562039897054), ([[554, 858], [680, 858], [680, 910], [554, 910]], '루이틀', 0.35538998883066825), ([[538, 902], [694, 902], [694, 956], [538, 956]], '좋아해서', 0.9946434497833252), ([[528, 948], [704, 948], [704, 1000], [528, 1000]], '그런 거야', 0.7496627661631685), ([[520, 1540], [770, 1540], [770, 1596], [520, 1596]], '이게 주인남이', 0.6444681312699103), ([[558, 1584], [700, 1584], [700, 1640], [558, 1640]], '쓰신 것.', 0.831703281098666), ([[222, 1638], [384, 1638], [384, 1692], [222, 1692]], '버리기논', 0.5401774048805237), ([[194, 1684], [408, 1684], [408, 1738], [194, 1738]], '좀 아깝다는', 0.8878309453274439), ([[194, 1728], [406, 1728], [406, 1782], [194, 1782]], '생각이 들어', 0.7460291624516642), ([[96, 2177], [311, 2177], [311, 2231], [96, 2231]], '왜 오나혹을', 0.3246839173195317), ([[68, 2224], [344, 2224], [344, 2278], [68, 2278]], '노려보는 거야?', 0.642472914566572), ([[75.44618589301315, 406.02194225196564], [130.63284693969234, 414.0164873934479], [110.55381410698685, 545.9780577480343], [55.36715306030765, 537.9835126065522]], '응', 0.16482079358745327), ([[762.1914939927781, 1749.0468483378913], [851.93742463136, 1791.0661159150093], [823.8085060072219, 1848.9531516621087], [734.06257536864, 1806.9338840849907]], '00', 0.9991848929893428)]
[([[1521, 147], [1579, 147], [1579, 189], [1521, 189]], '오!', 0.36291693245818235), ([[832, 332], [922, 332], [922, 382], [832, 382]], '윗다_', 0.3399827897146129), ([[424, 392], [556, 392], [556, 446], [424, 446]], '주인남,', 0.598320484161377), ([[830, 382], [918, 382], [918, 436], [830, 436]], '올어_', 0.13938541413682884), ([[430, 442], [556, 442], [556, 496], [430, 496]], '뭐라도', 0.9665212696941737), ([[400, 492], [588, 492], [588, 546], [400, 546]], '사세나요?', 0.7171594114160836), ([[44, 588], [132, 588], [132, 640], [44, 640]], '후후 .', 0.6789207458496094), ([[94, 1092], [438, 1092], [438, 1170], [94, 1170]], '시/ 스피커야!', 0.3964208087584357), ([[1500, 1124], [1692, 1124], [1692, 1200], [1500, 1200]], '짜잔~!', 0.9688557386398315), ([[708, 1682], [740, 1682], [740, 1748], [708, 1748]], '국', 0.9289772197485178), ([[887, 1809], [951, 1809], [951, 1851], [887, 1851]], '네.', 0.9992822303478188), ([[966, 1812], [990, 1812], [990, 1848], [966, 1848]], '?', 0.9914499482907537), ([[170, 2076], [272, 2076], [272, 2128], [170, 2128]], '좋아!', 0.9986905718317072), ([[106, 2126], [338, 2126], [338, 2182], [106, 2182]], '빨리 씨보자!', 0.6098549913524792), ([[1126.2584475620845, 521.0250239188497], [1424.9971229626053, 601.7484318276528], [1395.7415524379155, 690.9749760811503], [1097.0028770373947, 609.2515681723472]], "'리맑,!", 0.00023392957949862716), ([[1417.067545241665, 593.048434319983], [1553.69407872135, 628.6734155534415], [1530.932454758335, 706.951565680017], [1394.30592127865, 671.3265844465585]], '3어*', 0.08707912658758946), ([[103.96685145944765, 1661.048625470145], [240.47835407296478, 1698.6527480044697], [213.03314854055236, 1788.951374529855], [75.52164592703522, 1751.3472519955303]], '@웬', 0.0041821650542648615)]
[([[1356, 20], [1484, 20], [1484, 158], [1356, 158]], '때', 0.15549149115393934), ([[109, 137], [201, 137], [201, 179], [109, 179]], '저기..', 0.446541428565979), ([[1164, 138], [1274, 138], [1274, 186], [1164, 186]], '무엇올', 0.7767681713001467), ([[795, 181], [883, 181], [883, 221], [795, 221]], '오오!', 0.9738456010818481), ([[1181, 183], [1257, 183], [1257, 227], [1181, 227]], '도와', 0.9999301212402952), ([[795, 223], [883, 223], [883, 267], [795, 267]], '전다!', 0.8343336965080951), ([[1138, 225], [1298, 225], [1298, 269], [1138, 269]], '드럭까요?', 0.4144153867000191), ([[50, 348], [162, 348], [162, 396], [50, 396]], '주인남', 0.40343764424324036), ([[162, 592], [312, 592], [312, 760], [162, 760]], '댁', 0.5762707569375038), ([[326, 938], [506, 938], [506, 988], [326, 988]], '최고기온은', 0.9953502344500228), ([[1542, 930], [1624, 930], [1624, 978], [1542, 978]], '그럼.', 0.9961822628623923), ([[367, 985], [465, 985], [465, 1025], [367, 1025]], "24'0", 0.24707293510437012), ([[1561, 975], [1633, 975], [1633, 1017], [1561, 1017]], '내일', 0.9999938465656626), ([[95, 1039], [137, 1039], [137, 1075], [95, 1075]], '오', 0.9999992847443906), ([[326, 1022], [506, 1022], [506, 1072], [326, 1072]], '최저기온은', 0.996340405165895), ([[1282, 1008], [1392, 1008], [1392, 1056], [1282, 1056]], '내일은', 0.9999227781711787), ([[1537, 1017], [1663, 1017], [1663, 1061], [1537, 1061]], '날씨는?', 0.600182831287384), ([[77, 1075], [181, 1075], [181, 1119], [77, 1119]], '고마위', 0.5373464873286475), ([[371, 1069], [465, 1069], [465, 1109], [371, 1109]], '18빌0', 0.1444692611694336), ([[1297, 1051], [1376, 1051], [1376, 1096], [1297, 1096]], '비가', 0.6568373945972629), ([[363, 1109], [471, 1109], [471, 1153], [363, 1153]], '입니다', 0.9790950579536326), ([[1278, 1094], [1398, 1094], [1398, 1142], [1278, 1142]], '내략 것', 0.5010490120848682), ([[1264, 1136], [1410, 1136], [1410, 1184], [1264, 1184]], '같습니다', 0.7920762300491333), ([[283, 1357], [387, 1357], [387, 1445], [283, 1445]], ')', 0.3719986559263475), ([[1589, 1457], [1631, 1457], [1631, 1493], [1589, 1493]], '자', 0.9999853373111343), ([[1589, 1495], [1661, 1495], [1661, 1539], [1589, 1539]], '음악', 0.99970844055254), ([[52, 1512], [236, 1512], [236, 1560], [52, 1560]], '물론입니다.', 0.9813297964385812), ([[54, 1554], [242, 1554], [242, 1602], [54, 1602]], '불올 꿈니다', 0.37112410900134707), ([[1276, 1552], [1464, 1552], [1464, 1600], [1276, 1600]], '알깊습니다.', 0.387015738379421), ([[1565, 1537], [1687, 1537], [1687, 1581], [1565, 1581]], '틀어쥐 !', 0.606811555855065), ([[327, 1570], [499, 1570], [499, 1618], [327, 1618]], '현관 불 꺼 .', 0.940007902602858), ([[1315, 1595], [1421, 1595], [1421, 1639], [1315, 1639]], '플레이', 0.8003738589055279), ([[348, 1614], [504, 1614], [504, 1662], [348, 1662]], '이런 것도', 0.9976560180519419), ([[334, 1652], [520, 1652], [520, 1703], [334, 1703]], '할 수 있어?', 0.8537236384658302), ([[1283, 1637], [1457, 1637], [1457, 1681], [1283, 1681]], '리스트에서', 0.9887165968265702), ([[1282, 1678], [1460, 1678], [1460, 1726], [1282, 1726]], '재생합니다', 0.915227068717661), ([[80, 1946], [156, 1946], [156, 2030], [80, 2030]], ')', 0.934419845636981), ([[1193, 1931], [1259, 1931], [1259, 2011], [1193, 2011]], ')', 0.1791687594616329), ([[458, 2012], [537, 2012], [537, 2063], [458, 2063]], '입에', 0.3092699475441413), ([[444, 2056], [550, 2056], [550, 2104], [444, 2104]], '등록된', 0.46673357486724854), ([[1522, 2058], [1694, 2058], [1694, 2102], [1522, 2102]], '월요일부터', 0.999744524971954), ([[239, 2114], [343, 2114], [343, 2158], [239, 2158]], '지정된', 0.7105989686006986), ([[444, 2098], [554, 2098], [554, 2146], [444, 2146]], '일정은', 0.9938517212867737), ([[1506, 2100], [1714, 2100], [1714, 2148], [1506, 2148]], '금요일까지는', 0.6492499025480021), ([[237, 2156], [345, 2156], [345, 2200], [237, 2200]], '시간에', 0.9977562815886419), ([[423, 2143], [573, 2143], [573, 2187], [423, 2187]], '이미 모두', 0.9689095391233382), ([[1337, 2147], [1445, 2147], [1445, 2189], [1337, 2189]], '그리고', 0.6013922691345215), ([[1523, 2143], [1699, 2143], [1699, 2187], [1523, 2187]], '아침 6시에', 0.9970130450148657), ([[255, 2199], [325, 2199], [325, 2243], [255, 2243]], '알려', 0.9999376232340226), ([[429, 2184], [567, 2184], [567, 2228], [429, 2228]], '저장되어', 0.9798550992451136), ([[1333, 2189], [1449, 2189], [1449, 2233], [1333, 2233]], '이번 달', 0.9997172283530762), ([[1528, 2184], [1694, 2184], [1694, 2232], [1528, 2232]], '깨워줄래?', 0.5897397836320458), ([[255, 2241], [325, 2241], [325, 2283], [255, 2283]], '드리', 0.9999510257132871), ([[428, 2224], [570, 2224], [570, 2272], [428, 2272]], '있습니다', 0.9691774249076843), ([[1355, 2231], [1427, 2231], [1427, 2275], [1355, 2275]], '미팅', 0.999979685279455), ([[54, 2294], [178, 2294], [178, 2342], [54, 2342]], '고마위!', 0.692443311214447), ([[220, 2280], [366, 2280], [366, 2328], [220, 2328]], '켓습니다', 0.48963824421208385), ([[1321, 2273], [1445, 2273], [1445, 2317], [1321, 2317]], '일정이.', 0.9986413717269897)]
[([[1616, 80], [1644, 80], [1644, 148], [1616, 148]], '1', 0.5423847012440461), ([[499, 207], [657, 207], [657, 267], [499, 267]], '안돼요', 0.8572967575075506), ([[776, 108], [1099, 108], [1099, 266], [776, 266]], '와아양', 0.9567206306588291), ([[96, 406], [237, 406], [237, 462], [96, 462]], '이러다', 0.9999910526883591), ([[68, 456], [264, 456], [264, 512], [68, 512]], '시1 스피커', 0.44784484256747725), ([[118, 506], [214, 506], [214, 560], [118, 560]], '에게', 0.8083292872583066), ([[98, 556], [234, 556], [234, 612], [98, 612]], '메이드', 0.9971530254857602), ([[96, 606], [234, 606], [234, 662], [96, 662]], '자리흘', 0.3167194910657298), ([[43, 653], [289, 653], [289, 715], [43, 715]], '뻔기켓어요!', 0.26408346303126223), ([[842, 700], [966, 700], [966, 752], [842, 752]], '루이?!', 0.9942907094955444), ([[1401, 1469], [1653, 1469], [1653, 1531], [1401, 1531]], '그렇지 않아.', 0.9912576812627351), ([[1456, 1522], [1596, 1522], [1596, 1576], [1456, 1576]], '루이도', 0.9948386354963732), ([[1408, 1572], [1644, 1572], [1644, 1628], [1408, 1628]], '대화해 보지', 0.7213362648524131), ([[146, 1626], [225, 1626], [225, 1679], [146, 1679]], '네?', 0.9997526069632147), ([[1446, 1622], [1610, 1622], [1610, 1678], [1446, 1678]], '않울래?', 0.37246114015579224), ([[899, 2009], [941, 2009], [941, 2053], [899, 2053]], '처', 0.9636577764281498), ([[710, 2086], [798, 2086], [798, 2140], [710, 2140]], '처음', 0.9999715931422801), ([[632, 2132], [840, 2132], [840, 2186], [632, 2186]], '뵙젯습니다.', 0.1757794809379763), ([[672, 2178], [832, 2178], [832, 2228], [672, 2228]], '루이라고', 0.9987404346466064), ([[670, 2222], [826, 2222], [826, 2274], [670, 2274]], '합니다 .', 0.8105598433679309), ([[925, 2273], [969, 2273], [969, 2327], [925, 2327]], '두', 0.9982223073599847), ([[907, 2383], [967, 2383], [967, 2447], [907, 2447]], "'근", 0.9773934957100866), ([[877.0129971978583, 2335.2506890716477], [1005.6287117495314, 2320.5211407097763], [1009.9870028021417, 2389.7493109283523], [881.3712882504686, 2404.4788592902237]], '두 근', 0.9857812523841858)]
[([[864, 116], [1027, 116], [1027, 176], [864, 176]], '인터넷에', 0.9977361559867859), ([[866, 168], [1026, 168], [1026, 224], [866, 224]], '접속하여', 0.9338602423667908), ([[840, 218], [1052, 218], [1052, 274], [840, 274]], '모든 질문에', 0.9985239904178177), ([[1504, 240], [1590, 240], [1590, 292], [1504, 292]], '저논', 0.2803591718044799), ([[858, 264], [1035, 264], [1035, 326], [858, 326]], '대답할 수', 0.6761800457613858), ([[1465, 289], [1627, 289], [1627, 343], [1465, 343]], '주인남의', 0.9332252144813538), ([[862, 315], [1029, 315], [1029, 375], [862, 375]], '있습니다', 0.96455979347229), ([[1435, 337], [1655, 337], [1655, 397], [1435, 397]], '가장 뛰어난', 0.9977795667626604), ([[1446, 390], [1648, 390], [1648, 444], [1446, 444]], '어시스템트', 0.7951322688915509), ([[716, 448], [840, 448], [840, 504], [716, 504]], '뭐든지', 0.497787428500743), ([[1485, 440], [1609, 440], [1609, 494], [1485, 494]], '입니다', 0.9922161194747378), ([[718, 498], [842, 498], [842, 552], [718, 552]], '물어화', 0.5299267248335819), ([[715, 549], [841, 549], [841, 599], [715, 599]], '주세요', 0.9695951342582703), ([[36, 934], [138, 934], [138, 984], [36, 984]], '아니!', 0.8415828483048785), ([[550, 978], [608, 978], [608, 1026], [550, 1026]], '주.', 0.5317948212727205), ([[502, 1028], [690, 1028], [690, 1080], [502, 1080]], '주인님.. ?', 0.4063740926545601), ([[1184, 1014], [1284, 1014], [1284, 1064], [1184, 1064]], '안돼!', 0.6864716481358928), ([[838, 1110], [940, 1110], [940, 1160], [838, 1160]], '와앗!', 0.40183162689208984), ([[420, 1260], [584, 1260], [584, 1316], [420, 1316]], '주인남은', 0.7825797847975019), ([[420, 1312], [584, 1312], [584, 1366], [420, 1366]], '루이보다', 0.9943031668663025), ([[52, 1376], [192, 1376], [192, 1430], [52, 1430]], '아니야.', 0.5614756941795349), ([[394, 1362], [610, 1362], [610, 1412], [394, 1412]], '시1 스피커가', 0.3281351030023184), ([[90, 1426], [176, 1426], [176, 1478], [90, 1478]], '이건', 0.9986799631516471), ([[376, 1412], [630, 1412], [630, 1466], [376, 1466]], '더 중요한가요', 0.8254373762558824), ([[891, 1325], [1055, 1325], [1055, 1505], [891, 1505]], '힘', 0.18843528241183094), ([[43, 1527], [87, 1527], [87, 1573], [43, 1573]], '이', 0.9973060179589908), ([[46, 1476], [220, 1476], [220, 1530], [46, 1530]], '비산 물건', 0.6059983458011182), ([[82, 1526], [222, 1526], [222, 1576], [82, 1576]], '니까 !', 0.7423546314239502), ([[1056, 1430], [1206, 1430], [1206, 1606], [1056, 1606]], '@', 0.007857107175580025), ([[788, 1822], [932, 1822], [932, 1870], [788, 1870]], '애완동물', 0.6681623458862305), ([[809, 1865], [913, 1865], [913, 1909], [809, 1909]], '달래는', 0.9628305699973677), ([[1544, 1874], [1632, 1874], [1632, 1924], [1544, 1924]], '루이', 0.9922939976318802), ([[806, 1902], [914, 1902], [914, 1950], [806, 1950]], '법으로', 0.9988299203389516), ([[516, 1954], [680, 1954], [680, 2002], [516, 2002]], '루, 루이는', 0.23736139373406723), ([[774, 1942], [950, 1942], [950, 1990], [774, 1990]], '검색합니다', 0.9948874321912174), ([[1511, 1924], [1667, 1924], [1667, 1976], [1511, 1976]], '나와쥐 ~', 0.5385840861712576), ([[506, 1994], [684, 1994], [684, 2042], [506, 2042]], '애환동물이', 0.4677043389655196), ([[500, 2034], [694, 2034], [694, 2084], [500, 2084]], '아니거든요!', 0.7482869983876032), ([[1242, 2082], [1454, 2082], [1454, 2138], [1242, 2138]], '저논 어차피', 0.603557391064928), ([[1269, 2133], [1431, 2133], [1431, 2187], [1269, 2187]], '인터넷에', 0.9985818266868591), ([[290, 2162], [402, 2162], [402, 2210], [290, 2210]], '망있다', 0.3058738745105446), ([[1244, 2182], [1456, 2182], [1456, 2238], [1244, 2238]], '접속할 수도', 0.9618565348149769), ([[1250, 2232], [1452, 2232], [1452, 2288], [1250, 2288]], '없으니까요', 0.9719219455113085), ([[789, 2289], [851, 2289], [851, 2363], [789, 2363]], '용', 0.8762731781922781)]
