2041189
22
[([[35, 583], [589, 583], [589, 645], [35, 645]], '로이런 파련치한 복장이라니!', 0.3012864623902891), ([[5, 648], [619, 648], [619, 709], [5, 709]], '요즘 애들은 어떻게 되덕은 거나..!', 0.46735629775772575), ([[95, 713], [527, 713], [527, 775], [95, 775]], '보는사람이민망하니까', 0.745779796807019), ([[19, 779], [605, 779], [605, 839], [19, 839]], '단추 정도는 똑바로 잠그라고.!!', 0.6631296300029026)]
[([[116, 562], [378, 562], [378, 618], [116, 618]], '저기요 아저씨', 0.9977772895309688)]
[([[214, 390], [382, 390], [382, 442], [214, 442]], '예. 예..?', 0.22302198160119946)]
[([[51, 312], [505, 312], [505, 375], [51, 375]], '왜자꾸 가슴쪽 힘끔렉끔', 0.16919440015748002), ([[160, 380], [402, 380], [402, 436], [160, 436]], '쳐다보세요?', 0.8488328303662993), ([[1261, 1101], [1382, 1101], [1382, 1153], [1261, 1153]], '예. !?', 0.46057251023489826), ([[1169, 1165], [1473, 1165], [1473, 1225], [1169, 1225]], '오.오해입니다..', 0.6763051738624865), ([[1149, 1231], [1495, 1231], [1495, 1291], [1149, 1291]], '내필역올 확인하려', 0.314221831081643), ([[1241, 1297], [1409, 1297], [1409, 1357], [1241, 1357]], '한건데..', 0.44136789867018944)]
[([[1095, 1201], [1407, 1201], [1407, 1261], [1095, 1261]], '젠장]! 이거 분명', 0.5081107293900217), ([[989, 1265], [1513, 1265], [1513, 1325], [989, 1325]], '눈치천거야..!! 어.. 어떡하지.', 0.37349031757299433), ([[963, 1328], [1541, 1328], [1541, 1392], [963, 1392]], '설마지금 프으로 경찰 부르는중', 0.643685626624198), ([[1162, 1398], [1342, 1398], [1342, 1452], [1162, 1452]], '아니야?', 0.9253829213574222)]
[([[145, 296], [490, 296], [490, 362], [145, 362]], '가슴 만지고 싶어?', 0.9684135219210013), ([[1246, 1298], [1344, 1298], [1344, 1346], [1246, 1346]], '에.?', 0.4855341109756011)]
[([[210, 285], [352, 285], [352, 341], [210, 341]], '자만저', 0.7520541685855502), ([[149, 348], [413, 348], [413, 410], [149, 410]], '대신 고집거나', 0.6514284409133715), ([[148, 413], [415, 413], [415, 475], [148, 475]], '새계주면 안돼', 0.12154225618904739), ([[190, 850], [300, 850], [300, 954], [190, 954]], '다', 0.1930300539932297)]
[([[170, 314], [451, 314], [451, 378], [170, 378]], '이이녀석이!!', 0.8396740500104274), ([[1035, 1070], [1433, 1070], [1433, 1133], [1035, 1133]], '그런 파렇치한 농담은', 0.5154481001692433), ([[1102, 1134], [1365, 1134], [1365, 1198], [1102, 1198]], '장난으로라도', 0.9979453404288687), ([[1049, 1203], [1421, 1203], [1421, 1263], [1049, 1263]], '입에 함부로 담지마!', 0.9504652228982929)]
[([[83, 301], [587, 301], [587, 366], [83, 366]], '진장 제장 !! 말은 당당하게', 0.2755420273595272), ([[79, 367], [591, 367], [591, 430], [79, 430]], '햇지만.. 도저히 눈올 필수가', 0.5056211710037577), ([[251, 435], [423, 435], [423, 495], [251, 495]], '없잖아!', 0.5338142262849414), ([[1043, 1078], [1310, 1078], [1310, 1142], [1043, 1142]], '핑크빛 유료에', 0.3614010348256924), ([[945, 1145], [1409, 1145], [1409, 1205], [945, 1205]], '빨기쫓게 생긴 유두까지.', 0.395030780488509), ([[1017, 1211], [1337, 1211], [1337, 1271], [1017, 1271]], '활까 유두에 짓는', 0.2923718977649555), ([[965, 1275], [1391, 1275], [1391, 1337], [965, 1337]], '저 이빨자국은 뛰나고분', 0.19176516668754695)]
[([[1056, 518], [1200, 518], [1200, 614], [1056, 614]], '교로', 0.13489416750004946), ([[1063, 1055], [1443, 1055], [1443, 1117], [1063, 1117]], '이빨자국 신경쓰여?', 0.9895374502165672), ([[1017, 1121], [1491, 1121], [1491, 1181], [1017, 1181]], '너무 선명하게 남아있지?', 0.9513474445334559)]
[([[196, 314], [474, 314], [474, 370], [196, 370]], '아아니그런.', 0.9978650020433396), ([[1037, 981], [1473, 981], [1473, 1041], [1037, 1041]], '놀이터에서 꼬마 애들이', 0.8026445955596412), ([[1121, 1047], [1387, 1047], [1387, 1107], [1121, 1107]], '빨고싶다 해서', 0.712976318558162), ([[1057, 1111], [1451, 1111], [1451, 1173], [1057, 1173]], '빨게 해략더니 이렇게', 0.5623311326887024), ([[953, 1176], [1557, 1176], [1557, 1239], [953, 1239]], '씨게 물어서 자국이남앗지 뭐야?', 0.2754455294469502)]
[]
[([[314.2946006219568, 722.2846229231972], [489.25923921937886, 681.8749526533658], [507.7053993780432, 794.7153770768028], [332.74076078062114, 836.1250473466342]], "'만족", 0.39024236784848715)]
[([[182, 642], [402, 642], [402, 696], [182, 696]], '하아 하아.', 0.5797248501528498), ([[131, 705], [455, 705], [455, 765], [131, 765]], '엉덩이. 커다랗고', 0.46270190996939475), ([[172, 771], [410, 771], [410, 831], [172, 831]], '말랑말랑해.', 0.9180371615636809), ([[1153, 789], [1419, 789], [1419, 849], [1153, 849]], '평생 주물러도', 0.7366011716803269), ([[1089, 853], [1489, 853], [1489, 915], [1089, 915]], '질리지않을 거같아 .!', 0.4885999620276087), ([[389.54498388254837, 1082.2339161892517], [561.496850211224, 1048.12250958516], [575.4550161174516, 1159.7660838107483], [404.50314978877594, 1194.87749041484]], '만질', 0.10192747457428572), ([[1018.2356553232105, 1078.1202838594368], [1199.6594550877085, 1064.5584936180148], [1200.7643446767895, 1176.8797161405632], [1019.3405449122915, 1190.4415063819852]], '반짓', 0.14811019658035898)]
[([[240, 774], [372, 774], [372, 828], [240, 828]], '아저씨', 0.9994656578285226), ([[149, 837], [465, 837], [465, 897], [149, 897]], '벌써 30분째인데', 0.9479472344195644), ([[131, 906], [482, 906], [482, 962], [131, 962]], '주무르기만 하는데', 0.42205353418587993), ([[163, 966], [454, 966], [454, 1030], [163, 1030]], '질리지도 않아?', 0.9609226247087077), ([[1081, 991], [1487, 991], [1487, 1051], [1081, 1051]], '아.아 그렇네.. 하하하', 0.7733790557370704), ([[1063, 1056], [1522, 1056], [1522, 1119], [1063, 1119]], "'질리것나고 곳소빗치가!)", 0.24606853438603754)]
[([[77, 807], [417, 807], [417, 867], [77, 867]], '그. 그럼 빨아보도', 0.5925688569406029), ([[180, 876], [318, 876], [318, 930], [180, 930]], '돌까 ?', 0.1826263666152954), ([[1199, 955], [1467, 955], [1467, 1015], [1199, 1015]], '응마음대로해', 0.909408194087444), ([[720, 1198], [870, 1198], [870, 1356], [720, 1356]], '@', 0.05550104540010836), ([[448.2742673037723, 1315.0878195769685], [563.8209191801639, 1260.2356803007403], [639.7257326962277, 1446.9121804230315], [523.1790808198361, 1501.7643196992597]], '벌', 0.8588451322921742)]
[([[455.27185157132186, 1281.0147338116499], [578.5450457919021, 1242.0664327725651], [670.7281484286782, 1563.9852661883501], [547.4549542080979, 1602.9335672274349]], '품', 0.026320211900654478)]
[([[1212, 984], [1340, 984], [1340, 1038], [1212, 1038]], '뭐야9', 0.6819371732690803), ([[1107, 1046], [1444, 1046], [1444, 1106], [1107, 1106]], '아저씨 잘하잡아?', 0.704083664488011), ([[118, 1096], [380, 1096], [380, 1152], [118, 1152]], '하아하아.9', 0.757954783099618), ([[1067, 1111], [1485, 1111], [1485, 1173], [1067, 1173]], '이런거 처음 아니워어?', 0.3202735313730782), ([[124, 1162], [378, 1162], [378, 1218], [124, 1218]], '보지보지!!!', 0.8914124619671712), ([[811, 1519], [951, 1519], [951, 1683], [811, 1683]], '초', 0.633848983895863), ([[936, 1608], [990, 1608], [990, 1662], [936, 1662]], '9', 0.16975657386794651), ([[519, 1579], [677, 1579], [677, 1755], [519, 1755]], '*', 0.09507100903969334)]
[([[1279, 193], [1435, 193], [1435, 256], [1279, 256]], '호응..0', 0.3203386249200664), ([[1138, 334], [1286, 334], [1286, 414], [1138, 414]], '움질)', 0.1030081227642604), ([[316.24844317292917, 329.1403476721609], [468.1101824573251, 319.8352148785018], [467.75155682707083, 412.8596523278391], [316.8898175426749, 422.1647851214982]], '올)', 0.128263842274889), ([[400.02691971251, 1309.024934393945], [525.2089546080488, 1258.0385014106037], [628.97308028749, 1541.975065606055], [503.79104539195123, 1593.9614985893963]], '호', 0.40931232774926585), ([[535.0867687507281, 1562.0321162603393], [625.5877790157714, 1537.2601648454333], [671.9132312492719, 1729.9678837396607], [581.4122209842286, 1754.7398351545667]], '업', 0.7170182021729978)]
[([[310, 317], [481, 317], [481, 425], [310, 425]], '올@)', 0.10228870767661108), ([[1138, 334], [1286, 334], [1286, 414], [1138, 414]], '움)', 0.30773404644035623), ([[68, 1050], [330, 1050], [330, 1106], [68, 1106]], '하아하아.9', 0.8665535372296667), ([[776.1762664020412, 1733.4108254493897], [1064.813639861406, 1663.4594907486987], [1088.8237335979588, 1814.5891745506103], [800.1863601385938, 1884.5405092513013]], '뜻해_', 0.410786149896927)]
[([[120, 842], [380, 842], [380, 894], [120, 894]], '하아 하아.9', 0.46381555871962155), ([[115, 905], [389, 905], [389, 965], [115, 965]], '자지넣을게.. !', 0.1746301674519855), ([[19, 971], [487, 971], [487, 1033], [19, 1033]], '생으로 넣어도 괜찮지..!?', 0.870882066085886), ([[927, 1677], [1035, 1677], [1035, 1795], [927, 1795]], '[', 0.34122051767599615)]
[([[105, 12], [674, 12], [674, 90], [105, 90]], '[의리국하@@끼@@굽|@@어@@@@', 7.145961021764607e-06), ([[699, 63], [1015, 63], [1015, 123], [699, 123]], '(플텍닷 똑똑 털@기-', 4.522500391538726e-05), ([[20, 100], [76, 100], [76, 154], [20, 154]], '2', 0.2564495212573661), ([[103, 81], [565, 81], [565, 166], [103, 166]], '[@@훨@@@드3각의@:--', 7.401076418534219e-06)]
