2047897
31
[]
[([[86, 139], [429, 139], [429, 190], [86, 190]], '뭐? 나 오늘 강간 당하고', 0.49588788749174506), ([[86, 186], [404, 186], [404, 240], [86, 240]], '임신까지 해야한다고?', 0.9938749323761255), ([[887, 367], [1035, 367], [1035, 409], [887, 409]], '그거 저번에', 0.9989517094953239), ([[849, 403], [1085, 403], [1085, 445], [849, 445]], '무짓로 된 거 아냐?', 0.418750072800088)]
[([[797, 95], [1075, 95], [1075, 139], [797, 139]], '하룻동안 투표한 결과,', 0.7969286222870187), ([[44, 156], [268, 156], [268, 188], [44, 188]], '키아나름 화쥐야 활까?', 0.5317564802761583), ([[797, 133], [1071, 133], [1071, 177], [797, 177]], '너는 임신형에 처햇어', 0.37481012362942084), ([[42, 196], [366, 196], [366, 220], [42, 220]], '(성희롬 당하는 카타리나2틀 보고 와주세올)', 0.18153314529522835), ([[109, 253], [344, 253], [344, 280], [109, 280]], '불쌍하다 화주고 다른년올 덕자', 0.7039405290053833), ([[805, 261], [843, 261], [843, 277], [805, 277]], '3000', 0.9611966260499166), ([[112, 332], [324, 332], [324, 356], [112, 356]], '이번에는 기필코 임신시키자', 0.7088275492568312), ([[804, 334], [853, 334], [853, 354], [804, 354]], '28000', 0.9962046662686205), ([[58, 730], [166, 730], [166, 760], [58, 760]], '난 아니라서', 0.5976257895029622), ([[56, 756], [168, 756], [168, 786], [56, 786]], '다행이다아 .', 0.9233286398766781), ([[522, 1044], [742, 1044], [742, 1098], [522, 1098]], '말도 안돼! ! !', 0.8055584041100559)]
[([[160, 249], [312, 249], [312, 287], [160, 287]], '진짜 날 강-', 0.39463553504314103), ([[163, 283], [337, 283], [337, 319], [163, 319]], '겁탁하켓다고?', 0.38045595050448805), ([[607, 273], [821, 273], [821, 315], [607, 315]], '감히 여왕님올..!', 0.7531427932564665), ([[852, 698], [1026, 698], [1026, 844], [852, 844]], '"들', 0.1413542843940488), ([[164, 878], [244, 878], [244, 954], [164, 954]], '(', 0.22337902686116706), ([[244, 802], [346, 802], [346, 958], [244, 958]], '틈', 0.22209672838927474)]
[([[111, 117], [477, 117], [477, 159], [111, 159]], '다 자업자득 아날까요 여왕님?', 0.93005193762098), ([[351, 647], [367, 647], [367, 675], [351, 675]], '?', 0.9957655290749621)]
[([[35, 131], [323, 131], [323, 167], [35, 167]], '그렇게 무식하게 근 엉덩이틀', 0.6192141186371104), ([[34, 160], [130, 160], [130, 196], [34, 196]], '썰륙실록', 0.048381198197603226), ([[141, 161], [363, 161], [363, 197], [141, 197]], '흔들면서 다느다는 건', 0.3967414254268288), ([[767, 187], [1087, 187], [1087, 230], [767, 230]], '원 개소리야! ! ! 아니 그보다', 0.7286214073968639), ([[136, 227], [303, 227], [303, 267], [136, 267]], '남성분들한데는', 0.5042001426125772), ([[761, 223], [1101, 223], [1101, 263], [761, 263]], '니뒤에 잇는 남자는 누구야!?', 0.32569107888791154), ([[144, 262], [356, 262], [356, 294], [144, 294]], '\'나 따먹어주세요오~"', 0.970650868259206), ([[137, 291], [373, 291], [373, 327], [137, 327]], '하느거나 다름없다구구', 0.6230669254149844), ([[235, 413], [321, 413], [321, 431], [235, 431]], '하여간 밝히기는', 0.8801782880935967)]
[([[320, 106], [880, 106], [880, 156], [320, 156]], '응? 이남자? 너 임신 시길 사람인데?', 0.7945082777690463), ([[173, 705], [381, 705], [381, 865], [173, 865]], '회', 0.2959842175705809), ([[921, 701], [1091, 701], [1091, 859], [921, 859]], '@', 0.7215097985243943), ([[442.26297068342905, 391.2093094422889], [816.6858505915836, 339.1708385891685], [825.7370293165709, 491.7906905577111], [451.31414940841637, 544.8291614108315]], '표롬', 0.03438204176246569), ([[790.3258523585966, 420.096762548633], [1169.2129689452254, 313.4097311496085], [1229.6741476414034, 631.903237451367], [850.7870310547746, 737.5902688503916]], '2 ? ;', 0.12464102312480924)]
[([[888, 44], [1034, 44], [1034, 68], [888, 68]], '제발 싸게 해주세요 .', 0.8452479185789202), ([[40, 77], [320, 77], [320, 110], [40, 110]], '딱 한발로 임신시길 수 잇도록', 0.44766562093567), ([[40, 108], [362, 108], [362, 138], [40, 138]], '두시간 전부터 내가 애태우고 있지', 0.8609812111830412), ([[126, 180], [458, 180], [458, 212], [126, 212]], '지금 꼬추 정액으로 꽉 차있음걸~?', 0.42577501502782567), ([[515, 373], [618, 373], [618, 405], [515, 405]], '이거 화국크', 0.3623815825993849), ([[520, 427], [655, 427], [655, 525], [520, 525]], '빵', 0.1348719462588912), ([[999, 413], [1093, 413], [1093, 499], [999, 499]], '뜻0', 0.03202169066745024), ([[905, 693], [1001, 693], [1001, 733], [905, 733]], '으유 !', 0.25778288720488934)]
[([[297, 145], [666, 145], [666, 210], [297, 210]], '여왕님올 위해 꽤나', 0.7596842121785131), ([[295, 203], [871, 203], [871, 267], [295, 267]], '재방는겉 준비해온 모양인데.', 0.36468316046809524), ([[13, 941], [159, 941], [159, 1081], [13, 1081]], '[', 0.7547041516179576), ([[882, 906], [1056, 906], [1056, 1076], [882, 1076]], '@', 0.9421721014057347)]
[([[351, 95], [601, 95], [601, 135], [351, 135]], '이 키아나님이 네년이', 0.5690730070207992), ([[351, 130], [623, 130], [623, 170], [351, 170]], '하자능대로 할 것 같나?', 0.3209246583615507)]
[([[1069, 13], [1109, 13], [1109, 69], [1069, 69]], '2', 0.6433587730005144), ([[279, 87], [537, 87], [537, 129], [279, 129]], '여왕님의 허락 없이는', 0.6903301638276418), ([[281, 123], [603, 123], [603, 163], [281, 163]], '그누구도 내 몸올 건들지 ..', 0.34212853886793265)]
[([[674, 471], [1133, 471], [1133, 664], [674, 664]], '털떡 _', 0.15993724372119617), ([[54, 662], [488, 662], [488, 712], [54, 712]], '허락 없이 못할거면 강간이란', 0.5785682921317052), ([[56, 706], [476, 706], [476, 756], [56, 756]], '단어가 왜 있율까요 공주님?', 0.30825446254358885), ([[56, 752], [492, 752], [492, 802], [56, 802]], '설마 한번도 안당해보석나~?', 0.6823412617257725), ([[864, 864], [1054, 864], [1054, 912], [864, 912]], '미안 키아나:', 0.8849625062535064), ([[864, 906], [1121, 906], [1121, 959], [864, 959]], '나도 임신은 싫어.', 0.6303443909349202), ([[22, 1040], [318, 1040], [318, 1090], [22, 1090]], '웃으며 얘기할 주제는', 0.5163641535465138), ([[22, 1086], [256, 1086], [256, 1134], [22, 1134]], '아난거 같지만요', 0.37538871706498866), ([[428, 1028], [674, 1028], [674, 1176], [428, 1176]], '덜경', 0.13504584521319815), ([[335, 1259], [513, 1259], [513, 1319], [335, 1319]], '으으욕!', 0.3705790936946869), ([[580, 1208], [814, 1208], [814, 1352], [580, 1352]], '더권', 0.006138438170583926), ([[331, 1313], [529, 1313], [529, 1375], [331, 1375]], '가아아악!', 0.7779279616365684), ([[485, 1529], [1019, 1529], [1019, 1597], [485, 1597]], '쓰움 안돼! 아직 넣지마! ! !', 0.6198487237468374), ([[487, 1591], [1009, 1591], [1009, 1657], [487, 1657]], '겉 옷 벗길때까지 기다려~', 0.7420756205508343), ([[338, 1816], [426, 1816], [426, 1870], [338, 1870]], '끼임', 0.22524193859863093), ([[333.61359826133446, 117.48838869867407], [787.8574709822759, -75.2354369959337], [896.3864017386655, 265.5116113013259], [441.14252901772403, 459.2354369959337]], '퍽!', 0.7054339015515763), ([[217.14242036608073, 1521.0183945296808], [460.9451626211247, 1645.5199702648636], [380.8575796339193, 1793.9816054703192], [138.05483737887525, 1669.4800297351364]], '5)', 0.13024336262069164), ([[740.8411189960366, 1798.0373444385677], [964.582492105405, 1838.9985033332734], [931.1588810039634, 1988.9626555614323], [706.417507894595, 1948.0014966667266]], '스용', 0.08041662866019665)]
[([[390, 108], [700, 108], [700, 160], [390, 160]], '그럼 우리논 가불게', 0.5051551350295991), ([[394, 156], [682, 156], [682, 208], [394, 208]], '좋은 시간 보내~ 국', 0.4953412073193823), ([[411, 1075], [479, 1075], [479, 1145], [411, 1145]], '바', 0.22467343557517339)]
[([[164, 104], [378, 104], [378, 154], [164, 154]], '솔직히 말하면', 0.6491450540768762), ([[164, 150], [388, 150], [388, 198], [164, 198]], '아리 씨 보지에', 0.8083442187960201), ([[164, 192], [410, 192], [410, 242], [164, 242]], '싸고 싶엎는데...', 0.22567153326102293), ([[751, 413], [819, 413], [819, 483], [751, 483]], '(렌', 0.01947826259553953), ([[429, 620], [573, 620], [573, 695], [429, 695]], '넷네', 0.12484149352358699), ([[707, 684], [881, 684], [881, 800], [707, 800]], '찌@', 0.05029124348575594)]
[([[220, 42], [390, 42], [390, 72], [220, 72]], '뭐 공짜로 질내사정', 0.6677322668517632), ([[220, 66], [350, 66], [350, 98], [220, 98]], '시켜준다면야 .', 0.9479655887400421), ([[807, 733], [1046, 733], [1046, 855], [807, 855]], '포움다', 0.09884223867381746), ([[471.41571959555637, 143.0155283964597], [540.4276919180032, 108.00831770731729], [654.5842804044437, 352.9844716035403], [585.5723080819968, 386.9916822926827]], '륙', 0.04411375447454646), ([[78.7930293157649, 199.03313354692125], [285.4681494302046, 233.04477283262116], [248.2069706842351, 424.96686645307875], [41.53185056979538, 390.95522716737884]], '@', 0.005077039090553237), ([[996.17253264076, 273.022840797755], [1101.596200383643, 244.22638353117384], [1159.82746735924, 483.977159202245], [1054.403799616357, 512.7736164688262]], '', 0.0), ([[291.87535491010607, 693.0422203044109], [509.0234776113567, 728.6762723882813], [482.12464508989393, 855.9577796955891], [264.9765223886433, 821.3237276117187]], '공동', 0.15498941839667255)]
[([[220, 42], [390, 42], [390, 72], [220, 72]], '뭐 공짜로 질내사정', 0.6677322668517632), ([[220, 66], [350, 66], [350, 98], [220, 98]], '시켜준다면야 .', 0.9479655887400421), ([[807, 733], [1046, 733], [1046, 855], [807, 855]], '포움다', 0.09884223867381746), ([[471.41571959555637, 143.0155283964597], [540.4276919180032, 108.00831770731729], [654.5842804044437, 352.9844716035403], [585.5723080819968, 386.9916822926827]], '륙', 0.04411375447454646), ([[78.7930293157649, 199.03313354692125], [285.4681494302046, 233.04477283262116], [248.2069706842351, 424.96686645307875], [41.53185056979538, 390.95522716737884]], '@', 0.005077039090553237), ([[996.17253264076, 273.022840797755], [1101.596200383643, 244.22638353117384], [1159.82746735924, 483.977159202245], [1054.403799616357, 512.7736164688262]], '', 0.0), ([[291.87535491010607, 693.0422203044109], [509.0234776113567, 728.6762723882813], [482.12464508989393, 855.9577796955891], [264.9765223886433, 821.3237276117187]], '공동', 0.15498941839667255)]
[([[206, 176], [454, 176], [454, 232], [206, 232]], '나야 냉휴지', 0.37161849177339), ([[756, 356], [958, 356], [958, 388], [756, 388]], '아보자마자 나온다~', 0.3130421527794689), ([[678, 948], [834, 948], [834, 1052], [678, 1052]], "'", 0.5366036033706543), ([[764, 1032], [934, 1032], [934, 1266], [764, 1266]], '육', 0.3426593676408771), ([[703.0370214010771, 730.0665540877558], [802.6472084641217, 753.8057758467947], [785.9629785989229, 815.9334459122442], [686.3527915358783, 792.1942241532053]], '@텔)', 0.15161894261837006), ([[153.90873190400333, 1018.0297938432609], [300.69788484506876, 993.5407863409066], [334.09126809599667, 1240.970206156739], [187.30211515493124, 1265.4592136590934]], '꾸', 0.887102655426375)]
[([[116, 60], [148, 60], [148, 94], [116, 94]], '뭐', 0.9999953508431112), ([[161, 57], [225, 57], [225, 95], [161, 95]], '뭐야', 0.7948747797518133), ([[115, 89], [233, 89], [233, 131], [115, 131]], '존나많이', 0.9927393198013306), ([[113, 127], [211, 127], [211, 165], [113, 165]], '나와아.', 0.8903357982635498), ([[694, 416], [722, 416], [722, 456], [694, 456]], '꿈', 0.015314628914020523), ([[1021, 547], [1159, 547], [1159, 633], [1021, 633]], '움기원', 0.04063606899489467), ([[1104, 616], [1154, 616], [1154, 668], [1104, 668]], '씹', 0.2442997069837185), ([[433.91357104748977, 242.04928152238756], [597.0749118415575, 270.37979137898213], [575.0864289525102, 375.95071847761244], [411.9250881584424, 347.62020862101787]], '@핏', 0.015019685496317874)]
[([[276, 144], [494, 144], [494, 192], [276, 192]], '아~ 존나 삶네', 0.39541966171479337), ([[431, 239], [617, 239], [617, 281], [431, 281]], '이정도면 백퍼', 0.9515255150569835), ([[433, 275], [599, 275], [599, 319], [433, 319]], '임신이켓지?', 0.9464695118337709), ([[223, 1030], [492, 1030], [492, 1192], [223, 1192]], '끄델', 0.023930150247069737), ([[564, 1050], [908, 1050], [908, 1170], [564, 1170]], '~관델 (', 0.028126470868704838)]
[([[153, 79], [337, 79], [337, 115], [153, 115]], '근데 막상 진짜로', 0.9228166185392164), ([[153, 111], [327, 111], [327, 147], [153, 147]], '임신시컨다니까', 0.5521487657251999), ([[153, 141], [279, 141], [279, 179], [153, 179]], '좀 절리네...', 0.17209323410665794), ([[223, 243], [463, 243], [463, 279], [223, 279]], '대충 인증사이나 보내고', 0.5196693490892151), ([[223, 273], [433, 273], [433, 309], [223, 309]], '빨리 도망가야켓다국', 0.6174015034663644), ([[652, 300], [786, 300], [786, 380], [652, 380]], '참국_', 0.2859773288402353), ([[873, 315], [925, 315], [925, 355], [873, 355]], '응?', 0.9998148117703837), ([[708.196010352305, 146.04050248782002], [816.9997440122874, 202.9360020479017], [785.803989647695, 260.95949751218], [676.0002559877126, 204.0639979520983]], '(록!', 0.008470374311158864), ([[509.0061162653264, 341.0550463879374], [612.6183345956671, 375.40687277652495], [586.9938837346737, 448.9449536120626], [482.3816654043329, 414.59312722347505]], '34', 0.356497443391454)]
[([[407, 357], [567, 357], [567, 398], [407, 398]], '만약 너가 임신', 0.9968429509912211), ([[407, 391], [611, 391], [611, 431], [407, 431]], '시키논데 성공하면.', 0.92439514402979), ([[475, 671], [511, 671], [511, 687], [475, 687]], '스대', 0.42058836063697175)]
[([[298, 46], [344, 46], [344, 74], [298, 74]], '질싸', 0.18300169121395402), ([[314, 68], [348, 68], [348, 96], [314, 96]], "'0*", 0.10109378403770802), ([[169, 111], [487, 111], [487, 151], [169, 151]], '나도 생으로 하게 해줄게국 국', 0.691997531100561), ([[659.0866267888803, 728.0348109343308], [855.8663898531959, 788.2142811385968], [822.9133732111197, 882.9651890656692], [626.1336101468041, 822.7857188614032]], '발@!', 0.4162059516934124)]
[([[765, 153], [1001, 153], [1001, 219], [765, 219]], '으라아아앗', 0.6062428016789182), ([[769, 213], [1019, 213], [1019, 277], [769, 277]], '임신해라! ! !', 0.5742732964727958), ([[972.3754762921543, 626.0121930791513], [1176.29493918432, 806.3026778535047], [1082.6245237078456, 913.9878069208487], [878.7050608156801, 733.6973221464953]], '@집 (되', 0.0028738893758237876), ([[12.215733846988845, 743.0205164774869], [107.52784189744732, 697.0092901124964], [224.78426615301115, 963.9794835225131], [129.4721581025527, 1010.9907098875036]], '챔', 0.12525420710893798)]
[([[118, 130], [484, 130], [484, 178], [118, 178]], '엉덩이는 존나게 커가지고', 0.8210377711297477), ([[116, 168], [458, 168], [458, 221], [116, 221]], '왜이렇게 가져운거야! ! !', 0.6014910804842695)]
[([[202, 160], [440, 160], [440, 216], [202, 216]], '산다 씨발련아', 0.7608535447617305), ([[204, 208], [470, 208], [470, 262], [204, 262]], '빨리 임신해! ! ! !', 0.9521547124724975), ([[1023, 855], [1187, 855], [1187, 965], [1023, 965]], '움쩍', 0.01272290579258932), ([[303, 980], [504, 980], [504, 1101], [303, 1101]], '@', 0.5328022187268857), ([[84.60229758009582, 468.38987959441204], [346.168854999389, 416.2296540544944], [361.3977024199042, 540.610120405588], [99.83114500061103, 593.7703459455056]], '@뜨맺이', 0.06095525249838829), ([[588.1394255660866, 774.0620364059979], [669.8091541715941, 801.4987579107117], [650.8605744339134, 854.9379635940021], [569.1908458284059, 827.5012420892883]], '관다', 0.10345783040058754)]
[([[143, 194], [517, 194], [517, 297], [143, 297]], '아직 부족해', 0.9770236784761651), ([[1081, 247], [1143, 247], [1143, 323], [1081, 323]], '신', 0.015964876163266695), ([[146, 290], [634, 290], [634, 386], [146, 386]], '한번 더 산다! ! !', 0.8475725804131566), ([[695, 743], [1093, 743], [1093, 829], [695, 829]], '학학 한발 더...', 0.5154897047412672), ([[141, 1247], [379, 1247], [379, 1313], [141, 1313]], '임신해라앗.', 0.5666364154019464), ([[148, 1431], [685, 1431], [685, 1608], [148, 1608]], '부옷 요로로', 0.05538196586622162), ([[780, 1636], [1004, 1636], [1004, 1686], [780, 1686]], '혹시 모르니까', 0.9772278190553416), ([[778, 1684], [980, 1684], [980, 1736], [778, 1736]], '딱 한번만 더', 0.8381160340892878), ([[760, 1808], [1053, 1808], [1053, 1936], [760, 1936]], '무0', 0.006312932775322476), ([[800.7819361571648, 128.02969122187758], [1120.7517117617233, 173.63855164991583], [1081.2180638428351, 382.97030877812244], [761.2482882382767, 337.3614483500842]], "@로'", 0.0815541602853801), ([[259.3835994975101, 713.008261257127], [766.7802294919466, 957.828069311248], [676.6164005024899, 1131.9917387428732], [168.21977050805341, 887.171930688752]], "%0식 $과4'", 0.005407389425039981)]
[([[393, 801], [743, 801], [743, 863], [393, 863]], '내가 분명 말맞지?', 0.3569802494306541)]
[([[218, 173], [540, 173], [540, 223], [218, 223]], '이 키아나님의 몸어는', 0.7094657873345775), ([[218, 216], [618, 216], [618, 269], [218, 269]], '그누구도 손델 수 없다고크', 0.3238956550298452), ([[824.0474406941576, 369.1368289285183], [1024.4320849759752, 348.9186985514658], [1027.9525593058424, 467.8631710714817], [827.5679150240247, 488.0813014485342]], '결러나', 0.03322223924776144), ([[496.2058263393181, 1248.0225435719985], [661.9861249575906, 1353.3768558187212], [596.7941736606818, 1451.9774564280015], [432.0138750424094, 1345.6231441812788]], ' 꿈9', 0.006226066043308174)]
[([[183, 145], [327, 145], [327, 183], [183, 183]], '그, 그렇군요', 0.6223857053628756), ([[181, 179], [355, 179], [355, 215], [181, 215]], '축하드려요(? )', 0.9696770327860014), ([[1005, 215], [1103, 215], [1103, 251], [1005, 251]], '우 우육', 0.962852418422699), ([[566, 892], [656, 892], [656, 948], [566, 948]], '???', 0.9987057108026683)]
[([[459, 469], [673, 469], [673, 513], [459, 513]], '저기 분명 생으로', 0.8829811535683797), ([[431, 507], [785, 507], [785, 549], [431, 549]], '해주켓다고 햇는데 말이야 .', 0.5227948147797284)]
[([[244, 166], [616, 166], [616, 214], [244, 214]], '일단은 발기름 해주야 보지에', 0.3639215749243676), ([[245, 207], [581, 207], [581, 249], [245, 249]], '넣든 질싸루 하든 할렌데...', 0.09223503603004637), ([[581, 345], [775, 345], [775, 385], [581, 385]], '발기도 안한채로', 0.6617285833252311), ([[583, 381], [813, 381], [813, 421], [583, 421]], '입 안에 정액 싸능건', 0.41111688806632074), ([[583, 415], [799, 415], [799, 455], [583, 455]], '좀 아깝지 않아 ?', 0.8727403017453922), ([[582, 482], [804, 482], [804, 508], [582, 508]], '일단 계속 빨아주기는 활거지만...', 0.5158273005534967), ([[159, 815], [235, 815], [235, 859], [159, 859]], '씨발', 0.9992518068577665), ([[932, 678], [1194, 678], [1194, 896], [932, 896]], '{{시', 0.11124048429683793), ([[159, 857], [299, 857], [299, 901], [159, 901]], '키아나년', 0.8954466283559995), ([[159, 899], [313, 899], [313, 943], [159, 943]], '때문에! ! !', 0.9366664675562552)]
