2049345
15
[([[1125, 1365], [1167, 1365], [1167, 1415], [1125, 1415]], '4', 0.11573551752240974)]
[([[260, 144], [286, 144], [286, 194], [260, 194]], '~', 0.8765617767348886)]
[([[598, 880], [766, 880], [766, 1026], [598, 1026]], '# | ?', 0.009847656910102786), ([[792, 1040], [888, 1040], [888, 1150], [792, 1150]], '77', 0.6110344923660429)]
[]
[([[0, 907], [195, 907], [195, 1145], [0, 1145]], '0', 0.3714106099888035)]
[([[120, 60], [146, 60], [146, 144], [120, 144]], '?', 0.12009396090678948), ([[82, 54], [154, 54], [154, 404], [82, 404]], '{', 0.26346985484657637), ([[120, 146], [146, 146], [146, 228], [120, 228]], '%', 0.08506900403291695), ([[147, 55], [215, 55], [215, 431], [147, 431]], '1', 0.15818855456228054), ([[1164, 444], [1188, 444], [1188, 496], [1164, 496]], '탑', 0.07913544578033171), ([[1098, 442], [1130, 442], [1130, 552], [1098, 552]], '꽃', 0.007867255851593313), ([[1130, 442], [1158, 442], [1158, 636], [1130, 636]], '', 0.0), ([[181, 709], [201, 709], [201, 739], [181, 739]], '?', 0.9999245419432476), ([[135, 703], [173, 703], [173, 981], [135, 981]], "'", 0.8227777888403267), ([[944, 1130], [1016, 1130], [1016, 1212], [944, 1212]], '뼈', 0.045286850824961755), ([[235, 1257], [325, 1257], [325, 1363], [235, 1363]], '왜', 0.004211549150785254), ([[1127, 1365], [1167, 1365], [1167, 1415], [1127, 1415]], '나', 0.22669305927645045)]
[([[260, 142], [286, 142], [286, 196], [260, 196]], ')', 0.3353497833595611), ([[1048, 142], [1122, 142], [1122, 254], [1048, 254]], '낙', 0.0619184554829566), ([[261, 297], [337, 297], [337, 361], [261, 361]], '~)', 0.10402163796723723), ([[269, 395], [329, 395], [329, 493], [269, 493]], '2', 0.9049019955455186), ([[1071, 289], [1203, 289], [1203, 615], [1071, 615]], '7', 0.017472321970585236), ([[199, 542], [255, 542], [255, 659], [199, 659]], '아', 0.05924598646687684), ([[175, 541], [213, 541], [213, 783], [175, 783]], "'", 0.7363707943075646), ([[185, 777], [203, 777], [203, 803], [185, 803]], '?', 0.28971322214104944), ([[125, 1033], [190, 1033], [190, 1243], [125, 1243]], '{', 0.3873748421274428), ([[1058, 940], [1090, 940], [1090, 1148], [1058, 1148]], '}', 0.004547764119596565), ([[1060, 1144], [1088, 1144], [1088, 1238], [1060, 1238]], '아', 0.008537585046224427), ([[1088, 936], [1162, 936], [1162, 1254], [1088, 1254]], '"', 0.1250017448217342), ([[480, 1322], [582, 1322], [582, 1430], [480, 1430]], '개', 0.3362494766806776), ([[1063, 1425], [1123, 1425], [1123, 1505], [1063, 1505]], '쇼', 0.31027846139369686), ([[474, 1600], [564, 1600], [564, 1678], [474, 1678]], '편', 0.018791571568250953), ([[465, 1725], [545, 1725], [545, 1793], [465, 1793]], '4', 0.021258668206831866), ([[1045.31030298491, 1498.0340601475914], [1099.737279108309, 1488.2190073514394], [1118.68969701509, 1612.9659398524086], [1065.262720891691, 1622.7809926485606]], '춤', 0.004112666554892341), ([[816.3435271088773, 1615.0917439798957], [910.9308449572266, 1563.0289102712727], [991.6564728911227, 1734.9082560201043], [897.0691550427734, 1785.9710897287273]], '"', 0.20845319812167773), ([[805.3119790838463, 1654.0236967157703], [922.7752104408232, 1750.8916212774695], [866.6880209161537, 1818.9763032842297], [750.2247895591768, 1722.1083787225305]], '040', 0.12410017609279321)]
[([[1101, 518], [1144, 518], [1144, 765], [1101, 765]], "'", 0.8143527917074813), ([[1139, 519], [1179, 519], [1179, 899], [1139, 899]], "'", 0.8763043124072603), ([[150, 840], [246, 840], [246, 1098], [150, 1098]], '$', 0.3610967775426275), ([[606, 888], [656, 888], [656, 972], [606, 972]], '@', 0.048268545575773425), ([[715, 953], [757, 953], [757, 1019], [715, 1019]], '8', 0.9853421345085032), ([[792, 1040], [890, 1040], [890, 1152], [792, 1152]], '77', 0.1398671499356975), ([[1036, 1265], [1115, 1265], [1115, 1548], [1036, 1548]], '{', 0.47226777462592295), ([[1075, 1509], [1111, 1509], [1111, 1601], [1075, 1601]], '움', 0.03336257927664121), ([[158.2389576093528, 209.018109796409], [350.9258070273912, 340.4609514217227], [273.76104239064716, 450.981890203591], [81.07419297260881, 320.5390485782773]], '13', 0.19480201309681083), ([[830.2831167709112, 738.0171405120434], [1025.8590266069448, 871.9483352383717], [952.7168832290888, 976.9828594879566], [757.1409733930552, 843.0516647616283]], "'3선대)", 0.022182816128876015), ([[366.071126156452, 799.0392886461337], [492.6493047142724, 848.2445854935099], [455.928873843548, 938.9607113538663], [328.3506952857276, 890.7554145064901]], '잔?', 0.01984409273199005), ([[791.2720097584981, 869.0265336914251], [1004.9975750638614, 949.7797890955096], [971.7279902415019, 1025.9734663085749], [758.0024249361386, 945.2202109044904]], '@초5', 0.11154498125355519), ([[712.1365308911342, 988.0339423174034], [832.9173419337463, 1052.6540263369354], [785.8634691088658, 1136.9660576825966], [665.0826580662537, 1073.3459736630646]], '현 `', 0.08053441345691681), ([[86.2788897449072, 1108.0200154083295], [252.9118156436791, 1221.4883728026912], [188.7211102550928, 1313.9799845916705], [22.088184356320895, 1200.5116271973088]], '꼴7)', 0.06031574505536217), ([[41.33408790818371, 1195.0158460718578], [255.85149295471763, 1329.9662490502994], [189.6659120918163, 1432.9841539281422], [-23.85149295471762, 1297.0337509497006]], '[049', 0.17626023292541504)]
[([[264, 70], [342, 70], [342, 148], [264, 148]], '0', 0.4236490923407388), ([[711, 237], [989, 237], [989, 529], [711, 529]], '일!', 0.01553468882873727), ([[104, 506], [208, 506], [208, 708], [104, 708]], '#', 0.14711843505301747), ([[815, 819], [853, 819], [853, 857], [815, 857]], '*', 0.16925554294950107), ([[851, 817], [895, 817], [895, 955], [851, 955]], '퍽', 0.00617568050140177), ([[971, 788], [1080, 788], [1080, 1099], [971, 1099]], '""', 0.24291488784745568), ([[808, 864], [856, 864], [856, 1162], [808, 1162]], "'", 0.5401063916465887), ([[245, 1051], [357, 1051], [357, 1303], [245, 1303]], '#:', 0.014727097883324793), ([[972, 1160], [1098, 1160], [1098, 1378], [972, 1378]], "'국", 0.022153316602744968), ([[1023, 1299], [1135, 1299], [1135, 1587], [1023, 1587]], '"', 0.42185018867826685), ([[1109, 1461], [1123, 1461], [1123, 1509], [1109, 1509]], '"', 0.4904600483647279), ([[1128, 1336], [1158, 1336], [1158, 1528], [1128, 1528]], "'", 0.4133138062634458), ([[956, 1400], [1032, 1400], [1032, 1696], [956, 1696]], '"', 0.30327634251820257), ([[108, 1584], [288, 1584], [288, 1756], [108, 1756]], '(%;', 0.026677964384338015), ([[273, 1687], [345, 1687], [345, 1753], [273, 1753]], '9', 0.9549988838837322), ([[138.36846596647052, 124.01173449805736], [254.4800344972826, 82.00677879619586], [369.6315340335295, 426.98826550194264], [253.5199655027174, 469.9932212038041]], ' ', 0.0053812430293129765), ([[1021.3083723977826, 349.0119622959168], [1163.1910336099036, 307.1203779784355], [1260.6916276022175, 677.9880377040832], [1117.8089663900964, 718.8796220215645]], '표', 0.26535490830043784), ([[368.8098865952373, 640.0308112880798], [516.9490435460422, 567.0195884208373], [650.1901134047627, 878.9691887119202], [501.0509564539579, 951.9804115791627]], '텔', 0.036950436976823875), ([[129.25967878080345, 1229.0124597898625], [384.76391220003114, 1420.7856375827646], [271.7403212191965, 1569.9875402101375], [16.23608779996885, 1379.2143624172354]], '음,사', 0.001006268911240315), ([[1118.2074577815824, 1562.0209520719097], [1293.9998392515552, 1670.9305562997613], [1223.7925422184176, 1780.9790479280903], [1048.0001607484448, 1672.0694437002387]], '(채재', 0.007266408504213268)]
[([[307, 0], [397, 0], [397, 97], [307, 97]], '@"', 0.18747120682945956), ([[825, 5], [925, 5], [925, 93], [825, 93]], '@@', 0.07042589456964285), ([[74, 142], [170, 142], [170, 378], [74, 378]], '#', 0.9655161788502973), ([[266, 244], [366, 244], [366, 358], [266, 358]], '@', 0.6766124262385951), ([[162, 392], [430, 392], [430, 592], [162, 592]], '합', 0.10461529425441896), ([[889, 501], [964, 501], [964, 642], [889, 642]], '국', 0.0640056478257387), ([[1089, 145], [1266, 145], [1266, 635], [1089, 635]], '군', 0.002290397415839751), ([[777, 625], [967, 625], [967, 789], [777, 789]], '비:', 0.12416083759419848), ([[0, 901], [231, 901], [231, 1153], [0, 1153]], '02', 0.5228784653144717), ([[1026, 1049], [1068, 1049], [1068, 1138], [1026, 1138]], '8', 0.825300909352805), ([[987, 1145], [1023, 1145], [1023, 1181], [987, 1181]], '너', 0.6415337776378607), ([[284, 1124], [360, 1124], [360, 1256], [284, 1256]], '@', 0.9597370525398787), ([[49, 1559], [91, 1559], [91, 1597], [49, 1597]], '0', 0.9416249828157106), ([[204, 1240], [340, 1240], [340, 1670], [204, 1670]], '"', 0.060033092747691086), ([[304, 1474], [336, 1474], [336, 1632], [304, 1632]], ';', 0.019804608150632896), ([[330, 1470], [402, 1470], [402, 1768], [330, 1768]], "'", 0.3363932048187088), ([[470, 1636], [570, 1636], [570, 1792], [470, 1792]], '@', 0.013309990582862419), ([[115.98081366189746, 511.03714716799516], [281.29659859028067, 559.6181663736575], [243.01918633810254, 675.9628528320048], [78.70340140971932, 626.3818336263425]], '성구', 0.08194495210025204), ([[1140.202547777171, 610.0318472146388], [1217.5691766544194, 624.4603767943596], [1193.797452222829, 754.9681527853612], [1116.4308233455806, 740.5396232056404]], '9', 0.42188386984668114), ([[769.3633013932322, 770.0225496445739], [832.2654102097487, 756.0894031063534], [868.6366986067678, 928.9774503554261], [805.7345897902513, 942.9105968936466]], '봄', 0.021901680574786475), ([[269.35617722002036, 940.0207469103154], [340.70441982847143, 925.1463228666496], [376.64382277997964, 1114.9792530896846], [305.29558017152857, 1129.8536771333504]], '틈', 0.13846284254840668), ([[468.2433885949595, 1140.0190941801984], [573.5800153522032, 1113.223548437382], [630.7566114050405, 1367.9809058198016], [524.4199846477968, 1394.776451562618]], '영', 0.030446007741993464), ([[1031.5360101033386, 1299.008282893482], [1127.403387907322, 1288.2240958610776], [1161.4639898966614, 1604.991717106518], [1065.596612092678, 1616.7759041389224]], '"', 0.05027713108412635), ([[773.086571837083, 1419.2674879202486], [867.7990018711023, 1346.0199625779544], [971.913428162917, 1504.7325120797514], [877.2009981288977, 1577.9800374220456]], '용', 0.011205016664656009), ([[501.2117748398972, 1430.0389258829614], [616.9997704414696, 1487.9393956784736], [585.7882251601028, 1546.9610741170386], [469.0002295585303, 1489.0606043215264]], '8 ', 0.015721123765052292), ([[22.17960583409956, 1561.0421765907658], [124.92622852317855, 1608.9160713130696], [93.82039416590044, 1673.9578234092342], [-7.926228523178557, 1627.0839286869304]], '@손', 0.07623557257230157), ([[806.4133484557116, 1582.0215389976772], [930.7873373466687, 1674.1676853301956], [886.5866515442884, 1733.9784610023228], [762.2126626533313, 1641.8323146698044]], '잡아@', 0.058227769498716914)]
[([[72, 82], [221, 82], [221, 222], [72, 222]], '#뼈', 0.02053639728146186), ([[69, 153], [225, 153], [225, 321], [69, 321]], '뼈', 0.3167290690982192), ([[79, 259], [108, 259], [108, 376], [79, 376]], ' ', 0.005626540587514661), ([[106, 280], [135, 280], [135, 333], [106, 333]], '짚', 0.5119398194347333), ([[157, 279], [217, 279], [217, 379], [157, 379]], '훌촉', 0.003733879751010724), ([[322, 328], [378, 328], [378, 420], [322, 420]], '듯', 0.06811806365221074), ([[1102, 450], [1132, 450], [1132, 484], [1102, 484]], '후', 0.9997751839168956), ([[1101, 481], [1183, 481], [1183, 517], [1101, 517]], '이만한', 0.9869301781278215), ([[1101, 513], [1181, 513], [1181, 549], [1101, 549]], '변기는', 0.6039600771814143), ([[1101, 545], [1189, 545], [1189, 581], [1101, 581]], '또 없지', 0.6786483777831569), ([[89, 835], [139, 835], [139, 875], [89, 875]], '옷 .', 0.21194663100405983), ([[85, 867], [263, 867], [263, 909], [85, 909]], '완전 변기취급', 0.8544244083103142), ([[87, 901], [241, 901], [241, 943], [87, 943]], '당하고 있어.', 0.8197745692204352), ([[239, 1257], [323, 1257], [323, 1353], [239, 1353]], '델', 0.07881618186635908), ([[956.2379464145386, 1078.0264283693555], [1077.9565250758978, 1167.0229850250792], [1020.7620535854614, 1243.9735716306445], [899.043474924102, 1154.9770149749208]], '(]고', 0.002514390513970573)]
[([[260, 142], [290, 142], [290, 196], [260, 196]], ')', 0.5534915039078534), ([[1027, 115], [1143, 115], [1143, 227], [1027, 227]], '용질', 0.32313473151104416), ([[268, 264], [380, 264], [380, 362], [268, 362]], '용', 0.15965643748929725), ([[208, 344], [322, 344], [322, 448], [208, 448]], '잃', 0.17196622886694968), ([[1076, 266], [1191, 266], [1191, 485], [1076, 485]], '옷', 0.12497856496796445), ([[1118, 482], [1172, 482], [1172, 598], [1118, 598]], '"', 0.09933191599469016), ([[137, 579], [319, 579], [319, 615], [137, 615]], '자지 들어외아앗.', 0.8227123804254777), ([[1003, 1011], [1119, 1011], [1119, 1053], [1003, 1053]], '질주름이', 0.793685257434845), ([[1005, 1045], [1209, 1045], [1209, 1087], [1005, 1087]], '자지에 밀착해선_', 0.5219119511902743), ([[1005, 1081], [1181, 1081], [1181, 1121], [1005, 1121]], '억지로 벌리는', 0.6123809528193375), ([[1005, 1117], [1129, 1117], [1129, 1155], [1005, 1155]], '이 느낌이', 0.9992564036004885), ([[179, 1119], [243, 1119], [243, 1181], [179, 1181]], '9', 0.3210462600287691), ([[1004, 1150], [1147, 1150], [1147, 1189], [1004, 1189]], '최고라니까', 0.9990763722918169), ([[491, 1321], [615, 1321], [615, 1429], [491, 1429]], '빛', 0.07951190129142915), ([[1054, 1432], [1108, 1432], [1108, 1510], [1054, 1510]], '응', 0.9986650633500318), ([[1043, 1509], [1085, 1509], [1085, 1565], [1043, 1565]], '8', 0.9001313488904685), ([[1063, 1551], [1107, 1551], [1107, 1595], [1063, 1595]], '스', 0.020929010713645946), ([[468, 1582], [576, 1582], [576, 1658], [468, 1658]], '@공', 0.0978463938370884), ([[862, 1562], [1008, 1562], [1008, 1720], [862, 1720]], '빛셋', 0.09489257420911872), ([[769, 1645], [879, 1645], [879, 1733], [769, 1733]], '@', 0.8008289840704244), ([[452, 1710], [564, 1710], [564, 1790], [452, 1790]], '떼풍', 0.010996393628272847), ([[108.49233499400452, 1061.01432939388], [176.756383697207, 1052.1730460345493], [202.50766500599548, 1255.98567060612], [134.243616302793, 1265.8269539654507]], '못', 0.16914962554217627)]
[([[935, 647], [1190, 647], [1190, 691], [935, 691]], '벌써오빠의 자지가', 0.7034449227812478), ([[933, 683], [1233, 683], [1233, 727], [933, 727]], '자궁에 당고 있어어엇 .', 0.4252003883753459), ([[349, 815], [465, 815], [465, 907], [349, 907]], '문월', 0.03534490719036839), ([[798, 762], [1002, 762], [1002, 934], [798, 934]], '7', 0.017116805982454686), ([[104, 902], [254, 902], [254, 950], [104, 950]], '자궁키스', 0.8767313361167908), ([[606, 888], [656, 888], [656, 974], [606, 974]], '@', 0.0309030922521778), ([[844, 902], [924, 902], [924, 998], [844, 998]], '년', 0.05250618376539595), ([[106, 946], [288, 946], [288, 996], [106, 996]], '기분 쫓지?', 0.5599858689743952), ([[714, 946], [762, 946], [762, 1016], [714, 1016]], '8', 0.9998670860589733), ([[971, 1291], [1229, 1291], [1229, 1335], [971, 1335]], '자궁되 문질문질하면', 0.3303047816772673), ([[970, 1323], [1152, 1323], [1152, 1372], [970, 1372]], '또벌어저버럿;', 0.5254299110711056), ([[120.59067147316472, 209.0414150438001], [302.07623549164424, 197.56138908296748], [307.4093285268353, 426.9585849561999], [126.92376450835577, 439.4386109170325]], '독?', 0.07559820622329202), ([[701.9955482258141, 991.0336685646303], [906.4946476634639, 1048.139276089638], [867.0044517741859, 1169.9663314353697], [663.5053523365361, 1112.860723910362]], '면 )', 0.013908647705331977), ([[55.96393915740544, 1258.0538159110922], [132.7396833549694, 1244.725585279676], [152.03606084259457, 1373.9461840889078], [75.2603166450306, 1387.274414720324]], '닭', 0.00446598623765887)]
[([[714, 276], [983, 276], [983, 505], [714, 505]], '례', 0.012825375694925312), ([[130, 500], [178, 500], [178, 620], [130, 620]], '퍽', 0.010794205315818817), ([[1054, 328], [1186, 328], [1186, 751], [1054, 751]], '@', 0.31141152762188895), ([[1152, 588], [1208, 588], [1208, 732], [1152, 732]], '8', 0.36880465491100267), ([[131, 625], [175, 625], [175, 785], [131, 785]], '군', 0.006048144268508082), ([[968, 850], [1044, 850], [1044, 876], [968, 876]], '유이장 ~', 0.9169659275011175), ([[856, 856], [882, 856], [882, 916], [856, 916]], '히', 0.08311244377013338), ([[968, 874], [1032, 874], [1032, 904], [968, 904]], '그렇게', 0.7642961425645393), ([[968, 900], [1092, 900], [1092, 928], [968, 928]], '소리내버리면', 0.9999287996258991), ([[819, 855], [855, 855], [855, 1013], [819, 1013]], '품', 0.015696122035820714), ([[968, 924], [1052, 924], [1052, 954], [968, 954]], '변태석스', 0.21092475950717926), ([[968, 948], [1104, 948], [1104, 980], [968, 980]], '들켜버린다구?', 0.9336560734752566), ([[819, 1005], [855, 1005], [855, 1041], [819, 1041]], '얘', 0.9060008292061781), ([[822, 1034], [852, 1034], [852, 1084], [822, 1084]], '옛', 0.7978531621066765), ([[234, 1082], [344, 1082], [344, 1114], [234, 1114]], '카페에서', 0.9925172924995422), ([[233, 1113], [395, 1113], [395, 1151], [233, 1151]], '가슴드러내고', 0.9955934530267577), ([[235, 1145], [343, 1145], [343, 1185], [235, 1185]], '흥분하는', 0.9098172187805176), ([[235, 1178], [343, 1178], [343, 1216], [235, 1216]], '변태녀엔', 0.8671880960464478), ([[233, 1243], [373, 1243], [373, 1283], [233, 1283]], '걸말이려나', 0.9835355143729361), ([[235, 1211], [343, 1211], [343, 1249], [235, 1249]], '어울리는', 0.563279926776886), ([[924, 1118], [1228, 1118], [1228, 1316], [924, 1316]], '질로러', 0.0252675113185796), ([[1039, 1371], [1191, 1371], [1191, 1407], [1039, 1407]], '나난 변태가', 0.8436090686871269), ([[1040, 1400], [1118, 1400], [1118, 1432], [1040, 1432]], '아니야', 0.9978747644074497), ([[1036, 1426], [1237, 1426], [1237, 1464], [1036, 1464]], '하지만 하지만 _! !', 0.25713585756611146), ([[905, 1477], [1077, 1477], [1077, 1519], [905, 1519]], '자지가 자궁을', 0.6871771992537199), ([[903, 1511], [1105, 1511], [1105, 1551], [903, 1551]], '콩콩 박아대는거', 0.2600230747426309), ([[903, 1543], [1079, 1543], [1079, 1585], [903, 1585]], '너문 좋아아앗', 0.4967142902253537), ([[123, 1595], [321, 1595], [321, 1757], [123, 1757]], '(칭9', 0.0776744721364335), ([[1102, 1618], [1182, 1618], [1182, 1724], [1102, 1724]], '텅', 0.17089428230873693), ([[375.7518419744173, 62.03389232927849], [576.7538086462664, 92.68479586115087], [540.2481580255827, 291.9661076707215], [339.24619135373365, 261.31520413884914]], '옛컵', 0.01140728748222109), ([[142.57850440921865, 129.00634638605942], [236.3588564110957, 100.00459996726727], [349.4214955907813, 488.9936536139406], [254.6411435889043, 517.9954000327327]], '@', 0.07433989327264445), ([[383.8590041892297, 623.0325733115204], [631.2549206147511, 666.8294508538816], [594.1409958107703, 837.9674266884796], [346.7450793852489, 794.1705491461184]], '제계', 0.06933897643480469), ([[77.98909183017422, 1264.0196600354773], [406.975173806746, 1360.7722276375894], [337.01090816982577, 1572.9803399645227], [8.024826193253997, 1476.2277723624106]], '걸적"', 0.005354958417801902)]
[([[820, 16], [946, 16], [946, 146], [820, 146]], '월', 0.07705401120233901), ([[53, 229], [183, 229], [183, 265], [53, 265]], '변태보지에', 0.9867664851168269), ([[54, 262], [170, 262], [170, 294], [54, 294]], '산  맛. ! !', 0.2719766129556869), ([[203, 359], [435, 359], [435, 595], [203, 595]], '옛', 0.23723532123995827), ([[891, 521], [977, 521], [977, 557], [891, 557]], '자궁구', 0.9709289101515274), ([[891, 553], [975, 553], [975, 589], [891, 589]], '제대로', 0.9999953886918919), ([[893, 585], [975, 585], [975, 623], [893, 623]], '벌리고', 0.9998111451750586), ([[1093, 166], [1232, 166], [1232, 745], [1093, 745]], '!', 0.45221915210271746), ([[893, 619], [987, 619], [987, 657], [893, 657]], '잘 받아', 0.9985166765220472), ([[893, 651], [1003, 651], [1003, 687], [893, 687]], '먹으라구', 0.9974036812782288), ([[783, 683], [825, 683], [825, 735], [783, 735]], '5', 0.0571127699814975), ([[977, 995], [1093, 995], [1093, 1129], [977, 1129]], '@물', 0.07809139232176888), ([[985, 1141], [1029, 1141], [1029, 1185], [985, 1185]], '너', 0.3873131141808841), ([[1019, 1267], [1103, 1267], [1103, 1367], [1019, 1367]], '히', 0.9885923243580272), ([[218, 1300], [294, 1300], [294, 1614], [218, 1614]], '{', 0.04895415282844895), ([[291, 1523], [497, 1523], [497, 1561], [291, 1561]], '오빠의 자지밀크로', 0.8819143638385857), ([[501, 1447], [569, 1447], [569, 1533], [501, 1533]], '장', 0.1184283760644087), ([[1072, 1468], [1140, 1468], [1140, 1524], [1072, 1524]], '0', 0.42375439032827344), ([[1076, 1514], [1174, 1514], [1174, 1592], [1076, 1592]], '아', 0.986519775088027), ([[291, 1555], [411, 1555], [411, 1591], [291, 1591]], '내 자궁 안', 0.9098298624176249), ([[289, 1587], [513, 1587], [513, 1623], [289, 1623]], '가득 채워지고있어 >', 0.3882270793749095), ([[817, 1625], [879, 1625], [879, 1709], [817, 1709]], '콩', 0.1270089246950059), ([[327.93608399193397, -4.936894467754495], [453.31936540181476, 16.56661110401295], [437.06391600806603, 96.9368944677545], [310.68063459818524, 75.43338889598705]], '9예', 0.015512245136744299), ([[264.9858196838319, 239.04685258538456], [408.59769089519966, 280.05229789669943], [380.0141803161681, 368.95314741461544], [236.40230910480037, 327.94770210330057]], '연제', 0.018172106741566867), ([[71.95812105249725, 575.0388221034631], [170.94778506323127, 544.3138550635692], [222.04187894750277, 736.9611778965369], [123.05221493676875, 766.6861449364308]], '지', 0.04216729924942286), ([[744.2925571035913, 770.0250551606376], [814.5121475197316, 743.0131233652342], [879.7074428964087, 930.9749448393624], [809.4878524802684, 957.9868766347658]], '@', 0.04161669152928571), ([[18.85342154108312, 884.0234856024281], [285.9000584649081, 949.1942556466187], [222.14657845891688, 1183.976514397572], [-43.90005846490811, 1118.8057443533812]], '(1', 0.13420754348990743), ([[269.08676875072814, 948.0321162603394], [365.6809827226698, 934.8719993094464], [386.91323124927186, 1115.9678837396607], [290.3190172773302, 1130.1280006905536]], '@', 0.0936719673013755), ([[438.4984888437307, 1160.0870040560837], [515.6624037208348, 1105.016887071637], [620.5015111562693, 1271.9129959439163], [544.3375962791652, 1326.983112928363]], '움', 0.20080968959992251), ([[1029.860333073146, 1359.0591975022014], [1109.6897522801899, 1341.637291468403], [1134.139666926854, 1476.9408024977986], [1055.3102477198101, 1494.362708531597]], '양', 0.32181768274898914), ([[813.1189256533435, 1420.323272874711], [882.7589372977311, 1356.0221722087974], [987.8810743466565, 1489.676727125289], [919.2410627022689, 1552.9778277912026]], '9', 0.8769724363621698)]
