2049426
37
[([[356, 16], [548, 16], [548, 42], [356, 42]], '가은하늘 아래 갈은여름의경차', 0.413949823963543), ([[5, 133], [195, 133], [195, 225], [5, 225]], '불 늘이', 0.8218510150909424), ([[2, 324], [142, 324], [142, 348], [2, 348]], '+1 >+1 = =0/복', 0.015626877696906873), ([[0, 348], [80, 348], [80, 372], [0, 372]], '보소-/4#', 0.08043075869132867), ([[3, 375], [69, 375], [69, 395], [3, 395]], '#36*', 0.373417466878891), ([[404, 382], [526, 382], [526, 408], [404, 408]], '"알고있다편 좋아|', 0.19907536046568203), ([[2, 398], [114, 398], [114, 420], [2, 420]], '히) 7*내36*', 0.029734260115928828)]
[]
[([[1731, 143], [1797, 143], [1797, 187], [1731, 187]], '@', 0.9370438378201449), ([[1733, 179], [1813, 179], [1813, 223], [1733, 223]], '올해의', 0.0132581231030589), ([[1706, 212], [1842, 212], [1842, 260], [1706, 260]], '불플플이국', 0.04194377925196977), ([[1735, 249], [1811, 249], [1811, 291], [1735, 291]], '네냐', 0.17547519849083043), ([[1295, 327], [1389, 327], [1389, 371], [1295, 371]], '이정률', 0.17429884184301747), ([[1273, 361], [1414, 361], [1414, 409], [1273, 409]], '마의로되면', 0.022684436612695126), ([[1273, 399], [1413, 399], [1413, 441], [1273, 441]], '죄연럽레', 0.11145228147506714), ([[1234, 432], [1454, 432], [1454, 480], [1234, 480]], '심자신문 생격세', 0.020372013675572027), ([[1245, 469], [1445, 469], [1445, 513], [1245, 513]], '데이트어렉출', 0.010838245718351765), ([[1275, 499], [1410, 499], [1410, 552], [1275, 552]], "'알아듣데", 0.03659592271575889), ([[660, 584], [744, 584], [744, 632], [660, 632]], '>', 0.020749905116591805), ([[196, 614], [402, 614], [402, 712], [196, 712]], '@표롭백', 0.0002905118162743747), ([[194, 690], [402, 690], [402, 740], [194, 740]], '같이안있울러야', 0.010819619029388064)]
[([[459, 254], [572, 254], [572, 304], [459, 304]], '미인의옛', 0.21739494800567627), ([[419, 251], [578, 251], [578, 349], [419, 349]], '@@당', 0.00243317078017929), ([[1429, 429], [1539, 429], [1539, 559], [1429, 559]], '올', 0.9388175022252199), ([[1418, 538], [1550, 538], [1550, 586], [1418, 586]], '동림이리늄', 0.2708334879628882), ([[1433, 577], [1533, 577], [1533, 621], [1433, 621]], '표정은', 0.5237066823967085), ([[288, 776], [318, 776], [318, 818], [288, 818]], '흥', 0.5542264403180788)]
[([[1028.1176854461955, 605.0299760590759], [1217.7801663570287, 669.6193807766319], [1176.8823145538045, 777.9700239409241], [988.2198336429713, 712.3806192233681]], '와람', 0.2723192810448638)]
[([[1660, 124], [1776, 124], [1776, 172], [1660, 172]], '야의의길', 0.012969361618161201), ([[1642, 160], [1786, 160], [1786, 208], [1642, 208]], '왜안절뷰절', 0.053581491635718806), ([[1649, 197], [1787, 197], [1787, 241], [1649, 241]], '못하드없야', 0.030989319909108387), ([[297, 393], [481, 393], [481, 485], [297, 485]], "'[물이훨짚", 0.006515322613218321), ([[287, 463], [487, 463], [487, 555], [287, 555]], '빵하@안입', 0.004560975841821804), ([[1270, 496], [1460, 496], [1460, 544], [1270, 544]], '왜외문거없어?', 0.014453968240983262), ([[1281, 533], [1450, 533], [1450, 577], [1281, 577]], '동정소숙제에', 0.1275154778431684), ([[1269, 565], [1461, 565], [1461, 613], [1269, 613]], '된방지롭어세', 0.23350073371202074), ([[1276, 600], [1458, 600], [1458, 650], [1276, 650]], '합번플로렉다', 0.05474976853409528)]
[([[1344, 224], [1520, 224], [1520, 272], [1344, 272]], '왜드럽표정울', 0.14730320803649807), ([[1371, 263], [1497, 263], [1497, 305], [1371, 305]], '켓문러야', 0.04080720618367195), ([[1315, 292], [1552, 292], [1552, 344], [1315, 344]], '조금당걸스리움데', 0.09993262852734631), ([[249, 490], [464, 490], [464, 542], [249, 542]], '며문진지하장 ', 0.01289674953953958), ([[291, 529], [395, 529], [395, 573], [291, 573]], '이쪽까지', 0.40052589565878427), ([[264, 560], [448, 560], [448, 608], [264, 608]], '붐터워집다고', 0.033319017471267934)]
[([[1212, 558], [1288, 558], [1288, 614], [1212, 614]], '돕', 0.043957256701526726), ([[676, 760], [744, 760], [744, 816], [676, 816]], '지', 0.005586381681756125)]
[([[1219, 585], [1293, 585], [1293, 645], [1219, 645]], '몹', 0.06292518024033544), ([[696, 654], [770, 654], [770, 710], [696, 710]], '지', 0.020442285970659668), ([[1184, 790], [1252, 790], [1252, 846], [1184, 846]], '돈', 0.07848251758156266), ([[604, 862], [672, 862], [672, 918], [604, 918]], '돈', 0.013424658420524205)]
[]
[]
[([[639, 217], [695, 217], [695, 253], [639, 253]], '그래', 0.9733341838758992), ([[577, 249], [715, 249], [715, 293], [577, 293]], '알고있다면', 0.9997129099346083), ([[1561, 331], [1671, 331], [1671, 415], [1561, 415]], '잘-', 0.020254117071058085), ([[1516, 402], [1710, 402], [1710, 450], [1516, 450]], '텔하종이든', 0.0023798577771996965), ([[1545, 439], [1675, 439], [1675, 483], [1545, 483]], '알종있어?', 0.19097481109370065), ([[207, 751], [293, 751], [293, 795], [207, 795]], '@동야', 0.12629179177223526)]
[]
[]
[]
[([[562, 62], [648, 62], [648, 110], [562, 110]], '>', 0.019515901395809943), ([[156, 416], [240, 416], [240, 464], [156, 464]], '>', 0.025578269231463224), ([[182, 801], [339, 801], [339, 854], [182, 854]], '듭어앞레', 0.004706450738012791)]
[([[930, 95], [1118, 95], [1118, 148], [930, 148]], '야 중륭만다', 0.01561311652474963), ([[934, 134], [1114, 134], [1114, 184], [934, 184]], '천천히해취', 0.14571671532186617), ([[155, 757], [259, 757], [259, 797], [155, 797]], '@웃음', 0.22099906100272704), ([[107, 784], [334, 784], [334, 840], [107, 840]], '@물처음이페 ', 0.015389926646410961), ([[1595, 755], [1779, 755], [1779, 895], [1595, 895]], '준', 0.01812194151674107), ([[1752, 852], [1806, 852], [1806, 884], [1752, 884]], '0)', 0.1678501301722078), ([[1203, 929], [1281, 929], [1281, 991], [1203, 991]], '움', 0.07575023526772284), ([[1438.8302423892474, 766.0984300965588], [1515.0376743403638, 777.45789772032], [1505.1697576107526, 838.9015699034412], [1427.9623256596362, 828.54210227968]], '음', 0.09029869502832355)]
[([[1640, 162], [1826, 162], [1826, 210], [1640, 210]], '정말- 지금-체', 0.19564954226493889), ([[1649, 199], [1821, 199], [1821, 243], [1649, 243]], '존물잡아본적', 0.26988663584465283), ([[1665, 233], [1773, 233], [1773, 277], [1665, 277]], '없으편세', 0.35822561383247375), ([[1657, 264], [1808, 264], [1808, 315], [1657, 315]], '이때략하관', 0.04201214996777814), ([[1652, 302], [1816, 302], [1816, 350], [1652, 350]], '만지0임데뇨', 0.02843774903010977), ([[1402, 394], [1526, 394], [1526, 472], [1402, 472]], '뺨', 0.005360786486562574), ([[229, 847], [255, 847], [255, 863], [229, 863]], '0', 0.004775768666164026), ([[245, 821], [307, 821], [307, 865], [245, 865]], '변래', 0.10091747347652967), ([[1554, 794], [1652, 794], [1652, 866], [1554, 866]], '수', 0.02422509635118275), ([[1290, 974], [1395, 974], [1395, 1049], [1290, 1049]], '수', 0.08582847077900713), ([[847.2772573942153, 753.026152040171], [922.555838817756, 790.8233580262316], [862.7227426057847, 910.973847959829], [786.444161182244, 873.1766419737684]], '흙', 0.34078195809374634)]
[([[959, 111], [1043, 111], [1043, 155], [959, 155]], '민만해', 0.13623079560021845), ([[939, 139], [1075, 139], [1075, 231], [939, 231]], '퓨훨대 ', 0.010365212336182594), ([[1045, 173], [1073, 173], [1073, 189], [1045, 189]], '.', 0.1233472695663318), ([[1679, 169], [1810, 169], [1810, 218], [1679, 218]], '다 잠깐,', 0.12411211101871358), ([[956, 216], [1070, 216], [1070, 264], [956, 264]], '본제모', 0.030751928112365472), ([[1275, 193], [1513, 193], [1513, 301], [1275, 301]], ' 움쏘', 0.01114175096154213), ([[1658, 205], [1832, 205], [1832, 255], [1658, 255]], '왜엉덩이름', 0.540285222328537), ([[1490, 288], [1548, 288], [1548, 338], [1490, 338]], '1', 0.1441355230333876), ([[339, 469], [409, 469], [409, 533], [339, 533]], '양', 0.1427524451804496), ([[75, 593], [163, 593], [163, 637], [75, 637]], '자지의', 0.6843744437195509), ([[101, 555], [271, 555], [271, 645], [101, 645]], '@똑`양기', 0.0006739876302017221), ([[114, 622], [228, 622], [228, 676], [114, 676]], '"확실히?', 0.27408547452707566), ([[96, 660], [246, 660], [246, 712], [96, 712]], '일컷되이', 0.01649593561887741), ([[117, 701], [189, 701], [189, 739], [117, 739]], '야야', 0.17342347259251875), ([[88, 732], [254, 732], [254, 780], [88, 780]], '제계하드', 0.08229534327983856), ([[116, 768], [202, 768], [202, 816], [116, 816]], '좋이(', 0.09391308037755065), ([[510, 792], [620, 792], [620, 840], [510, 840]], '앗 . 힘이', 0.12386272943513889), ([[512, 828], [617, 828], [617, 873], [512, 873]], '들어가면', 0.9978941679000854), ([[511, 865], [593, 865], [593, 907], [511, 907]], '커기가', 0.857422160514106), ([[497, 883], [633, 883], [633, 947], [497, 947]], '좁아제', 0.0654244492867388), ([[812, 998], [838, 998], [838, 1024], [812, 1024]], '새', 0.0468935507795587), ([[1349.1132466948843, 584.0437916183316], [1519.88025758421, 627.5367757389654], [1497.8867533051157, 702.9562083816684], [1326.11974241579, 659.4632242610346]], '메렵0', 0.050120949430312624), ([[1101.202547777171, 878.0318472146388], [1334.9895997599576, 944.5440431644832], [1308.797452222829, 1022.9681527853612], [1074.0104002400424, 956.4559568355168]], '메-밟}어', 0.0002855781658934532), ([[667.8961704360929, 983.4469794827161], [770.6594533097028, 946.567577817162], [797.1038295639071, 1038.553020517284], [693.3405466902972, 1075.432422182838]], '움기', 0.14266521795940754)]
[([[461, 44], [568, 44], [568, 105], [461, 105]], '>', 0.02899860568788193), ([[913, 117], [979, 117], [979, 161], [913, 161]], '아룻', 0.11298294683675346), ([[969, 145], [991, 145], [991, 159], [969, 159]], '.', 0.02897521451564722), ([[989, 119], [1059, 119], [1059, 163], [989, 163]], '물다_', 0.4688500990820895), ([[902, 151], [1066, 151], [1066, 199], [902, 199]], '같이움질움질', 0.015269705353991095), ([[1715, 171], [1777, 171], [1777, 209], [1715, 209]], '하야', 0.7841820838178811), ([[888, 184], [1057, 184], [1057, 238], [888, 238]], '돼리고있어내', 0.020862088967573647), ([[1390, 282], [1555, 282], [1555, 345], [1390, 345]], '~ { ^피', 0.009472340952660557), ([[1663, 191], [1847, 191], [1847, 331], [1663, 331]], '#교', 0.11225171196465794), ([[313, 490], [446, 490], [446, 563], [313, 563]], '찬에', 0.0015562082691077737), ([[147, 659], [205, 659], [205, 701], [147, 701]], '퍼기', 0.14181685723775614), ([[108, 690], [270, 690], [270, 738], [108, 738]], '부애앗든데', 0.02262934484592994), ([[106, 722], [276, 722], [276, 814], [106, 814]], '대내교', 0.00416773066181574), ([[186, 762], [250, 762], [250, 810], [186, 810]], "'싶어", 0.25615720922662016), ([[737, 977], [809, 977], [809, 1041], [737, 1041]], '^숨', 0.0020831583147761287)]
[]
[([[1207, 115], [1347, 115], [1347, 157], [1207, 157]], '이젠나한데', 0.44141736591473224), ([[584, 130], [662, 130], [662, 184], [584, 184]], '팬심', 0.1746354374581258), ([[1232, 148], [1326, 148], [1326, 196], [1232, 196]], '넣는곳', 0.14258506915224806), ([[1210, 184], [1346, 184], [1346, 232], [1210, 232]], '문방찾네?', 0.046522972521865685), ([[1688, 220], [1744, 220], [1744, 250], [1688, 250]], '흐응', 0.17434222704083108), ([[1669, 253], [1783, 253], [1783, 297], [1669, 297]], '아까까제_', 0.22549005386771803), ([[1619, 287], [1831, 287], [1831, 331], [1619, 331]], '어문제모르치다고', 0.1596002805673037), ([[1656, 320], [1794, 320], [1794, 368], [1656, 368]], '헤쨌으편세 ', 0.07615122470726024), ([[364, 484], [440, 484], [440, 540], [364, 540]], '팬', 0.02275987159783832), ([[167, 743], [259, 743], [259, 831], [167, 831]], '@용로', 0.10101790615784698), ([[191, 819], [251, 819], [251, 861], [191, 861]], '해쥐', 0.3485559853949681), ([[1551.172509771504, 985.0490820806353], [1687.9444299535621, 1024.1197201467317], [1668.827490228496, 1082.9509179193647], [1532.0555700464379, 1043.8802798532683]], '(국30', 0.04337325692176819)]
[([[558, 58], [642, 58], [642, 106], [558, 106]], '정', 0.00945994351389473), ([[1602, 122], [1688, 122], [1688, 170], [1602, 170]], '양유', 0.02243917775034917), ([[1599, 161], [1705, 161], [1705, 205], [1599, 205]], '해아 ', 0.007116801243797234), ([[305, 489], [391, 489], [391, 540], [305, 540]], '정템', 0.002026533272698671), ([[59, 750], [228, 750], [228, 802], [59, 802]], '너로 그래?', 0.10342072168303988), ([[530, 804], [620, 804], [620, 852], [530, 852]], '들어와', 0.6419123776578723), ([[505, 837], [642, 837], [642, 888], [505, 888]], '있쇄니까', 0.1268261820077896), ([[537, 879], [611, 879], [611, 919], [537, 919]], '원가.', 0.5020678612685044), ([[518, 907], [629, 907], [629, 957], [518, 957]], '기쁘다', 0.9950710393746263), ([[1658.1763617125873, 754.0339767223076], [1825.9654575824488, 816.1695452014626], [1793.8236382874127, 894.9660232776924], [1626.0345424175512, 832.8304547985374]], '완다 5', 0.007611511275172234)]
[([[604, 84], [714, 84], [714, 134], [604, 134]], '청', 0.0037006071623180287), ([[1359, 193], [1437, 193], [1437, 231], [1359, 231]], '야 앗', 0.584209680557251), ([[1312, 222], [1510, 222], [1510, 272], [1312, 272]], '뒤어세할때랑음', 0.11990371145825596), ([[1323, 257], [1500, 257], [1500, 309], [1323, 309]], "'전혜다른 국에", 0.3219636384025085), ([[1334, 294], [1466, 294], [1466, 342], [1334, 342]], '닿아으웃', 0.4632747173309326), ([[258, 476], [362, 476], [362, 524], [258, 524]], '닭)', 0.03888894602061236), ([[77, 696], [257, 696], [257, 748], [77, 748]], '익숙해적다고', 0.4771423265293772), ([[79, 735], [243, 735], [243, 779], [79, 779]], '생각햇없논데 .', 0.10566247870839111), ([[90, 768], [250, 768], [250, 816], [90, 816]], '처음품음것', 0.10820529533103519), ([[74, 804], [236, 804], [236, 852], [74, 852]], '깥음프낌앗', 0.006089976693121305), ([[1783, 813], [1899, 813], [1899, 921], [1783, 921]], '업탕', 0.0016579212694915254), ([[1809, 909], [1907, 909], [1907, 1001], [1809, 1001]], '@?', 0.10373107068252814)]
[([[459, 653], [519, 653], [519, 695], [459, 695]], '뻔히', 0.5592703675402139), ([[407, 685], [570, 685], [570, 734], [407, 734]], '(쳐다보지마', 0.5209323096373484), ([[47, 858], [202, 858], [202, 910], [47, 910]], '때류리없', 0.0070487260818481445), ([[724.6076433315133, 56.49757966248059], [829.8453440333222, 37.46126559364106], [836.3923566684867, 90.50242033751941], [731.1546559666778, 109.53873440635894]], '닭친', 0.0008227872388354981), ([[1090.9966937444417, 30.020980492156117], [1407.0973977050996, 120.4800138610229], [1344.0033062555583, 316.9790195078439], [1027.9026022949004, 227.51998613897712]], '악', 0.24370487701617094), ([[37.029776858740064, 198.40297768587402], [132.7620564312697, 152.32592988842248], [154.97022314125994, 198.59702231412598], [59.237943568730294, 243.67407011157752]], '정:', 0.0069653003461861845), ([[265.3516732326157, 567.2308563141551], [340.1612997283933, 499.4027878828789], [371.6483267673843, 543.7691436858449], [296.8387002716067, 611.5972121171211]], '움:', 0.021513499908274083), ([[679.3313292672195, 732.1560451162637], [795.0347464346149, 722.3864144612669], [797.6686707327805, 802.8439548837363], [681.9652535653851, 812.6135855387331]], '문량', 0.10922335276989632)]
[([[684, 64], [754, 64], [754, 120], [684, 120]], '꼴', 0.3370224716784378), ([[1530, 140], [1638, 140], [1638, 188], [1530, 188]], '아의원(', 0.013543972745537758), ([[1002, 122], [1148, 122], [1148, 246], [1002, 246]], '문글', 0.0011709547810754197), ([[1511, 331], [1579, 331], [1579, 411], [1511, 411]], '~', 0.0707642461499356), ([[107, 731], [211, 731], [211, 775], [107, 775]], '햇하아', 0.15568938872798688), ([[78, 758], [254, 758], [254, 814], [78, 814]], '@사목소리', 0.09262620132400247), ([[1721, 753], [1837, 753], [1837, 821], [1721, 821]], '팬벽', 0.054361581233455365), ([[94, 802], [242, 802], [242, 850], [94, 850]], '이장하지 ', 0.3634367591359215), ([[520.3417354349018, 59.2442560653724], [626.4756259697555, 29.003905384146886], [639.6582645650982, 81.7557439346276], [533.5243740302445, 111.99609461585311]], '읽:', 0.004271599904837298), ([[258.3070020560507, 515.2438069905724], [332.1991471102949, 449.41754964309746], [362.6929979439493, 492.75619300942765], [288.8008528897051, 559.5824503569025]], '리:', 0.029810552358168457), ([[1360.3149700916601, 938.0261082007481], [1431.9686001427597, 964.304509498706], [1385.6850299083399, 1086.9738917992518], [1314.0313998572403, 1060.695490501294]], '품', 0.5645435501815541)]
[([[702, 0], [954, 0], [954, 94], [702, 94]], '~ 소스', 0.07815036922693253), ([[563, 175], [593, 175], [593, 195], [563, 195]], '쇼', 0.11858875210892794), ([[1848, 118], [1920, 118], [1920, 210], [1848, 210]], '^', 0.055511233378879865), ([[1628, 186], [1764, 186], [1764, 234], [1628, 234]], '양 이원', 0.030183172927797194), ([[1642, 222], [1726, 222], [1726, 270], [1642, 270]], '이쨌다', 0.0031685590582279347), ([[165, 639], [336, 639], [336, 690], [165, 690]], '문가온몸이', 0.7186764364710737), ([[161, 674], [319, 674], [319, 726], [161, 726]], '오씩오씩해', 0.4351475506528811), ([[968, 820], [1004, 820], [1004, 850], [968, 850]], '대', 0.0018228800400730278), ([[582, 852], [664, 852], [664, 900], [582, 900]], '가슴 .', 0.24921831488609314), ([[536, 888], [690, 888], [690, 936], [536, 936]], '기분 좋아(', 0.21389936871613813), ([[580.6717988226486, 99.00769823397293], [691.5374972029111, 69.0743001727623], [704.3282011773514, 123.99230176602707], [593.4625027970889, 153.92569982723768]], '워짜', 0.0025475668197057007), ([[1012.8550424457247, 148.91302546743484], [1118.1892804037825, 109.70466186447625], [1136.1449575542752, 161.08697453256516], [1030.8107195962175, 199.29533813552374]], '8처)', 0.0007919773909893261), ([[21.500663163803186, 236.40026526552128], [127.60084003776137, 192.72437009003363], [148.49933683619682, 245.59973473447872], [43.39915996223862, 289.27562990996637]], '>짜', 0.0033000037766176328), ([[1498.01985123916, 358.601985123916], [1567.4486927719656, 324.8371051695444], [1583.98014876084, 358.398014876084], [1514.5513072280344, 393.1628948304556]], '스', 0.48453412812661156), ([[477.98198161801105, 600.349548530431], [567.7840419680233, 533.6850107883191], [597.0180183819889, 583.650451469569], [507.21595803197664, 649.3149892116809]], '하', 0.3737249914613585), ([[845.295216003452, 869.9885648010356], [950.372865332881, 820.5339183338988], [973.704783996548, 871.0114351989644], [869.627134667119, 921.4660816661012]], '흉', 0.006931711449315259), ([[34.11651594585448, 936.8233031891709], [138.13390751627108, 894.6513440413253], [157.88348405414553, 941.1766968108291], [52.86609248372893, 984.3486559586747]], '갖', 0.058756902984158366)]
[([[1085, 123], [1237, 123], [1237, 167], [1085, 167]], '자지도 웃0', 0.46568609903233804), ([[1094, 158], [1230, 158], [1230, 206], [1094, 206]], '표임청춘질', 0.08689332320144545), ([[1732, 176], [1862, 176], [1862, 224], [1732, 224]], '약 회원', 0.026670492111921757), ([[1125, 197], [1205, 197], [1205, 239], [1125, 239]], '움질교', 0.2187075173087425), ([[1719, 209], [1878, 209], [1878, 261], [1719, 261]], '움거리듬몹', 0.0073481566184456), ([[1417, 245], [1509, 245], [1509, 329], [1417, 329]], '질_', 0.011062272344571276), ([[1585, 291], [1681, 291], [1681, 353], [1585, 353]], '사-', 0.09917026577707948), ([[1703, 241], [1889, 241], [1889, 333], [1703, 333]], '히요& ', 0.00768214650452137), ([[1400, 318], [1528, 318], [1528, 366], [1400, 366]], '안미럿', 0.09327202697232694), ([[1422, 354], [1509, 354], [1509, 403], [1422, 403]], '같이', 0.2554504827609797), ([[1421, 389], [1487, 389], [1487, 433], [1421, 433]], '이앗', 0.2905796793352062), ([[1306, 424], [1342, 424], [1342, 456], [1306, 456]], '^', 0.6251054777696972), ([[241, 471], [261, 471], [261, 501], [241, 501]], '5', 0.7946754295479117), ([[232, 510], [256, 510], [256, 552], [232, 552]], '>', 0.7219663437537207), ([[72, 763], [177, 763], [177, 812], [72, 812]], '@@?', 0.023897706223558527), ([[478, 780], [633, 780], [633, 828], [478, 828]], '저기 같이', 0.6252391509804428), ([[46, 796], [200, 796], [200, 844], [46, 844]], '온다아아)', 0.09951973664678317), ([[509, 817], [575, 817], [575, 859], [509, 859]], '하아', 0.8181490048903272), ([[465, 835], [646, 835], [646, 899], [465, 899]], '같이요거줄래?', 0.06290365741954533), ([[1258, 969], [1382, 969], [1382, 1048], [1258, 1048]], '짧]', 0.029325913531212514), ([[1508.9578792406196, 71.82839470905338], [1606.2930451841592, 13.984438873357611], [1632.0421207593804, 65.17160529094662], [1534.7069548158408, 123.01556112664238]], '>짜', 0.002795188479815694), ([[526.6717988226486, 88.00769823397293], [625.4099648273492, 32.063185249957094], [649.3282011773514, 82.99230176602707], [551.5900351726508, 138.9368147500429]], '8어', 0.001497631354397941), ([[18.51257083768542, 114.1175991727596], [115.36394445737857, 59.03171280141012], [140.48742916231458, 109.8824008272404], [43.636055542621435, 164.96828719858988]], '정짜', 0.002385769548013021), ([[1215.540235122517, 318.9862116102653], [1321.4005817797197, 285.9214120090404], [1336.459764877483, 336.0137883897347], [1230.5994182202803, 370.0785879909596]], '흉어', 0.0029663048250873196), ([[94.63343685400051, 516.3167184270003], [199.8106323975554, 467.36544708405427], [222.3665631459995, 516.6832815729997], [118.1893676024446, 566.6345529159457]], '닭', 0.14816299421883983), ([[1713.8190515019785, 682.0876450632558], [1826.3806390171605, 696.9135509564602], [1814.1809484980215, 764.9123549367442], [1701.6193609828395, 749.0864490435398]], '팬결', 0.05492619137086005), ([[740.1033793898918, 899.6274346577618], [833.4601155714191, 837.9149691675043], [861.8966206101082, 890.3725653422382], [768.5398844285809, 952.0850308324957]], '>', 0.018705240809874235), ([[179.20552140300427, 924.6904906657081], [287.6390955527096, 899.1948991533956], [297.79447859699576, 954.3095093342919], [189.3609044472904, 979.8051008466044]], '스:', 0.0011764266886249582)]
[([[852, 772], [1002, 772], [1002, 984], [852, 984]], '푸', 0.4191898431492156)]
[([[844, 16], [996, 16], [996, 120], [844, 120]], '면손', 0.0021320157032222445), ([[974, 82], [1028, 82], [1028, 114], [974, 114]], '0`', 0.20634212738501562), ([[119, 525], [209, 525], [209, 629], [119, 629]], '평', 0.9985976370810477), ([[744, 916], [916, 916], [916, 1020], [744, 1020]], '떼니', 0.043784904301982716)]
[([[1235, 499], [1427, 499], [1427, 635], [1235, 635]], '주름', 0.13635741043817595), ([[777, 845], [1019, 845], [1019, 977], [777, 977]], '주용록', 0.42559913137982425)]
[]
[]
[([[1337, 359], [1395, 359], [1395, 401], [1337, 401]], '아네', 0.3386532488232543), ([[1311, 393], [1423, 393], [1423, 437], [1311, 437]], '아무로', 0.13232587053545403), ([[1323, 429], [1413, 429], [1413, 473], [1323, 473]], '아내야', 0.35042406632066114), ([[309, 789], [371, 789], [371, 833], [309, 833]], '맨', 0.01525209834547786), ([[282, 820], [399, 820], [399, 871], [282, 871]], '모는 야', 0.03151021897792816)]
[([[1602, 126], [1774, 126], [1774, 174], [1602, 174]], '이거미밀이야', 0.11390599476978998), ([[324, 224], [530, 224], [530, 322], [324, 322]], '@@문화록', 0.015912141266656788), ([[1491, 387], [1729, 387], [1729, 479], [1491, 479]], '음좋미-액', 0.0011019071078302856), ([[1673, 393], [1737, 393], [1737, 437], [1673, 437]], '얼마', 0.2699419243091534), ([[202, 438], [342, 438], [342, 486], [202, 486]], '부필잡야', 0.0504508800804615), ([[96, 762], [208, 762], [208, 810], [96, 810]], '시_부-', 0.020781930536031723), ([[107, 799], [199, 799], [199, 841], [107, 841]], '미로야', 0.365905041302471)]
[]
[]
