2053429
31
[([[14, 114], [134, 114], [134, 142], [14, 142]], '금기의 영역올', 0.7265882381253167), ([[578, 122], [622, 122], [622, 148], [578, 148]], '뭐야', 0.4939029247481574), ([[24, 146], [124, 146], [124, 172], [24, 172]], '본 마술사도', 0.9971105505745949), ([[54, 176], [98, 176], [98, 204], [54, 204]], '별거', 0.9729025110721546), ([[38, 204], [110, 204], [110, 230], [38, 230]], '없잡아?', 0.9287278056144714), ([[46, 646], [148, 646], [148, 674], [46, 674]], '이 일격으로', 0.9668696831481277), ([[52, 676], [144, 676], [144, 704], [52, 704]], '끝내출게]', 0.4325657542396521), ([[-4.528930272967613, 232.02805543410443], [34.707106781186546, 223.05025253169416], [57.528930272967614, 335.97194456589557], [17.292893218813454, 344.9497474683058]], '물', 0.6054186685271503)]
[([[506, 162], [612, 162], [612, 260], [506, 260]], '간', 0.9734065749788137), ([[274, 384], [306, 384], [306, 418], [274, 418]], '개', 0.022301697907153084), ([[498, 392], [626, 392], [626, 530], [498, 530]], '독릎', 0.008628146443633524), ([[35, 637], [151, 637], [151, 745], [35, 745]], '정', 0.9999232306909676), ([[508, 638], [614, 638], [614, 738], [508, 738]], '지', 0.998478276723759), ([[282.184182983552, 503.08407832104956], [359.93148874773726, 523.2628458597993], [349.815817016448, 558.9159216789504], [272.06851125226274, 539.7371541402007]], '씨 모', 0.16784927248954773)]
[]
[([[584, 20], [660, 20], [660, 360], [584, 360]], '틈', 0.018030773209890327), ([[526, 352], [602, 352], [602, 488], [526, 488]], '술', 0.9768400307763301)]
[([[0, 0], [274, 0], [274, 76], [0, 76]], '강제 절정', 0.9971303009255102), ([[0, 64], [132, 64], [132, 140], [0, 140]], '횟수', 0.9999241365155475), ([[0, 132], [162, 132], [162, 206], [0, 206]], '22-4', 0.12159566581249237), ([[583, 0], [671, 0], [671, 412], [583, 412]], '#', 0.00922169161334807), ([[40, 471], [143, 471], [143, 536], [40, 536]], '메` "', 0.006577099052295805), ([[173, 433], [233, 433], [233, 511], [173, 511]], '"', 0.0028043182052562288), ([[68, 556], [116, 556], [116, 636], [68, 636]], '1', 0.06426938938680937), ([[113.54382844723818, 610.0348849070482], [137.37210420376763, 603.023166369859], [161.45617155276182, 680.9651150929518], [137.62789579623237, 688.976833630141]], '{', 0.1651564989458345), ([[57.3642927471389, 590.0144404370558], [266.72394092713114, 737.2335138842542], [195.6357072528611, 837.9855595629442], [-13.72394092713116, 691.7664861157458]], '음빠|', 0.00022220294570689887), ([[496.2161622789965, 716.0618223576777], [533.4831650869637, 696.0233996042741], [581.7838377210036, 788.9381776423223], [543.5168349130363, 808.9766003957259]], '통', 0.057374198342003746)]
[([[4, 78], [154, 78], [154, 246], [4, 246]], '9', 0.013053232024475003), ([[42, 638], [122, 638], [122, 664], [42, 664]], '이 일격(', 0.4575890430128988), ([[48, 668], [140, 668], [140, 694], [48, 694]], '끝내줄가"', 0.1121817405012556)]
[([[567.4624236425184, 221.01204722815956], [660.4731238881805, 238.8956114916207], [617.5375763574816, 467.9879527718404], [524.5268761118195, 451.10438850837926]], '큰', 0.004750682428905029)]
[]
[([[570, 100], [594, 100], [594, 126], [570, 126]], '옷', 0.5086302262639606), ([[546, 130], [632, 130], [632, 158], [546, 158]], '아까 같은', 0.7981775485807986), ([[114, 156], [196, 156], [196, 180], [114, 180]], '이번에야', 0.9994186758995056), ([[538, 160], [642, 160], [642, 186], [538, 186]], '기회논 이제', 0.8070898613486521), ([[134, 186], [174, 186], [174, 212], [134, 212]], '말로', 0.9998126202538475), ([[544, 190], [636, 190], [636, 218], [544, 218]], '없을 거야', 0.4612432055787048), ([[108, 216], [200, 216], [200, 242], [108, 242]], '마무리다]', 0.557832089168389), ([[472, 602], [634, 602], [634, 630], [472, 630]], '갈고 닦은 기공으로', 0.7824813577891068), ([[466, 632], [642, 632], [642, 660], [466, 660]], '후타나리화의 주술올', 0.7982363556156008), ([[68, 650], [192, 650], [192, 678], [68, 678]], '자신의 성감울', 0.5076713528922399), ([[490, 662], [616, 662], [616, 688], [490, 688]], '깨뜨린 여권사', 0.9951457831251159), ([[82, 680], [180, 680], [180, 706], [82, 706]], '억제하면서', 0.8235808036151443), ([[34, 710], [194, 710], [194, 736], [34, 736]], '반격올 개시하늘데', 0.4105131686060071)]
[([[56, 156], [154, 156], [154, 256], [56, 256]], '시', 0.9999823571029651), ([[513, 149], [621, 149], [621, 265], [513, 265]], '간', 0.999974966205869), ([[469, 395], [583, 395], [583, 487], [469, 487]], '히#', 0.005554548321943346), ([[47, 635], [159, 635], [159, 743], [47, 743]], '정', 0.9999625686333644), ([[507, 635], [619, 635], [619, 743], [507, 743]], '지', 0.9996745851175461), ([[312.21727292457166, 463.1039098209152], [369.9297248456524, 477.35446740689014], [361.78272707542834, 505.8960901790848], [305.0702751543476, 491.64553259310986]], "0 '", 0.010022000737286598)]
[([[0, 0], [331, 0], [331, 83], [0, 83]], '속박형 축수', 0.5587978197816588), ([[0, 70], [130, 70], [130, 150], [0, 150]], '소환', 0.991914546498666)]
[([[1, 0], [400, 0], [400, 86], [1, 86]], '플리고문 축수', 0.4188230791570045), ([[2, 70], [140, 70], [140, 150], [2, 150]], '소환', 0.9915328676067632), ([[386, 520], [414, 520], [414, 558], [386, 558]], '낚', 0.10531759666685403)]
[([[0, 13], [171, 13], [171, 193], [0, 193]], '집', 0.9995727995410562), ([[2, 250], [170, 250], [170, 422], [2, 422]], '중', 0.9982340986198892), ([[571, 403], [633, 403], [633, 487], [571, 487]], '댁', 0.01853036811748887), ([[386, 520], [414, 520], [414, 558], [386, 558]], '낙', 0.1391011854685189), ([[5, 485], [169, 485], [169, 661], [5, 661]], '공', 0.999994277962287), ([[0, 714], [168, 714], [168, 882], [0, 882]], '겪', 0.40603819392316964)]
[([[519, 733], [611, 733], [611, 759], [519, 759]], '이 녀석들', 0.9662585045692614), ([[510, 764], [610, 764], [610, 790], [510, 790]], '어느 틈에', 0.9957508184792571)]
[]
[([[98, 108], [200, 108], [200, 134], [98, 134]], '맛 . 아까랑', 0.33173428533049154), ([[74, 138], [138, 138], [138, 166], [74, 166]], '똑같은.', 0.5966561910836208), ([[148, 138], [226, 138], [226, 166], [148, 166]], '상황. 잇', 0.6110684596330823), ([[498, 704], [624, 704], [624, 732], [498, 732]], '정신 차려보면.', 0.8701114024279059), ([[500, 734], [624, 734], [624, 764], [500, 764]], '몸이 마음대로.', 0.7149729918807605), ([[498, 762], [636, 762], [636, 792], [498, 792]], '가버리고 있어  ', 0.4566429763478191)]
[([[156, 64], [226, 64], [226, 92], [156, 92]], '하지만!', 0.8557084798812866), ([[512, 662], [656, 662], [656, 688], [512, 688]], '공격이 온다는 걸', 0.8913748899736359), ([[108, 692], [168, 692], [168, 718], [108, 718]], '쾌감을', 0.43114433734958224), ([[532, 688], [656, 688], [656, 720], [532, 720]], '알면 충분히 |', 0.9119507506447038), ([[86, 722], [166, 722], [166, 750], [86, 750]], '날려버린-', 0.660725768283819), ([[526, 722], [642, 722], [642, 748], [526, 748]], '버털 수 있어!', 0.2264031063965267), ([[376, 766], [494, 766], [494, 792], [376, 792]], '기록 높여서.', 0.5730793475884377)]
[([[129, 11], [219, 11], [219, 111], [129, 111]], '()', 0.04616624786244397), ([[136, 376], [164, 376], [164, 408], [136, 408]], '{ ', 0.2770803323046116), ([[386, 520], [414, 520], [414, 558], [386, 558]], '낚', 0.1977562899584342), ([[370, 548], [394, 548], [394, 584], [370, 584]], '낮', 0.2511022889726213), ([[410, 550], [434, 550], [434, 586], [410, 586]], '$', 0.3636225682246419), ([[196, 688], [274, 688], [274, 714], [196, 714]], '나:한데 ', 0.4823828762204563), ([[522, 696], [612, 696], [612, 722], [522, 722]], '잇 .이제 .', 0.22911745202741168), ([[519, 724], [614, 724], [614, 757], [519, 757]], '알료어  엇', 0.1658147807846405), ([[86, 770], [134, 770], [134, 796], [86, 796]], '가장', 0.9999925821627202), ([[420, 762], [496, 762], [496, 788], [420, 788]], '콜리 토', 0.15383197367191315), ([[72, 800], [140, 800], [140, 826], [72, 826]], '치명적', 0.9156824515919936), ([[436, 792], [500, 792], [500, 818], [436, 818]], '만지작.', 0.9732277393341064), ([[426, 822], [520, 822], [520, 848], [426, 848]], '거리논 . 거', 0.5012408948558513)]
[([[126, 62], [184, 62], [184, 88], [126, 88]], '집  중', 0.49356773495674133), ([[58, 132], [186, 132], [186, 158], [58, 158]], '기르을 . 집중 .', 0.26240316513283574), ([[78, 160], [142, 160], [142, 186], [78, 186]], '하여언', 0.9222331371247011), ([[26, 234], [98, 234], [98, 258], [26, 258]], '이 런"', 0.2168048620223999), ([[601, 317], [639, 317], [639, 377], [601, 377]], '내', 0.009753389233955412), ([[573, 395], [633, 395], [633, 483], [573, 483]], '팩', 0.03622984783824834), ([[171, 619], [233, 619], [233, 655], [171, 655]], '이런', 0.9997302708253204), ([[155, 659], [247, 659], [247, 699], [155, 699]], '쾌략은', 0.283636476325348)]
[([[180, 56], [214, 56], [214, 82], [180, 82]], '겨 .', 0.4838575899351009), ([[158, 86], [246, 86], [246, 112], [158, 112]], '견너낫다!', 0.13223913768310103), ([[48, 130], [108, 130], [108, 156], [48, 156]], '이대로', 0.9995982074569123), ([[26, 160], [130, 160], [130, 186], [26, 186]], '기록 높여서', 0.7400736529469979), ([[12, 190], [146, 190], [146, 218], [12, 218]], '단숨에 역전올]', 0.2650148480576413), ([[136, 376], [164, 376], [164, 410], [136, 410]], '{)', 0.08278498823523006), ([[566, 406], [592, 406], [592, 462], [566, 462]], '칭', 0.26549284818025853), ([[72, 692], [114, 692], [114, 716], [72, 716]], '나의', 0.9995418944961368), ([[28, 718], [152, 718], [152, 749], [28, 749]], '기공 앞에서는', 0.4116747702630555), ([[458, 726], [484, 726], [484, 750], [458, 750]], '후.', 0.5070708161823153), ([[62, 752], [122, 752], [122, 778], [62, 778]], '네놈의', 0.6720552444458008), ([[446, 756], [506, 756], [506, 782], [446, 782]], '별것도', 0.4051584827136966), ([[28, 780], [156, 780], [156, 808], [28, 808]], '변태 마법 따위', 0.7675782398651245), ([[438, 786], [514, 786], [514, 810], [438, 810]], '아니네 ', 0.8354802131652832), ([[47, 807], [132, 807], [132, 838], [47, 838]], '통하지', 0.9998695079635063)]
[([[483.3541871006132, 709.0232006985237], [557.3512292008737, 720.7636786942732], [532.6458128993868, 865.9767993014763], [458.64877079912634, 854.2363213057268]], '[', 0.032447747380326186)]
[([[156, 84], [192, 84], [192, 108], [156, 108]], '무.', 0.36921803462476566), ([[217, 63], [259, 63], [259, 113], [217, 113]], '1', 0.04162564136454794), ([[134, 112], [216, 112], [216, 142], [134, 142]], '무슨일이', 0.9697004098805645), ([[110, 144], [238, 144], [238, 170], [110, 170]], '일어난 . 거지!?', 0.5458679353247451), ([[22, 200], [152, 200], [152, 228], [22, 228]], '방금 전의 광선.', 0.7707875914136729), ([[24, 230], [124, 230], [124, 258], [24, 258]], '끌어모앗던', 0.172323815433974), ([[6, 260], [168, 260], [168, 288], [6, 288]], '한순간에 안개처럼.', 0.9860141963182838), ([[192, 642], [248, 642], [248, 670], [192, 670]], '웃..!', 0.17741698026657104), ([[153, 675], [281, 675], [281, 707], [153, 707]], '집중해야해!', 0.8524643900326263), ([[33, 741], [165, 741], [165, 783], [33, 783]], '방금 그걸', 0.32915356716052213), ([[27, 789], [131, 789], [131, 829], [27, 829]], '또맞으', 0.9263072732515576), ([[120.88582797093768, 227.21456992734423], [163.7712263407149, 232.8509549318987], [160.1141720290623, 257.7854300726558], [117.2287736592851, 252.1490450681013]], '기록', 0.7288397324124987)]
[([[61, 151], [171, 151], [171, 267], [61, 267]], '시', 0.9999867678126328), ([[521, 151], [675, 151], [675, 267], [521, 267]], '긴재', 0.019549746060582494), ([[50, 628], [174, 628], [174, 750], [50, 750]], '정', 0.9998505171376024), ([[516, 628], [638, 628], [638, 748], [516, 748]], '지', 0.8709084109510776)]
[]
[]
[([[12, 340], [62, 340], [62, 394], [12, 394]], '0', 0.9719172170767685), ([[41, 403], [85, 403], [85, 439], [41, 439]], '때', 0.24504477300002137)]
[]
[([[203, 51], [269, 51], [269, 89], [203, 89]], '~면', 0.6729357671905609), ([[46, 722], [86, 722], [86, 754], [46, 754]], '왜', 0.999753132799075), ([[100, 722], [178, 722], [178, 754], [100, 754]], '쏘지름', 0.27699344725143027), ([[43, 761], [133, 761], [133, 797], [43, 797]], '안논 거=', 0.2423266627727375)]
[([[480, 38], [558, 38], [558, 62], [480, 62]], '거   거짓', 0.5979873432601557), ([[72, 66], [136, 66], [136, 94], [72, 94]], '방금은.', 0.8627457618713379), ([[146, 66], [212, 66], [212, 92], [146, 92]], '절대로.', 0.7504806518554688), ([[462, 66], [578, 66], [578, 98], [462, 98]], '거짓말: 이지', 0.3209979689759398), ([[64, 96], [230, 96], [230, 122], [64, 122]], '방심하지 않앗 . 어', 0.3998769837564841), ([[190, 606], [280, 606], [280, 634], [190, 634]], '그런. 데뉴', 0.07555661836571581), ([[158, 638], [274, 638], [274, 664], [158, 664]], "'벌써 맞있다:", 0.48972651343665097), ([[73, 757], [109, 757], [109, 795], [73, 795]], '이', 0.9987571527267711), ([[29, 805], [111, 805], [111, 841], [29, 841]], '런거.', 0.30298950152818693)]
[([[150, 54], [274, 54], [274, 106], [150, 106]], '마치', 0.999679530406179), ([[15, 197], [190, 197], [190, 271], [15, 271]], '시간을', 0.6241529960092733)]
[([[313, 428], [381, 428], [381, 564], [313, 564]], '"', 0.055276186484065626)]
