2054764
62
[([[430, 819], [1661, 819], [1661, 917], [430, 917]], '20**년 던파세계엔 혼문이 찾아 오고있없다', 0.4580905714392785), ([[562, 1068], [1510, 1068], [1510, 1161], [562, 1161]], '안톤 루크 레이드가 존재하면 시절', 0.5667258855953501), ([[527, 1188], [1565, 1188], [1565, 1285], [527, 1285]], '유니크 레전더리 에픽 아이템만으로도', 0.46718282756510127), ([[347, 1309], [1742, 1309], [1742, 1409], [347, 1409]], '충분히 모든 본스터틀 가지고 노는건 어렵지않있다', 0.36362663821916974), ([[618, 1685], [1456, 1685], [1456, 1777], [618, 1777]], '시간이 지나 에띄아이템으로도', 0.5599987153918387), ([[516, 1807], [1571, 1807], [1571, 1904], [516, 1904]], '고불린도 못잡는 시절이 찾아오게 되고', 0.7902636386717157), ([[458, 1932], [1618, 1932], [1618, 2025], [458, 2025]], '3차 각성인 진각성으로도 승부보지 못하는', 0.8914482950332195), ([[609, 2056], [1469, 2056], [1469, 2146], [609, 2146]], '본스터 레텔 탤런스봉고 시대가', 0.19487062910988134), ([[771, 2184], [1323, 2184], [1323, 2275], [771, 2275]], '먼저 찾아오게된다:', 0.4340061877838972)]
[([[42, 264], [630, 264], [630, 348], [42, 348]], '재로파망 조금- 해보켓다하', 0.09007236688113837), ([[1789, 286], [1822, 286], [1822, 344], [1789, 344]], '4', 0.04216095936367048), ([[99, 358], [566, 358], [566, 438], [99, 438]], '잡물에게 잡함줄이야', 0.023603570645698273), ([[1231, 2300], [1952, 2300], [1952, 2379], [1231, 2379]], '2년 동안 고생해서 류린 졸업하고', 0.17349245452057488), ([[1231, 2396], [1943, 2396], [1943, 2474], [1231, 2474]], '잠시 접고 오랜만에 복권햇습데', 0.28371878272677237), ([[1281, 2487], [1896, 2487], [1896, 2564], [1281, 2564]], '각성까지 새로햇터니 고불린', 0.26296377822156225), ([[1321, 2579], [1873, 2579], [1873, 2658], [1321, 2658]], '하나 못잡는게 말이되나.', 0.3325921197279383)]
[([[174, 491], [444, 491], [444, 568], [174, 568]], '본스렉분 또', 0.03177520540625922), ([[1017, 477], [1097, 477], [1097, 584], [1017, 584]], '국', 0.00793979177363241), ([[36, 583], [600, 583], [600, 660], [36, 660]], '알몸으로 다넥다늄 버그늄', 0.2078060012753319), ([[148, 674], [501, 674], [501, 755], [148, 755]], '들어본적없다고', 0.9460435290062992), ([[1488, 2100], [1853, 2100], [1853, 2177], [1488, 2177]], '옆습 고불린에게', 0.13122485887781166), ([[1428, 2191], [1918, 2191], [1918, 2269], [1428, 2269]], '차*가 문현되있눈건데', 0.1131723981822108)]
[([[156, 1112], [440, 1112], [440, 1185], [156, 1185]], '잠깐만 왜 들', 0.9023622883559962), ([[149, 1202], [465, 1202], [465, 1279], [149, 1279]], '들이 대는건데', 0.9274369565136242), ([[122, 1293], [494, 1293], [494, 1371], [122, 1371]], '이거 아깊아니야', 0.7646621673637716), ([[142, 1391], [474, 1391], [474, 1464], [142, 1464]], '저리 꺼저반 좀', 0.4568709707229123), ([[1113.259067351982, 664.1170984046657], [1297.609613206256, 649.4876030713467], [1300.740932648018, 763.8829015953343], [1115.390386793744, 778.5123969286533]], '완노', 0.0108814580046059)]
[([[138, 212], [579, 212], [579, 289], [138, 289]], '모불린만 이렉권가?', 0.10349735904012103), ([[194, 304], [510, 304], [510, 384], [194, 384]], '빨리 풀려나세', 0.6268245180933679), ([[113, 399], [588, 399], [588, 476], [113, 476]], '아바타 장사나 해야제', 0.621444609012025), ([[30, 489], [690, 489], [690, 568], [30, 568]], '@제 이럴로 던전돌레 못되다', 0.03584308475240758), ([[591, 2062], [780, 2062], [780, 2176], [591, 2176]], '현곡9', 0.035109686861217425), ([[1049.4368027674564, 2230.087544630362], [1127.6504595909346, 2167.0151187949073], [1254.5631972325436, 2346.912455369638], [1175.3495404090654, 2409.9848812050927]], '병', 0.10994473189862575)]
[([[48, 151], [876, 151], [876, 228], [48, 228]], '메뉴창음 왜 활성화마 압되습컵데', 0.18054305428490283), ([[88, 243], [827, 243], [827, 321], [88, 321]], '진문중 취습이락 @되습렌가?', 0.04229134995607003), ([[1717, 1004], [1819, 1004], [1819, 1101], [1717, 1101]], '텔', 0.07866125530313539), ([[1528, 1929], [1893, 1929], [1893, 2010], [1528, 2010]], '고작 3마리니까', 0.6335545595766212), ([[1533, 2021], [1898, 2021], [1898, 2098], [1533, 2098]], '름방 끝나켓666', 0.22152124563156952), ([[114.16303038602645, 940.02697098341], [269.9680219591793, 1023.0887335920577], [215.83696961397354, 1120.9730290165899], [59.031978040820725, 1037.9112664079423]], '테계#', 0.01378284794560243)]
[([[297, 383], [442, 383], [442, 456], [297, 456]], '1원데', 0.09884505279638799), ([[52, 471], [654, 471], [654, 550], [52, 550]], '미도타운로쓰가지있두건데]', 0.03459918666438615), ([[109, 940], [189, 940], [189, 1001], [109, 1001]], '외', 0.03549114643526341), ([[1247.8734718386786, 25.020475563660604], [1559.174248148375, 105.0689620960346], [1486.1265281613214, 361.9795244363394], [1173.825751851625, 281.93103790396543]], '얇', 0.07242374993323697), ([[1145.1878904958928, 1314.04132685975], [1194.4928890024967, 1282.0151981595523], [1280.8121095041072, 1427.95867314025], [1232.5071109975033, 1459.9848018404477]], '올', 0.7036490587467803)]
[([[286, 633], [491, 633], [491, 953], [286, 953]], '내', 0.049327386068259926), ([[232, 1881], [460, 1881], [460, 1956], [232, 1956]], '이여석음', 0.11758951842784882), ([[115, 1974], [597, 1974], [597, 2049], [115, 2049]], '왜 갑자기 나타나서', 0.7142850837877367), ([[70, 2066], [615, 2066], [615, 2141], [70, 2141]], '입에 손겨 박늄건데@@.', 0.04982870405229041), ([[1020.5926321602465, 795.0450616998447], [1159.6980610303651, 716.0110775435019], [1297.4073678397535, 994.9549383001553], [1157.3019389696349, 1074.9889224564981]], '유', 0.46778443223389843), ([[1031.11158241937, 2089.2471780323463], [1123.7384328126973, 2003.016045307964], [1264.88841758063, 2180.7528219676537], [1171.2615671873027, 2266.983954692036]], '초', 0.6954863930417474), ([[521.6578353978492, 2254.2812288473106], [773.3870374799662, 2182.1410892892522], [807.3421646021508, 2352.7187711526894], [555.6129625200338, 2423.8589107107478]], '패록0', 0.009700753166365513)]
[([[115, 351], [402, 351], [402, 429], [115, 429]], '운육 더러원', 0.23441761470299172), ([[102, 444], [415, 444], [415, 521], [102, 521]], '몸집로_놈이', 0.38337819533445533), ([[97, 536], [442, 536], [442, 613], [97, 613]], '불물러서인지', 0.3542215105108261), ([[75, 633], [460, 633], [460, 708], [75, 708]], '더럽게 많이 셋네', 0.37954716325284477), ([[1040, 810], [1201, 810], [1201, 987], [1040, 987]], '유옛', 0.07156837935161947), ([[1177, 907], [1279, 907], [1279, 1092], [1177, 1092]], '액', 0.17910263864715503)]
[([[97, 417], [570, 417], [570, 494], [97, 494]], '그권그렇고 이녀석음', 0.40244638788920234), ([[133, 509], [548, 509], [548, 586], [133, 586]], '아직로 이레고있데', 0.2170794496467502), ([[174, 606], [516, 606], [516, 678], [174, 678]], '쓸습퍼지려나', 0.1115644013278022)]
[([[809, 208], [1048, 208], [1048, 294], [809, 294]], '되없하뱀@교 %', 8.64609973658884e-05), ([[589, 296], [881, 296], [881, 381], [589, 381]], '파티 킬흑원', 0.38227771044234454), ([[864, 340], [888, 340], [888, 368], [864, 368]], '7', 0.9640441083193174), ([[870, 298], [1285, 298], [1285, 382], [870, 382]], "'문의 도움없이늄", 0.47356116206574167), ([[1783, 235], [1823, 235], [1823, 345], [1783, 345]], '{', 0.2889645868183379), ([[709, 389], [1183, 389], [1183, 473], [709, 473]], '탈출이 불가능합내다', 0.7571838441257912), ([[259, 1188], [375, 1188], [375, 1266], [259, 1266]], '진짜', 0.997980836311871), ([[41, 1281], [579, 1281], [579, 1358], [41, 1358]], '내 다시는 던젠오나되라 ', 0.30759490198158185)]
[([[671, 898], [1229, 898], [1229, 998], [671, 998]], '어6? 불가능이내', 0.22705885309488866), ([[597, 1018], [1263, 1018], [1263, 1119], [597, 1119]], '이레 설마 렌계출없어?', 0.041306716082454925), ([[1247, 1641], [1653, 1641], [1653, 1718], [1247, 1718]], '나 슬플만하다가', 0.17301755217541512), ([[1188, 1733], [1704, 1733], [1704, 1810], [1188, 1810]], '탤루로 체문도없습데-', 0.01483448974019638), ([[1328.4142731920276, 2521.258485024991], [1615.763438469904, 2314.435683207671], [1714.5857268079724, 2501.741514975009], [1428.236561530096, 2707.564316792329]], '6근', 0.003876329461172126)]
[([[1781, 227], [1826, 227], [1826, 346], [1781, 346]], '8', 0.3675615245555406)]
[([[1783, 228], [1823, 228], [1823, 347], [1783, 347]], '0', 0.8519023324154205)]
[([[1783, 228], [1823, 228], [1823, 347], [1783, 347]], '0', 0.8651779732855545)]
[([[1783, 228], [1823, 228], [1823, 347], [1783, 347]], '0', 0.8651779732855545)]
[]
[([[1783, 228], [1823, 228], [1823, 345], [1783, 345]], '0', 0.574545500795498)]
[]
[]
[]
[([[1784, 239], [1824, 239], [1824, 345], [1784, 345]], '9', 0.1271441453209201)]
[([[1783, 231], [1823, 231], [1823, 345], [1783, 345]], '0', 0.23019278381014718)]
[([[1785, 233], [1823, 233], [1823, 345], [1785, 345]], '8', 0.23570484625432542)]
[([[1783, 231], [1825, 231], [1825, 347], [1783, 347]], '8', 0.14996339825055216)]
[([[1783, 234], [1826, 234], [1826, 346], [1783, 346]], '"', 0.122672540461509)]
[([[1782, 232], [1826, 232], [1826, 346], [1782, 346]], '{', 0.06742508287530669)]
[([[1784, 234], [1824, 234], [1824, 346], [1784, 346]], '8', 0.1374816473004934)]
[([[1783, 231], [1823, 231], [1823, 347], [1783, 347]], '0', 0.2226929160881106)]
[([[1789, 283], [1820, 283], [1820, 341], [1789, 341]], '!', 0.2261966679998615)]
[([[1783, 228], [1825, 228], [1825, 347], [1783, 347]], '0', 0.37209354560789976)]
[([[1783, 231], [1825, 231], [1825, 345], [1783, 345]], '"', 0.18892065180617923)]
[([[1781, 229], [1826, 229], [1826, 346], [1781, 346]], '8', 0.17076378819769733)]
[([[1785, 235], [1823, 235], [1823, 347], [1785, 347]], '8', 0.2282732009621249)]
[]
[]
[([[1784, 234], [1826, 234], [1826, 345], [1784, 345]], '"', 0.49339159030603597)]
[([[1784, 234], [1824, 234], [1824, 346], [1784, 346]], '8', 0.1374816473004934)]
[([[1784, 234], [1824, 234], [1824, 346], [1784, 346]], '8', 0.21288385676041433)]
[([[1785, 235], [1823, 235], [1823, 345], [1785, 345]], '9', 0.08657759725707592)]
[([[1784, 234], [1824, 234], [1824, 346], [1784, 346]], '0', 0.47159747533989105)]
[]
[([[1781, 228], [1825, 228], [1825, 345], [1781, 345]], '8', 0.12464718088608695)]
[([[1785, 233], [1823, 233], [1823, 345], [1785, 345]], '8', 0.23570484625432542)]
[([[1783, 228], [1825, 228], [1825, 347], [1783, 347]], '0', 0.4673883476678533)]
[([[1784, 238], [1824, 238], [1824, 346], [1784, 346]], '"', 0.14228157679816977)]
[([[1782, 232], [1826, 232], [1826, 346], [1782, 346]], '{', 0.06742508287530669)]
[([[1783, 231], [1823, 231], [1823, 345], [1783, 345]], '0', 0.1457080928857204)]
[([[1783, 231], [1823, 231], [1823, 347], [1783, 347]], '0', 0.2226929160881106)]
[]
[([[1782, 232], [1826, 232], [1826, 346], [1782, 346]], '{', 0.06742508287530669)]
[([[1783, 226], [1825, 226], [1825, 347], [1783, 347]], '0', 0.3010347069883643)]
[([[1783, 231], [1823, 231], [1823, 345], [1783, 345]], '0', 0.23019278381014718)]
[([[1785, 233], [1823, 233], [1823, 345], [1785, 345]], '8', 0.23570484625432542)]
[([[1784, 238], [1824, 238], [1824, 346], [1784, 346]], '"', 0.14228157679816977)]
[([[1784, 232], [1826, 232], [1826, 345], [1784, 345]], '0', 0.11059217125446086)]
[([[1783, 228], [1825, 228], [1825, 347], [1783, 347]], '0', 0.37209354560789976)]
[([[1784, 234], [1824, 234], [1824, 346], [1784, 346]], '8', 0.1374816473004934)]
[]
[]
[([[1783, 228], [1825, 228], [1825, 347], [1783, 347]], '0', 0.37209354560789976)]
[([[1781, 232], [1826, 232], [1826, 346], [1781, 346]], '0', 0.24674448244578517)]
