2055913
20
[([[64, 922], [458, 922], [458, 976], [64, 976]], '되. ^ 벼. 음:롯', 0.003595521316726901), ([[238, 972], [366, 972], [366, 1000], [238, 1000]], '스[1 0내', 0.0019257998784294281), ([[79, 1123], [261, 1123], [261, 1139], [79, 1139]], '#토#토시-7 0199812 30', 0.039181076332270755), ([[269, 1121], [365, 1121], [365, 1141], [269, 1141]], '애.서명  애설서?', 0.00017018335866759301)]
[([[228, 678], [252, 678], [252, 706], [228, 706]], '^', 0.06159344651406684), ([[289, 675], [409, 675], [409, 711], [289, 711]], '5 ^ , .', 0.06249615736976873), ([[441, 676], [621, 676], [621, 712], [441, 712]], '. 꼴 지 [ 히 6', 0.008965995683297732)]
[([[258, 618], [328, 618], [328, 642], [258, 642]], '울고 있는', 0.5339866772436406), ([[673, 623], [719, 623], [719, 643], [673, 643]], '있없어', 0.7545728695832213), ([[269, 639], [313, 639], [313, 659], [269, 659]], '건가..', 0.6847965121269226), ([[153, 917], [219, 917], [219, 937], [153, 937]], '그게 뭐?', 0.7482795814754127)]
[([[511, 95], [555, 95], [555, 115], [511, 115]], '딱히..', 0.8662424683570862), ([[117, 311], [143, 311], [143, 327], [117, 327]], '그럼', 0.9962017305298208), ([[117, 325], [143, 325], [143, 341], [117, 341]], '이만', 0.9938097870606852), ([[377, 431], [411, 431], [411, 449], [377, 449]], '그저', 0.9999651025877826), ([[359, 449], [429, 449], [429, 469], [359, 469]], '우는 여잔', 0.7566049023528871), ([[363, 467], [425, 467], [425, 487], [363, 487]], '싫어한단', 0.9700856974041197), ([[365, 487], [425, 487], [425, 505], [365, 505]], '말이지..', 0.8841404294958203), ([[324, 584], [420, 584], [420, 710], [324, 710]], '+', 0.33453168513757703), ([[403, 697], [445, 697], [445, 737], [403, 737]], '단', 0.42187968866302583)]
[([[693, 134], [772, 134], [772, 164], [693, 164]], '싫어해도', 0.9536468728390524), ([[674, 160], [774, 160], [774, 186], [674, 186]], '괜찮으니까', 0.9510297242826613), ([[110, 810], [166, 810], [166, 836], [110, 836]], '혼자..', 0.6410337686538696), ([[98, 834], [168, 834], [168, 860], [98, 860]], '두지 마', 0.830206090314979)]
[([[117, 797], [129, 797], [129, 823], [117, 823]], '우', 0.5352316504791474), ([[111, 821], [131, 821], [131, 843], [111, 843]], '앗', 0.37992963907871413)]
[([[81, 935], [97, 935], [97, 987], [81, 987]], '음', 0.3024755578210261), ([[182.8562946477662, 367.0467947027476], [279.87300782016206, 335.29796270384264], [331.1437053522338, 516.9532052972523], [235.12699217983797, 548.7020372961574]], '#', 0.30699408873715583)]
[([[126, 294], [168, 294], [168, 320], [126, 320]], '미안', 0.9997823606116628), ([[649, 699], [665, 699], [665, 723], [649, 723]], '우', 0.879010859264099), ([[188, 780], [232, 780], [232, 806], [188, 806]], '맺어.', 0.6168777227819001), ([[176, 802], [256, 802], [256, 826], [176, 826]], '문다는 건', 0.9689186924458378), ([[188, 824], [242, 824], [242, 848], [188, 848]], '성기랑', 0.9116488123448576), ([[180, 844], [252, 844], [252, 868], [180, 868]], '똑같다는', 0.7917652130126953), ([[179, 864], [252, 864], [252, 890], [179, 890]], '거니까..', 0.6721936145919031), ([[659.6526856441764, 676.0622512392763], [671.629198228668, 679.2227551292925], [666.3473143558236, 704.9377487607237], [653.370801771332, 701.7772448707075]], '후', 0.9189758681272089)]
[([[454, 424], [536, 424], [536, 448], [454, 448]], '잔뜩 씨서', 0.4809833410931959), ([[454, 444], [534, 444], [534, 468], [454, 468]], '잔뜩 싸도', 0.8878492524161837), ([[458, 466], [532, 466], [532, 490], [458, 490]], '된다고...', 0.676538830228385), ([[66, 474], [92, 474], [92, 504], [66, 504]], '하', 0.9998971250290687), ([[68, 516], [96, 516], [96, 550], [68, 550]], '아', 0.9997972352778994), ([[85, 577], [121, 577], [121, 667], [85, 667]], '앗', 0.2267943273516062)]
[([[744, 50], [778, 50], [778, 82], [744, 82]], '아', 0.9998840127247242), ([[746, 82], [772, 82], [772, 120], [746, 120]], '옷', 0.532889324098651), ([[71, 457], [105, 457], [105, 477], [71, 477]], '좋아', 0.9272149375679636), ([[769, 837], [807, 837], [807, 857], [769, 857]], '해쥐', 0.9938460518232825), ([[705, 927], [755, 927], [755, 947], [705, 947]], '깊숙히.', 0.8508145809173584), ([[707, 945], [753, 945], [753, 965], [707, 965]], '넓혀쥐,', 0.7681763172149658), ([[82, 1012], [106, 1012], [106, 1038], [82, 1038]], '앗', 0.3663733090843948)]
[([[521, 165], [557, 165], [557, 207], [521, 207]], '버', 0.09884519706062989), ([[81, 469], [113, 469], [113, 485], [81, 485]], '좋아', 0.6311022330345347), ([[139, 565], [161, 565], [161, 583], [139, 583]], '아.', 0.5249915433401193), ([[583, 723], [627, 723], [627, 743], [583, 743]], '부서저', 0.9997814821874768), ([[519, 799], [563, 799], [563, 819], [519, 819]], '부서저', 0.5772985219955444), ([[519, 819], [551, 819], [551, 839], [519, 839]], '버럿', 0.3819814838201868)]
[([[91, 119], [119, 119], [119, 133], [91, 133]], '안돼', 0.5611800253509452), ([[305, 109], [325, 109], [325, 133], [305, 133]], '단', 0.0037684011189842576), ([[125, 195], [155, 195], [155, 213], [125, 213]], '더는', 0.9931233539240685), ([[111, 213], [157, 213], [157, 231], [111, 231]], '안돼애', 0.8938949872317729), ([[387, 785], [427, 785], [427, 801], [387, 801]], '와쥐 .', 0.523317813873291), ([[323, 867], [389, 867], [389, 887], [323, 887]], '잔뜩 안에', 0.9004215504542419), ([[321, 885], [391, 885], [391, 905], [321, 905]], '사정해쥐엇', 0.7979724290039194), ([[98, 1052], [122, 1052], [122, 1076], [98, 1076]], '0', 0.9999508863757569), ([[473.17115132592437, 395.04305272887376], [534.2386134097366, 376.0964668140621], [570.8288486740756, 506.95694727112624], [510.7613865902635, 525.9035331859378]], '목', 0.1672427602393931), ([[576.2088369900188, 824.0313460742366], [651.8251089091693, 804.1679616828619], [692.7911630099812, 969.9686539257634], [617.1748910908307, 990.8320383171381]], ';', 0.32421807117367507)]
[([[685, 87], [788, 87], [788, 150], [685, 150]], '아앗', 0.7726585688136722)]
[([[179, 113], [229, 113], [229, 133], [179, 133]], '남자는', 0.9071051975318276), ([[169, 131], [241, 131], [241, 151], [169, 151]], '싫단 말야', 0.8203295344911757), ([[173, 149], [235, 149], [235, 169], [173, 169]], '여자라면', 0.9999104142189026), ([[180, 164], [230, 164], [230, 188], [180, 188]], '누구튼', 0.5950763821601868), ([[162, 182], [248, 182], [248, 206], [162, 206]], '한단 말이지', 0.9993890135404363), ([[697, 403], [745, 403], [745, 423], [697, 423]], '여자도', 0.9997654463291372), ([[684, 420], [752, 420], [752, 444], [684, 444]], '똑같잡아.', 0.9705113599943376), ([[600, 476], [672, 476], [672, 500], [600, 500]], '나는 울고', 0.9820826776780434), ([[602, 494], [672, 494], [672, 518], [602, 518]], '있는 여잔', 0.47286801277085116), ([[605, 513], [669, 513], [669, 533], [605, 533]], '싫어하고', 0.8451327681541443), ([[324, 538], [394, 538], [394, 562], [324, 562]], '울지 암는', 0.3553566032757975), ([[596, 530], [676, 530], [676, 554], [596, 554]], '신용하지도', 0.999988431284847), ([[335, 559], [383, 559], [383, 577], [335, 577]], '여자는', 0.940264821215226), ([[617, 551], [661, 551], [661, 571], [617, 571]], '않아 .', 0.5008537173271179), ([[337, 572], [402, 572], [402, 598], [337, 598]], '싫어한단', 0.9946727752685547), ([[336, 592], [384, 592], [384, 616], [336, 616]], '말이지', 0.9994781831859028), ([[113, 911], [147, 911], [147, 929], [113, 929]], '어이.', 0.7517342019092538), ([[110, 926], [162, 926], [162, 950], [110, 950]], '밥이다', 0.732296633040805)]
[([[472, 224], [524, 224], [524, 248], [472, 248]], '마음에', 0.9975245506067782), ([[467, 245], [523, 245], [523, 265], [467, 265]], '안 드네_', 0.8920666669604843), ([[531, 531], [567, 531], [567, 551], [531, 551]], '살아', 0.9999494241563932), ([[509, 549], [589, 549], [589, 569], [509, 569]], '있다는 게?', 0.9883047499115554), ([[156, 1008], [207, 1008], [207, 1032], [156, 1032]], '아니.', 0.9352729102629694)]
[([[419, 259], [756, 259], [756, 470], [419, 470]], '1314', 0.34698373079299927), ([[274, 888], [314, 888], [314, 912], [274, 912]], '특제', 0.9996921732972), ([[242, 910], [336, 910], [336, 934], [242, 934]], '고추잡채다 .', 0.41736195802004195), ([[407, 1131], [431, 1131], [431, 1149], [407, 1149]], '15', 0.9999837313552349), ([[82.09175972634978, 245.01964967867983], [424.7854706529582, 352.0059709862775], [365.9082402736502, 517.9803503213202], [22.21452934704177, 409.9940290137225]], '7로', 0.019720889127494104)]
[([[180, 86], [632, 86], [632, 166], [180, 166]], '{고#하국" 흘{쪽:-', 9.872660057264514e-05), ([[69, 160], [479, 160], [479, 204], [69, 204]], '나+운 ~~+*3{ 7문다! ` 작.스!리나}7', 0.0003399633059832648), ([[519, 161], [695, 161], [695, 201], [519, 201]], '113"10*2076', 0.11756420754993438), ([[72, 194], [752, 194], [752, 243], [72, 243]], "#막1-소 53] }-*-33>7신 3*하습5-구7-2'성짙|없2", 2.4635663140091048e-06), ([[76, 240], [173, 240], [173, 278], [76, 278]], '38001', 0.011099007682162198), ([[191, 237], [543, 237], [543, 279], [191, 279]], '스 7해!시.있규_(" #끗하다_\'"""\'', 0.00033762164615453805), ([[552, 248], [586, 248], [586, 274], [552, 274]], "사'", 0.13205740886811063), ([[598, 238], [811, 238], [811, 281], [598, 281]], '하-423 손름3;*', 0.014096453160671997), ([[77, 277], [665, 277], [665, 321], [77, 321]], '{내""한 3023 르74?" 하 한-껴;,>,2디-까:되23내', 3.7643726474627395e-06), ([[88, 320], [140, 320], [140, 352], [88, 352]], '니)', 0.12369976230700466), ([[151, 315], [790, 315], [790, 358], [151, 358]], '나, 나뉘, 비간 주백-"(경버#" #소여; {터니나<토,;제+나\'\'', 9.466540714567934e-05), ([[75, 354], [453, 354], [453, 397], [75, 397]], '뇌4간 4미:하 (소60" 왜77.', 0.0033683201034805476), ([[633, 361], [783, 361], [783, 399], [633, 399]], '3니375.', 0.012388108290501073), ([[73, 386], [302, 386], [302, 436], [73, 436]], '(아소사커(-(표하)', 0.00033554003977210114), ([[72, 433], [295, 433], [295, 474], [72, 474]], '242"하 5다주-) 12', 0.035969721639411256), ([[667, 435], [779, 435], [779, 473], [667, 473]], '4연3*96', 0.030053666547485605), ([[74, 466], [282, 466], [282, 514], [74, 514]], '~세미{ "<,">0"', 0.05005325905835443), ([[679, 477], [737, 477], [737, 513], [679, 513]], '{4', 0.126129932088324), ([[79, 515], [271, 515], [271, 553], [79, 553]], "(하히신' 2박?>세<", 0.00024745365235332725), ([[695, 513], [823, 513], [823, 553], [695, 553]], '16연너혜6)', 0.00048382248242613595), ([[74, 548], [347, 548], [347, 593], [74, 593]], '##니성라* 7리멘_니)째', 6.37142456050005e-06), ([[79, 589], [377, 589], [377, 631], [79, 631]], "타염어표 씨뜻촌나4세| 끝*물'", 1.5206156701896918e-05), ([[79, 631], [333, 631], [333, 671], [79, 671]], '박;규# |= 1365192 스논', 0.003332272663907536), ([[82, 667], [295, 667], [295, 717], [82, 717]], '험 명#긋와하(', 5.5057496643854485e-05), ([[85, 710], [352, 710], [352, 751], [85, 751]], '(위초 [습곧등면테 *니라하/,', 4.656836019993689e-06), ([[82, 745], [367, 745], [367, 789], [82, 789]], '4>-하;-소)"리굴.', 0.003009595985905869), ([[81, 789], [393, 789], [393, 827], [81, 827]], '귀?){.**:6"', 0.00018000620550505215), ([[79, 825], [383, 825], [383, 867], [79, 867]], '시하,4맘3 {못 중하 " 스슬}', 0.00010162478615744265), ([[83, 863], [353, 863], [353, 907], [83, 907]], '["73266 (나}디나시하.', 0.002955748625726227), ([[664, 874], [756, 874], [756, 900], [664, 900]], '오타-1어시 21', 0.08720293619100425), ([[82, 902], [313, 902], [313, 945], [82, 945]], '맞;?<47-42"타6 )', 0.0023797605568740957), ([[639, 917], [774, 917], [774, 950], [639, 950]], '7273++;244"', 0.0038879604738899696), ([[84, 938], [442, 938], [442, 986], [84, 986]], '소8: 못(도시교씨물:테방라터듭', 1.3420451283704651e-06), ([[637, 958], [766, 958], [766, 998], [637, 998]], '\'양,25,,+"', 0.007930037182104345), ([[85, 984], [409, 984], [409, 1023], [85, 1023]], '(니하 (-.여1!쥐_^" 9 327', 0.0027387223032045885), ([[657, 985], [784, 985], [784, 1022], [657, 1022]], '세소볕다로5', 5.664677872955356e-05), ([[689, 1012], [783, 1012], [783, 1042], [689, 1042]], '보6기다0', 0.45791631970846597), ([[84, 1018], [590, 1018], [590, 1067], [84, 1067]], '신손 ,7-*차형#:"" 34;**-5{듯; 주나+리"분', 2.087245306943378e-05), ([[689, 1035], [705, 1035], [705, 1057], [689, 1057]], '긁', 0.04652327610131213), ([[85, 1063], [465, 1063], [465, 1104], [85, 1104]], '+(2, 신55시*나: 2 4; 듯소(시*', 0.005245558483332516), ([[726, 1076], [780, 1076], [780, 1102], [726, 1102]], '배보??', 0.01270961482077837), ([[87, 1099], [329, 1099], [329, 1141], [87, 1141]], '(면내? .사--{ /52히하', 0.0002364212441181429), ([[413, 1139], [435, 1139], [435, 1157], [413, 1157]], '16', 0.9999881989028121), ([[661.202547777171, 288.1658598874935], [718.9570995699735, 294.5879790379003], [715.797452222829, 314.8341401125065], [658.0429004300265, 307.4120209620997]], '"시"?', 0.011800953187048435), ([[649.3859944401545, 893.0965827644789], [699.9827810201401, 906.738123261491], [693.6140055598455, 927.9034172355211], [643.0172189798599, 914.261876738509]], '왜새)', 0.00405500752605263), ([[641.0513167019495, 937.1539501058485], [733.9742515204375, 948.6077910082939], [729.9486832980505, 972.8460498941515], [637.0257484795625, 961.3922089917061]], '고:-느', 0.015910621732473373), ([[678.1535010280254, 1047.1219034952862], [761.9318475287891, 1057.364177644359], [757.8464989719746, 1086.8780965047138], [673.0681524712109, 1076.635822355641]], '사31":2', 0.0020338376401538515)]
[([[73, 73], [743, 73], [743, 115], [73, 115]], '소5스-/쪽오-[사다 헤터하신0 /_,"신"2 4하하2" ;52#[2\'중초', 5.670376471397042e-06), ([[75, 113], [755, 113], [755, 153], [75, 153]], '{9하-" 딴니{이-7? (유::따 -(뽑3리 {"" 리안 1구_스44)9/10 !', 5.987286032237529e-06), ([[75, 144], [578, 144], [578, 196], [75, 196]], '위7-{진52 세미내 _-나;(=(:6  신?(">}', 8.948102138276057e-05), ([[82, 184], [728, 184], [728, 234], [82, 234]], '[하개회> (전화내#-)2" _2*대 약히" (-(-이하 하" -?-#: #비 ', 2.8870437776314346e-06), ([[75, 225], [404, 225], [404, 274], [75, 274]], ';2즈쇼봇  차7(@-틈"7+:', 8.398012073821883e-05), ([[427, 231], [749, 231], [749, 275], [427, 275]], '스보!{ 50239얘 느녀(=(2부', 0.00015191530731063137), ([[85, 273], [383, 273], [383, 314], [85, 314]], '\'5.니리닭디" "대어성? (#태}', 0.00022629930936240742), ([[408, 274], [525, 274], [525, 313], [408, 313]], "'4.스거-시!", 0.0011528400574072472), ([[538, 280], [570, 280], [570, 308], [538, 308]], '""', 0.0603767040191518), ([[569, 266], [760, 266], [760, 314], [569, 314]], '#4강:고 대용부6+', 5.3394783681156635e-05), ([[83, 311], [211, 311], [211, 349], [83, 349]], '답규-}-"!', 0.0040536954783003554), ([[361, 307], [745, 307], [745, 351], [361, 351]], '못52 뜻내 *2<423~신" \',0 #하숫포 >', 0.0004762438982627154), ([[77, 350], [192, 350], [192, 390], [77, 390]], '[표04리터관', 0.0005253894637151504), ([[375, 349], [573, 349], [573, 389], [375, 389]], '나=>슬#*하(가0', 0.0006790897507631976), ([[377, 379], [701, 379], [701, 440], [377, 440]], '#교 스미다.)4\' 재41거!"', 0.0013769384964883856), ([[76, 434], [176, 434], [176, 460], [76, 460]], '4.4108=', 0.1346513128259322), ([[383, 427], [795, 427], [795, 467], [383, 467]], '작?-씨.1이-:니?하 -하6의 (3스}', 2.23527090801412e-06), ([[74, 460], [172, 460], [172, 484], [74, 484]], '리?버+ 저7', 0.005160243683990647), ([[74, 484], [180, 484], [180, 512], [74, 512]], '#젯대-23히!', 0.0014835673336962279), ([[392, 460], [777, 460], [777, 512], [392, 512]], '터 숲#2"# <[ 히센 멋라`):', 8.706528635202127e-06), ([[76, 512], [108, 512], [108, 540], [76, 540]], '후', 0.11404099438515747), ([[399, 502], [763, 502], [763, 547], [399, 547]], '못외금4@ 1\'사리"<다니나\'" 4물" (리@', 0.00017005652842103647), ([[72, 564], [152, 564], [152, 590], [72, 590]], ")'-#내", 0.010623297806066065), ([[74, 538], [166, 538], [166, 566], [74, 566]], '{#가구소3', 0.0007920226485000653), ([[410, 552], [452, 552], [452, 580], [410, 580]], '트-', 0.03306222262775806), ([[452, 539], [805, 539], [805, 588], [452, 588]], ')5212 3 7쫓하터) 23늘3 꿀 7통+"', 0.0013622315833706552), ([[72, 590], [166, 590], [166, 616], [72, 616]], '1서7-첫', 0.045733109027579426), ([[418, 589], [572, 589], [572, 621], [418, 621]], '+라.;봄려혀병', 0.003845636717822401), ([[72, 614], [198, 614], [198, 642], [72, 642]], '듯)?내-0', 0.0031270408370761915), ([[420, 613], [761, 613], [761, 669], [420, 669]], ';되 어태? 나\' "장8버!;', 0.00013796498778967844), ([[426, 658], [714, 658], [714, 708], [426, 708]], '요중히군하 나하녹주해한안니', 4.4075636651703804e-06), ([[436, 699], [775, 699], [775, 743], [436, 743]], '{*;{#한*# !하창둘;2버?3차테,', 2.329548183263835e-05), ([[445, 740], [825, 740], [825, 781], [445, 781]], '논353 23934((,서)-풍소트,?형!"\'', 0.0007845201093486097), ([[448, 776], [750, 776], [750, 824], [448, 824]], '}2% 긴날 하소듯세" 세%끼\')', 1.7395230852157057e-05), ([[459, 819], [767, 819], [767, 862], [459, 862]], '사56"1뒤슷 7선스"#갖2(7,5.', 5.6618772633060645e-05), ([[465, 859], [775, 859], [775, 899], [465, 899]], '73-"-니{ 편 3;뇨   리형#창', 1.9434246350313305e-05), ([[469, 899], [647, 899], [647, 937], [469, 937]], '434 감처)로하년0', 9.635529213352563e-06), ([[472, 930], [791, 930], [791, 978], [472, 978]], "( '둑?러스금-버불못245", 7.71922550812136e-05), ([[494, 986], [608, 986], [608, 1018], [494, 1018]], '5내내?0', 0.002854590365192106), ([[505, 1015], [775, 1015], [775, 1060], [505, 1060]], '유모 3리:서"교 학볕:;', 8.113646662536698e-05), ([[510, 1056], [644, 1056], [644, 1092], [510, 1092]], '인세니닐(0', 0.11159907675458887), ([[507, 1099], [675, 1099], [675, 1135], [507, 1135]], '1999,9.15 @잎)', 0.19043609349967536), ([[401.1401328392153, 246.19427896235214], [430.8250186490299, 251.18188819181418], [427.8598671607847, 270.80572103764786], [398.1749813509701, 265.8181118081858]], '"\'@', 0.28514749255270155)]
[([[281, 127], [527, 127], [527, 163], [281, 163]], '1뇨 ^ 모 . 꼴 1 롯', 0.0032076290968167543), ([[557, 133], [577, 133], [577, 159], [557, 159]], '7', 0.9999996423721633), ([[115, 905], [271, 905], [271, 925], [115, 925]], '#습-( 5당 한+ < *', 0.05048658441195647), ([[379, 905], [491, 905], [491, 925], [379, 925]], '#잡;수시맛다', 0.008819405725528235), ([[498, 902], [688, 902], [688, 926], [498, 926]], '~#@ 뉴# [- * 5 출들03다', 0.0014120730402217335), ([[117, 931], [241, 931], [241, 951], [117, 951]], '8소7 - (너. ^ ?', 0.01513375109820794), ([[253, 931], [331, 931], [331, 951], [253, 951]], '(:. ^ ?', 0.0028537568104720873), ([[381, 931], [513, 931], [513, 951], [381, 951]], '텍초( <#0 * } .', 0.02823928616676448), ([[116, 954], [180, 954], [180, 978], [116, 978]], '##소 -', 0.28897261763458676), ([[380, 951], [726, 951], [726, 978], [380, 978]], '$빛 . [스#표숲계 ~@##"(+? <버7 ## 쇼 @', 5.311892554577174e-05), ([[116, 980], [256, 980], [256, 1004], [116, 1004]], '81 5 3 - 0 0 5 1', 0.4668473902416353), ([[380, 978], [734, 978], [734, 1002], [380, 1002]], '*소; {#@슬1곁한 ^ 0주국+: 논 577? <*7 *단스', 0.000526602543288132), ([[138, 1006], [354, 1006], [354, 1030], [138, 1030]], '*룻#터 #_소무뭐 1 - 4 - 3', 0.007593966766361118), ([[209, 1033], [361, 1033], [361, 1053], [209, 1053]], '[7 통  다팀뷰 3 0 1', 0.017311386453552957), ([[380, 1028], [666, 1028], [666, 1054], [380, 1054]], '수롭0 #빠#물 . #버 ## 손#-내 * 호 ,', 0.011359211054377726), ([[134, 1056], [242, 1056], [242, 1080], [134, 1080]], '터" + 버##가', 0.10308610168918794), ([[252, 1056], [364, 1056], [364, 1080], [252, 1080]], '심 5 곧술+ < *', 0.07670102707702724), ([[447, 1075], [483, 1075], [483, 1095], [447, 1095]], '히]원', 0.029571673116984415), ([[494, 1072], [632, 1072], [632, 1096], [494, 1096]], '1 9 9 9/ 8/ 1 5', 0.706563157589112), ([[115, 1083], [257, 1083], [257, 1103], [115, 1103]], '태곁해 - 내 국 #버벼', 0.002577017605573489), ([[413, 1137], [435, 1137], [435, 1153], [413, 1153]], '18', 0.9999911491732849)]
[([[223, 743], [337, 743], [337, 759], [223, 759]], '1다 고!꿈내 } 7', 0.002209901246668868), ([[349, 743], [413, 743], [413, 759], [349, 759]], '01 9 9 8', 0.5120961445353739), ([[463, 743], [489, 743], [489, 759], [463, 759]], '8 (', 0.42710763216018677), ([[501, 743], [565, 743], [565, 759], [501, 759]], '(:. ^ ?', 0.03390571307285716), ([[571, 743], [633, 743], [633, 759], [571, 759]], '(너5 ^ ?', 0.016240997281702155), ([[319, 767], [357, 767], [357, 783], [319, 783]], '" 0 러', 0.02491107317662928), ([[367, 766], [491, 766], [491, 786], [367, 786]], "4오오가 0,오'", 0.0026190567189225524)]
