2056763
18
[([[32, 58], [184, 58], [184, 112], [32, 112]], '누구세: .', 0.9468100201510828), ([[34, 120], [90, 120], [90, 176], [34, 176]], '아', 0.9964027626884651), ([[756, 116], [856, 116], [856, 164], [756, 164]], '나가요', 0.9999884373223668), ([[33, 181], [217, 181], [217, 241], [33, 241]], '둥치 씨: ?', 0.5677025201709237), ([[612.831587524326, 573.0684939567712], [725.928413569052, 592.4962869607436], [708.168412475674, 677.9315060432288], [595.071586430948, 658.5037130392564]], '철객', 0.02847042265364071)]
[([[654, 74], [796, 74], [796, 130], [654, 130]], '뚫어저라', 0.17059214413166046), ([[72, 443], [196, 443], [196, 485], [72, 485]], '잠깐만요?', 0.9992500799997546), ([[72, 482], [217, 482], [217, 531], [72, 531]], '금방 슬리퍼', 0.593485316180412), ([[892, 486], [948, 486], [948, 518], [892, 518]], '오 !', 0.7705787437455902), ([[73, 530], [242, 530], [242, 572], [73, 572]], '꺼내 드질게요', 0.34049219154703264), ([[812, 546], [842, 546], [842, 580], [812, 580]], '이', 0.9827993940611215), ([[869, 520], [969, 520], [969, 560], [869, 560]], '팀스러운', 0.6227296590805054), ([[73, 573], [201, 573], [201, 615], [73, 615]], '어디 보자', 0.9988552070431636), ([[812, 574], [840, 574], [840, 638], [812, 638]], '히', 0.7775280295612816), ([[865, 561], [969, 561], [969, 601], [865, 601]], '엉덩일세;', 0.9274557551900395), ([[865, 601], [969, 601], [969, 641], [865, 641]], '신계장님', 0.7540630102157593), ([[41, 641], [129, 641], [129, 685], [41, 685]], '슬리퍼 ', 0.38596639037132263), ([[812, 636], [842, 636], [842, 670], [812, 670]], '히', 0.9963111388879362), ([[877, 643], [955, 643], [955, 679], [877, 679]], '사모님.', 0.7628663778305054), ([[43, 686], [182, 686], [182, 726], [43, 726]], '슬리퍼가 .', 0.558604375388134)]
[([[350, 42], [386, 42], [386, 66], [350, 66]], '7,', 0.5560099812042398), ([[83, 532], [186, 532], [186, 593], [83, 593]], '6003', 0.020527569577097893), ([[145, 622], [248, 622], [248, 683], [145, 683]], '8300', 0.020849483087658882)]
[([[825, 74], [1001, 74], [1001, 153], [825, 153]], '[그곳도', 0.9927911162376404), ([[757, 144], [997, 144], [997, 228], [757, 228]], "'먹음직스럽", 0.9601998502276248), ([[15, 218], [192, 218], [192, 302], [15, 302]], '[사모님', 0.8333616256713867), ([[244, 260], [270, 260], [270, 292], [244, 292]], '!', 0.1061706544508958), ([[783, 220], [972, 220], [972, 300], [783, 300]], '켓어요!', 0.11965496838092804)]
[([[362, 6], [412, 6], [412, 32], [362, 32]], '오늘은', 0.9997002708990361), ([[20, 20], [108, 20], [108, 48], [20, 48]], '계장남께서', 0.603338330600168), ([[346, 30], [428, 30], [428, 56], [346, 56]], '이런 대낮에', 0.7470504076096383), ([[20, 46], [126, 46], [126, 76], [20, 76]], '중요한 서류틀', 0.5576232165328303), ([[360, 56], [414, 56], [414, 80], [360, 80]], '어쩐 일', 0.5575149655342102), ([[22, 74], [110, 74], [110, 102], [22, 102]], '두고 옷으니', 0.2118145142703166), ([[358, 80], [416, 80], [416, 104], [358, 104]], '이세요?', 0.9892524480819702), ([[22, 102], [128, 102], [128, 132], [22, 132]], '가져다 달라고', 0.9410522634387956), ([[22, 130], [76, 130], [76, 158], [22, 158]], '부탁울', 0.40615519881248474), ([[20, 156], [102, 156], [102, 182], [20, 182]], '하서서요  ', 0.6645789164656537), ([[14, 196], [84, 196], [84, 222], [14, 222]], '에혜혜혜', 0.2044634222984314), ([[29, 353], [109, 353], [109, 413], [29, 413]], '칙', 0.008976810365069421)]
[([[10, 52], [108, 52], [108, 80], [10, 80]], '아 죄송해요', 0.9961040575505736), ([[12, 80], [86, 80], [86, 108], [12, 108]], '그만 손이', 0.9726641054487472), ([[12, 108], [80, 108], [80, 134], [12, 134]], '미끄러적', 0.3506220877170563), ([[12, 134], [68, 134], [68, 162], [12, 162]], '숨니다', 0.4442743328028543), ([[10, 162], [66, 162], [66, 190], [10, 190]], '사모님', 0.9991358768648365), ([[615, 209], [679, 209], [679, 251], [615, 251]], '까아', 0.9983393968310672)]
[]
[([[322, 264], [354, 264], [354, 320], [322, 320]], '1', 0.9974261416208243), ([[303.4051980041826, 281.2611597838567], [340.40672429599203, 309.6376323361692], [271.5948019958174, 394.7388402161433], [234.59327570400794, 366.3623676638308]], "'", 0.7727430781784825)]
[]
[]
[([[437, 121], [487, 121], [487, 161], [437, 161]], '날름', 0.29453743180943937), ([[417, 161], [467, 161], [467, 199], [417, 199]], '별름', 0.1258789768516416), ([[183, 219], [239, 219], [239, 261], [183, 261]], '찰박', 0.3402131759157934), ([[209, 267], [265, 267], [265, 307], [209, 307]], '찰박', 0.7361728978644576)]
[([[12, 42], [60, 42], [60, 74], [12, 74]], '무지', 0.4926410882535407), ([[444, 34], [560, 34], [560, 86], [444, 86]], '주름 음 !', 0.46199489275364475), ([[11, 75], [101, 75], [101, 111], [11, 111]], '맛있어요', 0.998581051826477), ([[487, 85], [559, 85], [559, 121], [487, 121]], '사모님', 0.9971484847378723), ([[11, 125], [63, 125], [63, 167], [11, 167]], '별름', 0.14925578442320794), ([[510, 122], [558, 122], [558, 154], [510, 154]], '여기', 0.9999546502921897), ([[11, 165], [63, 165], [63, 207], [11, 207]], '별름', 0.1863729703701485)]
[([[115, 179], [179, 179], [179, 221], [115, 221]], '휴변', 0.042167985060027384), ([[154, 220], [212, 220], [212, 272], [154, 272]], '주움', 0.9656226884134814)]
[([[26, 32], [62, 32], [62, 56], [26, 56]], '안돼', 0.5764557109233707), ([[563, 37], [703, 37], [703, 73], [563, 73]], '보세요 사모님', 0.7585621228550237), ([[609, 71], [709, 71], [709, 109], [609, 109]], '넣습니다:', 0.5163369677985601), ([[630, 110], [706, 110], [706, 142], [630, 142]], '오오오', 0.3474961980556932), ([[603, 145], [709, 145], [709, 181], [603, 181]], '기분 좋다:', 0.5429049662253951), ([[444, 176], [615, 176], [615, 240], [444, 240]], '꾸우우우우육', 0.8884548596433639), ([[54, 302], [94, 302], [94, 332], [54, 332]], '싫어', 0.9996621675788312), ([[633, 337], [693, 337], [693, 377], [633, 377]], '미골', 0.6276177335024952)]
[([[334, 14], [428, 14], [428, 88], [334, 88]], '광(', 0.25229541667755095), ([[538, 42], [604, 42], [604, 94], [538, 94]], '푸육', 0.39756722615806916), ([[698, 54], [748, 54], [748, 108], [698, 108]], '판', 0.07586665592640429), ([[625, 181], [677, 181], [677, 225], [625, 225]], '주육', 0.21598943932482112), ([[69, 311], [99, 311], [99, 331], [69, 331]], '싫어', 0.9885277789075301), ([[29, 385], [55, 385], [55, 401], [29, 401]], '그만', 0.9998845195881492)]
[([[583, 19], [665, 19], [665, 55], [583, 55]], '사모님', 0.9995477612408051), ([[543, 55], [665, 55], [665, 93], [543, 93]], '최급니다아', 0.8833015153314027), ([[541, 93], [665, 93], [665, 131], [541, 131]], '아아-좋아', 0.8948545854657721), ([[565, 131], [665, 131], [665, 167], [565, 167]], '사모니임', 0.8828250169754028), ([[300, 158], [338, 158], [338, 188], [300, 188]], '파', 0.9973860202275233), ([[241, 195], [293, 195], [293, 233], [241, 233]], '질퍽', 0.9076629526986477), ([[137, 221], [189, 221], [189, 257], [137, 257]], '질적', 0.8990501240949442), ([[51, 257], [89, 257], [89, 301], [51, 301]], '땅', 0.14188707148088398)]
[]
[([[27, 17], [107, 17], [107, 53], [27, 53]], '그럼또', 0.9800067401830821), ([[30, 56], [126, 56], [126, 88], [30, 88]], '신세 지러', 0.9993629521737362), ([[499, 43], [685, 43], [685, 83], [499, 83]], '사모님 오늘 엄청', 0.7193946030143126), ([[27, 89], [149, 89], [149, 127], [27, 127]], '오젯습니다.', 0.2469306202741047), ([[483, 81], [683, 81], [683, 121], [483, 121]], '좋앉어요 이하히히', 0.44214412386032886), ([[513, 119], [685, 119], [685, 161], [513, 161]], '신 계장남한데는', 0.6469762023030481), ([[16, 142], [110, 142], [110, 174], [16, 174]], '에혜혜혜', 0.258910965723891), ([[185, 155], [229, 155], [229, 191], [185, 191]], '훌쩍', 0.3309640257492262), ([[327, 173], [371, 173], [371, 209], [327, 209]], '훌쩍', 0.20365418864421098), ([[501, 161], [681, 161], [681, 199], [501, 199]], '비밀로 해 주세요', 0.7779893749759978), ([[360, 230], [381, 230], [381, 291], [360, 291]], '물', 0.1786669403519605), ([[667, 421], [704, 421], [704, 478], [667, 478]], '밟', 0.03511497845267186), ([[668, 474], [698, 474], [698, 500], [668, 500]], '헤', 0.06943988587892225), ([[2.556757792822064, 425.0497342884171], [22.339813833015292, 418.0290797685113], [39.44324220717794, 472.9502657115829], [18.660186166984708, 479.9709202314887]], '줄', 0.6151033491730438)]
