2057361
23
[([[719, 15], [825, 15], [825, 67], [719, 67]], '@_', 0.179666477085847), ([[707, 57], [834, 57], [834, 109], [707, 109]], '@고0)', 0.1698770672082901), ([[32, 0], [178, 0], [178, 394], [32, 394]], '웬', 0.16715923578684144)]
[]
[([[102, 102], [160, 102], [160, 126], [102, 126]], '이길은', 0.6781212687492371), ([[88, 122], [176, 122], [176, 146], [88, 146]], '사람이 별로', 0.9125527718187876), ([[95, 143], [171, 143], [171, 163], [95, 163]], '안 다녀서', 0.9983384213482869), ([[80, 160], [186, 160], [186, 188], [80, 188]], '싫단 말이지  ', 0.6275980804614424), ([[658, 178], [708, 178], [708, 202], [658, 202]], '완전히', 0.999782789834097), ([[638, 198], [716, 198], [716, 224], [638, 224]], '늦어버로네:', 0.46295342974664194), ([[193, 367], [235, 367], [235, 425], [193, 425]], '풍', 0.7102645552972184), ([[750, 796], [810, 796], [810, 844], [750, 844]], '0)', 0.027617696958529947), ([[702, 978], [734, 978], [734, 1006], [702, 1006]], '뭐:', 0.8167768611345754), ([[694, 1004], [756, 1004], [756, 1034], [694, 1034]], '뭐지!?', 0.5863558053970337)]
[([[588, 90], [650, 90], [650, 116], [588, 116]], '뭐일까', 0.8455230472732674), ([[604, 110], [642, 110], [642, 134], [604, 134]], '엄청', 0.9320871766846165), ([[531, 137], [565, 137], [565, 157], [531, 157]], '보러', 0.9906086581531892), ([[596, 128], [650, 128], [650, 154], [596, 154]], '궁금해', 0.9998165134313508), ([[494, 134], [566, 134], [566, 182], [494, 182]], '작깔목러', 0.006414283532649279), ([[662, 248], [688, 248], [688, 282], [662, 282]], '애', 0.022597722192053915), ([[717, 269], [745, 269], [745, 283], [717, 283]], '000', 0.8232797491597176), ([[762, 264], [790, 264], [790, 290], [762, 290]], '요', 0.06966819716645833), ([[42, 602], [122, 602], [122, 720], [42, 720]], '1', 0.02185740381083523), ([[726, 978], [758, 978], [758, 1002], [726, 1002]], '에:', 0.44480008690685136), ([[728, 1000], [758, 1000], [758, 1026], [728, 1026]], '우:', 0.33905382584804633), ([[74, 1028], [146, 1028], [146, 1060], [74, 1060]], '이런 건', 0.9893329396855418), ([[718, 1024], [782, 1024], [782, 1056], [718, 1056]], '운석!?', 0.7167418003082275), ([[78, 1054], [144, 1054], [144, 1084], [78, 1084]], '어떻게', 0.8221000864392509), ([[76, 1078], [142, 1078], [142, 1104], [76, 1104]], '해야 ', 0.9883319481087652), ([[66, 1102], [156, 1102], [156, 1134], [66, 1134]], '겨, 경찰?', 0.8835457720116866)]
[([[588, 94], [648, 94], [648, 124], [588, 124]], '일단은', 0.9998704026796171), ([[577, 114], [656, 114], [656, 144], [577, 144]], '엄마한데', 0.7922433614730835)]
[([[554, 76], [580, 76], [580, 110], [554, 110]], '싶', 0.6473520025406856), ([[744, 72], [790, 72], [790, 96], [744, 96]], '뭐야', 0.4734008348163571), ([[736, 94], [796, 94], [796, 120], [736, 120]], '이건!?', 0.445218138936524), ([[559, 121], [603, 121], [603, 177], [559, 177]], '어', 0.999985694936413), ([[494, 170], [590, 170], [590, 282], [494, 282]], "'어어", 0.9725043155048363), ([[636, 182], [708, 182], [708, 256], [636, 256]], '[기본"', 0.0626283660531044), ([[87, 559], [183, 559], [183, 595], [87, 595]], '방금 거 ', 0.7236593939624332), ([[104, 588], [178, 588], [178, 620], [104, 620]], '운석이', 0.9791672581072425), ([[90, 616], [188, 616], [188, 648], [90, 648]], '아니없던', 0.12061650305986404), ([[108, 644], [172, 644], [172, 674], [108, 674]], '거야?', 0.9999068108338851), ([[316, 724], [418, 724], [418, 772], [316, 772]], "'누가 좀", 0.7126380999779085), ([[105, 1021], [155, 1021], [155, 1057], [105, 1057]], '구해:', 0.5578879117965698)]
[([[531, 85], [551, 85], [551, 109], [531, 109]], '히', 0.4109853521495701), ([[72, 106], [102, 106], [102, 146], [72, 146]], '웃', 0.5002990173213817), ([[537, 119], [557, 119], [557, 143], [537, 143]], '9', 0.4712460145038335), ([[64, 556], [116, 556], [116, 586], [64, 586]], '아니', 0.9999655240519858), ([[62, 578], [118, 578], [118, 638], [62, 638]], '켓집', 0.5919607779217981)]
[([[254, 662], [290, 662], [290, 690], [254, 690]], '숨올', 0.8606671218849369), ([[65, 919], [85, 919], [85, 941], [65, 941]], '실', 0.3959748283307363), ([[48, 938], [100, 938], [100, 962], [48, 962]], '[수가 ', 0.24610823392868042)]
[([[744, 67], [802, 67], [802, 99], [744, 99]], '[마석', 0.5050845889742256), ([[261, 107], [321, 107], [321, 143], [261, 143]], '좁더', 0.19040962378257315), ([[254, 136], [328, 136], [328, 166], [254, 166]], '마시고', 0.992496132850647), ([[256, 164], [314, 164], [314, 196], [256, 196]], '싶엇', 0.9960349391899811), ([[759, 365], [775, 365], [775, 387], [759, 387]], '응', 0.9980317512010437), ([[747, 385], [791, 385], [791, 405], [747, 405]], '어라:', 0.48003912424256945), ([[742, 494], [784, 494], [784, 524], [742, 524]], '맛있:', 0.5995855483529335), ([[754, 514], [786, 514], [786, 538], [754, 538]], '어?', 0.9997228535741208), ([[414, 594], [446, 594], [446, 622], [414, 622]], '1국0', 0.2548445482133415), ([[426, 628], [450, 628], [450, 652], [426, 652]], '=', 0.23965204817149388), ([[611, 775], [692, 775], [692, 820], [611, 820]], "재'", 0.025393365100546902), ([[71.69321400446105, 457.0117820579937], [107.49080684939152, 461.28819519131093], [92.30678599553895, 594.9882179420064], [55.50919315060849, 590.7118048086891]], '출', 0.47266010195801655)]
[([[742, 74], [784, 74], [784, 100], [742, 100]], '[기분', 0.6993750145415225), ([[750, 96], [792, 96], [792, 122], [750, 122]], '좋아', 0.9941959299252843), ([[72, 1010], [142, 1010], [142, 1036], [72, 1036]], '이런 게:', 0.44674259866597127), ([[90, 1032], [132, 1032], [132, 1056], [90, 1056]], '이런', 0.9998527420871836), ([[90, 1052], [136, 1052], [136, 1080], [90, 1080]], '상황', 0.9995928014363604), ([[78, 1074], [146, 1074], [146, 1098], [78, 1098]], '속에서?', 0.974118173122406), ([[249.3273272060037, 860.1165161768104], [336.99526065684597, 872.8623958167692], [333.6726727939963, 891.8834838231896], [246.00473934315403, 879.1376041832308]], '=니(니"', 0.13178089897952802)]
[([[100, 96], [160, 96], [160, 120], [100, 120]], '왜냐면', 0.9997164442631168), ([[519, 71], [563, 71], [563, 125], [519, 125]], '푹흙', 0.14995084155519892), ([[90, 116], [164, 116], [164, 142], [90, 142]], '이런 일어', 0.6243558491379362), ([[92, 138], [168, 138], [168, 164], [92, 164]], '현실에서', 0.9979767799377441), ([[511, 113], [573, 113], [573, 173], [511, 173]], '월', 0.11206436422381305), ([[283, 275], [327, 275], [327, 359], [283, 359]], '류', 0.17979879215378336), ([[64, 692], [122, 692], [122, 720], [64, 720]], '일어날', 0.9967817940924435), ([[72, 714], [112, 714], [112, 740], [72, 740]], '리는', 0.739505677694941), ([[54, 731], [128, 731], [128, 762], [54, 762]], '없으다-', 0.7409470677375793), ([[595.2891314594269, 117.0854389836506], [619.4428556867581, 104.03286689872091], [649.7108685405731, 163.91456101634938], [625.5571443132419, 176.96713310127907]], '9', 0.48136874036916666)]
[([[584, 94], [644, 94], [644, 118], [584, 118]], "'시러어:", 0.3694379645443787), ([[270, 138], [340, 138], [340, 188], [270, 188]], '(지국작', 0.18982923030853271), ([[93, 304], [143, 304], [143, 400], [93, 400]], '쇼', 0.3060275433711901), ([[744, 638], [782, 638], [782, 664], [744, 664]], '끊이', 0.22012662019543935), ([[730, 658], [768, 658], [768, 682], [730, 682]], '[라면', 0.5972764577586754), ([[742, 676], [784, 676], [784, 704], [742, 704]], '상관', 0.9998170875775065), ([[744, 696], [782, 696], [782, 722], [744, 722]], '없나', 0.7285213471791857), ([[126, 716], [206, 716], [206, 748], [126, 748]], '괴로워엇', 0.9470883011817932), ([[717, 1029], [753, 1029], [753, 1049], [717, 1049]], '느껴', 0.9829821874136854), ([[706, 1048], [762, 1048], [762, 1072], [706, 1072]], '버려도', 0.9997562240056138), ([[696, 1068], [772, 1068], [772, 1094], [696, 1094]], '이상하지', 0.9998937845230103), ([[706, 1088], [748, 1088], [748, 1116], [706, 1116]], '암은', 0.9770831191636156), ([[698, 1108], [762, 1108], [762, 1134], [698, 1134]], '거젯지:', 0.478315144777298), ([[56.471069727032386, 205.02805543410443], [96.51892164809766, 195.02700087239745], [124.52893027296761, 308.97194456589557], [83.48107835190234, 319.9729991276025]], '습', 0.0077403470590751144)]
[([[276, 52], [338, 52], [338, 100], [276, 100]], '^표', 0.005343109705552216), ([[492, 98], [516, 98], [516, 126], [492, 126]], '으', 0.9946974661580157), ([[459, 107], [495, 107], [495, 151], [459, 151]], '응', 0.9981926508626202), ([[560, 220], [590, 220], [590, 274], [560, 274]], '스', 0.003445699504826663), ([[752, 850], [788, 850], [788, 874], [752, 874]], '그건', 0.9976227346956481), ([[754, 870], [800, 870], [800, 898], [754, 898]], '뛰야?', 0.5341484534091363), ([[144, 881], [213, 881], [213, 934], [144, 934]], '작.', 0.004497093840829208)]
[([[598, 196], [658, 196], [658, 252], [598, 252]], '놈', 0.019074696413103), ([[710, 290], [744, 290], [744, 314], [710, 314]], '뭐  .', 0.6618970036506653), ([[206, 304], [426, 304], [426, 355], [206, 355]], '@쉽순우 @@ @@:면', 0.0005365026522167763), ([[692, 310], [768, 310], [768, 338], [692, 338]], '들어와  ?', 0.5902702724323295), ([[141, 805], [213, 805], [213, 841], [141, 841]], '선사!', 0.0032895614887243968), ([[542, 810], [576, 810], [576, 836], [542, 836]], '배', 0.4806182899358191), ([[114, 832], [166, 832], [166, 900], [114, 900]], '@4', 0.4655141169315561), ([[250, 1044], [318, 1044], [318, 1070], [250, 1070]], '{6; "\'', 0.3217251121427558)]
[([[677, 43], [734, 43], [734, 80], [677, 80]], '[뱀', 0.08401647362552551), ([[742, 50], [776, 50], [776, 80], [742, 80]], '1', 0.8605945242171096), ([[512, 60], [582, 60], [582, 108], [512, 108]], '뜨거', 0.9977047805301325), ([[479, 157], [535, 157], [535, 193], [479, 193]], '위엇', 0.44436099544599633), ([[94, 266], [126, 266], [126, 302], [94, 302]], '양', 0.09103423503376806), ([[46, 424], [86, 424], [86, 456], [46, 456]], '공', 0.11694490545103609), ([[445, 759], [485, 759], [485, 849], [445, 849]], '#', 0.06324850768999468), ([[556, 818], [636, 818], [636, 842], [556, 842]], '어째서: ?', 0.4930935534329446), ([[566, 838], [626, 838], [626, 864], [566, 864]], '이런 거', 0.9432411789894104), ([[558, 860], [634, 860], [634, 886], [558, 886]], '해본 적이', 0.9883484700299284), ([[568, 882], [624, 882], [624, 910], [568, 910]], '없는데', 0.8238288918986393), ([[498, 952], [566, 952], [566, 978], [498, 978]], '자궁이', 0.48568461797820267), ([[102, 986], [132, 986], [132, 1010], [102, 1010]], '빠', 0.9884798450656405), ([[482, 972], [586, 972], [586, 1004], [482, 1004]], '벌어적다는 걸', 0.27881936997484524), ([[498, 994], [564, 994], [564, 1022], [498, 1022]], '알켓엇;;', 0.118466057903967), ([[102, 1008], [142, 1008], [142, 1038], [102, 1038]], '빨리', 0.9999919078146757)]
[([[558, 50], [586, 50], [586, 108], [558, 108]], '8', 0.32079463627500004), ([[185, 117], [245, 117], [245, 161], [185, 161]], '빨릿', 0.21586469371824044), ([[173, 153], [257, 153], [257, 197], [173, 197]], '범해쥐', 0.9074555337516493), ([[207, 307], [251, 307], [251, 353], [207, 353]], ';0', 0.027180730515073397), ([[98, 706], [124, 706], [124, 862], [98, 862]], '7', 0.0331533653950169), ([[428, 716], [460, 716], [460, 842], [428, 842]], '아', 0.0015528646682663183), ([[262.01360607616783, 678.0816364570071], [378.7965794172321, 697.4509141212569], [366.98639392383217, 749.9183635429929], [251.2034205827679, 731.5490858787431]], '싶: /', 0.029218304243768596)]
[([[539, 209], [555, 209], [555, 249], [539, 249]], '8', 0.9997215464863984), ([[540, 248], [576, 248], [576, 280], [540, 280]], '0', 0.4827452445857148), ([[440, 220], [490, 220], [490, 380], [440, 380]], '뱀', 0.1157449872873082), ([[619, 781], [710, 781], [710, 843], [619, 843]], '@때', 0.020831715015957344), ([[724, 942], [788, 942], [788, 968], [724, 968]], "'뱃소기이", 0.7023537447840329), ([[57, 1033], [123, 1033], [123, 1093], [57, 1093]], '>', 0.03033872466518517), ([[670, 1038], [734, 1038], [734, 1066], [670, 1066]], "'엉망진창", 0.9098088453032993), ([[682, 1058], [734, 1058], [734, 1082], [682, 1082]], '[라그으', 0.41412627696990967)]
[([[113, 109], [149, 109], [149, 205], [113, 205]], '장', 0.7284691833365429), ([[76, 208], [106, 208], [106, 278], [76, 278]], '길', 0.19675044777619632), ([[73, 279], [109, 279], [109, 383], [73, 383]], '%', 0.12410142296946347), ([[464, 282], [538, 282], [538, 374], [464, 374]], "'좋", 0.12140036422207807)]
[([[540, 46], [642, 46], [642, 148], [540, 148]], '[ |', 0.10097636282444)]
[]
[]
[([[107, 67], [151, 67], [151, 85], [107, 85]], '어라', 0.924368202577528), ([[104, 84], [158, 84], [158, 108], [104, 108]], '안색이', 0.9983831197475277), ([[100, 104], [162, 104], [162, 130], [100, 130]], '나별데?', 0.22898505628108978), ([[322, 96], [366, 96], [366, 128], [322, 128]], '졸은', 0.4294222700317616), ([[96, 124], [164, 124], [164, 152], [96, 152]], '감기라도', 0.9999412298202515), ([[317, 119], [371, 119], [371, 155], [317, 155]], '아침!', 0.7095178161569412), ([[531, 131], [615, 131], [615, 169], [531, 169]], '마호~ ', 0.7109901905059814), ([[100, 146], [162, 146], [162, 172], [100, 172]], '걸렇어?', 0.3441832959651947), ([[52, 176], [102, 176], [102, 200], [52, 200]], '목도리', 0.9996472087464607), ([[40, 196], [110, 196], [110, 222], [40, 222]], "'안 둘러도", 0.8476084744059222), ([[44, 214], [108, 214], [108, 240], [44, 240]], '안 추위?', 0.948819892561603), ([[720, 710], [768, 710], [768, 734], [720, 734]], '그래?', 0.999989400878152), ([[698, 730], [790, 730], [790, 760], [698, 760]], '아무렇지도', 0.9999003592580163), ([[722, 754], [766, 754], [766, 784], [722, 784]], '않아', 0.9990266309017914), ([[71, 817], [163, 817], [163, 853], [71, 853]], '종은 아침', 0.866577611259652)]
[([[295, 295], [996, 295], [996, 350], [295, 350]], '(이번엔 오리지닐로 축수름 그려빛습니다:', 0.31762230693701404), ([[990, 423], [1603, 423], [1603, 478], [990, 478]], '교복과의 조함으로 그리고 싶없기에', 0.6828285656088672), ([[956, 463], [1204, 463], [1204, 514], [956, 514]], '무대도 학교가', 0.9165971441907306), ([[1289, 464], [1504, 464], [1504, 519], [1289, 519]], '줄 알안는데', 0.5554213973751173), ([[954, 506], [1201, 506], [1201, 559], [954, 559]], '다른 작품으로', 0.7634240484473842), ([[1277, 503], [1782, 503], [1782, 563], [1277, 563]], '[물올 통시에 진행하다 보니까', 0.5425499101526087), ([[954, 545], [1250, 545], [1250, 602], [954, 602]], '그리다가 질길 것', 0.6374521049538546), ([[1374, 541], [1631, 541], [1631, 601], [1374, 601]], '야외로 햇네요', 0.8804761140837116), ([[1235, 754], [1484, 754], [1484, 809], [1235, 809]], '(옛날 그대로의', 0.5352922136157294), ([[1201, 793], [1535, 793], [1535, 853], [1201, 853]], '불레이저 같은 것도', 0.9562616829628497), ([[1482, 749], [1820, 749], [1820, 857], [1482, 857]], "'*통세올러이지만", 0.05092956511441318), ([[1239, 1193], [1486, 1193], [1486, 1248], [1239, 1248]], '감사하게도 또', 0.9970556791770612), ([[1652, 1195], [1738, 1195], [1738, 1252], [1652, 1252]], '일흘', 0.7917893064403907), ([[1412, 1239], [1458, 1239], [1458, 1283], [1412, 1283]], '그', 0.999985694936413), ([[1451, 1184], [1664, 1184], [1664, 1345], [1451, 1345]], '팔입원질인', 0.00044865880246234744), ([[1586, 1238], [1761, 1238], [1761, 1291], [1586, 1291]], '봄 이후에', 0.9350555968116243), ([[1191, 1227], [1413, 1227], [1413, 1377], [1191, 1377]], '불러요동', 0.07629019767045975), ([[1297, 1275], [1476, 1275], [1476, 1337], [1297, 1337]], '있지 않울', 0.2859268655024833), ([[1588, 1272], [1847, 1272], [1847, 1336], [1588, 1336]], '생각이 듭니다;', 0.3300258626200124), ([[1324, 1313], [1929, 1313], [1929, 1377], [1324, 1377]], '동인은 다음에는 코미고히 잡현다면.', 0.34619239304281363), ([[1099, 1866], [1299, 1866], [1299, 1927], [1099, 1927]], '괜찮으시면', 0.8896753011662769), ([[1107, 1829], [1302, 1829], [1302, 1880], [1107, 1880]], '며트위터나', 0.1632968059232749), ([[1293, 1822], [1543, 1822], [1543, 1930], [1293, 1930]], '홀렉오-트', 0.021406461049955267), ([[1424, 1870], [1549, 1870], [1549, 1923], [1424, 1923]], '부탁드', 0.9848058223724365), ([[1530, 1817], [1710, 1817], [1710, 1931], [1530, 1931]], '훔지함고', 0.13239501416683197), ([[1703, 1829], [1828, 1829], [1828, 1882], [1703, 1882]], '있으니', 0.9042527081206997), ([[1048, 2137], [1217, 2137], [1217, 2324], [1048, 2324]], ')', 0.7765818546472616), ([[2004, 2636], [2039, 2636], [2039, 2673], [2004, 2673]], '25', 0.9980737585014777), ([[1245.2965494757693, 420.0165038338858], [1402.394739695462, 568.7820065078414], [1315.7034505242307, 662.9834961661143], [1158.605260304538, 514.2179934921586]], '"일8\'', 0.19309765100479126)]
