2057230
14
[([[111, 133], [435, 133], [435, 193], [111, 193]], '아 . 안녕 꼬마야..', 0.5873137701537399), ([[75, 199], [473, 199], [473, 259], [75, 259]], '누나가 발정기 때문에', 0.6990637683619615), ([[123, 263], [425, 263], [425, 323], [123, 323]], '힘들어서 그런데', 0.9944754761579275), ([[95, 327], [453, 327], [453, 389], [95, 389]], '조금 도와주깊니.?', 0.26250646924625115), ([[1135, 1137], [1411, 1137], [1411, 1197], [1135, 1197]], '네..? 발정기.?', 0.37436955173252173), ([[1150, 1204], [1398, 1204], [1398, 1260], [1150, 1260]], '그게 뛰에요?', 0.833438545537484), ([[21, 2151], [496, 2151], [496, 2213], [21, 2213]], '@) [3+주@@ .@적/ 어영@어명', 3.9757403505940574e-05)]
[([[1309, 127], [1371, 127], [1371, 193], [1309, 193]], '4', 0.07785885253639435), ([[253, 169], [311, 169], [311, 213], [253, 213]], '아:', 0.8389713953317965), ([[126, 228], [469, 228], [469, 291], [126, 291]], '발정기는 놀이야.!', 0.49569221589205786), ([[151, 295], [441, 295], [441, 355], [151, 355]], '기분 종은 놀이!', 0.40762410942658667), ([[1165, 1139], [1391, 1139], [1391, 1199], [1165, 1199]], '기분종은 .?', 0.2499546385024372)]
[([[292, 196], [370, 196], [370, 248], [292, 248]], '잔~', 0.9805927156961474), ([[139, 257], [525, 257], [525, 322], [139, 322]], '여기 사탕도 있단다?', 0.4149385843066928), ([[165, 321], [499, 321], [499, 385], [165, 385]], '딸기맛 좋아하지?', 0.9818957335786022), ([[1157, 1145], [1481, 1145], [1481, 1205], [1157, 1205]], '사양말고 받으럼!', 0.6513917316288672)]
[([[270, 222], [334, 222], [334, 270], [270, 270]], '와!', 0.8441895493999969), ([[99, 285], [507, 285], [507, 345], [99, 345]], '정말 받아도 되나요.?', 0.8485756958097471), ([[1115, 1109], [1317, 1109], [1317, 1169], [1115, 1169]], '물론이지~', 0.9998647996511452), ([[1017, 1173], [1413, 1173], [1413, 1236], [1017, 1236]], '대신 누나랑 교미놀이', 0.8919920308023869), ([[1049, 1241], [1383, 1241], [1383, 1303], [1049, 1303]], '해취야해 알켓지?', 0.1957303339774137)]
[([[257, 215], [315, 215], [315, 257], [257, 257]], '네!', 0.48387327757231724), ([[134, 274], [441, 274], [441, 335], [134, 335]], '누나랑 교미놀이', 0.9162257951804126), ([[213, 339], [363, 339], [363, 399], [213, 399]], '할게요', 0.5903754836406548), ([[1105, 997], [1369, 997], [1369, 1057], [1105, 1057]], '으응. 고마위..', 0.38264211377880947), ([[1087, 1063], [1393, 1063], [1393, 1123], [1087, 1123]], '누나랑 교미놀이', 0.8975096210515948), ([[1138, 1130], [1352, 1130], [1352, 1186], [1138, 1186]], '잔뜩 하자?', 0.9990909792647427)]
[([[1145, 269], [1397, 269], [1397, 329], [1145, 329]], '안녕 꼬마야?', 0.6667295109290986), ([[256, 1580], [458, 1580], [458, 1636], [256, 1636]], '누구세요?', 0.9999315470961965), ([[1254.3257484472952, 816.1082630441718], [1411.9380735118089, 802.6193857698925], [1415.6742515527048, 918.8917369558282], [1258.0619264881911, 932.3806142301075]], '움질', 0.3323222968894535)]
[([[1221, 205], [1265, 205], [1265, 255], [1221, 255]], '응', 0.9995533726721852), ([[1070, 264], [1417, 264], [1417, 329], [1070, 329]], '아저씨는 여기있는', 0.41126011973492804), ([[1099, 333], [1393, 333], [1393, 393], [1099, 393]], '누나 친구란다?', 0.3633911860597134), ([[1285, 921], [1323, 921], [1323, 971], [1285, 971]], '7', 0.752062851419911), ([[109, 1416], [511, 1416], [511, 1477], [109, 1477]], '지금 아저씨가 누나랑', 0.7019963227243716), ([[133, 1483], [487, 1483], [487, 1543], [133, 1543]], '놀고 싶어서 그런데', 0.744097512931787), ([[70, 1546], [553, 1546], [553, 1609], [70, 1609]], '혹시양보해 줄 수 있켓니?', 0.4089257629135076)]
[([[1212, 288], [1308, 288], [1308, 336], [1212, 336]], '네.?', 0.6958770189684144), ([[1116, 347], [1405, 347], [1405, 409], [1116, 409]], '그치만.. 딸기맛', 0.8203846845829884), ([[1072, 414], [1451, 414], [1451, 476], [1072, 476]], '사탕도 받앗는걸요..', 0.26615797782305345)]
[([[1229, 333], [1354, 333], [1354, 393], [1229, 393]], '짜잔 ~', 0.5146826505661011), ([[1285, 921], [1323, 921], [1323, 971], [1285, 971]], '7', 0.7346782587842569), ([[180, 1508], [288, 1508], [288, 1562], [180, 1562]], '와아!', 0.9821499118097513), ([[1042, 1882], [1309, 1882], [1309, 1945], [1042, 1945]], '아저씨는 훨씬', 0.7254399946229806), ([[997, 1949], [1357, 1949], [1357, 2011], [997, 2011]], '크고맛있는 사랑이', 0.5779508993400637), ([[1098, 2018], [1258, 2018], [1258, 2074], [1098, 2074]], '있단다?', 0.843700647354126)]
[([[1224, 338], [1332, 338], [1332, 392], [1224, 392]], '누나!', 0.8285789505591902), ([[1078, 402], [1476, 402], [1476, 458], [1078, 458]], '이사탕 받아도 돼요?', 0.9655568156700026), ([[212, 1492], [384, 1492], [384, 1546], [212, 1546]], '으응?', 0.9245330691337585), ([[120, 1556], [456, 1556], [456, 1612], [120, 1612]], '아  바 받아도 돼.', 0.4137330966302013)]
[([[1149, 437], [1381, 437], [1381, 499], [1149, 499]], '감사합니다!', 0.7793857891961861), ([[129, 1331], [367, 1331], [367, 1393], [129, 1393]], '누나! 그러면', 0.6249601332528789), ([[110, 1396], [387, 1396], [387, 1460], [110, 1460]], '다음엔 꼭 같이', 0.9922166013546505), ([[115, 1465], [385, 1465], [385, 1525], [115, 1525]], '교미놀이해요', 0.9022089481575265)]
[([[33, 197], [347, 197], [347, 257], [33, 257]], '세상물정 모르는', 0.9877506915263808), ([[35, 261], [347, 261], [347, 323], [35, 323]], '순수한 꼬멩이틀', 0.6424029129676052), ([[1260, 252], [1434, 252], [1434, 306], [1260, 306]], '도대체가', 0.9990587830543518), ([[97, 327], [289, 327], [289, 387], [97, 387]], '건들다니!', 0.9573110331371447), ([[1219, 315], [1475, 315], [1475, 377], [1219, 377]], '제정신인거나', 0.9949739457376383), ([[820, 366], [1088, 366], [1088, 492], [820, 492]], '쪽원', 0.15490876605092557), ([[1200, 381], [1494, 381], [1494, 441], [1200, 441]], '망활빗치년아]!', 0.3008323879188121), ([[464, 509], [844, 509], [844, 670], [464, 670]], '@일', 0.06188787275803796), ([[490, 1226], [598, 1226], [598, 1282], [490, 1282]], '움움', 0.12531125319462008), ([[424, 1290], [668, 1290], [668, 1346], [424, 1346]], '건방진 녀석.!', 0.5085705446397123), ([[688, 2052], [826, 2052], [826, 2106], [688, 2106]], '으응.9', 0.5075969696044922), ([[650, 2110], [862, 2110], [862, 2162], [650, 2162]], '제성헤여.9', 0.5288159609695644), ([[456.08921073410454, 393.1531065514482], [650.9846035320542, 372.3435976452972], [655.9107892658955, 478.8468934485518], [460.0153964679459, 499.6564023547028]], '조격', 0.04687950609124158), ([[801.1251494559805, 526.1261059742554], [1067.3216669034837, 505.3534576869175], [1068.8748505440196, 627.8738940257446], [801.6783330965163, 648.6465423130825]], '브리)', 0.017765882811723272)]
[([[628, 68], [744, 68], [744, 122], [628, 122]], '옷..!!', 0.2759838440204111), ([[923, 13], [1058, 13], [1058, 281], [923, 281]], '%', 0.16258314618143288), ([[34, 368], [178, 368], [178, 522], [34, 522]], '뜻', 0.46188321980231706), ([[930, 638], [1080, 638], [1080, 694], [930, 694]], '으응..9', 0.3253697473067774), ([[149, 1031], [248, 1031], [248, 1092], [149, 1092]], '후우.', 0.5048652106333568), ([[59, 1094], [354, 1094], [354, 1154], [59, 1154]], '이보 꼬멩이한터', 0.17623824945780506), ([[98, 1160], [316, 1160], [316, 1216], [98, 1216]], '준 사탕에는', 0.7531223718439781), ([[27, 1220], [389, 1220], [389, 1282], [27, 1282]], '무슨짓올 해끗없지?', 0.40492975981754903), ([[1310, 1348], [1460, 1348], [1460, 1404], [1310, 1404]], '발정제..', 0.751643846592001), ([[1289, 1409], [1475, 1409], [1475, 1469], [1289, 1469]], '발#어요', 0.14961721003055573), ([[1201, 2041], [1487, 2041], [1487, 2101], [1201, 2101]], '정말이지 역결군', 0.7922097765089269), ([[615.1552736371563, 350.0210001068403], [819.941277890163, 455.5882268424864], [749.8447263628437, 584.9789998931597], [546.058722109837, 478.4117731575136]], '%양', 0.11653592222047346), ([[651.1581526436685, 2004.0253338848959], [756.8274444775146, 1989.8586233667659], [779.8418473563315, 2197.974666115104], [675.1725555224854, 2212.1413766332344]], '록', 0.25461705796638867)]
[([[104, 13], [589, 13], [589, 78], [104, 78]], "[@8'[@@@@@어득@@의", 0.0007779928403068072), ([[657, 61], [957, 61], [957, 115], [657, 115]], '(텍#료똑: 털@`도`', 0.00012623733029848576), ([[32, 80], [516, 80], [516, 157], [32, 157]], '오 [@@@@@라+@&--', 0.0005391638095573504), ([[1028, 1184], [1246, 1184], [1246, 1422], [1028, 1422]], ')', 0.8290512917202002)]
