2057234
13
[([[267, 219], [333, 219], [333, 279], [267, 279]], '만', 0.18834413982846687), ([[158, 658], [386, 658], [386, 714], [158, 714]], '하아. 하아 .', 0.4337263386516178), ([[111, 723], [439, 723], [439, 783], [111, 783]], '찾있다 .. 호두님]', 0.38760982258829435), ([[37, 785], [513, 785], [513, 849], [37, 849]], '일이 산더미처럼 쌍엿논데', 0.2709519559833637), ([[98, 854], [450, 854], [450, 910], [98, 910]], '여기서 대체 뭐하고', 0.9453567886598769), ([[123, 919], [427, 919], [427, 979], [123, 979]], '계시논 거에요?', 0.4277418844749038), ([[684, 824], [973, 824], [973, 1277], [684, 1277]], '8', 0.5130204697093745), ([[94, 2178], [514, 2178], [514, 2230], [94, 2230]], '라+칭~아,]기김/명기영칭어명', 3.135458000688259e-06), ([[151.70645165272703, 91.06451652727014], [238.9862796573748, 49.03746736021665], [310.293548347273, 216.93548347272986], [223.0137203426252, 258.9625326397833]], '름', 0.3353481265605751)]
[([[267, 219], [333, 219], [333, 281], [267, 281]], '만', 0.042161681450157085), ([[688, 825], [971, 825], [971, 1271], [688, 1271]], '8', 0.602152169104798), ([[1204, 1282], [1385, 1282], [1385, 1345], [1204, 1345]], '호두님..?', 0.511358550175681), ([[151.69351682249572, 91.06581654270752], [238.9809788551493, 48.03706512838431], [310.3064831775043, 215.93418345729248], [223.0190211448507, 258.9629348716157]], '름', 0.09432397295605544)]
[([[172, 78], [250, 78], [250, 166], [172, 166]], '', 0.0), ([[165, 283], [429, 283], [429, 343], [165, 343]], '그렇게 깨워도', 0.6895405071286712), ([[199, 349], [397, 349], [397, 409], [199, 409]], '소용없어.', 0.9990662952159395), ([[724, 846], [954, 846], [954, 1038], [724, 1038]], '연', 0.10137062447765377), ([[1160, 994], [1270, 994], [1270, 1042], [1160, 1042]], '에 .!?', 0.43564011163762706), ([[1006, 1053], [1423, 1053], [1423, 1118], [1006, 1118]], '치치넘이 여긴왜. 활까', 0.19477024045463318), ([[708, 998], [928, 998], [928, 1258], [708, 1258]], '%', 0.18820422210021892), ([[1017, 1121], [1411, 1121], [1411, 1183], [1017, 1183]], '깨워도 소용없다는건', 0.2597662837715555), ([[1041, 1187], [1395, 1187], [1395, 1247], [1041, 1247]], '또무슨 소리에요?', 0.9633545960006907)]
[([[151, 203], [463, 203], [463, 263], [151, 263]], '치치 괴롭히길래', 0.990415298913724), ([[103, 269], [511, 269], [511, 329], [103, 329]], '수면약 먹여고으니까 .', 0.3716892049297051), ([[696, 825], [972, 825], [972, 1145], [696, 1145]], '8', 0.6487252541593449), ([[1068, 1146], [1278, 1146], [1278, 1198], [1068, 1198]], '아 아아', 0.9954257607460022), ([[927, 1211], [1419, 1211], [1419, 1271], [927, 1271]], '그럼당장에 호두님올 깨울', 0.8973162269889442), ([[987, 1275], [1357, 1275], [1357, 1337], [987, 1337]], '방법은 없는건가요.', 0.6863710133679768)]
[([[123, 241], [491, 241], [491, 301], [123, 301]], '응바로 깨울 방법은', 0.673234859168671), ([[262, 308], [350, 308], [350, 364], [262, 364]], '없어', 0.9999917392276855), ([[691, 828], [975, 828], [975, 1267], [691, 1267]], '$', 0.282165199128773), ([[1101, 1181], [1339, 1181], [1339, 1243], [1101, 1243]], '알켓습니다 .', 0.19440436797056096), ([[1043, 1247], [1401, 1247], [1401, 1307], [1043, 1307]], '호두님은 일단 제가', 0.8761570653022438), ([[1104, 1314], [1342, 1314], [1342, 1370], [1104, 1370]], '모서갈게요..', 0.8992213444790844)]
[([[161, 109], [475, 109], [475, 169], [161, 169]], '그리고 부탁이니', 0.9911351761099387), ([[209, 175], [425, 175], [425, 235], [209, 235]], '다음부터는', 0.7265856475987214), ([[123, 241], [511, 241], [511, 301], [123, 301]], '이런식으로 수면제는', 0.8090291664644844), ([[163, 305], [473, 305], [473, 365], [163, 365]], '사용하지 마시고', 0.9953307094302946), ([[153, 371], [479, 371], [479, 431], [153, 431]], '가급적이면 말로.', 0.580002701987886), ([[683, 822], [974, 822], [974, 1273], [683, 1273]], '8', 0.3223444357951202), ([[215, 1519], [531, 1519], [531, 1581], [215, 1581]], '하아 . 아니에요.', 0.8379053132028856), ([[196, 1588], [552, 1588], [552, 1644], [196, 1644]], '그냥 제가 호두님께', 0.9447004908511057), ([[243, 1651], [503, 1651], [503, 1711], [243, 1711]], '주의해달라고', 0.9935847716677912), ([[185, 1717], [561, 1717], [561, 1777], [185, 1777]], '따로말씀드컵게요.', 0.5103506436327496)]
[([[0, 188], [48, 188], [48, 256], [0, 256]], ',', 0.037900275458691235), ([[903, 366], [1090, 366], [1090, 417], [903, 417]], '하아하아..', 0.5665891109391016), ([[812, 424], [1182, 424], [1182, 474], [812, 474]], '안그래도 바빠죽켓는데', 0.5279444247904159), ([[838, 476], [1144, 476], [1144, 532], [838, 532]], '이게 뭐하는 짓이람:', 0.6261333347482901), ([[430, 521], [565, 521], [565, 590], [430, 590]], '7모)', 0.30520520882986735), ([[112, 1116], [270, 1116], [270, 1172], [112, 1172]], '호두님은', 0.9967226982116699), ([[38, 1173], [346, 1173], [346, 1230], [38, 1230]], '부하직원이 이렇게', 0.9101892750433622), ([[92, 1231], [291, 1231], [291, 1292], [92, 1292]], '고생하눈길', 0.5372801234608969), ([[44, 1292], [335, 1292], [335, 1346], [44, 1346]], '알고나 계시려나..', 0.8824815592653493), ([[715, 1487], [837, 1487], [837, 1595], [715, 1595]], '국', 0.789537491394654), ([[237, 1965], [389, 1965], [389, 2025], [237, 2025]], '호두님.', 0.9952927231788635), ([[122, 2032], [506, 2032], [506, 2088], [122, 2088]], '정말 자고 계시나요?', 0.9068733508409235), ([[127, 2095], [483, 2095], [483, 2155], [127, 2155]], '제발좀 일어나세요.', 0.7625188263302594), ([[556.1170986264234, 262.1756479396351], [692.6117921440216, 228.81576901542255], [704.8829013735766, 288.8243520603649], [567.3882078559784, 322.1842309845775]], '새군;', 0.5348254117529672)]
[([[736, 1216], [971, 1216], [971, 1279], [736, 1279]], '호두님 가슴._', 0.5084533449958069), ([[735, 1283], [955, 1283], [955, 1343], [735, 1343]], '지금이라면.', 0.9564229423690569), ([[294, 1530], [482, 1530], [482, 1653], [294, 1653]], '@)', 0.05306824189294065), ([[1372.6910264713479, 1271.2242350038741], [1525.3798862249039, 1238.4106166194736], [1541.3089735286521, 1345.7757649961259], [1388.6201137750961, 1378.5893833805264]], '꿀쩍', 0.034879829389255455), ([[411.86401127970703, 1954.0497285886602], [563.8347642070139, 1983.6205617240846], [539.135988720293, 2093.95027141134], [386.16523579298615, 2064.3794382759156]], '@`)', 0.019696528075767373)]
[([[900, 112], [1010, 112], [1010, 164], [900, 164]], '응 음', 0.22767236609427197), ([[890, 172], [978, 172], [978, 222], [890, 222]], '가슴_', 0.9369522333145142), ([[991, 175], [1031, 175], [1031, 215], [991, 215]], '0', 0.755641985342411), ([[83, 932], [370, 932], [370, 1068], [83, 1068]], '메3 ', 0.004012740532633969), ([[1416, 1182], [1538, 1182], [1538, 1236], [1416, 1236]], '호두님', 0.9954212064491692), ([[1410, 1244], [1544, 1244], [1544, 1296], [1410, 1296]], '가슴!!', 0.9750779867172241), ([[507, 1252], [724, 1252], [724, 1393], [507, 1393]], '넷로', 0.19663427472500927), ([[1173, 1721], [1435, 1721], [1435, 1781], [1173, 1781]], '하아 하아..0', 0.2922162366872498), ([[840.5550204046967, 1037.0090039960082], [920.6969131780664, 1026.1316751214317], [955.4449795953033, 1305.9909960039918], [875.3030868219336, 1316.8683248785683]], '@', 0.3080816444925496)]
[([[894, 52], [1018, 52], [1018, 106], [894, 106]], '호두님', 0.9953520796436945), ([[818, 114], [1096, 114], [1096, 170], [818, 170]], '키스해버질게요', 0.2506369176748158), ([[743, 173], [1147, 173], [1147, 233], [743, 233]], '제첫키스 받아주세요 ', 0.8769798193949463), ([[440, 834], [608, 834], [608, 954], [440, 954]], '행다', 0.00197488241237666), ([[1252, 918], [1348, 918], [1348, 996], [1252, 996]], '응', 0.7863436083706041), ([[132, 1460], [248, 1460], [248, 1510], [132, 1510]], '응음9', 0.2999143101914069), ([[121, 1515], [255, 1515], [255, 1569], [121, 1569]], '호두님.', 0.8709754347801208), ([[108, 1574], [276, 1574], [276, 1624], [108, 1624]], '호두님!!', 0.9395397145355731), ([[1176, 1654], [1416, 1654], [1416, 1710], [1176, 1710]], '키스만으로도', 0.9995574490612466), ([[1214, 1714], [1378, 1714], [1378, 1768], [1214, 1768]], '부드럽고', 0.9122259020805359), ([[1129, 1773], [1463, 1773], [1463, 1833], [1129, 1833]], '중은향기 나서 엄청', 0.5206145532401061), ([[1212, 1834], [1382, 1834], [1382, 1890], [1212, 1890]], '흥분돼..!!', 0.2663054693414039), ([[365.7437825857835, 1583.065934564943], [437.62741292240895, 1535.0164131819895], [536.2562174142165, 1701.934065435057], [465.37258707759105, 1749.9835868180105]], '총', 0.7144013313837014), ([[780.065347992485, 1656.036454303809], [869.6498118166178, 1637.5685139328573], [899.934652007515, 1807.963545696191], [809.3501881833822, 1826.4314860671427]], '호', 0.22382161410480084)]
[([[1076, 90], [1292, 90], [1292, 146], [1076, 146]], '학  하앗..9', 0.10845275413239394), ([[359, 51], [549, 51], [549, 231], [359, 231]], '틈', 0.11447487272234014), ([[1066, 154], [1304, 154], [1304, 214], [1066, 214]], '간다  가맛..!', 0.289022890686967), ([[92, 316], [276, 316], [276, 484], [92, 484]], ';', 0.43158322017575657), ([[707, 787], [916, 787], [916, 841], [707, 841]], '욕 오옷.!0', 0.15352450058906159), ([[144, 1552], [352, 1552], [352, 1608], [144, 1608]], '하아 하아:', 0.4000416966481316), ([[1129, 1535], [1483, 1535], [1483, 1601], [1129, 1601]], '꼴사남게 바지입은', 0.8867625440553637), ([[1133, 1603], [1483, 1603], [1483, 1665], [1133, 1665]], '상태로 문지르면서', 0.9449829633296839), ([[763, 1640], [1000, 1640], [1000, 1786], [763, 1786]], '운질,', 0.5146549280280157), ([[1207, 1669], [1401, 1669], [1401, 1729], [1207, 1729]], '싸버로어..', 0.44496784593555827), ([[1187.5130994363956, 801.0148307568868], [1244.375173612923, 777.0088020447391], [1327.4869005636044, 980.9851692431132], [1270.624826387077, 1005.9911979552609]], '불', 0.45378982281249947), ([[316.41159956693633, 1732.2107573583114], [542.0371956018543, 1687.459320608106], [558.5884004330637, 1824.7892426416886], [332.9628043981457, 1870.540679391894]], '유절,', 0.3529174106177531)]
[([[454, 14], [698, 14], [698, 66], [454, 66]], '하 하아 .절어..', 0.5705956634115488), ([[462, 70], [694, 70], [694, 124], [462, 124]], '귀두 문질문질', 0.999448725107602), ([[502, 125], [654, 125], [654, 179], [502, 179]], '할분인데', 0.23837290704250336), ([[436, 184], [714, 184], [714, 236], [436, 236]], '벌써 질척해적어,', 0.4485958393467587), ([[1106, 364], [1196, 364], [1196, 436], [1106, 436]], '꼴다', 0.0225300436044988), ([[572, 852], [812, 852], [812, 908], [572, 908]], '호두님 충분히', 0.9920770693508216), ([[513, 910], [871, 910], [871, 966], [513, 966]], '젖없으니넣올게요!!', 0.14122278510056696), ([[596, 970], [790, 970], [790, 1024], [596, 1024]], '괜찮켓조?', 0.46597556549693586), ([[883, 1021], [1449, 1021], [1449, 1227], [883, 1227]], '뜻 음', 0.5957711338996887), ([[106, 1174], [262, 1174], [262, 1318], [106, 1318]], '형', 0.030136500628352714), ([[552, 1200], [734, 1200], [734, 1350], [552, 1350]], '쫓', 0.08131264220633572), ([[840, 1490], [936, 1490], [936, 1542], [840, 1542]], '웃.!', 0.3713320195674896), ([[104, 1866], [315, 1866], [315, 1916], [104, 1916]], '아아아:.9', 0.4688068379201434), ([[105, 1927], [321, 1927], [321, 1987], [105, 1987]], '꿈에 그리터', 0.19959799078619422), ([[84, 1992], [340, 1992], [340, 2048], [84, 2048]], '호두님 보지로', 0.9889419659410386), ([[109, 2055], [317, 2055], [317, 2115], [109, 2115]], '동정상실0', 0.990469366503491)]
[([[87, 23], [574, 23], [574, 84], [87, 84]], '[@8@@@@물@@@@의', 0.03670077052651398), ([[640, 64], [940, 64], [940, 118], [640, 118]], '(턱속 름똑숨털@``-`', 1.5321082989700694e-05), ([[19, 84], [479, 84], [479, 150], [19, 150]], '오) @@@@@의위하물-@&:--', 0.0005501178467333123)]
