2058557
21
[([[643, 1], [719, 1], [719, 43], [643, 43]], '값볕', 0.10184283197932936), ([[647, 41], [719, 41], [719, 85], [647, 85]], '미뷰', 0.13639105955777903), ([[514, 0], [828, 0], [828, 608], [514, 608]], '', 0.0), ([[1244, 2], [1357, 2], [1357, 651], [1244, 651]], "'", 0.45836949592487386), ([[767, 555], [803, 555], [803, 625], [767, 625]], '북', 0.771176500706261), ([[19, 645], [57, 645], [57, 869], [19, 869]], '{', 0.05256127386773479), ([[56, 642], [92, 642], [92, 926], [56, 926]], "'", 0.8601030291839749), ([[644, 602], [686, 602], [686, 750], [644, 750]], '물', 0.8924247607197344), ([[677, 378], [774, 378], [774, 890], [677, 890]], '1', 0.2763400322292), ([[643, 765], [687, 765], [687, 935], [643, 935]], '{', 0.06007321697400503), ([[1027, 843], [1267, 843], [1267, 883], [1027, 883]], '폭유 승무원 질내 마약', 0.9129148856714061), ([[728, 887], [905, 887], [905, 923], [728, 923]], '[`# `]:', 7.611676179456658e-05), ([[1029, 889], [1187, 889], [1187, 927], [1029, 927]], '보복 강간 지욕', 0.7123086011306212), ([[19, 864], [60, 864], [60, 1007], [19, 1007]], '물', 0.18168157681188646), ([[640, 926], [722, 926], [722, 971], [640, 971]], '1353', 0.6362705261418258), ([[728, 912], [1002, 912], [1002, 986], [728, 986]], '숙?오래#', 0.0042594197116641), ([[644, 966], [1008, 966], [1008, 1014], [644, 1014]], '떨뭐 535678931"63 내90', 0.00533362392793423), ([[644, 996], [718, 996], [718, 1022], [644, 1022]], '#330', 0.8591713309288025)]
[]
[]
[]
[]
[]
[([[80, 210], [116, 210], [116, 234], [80, 234]], '사위', 0.9420029791393995), ([[300, 208], [346, 208], [346, 232], [300, 232]], '[달라~', 0.4966011915776986), ([[81, 241], [115, 241], [115, 261], [81, 261]], '하고', 0.9999795166930683), ([[300, 238], [366, 238], [366, 262], [300, 262]], '이번에도', 0.9975677132606506), ([[80, 268], [116, 268], [116, 292], [80, 292]], '나서', 0.7490469378456377), ([[300, 266], [352, 266], [352, 292], [300, 292]], '잘목네', 0.3782574236392975), ([[288, 414], [356, 414], [356, 438], [288, 438]], '기대되다', 0.44643253087997437), ([[292, 442], [346, 442], [346, 468], [292, 468]], '고 할까', 0.4586919844150543), ([[300, 796], [348, 796], [348, 820], [300, 820]], '까악! !', 0.5102299766543712)]
[([[650, 92], [724, 92], [724, 116], [650, 116]], '무 무슨!?', 0.8305844176869847), ([[316, 118], [372, 118], [372, 144], [316, 144]], '천천히', 0.9998472777438084), ([[316, 148], [386, 148], [386, 172], [316, 172]], '이쪽으로', 0.999619722366333), ([[590, 150], [644, 150], [644, 174], [590, 174]], '뭐야!?', 0.27489906549453735), ([[80, 160], [118, 160], [118, 184], [80, 184]], '누구', 0.9999348415939759), ([[316, 178], [380, 178], [380, 202], [316, 202]], '돌아보.', 0.634972870349884), ([[79, 193], [107, 193], [107, 213], [79, 213]], '야?', 0.9996361235034235), ([[610, 432], [648, 432], [648, 458], [610, 458]], '웃올', 0.6500962957713675), ([[610, 462], [662, 462], [662, 486], [610, 486]], '벗어. ', 0.45991262793540955), ([[454, 796], [510, 796], [510, 822], [454, 822]], '알앗어.', 0.21628515422344208), ([[118.79114683817643, 435.03178992535226], [292.10313667767696, 421.44203275998575], [303.2088531618236, 670.9682100746477], [129.89686332232301, 683.5579672400142]], '6', 0.9986046655081147)]
[([[273, 41], [307, 41], [307, 61], [273, 61]], '으욕', 0.9556464101575025), ([[492, 142], [544, 142], [544, 166], [492, 166]], '이걸로', 0.7901627030390559), ([[492, 172], [530, 172], [530, 196], [492, 196]], '괜찬', 0.9886803432486387), ([[493, 205], [529, 205], [529, 225], [493, 225]], '나요', 0.7869296346587873), ([[101, 391], [145, 391], [145, 411], [101, 411]], '뛰야 .', 0.35304346680641174), ([[100, 418], [138, 418], [138, 442], [100, 442]], '무슨', 0.8714724476219098), ([[537, 439], [563, 439], [563, 459], [537, 459]], '더', 0.9990550128988538), ([[404, 574], [482, 574], [482, 598], [404, 598]], '어떡하지.', 0.8982390483057892), ([[402, 604], [490, 604], [490, 628], [402, 628]], '이러다가는', 0.8574958520276067), ([[402, 632], [478, 632], [478, 656], [402, 656]], '당하켓어.', 0.7468750596080042), ([[636, 846], [690, 846], [690, 870], [636, 870]], "'침대에", 0.9984878897666931), ([[122, 878], [192, 878], [192, 902], [122, 902]], '어떻게든', 0.8424080014228821), ([[636, 876], [692, 876], [692, 900], [636, 900]], '누워라', 0.5828260668562111), ([[122, 908], [196, 908], [196, 932], [122, 932]], '도망처야', 0.8081164956092834), ([[122, 936], [146, 936], [146, 960], [122, 960]], '해.', 0.8462079569461707), ([[297.077056563362, 582.0474486646115], [367.74541108708485, 567.4289605086133], [391.922943436638, 696.9525513353885], [321.25458891291515, 712.5710394913867]], '교', 0.017543239194593108)]
[([[353, 29], [379, 29], [379, 45], [353, 45]], '손올', 0.9896793227476776), ([[6, 34], [42, 34], [42, 58], [6, 58]], '아니', 0.9999881146094074), ([[351, 49], [379, 49], [379, 67], [351, 67]], '뒤로', 0.9999195847600872), ([[481, 53], [545, 53], [545, 69], [481, 69]], '움직이거나', 0.9997448981673056), ([[4, 64], [50, 64], [50, 88], [4, 88]], '잠깐!', 0.9917803726245275), ([[351, 71], [379, 71], [379, 91], [351, 91]], '돌려', 0.9397943753568644), ([[479, 75], [533, 75], [533, 91], [479, 91]], '떠들지마', 0.9994419813156128), ([[641, 279], [687, 279], [687, 299], [641, 299]], '죽인다?', 0.9980047941207886), ([[13, 321], [63, 321], [63, 337], [13, 337]], '이래서는', 0.3867290599878887), ([[11, 339], [63, 339], [63, 359], [11, 359]], '도망갈수', 0.9998685717582703), ([[11, 363], [41, 363], [41, 381], [11, 381]], '없어', 0.9999612251195549), ([[383, 343], [451, 343], [451, 381], [383, 381]], '*모', 0.005718594760162364), ([[499, 551], [539, 551], [539, 571], [499, 571]], '이쪽올', 0.9985574190252435), ([[499, 573], [541, 573], [541, 593], [499, 593]], '향해라', 0.9899039568123259), ([[69, 601], [105, 601], [105, 621], [69, 621]], '싫어.', 0.9250764634632823), ([[445, 683], [471, 683], [471, 699], [445, 699]], '흐옷', 0.1361708677382567), ([[431, 835], [477, 835], [477, 853], [431, 853]], '이런거.', 0.9992663860321045)]
[([[9, 35], [43, 35], [43, 55], [9, 55]], '싫어!', 0.9051063115473984), ([[9, 57], [55, 57], [55, 75], [9, 75]], '하지마!', 0.9239885210990906), ([[656, 276], [690, 276], [690, 308], [656, 308]], '!2', 0.4046559812125386), ([[223, 449], [299, 449], [299, 469], [223, 469]], '뛰야 방금 그', 0.5450816549552704), ([[149, 477], [189, 477], [189, 495], [149, 495]], '하웃!?', 0.2736683189868927), ([[222, 470], [310, 470], [310, 494], [222, 494]], '손놀림은.마치', 0.9326244985710398), ([[643, 479], [683, 479], [683, 495], [643, 495]], '흐욕  ?', 0.4651577695488695), ([[223, 493], [307, 493], [307, 513], [223, 513]], '처음부터 알고', 0.9998605600066646), ([[222, 514], [286, 514], [286, 538], [222, 538]], '있는듯한 .', 0.7626783025585477), ([[12, 548], [116, 548], [116, 670], [12, 670]], '4', 0.16340222907487956), ([[231, 783], [271, 783], [271, 799], [231, 799]], '도대체', 0.9998145863645451), ([[231, 805], [265, 805], [265, 821], [231, 821]], '뭐야 .', 0.5407761335372925)]
[([[133, 113], [169, 113], [169, 129], [133, 129]], '이거 .', 0.38934043049812317), ([[133, 133], [181, 133], [181, 153], [133, 153]], '녹음기?', 0.853955864906311), ([[85, 483], [117, 483], [117, 503], [85, 503]], '말해!', 0.9578599622008542), ([[345, 509], [369, 509], [369, 525], [345, 525]], '너의', 0.9993084402756203), ([[343, 529], [389, 529], [389, 549], [343, 549]], '못된 짓', 0.7172340407808402), ([[345, 553], [389, 553], [389, 569], [345, 569]], '올 말해', 0.9699770596036944), ([[355, 739], [403, 739], [403, 755], [355, 755]], '아니 말', 0.7593059358433257), ([[353, 757], [397, 757], [397, 777], [353, 777]], '할리가', 0.9127039102500135), ([[353, 781], [397, 781], [397, 799], [353, 799]], '없잖아', 0.4231780767440796), ([[85, 897], [119, 897], [119, 913], [85, 913]], '히익!', 0.7790501776131341), ([[563.8461255241468, 458.3999263627816], [597.6774581282657, 427.03836847126166], [656.1538744758532, 495.6000736372184], [622.3225418717343, 526.9616315287383]], '꼴', 0.04448355291057826)]
[([[635, 33], [683, 33], [683, 51], [635, 51]], '아저논', 0.8158546254395193), ([[249, 53], [321, 53], [321, 71], [249, 71]], '그것올 업술', 0.11075932602899138), ([[635, 53], [691, 53], [691, 73], [635, 73]], '일터에서', 0.5883843471816547), ([[249, 77], [297, 77], [297, 95], [249, 95]], '메 닫아', 0.6226613844375106), ([[633, 77], [689, 77], [689, 97], [633, 97]], '각성제틀', 0.6237249374389648), ([[249, 97], [321, 97], [321, 117], [249, 117]], '질나에 솜기', 0.5612542310935099), ([[635, 103], [663, 103], [663, 117], [635, 117]], '사서', 0.8798762292732984), ([[247, 121], [321, 121], [321, 141], [247, 141]], '고 반입하여', 0.9973255286432366), ([[355, 297], [415, 297], [415, 383], [355, 383]], '', 0.0), ([[698, 247], [765, 247], [765, 384], [698, 384]], '쌀', 0.00889220088610565), ([[5, 381], [59, 381], [59, 399], [5, 399]], '은밀하게', 0.9262659549713135), ([[3, 403], [59, 403], [59, 423], [3, 423]], '즐기면서', 0.311872273683548), ([[3, 449], [59, 449], [59, 469], [3, 469]], '햇습니다', 0.6198874711990356), ([[5, 429], [65, 429], [65, 445], [5, 445]], '함시 사랑', 0.3852600896317254), ([[526, 300], [630, 300], [630, 522], [526, 522]], '#', 0.09217242517075874), ([[537, 701], [599, 701], [599, 717], [537, 717]], '이게다야', 0.7479561567306519), ([[687, 639], [768, 639], [768, 757], [687, 757]], '유', 0.08644819683088034), ([[249, 879], [273, 879], [273, 895], [249, 895]], '이저', 0.9746404674547535), ([[247, 901], [301, 901], [301, 919], [247, 919]], '용서대쥐', 0.39568132162094116), ([[578.3035017419448, 708.0202299614506], [651.4508093658523, 661.0084708683313], [793.6964982580552, 903.9797700385494], [720.5491906341477, 950.9915291316687]], '제', 0.008198542496779204)]
[([[440, 33], [491, 33], [491, 53], [440, 53]], '아아악]', 0.35980212688446045), ([[371, 75], [419, 75], [419, 91], [371, 91]], '너무해 .', 0.8960146997915069), ([[293, 343], [411, 343], [411, 459], [293, 459]], '[ ,', 0.06417318913266039), ([[79, 445], [109, 445], [109, 465], [79, 465]], '안에', 0.6743932226467523), ([[79, 471], [129, 471], [129, 487], [79, 487]], '싸다니.', 0.6768009662628174), ([[125, 567], [187, 567], [187, 631], [125, 631]], '매', 0.6351801979144653), ([[353, 591], [393, 591], [393, 607], [353, 607]], '이번엔', 0.7284431083937368), ([[435, 603], [463, 603], [463, 619], [435, 619]], '아직', 0.9999368646046942), ([[351, 613], [381, 613], [381, 629], [351, 629]], '니가', 0.8758570081604456), ([[435, 625], [477, 625], [477, 645], [435, 645]], '덜없어', 0.5525100560950399), ([[351, 635], [393, 635], [393, 653], [351, 653]], '움직여', 0.9677996843158053), ([[23, 807], [59, 807], [59, 823], [23, 823]], '가맛!!', 0.3289622962474823), ([[731, 851], [768, 851], [768, 913], [731, 913]], '찢', 0.03512567946586387), ([[108.0476258796321, 376.2143164583444], [161.67478705393634, 332.02533218264654], [239.9523741203679, 438.7856835416556], [186.32521294606366, 482.97466781735346]], '온', 0.05158544250756436)]
[([[693, 89], [749, 89], [749, 109], [693, 109]], '죽고싶지', 0.6057779788970947), ([[693, 113], [735, 113], [735, 133], [693, 133]], '않다면', 0.8516549572677085), ([[693, 137], [765, 137], [765, 155], [693, 155]], '내가 느끼거', 0.9917713501784212), ([[693, 159], [737, 159], [737, 179], [693, 179]], '단들어', 0.19024903774159402), ([[455, 719], [555, 719], [555, 805], [455, 805]], '사무"', 0.0035795977664044415), ([[551, 761], [647, 761], [647, 853], [551, 853]], '4@', 0.09387279814703878), ([[333, 943], [415, 943], [415, 1009], [333, 1009]], '/자`', 0.013288988310393974), ([[367.9973506193548, 626.0843686541932], [469.70329260176334, 643.1365479618001], [458.0026493806452, 696.9156313458068], [357.29670739823666, 679.8634520381999]], '자 ', 0.10473601006537839), ([[246.10116772343204, 826.0677069746514], [329.82839403898066, 852.5752814571381], [311.898832276568, 903.9322930253486], [228.17160596101934, 877.4247185428619]], '@싸', 0.015944533118453525), ([[175.40945502204, 839.015863409944], [355.6326772852454, 968.1811041615861], [300.59054497796, 1046.9841365900559], [119.36732271475464, 916.8188958384139]], "예코:%: '", 0.002344568449738897), ([[87.32045951601917, 941.0779759188824], [105.38636574293191, 924.0249837794242], [165.67954048398084, 989.9220240811176], [147.6136342570681, 1006.9750162205758]], '흙', 0.07402605293300812)]
[([[436, 28], [536, 28], [536, 108], [436, 108]], '"닭', 0.00333899889354506), ([[445, 93], [489, 93], [489, 141], [445, 141]], '팩', 0.12779258213824107), ([[307, 213], [341, 213], [341, 231], [307, 231]], '아맛!', 0.8562301222922934), ([[305, 235], [351, 235], [351, 253], [305, 253]], '거기는:', 0.40395358204841614), ([[539, 267], [609, 267], [609, 309], [539, 309]], '스훨0', 0.015357112101489798), ([[49, 605], [133, 605], [133, 643], [49, 643]], '아으으우', 0.2669331133365631), ([[495, 529], [629, 529], [629, 661], [495, 661]], '0!', 0.007535104200656283), ([[69, 819], [97, 819], [97, 835], [69, 835]], '아직', 0.9637484499346896), ([[69, 843], [113, 843], [113, 859], [69, 859]], '아니야', 0.9882948408178391), ([[195, 845], [249, 845], [249, 861], [195, 861]], '마무러도', 0.4965663254261017), ([[195, 869], [251, 869], [251, 885], [195, 885]], '좋으니까', 0.6448981761932373), ([[679, 909], [709, 909], [709, 925], [679, 925]], '하아', 0.9917375418397485), ([[595, 921], [627, 921], [627, 937], [595, 937]], '이제', 0.9975080928510183), ([[81, 915], [145, 915], [145, 1001], [81, 1001]], '뼈', 0.0029125901834704676), ([[595, 943], [649, 943], [649, 961], [595, 961]], '용서해쥐', 0.14720742404460907), ([[609.0557630317494, 232.08996776509676], [651.5616053747079, 222.2501169852634], [666.9442369682506, 293.9100322349032], [624.4383946252921, 304.7498830147366]], '꼴', 0.33090916776478707), ([[452.12641171019783, 302.03184042971014], [642.8624797332141, 365.1884883166028], [606.8735882898022, 462.96815957028986], [416.1375202667859, 399.8115116833972]], '|서', 0.04725788422721877)]
[([[207, 109], [251, 109], [251, 127], [207, 127]], '이거다', 0.9799254536628723), ([[75, 287], [121, 287], [121, 305], [75, 305]], '그건 나', 0.9673261667730378), ([[627, 319], [659, 319], [659, 335], [627, 335]], '아니', 0.9970860318553962), ([[437, 349], [483, 349], [483, 365], [437, 365]], '더 이상', 0.9979146659441246), ([[361, 557], [403, 557], [403, 573], [361, 573]], '다지막', 0.992234339174162), ([[251, 581], [295, 581], [295, 601], [251, 601]], '즐거라', 0.6462525725364685), ([[361, 581], [405, 581], [405, 595], [361, 595]], '씌스다', 0.34537831811141806), ([[433, 607], [471, 607], [471, 627], [433, 627]], "'잠깐]", 0.6833767890930176), ([[437, 631], [495, 631], [495, 649], [437, 649]], '양이 너무', 0.5279302419665676), ([[435, 655], [465, 655], [465, 673], [435, 673]], '끊아', 0.9904109523198177), ([[695, 795], [735, 795], [735, 815], [695, 815]], '안 태!', 0.6333418293962223), ([[609.0625747279902, 768.0630529871278], [708.8408164776398, 799.5156718963611], [689.9374252720098, 855.9369470128722], [589.1591835223602, 825.4843281036389]], '#왜', 0.018910056127702454), ([[664.489220850799, 901.1439484241548], [717.6430735193625, 865.0258883599053], [780.510779149201, 968.8560515758452], [728.3569264806375, 1004.9741116400947]], '흙', 0.6450662917361569)]
[([[225, 71], [305, 71], [305, 107], [225, 107]], '아아양', 0.23677118895299928), ([[18, 493], [131, 493], [131, 558], [18, 558]], '하으우', 0.4367164848637683), ([[506, 552], [552, 552], [552, 582], [506, 582]], '가히', 0.129693069627082), ([[683, 671], [767, 671], [767, 789], [683, 789]], '방8', 0.001047610565057049), ([[340, 874], [390, 874], [390, 930], [340, 930]], '뚜', 0.010262117421306949), ([[629.8945142344195, 138.0556909207525], [704.6347785605808, 101.0183309019518], [773.1054857655805, 258.9443090792475], [698.3652214394192, 295.9816690980482]], '틈', 0.10590942162271322)]
[([[597, 25], [661, 25], [661, 103], [597, 103]], '@@', 0.6493706783421084), ([[49, 325], [95, 325], [95, 365], [49, 365]], '@으', 0.1817244127967592), ([[76, 376], [100, 376], [100, 408], [76, 408]], '우', 0.532435166535894), ([[102, 610], [136, 610], [136, 634], [102, 634]], '6촌', 0.05753796688701399), ([[167, 621], [223, 621], [223, 659], [167, 659]], '하양', 0.5976673623071047), ([[449, 739], [555, 739], [555, 829], [449, 829]], '뼈요', 0.00287280506693156), ([[379, 789], [521, 789], [521, 925], [379, 925]], '4"', 0.040754134697436536), ([[387.73486505339724, 24.259919729608036], [513.1065110901021, -1.035445979201052], [525.2651349466028, 86.74008027039197], [398.89348890989794, 112.03544597920106]], '엿심@', 0.00042582037645859676), ([[136.1294751290389, 322.0291794226796], [322.8706022101933, 393.1703555681588], [279.8705248709611, 496.9708205773204], [93.1293977898067, 425.8296444318412]], "(모하>'", 0.0002987631746215438)]
[([[566, 332], [698, 332], [698, 404], [566, 404]], '(흐아이', 0.6477809548377991), ([[157.86862915010153, 487.0804040507107], [253.36878606796392, 506.88535846611836], [238.13137084989847, 572.9195959492894], [141.63121393203608, 554.1146415338817]], '이구', 0.20625420979469766)]
[([[627, 115], [655, 115], [655, 131], [627, 131]], '다음', 0.9978428477451122), ([[363, 325], [395, 325], [395, 345], [363, 345]], '시간', 0.9999780837091168), ([[365, 351], [423, 351], [423, 367], [365, 367]], '다 #어!?', 0.2993102182996184), ([[637, 401], [681, 401], [681, 417], [637, 417]], '사키야', 0.991501186364525), ([[637, 421], [683, 421], [683, 439], [637, 439]], '일어나!', 0.9121540784835815), ([[99, 695], [147, 695], [147, 711], [99, 711]], '사키 ~!?', 0.9196717461028895)]
