2060351
9
[([[909, 167], [1041, 167], [1041, 220], [909, 220]], '여기서', 0.9999121103342856), ([[1864, 175], [2012, 175], [2012, 243], [1864, 243]], '굉장해', 0.9971033526064423), ([[867, 237], [1083, 237], [1083, 312], [867, 312]], '하자고..? ', 0.6229559888587187), ([[1849, 251], [2059, 251], [2059, 317], [1849, 317]], '산이 보예', 0.9846071958348792), ([[883, 343], [1062, 343], [1062, 407], [883, 407]], '뭐 괜찮긴', 0.34968999188319394), ([[898, 412], [1021, 412], [1021, 469], [898, 469]], '하지만.', 0.9757987260818481), ([[135, 1422], [289, 1422], [289, 1473], [135, 1473]], '자 자~', 0.9996396031123316), ([[142, 1499], [285, 1499], [285, 1554], [142, 1554]], '씨내려', 0.24314822959292579), ([[99, 1580], [274, 1580], [274, 1633], [99, 1633]], '싸버려~', 0.5792030096054077)]
[([[201, 333], [312, 333], [312, 413], [201, 413]], '잔뜩', 0.9993910323617681), ([[156, 421], [359, 421], [359, 496], [156, 496]], '나용네~', 0.14792431581455054), ([[2061, 675], [2116, 675], [2116, 771], [2061, 771]], '거', 0.024288026718340072)]
[([[1465, 265], [1515, 265], [1515, 307], [1465, 307]], '아', 0.9996259562331176), ([[1441, 323], [1569, 323], [1569, 383], [1441, 383]], '아직도', 0.9998706779769035), ([[1421, 387], [1595, 387], [1595, 449], [1421, 449]], '단단하네', 0.9960580468177795), ([[165, 1333], [369, 1333], [369, 1399], [165, 1399]], '응? 당연히', 0.9168839829730926), ([[165, 1401], [372, 1401], [372, 1465], [165, 1465]], '넣어도 되지', 0.8948093504116049)]
[([[1139, 109], [1261, 109], [1261, 153], [1139, 153]], '제대로', 0.9999346160467404), ([[1119, 167], [1287, 167], [1287, 229], [1119, 229]], '끝까지만', 0.9735121130943298), ([[1145, 235], [1263, 235], [1263, 295], [1145, 295]], '넣어쥐', 0.538160995526786), ([[927, 275], [1079, 275], [1079, 335], [927, 335]], '나머지는', 0.7876899242401123), ([[921, 339], [1085, 339], [1085, 401], [921, 401]], '마음대로', 0.9998849630355835), ([[898, 412], [1110, 412], [1110, 460], [898, 460]], '해도 되니까', 0.8855989332211207), ([[2283, 689], [2395, 689], [2395, 950], [2283, 950]], '$', 0.11199858797903417)]
[([[1299, 1594], [1423, 1594], [1423, 1771], [1299, 1771]], '4', 0.2801086812485245), ([[79, 2192], [132, 2192], [132, 2256], [79, 2256]], '앗', 0.6088662626615502), ([[1653, 2004], [1791, 2004], [1791, 2292], [1653, 2292]], '뱀', 0.19620967520894794), ([[83, 2250], [121, 2250], [121, 2283], [83, 2283]], '~', 0.02965003093020635), ([[117, 2365], [249, 2365], [249, 2438], [117, 2438]], '하앗!', 0.2083311074824304), ([[112, 2447], [254, 2447], [254, 2516], [112, 2516]], '갑자기', 0.993758008329723), ([[90, 2525], [273, 2525], [273, 2598], [90, 2598]], '적렬해~', 0.3484114706516266), ([[521, 2466], [679, 2466], [679, 2756], [521, 2756]], '셈', 0.1341468839384783), ([[1919, 2644], [2080, 2644], [2080, 2843], [1919, 2843]], '~', 0.010169858615798832), ([[1254.9924855855315, 425.02115693565185], [1560.9917333306432, 512.1166724287889], [1497.0075144144685, 710.9788430643482], [1191.0082666693568, 622.8833275712111]], '=구', 0.20478211068001662), ([[1910.286093236459, 819.7152330911474], [2061.2515155848287, 778.1141070497005], [2078.713906763541, 863.2847669088526], [1927.7484844151713, 904.8858929502995]], '그룹', 0.1354001451827402), ([[325.4845326786925, 2324.0102235030517], [420.0436008372653, 2301.0419562706224], [488.5154673213075, 2601.9897764969483], [393.9563991627347, 2624.9580437293776]], '#', 0.015407347653374759)]
[]
[([[117, 756], [215, 756], [215, 805], [117, 805]], "'하아", 0.9923420081997634), ([[200, 1091], [303, 1091], [303, 1140], [200, 1140]], '하아', 0.9830595173579361), ([[1833, 1529], [2069, 1529], [2069, 1934], [1833, 1934]], '셈', 0.03733771893121318), ([[171, 2057], [246, 2057], [246, 2143], [171, 2143]], '앗', 0.3328788150589048), ([[1760, 2289], [1996, 2289], [1996, 2557], [1760, 2557]], '(맨', 0.0146625297656965), ([[1733, 2523], [1914, 2523], [1914, 2744], [1733, 2744]], '새', 0.038501450447761876), ([[199.04306493937207, 631.0574389967882], [294.78244971748296, 666.1470357815517], [269.9569350606279, 729.9425610032118], [174.21755028251707, 694.8529642184483]], '(흐야', 0.5799580046104128), ([[1732.1720950227739, 806.0214339395337], [1888.981362401651, 922.2279535071666], [1807.8279049772261, 1030.9785660604662], [1650.018637598349, 913.7720464928334]], "{새'", 0.1271467270281708), ([[1385.90447373189, 1422.0333692029951], [1506.5334385110496, 1369.065436544682], [1601.09552626811, 1621.9666307970049], [1480.4665614889504, 1673.934563455318]], '%', 0.01839022952844971), ([[115.11428862648386, 1866.065733797442], [212.87674225953992, 1893.790082475977], [196.88571137351613, 1944.934266202558], [99.12325774046009, 1917.209917524023]], '하아 ', 0.5646526869156606)]
[([[1244, 191], [1345, 191], [1345, 242], [1244, 242]], '하아', 0.9997021190710474), ([[1060, 290], [1142, 290], [1142, 341], [1060, 341]], '아-', 0.998818154141631), ([[1017, 356], [1182, 356], [1182, 431], [1017, 431]], '또 잔뜩', 0.9984900691231852), ([[969, 437], [1227, 437], [1227, 512], [969, 512]], '나오고 있어', 0.934517342485289), ([[1395, 1363], [1512, 1363], [1512, 1572], [1395, 1572]], '"', 0.15579031767107043), ([[435, 1859], [541, 1859], [541, 1938], [435, 1938]], '7의', 0.006626333378838469), ([[518, 1933], [595, 1933], [595, 2013], [518, 2013]], '7@', 0.10623538822543555), ([[1645.3516171456256, 1555.0123692153923], [1767.2945972807747, 1524.155569961585], [1839.6483828543744, 1850.9876307846077], [1718.7054027192253, 1880.844430038415]], '', 0.0)]
[([[1134, 390], [1459, 390], [1459, 467], [1134, 467]], '이런 상태라면', 0.98971575705116), ([[1141, 464], [1412, 464], [1412, 543], [1141, 543]], '금방 이차전', 0.7757908226617047), ([[1132, 540], [1428, 540], [1428, 618], [1132, 618]], '시작하 켓네~', 0.5214218720491), ([[266, 2291], [402, 2291], [402, 2370], [266, 2370]], '그치?', 0.9971841916028399), ([[260, 2377], [374, 2377], [374, 2439], [260, 2439]], '오빠', 0.9978155539653927)]
