2060188
61
[([[382, 8], [454, 8], [454, 32], [382, 32]], '87*', 0.7900193261126762), ([[492, 6], [550, 6], [550, 32], [492, 32]], '"스6 *', 0.012463199582769438), ([[315, 226], [541, 226], [541, 319], [315, 319]], '쇼비하@)', 0.003706946455038954), ([[324, 298], [549, 298], [549, 394], [324, 394]], '문국심다', 0.0010192751651629806)]
[]
[]
[]
[]
[]
[]
[]
[]
[]
[]
[]
[]
[]
[]
[]
[]
[]
[]
[]
[]
[]
[]
[]
[]
[]
[]
[]
[]
[([[124, 74], [300, 74], [300, 122], [124, 122]], '여자달의실', 0.7020634312129066), ([[748, 266], [828, 266], [828, 296], [748, 296]], '와아 9', 0.9750554720389325), ([[736, 292], [839, 292], [839, 329], [736, 329]], '허비키장', 0.6317350268363953), ([[760, 326], [816, 326], [816, 358], [760, 358]], '가슴', 0.9996710175526077), ([[75, 345], [119, 345], [119, 383], [75, 383]], '자 ,', 0.9591818717655122), ([[738, 354], [838, 354], [838, 386], [738, 386]], '부드러워', 0.9535239934921265), ([[48, 374], [143, 374], [143, 414], [48, 414]], '잠깐!?', 0.7393992922281323), ([[15, 633], [81, 633], [81, 739], [15, 739]], '틈', 0.9766404526019414), ([[56, 966], [134, 966], [134, 998], [56, 998]], '그만해', 0.9999644172933476), ([[46, 996], [144, 996], [144, 1026], [46, 1026]], '하루카!!', 0.8768582521608368), ([[713, 987], [755, 987], [755, 1063], [713, 1063]], '국', 0.20561557299748756), ([[554, 1080], [828, 1080], [828, 1137], [554, 1137]], '지서요항 {,형물치', 5.5740868892372127e-05), ([[672.1069609021405, 478.03327608868267], [756.7677356370654, 451.1309178654182], [808.8930390978595, 635.9667239113173], [725.2322643629346, 662.8690821345818]], '_', 0.1974772001150038), ([[664.0147185498714, 869.0486573537019], [740.2579703632988, 860.95181297799], [751.9852814501286, 989.9513426462981], [675.7420296367012, 998.04818702201]], '온', 0.028571970671137592)]
[([[32, 52], [66, 52], [66, 82], [32, 82]], '꽤 ,', 0.3974042383121281), ([[412, 36], [526, 36], [526, 66], [412, 66]], '안되다구~', 0.9771965562871193), ([[582, 56], [610, 56], [610, 80], [582, 80]], '그', 0.999992489828859), ([[648, 0], [724, 0], [724, 82], [648, 82]], '및', 0.031306696329025385), ([[756, 60], [824, 60], [824, 88], [756, 88]], '이답 9', 0.09051667898893356), ([[422, 62], [516, 62], [516, 92], [422, 92]], '허비키장', 0.5928042531013489), ([[12, 76], [88, 76], [88, 108], [12, 108]], '괜찮아', 0.9984522747172981), ([[418, 88], [518, 88], [518, 118], [418, 118]], '이런 것도', 0.9912987213103083), ([[556, 80], [652, 80], [652, 110], [556, 110]], '그만하래', 0.9998332262039185), ([[768, 86], [818, 86], [818, 116], [768, 116]], '총지', 0.2862132175352902), ([[22, 104], [74, 104], [74, 134], [22, 134]], '나는', 0.9918179244437868), ([[432, 114], [506, 114], [506, 144], [432, 144]], '착실히', 0.99229663025869), ([[574, 106], [624, 106], [624, 134], [574, 134]], '니깐', 0.6815661719856636), ([[736, 110], [844, 110], [844, 142], [736, 142]], '아니한가~', 0.9998375034198628), ([[14, 130], [70, 130], [70, 158], [14, 158]], '딱히.', 0.8931174461564785), ([[422, 140], [518, 140], [518, 170], [422, 170]], '공부하지', 0.999971330165863), ([[420, 166], [514, 166], [514, 198], [420, 198]], '암으면9', 0.824446976184845), ([[742, 382], [790, 382], [790, 412], [742, 412]], '정말', 0.9999818769032406), ([[702, 406], [830, 406], [830, 438], [702, 438]], '분위기 파악', 0.8594321092586495), ([[730, 432], [804, 432], [804, 464], [730, 464]], '못하네', 0.9996791423443034), ([[33, 443], [119, 443], [119, 481], [33, 481]], '얼굴은', 0.9985815721484185), ([[720, 460], [814, 460], [814, 488], [720, 488]], '그러니까', 0.9997230768203735), ([[9, 479], [145, 479], [145, 517], [9, 517]], '상관없잡아', 0.747415088762965), ([[692, 484], [839, 484], [839, 516], [692, 516]], '원가 험상국은', 0.8313247079860666), ([[25, 515], [131, 515], [131, 551], [25, 551]], '얼굴은!', 0.7010627388954163), ([[730, 512], [802, 512], [802, 542], [730, 542]], '얼굴이', 0.993493257014885), ([[693, 533], [839, 533], [839, 570], [693, 570]], '되는 거라구?', 0.8334913585292437), ([[768, 744], [796, 744], [796, 774], [768, 774]], '뭐', 0.999999046325911), ([[278, 770], [376, 770], [376, 802], [278, 802]], '꼼꼼하게', 0.9985116720199585), ([[758, 772], [808, 772], [808, 804], [758, 804]], '이건', 0.9922130915865237), ([[290, 798], [362, 798], [362, 828], [290, 828]], '알려출', 0.7531843997200357), ([[758, 802], [810, 802], [810, 832], [758, 832]], '내게', 0.9762750364809831), ([[284, 824], [374, 824], [374, 850], [284, 850]], '테니까 9', 0.41664875745015134), ([[757, 831], [809, 831], [809, 867], [757, 867]], '맡겨', 0.44284831731020535), ([[306, 848], [348, 848], [348, 880], [306, 880]], '응?', 0.9994910725964161), ([[290, 1060], [320, 1060], [320, 1086], [290, 1086]], '아', 0.9998964098102512)]
[([[0, 4], [134, 4], [134, 78], [0, 78]], '취나', 0.012132533657705656), ([[172, 46], [222, 46], [222, 74], [172, 74]], '어때', 0.9999457995830391), ([[150, 72], [244, 72], [244, 104], [150, 104]], '허비키장', 0.8622121214866638), ([[606, 74], [656, 74], [656, 100], [606, 100]], '하아', 0.9971805298915025), ([[170, 98], [222, 98], [222, 128], [170, 128]], '기분', 0.9996925947277071), ([[292, 94], [318, 94], [318, 124], [292, 124]], '응', 0.999727267743765), ([[336, 94], [366, 94], [366, 126], [336, 126]], '옷', 0.987225228302723), ([[164, 124], [232, 124], [232, 156], [164, 156]], '좋아?', 0.8930810424530077), ([[302, 122], [356, 122], [356, 150], [302, 150]], '하아', 0.9999657769305327), ([[491, 307], [579, 307], [579, 507], [491, 507]], '주', 0.37015605651744465), ([[798, 428], [824, 428], [824, 452], [798, 452]], '하', 0.999926926040505), ([[798, 452], [824, 452], [824, 480], [798, 480]], '아', 0.9997143949377119), ([[12, 478], [88, 478], [88, 530], [12, 530]], '옷!', 0.7408404867376068), ([[132, 456], [254, 456], [254, 556], [132, 556]], '대', 0.3471160669312354), ([[314, 522], [390, 522], [390, 572], [314, 572]], '학미', 0.015831122093001818), ([[360, 624], [416, 624], [416, 654], [360, 654]], '저기', 0.9999914863472156), ([[468, 644], [562, 644], [562, 672], [468, 672]], '정~말이지', 0.9995392117218503), ([[808, 618], [832, 618], [832, 672], [808, 672]], '후', 0.9680659163734617), ([[56, 670], [104, 670], [104, 702], [56, 702]], '에?', 0.999725129319934), ([[364, 654], [418, 654], [418, 686], [364, 686]], '유두', 0.9995642294012489), ([[474, 668], [556, 668], [556, 696], [474, 696]], '솔직하지', 0.999394416809082), ([[352, 684], [428, 684], [428, 716], [352, 716]], '비벼도', 0.48242166359061384), ([[474, 692], [558, 692], [558, 720], [474, 720]], '않다니깐', 0.3307819068431854), ([[355, 713], [429, 713], [429, 749], [355, 749]], '돌까?', 0.21484518602752503), ([[770, 972], [816, 972], [816, 996], [770, 996]], '화화', 0.9684558356810669), ([[478, 922], [600, 922], [600, 1082], [478, 1082]], '닭', 0.027260901053898445), ([[750, 994], [838, 994], [838, 1020], [750, 1020]], '유두 엄청', 0.6849391655654918), ([[750, 1018], [836, 1018], [836, 1042], [750, 1042]], '딱딱하게', 0.9989418983459473), ([[746, 1040], [842, 1040], [842, 1070], [746, 1070]], '굳엇는겉?', 0.4323116095640453), ([[58, 1078], [88, 1078], [88, 1110], [58, 1110]], '으', 0.9978831300244941), ([[48, 1106], [74, 1106], [74, 1140], [48, 1140]], '응', 0.9984828032339124), ([[479, 1059], [530, 1059], [530, 1192], [479, 1192]], '호', 0.0628879558629416), ([[304.2211233270709, 429.03037858650754], [376.99068781868715, 470.62192593176974], [315.7788766729291, 576.9696214134924], [244.00931218131285, 535.3780740682303]], '섯)', 0.024480260530875233), ([[168.64508374346858, 612.0767369425233], [243.64770309618, 563.0174927206699], [335.35491625653145, 723.9232630574767], [260.35229690382, 771.9825072793301]], '봄', 0.0014656803448454547), ([[264.0788768543895, 1038.0386345672348], [347.2460948081463, 1027.8525530856164], [361.9211231456105, 1178.9613654327652], [279.7539051918537, 1189.1474469143836]], '', 0.0), ([[672.8738149872571, 1081.048872353456], [854.0932251221224, 1111.2298945351629], [831.1261850127429, 1221.951127646544], [649.9067748778776, 1191.7701054648371]], '내요', 0.10780182983196099)]
[([[14, 70], [74, 70], [74, 100], [14, 100]], '하아', 0.9998891555878162), ([[90, 70], [116, 70], [116, 100], [90, 100]], '후', 0.999836093943717), ([[740, 74], [770, 74], [770, 106], [740, 106]], '응', 0.999666241842533), ([[790, 74], [820, 74], [820, 108], [790, 108]], '곳', 0.15477984424455826), ([[14, 98], [96, 98], [96, 130], [14, 130]], '아아양', 0.8493673958266893), ([[726, 102], [808, 102], [808, 134], [726, 134]], '하아앗', 0.7413747394841443), ([[715, 315], [829, 315], [829, 351], [715, 351]], '아  웃9', 0.22690256398664235), ([[10, 330], [94, 330], [94, 360], [10, 360]], '하루카 .', 0.7338787605553564), ([[702, 346], [824, 346], [824, 376], [702, 376]], '아9 하아.', 0.9530753499968349), ([[22, 358], [102, 358], [102, 390], [22, 390]], '앗 9응', 0.22955122590065002), ([[48, 388], [98, 388], [98, 412], [48, 412]], '아9', 0.7249715514024678), ([[746, 372], [800, 372], [800, 404], [746, 404]], '기분', 0.9998591481378435), ([[722, 402], [800, 402], [800, 432], [722, 432]], '좋아 ...', 0.29483880894094366), ([[439, 445], [455, 445], [455, 469], [439, 469]], '6', 0.5334877676489214), ([[357, 581], [399, 581], [399, 627], [357, 627]], '모', 0.08176230932946371), ([[54, 752], [132, 752], [132, 780], [54, 780]], '아아 9', 0.6171320080757141), ([[40, 780], [150, 780], [150, 812], [40, 812]], '유두 너무', 0.9805298297337707), ([[46, 808], [144, 808], [144, 840], [46, 840]], '민감해저', 0.9562860727310181), ([[58, 836], [110, 836], [110, 868], [58, 868]], '있어', 0.9859119040313762), ([[24, 1046], [80, 1046], [80, 1072], [24, 1072]], '아아', 0.9998025898691962), ([[12, 1100], [66, 1100], [66, 1132], [12, 1132]], '응으', 0.9464537693125639), ([[39, 1069], [91, 1069], [91, 1105], [39, 1105]], '으옷', 0.6276693613172911), ([[64, 1098], [92, 1098], [92, 1132], [64, 1132]], '후', 0.2870857704600702), ([[137, 973], [272, 973], [272, 1199], [137, 1199]], '국', 0.05223566193434537), ([[720, 1064], [823, 1064], [823, 1102], [720, 1102]], '히비키장', 0.6973382234573364), ([[740, 1096], [770, 1096], [770, 1128], [740, 1128]], '응', 0.999621665505984), ([[802, 1096], [830, 1096], [830, 1130], [802, 1130]], '옷', 0.8268109341487708), ([[29.88343054818315, 540.06253187883], [100.52057184253941, 513.1162830234938], [146.11656945181684, 648.93746812117], [75.47942815746059, 675.8837169765062]], '술', 0.11775733572518732), ([[689.6600263069804, 707.064273592596], [792.2120355165562, 675.6486421361994], [833.3399736930196, 838.935726407404], [730.7879644834438, 870.3513578638006]], '돈', 0.15100999995044972), ([[614.1264117101978, 1047.0318404297102], [708.8098260082365, 1036.0061119811737], [724.8735882898022, 1207.9681595702898], [629.1901739917635, 1217.9938880188263]], '국', 0.9186027887404293)]
[([[182, 32], [250, 32], [250, 62], [182, 62]], '아양 9', 0.43067964911460876), ([[728, 30], [826, 30], [826, 56], [728, 56]], '이거 화 9', 0.8864629507622249), ([[182, 58], [252, 58], [252, 84], [182, 84]], '대단해', 0.9997229824415249), ([[723, 53], [832, 53], [832, 86], [723, 86]], '허비키장의', 0.7701323666243622), ([[172, 82], [264, 82], [264, 112], [172, 112]], '손가락이', 0.997279167175293), ([[316, 76], [346, 76], [346, 106], [316, 106]], '흐', 0.9333754250221773), ([[756, 80], [800, 80], [800, 104], [756, 104]], '보지', 0.9980699674287481), ([[194, 108], [240, 108], [240, 136], [194, 136]], '점점', 0.9999833941820702), ([[326, 104], [358, 104], [358, 132], [326, 132]], '아', 0.9998062942858645), ([[754, 104], [802, 104], [802, 134], [754, 134]], '벌써', 0.9999609722413452), ([[160, 132], [236, 132], [236, 162], [160, 162]], '들어갖.', 0.9476420879364014), ([[714, 128], [842, 128], [842, 160], [714, 160]], '질적질적하게', 0.5551649856708482), ([[736, 154], [822, 154], [822, 186], [736, 186]], '맺다구?', 0.8118955492973328), ([[315, 221], [331, 221], [331, 249], [315, 249]], '6', 0.9786193446837252), ([[16, 282], [64, 282], [64, 406], [16, 406]], '양', 0.7272479342908724), ([[194, 484], [234, 484], [234, 512], [194, 512]], '음~', 0.999745863962788), ([[200, 510], [250, 510], [250, 536], [200, 536]], '야한', 0.9995855530508262), ([[192, 534], [260, 534], [260, 560], [192, 560]], '소리가', 0.9998662924112568), ([[178, 560], [248, 560], [248, 586], [178, 586]], '나오네', 0.9981478452682495), ([[726, 660], [756, 660], [756, 686], [726, 686]], '하', 0.9999365816634622), ([[708, 684], [780, 684], [780, 712], [708, 712]], '하루카', 0.9993640105137914), ([[285, 605], [421, 605], [421, 815], [285, 815]], '7', 0.9958045472310495), ([[669, 707], [763, 707], [763, 769], [669, 769]], '거낱않되', 0.047387439757585526), ([[722, 710], [810, 710], [810, 740], [722, 740]], '안돼.. 웃', 0.4364137233875194), ([[10, 776], [60, 776], [60, 834], [10, 834]], '울옷', 0.7615585748182246), ([[195, 765], [231, 765], [231, 809], [195, 809]], "'", 0.10986197727959635), ([[364, 782], [412, 782], [412, 840], [364, 840]], '안', 0.14657030500019008), ([[633, 801], [649, 801], [649, 829], [633, 829]], '6', 0.9699998274811605), ([[22, 960], [54, 960], [54, 988], [22, 988]], '으,', 0.9132418616280443), ([[310, 970], [398, 970], [398, 998], [310, 998]], '허비키장', 0.3740974962711334), ([[16, 984], [60, 984], [60, 1014], [16, 1014]], '으응', 0.9999468953838798), ([[306, 994], [404, 994], [404, 1024], [306, 1024]], '내 클리도', 0.5318812665593033), ([[300, 1020], [370, 1020], [370, 1050], [300, 1050]], '만져쥐 .', 0.4391146387528436), ([[26, 1056], [408, 1056], [408, 1200], [26, 1200]], '조', 0.162425764555568), ([[45.78638120644792, 192.03349983670734], [191.26619747650966, 128.11703061745365], [300.2136187935521, 416.96650016329266], [154.73380252349034, 480.8829693825464]], '=', 0.2962485612463297), ([[680.4030548573301, 241.01620937487232], [760.759458888017, 225.14162514823798], [802.5969451426699, 446.98379062512765], [722.240541111983, 462.85837485176205]], '조', 0.6412095629659831), ([[213.34480878264836, 651.0238803222826], [278.95568998571775, 691.7920317430915], [207.65519121735164, 805.9761196777174], [142.04431001428225, 764.2079682569085]], '다', 0.008488532339455068), ([[421.5281029940537, 1000.0159243119953], [471.4062906505322, 988.0118008108461], [511.4718970059463, 1161.9840756880049], [461.5937093494678, 1173.9881991891539]], '축', 0.02684609313231423)]
[([[777, 1], [813, 1], [813, 73], [777, 73]], '응', 0.9823788378418072), ([[348, 72], [376, 72], [376, 98], [348, 98]], '아', 0.9998008111971934), ([[338, 96], [408, 96], [408, 128], [338, 128]], '중앙 9', 0.2069607377052307), ([[326, 146], [398, 146], [398, 178], [326, 178]], '좋아앗', 0.6476044749619964), ([[348, 122], [394, 122], [394, 150], [348, 150]], '기분', 0.9995541154638437), ([[763, 75], [828, 75], [828, 192], [763, 192]], '양', 0.9894698587416464), ([[27, 257], [89, 257], [89, 333], [27, 333]], '모', 0.014567765599622862), ([[74, 376], [104, 376], [104, 416], [74, 416]], '"', 0.26347071149763224), ([[44, 692], [126, 692], [126, 766], [44, 766]], '2', 0.5907592256547254), ([[750, 718], [798, 718], [798, 742], [750, 742]], '아아', 0.9997974482548769), ([[717, 739], [826, 739], [826, 771], [717, 771]], '허비키장 9', 0.5153576874747403), ([[720, 766], [828, 766], [828, 794], [720, 794]], '좀 더 보지', 0.8292373762698458), ([[728, 792], [818, 792], [818, 822], [728, 822]], '질학질객', 0.06358710676431656), ([[750, 818], [796, 818], [796, 842], [750, 842]], '해쥐', 0.9824800055012028), ([[779, 1019], [799, 1019], [799, 1043], [779, 1043]], '으', 0.8805496470012173), ([[19, 1025], [39, 1025], [39, 1079], [19, 1079]], '옷', 0.5330687783819918), ([[421, 1041], [441, 1041], [441, 1069], [421, 1069]], '응', 0.9994517124434878), ([[779, 1043], [799, 1043], [799, 1071], [779, 1071]], '응', 0.9992822504956536), ([[801, 1019], [821, 1019], [821, 1073], [801, 1073]], '옷', 0.9443605429467574), ([[402, 1064], [466, 1064], [466, 1090], [402, 1090]], '하루카', 0.9983324065108974), ([[300, 979], [390, 979], [390, 1200], [300, 1200]], '줄', 0.15633881708006303), ([[467, 1101], [555, 1101], [555, 1199], [467, 1199]], '동', 0.02769415753819815), ([[715, 1097], [845, 1097], [845, 1200], [715, 1200]], '닭', 0.3081681311425797), ([[743.5244746689496, 210.01257124314583], [814.1524202958574, 203.26117359881883], [831.4755253310504, 416.9874287568542], [759.8475797041426, 423.73882640118114]], '~', 0.034214305664193034)]
[([[258, 38], [282, 38], [282, 66], [258, 66]], '못', 0.09863840256536438), ([[466, 50], [514, 50], [514, 76], [466, 76]], '아아', 0.9999170560096762), ([[538, 50], [580, 50], [580, 76], [538, 76]], '웃9', 0.7074988186120779), ([[258, 62], [302, 62], [302, 86], [258, 86]], '아이', 0.24873710467412252), ([[250, 84], [312, 84], [312, 108], [250, 108]], '허리가', 0.9999256688134786), ([[466, 72], [584, 72], [584, 100], [466, 100]], '히비키장이랑', 0.27306583138669666), ([[488, 96], [560, 96], [560, 120], [488, 120]], '내 보지', 0.8267822293810062), ([[248, 108], [308, 108], [308, 134], [248, 134]], '멋대로', 0.9975842027563797), ([[484, 120], [566, 120], [566, 146], [484, 146]], '뒤엌혀서', 0.4770430624485016), ([[250, 130], [310, 130], [310, 158], [250, 158]], '움직엿', 0.9061034732180286), ([[502, 142], [544, 142], [544, 168], [502, 168]], '기분', 0.9998993548092446), ([[281, 153], [301, 153], [301, 179], [281, 179]], '옷', 0.7792014269483651), ([[482, 164], [528, 164], [528, 192], [482, 192]], '좋아', 0.817148833914904), ([[718, 416], [814, 416], [814, 596], [718, 596]], '7', 0.7410927504582823), ([[24, 634], [54, 634], [54, 716], [24, 716]], '닭', 0.07464229766043218), ([[332, 688], [362, 688], [362, 718], [332, 718]], '후', 0.9999434955949624), ([[339, 661], [413, 661], [413, 721], [339, 721]], '종아', 0.1828241540151803), ([[430, 688], [478, 688], [478, 718], [430, 718]], '종 .', 0.4244076740350095), ([[439, 661], [511, 661], [511, 723], [439, 723]], '양아', 0.0609936958717371), ([[790, 640], [820, 640], [820, 740], [790, 740]], '양', 0.11474054166911074), ([[24, 748], [54, 748], [54, 780], [24, 780]], '옛', 0.5014676843910735), ([[342, 772], [420, 772], [420, 894], [342, 894]], '쥐', 0.9641343533077276), ([[152, 938], [180, 938], [180, 962], [152, 962]], '하', 0.9999662640555904), ([[296, 948], [322, 948], [322, 976], [296, 976]], '잇', 0.3183082378514115), ([[772, 950], [822, 950], [822, 982], [772, 982]], '아옷', 0.703101608856501), ([[152, 964], [178, 964], [178, 992], [152, 992]], '양', 0.9191684364323152), ([[-22.14250712644999, 392.0343817009302], [101.63509640892691, 326.0106173730853], [227.14250712645, 595.9656182990698], [102.36490359107309, 662.9893826269147]], '종', 0.056613507018377085), ([[428.7294905600798, 781.0736188166862], [504.88531739592605, 743.0356845581464], [567.2705094399203, 888.9263811833138], [490.11468260407395, 925.9643154418536]], '도', 0.004541118188683413), ([[351.9950460742126, 1085.0460022089173], [479.5234126847174, 1125.7972222263904], [448.0049539257874, 1215.9539977910827], [320.4765873152826, 1174.2027777736096]], '연물', 0.03268603947160326)]
[([[56, 102], [140, 102], [140, 134], [56, 134]], '하루카', 0.9988465735199815), ([[70, 72], [128, 72], [128, 102], [70, 102]], '아아', 0.9998490333265065), ([[243, 0], [375, 0], [375, 137], [243, 137]], '재', 0.01327022588162663), ([[513, 7], [649, 7], [649, 153], [513, 153]], '댁', 0.09242485485687268), ([[53, 131], [143, 131], [143, 167], [53, 167]], '나 더는', 0.9970520252913072), ([[56, 159], [139, 159], [139, 197], [56, 197]], '안돼앗', 0.7966596569434998), ([[33, 191], [137, 191], [137, 227], [33, 227]], '가버려엇', 0.9496567845344543), ([[716, 400], [766, 400], [766, 432], [716, 432]], '아옷', 0.6071022895671228), ([[715, 423], [769, 423], [769, 459], [715, 459]], '아옷', 0.2927808123001122), ([[706, 452], [780, 452], [780, 484], [706, 484]], '응아아', 0.984953614313361), ([[429, 663], [515, 663], [515, 699], [429, 699]], '하아양', 0.5083691246829806), ([[561, 617], [778, 617], [778, 731], [561, 731]], '구육', 0.03811889098550493), ([[243, 593], [423, 593], [423, 840], [243, 840]], '꼴', 0.025839978571614353), ([[456, 724], [512, 724], [512, 756], [456, 756]], '기분', 0.9998245050334752), ([[460, 694], [512, 694], [512, 724], [460, 724]], '보지', 0.9996839975556561), ([[443, 753], [527, 753], [527, 789], [443, 789]], '좋아앗', 0.3532836139202118), ([[39, 1001], [145, 1001], [145, 1037], [39, 1037]], '허비키장', 0.8655965924263), ([[709, 911], [845, 911], [845, 1049], [709, 1049]], '7"', 0.8877003998885302), ([[27, 1091], [131, 1091], [131, 1127], [27, 1127]], '가버려엇', 0.9396306872367859), ([[60, 1034], [118, 1034], [118, 1064], [60, 1064]], '나도', 0.9999900533582403), ([[64, 1060], [118, 1060], [118, 1092], [64, 1092]], '나도', 0.9999978083645809), ([[340, 890], [686, 890], [686, 1200], [340, 1200]], '활다', 0.004746198754243849), ([[186, 1148], [315, 1148], [315, 1200], [186, 1200]], '범고글', 0.011461610941511036), ([[220.11403204668156, 317.0157037164203], [521.7614911557216, 455.5549229696387], [428.8859679533184, 648.9842962835796], [127.23850884427844, 510.4450770303613]], "'7방", 0.008620867707275265), ([[478.914249429668, 519.0740208365764], [608.709840175016, 543.8649673361494], [594.085750570332, 607.9259791634236], [463.29015982498396, 584.1350326638506]], '애외', 0.002401648755303592)]
[([[741, 7], [827, 7], [827, 75], [741, 75]], '가', 0.9997937785619939), ([[748, 80], [800, 80], [800, 134], [748, 134]], '이', 0.6523817584504208), ([[413, 319], [481, 319], [481, 561], [413, 561]], '%', 0.011708453824161913), ([[100, 559], [775, 559], [775, 811], [100, 811]], '8 _', 0.21503812660766622), ([[26, 898], [68, 898], [68, 928], [26, 928]], '응?', 0.9997261407630046), ([[186, 890], [262, 890], [262, 920], [186, 920]], '하루카', 0.9986410263235287), ([[306, 898], [352, 898], [352, 924], [306, 924]], '어디', 0.9999571790704471), ([[604, 886], [662, 886], [662, 910], [604, 910]], '저기~', 0.8370852470397949), ([[591, 907], [674, 907], [674, 936], [591, 936]], '허비키장', 0.6753857731819153), ([[294, 924], [366, 924], [366, 954], [294, 954]], '들려다', 0.32811887305672793), ([[296, 950], [364, 950], [364, 976], [296, 976]], '가자 ~', 0.9247487287715098), ([[581, 956], [683, 956], [683, 982], [581, 982]], '배고파적어', 0.44368490647108966)]
[([[760, 36], [822, 36], [822, 62], [760, 62]], '고민해', 0.999949688717797), ([[18, 60], [78, 60], [78, 86], [18, 86]], '이대로', 0.9999044019713106), ([[240, 50], [306, 50], [306, 76], [240, 76]], '갑자기', 0.6534736752510071), ([[351, 61], [415, 61], [415, 97], [351, 97]], '뭐!?', 0.8132685628679668), ([[758, 60], [824, 60], [824, 88], [758, 88]], '빚는데', 0.10058902030506527), ([[18, 84], [82, 84], [82, 110], [18, 110]], '괜찮아', 0.9985280362715222), ([[248, 70], [297, 70], [297, 101], [248, 101]], '무슨', 0.9998331868490021), ([[734, 84], [796, 84], [796, 108], [734, 108]], '이대로', 0.9998644149661491), ([[802, 84], [845, 84], [845, 108], [802, 108]], '내가', 0.9998207120142049), ([[28, 108], [70, 108], [70, 132], [28, 132]], '내권', 0.39464494899771446), ([[226, 96], [318, 96], [318, 124], [226, 124]], '얘길 하는', 0.5357213714035325), ([[748, 106], [832, 106], [832, 134], [748, 134]], '하루카을', 0.3432382345199585), ([[10, 130], [90, 130], [90, 156], [10, 156]], '히비키장', 0.42984363436698914), ([[244, 120], [300, 120], [300, 146], [244, 146]], '거야?', 0.8924186825752258), ([[750, 128], [830, 128], [830, 156], [750, 156]], '독점해도', 0.9982861876487732), ([[10, 152], [92, 152], [92, 180], [10, 180]], '뿐이니까', 0.9648122191429138), ([[784, 152], [842, 152], [842, 178], [784, 178]], '걸까?', 0.9530559691071736), ([[742, 342], [786, 342], [786, 366], [742, 366]], '역시', 0.9999406577530219), ([[718, 364], [810, 364], [810, 392], [718, 392]], '제대로 된', 0.7748407102742596), ([[722, 388], [786, 388], [786, 418], [722, 418]], '상대틀', 0.11180897044744381), ([[333, 541], [405, 541], [405, 585], [333, 585]], '응  ', 0.3152678866133256), ([[448, 556], [528, 556], [528, 582], [448, 582]], '그렇다면', 0.9996310472488403), ([[755, 557], [841, 557], [841, 595], [755, 595]], '그렇구나', 0.9902101755142212), ([[13, 567], [105, 567], [105, 605], [13, 605]], '바라는', 0.9567774868708292), ([[454, 578], [520, 578], [520, 604], [454, 604]], '마음껏', 0.9999443891907138), ([[24, 606], [96, 606], [96, 638], [24, 638]], '바야!', 0.9791345895083199), ([[436, 600], [538, 600], [538, 628], [436, 628]], '독점하도록', 0.9980990533463179), ([[466, 624], [510, 624], [510, 650], [466, 650]], '활게', 0.38964740551828325), ([[602, 1042], [678, 1042], [678, 1068], [602, 1068]], '자 그럼', 0.9998378766111179), ([[249, 1055], [269, 1055], [269, 1079], [249, 1079]], '응', 0.9998704237000346), ([[582, 1064], [716, 1064], [716, 1090], [582, 1090]], '기분도 좋짓다', 0.478106906538526), ([[238, 1078], [298, 1078], [298, 1102], [238, 1102]], '어디로', 0.9999893320527347), ([[596, 1086], [706, 1086], [706, 1116], [596, 1116]], '어디 들젓다', 0.23832181147005294), ([[240, 1100], [296, 1100], [296, 1126], [240, 1126]], '갈래?', 0.9421004056930542), ([[616, 1110], [682, 1110], [682, 1134], [616, 1134]], '가보자', 0.9999443891907138), ([[55, 1139], [153, 1139], [153, 1181], [55, 1181]], ':)-', 0.026601924460884965), ([[738.9580569325292, 149.18675371782888], [783.7673229649039, 154.8415857356216], [780.0419430674708, 181.81324628217112], [735.2326770350961, 175.1584142643784]], '되는', 0.9047395679490796), ([[514.0659233258693, 303.02728887236594], [686.7758927792735, 384.33144102241147], [626.9340766741307, 505.97271112763406], [454.2241072207266, 423.66855897758853]], '(', 0.02746744528107059)]
[]
[]
[]
[]
[]
[]
[]
[]
[]
[]
[([[581.4199852094342, 491.08595119113306], [610.9127031421027, 514.4155629288019], [601.5800147905658, 527.9140488088669], [571.0872968578973, 504.58443707119807]], "'2503", 0.12470900073895161)]
[]
[]
[]
[]
[]
[]
[]
[]
[]
[]
[]
