2062890
8
[([[140, 82], [220, 82], [220, 378], [140, 378]], '출', 0.4487735168396547), ([[124, 370], [242, 370], [242, 446], [124, 446]], '2. 5', 0.5171436071395874), ([[769, 1250], [996, 1250], [996, 1412], [769, 1412]], '@', 0.9999654296048135)]
[([[780, 192], [860, 192], [860, 222], [780, 222]], '내 안에', 0.9949890524297177), ([[802, 218], [874, 218], [874, 248], [802, 248]], '원가가', 0.9985711814789981), ([[770, 244], [868, 244], [868, 274], [770, 274]], '살고 있다', 0.9971566953969937), ([[308, 592], [376, 592], [376, 624], [308, 624]], '그것은', 0.996939269343524), ([[124, 622], [180, 622], [180, 654], [124, 654]], "'나흘", 0.46697378158569336), ([[316, 618], [370, 618], [370, 650], [316, 650]], '항상', 0.99654080631065), ([[116, 646], [189, 646], [189, 682], [116, 682]], '비집어', 0.9981118045073761), ([[306, 644], [378, 644], [378, 676], [306, 676]], '갑자기', 0.8110184073448181), ([[124, 674], [180, 674], [180, 706], [124, 706]], "연다'", 0.9965305560756702), ([[308, 670], [378, 670], [378, 702], [308, 702]], '날뛰며', 0.7711959404121099), ([[343, 783], [361, 783], [361, 813], [343, 813]], '~', 0.25586771728342583)]
[([[108, 108], [170, 108], [170, 140], [108, 140]], '요즘은', 0.6205904483795166), ([[116, 132], [162, 132], [162, 158], [116, 158]], '학교', 0.9999824669560387), ([[818, 128], [902, 128], [902, 158], [818, 158]], '처음에는', 0.6576475023498026), ([[106, 158], [170, 158], [170, 184], [106, 184]], '에서도', 0.9979060711581225), ([[814, 152], [906, 152], [906, 182], [814, 182]], '밤에 집에', 0.8409741234904471), ([[816, 176], [906, 176], [906, 208], [816, 208]], '있을 때만', 0.5825180609307723), ([[818, 200], [904, 200], [904, 230], [818, 230]], '그랫는데', 0.1961031856857238), ([[638, 776], [724, 776], [724, 804], [638, 804]], '이상하게', 0.9995421767234802), ([[652, 802], [714, 802], [714, 832], [652, 832]], '공포는', 0.9813361343311554), ([[660, 826], [706, 826], [706, 856], [660, 856]], '없고', 0.9963455511849105), ([[75, 901], [95, 901], [95, 923], [75, 923]], '0', 0.960513127415652), ([[74, 1184], [124, 1184], [124, 1210], [74, 1210]], '무척:', 0.3681357800960541), ([[82, 1210], [126, 1210], [126, 1240], [82, 1240]], '기분', 0.999658964736834), ([[82, 1234], [126, 1234], [126, 1264], [82, 1264]], '좋다', 0.9953114386245617)]
[([[660, 270], [714, 270], [714, 332], [660, 332]], '(5', 0.05421544183401936), ([[62, 438], [116, 438], [116, 538], [62, 538]], '리', 0.10315311840486263), ([[52, 1000], [102, 1000], [102, 1126], [52, 1126]], '흙', 0.007537793716967167), ([[102.44171527409158, 219.03126593941502], [145.29128970190118, 213.16962000399928], [158.55828472590844, 317.968734060585], [115.70871029809882, 323.8303799960007]], '문', 0.016418202890292832), ([[898.4913427360585, 995.0324733412566], [927.7756878283348, 991.0759321625419], [938.5086572639415, 1080.9675266587435], [909.2243121716652, 1084.924067837458]], '물', 0.036522855544504296)]
[([[795, 53], [855, 53], [855, 157], [795, 157]], '뿐', 0.03380377228823428), ([[52, 218], [120, 218], [120, 244], [52, 244]], '눕"~', 0.08484564476489752), ([[166, 554], [194, 554], [194, 590], [166, 590]], '5', 0.046616009601008424), ([[84, 644], [144, 644], [144, 672], [84, 672]], '점점: ', 0.6698625683784485), ([[66, 668], [164, 668], [164, 696], [66, 696]], '겨렬해지고', 0.34213049609495333), ([[84, 692], [130, 692], [130, 724], [84, 724]], '있엇:', 0.9160121430937087), ([[268.3756770666054, 124.06568221304549], [349.9966837077054, 148.85897959022563], [340.6243229333946, 176.9343177869545], [259.0033162922946, 153.14102040977437]], '럿,변~', 0.00038123648846521974)]
[([[58, 138], [286, 138], [286, 214], [58, 214]], '당동 냉동', 0.327919916348137), ([[140, 476], [206, 476], [206, 504], [140, 504]], '수업: ', 0.6705114841461182), ([[138, 500], [212, 500], [212, 532], [138, 532]], '땅멩이', 0.6361977543488389), ([[128, 528], [220, 528], [220, 558], [128, 558]], '처버로다', 0.29132110184407906), ([[899, 1219], [937, 1219], [937, 1293], [899, 1293]], '넷', 0.0114016310861636)]
[([[106, 58], [276, 58], [276, 334], [106, 334]], '품', 0.837904723769217), ([[217, 291], [261, 291], [261, 389], [217, 389]], '0', 0.1148742390802262), ([[631, 547], [691, 547], [691, 653], [631, 653]], '춤', 0.018300008659331235), ([[70, 664], [150, 664], [150, 752], [70, 752]], '문교', 0.01886268988365058), ([[258, 654], [308, 654], [308, 744], [258, 744]], '탑', 0.02813494872791389), ([[816, 832], [872, 832], [872, 856], [816, 856]], '나-', 0.9841624596830486), ([[814, 856], [884, 856], [884, 888], [814, 888]], '어떻게', 0.5822306274645538), ([[814, 882], [884, 882], [884, 914], [814, 914]], '돼버린', 0.9801366073530702), ([[824, 908], [876, 908], [876, 940], [824, 940]], '걸까', 0.7910804251179567), ([[106, 1066], [180, 1066], [180, 1094], [106, 1094]], '근데 뭐', 0.9999823003925323), ([[98, 1092], [192, 1092], [192, 1124], [98, 1124]], '상관없나', 0.9995529651641846)]
[([[826, 200], [874, 200], [874, 226], [826, 226]], '이제', 0.9999524586858817), ([[796, 224], [904, 224], [904, 256], [796, 256]], '여름방학이', 0.9998416618357765), ([[796, 250], [904, 250], [904, 280], [796, 280]], '시작되니까', 0.9942203355813706)]
