2063649
41
[([[10, 0], [114, 0], [114, 54], [10, 54]], '7-', 0.020681259318398235), ([[0, 38], [349, 38], [349, 189], [0, 189]], '세째-', 0.000581949901238794), ([[30, 194], [70, 194], [70, 224], [30, 224]], '본편', 0.9997601085668422), ([[15, 221], [201, 221], [201, 263], [15, 263]], "'한 밤중의 장난질_", 0.507289603708691), ([[30, 276], [86, 276], [86, 306], [30, 306]], '오마켓', 0.36788293065264355), ([[23, 301], [149, 301], [149, 339], [23, 339]], '컬러 일러스트', 0.9010492025537109), ([[507, 421], [577, 421], [577, 441], [507, 441]], '켜*어긋.+', 0.0003026901337152376), ([[-0.062148221655218494, 371.114118180386], [63.529047715842694, 382.8815744554929], [55.06214822165522, 426.885881819614], [-7.529047715842696, 416.1184255445071]], '[)', 0.03302243006697801), ([[52.98022872943999, 383.105097901312], [123.7817578552567, 399.5389073220049], [113.01977127056, 440.894902098688], [42.21824214474331, 424.4610926779951]], "'7시옛'", 0.002918693930989786), ([[109.1401328392153, 420.19427896235214], [152.95758125050574, 427.5902736917546], [149.8598671607847, 444.80572103764786], [106.04241874949426, 437.4097263082454]], '18023', 0.0397178387809718)]
[([[0, 31], [79, 31], [79, 119], [0, 119]], '해', 0.9999545817763966), ([[14, 118], [86, 118], [86, 216], [14, 216]], '줄', 0.946060760412454), ([[310, 14], [385, 14], [385, 248], [310, 248]], '셈', 0.0059546764175167355), ([[16, 238], [92, 238], [92, 312], [16, 312]], '떼', 0.5380389567685064)]
[([[22, 108], [277, 108], [277, 715], [22, 715]], '돌', 0.1084987663953152), ([[662, 0], [884, 0], [884, 466], [662, 466]], '도', 0.0074930675929412716), ([[14, 938], [280, 938], [280, 1182], [14, 1182]], '9', 0.9989106047414431)]
[]
[]
[]
[]
[]
[([[240, 128], [314, 128], [314, 154], [240, 154]], '지금 모두들', 0.9833996005053083), ([[230, 150], [326, 150], [326, 176], [230, 176]], '보고 있는거야?', 0.6066806473267309), ([[452, 142], [534, 142], [534, 172], [452, 172]], '오늘 밤에는', 0.3621897578699249), ([[254, 174], [300, 174], [300, 200], [254, 200]], '정말로', 0.9999151386219184), ([[462, 168], [532, 168], [532, 196], [462, 196]], '바로 이곳', 0.8825126058884701), ([[240, 196], [320, 196], [320, 226], [240, 226]], '와버로다구?', 0.4313756879586899), ([[406, 192], [532, 192], [532, 218], [406, 218]], '카춧라기 씨 댁에서', 0.8749885672865186), ([[430, 216], [532, 216], [532, 244], [430, 244]], '보내드컵니다~', 0.5711312325946128), ([[642, 228], [696, 228], [696, 258], [642, 258]], '여러분;', 0.5295600891113281), ([[626, 256], [714, 256], [714, 286], [626, 286]], '안녕하세요', 0.9820729467037554), ([[102, 284], [166, 284], [166, 312], [102, 312]], '야 저기', 0.9961534102665343), ([[96, 310], [168, 310], [168, 340], [96, 340]], '너네 둘 ', 0.7310826738451097), ([[94, 590], [188, 590], [188, 616], [94, 616]], '라여 이제와서', 0.12353912994854083), ([[452, 594], [530, 594], [530, 622], [452, 622]], '역시 관두지', 0.989674674025785), ([[94, 612], [170, 612], [170, 642], [94, 642]], '착한 척하는', 0.8380203047541064), ([[440, 618], [544, 618], [544, 650], [440, 650]], '않울래? 이런건', 0.46595129047483047), ([[94, 638], [158, 638], [158, 664], [94, 664]], '이카리 군', 0.9402836796740773), ([[452, 644], [536, 644], [536, 674], [452, 674]], '쫓지 않다고', 0.6867114051641691), ([[94, 662], [166, 662], [166, 690], [94, 690]], '입니다만"', 0.9888704999531444), ([[380, 772], [446, 772], [446, 800], [380, 800]], '보다시피', 0.9997372627258301), ([[86, 798], [148, 798], [148, 824], [86, 824]], '3으으~', 0.19826580584049225), ([[388, 798], [440, 798], [440, 828], [388, 828]], '탁월하', 0.48514347170039596), ([[74, 824], [162, 824], [162, 854], [74, 854]], '이런 어른의', 0.9963989868892505), ([[354, 822], [472, 822], [472, 852], [354, 852]], '선택이없습니다:', 0.27236884121333493), ([[84, 850], [150, 850], [150, 876], [84, 876]], '미녀하고', 0.7667629718780518), ([[364, 846], [466, 846], [466, 878], [364, 878]], '과연 믿음직한', 0.9606769182983406), ([[76, 874], [160, 874], [160, 906], [76, 906]], '동거하다니', 0.93069925747692), ([[374, 872], [454, 872], [454, 902], [374, 902]], '나의 친위', 0.9613598267210364), ([[64, 898], [172, 898], [172, 930], [64, 930]], '너무 부럽잡아', 0.7863252471689764)]
[([[634, 180], [766, 180], [766, 212], [634, 212]], '전날 남지들끼리의', 0.7530176886860368), ([[644, 206], [758, 206], [758, 236], [644, 236]], '한심한 대회중에', 0.9470333880561723), ([[656, 232], [742, 232], [742, 262], [656, 262]], '화제에 오른', 0.98549382844727), ([[634, 254], [773, 254], [773, 290], [634, 290]], "'이카리의 보호자인", 0.9705680052181774), ([[630, 284], [748, 284], [748, 316], [630, 316]], '누남의 자난 모습', 0.29252277083301975), ([[654, 312], [744, 312], [744, 342], [654, 342]], '몰래 카메라', 0.687872961468633), ([[154, 508], [296, 508], [296, 540], [154, 540]], '하지만 꿈은 꿈으로', 0.8839783065655823), ([[170, 538], [282, 538], [282, 570], [170, 570]], '끝나지 않는다', 0.19982373576592488), ([[146, 562], [305, 562], [305, 600], [146, 600]], '저희들의 도전 정신은', 0.8792059140921187), ([[145, 591], [307, 591], [307, 627], [145, 627]], '드디어 군계 잠긴 문을', 0.5712826199035069), ([[174, 622], [280, 622], [280, 654], [174, 654]], '열어 젖하는데', 0.6074677802567978), ([[720, 618], [772, 618], [772, 644], [720, 644]], '[_', 0.135615550506834), ([[867, 611], [883, 611], [883, 639], [867, 639]], '8', 0.20507467369867882), ([[145, 646], [307, 646], [307, 683], [145, 683]], '드이어 성공하습니다', 0.540743351739591), ([[865, 639], [883, 639], [883, 679], [865, 679]], '=', 0.07871009348542035), ([[654, 678], [708, 678], [708, 704], [654, 704]], '[개!', 0.015564075919760017), ([[746, 643], [774, 643], [774, 753], [746, 753]], '틀', 0.3488920223849732), ([[845, 655], [863, 655], [863, 713], [845, 713]], '통', 0.2936799418851166), ([[657, 749], [669, 749], [669, 785], [657, 785]], '호', 0.42757986707119144), ([[141, 758], [317, 758], [317, 849], [141, 849]], '가너드', 0.04128032475071943), ([[680, 742], [706, 742], [706, 828], [680, 828]], '틀', 0.4187573502020001), ([[788, 714], [818, 714], [818, 866], [788, 866]], '통', 0.3299179082819279), ([[126, 860], [751, 860], [751, 1102], [126, 1102]], '[##증의 장남적', 0.001639798457245049), ([[750.5562398430199, 868.0123171743567], [815.5253855251153, 875.8186591155059], [792.4437601569801, 1063.9876828256433], [727.4746144748847, 1055.1813408844941]], '[', 0.4717967546822024)]
[([[632, 114], [744, 114], [744, 144], [632, 144]], '미사토씨 정말로', 0.9890679412311717), ([[638, 140], [744, 140], [744, 168], [638, 168]], '안 일어나켓지?', 0.9501386706753857), ([[148, 266], [234, 266], [234, 296], [148, 296]], '7벼에 나오는', 0.08172984610080682), ([[148, 292], [230, 292], [230, 322], [148, 322]], '몰카와 달리', 0.7932607449413144), ([[138, 316], [246, 316], [246, 346], [138, 346]], '만약 일어나다면', 0.6893021886366038), ([[144, 342], [242, 342], [242, 372], [144, 372]], '난리 날데니까', 0.5388341037490111), ([[168, 368], [218, 368], [218, 396], [168, 396]], '말이야', 0.9954902651139438), ([[294, 470], [376, 470], [376, 496], [294, 496]], '뛰야 "" 분위기', 0.5019561705388836), ([[488, 476], [528, 476], [528, 500], [488, 500]], '그러면', 0.9997364029309419), ([[94, 484], [136, 484], [136, 508], [94, 508]], '우오옷', 0.9924535978644986), ([[298, 492], [372, 492], [372, 518], [298, 518]], '못 맞추기다', 0.26316613973108033), ([[456, 496], [528, 496], [528, 522], [456, 522]], '나는 저 쪽에', 0.9411367217183548), ([[686, 484], [794, 484], [794, 514], [686, 514]], '오늘은 술의 양울', 0.8382539074796295), ([[94, 504], [150, 504], [150, 530], [94, 530]], '이; 이건', 0.377764289071037), ([[676, 508], [792, 508], [792, 536], [676, 536]], '제한하지 않앉의니', 0.17270244967138532), ([[452, 518], [528, 518], [528, 544], [452, 544]], '가있스데니:""', 0.1434389416495381), ([[550, 542], [624, 542], [624, 572], [550, 572]], '문제 없어', 0.9298828218070736), ([[722, 534], [794, 534], [794, 560], [722, 560]], '어지간하면', 0.999182794011592), ([[676, 556], [794, 556], [794, 584], [676, 584]], '안 일어날데지만 "', 0.5216361708480782), ([[550, 568], [598, 568], [598, 596], [550, 596]], '미인은', 0.9981944434822116), ([[550, 592], [630, 592], [630, 622], [550, 622]], '미인이니깨', 0.4971011026612801), ([[646, 628], [694, 628], [694, 654], [646, 654]], '확실히"', 0.830664336681366), ([[646, 652], [704, 652], [704, 678], [646, 678]], '술냄새가', 0.6552216410636902), ([[182, 670], [224, 670], [224, 694], [182, 694]], '그보다', 0.7915296935427503), ([[474, 682], [520, 682], [520, 708], [474, 708]], '여러분;', 0.46829938888549805), ([[630, 674], [708, 674], [708, 700], [630, 700]], '장난 아니네:', 0.5362454917505843), ([[173, 691], [223, 691], [223, 711], [173, 711]], '이 외에도', 0.9703343150789219), ([[232, 692], [278, 692], [278, 716], [232, 716]], '야 임마', 0.8813530084164886), ([[148, 708], [224, 708], [224, 732], [148, 732]], '여러가지 술이', 0.6865805027622821), ([[230, 708], [286, 708], [286, 732], [230, 732]], '치사하다!', 0.5176405159572739), ([[432, 703], [524, 703], [524, 727], [432, 727]], '이절 보십시외', 0.32605889868362997), ([[163, 731], [223, 731], [223, 751], [163, 751]], '물러다니고', 0.7600893283281669), ([[231, 729], [259, 729], [259, 747], [231, 747]], '내가', 0.9959900631961666), ([[449, 727], [523, 727], [523, 747], [449, 747]], '미사토 씨가', 0.9746790039096885), ([[176, 748], [224, 748], [224, 772], [176, 772]], '있집아?', 0.26769182085990906), ([[230, 744], [284, 744], [284, 768], [230, 768]], '먼저리구!', 0.6940940725017424), ([[438, 746], [522, 746], [522, 772], [438, 772]], '마시다가 남긴', 0.8971578599041313), ([[456, 768], [522, 768], [522, 794], [456, 794]], '칸을 발견]', 0.08422163859778645), ([[452, 852], [504, 852], [504, 876], [452, 876]], '어서 맛을', 0.8943069545954019), ([[90, 876], [144, 876], [144, 900], [90, 900]], '대체 어떤', 0.9280284694089117), ([[459, 871], [497, 871], [497, 891], [459, 891]], '보도록', 0.9999642108177886), ([[90, 896], [154, 896], [154, 920], [90, 920]], '음주 습관올', 0.6172095922908484), ([[452, 888], [500, 888], [500, 912], [452, 912]], '[하켓습다', 0.2112056815962348), ([[90, 916], [164, 916], [164, 940], [90, 940]], '갖고 있길래;"', 0.21045055551181804), ([[274, 996], [358, 996], [358, 1024], [274, 1024]], '뭐; 상관없지', 0.49548295570990597), ([[284, 1018], [346, 1018], [346, 1044], [284, 1044]], '남은거나', 0.9508416056632996), ([[282, 1040], [346, 1040], [346, 1066], [282, 1066]], '마서불까!', 0.6844370057448447), ([[119, 1179], [499, 1179], [499, 1219], [119, 1219]], '미성년자의 음주습 법률로 금지되어있습니다', 0.41116028185339554)]
[([[402, 86], [464, 86], [464, 112], [402, 112]], '야; 입마]', 0.34399194630316526), ([[222, 106], [288, 106], [288, 130], [222, 130]], '[미사토씨의', 0.26302393364638327), ([[400, 108], [464, 108], [464, 136], [400, 136]], '월 만지고', 0.8982660440725909), ([[238, 130], [270, 130], [270, 154], [238, 154]], '가슴', 0.997054448872028), ([[400, 132], [468, 132], [468, 160], [400, 160]], '있논거야', 0.4346841871738434), ([[596, 144], [654, 144], [654, 170], [596, 170]], '우외앗"', 0.8869677186012268), ([[584, 168], [672, 168], [672, 194], [584, 194]], '이거 어질어질', 0.3524296726591729), ([[596, 192], [654, 192], [654, 216], [596, 216]], '거리네" ', 0.487861980882229), ([[18, 206], [74, 206], [74, 232], [18, 232]], '뭐 어때,', 0.6051018409642315), ([[237, 201], [347, 201], [347, 241], [237, 241]], '손하" {하"', 0.015445735399597364), ([[22, 230], [70, 230], [70, 254], [22, 254]], '어차피', 0.9378144457890402), ([[6, 254], [82, 254], [82, 280], [6, 280]], '자고 있으니', 0.9287248459306472), ([[12, 276], [82, 276], [82, 306], [12, 306]], '괜찬잡야?', 0.5478792345103544), ([[113, 369], [185, 369], [185, 435], [113, 435]], '무', 0.0036106032548394312), ([[390, 392], [472, 392], [472, 420], [390, 420]], '순에 취해세', 0.34814944264752107), ([[151, 415], [193, 415], [193, 463], [151, 463]], '4', 0.9990631153159235), ([[388, 416], [470, 416], [470, 442], [388, 442]], '그러느거나?', 0.5327800459926053), ([[389, 437], [470, 437], [470, 466], [389, 466]], '사내 녀석이', 0.9864064253732813), ([[418, 460], [470, 460], [470, 488], [418, 488]], "'합 짓이", 0.30813479143217415), ([[404, 486], [470, 486], [470, 512], [404, 512]], '아니라고]', 0.3819554615588882), ([[22, 500], [102, 500], [102, 524], [22, 524]], '고지식하긴~', 0.8596872458578902), ([[18, 521], [96, 521], [96, 548], [18, 548]], '(미사토 씨도', 0.6605741551000884), ([[20, 545], [122, 545], [122, 573], [20, 573]], '어른의 여자니까', 0.875468726628357), ([[20, 570], [82, 570], [82, 596], [20, 596]], '이 정도는', 0.9002703744063638), ([[24, 592], [116, 592], [116, 618], [24, 618]], '용서해줄거야~', 0.5452984098225393), ([[592, 670], [638, 670], [638, 696], [592, 696]], '아니면', 0.9991522554584036), ([[108, 704], [156, 704], [156, 730], [108, 730]], '뭐라고', 0.4890289934293916), ([[582, 694], [646, 694], [646, 720], [582, 720]], '토우지 너;', 0.6365957395362221), ([[96, 726], [166, 726], [166, 752], [96, 752]], '오오오오?', 0.9517408122020143), ([[576, 716], [654, 716], [654, 744], [576, 744]], '무서운거나?', 0.9861483715432002), ([[168, 844], [222, 844], [222, 870], [168, 870]], '오 그럼', 0.9951644444792701), ([[162, 866], [232, 866], [232, 896], [162, 896]], '공범이네?|', 0.20555043339191206), ([[670, 884], [728, 884], [728, 910], [670, 910]], '조아씌', 0.2475707419867686), ([[32, 916], [98, 916], [98, 946], [32, 946]], '모처럼의', 0.9799418449401855), ([[666, 910], [734, 910], [734, 940], [666, 940]], '그럼 나도', 0.8744549847228253), ([[14, 942], [117, 942], [117, 974], [14, 974]], '기회니까 말야', 0.7123423607014885), ([[670, 934], [728, 934], [728, 964], [670, 964]], '한디앗', 0.44999585078158505), ([[22, 970], [108, 970], [108, 1000], [22, 1000]], '즐겨보자고', 0.9647944778055997), ([[240, 1068], [362, 1068], [362, 1190], [240, 1190]], '가', 0.013327001659163784), ([[274.47304020432216, 574.1975527764241], [311.6414636367021, 547.0343881786703], [365.52695979567784, 623.8024472235759], [328.3585363632979, 651.9656118213297]], '중', 0.15590342826045855)]
[([[424, 60], [490, 60], [490, 92], [424, 92]], '감각으로', 0.981652557849884), ([[82, 80], [190, 80], [190, 110], [82, 110]], '오오오외 뛰야', 0.5643765083794965), ([[426, 88], [488, 88], [488, 118], [426, 118]], '알켓지?', 0.34428757429122925), ([[96, 108], [174, 108], [174, 138], [96, 138]], '이계 엄청', 0.546307204679409), ([[669, 111], [786, 111], [786, 147], [669, 147]], '어때? 노브라야', 0.3250326703918541), ([[82, 132], [187, 132], [187, 169], [82, 169]], '부드컵잡아', 0.6341442775025182), ([[700, 142], [756, 142], [756, 170], [700, 170]], '노브래]', 0.2941955626010895), ([[686, 228], [784, 228], [784, 330], [686, 330]], '도', 0.3335753557952472), ([[48, 368], [118, 368], [118, 396], [48, 396]], '미사토 씨', 0.9977539866092595), ([[52, 394], [120, 394], [120, 424], [52, 424]], '정말정말', 0.9992319941520691), ([[46, 420], [126, 420], [126, 450], [46, 450]], '죄송합니다', 0.9029139356250091), ([[44, 656], [114, 656], [114, 682], [44, 682]], '후오오외', 0.8126206398010254), ([[414, 652], [476, 652], [476, 684], [414, 684]], '과 과연', 0.9649879083893007), ([[502, 642], [578, 642], [578, 670], [502, 670]], '이것 좀 뵈!', 0.3511804866945901), ([[38, 680], [120, 680], [120, 708], [38, 708]], '미사토 씨의', 0.896534121499003), ([[424, 682], [476, 682], [476, 710], [424, 710]], '거기록', 0.6549458397531714), ([[502, 668], [582, 668], [582, 696], [502, 696]], '이렇게 하면', 0.5899578337640176), ([[52, 704], [106, 704], [106, 732], [52, 732]], '젖꼭지,', 0.796690046787262), ([[376, 706], [476, 706], [476, 738], [376, 738]], '자극하면 발딱', 0.6294641852244025), ([[502, 692], [624, 692], [624, 722], [502, 722]], '젖꼭지의 위치까지', 0.8475289093066117), ([[44, 726], [112, 726], [112, 756], [44, 756]], '마치 고무', 0.9880618368237265), ([[500, 718], [588, 718], [588, 748], [500, 748]], '다 보인다고', 0.46070299430471373), ([[300, 740], [346, 740], [346, 770], [300, 770]], '좋아"', 0.8289806364200494), ([[402, 734], [476, 734], [476, 766], [402, 766]], '일어설까?', 0.9820578271409806), ([[48, 752], [112, 752], [112, 780], [48, 780]], '같아아!', 0.7704448103904724), ([[300, 768], [352, 768], [352, 798], [300, 798]], '그러면', 0.9984358288504073), ([[300, 794], [382, 794], [382, 824], [300, 824]], '시험해보자', 0.9943093204131447), ([[603, 1051], [667, 1051], [667, 1119], [603, 1119]], '', 0.0), ([[228, 1094], [254, 1094], [254, 1138], [228, 1138]], '응', 0.993567592107425), ([[204.55337221927326, 929.025012751532], [233.34063840104983, 915.0145307077171], [285.4466277807267, 1025.974987248468], [256.65936159895017, 1039.985469292283]], '?', 0.463686957610264)]
[([[256, 104], [324, 104], [324, 128], [256, 128]], '지, 진정해', 0.753804898809794), ([[464, 96], [498, 96], [498, 120], [464, 120]], '하익', 0.30038763586049305), ([[258, 126], [302, 126], [302, 150], [258, 150]], '토우지', 0.9803509755949071), ([[432, 118], [502, 118], [502, 144], [432, 144]], '죄송합니다', 0.73248091142053), ([[541, 123], [605, 123], [605, 159], [541, 159]], '크러액', 0.5631875360960468), ([[258, 146], [290, 146], [290, 172], [258, 172]], '그냥', 0.999797785409677), ([[440, 140], [502, 140], [502, 166], [440, 166]], '정말 죄송', 0.736565071411828), ([[258, 168], [302, 168], [302, 194], [258, 194]], '잠꼬대', 0.2159106674744201), ([[452, 160], [502, 160], [502, 188], [452, 188]], '합니다!', 0.6015279293060303), ([[256, 190], [320, 190], [320, 216], [256, 216]], '(하느거야', 0.5358862088974773), ([[728, 934], [786, 934], [786, 960], [728, 960]], '아 아직', 0.9993985891342163), ([[712, 956], [788, 956], [788, 986], [712, 986]], '한쪽밖에는', 0.7591498811190096), ([[720, 980], [786, 980], [786, 1006], [720, 1006]], '안 드러낫', 0.35418993038682545), ([[746, 1004], [788, 1004], [788, 1032], [746, 1032]], '잖아!', 0.16576018929481506), ([[115, 975], [249, 975], [249, 1155], [115, 1155]], '기', 0.696081224128875), ([[291, 1085], [355, 1085], [355, 1121], [291, 1121]], '에미앗', 0.8570514871184447), ([[586, 1066], [616, 1066], [616, 1090], [586, 1090]], '그 ', 0.863096838528427), ([[592, 1088], [644, 1088], [644, 1114], [592, 1114]], '그렇지]', 0.4473019242286682), ([[616, 1066], [650, 1066], [650, 1090], [616, 1090]], '그래', 0.9999103969758875), ([[398, 1074], [448, 1074], [448, 1182], [398, 1182]], '기', 0.29523645673685905), ([[584, 1134], [650, 1134], [650, 1160], [584, 1160]], '반대쪽되', 0.8242262601852417), ([[590, 1112], [646, 1112], [646, 1136], [590, 1136]], '어, 어서', 0.7866956200488674), ([[162.01471854987147, 503.04865735370186], [295.72136409682446, 544.6558412816167], [267.9852814501285, 623.9513426462981], [135.2786359031755, 583.3441587183833]], '@  ', 0.008335225722258496)]
[([[138, 744], [190, 744], [190, 770], [138, 770]], '이이건', 0.9873266813852807), ([[124, 766], [204, 766], [204, 792], [124, 792]], '소장용이야', 0.9909028985754769), ([[398, 756], [492, 756], [492, 784], [398, 784]], "'아앗 너 임때", 0.6723988354561579), ([[674, 766], [746, 766], [746, 796], [674, 796]], '0" 이건', 0.6717883716909608), ([[44, 790], [110, 790], [110, 818], [44, 818]], '웃기지마:', 0.6874413231917177), ([[124, 788], [202, 788], [202, 814], [124, 814]], '반 애들예괜', 0.2966821357069582), ([[442, 780], [490, 780], [490, 804], [442, 804]], '월 찍고', 0.7652010498463823), ([[42, 814], [92, 814], [92, 840], [42, 840]], '나중에', 0.9309717453730025), ([[138, 812], [190, 812], [190, 836], [138, 836]], '안 보여', 0.9975969195365906), ([[426, 802], [492, 802], [492, 830], [426, 830]], '있는거야', 0.22592808306217194), ([[680, 794], [738, 794], [738, 824], [680, 824]], '너너무', 0.9999134180037945), ([[42, 838], [102, 838], [102, 862], [42, 862]], '나에제도', 0.36346668004989624), ([[132, 834], [196, 834], [196, 860], [132, 860]], '줄거라고', 0.6103025078773499), ([[658, 820], [760, 820], [760, 850], [658, 850]], '굉장하잡아  !', 0.7799357820467414), ([[44, 860], [122, 860], [122, 886], [44, 886]], '넘겨달라고]', 0.5947698336680016), ([[420, 954], [490, 954], [490, 980], [420, 980]], '그럼 좋아', 0.49731096368345357), ([[408, 978], [488, 978], [488, 1004], [408, 1004]], '나는 그 맛을', 0.7532693584767571), ([[242, 992], [304, 992], [304, 1020], [242, 1020]], '사야 임마!', 0.09758157726528736), ([[438, 1000], [490, 1000], [490, 1026], [438, 1026]], '보켓어', 0.3934372367186303)]
[([[312, 78], [348, 78], [348, 104], [312, 104]], '아아', 0.9986326087471515), ([[304, 102], [360, 102], [360, 128], [304, 128]], '나; 지금', 0.5451386520888025), ([[294, 126], [370, 126], [370, 152], [294, 152]], '미사토 씨의', 0.6936127432477817), ([[128, 138], [208, 138], [208, 166], [128, 166]], '게다가 나는', 0.9865597498466495), ([[300, 150], [364, 150], [364, 176], [300, 176]], '젖올 빨고', 0.6583849265057093), ([[122, 162], [214, 162], [214, 188], [122, 188]], '이 각선미라도', 0.9840208386899624), ([[308, 174], [354, 174], [354, 200], [308, 200]], '있어~', 0.9756727526583737), ([[144, 188], [194, 188], [194, 216], [144, 216]], '즐등수', 0.16515352299803898), ([[128, 212], [212, 212], [212, 242], [128, 242]], '있든거 같아', 0.12701006134020143), ([[272, 432], [360, 432], [360, 458], [272, 458]], '저사람이 과연', 0.5874728577023657), ([[742, 422], [786, 422], [786, 448], [742, 448]], '여러분', 0.9989256422300482), ([[726, 446], [786, 446], [786, 472], [726, 472]], '저 유치한', 0.8207181644737179), ([[272, 456], [346, 456], [346, 482], [272, 482]], '그 열런소년,', 0.18299850822160776), ([[274, 478], [358, 478], [358, 504], [274, 504]], '스조하라 군이', 0.906346116665734), ([[744, 468], [790, 468], [790, 498], [744, 498]], '모습올', 0.941218408581339), ([[272, 500], [336, 500], [336, 526], [272, 526]], '맞울까요?', 0.9495721732445327), ([[728, 492], [786, 492], [786, 518], [728, 518]], '보십시외', 0.7542076706886292), ([[52, 616], [114, 616], [114, 646], [52, 646]], '마음대로', 0.9993364214897156), ([[716, 616], [792, 616], [792, 642], [716, 642]], '시; 시끄러', 0.3304806564654403), ([[56, 642], [106, 642], [106, 668], [56, 668]], '하라구', 0.9975993394793556), ([[276, 642], [352, 642], [352, 670], [276, 670]], '너가 가슴을', 0.8900823065414392), ([[746, 640], [790, 640], [790, 664], [746, 664]], '그러논', 0.17447482395706804), ([[44, 666], [126, 666], [126, 694], [44, 694]], '이 매니악한', 0.7238433432501972), ([[276, 666], [336, 666], [336, 696], [276, 696]], '독점하고', 0.9715381860733032), ([[710, 660], [790, 660], [790, 688], [710, 688]], '너느 월 하고', 0.6253374549291548), ([[52, 690], [110, 690], [110, 718], [52, 718]], '녀석야', 0.27975945465216906), ([[276, 690], [366, 690], [366, 718], [276, 718]], '있으니 어절수', 0.6800132629407801), ([[726, 684], [792, 684], [792, 712], [726, 712]], '있는거얘', 0.09071435779333115), ([[276, 714], [332, 714], [332, 744], [276, 744]], '없잡아?', 0.7475135326385498), ([[688, 822], [750, 822], [750, 848], [688, 848]], '아아아~', 0.9893559813499451), ([[48, 854], [92, 854], [92, 884], [48, 884]], '섞어!', 0.7576241719741964), ([[680, 848], [760, 848], [760, 874], [680, 874]], '미사토 씨의', 0.6588938298787123), ([[36, 880], [106, 880], [106, 910], [36, 910]], '젖꼭지가', 0.513602614402771), ([[692, 872], [748, 872], [748, 902], [692, 902]], '짝 뻗은', 0.8988636518385009), ([[52, 904], [90, 904], [90, 934], [52, 934]], '발딱', 0.9470590820227995), ([[676, 896], [764, 896], [764, 924], [676, 924]], '미곤~미곤한', 0.7604294997919917), ([[34, 930], [108, 930], [108, 960], [34, 960]], '일어섯에', 0.3838469982147217), ([[686, 922], [754, 922], [754, 950], [686, 950]], '다리가~', 0.8762463927268982), ([[455, 1037], [543, 1037], [543, 1139], [455, 1139]], '굵"', 0.07665319238073891), ([[707.3424040507786, 56.05442430467143], [737.1286652959662, 52.16253799371492], [744.6575959492214, 123.94557569532857], [714.8713347040338, 127.83746200628508]], '닭', 0.014195422366253263), ([[502.54996302358563, 607.2148779778327], [531.5910644489255, 581.0350586290252], [586.4500369764144, 649.7851220221673], [557.4089355510745, 674.9649413709748]], '콩', 0.04868592377583192), ([[279.3786563088577, 996.1903564972024], [318.64538747392515, 963.0298152816083], [385.6213436911423, 1051.8096435027976], [347.35461252607485, 1084.9701847183917]], '술', 0.03565916184521711)]
[([[710, 178], [748, 178], [748, 202], [710, 202]], '아"', 0.964782527347982), ([[660, 422], [750, 422], [750, 452], [660, 452]], '뛰지 이전 "', 0.32410074952365153), ([[693, 453], [713, 453], [713, 475], [693, 475]], '나', 0.9920114720243625), ([[662, 476], [750, 476], [750, 506], [662, 506]], '누군가에게', 0.7043050873004796), ([[678, 502], [734, 502], [734, 532], [678, 532]], '안기고', 0.9655342698097229), ([[672, 528], [736, 528], [736, 558], [672, 558]], '있어"?', 0.9051916599273682), ([[106, 580], [182, 580], [182, 608], [106, 608]], '카지 군"', 0.7729654799622918), ([[137, 609], [153, 609], [153, 633], [137, 633]], '은', 0.9999592308385132), ([[110, 632], [178, 632], [178, 660], [110, 660]], '아니야""', 0.516501463494394), ([[112, 660], [178, 660], [178, 690], [112, 690]], '누구지?', 0.9980970621109009), ([[604, 992], [676, 992], [676, 1022], [604, 1022]], "'이 서류른", 0.09388866752776588), ([[464, 992], [496, 992], [496, 1050], [464, 1050]], '"', 0.04330655517904547), ([[614, 1018], [666, 1018], [666, 1046], [614, 1046]], '애무"', 0.8811293970605808), ([[114, 1074], [150, 1074], [150, 1100], [114, 1100]], '혹시', 0.9998669871372433), ([[100, 1100], [164, 1100], [164, 1128], [100, 1128]], '신지 군?', 0.9927868533672402), ([[122.37836349444326, 97.03228954665533], [198.72584979560295, 164.2070571347102], [164.62163650555672, 204.96771045334467], [88.27415020439705, 136.7929428652898]], '<시', 0.0340554433361318), ([[444.5757359312881, 1098.0301515190165], [471.6548695143244, 1095.0723480536087], [480.4242640687119, 1173.9698484809835], [453.3451304856756, 1176.9276519463913]], '%', 0.19870499035651878)]
[([[500, 28], [540, 28], [540, 56], [500, 56]], '어이', 0.8178030447426428), ([[494, 52], [550, 52], [550, 78], [494, 78]], '토우지:', 0.5213378071784973), ([[490, 76], [552, 76], [552, 104], [490, 104]], '야 임마', 0.9751240611076355), ([[492, 98], [550, 98], [550, 128], [492, 128]], '토우지!', 0.2202104777097702), ([[14, 228], [90, 228], [90, 256], [14, 256]], '대체 뛰야?', 0.6492007238873608), ([[22, 254], [78, 254], [78, 282], [22, 282]], '난 지금', 0.9795080511522732), ([[14, 278], [90, 278], [90, 308], [14, 308]], '젖꼭지하고', 0.5700484966163689), ([[14, 304], [88, 304], [88, 330], [14, 330]], '얘기하느라', 0.9719108727573047), ([[18, 328], [82, 328], [82, 354], [18, 354]], '바쁘다고', 0.9443797787864376), ([[204, 496], [272, 496], [272, 522], [204, 522]], '미사토 씨,', 0.591488532452096), ([[323, 504], [427, 504], [427, 534], [323, 534]], '지금 그럴때가', 0.9561587580879597), ([[222, 522], [256, 522], [256, 548], [222, 548]], '지금', 0.9999533016112183), ([[324, 530], [412, 530], [412, 560], [324, 560]], '아니라니깐]', 0.44215480375440736), ([[208, 546], [272, 546], [272, 572], [208, 572]], '노팬티야', 0.22268807888031006), ([[324, 554], [392, 554], [392, 584], [324, 584]], '굉장한결', 0.9617178440093994), ([[324, 578], [410, 578], [410, 606], [324, 606]], '알아내다귀!', 0.18438418213472701), ([[704, 746], [762, 746], [762, 772], [704, 772]], '자; 뵈화', 0.34908112634650823), ([[706, 772], [760, 772], [760, 798], [706, 798]], '양쪽다', 0.9674225359989868), ([[690, 796], [776, 796], [776, 826], [690, 826]], '발딱 섞다고', 0.6044610183026302), ([[200, 946], [238, 946], [238, 972], [200, 972]], '아냐', 0.9993499889017132), ([[178, 970], [264, 970], [264, 998], [178, 998]], '틀림없대뒤', 0.8987343513976233), ([[186, 994], [254, 994], [254, 1020], [186, 1020]], '어디 한번', 0.8529676409913995), ([[672, 1006], [766, 1006], [766, 1032], [672, 1032]], '바 바보나:?', 0.472109982060523), ([[176, 1016], [264, 1016], [264, 1046], [176, 1046]], '확인해불까?', 0.637813667753928), ([[686, 1030], [756, 1030], [756, 1060], [686, 1060]], '그럴리가', 0.5851441621780396), ([[690, 1056], [750, 1056], [750, 1084], [690, 1084]], '없잡야:', 0.1196608692407608), ([[60, 1084], [124, 1084], [124, 1114], [60, 1114]], '조 종아', 0.9112311005592346), ([[60, 1108], [122, 1108], [122, 1136], [60, 1136]], '해불데면', 0.24788300693035126), ([[74, 1132], [110, 1132], [110, 1156], [74, 1156]], '어디', 0.9988850608158533), ([[58, 1152], [124, 1152], [124, 1178], [58, 1178]], '해보라고]', 0.5764766750463243)]
[([[222, 106], [310, 106], [310, 134], [222, 134]], '이렇제 법니다', 0.2733603653373567), ([[700, 96], [762, 96], [762, 124], [700, 124]], '조 좋아', 0.9976712241528425), ([[234, 130], [300, 130], [300, 154], [234, 154]], '미사토 씨', 0.9826883191420229), ([[686, 122], [776, 122], [776, 152], [686, 152]], '그러면 간다:', 0.5087721694931585), ([[384, 290], [428, 290], [428, 318], [384, 318]], '그래]', 0.29181563510204594), ([[376, 314], [434, 314], [434, 344], [376, 344]], '가라맛', 0.7469617145339779), ([[190, 412], [228, 412], [228, 438], [190, 438]], '하나', 0.9989212111898184), ([[186, 438], [222, 438], [222, 470], [186, 470]], '두울;', 0.8027098666067755), ([[623, 667], [677, 667], [677, 703], [623, 703]], '세옛', 0.8586147227054888)]
[([[36, 65], [186, 65], [186, 140], [36, 140]], '우아아아 ', 0.4864805469768799), ([[605, 11], [697, 11], [697, 119], [605, 119]], '어', 0.08024972816328102), ([[48, 121], [165, 121], [165, 188], [48, 188]], '아아아', 0.8590313799298054), ([[47, 179], [159, 179], [159, 241], [47, 241]], '아아아', 0.9896904095386388), ([[23, 226], [172, 226], [172, 301], [23, 301]], '아아아야', 0.581028163433075), ([[35, 283], [155, 283], [155, 343], [35, 343]], '아아]]', 0.35483676195144653), ([[192, 466], [254, 466], [254, 490], [192, 490]], '예내 1-', 0.0784919132016801), ([[189, 489], [257, 489], [257, 509], [189, 509]], '비5 -예-7', 0.00642353041895578), ([[280, 482], [334, 482], [334, 506], [280, 506]], "'아; 팬팬", 0.21979837224941423), ([[672, 478], [770, 478], [770, 508], [672, 508]], '시 시끄러워', 0.756524781055204), ([[189, 511], [259, 511], [259, 531], [189, 531]], '6도7-악초6', 0.004977518808132535), ([[280, 504], [350, 504], [350, 530], [280, 530]], "'먹이주는컵", 0.1853999908204742), ([[686, 504], [754, 504], [754, 534], [686, 534]], '조용히 좀', 0.8098022323811247), ([[194, 530], [252, 530], [252, 554], [194, 554]], '70 7"도', 0.09648692282784763), ([[280, 528], [338, 528], [338, 554], [280, 554]], "'깜짝햇네", 0.23506106978875294), ([[675, 527], [765, 527], [765, 553], [675, 553]], '하라고오외:', 0.19855175148044757), ([[184, 550], [258, 550], [258, 576], [184, 576]], '() :물7', 0.028980180155621336), ([[674, 552], [768, 552], [768, 582], [674, 582]], '이 바보 핑권!', 0.6951435007919546), ([[190, 572], [254, 572], [254, 598], [190, 598]], '꾸손?몸.', 0.0008120075179726678), ([[548, 560], [640, 560], [640, 592], [548, 592]], '위험해애앗-', 0.2635209067363359), ([[558, 586], [624, 586], [624, 612], [558, 612]], '미사토 씨,', 0.48024971909847297), ([[16, 620], [72, 620], [72, 646], [16, 646]], '"장!', 0.01087312599208917), ([[533, 605], [637, 605], [637, 641], [533, 641]], '기일어나켓에 _', 0.07184696242968835), ([[28, 642], [60, 642], [60, 668], [28, 668]], '애', 0.5683307767924362), ([[18, 664], [78, 664], [78, 692], [18, 692]], '(:예?!', 0.009122159478290074), ([[422, 774], [508, 774], [508, 798], [422, 798]], '이카리, 미안', 0.7824103035294697), ([[666, 764], [756, 764], [756, 790], [666, 790]], '신지, 잘 있에', 0.7873410739703537), ([[90, 788], [148, 788], [148, 814], [90, 814]], '에? 벌써', 0.5847054157273172), ([[422, 792], [509, 792], [509, 821], [422, 821]], '나중예 제대로', 0.7323882404588883), ([[682, 786], [740, 786], [740, 812], [682, 812]], '우리돌은', 0.7846304774284363), ([[90, 812], [148, 812], [148, 840], [90, 840]], '돌아가는', 0.7876995801925659), ([[420, 816], [508, 816], [508, 842], [420, 842]], '사과활테니까]', 0.27644793898798703), ([[680, 808], [742, 808], [742, 832], [680, 832]], '도망간다]', 0.3221186582050501), ([[98, 836], [138, 836], [138, 860], [98, 860]], '거야?', 0.999417139472344), ([[688, 828], [734, 828], [734, 854], [688, 854]], '뒷처리', 0.9542970342420717), ([[674, 850], [750, 850], [750, 876], [674, 876]], '잘부탁활게]', 0.2685892013848652), ([[572, 1040], [694, 1040], [694, 1072], [572, 1072]], '뭐하러 온거야?', 0.8724226015716565), ([[56, 1022], [158, 1022], [158, 1170], [56, 1170]], '짧', 0.040583959742179765), ([[575, 1069], [679, 1069], [679, 1105], [575, 1105]], '저 두사람은', 0.9690321640071045)]
[([[76, 72], [146, 72], [146, 104], [76, 104]], '어라아~', 0.9347944259643555), ([[78, 102], [146, 102], [146, 134], [78, 134]], '나; 언제', 0.5865538089157548), ([[61, 129], [163, 129], [163, 165], [61, 165]], '잠들없없지?', 0.969939475255512), ([[711, 129], [731, 129], [731, 159], [711, 159]], '음', 0.9969278363919365), ([[694, 158], [766, 158], [766, 190], [694, 190]], '신지 군?', 0.9995596313097967), ([[690, 668], [772, 668], [772, 696], [690, 696]], '이거 언제나', 0.9993878418302365), ([[698, 694], [762, 694], [762, 724], [698, 724]], '보살껴만', 0.1440713256597519), ([[502, 722], [544, 722], [544, 750], [502, 750]], '"응?', 0.994307827285086), ([[682, 718], [774, 718], [774, 748], [682, 748]], '받아서 미안~', 0.9831174807274126), ([[123, 747], [198, 747], [198, 786], [123, 786]], '대어어명!', 0.0012375838398136416), ([[492, 748], [554, 748], [554, 774], [492, 774]], '왜 그래?', 0.9910388573827508), ([[46, 884], [118, 884], [118, 908], [46, 908]], '아" 아니!', 0.5758151144147692), ([[463, 859], [483, 859], [483, 943], [463, 943]], '퍽', 0.03276904120453339), ([[66, 908], [102, 908], [102, 932], [66, 932]], '제가', 0.9800925676713286), ([[50, 930], [116, 930], [116, 956], [50, 956]], '그런게"', 0.4628559947013855), ([[216, 876], [240, 876], [240, 1012], [216, 1012]], '#', 0.0057378571843691994), ([[767, 963], [787, 963], [787, 1041], [767, 1041]], '퍽', 0.5419199327146238)]
[([[602, 86], [678, 86], [678, 112], [602, 112]], '아니에요"', 0.9416837952997957), ([[428, 102], [502, 102], [502, 128], [428, 128]], '그런건가~', 0.9984224038380148), ([[610, 110], [668, 110], [668, 136], [610, 136]], '저, 저논', 0.5464759385788731), ([[422, 126], [502, 126], [502, 154], [422, 154]], '내 잠버릇이', 0.799207212620509), ([[598, 132], [680, 132], [680, 160], [598, 160]], '아무것도"!', 0.871132742108135), ([[468, 152], [502, 152], [502, 178], [468, 178]], '결국', 0.999942175013533), ([[39, 173], [157, 173], [157, 209], [39, 209]], '부끄러운 모습올', 0.8523664280745625), ([[428, 176], [502, 176], [502, 202], [428, 202]], '이런데까지', 0.9978508798563007), ([[531, 179], [559, 179], [559, 199], [531, 199]], '대체', 0.9999257380605786), ([[718, 178], [784, 178], [784, 208], [718, 208]], '자 , 잠깐', 0.6585920112777952), ([[45, 199], [152, 199], [152, 235], [45, 235]], '보여서 미안해', 0.9474490519860724), ([[414, 202], [504, 202], [504, 230], [414, 230]], '와버린건가~ ', 0.7328681363994347), ([[532, 196], [590, 196], [590, 224], [532, 224]], '무슨 짓흘', 0.2917482524603974), ([[724, 204], [774, 204], [774, 232], [724, 232]], '마안-', 0.6285678654479213), ([[534, 218], [588, 218], [588, 244], [534, 244]], '벌인거야', 0.9953065514564514), ([[70, 230], [128, 230], [128, 260], [70, 260]], '신지군', 0.9984460128975926), ([[546, 240], [596, 240], [596, 264], [546, 264]], '두사람{', 0.195862278342247), ([[716, 230], [786, 230], [786, 262], [716, 262]], '신지 군?', 0.9917140621858911), ([[36, 366], [94, 366], [94, 394], [36, 394]], '아니 !', 0.7373343706130981), ([[36, 392], [94, 392], [94, 418], [36, 418]], '그게;!', 0.6965111494064331), ([[669, 780], [738, 780], [738, 816], [669, 816]], '"라니,', 0.8865177631378174), ([[663, 811], [747, 811], [747, 847], [663, 847]], '그럴리가', 0.32789338408067026), ([[82, 790], [108, 790], [108, 922], [82, 922]], '주', 0.006749600180779025), ([[669, 841], [741, 841], [741, 879], [669, 879]], '없잡아', 0.7673074380603015), ([[128, 984], [252, 984], [252, 1112], [128, 1112]], '선', 0.4547125031195698), ([[36, 1090], [84, 1090], [84, 1122], [36, 1122]], '으혹!', 0.22028962256039938), ([[491, 1061], [575, 1061], [575, 1167], [491, 1167]], '4', 0.272509902583554)]
[([[165, 109], [271, 109], [271, 145], [165, 145]], '남자애인걸~', 0.96284692213301), ([[646, 104], [718, 104], [718, 136], [646, 136]], '활까나~', 0.34582585096359253), ([[164, 142], [274, 142], [274, 174], [164, 174]], '무리도 아니지', 0.9856668533661301), ([[627, 131], [737, 131], [737, 167], [627, 167]], '별로 화나지는', 0.9053864902037296), ([[639, 161], [725, 161], [725, 197], [639, 197]], '않있다구?', 0.5453743116101798), ([[72, 216], [128, 216], [128, 248], [72, 248]], '언제나', 0.9999646925941019), ([[44, 246], [160, 246], [160, 278], [44, 278]], '나; 보살펴취서', 0.5865792618811021), ([[64, 276], [134, 276], [134, 306], [64, 306]], '고마워~', 0.9894676208496094), ([[122, 572], [162, 572], [162, 604], [122, 604]], '우왕', 0.0829471267508573), ([[652, 538], [724, 538], [724, 638], [652, 638]], '내', 0.19135910562931713), ([[340, 616], [382, 616], [382, 648], [340, 648]], '와앗', 0.5290525237027792), ([[420, 706], [524, 706], [524, 734], [420, 734]], '에이 시시해~', 0.7207858937081089), ([[700, 702], [800, 702], [800, 730], [700, 730]], '아하 그렇군~', 0.8609680553556227), ([[288, 736], [390, 736], [390, 768], [288, 768]], '남의 젖꼭지름', 0.43571342772928306), ([[420, 730], [504, 730], [504, 760], [420, 760]], '나한데 말만', 0.5204905193232939), ([[714, 726], [798, 726], [798, 754], [714, 754]], '왜 그냥 계속', 0.4762718329834678), ([[268, 762], [390, 762], [390, 794], [268, 794]], '이렇계 발딱 서게', 0.7386617917682369), ([[420, 756], [516, 756], [516, 786], [420, 786]], '햇으면 마음껏', 0.950663596760836), ([[752, 752], [798, 752], [798, 778], [752, 778]], '마시계', 0.5042334794998169), ([[330, 788], [390, 788], [390, 816], [330, 816]], '하고는', 0.7836196071883387), ([[420, 782], [510, 782], [510, 810], [420, 810]], '서비스해싶올', 0.23610667230476712), ([[692, 776], [800, 776], [800, 804], [692, 804]], '그냥 내버려두나', 0.983083906378648), ([[308, 812], [390, 812], [390, 842], [308, 842]], '아니라고는', 0.8915803106332774), ([[420, 806], [514, 806], [514, 836], [420, 836]], '렌데 말이아~', 0.38867066831059377), ([[738, 802], [800, 802], [800, 830], [738, 830]], '싶없다니', 0.1254466325044632), ([[282, 836], [390, 836], [390, 868], [282, 868]], '말하지 못할걸!', 0.26890621132526193), ([[706, 826], [800, 826], [800, 856], [706, 856]], '엉금한 목적이', 0.6939312469112138), ([[730, 852], [800, 852], [800, 882], [730, 882]], '있없구나?', 0.7665062819652162), ([[28, 1006], [118, 1006], [118, 1034], [28, 1034]], '에바의 조종에;', 0.5065565181147377), ([[346, 1004], [390, 1004], [390, 1030], [346, 1030]], '정말로', 0.9999470733662986), ([[14, 1030], [132, 1030], [132, 1056], [14, 1056]], '학교에; 가사일에:', 0.6767650464799009), ([[316, 1026], [390, 1026], [390, 1056], [316, 1056]], '신경 안쇄도', 0.30566368058314775), ([[46, 1054], [98, 1054], [98, 1080], [46, 1080]], '신지군', 0.9991523242760996), ([[342, 1050], [392, 1050], [392, 1078], [342, 1078]], '괜찮아,', 0.4722808301448822), ([[436, 1048], [502, 1048], [502, 1076], [436, 1076]], '그러니까 `', 0.5914282690488686), ([[18, 1076], [130, 1076], [130, 1104], [18, 1104]], '엄청 고생하잡아이', 0.629606016536054), ([[440, 1072], [494, 1072], [494, 1096], [440, 1096]], '그게:', 0.5598480798532299), ([[596.2155354594472, 750.0776772972363], [624.4276424244681, 729.0229254524469], [680.7844645405528, 807.9223227027637], [651.5723575755319, 829.9770745475531]], '3', 0.05112698387704584)]
[([[45, 64], [240, 64], [240, 100], [45, 100]], '예액" 요, 용서받앉다?', 0.4790286214287157), ([[94, 96], [192, 96], [192, 128], [94, 128]], '내가 하는전', 0.24005118051416655), ([[696, 104], [762, 104], [762, 134], [696, 134]], '앞으로는', 0.9860311150550842), ([[77, 123], [209, 123], [209, 159], [77, 159]], '괜찮은거구나"', 0.725679750132), ([[684, 130], [772, 130], [772, 160], [684, 160]], '하고 싶은게', 0.989875308442488), ([[294, 150], [370, 150], [370, 182], [294, 182]], '신지 군의', 0.994951923279312), ([[678, 156], [778, 156], [778, 188], [678, 188]], '있으면 뭐문지', 0.39214563326992596), ([[45, 183], [241, 183], [241, 219], [45, 219]], '돼지 렌스레랑 토우지가', 0.06052068403856201), ([[292, 178], [380, 178], [380, 210], [292, 210]], '리키스트에', 0.32887704754479197), ([[680, 184], [762, 184], [762, 216], [680, 216]], '말해주라구드', 0.6308132917720352), ([[45, 213], [241, 213], [241, 249], [45, 249]], '햇다고는 말하지 안느계', 0.23329518116033526), ([[292, 208], [376, 208], [376, 240], [292, 240]], '내가니0%', 0.26251002792503475), ([[45, 241], [241, 241], [241, 279], [45, 279]], '나을것 같은 분위기가"', 0.21653964700326395), ([[291, 237], [383, 237], [383, 273], [291, 273]], '응해줄데니드', 0.1991663618472272), ([[654, 728], [740, 728], [740, 758], [654, 758]], '그건 그렇고', 0.7327821080732873), ([[67, 761], [119, 761], [119, 797], [67, 797]], '예옛?', 0.8837949229102322), ([[662, 754], [734, 754], [734, 782], [662, 782]], '나만 전부', 0.9762795087905614), ([[652, 780], [748, 780], [748, 810], [652, 810]], '보여주다는건', 0.1292688327692988), ([[670, 808], [728, 808], [728, 838], [670, 838]], '돼지 좀', 0.12979550070448986), ([[646, 834], [754, 834], [754, 866], [646, 866]], '불공평한걸~?', 0.7254343762526775), ([[148, 932], [270, 932], [270, 964], [148, 964]], '와약] 잠깐만요', 0.3531273314599932), ([[162, 960], [256, 960], [256, 990], [162, 990]], '미사토 씨는', 0.9149297649419016), ([[162, 986], [256, 986], [256, 1018], [162, 1018]], '예전에 뜻번', 0.42120872552092836), ([[152, 1009], [265, 1009], [265, 1048], [152, 1048]], '보섞없장아외', 0.03892482137922642), ([[601, 1025], [681, 1025], [681, 1061], [601, 1061]], '신지 군도', 0.9958945521656579), ([[610, 1056], [676, 1056], [676, 1086], [610, 1086]], '전부다', 0.9954264339750443), ([[54, 1072], [124, 1072], [124, 1098], [54, 1098]], '에~에이앗', 0.8307103978198619), ([[62, 1094], [114, 1094], [114, 1120], [62, 1120]], '이제에!', 0.2354350984096527), ([[599, 1083], [685, 1083], [685, 1119], [599, 1119]], '벗어어넷', 0.4934318959712982), ([[46, 1116], [130, 1116], [130, 1146], [46, 1146]], '저항하지 마', 0.7102197812210345), ([[268.00019994001997, 766.100979706098], [300.55828472590844, 746.031265939415], [343.99980005998003, 824.899020293902], [311.44171527409156, 844.968734060585]], '중', 0.9842576800611482)]
[([[188, 76], [250, 76], [250, 108], [188, 108]], '불봉물곤', 0.020097052678465843), ([[618, 74], [704, 74], [704, 102], [618, 102]], '호오" 이거', 0.7244968111741718), ([[194, 104], [244, 104], [244, 132], [194, 132]], '맛있어', 0.9987066053791872), ([[618, 100], [704, 100], [704, 132], [618, 132]], '제법 괜찮은', 0.9838858232916479), ([[184, 128], [254, 128], [254, 156], [184, 156]], '보이는결?', 0.25947290409123763), ([[454, 122], [522, 122], [522, 154], [454, 154]], '젊다는건', 0.8171429634094238), ([[610, 128], [714, 128], [714, 158], [610, 158]], '평장률인데 !', 0.3858020363047956), ([[448, 150], [528, 150], [528, 182], [448, 182]], '좋은거네0', 0.6244285418329496), ([[104, 176], [146, 176], [146, 206], [104, 206]], '맛 좀', 0.8897461687973157), ([[94, 200], [156, 200], [156, 226], [94, 226]], '화도 돼?', 0.8829497579305883), ([[58, 472], [92, 472], [92, 498], [58, 498]], '에"', 0.562662967870233), ([[52, 496], [98, 496], [98, 524], [52, 524]], '맛 ?', 0.45480433054094666), ([[43, 693], [107, 693], [107, 729], [43, 729]], '우아앗 ', 0.21672964096069336), ([[714, 860], [794, 860], [794, 890], [714, 890]], '이5 이화', 0.20414746662541627), ([[146, 858], [170, 858], [170, 956], [146, 956]], '유', 0.05141932718945341), ([[663, 915], [759, 915], [759, 951], [663, 951]], '한심한 소리', 0.9760819672023061), ([[740, 890], [798, 890], [798, 922], [740, 922]], '그렇계', 0.5582486385994255), ([[756, 918], [798, 918], [798, 948], [756, 948]], '내지', 0.9999492555715007), ([[724, 948], [780, 948], [780, 980], [724, 980]], '말리구<', 0.23205293715000153)]
[([[520, 94], [560, 94], [560, 122], [520, 122]], '미"\'', 0.5751689374297978), ([[81, 123], [159, 123], [159, 159], [81, 159]], '아님]', 0.046652354167369875), ([[352, 118], [408, 118], [408, 150], [352, 150]], '아으옷', 0.6063484911222586), ([[502, 122], [584, 122], [584, 154], [502, 154]], '미사토 씨', 0.7787451644217769), ([[172, 186], [228, 186], [228, 216], [172, 216]], '흐아아', 0.4644868507307151), ([[48, 406], [102, 406], [102, 468], [48, 468]], '00', 0.03105719254824717)]
[([[643, 109], [683, 109], [683, 145], [643, 145]], '흐흡', 0.1624125609828107), ([[696, 110], [734, 110], [734, 142], [696, 142]], '잔뜩', 0.9988833754930823), ([[646, 140], [716, 140], [716, 172], [646, 172]], '싸버로네', 0.5272380709648132), ([[102, 190], [140, 190], [140, 218], [102, 218]], '죄"', 0.8153883206074057), ([[590, 176], [620, 176], [620, 210], [590, 210]], '[%', 0.16132664304245234), ([[86, 216], [158, 216], [158, 248], [86, 248]], '죄송해요', 0.9697383642196655), ([[587, 213], [607, 213], [607, 251], [587, 251]], '명', 0.8195228024875547), ([[488, 298], [544, 298], [544, 354], [488, 354]], '[무', 0.0028401735442325207), ([[43, 387], [107, 387], [107, 453], [43, 453]], "'!)", 0.4735007882118225), ([[698, 410], [790, 410], [790, 440], [698, 440]], '뒷어 뒷어~', 0.13938993524565607), ([[308, 446], [416, 446], [416, 478], [308, 478]], '오히려 맛핑게', 0.496369550610342), ([[665, 438], [787, 438], [787, 470], [665, 470]], '난 괜찮으니까이', 0.3655394999066827), ([[322, 474], [384, 474], [384, 506], [322, 506]], '잘 먹울:', 0.4687182086154431), ([[238, 594], [266, 594], [266, 630], [238, 630]], '딱', 0.020158902167225712), ([[31, 633], [51, 633], [51, 657], [31, 657]], '씨', 0.6695521818450665), ([[50, 577], [74, 577], [74, 703], [50, 703]], '#', 0.025265197560004005), ([[166, 942], [288, 942], [288, 972], [166, 972]], '너무 마신 다음에', 0.6645476122358717), ([[168, 968], [286, 968], [286, 998], [168, 998]], '손가락을 넣어서', 0.6919683553383026), ([[667, 973], [763, 973], [763, 1015], [667, 1015]], '우우육"', 0.9648005366325378), ([[155, 989], [299, 989], [299, 1029], [155, 1029]], '게워내는거 우책', 0.11474356604811847), ([[152, 1026], [302, 1026], [302, 1058], [152, 1058]], '자지가 목을 끼르는듯', 0.34315100709390756), ([[533, 1023], [599, 1023], [599, 1059], [533, 1059]], '불력"', 0.1619246746501426), ([[654, 1011], [772, 1011], [772, 1055], [654, 1055]], '우웨에액]', 0.262312353660358), ([[186, 1052], [262, 1052], [262, 1080], [186, 1080]], '움직여서"', 0.9736791153341201), ([[504, 1054], [626, 1054], [626, 1084], [504, 1084]], '신 광의 정액이;', 0.3596197005009263), ([[664, 1052], [764, 1052], [764, 1100], [664, 1100]], '웨에액집', 0.06803858280181885), ([[166, 1072], [286, 1072], [286, 1112], [166, 1112]], '우웨에에액}', 0.15001764793475422), ([[507, 1077], [625, 1077], [625, 1115], [507, 1115]], '귀액 맛 없어서', 0.25202092573602336), ([[505, 1109], [625, 1109], [625, 1147], [505, 1147]], '이러느계 키액', 0.3136521027254229), ([[528, 1144], [604, 1144], [604, 1174], [528, 1174]], '아니니까:', 0.5482375179573136)]
[([[536, 68], [654, 68], [654, 100], [536, 100]], '하아~ 취해서', 0.9986322000721313), ([[555, 97], [639, 97], [639, 135], [555, 135]], '들슬다고', 0.08898950677319034), ([[543, 129], [649, 129], [649, 165], [543, 165]], '해도 그렇지', 0.8369889167772775), ([[533, 159], [657, 159], [657, 195], [533, 195]], '바보갈은 짓을', 0.4390906899834051), ([[545, 191], [643, 191], [643, 227], [545, 227]], '해버력네"', 0.47993020914322504), ([[43, 379], [91, 379], [91, 415], [43, 415]], '더는', 0.985063335887255), ([[267, 373], [403, 373], [403, 409], [267, 409]], '하아" 그치만', 0.9836393713279847), ([[669, 393], [779, 393], [779, 429], [669, 429]], '그건 그렇고,', 0.7721038821820501), ([[43, 411], [179, 411], [179, 451], [43, 451]], '어떻제 활수가', 0.6166537031712003), ([[341, 409], [407, 409], [407, 445], [341, 445]], '오히려', 0.8667743802070618), ([[682, 426], [768, 426], [768, 458], [682, 458]], '신지 군이', 0.9880344119658393), ([[43, 445], [107, 445], [107, 483], [43, 483]], '없네"', 0.9909174798088023), ([[321, 439], [407, 439], [407, 481], [321, 481]], '끌어들여', 0.9810394048690796), ([[661, 453], [791, 453], [791, 491], [661, 491]], '그런 짓율 하는', 0.3082852074614956), ([[323, 475], [409, 475], [409, 513], [323, 513]], '버릇으니', 0.09521061182022095), ([[659, 482], [781, 482], [781, 524], [659, 524]], '아이엿다니 "', 0.18757904384813268), ([[443, 621], [587, 621], [587, 659], [443, 659]], '내가 잠들어있는', 0.5849492346740128), ([[443, 655], [507, 655], [507, 691], [443, 691]], '동안에', 0.9983855969293925), ([[443, 687], [525, 687], [525, 723], [443, 723]], '어디까지', 0.5286902189254761), ([[31, 721], [117, 721], [117, 759], [31, 759]], '여기서는', 0.40076136589050293), ([[323, 707], [419, 707], [419, 749], [323, 749]], '나 어째서', 0.9769080651370758), ([[443, 717], [533, 717], [533, 753], [443, 753]], '한 걸까 ', 0.5082487200005591), ([[30, 754], [135, 754], [135, 792], [30, 792]], '보호자로씨', 0.8308727821175279), ([[329, 741], [421, 741], [421, 783], [329, 783]], '낙심하고', 0.6339201331138611), ([[29, 787], [165, 787], [165, 827], [29, 827]], '엄하게 꾸칙고', 0.7503679424294698), ([[319, 775], [421, 775], [421, 817], [319, 817]], "'있는거야%|", 0.19242847441588906), ([[27, 821], [127, 821], [127, 861], [27, 861]], '끝내야 할;', 0.6405809748555091), ([[57, 1005], [109, 1005], [109, 1041], [57, 1041]], '으응?', 0.9996560180011806), ([[10.106744438546519, 567.050025503064], [68.74227545111563, 551.1920248301855], [96.89325556145349, 671.949974496936], [38.25772454888437, 687.8079751698145]], '꿀', 0.07621102413600056)]
[([[98, 412], [146, 412], [146, 444], [98, 444]], '시;', 0.7465557530407848), ([[83, 443], [163, 443], [163, 485], [83, 485]], '신지 군', 0.7987099885940552), ([[117, 487], [131, 487], [131, 513], [117, 513]], '2', 0.7721356142475635), ([[137, 753], [151, 753], [151, 789], [137, 789]], '(', 0.08059996733847186), ([[617, 715], [677, 715], [677, 787], [617, 787]], '사르', 0.0672255342401754), ([[367, 869], [437, 869], [437, 907], [367, 907]], '어어어,', 0.9329262971878052), ([[501, 865], [545, 865], [545, 901], [501, 901]], '역시', 0.9993025409173981), ([[335, 900], [473, 900], [473, 942], [335, 942]], '어떻제 하지"', 0.8075113612342653), ([[499, 897], [609, 897], [609, 937], [499, 937]], '중학생에계', 0.768696594371112), ([[661, 891], [797, 891], [797, 929], [661, 929]], '잠깐 " 이상한', 0.44714244579940365), ([[338, 937], [470, 937], [470, 975], [338, 975]], '그만두게 하지', 0.7621254637472142), ([[499, 933], [609, 933], [609, 971], [499, 971]], '필라치오는 ', 0.3953677048324579), ([[709, 923], [797, 923], [797, 961], [709, 961]], '스위치가', 0.9997642636299133), ([[361, 971], [449, 971], [449, 1009], [361, 1009]], '않으면"', 0.9699509739875793), ([[499, 963], [617, 963], [617, 1005], [499, 1005]], '자극이 너무', 0.8444742809879335), ([[667, 957], [785, 957], [785, 997], [667, 997]], '들어가 있어', 0.993602064299598), ([[359, 1005], [437, 1005], [437, 1041], [359, 1041]], '그치만"', 0.6952576041221619), ([[497, 999], [627, 999], [627, 1039], [497, 1039]], '강해단건가?', 0.2642236867044616), ([[94.37209906791931, 712.0395826365625], [151.84708187266517, 765.7728906651481], [120.62790093208069, 800.9604173634375], [63.152918127334836, 748.2271093348519]], '히손"', 0.005880514770780432), ([[717.5571443132419, 750.032866898721], [742.642287764221, 747.0695620757416], [750.4428556867581, 822.967133101279], [725.357712235779, 825.9304379242584]], '#', 0.4609764368574929)]
[([[84, 62], [148, 62], [148, 112], [84, 112]], '둘배', 0.07695159986102658), ([[661, 61], [793, 61], [793, 99], [661, 99]], '그치만 여기서', 0.9981540206786436), ([[359, 93], [407, 93], [407, 131], [359, 131]], '4시', 0.6521882204983325), ([[705, 93], [793, 93], [793, 133], [705, 133]], '거절하면', 0.9997260570526123), ([[681, 129], [795, 129], [795, 167], [681, 167]], '신지 군에게', 0.607590035901795), ([[659, 159], [795, 159], [795, 201], [659, 201]], '상처들 입히게', 0.4622549473765473), ([[271, 201], [337, 201], [337, 237], [271, 237]], '뛰문지', 0.2507900905904992), ([[667, 193], [795, 193], [795, 237], [667, 237]], '되지 않울까?', 0.31520117628786626), ([[271, 235], [379, 235], [379, 273], [271, 273]], '해주(다고', 0.16857927894045316), ([[269, 267], [365, 267], [365, 309], [269, 309]], '말한 직후', 0.9385978941798764), ([[271, 301], [321, 301], [321, 337], [271, 337]], '이고;', 0.7250589023622502), ([[15, 467], [61, 467], [61, 503], [15, 503]], '귀"', 0.8539480511411721), ([[343, 451], [387, 451], [387, 509], [343, 509]], '(', 0.9925344374569853), ([[13, 499], [123, 499], [123, 541], [13, 541]], '귀여워없이', 0.47238767894640826), ([[366, 504], [398, 504], [398, 538], [366, 538]], '0', 0.2170190228709581), ([[15, 535], [109, 535], [109, 573], [15, 573]], '신지 군0', 0.9832279754139638), ([[297, 551], [341, 551], [341, 603], [297, 603]], '#', 0.14809311811815462), ([[675, 851], [757, 851], [757, 889], [675, 889]], '싫엇"', 0.594588255953022), ([[625, 883], [757, 883], [757, 921], [625, 921]], '고간에 자지루', 0.5314047082620135), ([[651, 917], [757, 917], [757, 955], [651, 955]], '문질러대고', 0.9416296741283533), ([[691, 951], [759, 951], [759, 991], [691, 991]], '있어"', 0.8280540800857596), ([[45, 1011], [137, 1011], [137, 1049], [45, 1049]], '설마 넣고', 0.6852087502466778), ([[45, 1041], [145, 1041], [145, 1083], [45, 1083]], '싶은거야?', 0.9985528816458066), ([[45, 1075], [161, 1075], [161, 1117], [45, 1117]], '내 몸안에 병', 0.7912891163017113), ([[43, 1109], [145, 1109], [145, 1151], [43, 1151]], '싶은거야?', 0.9964129405776095), ([[22.44212591261643, 913.0390939795767], [50.44662778072674, 904.025012751532], [77.55787408738357, 991.9609060204233], [48.55337221927326, 1000.974987248468]], '7', 0.08677086977900572)]
[([[318, 502], [358, 502], [358, 528], [318, 528]], '미"', 0.9886742943108808), ([[504, 460], [704, 460], [704, 534], [504, 534]], '서습:|(', 0.0008800159902919462), ([[723, 493], [787, 493], [787, 529], [723, 529]], '아앗"', 0.9656855372812729), ([[300, 528], [376, 528], [376, 556], [300, 556]], '미사토 씨', 0.9951123631501572), ([[448, 532], [492, 532], [492, 560], [448, 560]], '드"', 0.9966358967433313), ([[751, 527], [791, 527], [791, 563], [751, 563]], '아?', 0.9984140455178111), ([[304, 554], [376, 554], [376, 584], [304, 584]], '저, 전"', 0.5677966314667654), ([[447, 561], [515, 561], [515, 601], [447, 601]], '들어와', 0.99415116427523), ([[703, 559], [779, 559], [779, 597], [703, 597]], '아아앗', 0.8475679506616202), ([[50, 580], [114, 580], [114, 612], [50, 612]], '신지 군', 0.5455490297802127), ([[445, 595], [513, 595], [513, 635], [445, 635]], '버끗어', 0.2368480513432238), ([[366, 794], [396, 794], [396, 824], [366, 824]], '0)', 0.20295210978298836), ([[294, 888], [396, 888], [396, 920], [294, 920]], '남자애구나"', 0.9419468994620361), ([[305, 915], [389, 915], [389, 951], [305, 951]], '응 좋아0', 0.5330388394843256), ([[495, 1039], [575, 1039], [575, 1075], [495, 1075]], '=   ;', 0.4260706763822176), ([[42, 1114], [142, 1114], [142, 1212], [42, 1212]], '(다', 0.14822063675534838), ([[526.0580336994191, 15.037027982621968], [635.8174027058152, 76.91457599309143], [585.9419663005809, 165.96297201737804], [476.18259729418475, 105.08542400690857]], '좁', 0.009567166339602418)]
[([[415, 53], [540, 53], [540, 95], [415, 95]], '어떻게 하지,', 0.6964489980997762), ([[678, 66], [756, 66], [756, 96], [678, 96]], '아-아"', 0.7400822628616478), ([[43, 87], [63, 87], [63, 117], [43, 117]], '후', 0.9998229820395501), ([[415, 89], [483, 89], [483, 127], [415, 127]], '위쪽도', 0.9730509674348489), ([[673, 95], [763, 95], [763, 135], [673, 135]], '분위기에', 0.9923231601715088), ([[36, 116], [70, 116], [70, 146], [36, 146]], '아후', 0.9914451691070523), ([[43, 145], [61, 145], [61, 175], [43, 175]], '응', 0.9993033430775746), ([[417, 123], [503, 123], [503, 161], [417, 161]], '아래쪽도', 0.9966506958007812), ([[613, 127], [766, 127], [766, 175], [613, 175]], '힘쓸려버로네"', 0.4057456339442849), ([[417, 157], [485, 157], [485, 195], [417, 195]], '하나가', 0.9977561439790307), ([[695, 164], [767, 164], [767, 203], [695, 203]], '보호자', 0.9976316771269812), ([[413, 189], [507, 189], [507, 231], [413, 231]], '되버로어;', 0.6672092977617505), ([[658, 196], [767, 196], [767, 239], [658, 239]], '실격이야"', 0.27596784770388993), ([[305, 291], [419, 291], [419, 333], [305, 333]], '이제 어떻게', 0.5338960665026111), ([[707, 311], [723, 311], [723, 337], [707, 337]], '응', 0.9990410720522647), ([[373, 329], [423, 329], [423, 367], [373, 367]], '되든', 0.7676887369720556), ([[313, 361], [423, 361], [423, 401], [313, 401]], '상관없어"', 0.9912414681912102), ([[264, 388], [424, 388], [424, 440], [264, 440]], "'기분 종으니까이", 0.34189274037002004), ([[31, 713], [49, 713], [49, 765], [31, 765]], '용', 0.818702729199746), ([[81, 879], [223, 879], [223, 922], [81, 922]], "'아양 신 장도", 0.9282779438104124), ([[83, 915], [197, 915], [197, 955], [83, 955]], '참  그렇제', 0.7422336225551286), ([[83, 949], [151, 949], [151, 987], [83, 987]], '허리틀', 0.09761964548137878), ([[83, 979], [207, 979], [207, 1021], [83, 1021]], '흔들어대고;"', 0.5049023922162303), ([[235.27164295927076, 245.06687198006216], [288.9979859011815, 276.87307981266093], [270.72835704072924, 306.93312801993784], [218.00201409881853, 275.12692018733907]], '버67 ,', 0.042307845765573636)]
[([[176, 96], [206, 96], [206, 122], [176, 122]], '후웃', 0.7351796243913634), ([[649, 117], [761, 117], [761, 159], [649, 159]], '정말이지~', 0.998519235946784), ([[41, 165], [185, 165], [185, 205], [41, 205]], '이런 자세로는', 0.9617384884314549), ([[660, 156], [760, 156], [760, 194], [660, 194]], '신장도 참', 0.9975064316701336), ([[41, 201], [185, 201], [185, 243], [41, 243]], '앞부분 밖에는', 0.483104352273421), ([[667, 189], [759, 189], [759, 231], [667, 231]], '필사적이', 0.9919489026069641), ([[43, 235], [135, 235], [135, 279], [43, 279]], '들어가지', 0.9997275471687317), ([[629, 227], [761, 227], [761, 269], [629, 269]], "'되가지고선0", 0.8602701215174084), ([[41, 273], [149, 273], [149, 315], [41, 315]], '않듣다구?', 0.29594010210192745), ([[359, 281], [401, 281], [401, 319], [359, 319]], '0@', 0.30893594865783924), ([[470, 282], [508, 282], [508, 308], [470, 308]], '@0', 0.7680143831880339), ([[728, 350], [792, 350], [792, 376], [728, 376]], '그러면~', 0.9968611001968384), ([[708, 376], [794, 376], [794, 406], [708, 406]], '허리지 조금', 0.426697044668326), ([[282, 412], [396, 412], [396, 444], [282, 444]], '이러면 마음대로', 0.9994903550835984), ([[728, 402], [796, 402], [796, 432], [728, 432]], '내려줄계', 0.3025219142436981), ([[290, 440], [388, 440], [388, 470], [290, 470]], '박울수 있지?', 0.3614310263870344), ([[658, 536], [706, 536], [706, 562], [658, 562]], '미사토', 0.9975560622940798), ([[716, 760], [758, 760], [758, 790], [716, 790]], '자아', 0.9947257803305543), ([[532, 884], [626, 884], [626, 916], [532, 916]], '신 장이 하고', 0.882502919608527), ([[546, 910], [612, 910], [612, 940], [546, 940]], '싶은대로', 0.9968224763870239), ([[528, 936], [626, 936], [626, 968], [528, 968]], '마음껏 해57', 0.1484376902614871)]
[([[453, 75], [529, 75], [529, 111], [453, 111]], '좋아앗"', 0.6974977548001257), ([[442, 104], [540, 104], [540, 136], [442, 136]], '좀데 좁더', 0.294179588787219), ([[454, 132], [528, 132], [528, 164], [454, 164]], '안쪽까지', 0.6853502988815308), ([[27, 91], [191, 91], [191, 255], [27, 255]], '구우', 0.12210137451229411), ([[460, 160], [524, 160], [524, 192], [460, 192]], '박아쥐]', 0.3032616674900055), ([[108, 300], [166, 300], [166, 332], [108, 332]], '마음껏', 0.999396424639094), ([[116, 328], [160, 328], [160, 358], [116, 358]], '수서', 0.2794223188531003), ([[91, 355], [185, 355], [185, 391], [91, 391]], '올려주엇0', 0.1589812759664174), ([[102, 386], [172, 386], [172, 418], [102, 418]], '신지 권', 0.9938797354698181), ([[26, 466], [58, 466], [58, 494], [26, 494]], '네"', 0.9844934633530935), ([[22, 492], [68, 492], [68, 524], [22, 524]], '네옛', 0.9710007424449915), ([[310, 816], [348, 816], [348, 848], [310, 848]], '아양', 0.7416681690058604), ([[552, 972], [594, 972], [594, 1004], [552, 1004]], '아0', 0.36352495951479563), ([[1, 1063], [45, 1063], [45, 1153], [1, 1153]], '8', 0.039423812916553835), ([[90, 1116], [144, 1116], [144, 1146], [90, 1146]], '아아앗', 0.6722095105447324)]
[([[703, 73], [797, 73], [797, 109], [703, 109]], '미사토 씨,', 0.976779444156464), ([[213, 115], [269, 115], [269, 153], [213, 153]], '좋아', 0.941622639679024), ([[710, 106], [792, 106], [792, 138], [710, 138]], '저 이제"', 0.9428518211503043), ([[726, 136], [794, 136], [794, 168], [726, 168]], '더는 !', 0.7554355263710022), ([[112, 162], [176, 162], [176, 194], [112, 194]], '그대로', 0.9999893320527347), ([[203, 149], [279, 149], [279, 185], [203, 185]], '와취"!', 0.5894874334335327), ([[97, 188], [191, 188], [191, 228], [97, 228]], '있는 힘껏', 0.6593125940540959), ([[95, 225], [195, 225], [195, 261], [95, 261]], '와취엇]]!', 0.24006290070904054), ([[491, 197], [677, 197], [677, 282], [491, 282]], '된 9', 0.019860985194236343), ([[73, 769], [185, 769], [185, 1007], [73, 1007]], '#', 0.030925236368269715), ([[372, 1000], [420, 1000], [420, 1104], [372, 1104]], '물', 0.5503194297526228), ([[301.82766145104114, 6.049171267389703], [470.7964821776295, 36.32108779099283], [445.17233854895886, 152.9508287326103], [276.2035178223705, 122.67891220900717]], '법{오', 0.0039339837395188145)]
[([[422, 104], [490, 104], [490, 134], [422, 134]], '응후후어', 0.24970272183418274), ([[404, 131], [508, 131], [508, 163], [404, 163]], '동정 졸업한거', 0.9730884904880531), ([[414, 160], [498, 160], [498, 190], [414, 190]], '축하해요~', 0.9952958260969323), ([[426, 188], [470, 188], [470, 218], [426, 218]], '신장', 0.7526011352219141), ([[346, 356], [432, 356], [432, 386], [346, 386]], '어머나아"', 0.4885674781215922), ([[350, 384], [428, 384], [428, 416], [350, 416]], '방금 전예', 0.48292336904101196), ([[344, 414], [434, 414], [434, 446], [344, 446]], '입으로 해내', 0.6203641241778242), ([[110, 434], [160, 434], [160, 460], [110, 460]], '아직도', 0.9998472777438084), ([[346, 442], [422, 442], [422, 474], [346, 474]], '엿는데도"', 0.5127355871191941), ([[90, 460], [184, 460], [184, 490], [90, 490]], '드포드뜻하다', 0.4386513986185107), ([[96, 486], [176, 486], [176, 518], [96, 518]], '넘처나오고', 0.43540665003620027), ([[104, 514], [168, 514], [168, 542], [104, 542]], '있네에~', 0.4215322434902191), ([[24, 558], [86, 558], [86, 588], [24, 588]], '죄 죄송', 0.9215477659782086), ([[28, 586], [66, 586], [66, 614], [28, 614]], '해요', 0.9999581062896108), ([[110, 589], [154, 589], [154, 669], [110, 669]], '꿀', 0.2622322891708997), ([[42, 722], [98, 722], [98, 748], [42, 748]], '사과하지', 0.9997469186782837), ([[719, 703], [759, 703], [759, 745], [719, 745]], '50', 0.05303220055161989), ([[48, 746], [94, 746], [94, 772], [48, 772]], '않아도', 0.9989189671194204), ([[38, 770], [104, 770], [104, 800], [38, 800]], '괜찮대뒤', 0.9001084566116333), ([[667, 823], [755, 823], [755, 863], [667, 863]], '신지 군의', 0.9975162020484953), ([[20, 870], [52, 870], [52, 894], [20, 894]], '내가', 0.9996291278794887), ([[406, 868], [448, 868], [448, 898], [406, 898]], '이거', 0.9994005558635197), ([[635, 856], [788, 856], [788, 895], [635, 895]], '첫 여자가 되다니', 0.6572855389287291), ([[20, 892], [88, 892], [88, 918], [20, 918]], '잠들어릿는', 0.4311356811601122), ([[152, 886], [190, 886], [190, 916], [152, 916]], '활까;', 0.5515184078917867), ([[318, 896], [372, 896], [372, 926], [318, 926]], '미사토', 0.9915451844850842), ([[388, 896], [472, 896], [472, 928], [388, 928]], '진심이다?', 0.9870291888690387), ([[645, 887], [773, 887], [773, 927], [645, 927]], '정말로 기뻐0', 0.7099285083622364), ([[20, 912], [104, 912], [104, 940], [20, 940]], '동안에 끝까지', 0.7818095141092474), ([[144, 910], [190, 910], [190, 938], [144, 938]], '정말로', 0.9999372313938736), ([[20, 936], [102, 936], [102, 962], [20, 962]], '해버려다거나', 0.5731733936646447), ([[130, 934], [190, 934], [190, 960], [130, 960]], '처음인거', 0.9954681992530823), ([[326, 926], [372, 926], [372, 954], [326, 954]], '씨', 0.9956980818092376), ([[20, 958], [50, 958], [50, 984], [20, 984]], '한건', 0.9390169686206205), ([[146, 956], [193, 956], [193, 989], [146, 989]], '맞아?  ', 0.31826610243626924), ([[20, 980], [84, 980], [84, 1006], [20, 1006]], '아니켓지?', 0.7644203928469853), ([[28, 1140], [84, 1140], [84, 1166], [28, 1166]], '처, 처음', 0.8559367687769287), ([[26, 1164], [84, 1164], [84, 1190], [26, 1190]], '이라고요', 0.9972438812255859)]
[([[732, 82], [792, 82], [792, 114], [732, 114]], "'그러면,", 0.5660257297537507), ([[594, 112], [656, 112], [656, 142], [594, 142]], '에 우위', 0.36285879257334613), ([[706, 110], [798, 110], [798, 140], [706, 140]], '계속 이어서', 0.9985600529035076), ([[322, 130], [402, 130], [402, 162], [322, 162]], '당연하지]', 0.5810855921400598), ([[588, 138], [652, 138], [652, 166], [588, 166]], '계, 계속"', 0.26807796848226817), ([[724, 138], [796, 138], [796, 170], [724, 170]], '해불까이', 0.5144633054733276), ([[322, 158], [400, 158], [400, 190], [322, 190]], '나는 전혀', 0.8939240673461005), ([[602, 162], [646, 162], [646, 188], [602, 188]], '이요?', 0.9946998431599796), ([[100, 174], [162, 174], [162, 204], [100, 204]], '이번에는', 0.8861595392227173), ([[305, 183], [419, 183], [419, 219], [305, 219]], '절정예 오르지', 0.70201318099878), ([[114, 200], [150, 200], [150, 224], [114, 224]], '내가', 0.999884603878996), ([[94, 224], [170, 224], [170, 254], [94, 254]], '움직일데니', 0.829481005286309), ([[224, 210], [404, 210], [404, 260], [224, 260]], '자자; 어서   못행다구', 0.25671952659039043), ([[228, 254], [308, 254], [308, 286], [228, 286]], '누으라고', 0.9949995875358582), ([[66, 320], [124, 320], [124, 352], [66, 352]], '신 장은', 0.6377781629562378), ([[52, 350], [138, 350], [138, 378], [52, 378]], '그저 자지루', 0.4204669419855256), ([[46, 374], [148, 374], [148, 406], [46, 406]], '발딱 세우고만', 0.8256334518408734), ([[52, 402], [136, 402], [136, 432], [52, 432]], '있으면 돼7', 0.27859606023136174), ([[200, 446], [242, 446], [242, 478], [200, 478]], '와앗', 0.6519556624375664), ([[233, 437], [373, 437], [373, 609], [233, 609]], "'벼", 0.022652964771060862), ([[132, 598], [164, 598], [164, 626], [132, 626]], '네', 0.9993935551065078), ([[459, 585], [525, 585], [525, 623], [459, 623]], '(1고*', 0.13061781227588654), ([[136, 624], [164, 624], [164, 652], [136, 652]], '옛', 0.9995135660582299), ([[676, 694], [798, 694], [798, 724], [676, 724]], '아무래도 신지에게', 0.3959698022253778), ([[242, 732], [342, 732], [342, 758], [242, 758]], '얘기틀 들어보면', 0.5046217747054206), ([[662, 720], [798, 720], [798, 750], [662, 750]], '미안하다고 생각되서', 0.9862570925494791), ([[240, 756], [344, 756], [344, 784], [240, 784]], '우리들이 한 짓율', 0.5265308758855745), ([[690, 744], [798, 744], [798, 774], [690, 774]], '돌아와 밟더니만', 0.23196353512276588), ([[262, 780], [322, 780], [322, 804], [262, 804]], '이카리가', 0.9495055675506592), ([[716, 770], [794, 770], [794, 796], [716, 796]], '뛰야 이게"', 0.4320347506408262), ([[244, 802], [338, 802], [338, 828], [244, 828]], '넘령이 손 결과', 0.11450332421350881), ([[648, 794], [798, 794], [798, 824], [648, 824]], '엄청난 전개가 뒷잡아?', 0.5771773896500791), ([[92, 818], [154, 818], [154, 844], [92, 844]], '아무래도', 0.9999286532402039), ([[242, 826], [340, 826], [340, 852], [242, 852]], '이렇제 되없다는', 0.5304602607411689), ([[92, 842], [172, 842], [172, 870], [92, 870]], '반 애들에게', 0.4968727030184181), ([[270, 850], [314, 850], [314, 874], [270, 874]], '거네: ', 0.27300289273262024), ([[92, 866], [204, 866], [204, 896], [92, 896]], '이것올 보여출 순', 0.6465177578863199), ([[92, 892], [150, 892], [150, 920], [92, 920]], '없젯어"', 0.7429282665252686), ([[48, 1014], [140, 1014], [140, 1042], [48, 1042]], '활수 있든지도?', 0.18810096830340506), ([[402, 996], [454, 996], [454, 1020], [402, 1020]], '아아아~', 0.9365707039833069), ([[409, 1019], [475, 1019], [475, 1039], [409, 1039]], '미사토 씨로', 0.9966289737640831), ([[453, 999], [479, 999], [479, 1019], [453, 1019]], '나도', 0.9999908119993876), ([[738, 976], [764, 976], [764, 1056], [738, 1056]], '$', 0.274878343056173), ([[76, 1038], [132, 1038], [132, 1066], [76, 1066]], '동영상을', 0.44671398401260376), ([[398, 1038], [486, 1038], [486, 1062], [398, 1062]], '동정 졸업햇으면', 0.8463301672864076), ([[73, 1063], [115, 1063], [115, 1083], [73, 1083]], '미끼로', 0.8338485738415992), ([[420, 1058], [464, 1058], [464, 1082], [420, 1082]], '중직대', 0.043933218421082575), ([[53, 1081], [134, 1081], [134, 1110], [53, 1110]], '협박하다거나', 0.6540305630175469), ([[711.2583685632087, 527.0693533850061], [740.9701425001454, 522.1194299994187], [752.7416314367913, 587.9306466149939], [723.0298574998546, 593.8805700005813]], '묶', 0.04579671496813398), ([[520.1051750205921, 532.1365600658949], [563.8266440708375, 541.9949709970356], [556.8948249794079, 569.8634399341051], [513.1733559291625, 560.0050290029644]], "('  ", 0.08197002112865448)]
[([[176, 110], [226, 110], [226, 136], [176, 136]], '좋아아]', 0.5134021639823914), ([[282, 100], [374, 100], [374, 130], [282, 130]], '미사토 씨:', 0.4653320803951981), ([[172, 132], [228, 132], [228, 158], [172, 158]], '얼마듣지', 0.8281232714653015), ([[292, 124], [364, 124], [364, 154], [292, 154]], '우아앗!', 0.6967422366142273), ([[704, 118], [748, 118], [748, 150], [704, 150]], '아앗', 0.7885603904848676), ([[44, 152], [114, 152], [114, 184], [44, 184]], '앞으로도', 0.9986944794654846), ([[174, 154], [226, 154], [226, 178], [174, 178]], '싸취에', 0.5313605755662107), ([[288, 150], [368, 150], [368, 180], [288, 180]], '저 또나와', 0.6960197100974416), ([[684, 144], [766, 144], [766, 176], [684, 176]], '좋아아아~', 0.9572712177117885), ([[44, 182], [114, 182], [114, 212], [44, 212]], '언제든지', 0.936891496181488), ([[298, 176], [358, 176], [358, 204], [298, 204]], '버려오', 0.4641182101273794), ([[696, 170], [758, 170], [758, 202], [696, 202]], '신 광의', 0.5714095234870911), ([[32, 206], [125, 206], [125, 242], [32, 242]], '원하는 만큼', 0.4465423182358719), ([[684, 198], [768, 198], [768, 230], [684, 230]], '자지 좋아]', 0.5131375769756055), ([[28, 236], [131, 236], [131, 266], [28, 266]], '해출테니까이', 0.5251209287005918), ([[692, 226], [758, 226], [758, 258], [692, 258]], '좋아아~', 0.9793258905410767), ([[195, 447], [237, 447], [237, 467], [195, 467]], '바보이', 0.507744521093699), ([[205, 467], [231, 467], [231, 485], [205, 485]], '그게', 0.9994787675736471), ([[184, 482], [248, 482], [248, 506], [184, 506]], '남자가 되서', 0.7257985294518622), ([[188, 500], [246, 500], [246, 524], [188, 524]], '활 짓이나', 0.5036158474586565), ([[106, 532], [132, 532], [132, 556], [106, 556]], '농담', 0.9985573654678918), ([[95, 551], [127, 551], [127, 571], [95, 571]], '이야', 0.9940265399907356), ([[398, 662], [464, 662], [464, 688], [398, 688]], '{저희들도', 0.2786258192946174), ([[716, 674], [766, 674], [766, 698], [716, 698]], '그렇지!', 0.8582355380058289), ([[384, 684], [470, 684], [470, 710], [384, 710]], '이카리군처럼', 0.7003861183297532), ([[686, 694], [794, 694], [794, 720], [686, 720]], '테이프록 바치고는', 0.2965796319881794), ([[384, 708], [470, 708], [470, 734], [384, 734]], '보살펴주시면', 0.8997997211140821), ([[702, 716], [778, 716], [778, 740], [702, 740]], '엎드려 빌펴', 0.5015470139438379), ([[312, 736], [364, 736], [364, 760], [312, 760]], '토우지는', 0.6149749755859375), ([[386, 730], [462, 730], [462, 756], [386, 756]], '안돌까요?3', 0.04395323669938767), ([[700, 736], [780, 736], [780, 760], [700, 760]], '"부탁입니다}', 0.6329611575417606), ([[298, 756], [340, 756], [340, 782], [298, 782]], '남자의', 0.9824960332024317), ([[398, 752], [456, 752], [456, 778], [398, 778]], '라면서]', 0.2237658053636551), ([[696, 754], [786, 754], [786, 780], [696, 780]], '라고 하느거야!', 0.6329902006410049), ([[300, 778], [364, 778], [364, 804], [300, 804]], '귀감이네:"', 0.27299162052363524), ([[640, 876], [728, 876], [728, 906], [640, 906]], '좀기다려화', 0.6405138251915037), ([[122, 906], [208, 906], [208, 936], [122, 936]], '함께" 함께', 0.48933238339236196), ([[652, 902], [710, 902], [710, 930], [652, 930]], '신지 군', 0.5943263173103333), ([[128, 932], [202, 932], [202, 962], [128, 962]], '가느거야', 0.5751997828483582), ([[630, 926], [738, 926], [738, 956], [630, 956]], '나도이제 갈거', 0.994852211358761), ([[644, 950], [724, 950], [724, 982], [644, 982]], '같으니까%', 0.31583996944744847), ([[216, 1034], [258, 1034], [258, 1058], [216, 1058]], '그런;', 0.39719909463845937), ([[206, 1054], [266, 1054], [266, 1080], [206, 1080]], '더 이상온', 0.4235444719737012)]
[([[656, 624], [694, 624], [694, 656], [656, 656]], '[태째', 0.007191436440729099), ([[331, 759], [371, 759], [371, 899], [331, 899]], '품', 0.06992991644214985), ([[348, 1122], [454, 1122], [454, 1196], [348, 1196]], '|', 0.001959049404818336), ([[390, 1212], [420, 1212], [420, 1236], [390, 1236]], "'92", 0.44279153218530704)]
[([[472, 338], [530, 338], [530, 366], [472, 366]], '""저기', 0.9050635695457458), ([[455, 363], [551, 363], [551, 399], [455, 399]], '지금 팬편의', 0.20184384319569548), ([[466, 394], [538, 394], [538, 426], [466, 426]], '울음소리', 0.9999105930328369), ([[457, 421], [547, 421], [547, 457], [457, 457]], '안 틀3어?', 0.11945523036355178), ([[705, 669], [721, 669], [721, 693], [705, 693]], '0', 0.6000402021020115), ([[36, 720], [122, 720], [122, 752], [36, 752]], '하아하아', 0.9841412901878357), ([[32, 750], [130, 750], [130, 782], [32, 782]], '머, 먹이라면', 0.44065928630620693), ([[52, 780], [110, 780], [110, 812], [52, 812]], '제대로', 0.9999885749731856), ([[46, 810], [118, 810], [118, 842], [46, 842]], '젖는데"', 0.06683076918125153), ([[80, 952], [114, 952], [114, 976], [80, 976]], '아"', 0.8117436731928077), ([[190, 940], [238, 940], [238, 966], [190, 966]], '뭐-얘!', 0.2646832764148712), ([[590, 940], [664, 940], [664, 970], [590, 970]], '9지 성이', 0.23230571030313207), ([[176, 962], [250, 962], [250, 988], [176, 988]], '여기는 벌써', 0.6079219270681907), ([[576, 968], [678, 968], [678, 998], [576, 998]], '차지 않으니까', 0.9167115346232529), ([[186, 984], [244, 984], [244, 1010], [186, 1010]], '불결대고', 0.1722825643034279), ([[198, 1006], [230, 1006], [230, 1030], [198, 1030]], '있는', 0.3857898633119794), ([[456, 998], [488, 998], [488, 1040], [456, 1040]], '예사', 0.056135232463544606), ([[596, 994], [652, 994], [652, 1022], [596, 1022]], '한번 더', 0.9984047009317613), ([[188, 1026], [240, 1026], [240, 1052], [188, 1052]], '주제에]', 0.3562984764575958), ([[584, 1020], [664, 1020], [664, 1052], [584, 1052]], '하자구우이', 0.42902802530954715), ([[52, 1074], [148, 1074], [148, 1128], [52, 1128]], '[디2', 0.0028205761088126325)]
[([[9, 5], [472, 5], [472, 128], [9, 128]], '[,어;@~거', 0.0006645892284749706), ([[17, 123], [479, 123], [479, 163], [17, 163]], '^어나+ 교리79운 {,라,-|하+아7 {@3금', 6.501936840993425e-07), ([[296, 192], [742, 192], [742, 314], [296, 314]], '작업 후기', 0.999398386674847), ([[835, 221], [1036, 221], [1036, 285], [835, 285]], '{술@@@@`킬(', 8.7683293010432e-05), ([[989, 277], [1043, 277], [1043, 291], [989, 291]], '모끼저하기', 0.0008076264450158666), ([[278, 584], [446, 584], [446, 632], [278, 632]], '마법의 네마디', 0.9602468908612174), ([[282, 628], [722, 628], [722, 682], [282, 682]], '1.나는 날마다 번역 실력이 늘고 있다', 0.7204573401941686), ([[24, 678], [200, 678], [200, 730], [24, 730]], '역자 후기', 0.42604801895546457), ([[280, 673], [828, 673], [828, 725], [280, 725]], '2 나는 이 번역 작업하는 것이 미치도록 즐겁다', 0.6250421287902175), ([[280, 720], [884, 720], [884, 770], [280, 770]], '3, 나의 미래는 현재, 나의 생각과 행동의로 이어진다:', 0.4556699809669527), ([[280, 762], [944, 762], [944, 814], [280, 814]], '4 남과 비교하지 말고 나 자신의 어제와 오늘올 비교하자', 0.7507830509548564), ([[288, 984], [839, 984], [839, 1038], [288, 1038]], '오나의 여산님((집으로도 유명하 씨클이조앙""', 0.06620850676281273), ([[286, 1030], [870, 1030], [870, 1082], [286, 1082]], '네토라레나 강간 전개가 되도 끝은 항상 개그요소가', 0.48258219830835514), ([[285, 1073], [879, 1073], [879, 1127], [285, 1127]], '들어가서 부담이 덜하달까 아니면 망중명중하다거나', 0.45223524950450755), ([[18, 1110], [194, 1110], [194, 1162], [18, 1162]], '식자 후기', 0.9949012517202325), ([[285, 1120], [670, 1120], [670, 1170], [285, 1170]], '호불호가 약간 갈리논 작가입니다', 0.5698079587735959), ([[286, 1212], [568, 1212], [568, 1260], [286, 1260]], '13.01,18 깥 -)감숨,-긋', 0.000612917659949825), ([[387, 1379], [927, 1379], [927, 1420], [387, 1420]], '프로직트거팀 (이하 팀서) 예서 함께 작업하실', 0.3025543938572863), ([[417, 1417], [897, 1417], [897, 1453], [417, 1453]], '신규 번역자분들올 모집하고 있습니다 .', 0.6126946593269653), ([[31, 1437], [185, 1437], [185, 1477], [31, 1477]], '팀원모집중', 0.9989216958535109), ([[351, 1451], [961, 1451], [961, 1489], [351, 1489]], '번역 또는 포토잡이 가능한 역자 , 식자분들께서논', 0.3580547680622718), ([[269, 1487], [1041, 1487], [1041, 1523], [269, 1523]], ';서-룹하7응서-4,의@^+<리;답<어값 으로 연락주시기 바람니다 .', 4.534739994799438e-06), ([[963.3273272060037, 276.2600599266041], [988.9805806756909, 279.8038838648618], [987.6726727939963, 288.7399400733959], [962.0194193243091, 285.1961161351382]], '뽑9', 0.003938378825749848)]
