2065363
71
[([[55, 13], [151, 13], [151, 49], [55, 49]], '`.-.마.', 0.00027839719927821497), ([[19, 433], [360, 433], [360, 583], [19, 583]], '콤패#', 0.004556898734166907), ([[31, 557], [456, 557], [456, 694], [31, 694]], '특_야하드', 0.00691210336589397)]
[]
[]
[]
[]
[]
[]
[([[720, 148], [756, 148], [756, 178], [720, 178]], '마.', 0.9906913752473887), ([[693, 173], [805, 173], [805, 213], [693, 213]], '마에다군', 0.9249095320701599), ([[36, 462], [150, 462], [150, 494], [36, 494]], '왜 그래?', 0.9673089931220382), ([[636, 970], [670, 970], [670, 1000], [636, 1000]], '또', 0.9999581579770656), ([[636, 1000], [694, 1000], [694, 1030], [636, 1030]], '내가', 0.9995978584586408), ([[596, 1026], [731, 1026], [731, 1066], [596, 1066]], '달래략으면', 0.16050915287045894), ([[613, 1059], [715, 1059], [715, 1095], [613, 1095]], '중직어?', 0.1874174326658249), ([[228, 1125], [374, 1125], [374, 1199], [228, 1199]], '>', 0.08021894970158261)]
[([[692, 120], [757, 120], [757, 291], [692, 291]], '8', 0.4677120338048013), ([[115, 273], [179, 273], [179, 309], [115, 309]], '아양.', 0.6866840140209612), ([[581, 921], [693, 921], [693, 957], [581, 957]], '마에다군', 0.9177849888801575), ([[610, 954], [664, 954], [664, 986], [610, 986]], '거긴', 0.906377653191754), ([[581, 981], [667, 981], [667, 1017], [581, 1017]], '안돼앗', 0.8111614093298934), ([[608, 1014], [640, 1014], [640, 1046], [608, 1046]], '앗', 0.5472077046379695), ([[581, 1041], [693, 1041], [693, 1077], [581, 1077]], '아아양 9', 0.6560891015501562)]
[([[70, 218], [190, 218], [190, 248], [70, 248]], '아9 아9', 0.7205862530283984), ([[716, 146], [759, 146], [759, 301], [716, 301]], '%', 0.7806522609318023), ([[88, 248], [170, 248], [170, 280], [88, 280]], '아앗 9', 0.8494489789009094), ([[43, 275], [219, 275], [219, 313], [43, 313]], '기분 좋아앗 0', 0.5670527174090765), ([[91, 307], [175, 307], [175, 343], [91, 343]], '질내에', 0.9749444723129272), ([[51, 337], [213, 337], [213, 373], [51, 373]], '질질적하고', 0.10873288655810834), ([[79, 367], [159, 367], [159, 403], [79, 403]], '있어엇', 0.8674392460887045), ([[589, 937], [687, 937], [687, 973], [589, 973]], '아아 9', 0.8536853790283203), ([[557, 969], [719, 969], [719, 1011], [557, 1011]], '마에다구운', 0.8881962196761253), ([[555, 1009], [723, 1009], [723, 1045], [555, 1045]], '나 가버려 9', 0.7610111444625723), ([[559, 1041], [687, 1041], [687, 1085], [559, 1085]], '가버려엇', 0.9415593147277832)]
[([[707, 145], [749, 145], [749, 189], [707, 189]], '후', 0.999900581923626), ([[707, 187], [777, 187], [777, 225], [707, 225]], '아9', 0.7240056595871827), ([[563, 987], [635, 987], [635, 1031], [563, 1031]], '잔뜩', 0.9995135757322757), ([[563, 1029], [665, 1029], [665, 1071], [563, 1071]], '삶네 9', 0.32296764443609455)]
[]
[]
[]
[]
[([[34, 124], [64, 124], [64, 160], [34, 160]], '응', 0.9995226237809653), ([[97, 125], [153, 125], [153, 161], [97, 161]], '앗 9', 0.2983924296975072), ([[63, 149], [126, 149], [126, 192], [63, 192]], '탓층', 0.34084123989940873), ([[37, 183], [99, 183], [99, 219], [37, 219]], '안돼', 0.7555709511934754), ([[125, 187], [145, 187], [145, 211], [125, 211]], '애', 0.08738799184051516), ([[59, 313], [171, 313], [171, 471], [59, 471]], '쇼', 0.50073993362561), ([[50, 668], [124, 668], [124, 698], [50, 698]], '그렇게', 0.884049667247937), ([[20, 696], [154, 696], [154, 728], [20, 728]], '세게 유두릎', 0.38974487360244814), ([[50, 724], [110, 724], [110, 756], [50, 756]], '빨면.', 0.9811721265128367), ([[36, 752], [114, 752], [114, 784], [36, 784]], '아아양', 0.8092845243679451), ([[59, 867], [251, 867], [251, 911], [59, 911]], '1조라도 곁에', 0.5586314024512443), ([[772, 974], [822, 974], [822, 1004], [772, 1004]], '후우', 0.9970539435466758), ([[11, 991], [86, 991], [86, 1024], [11, 1024]], '방과후', 0.9997255977144922), ([[774, 1002], [820, 1002], [820, 1028], [774, 1028]], '역시', 0.9998789563968591), ([[24, 1022], [74, 1022], [74, 1046], [24, 1046]], '까지', 0.9996660447073754), ([[332, 1016], [378, 1016], [378, 1044], [332, 1044]], '저기', 0.9999893790106953), ([[750, 1028], [842, 1028], [842, 1056], [750, 1056]], '모모코의', 0.5718969462732767), ([[6, 1048], [90, 1048], [90, 1078], [6, 1078]], '참을 수', 0.6935305994201968), ([[330, 1042], [380, 1042], [380, 1074], [330, 1074]], '탓층', 0.840933101693121), ([[758, 1056], [834, 1056], [834, 1086], [758, 1086]], '가슴은', 0.9974648301329747), ([[18, 1073], [81, 1073], [81, 1106], [18, 1106]], '없어?', 0.9999882308461432), ([[746, 1082], [845, 1082], [845, 1114], [746, 1114]], '못 참젯어', 0.4106858022417819), ([[410, 1104], [512, 1104], [512, 1152], [410, 1152]], '하룻!', 0.16700296479468468), ([[679.2829934723758, 318.01837271132774], [783.7682666754356, 301.51667080195693], [816.7170065276242, 540.9816272886723], [712.2317333245644, 557.4833291980431]], '푹', 0.42537624768005244), ([[103.91936183808474, 517.0839157637423], [157.05449426728532, 497.0798813709401], [192.08063816191526, 594.9160842362577], [138.94550573271468, 615.92011862906]], '꼴', 0.021685023474722565), ([[646.5315373569958, 781.0568319052461], [775.1865805139115, 725.269124296276], [856.4684626430042, 947.9431680947539], [727.8134194860885, 1003.730875703724]], '줄', 0.058556542227244046)]
[([[730, 46], [804, 46], [804, 76], [730, 76]], '무리야', 0.9999725386698679), ([[691, 69], [837, 69], [837, 106], [691, 106]], '나는 1조라도', 0.4135522274983722), ([[392, 94], [424, 94], [424, 126], [392, 126]], '앗', 0.23294878995635404), ([[702, 100], [828, 100], [828, 128], [702, 128]], '더 모모코와', 0.9983599007978852), ([[363, 121], [475, 121], [475, 157], [363, 157]], '하아앙 9', 0.4635768993533715), ([[740, 126], [792, 126], [792, 158], [740, 158]], '함께', 0.9998194476753847), ([[697, 151], [836, 151], [836, 187], [697, 187]], '잇고 싶다고!', 0.5833068397027839), ([[575, 461], [779, 461], [779, 583], [575, 583]], '스 ', 0.002299141373785842), ([[42, 680], [98, 680], [98, 712], [42, 712]], '나도', 0.9999872716754757), ([[41, 707], [99, 707], [99, 745], [41, 745]], '같은', 0.9862997482463782), ([[15, 737], [129, 737], [129, 775], [15, 775]], '마음이야', 0.9458650507164477), ([[27, 769], [89, 769], [89, 805], [27, 805]], '아앗', 0.8733225925704731), ([[740, 904], [790, 904], [790, 934], [740, 934]], '앗9', 0.19054571501289666), ([[728, 932], [798, 932], [798, 958], [728, 958]], '아아 9', 0.35366159677505493), ([[742, 958], [790, 958], [790, 988], [742, 988]], '닷층', 0.1479717467742424), ([[718, 984], [792, 984], [792, 1016], [718, 1016]], '나도옷', 0.9948703421374387), ([[533.6296082830172, 157.06273028488724], [631.7034505242307, 105.01650383388578], [720.3703917169828, 295.93726971511273], [622.2965494757693, 347.9834961661142]], '줄', 0.8886610927584684), ([[7.310302984910027, 478.0340601475913], [59.50959316905127, 460.0185735839976], [101.68969701508998, 592.9659398524087], [50.49040683094873, 610.9814264160024]], '푹', 0.34573670959119696)]
[([[56, 14], [224, 14], [224, 188], [56, 188]], '자', 0.9561300466620573), ([[692, 132], [748, 132], [748, 160], [692, 160]], '아아', 0.999813041699226), ([[666, 158], [798, 158], [798, 190], [666, 190]], '맛증의 자지', 0.6024012157458675), ([[662, 184], [799, 184], [799, 221], [662, 221]], '깊숙한 곳에', 0.6278688159193241), ([[48, 212], [156, 212], [156, 242], [48, 242]], '앗9 앗9', 0.47892932428126295), ([[671, 213], [789, 213], [789, 249], [671, 249]], '들어쨌어 9', 0.3166514653876556), ([[49, 234], [133, 234], [133, 272], [49, 272]], '하아양', 0.49926131074492874), ([[78, 268], [128, 268], [128, 294], [78, 294]], '저기', 0.9999643484681607), ([[50, 294], [156, 294], [156, 326], [50, 326]], '이어진 곳', 0.9969257627972924), ([[72, 322], [138, 322], [138, 352], [72, 352]], '보여?', 0.9323368072509766), ([[621, 546], [714, 546], [714, 757], [621, 757]], '"', 0.0019020766957551644), ([[682, 336], [835, 336], [835, 709], [682, 709]], '죽', 0.07322811328322487), ([[65, 723], [171, 723], [171, 763], [65, 763]], '아아 9', 0.3850135922588858), ([[83, 761], [157, 761], [157, 805], [83, 805]], '닷층', 0.09745489345435378), ([[53, 801], [183, 801], [183, 845], [53, 845]], '같이잇 9', 0.5905845250644706), ([[85, 843], [155, 843], [155, 885], [85, 885]], '같이', 0.9998340297448893), ([[51, 881], [185, 881], [185, 925], [51, 925]], '가주엇 9', 0.5507065764951456), ([[668, 820], [814, 820], [814, 1192], [668, 1192]], '줄', 0.016359306887965497), ([[57.89671018767993, 973.0304543970067], [269.5978996304906, 1031.643497479495], [219.10328981232007, 1193.9695456029933], [7.40210036950943, 1135.356502520505]], '4써', 0.04105836153755611)]
[([[0, 0], [235, 0], [235, 159], [0, 159]], '6', 0.21594330493600467), ([[745, 35], [815, 35], [815, 95], [745, 95]], '아', 0.29426061470998377), ([[742, 100], [816, 100], [816, 238], [742, 238]], '양', 0.9912225348675783), ([[27, 509], [165, 509], [165, 593], [27, 593]], '7', 0.8008703761578353), ([[408, 508], [581, 508], [581, 600], [408, 600]], '기뻐', 0.309078117600991), ([[176, 652], [206, 652], [206, 688], [176, 688]], '응', 0.9997680321763625), ([[269, 665], [334, 665], [334, 706], [269, 706]], '같이', 0.9998849410424042), ([[570, 670], [648, 670], [648, 698], [570, 698]], '모모코', 0.9992772982595383), ([[271, 701], [335, 701], [335, 741], [271, 741]], '돌아', 0.999966198394819), ([[262, 740], [352, 740], [352, 772], [262, 772]], '가자 9', 0.9213496128836384), ([[765, 901], [823, 901], [823, 939], [765, 939]], '덧층', 0.06464834236255025), ([[704, 1108], [728, 1108], [728, 1140], [704, 1140]], '응', 0.9993446947174931), ([[44, 1160], [110, 1160], [110, 1188], [44, 1188]], '.꼴지', 0.0065697876017775676), ([[25.151471862576145, 615.060303038033], [110.90220138624977, 646.921102972406], [91.84852813742386, 696.939696961967], [6.097798613750228, 666.078897027594]], '*3', 0.019649226036059553)]
[]
[]
[]
[]
[]
[]
[]
[([[567, 481], [609, 481], [609, 497], [567, 497]], '"?판', 0.01488601384589174)]
[]
[]
[]
[]
[]
[]
[]
[]
[]
[([[266.69102647134787, 342.2242350038741], [333.74853943386216, 288.02336905820533], [425.30897352865213, 416.7757649961259], [357.25146056613784, 471.97663094179467]], '쏘', 0.2248724333049381)]
[]
[([[469, 93], [585, 93], [585, 129], [469, 129]], '모리시마', 0.7206705465891011), ([[487, 127], [569, 127], [569, 163], [487, 163]], '선배!', 0.8717692157231058), ([[73, 351], [125, 351], [125, 389], [73, 389]], '응?', 0.9994212042550683), ([[56, 554], [370, 554], [370, 602], [56, 602]], '선배와 인형률 플렉이', 0.5342888248556624), ([[245, 711], [318, 711], [318, 742], [245, 742]], '까아~', 0.9958380443988228), ([[772, 698], [830, 698], [830, 730], [772, 730]], '타치', 0.9963305630206818), ([[9, 689], [47, 689], [47, 781], [9, 781]], '주', 0.05576154261711963), ([[258, 740], [334, 740], [334, 772], [258, 772]], '종마군', 0.9520726127546778), ([[358, 674], [526, 674], [526, 824], [358, 824]], '>중', 0.014568262482446808), ([[770, 730], [832, 730], [832, 762], [770, 762]], '바나', 0.42025904158240884), ([[270, 770], [320, 770], [320, 796], [270, 796]], '이다', 0.9995096144953515), ([[770, 764], [830, 764], [830, 796], [770, 796]], '예요', 0.9613593525044068), ([[260, 796], [332, 796], [332, 826], [260, 826]], '귀여워', 0.9017837743176301), ([[388, 894], [464, 894], [464, 1086], [388, 1086]], '왕', 0.32788530746120514), ([[24, 1004], [72, 1004], [72, 1170], [24, 1170]], '%', 0.009923253653726372), ([[684.3423026518487, 1058.0861054577476], [797.1393225330542, 1020.8478594284094], [840.6576973481513, 1185.9138945422524], [728.8606774669458, 1222.1521405715905]], '꼴', 0.025505124802151835)]
[([[354, 18], [446, 18], [446, 50], [354, 50]], '동네에서', 0.9988393187522888), ([[20, 34], [64, 34], [64, 64], [20, 64]], '엄청', 0.8793133349480005), ([[280, 46], [326, 46], [326, 74], [280, 74]], '그럼', 0.6011027749897264), ([[368, 44], [434, 44], [434, 72], [368, 72]], '우연히', 0.9999960081211735), ([[770, 46], [820, 46], [820, 74], [770, 74]], '저기', 0.999988873250124), ([[26, 58], [56, 58], [56, 88], [26, 88]], '잘', 0.9998719733209924), ([[272, 70], [320, 70], [320, 96], [272, 96]], '구나', 0.9999461367524911), ([[364, 68], [436, 68], [436, 100], [364, 100]], '뵙는데', 0.2361444413117294), ([[770, 74], [818, 74], [818, 100], [770, 100]], '이거', 0.99996796854539), ([[8, 84], [76, 84], [76, 114], [8, 114]], '어울린', 0.9950336231658438), ([[374, 94], [422, 94], [422, 120], [374, 120]], '나도', 0.999997049721879), ([[16, 110], [64, 110], [64, 134], [16, 134]], '다고', 0.9999732790026099), ([[366, 118], [434, 118], [434, 144], [366, 144]], '모르게', 0.9989899162814774), ([[758, 102], [832, 102], [832, 134], [758, 134]], '어떻게', 0.8095817760836731), ([[0, 134], [72, 134], [72, 164], [0, 164]], '생각해', 0.9998004774977343), ([[356, 144], [444, 144], [444, 170], [356, 170]], '사버리고', 0.9999852776527405), ([[746, 130], [844, 130], [844, 160], [746, 160]], '된 거야?', 0.8850772658669502), ([[352, 168], [452, 168], [452, 200], [352, 200]], '말있어요!', 0.27947764453630425), ([[442, 364], [510, 364], [510, 392], [442, 392]], '하지만', 0.9999549882486429), ([[562, 356], [622, 356], [622, 382], [562, 382]], '선배가', 0.9992296757677961), ([[25, 365], [71, 365], [71, 407], [25, 407]], '그', 0.9999954700521272), ([[297, 355], [335, 355], [335, 435], [297, 435]], '앞', 0.20481217893763315), ([[444, 390], [512, 390], [512, 418], [444, 418]], '그래선', 0.9995532669504015), ([[544, 378], [640, 378], [640, 404], [544, 404]], '기뻐한다면', 0.9990812242129606), ([[780, 376], [828, 376], [828, 400], [780, 400]], '고마', 0.999994015152757), ([[570, 402], [612, 402], [612, 426], [570, 426]], '계속', 0.9999743748122707), ([[776, 400], [830, 400], [830, 426], [776, 426]], '워요!', 0.9409944892554448), ([[12, 406], [92, 406], [92, 458], [12, 458]], '그럴', 0.40776266208881295), ([[438, 414], [516, 414], [516, 444], [438, 444]], '야한 건', 0.6569992857001506), ([[562, 426], [622, 426], [622, 450], [562, 450]], '이렇게', 0.769322294325727), ([[432, 440], [522, 440], [522, 470], [432, 470]], '못한다구', 0.897346019744873), ([[570, 448], [614, 448], [614, 476], [570, 476]], '있을', 0.12270219356070221), ([[0, 453], [109, 453], [109, 497], [0, 497]], '수가!', 0.5203915370408022), ([[548, 470], [636, 470], [636, 496], [548, 496]], '정도예요!', 0.9653341232530267), ([[608, 760], [660, 760], [660, 788], [608, 788]], '너의', 0.9999533859037634), ([[170, 804], [204, 804], [204, 832], [170, 832]], '6', 0.11904568706031515), ([[194, 766], [250, 766], [250, 826], [194, 826]], '올리', 0.7488864280095817), ([[219, 801], [273, 801], [273, 837], [219, 837]], '까?', 0.9968853375091081), ([[603, 789], [667, 789], [667, 825], [603, 825]], '위1에', 0.38484381983578553), ([[203, 815], [223, 815], [223, 841], [203, 841]], '군', 0.3027006756178743), ([[702, 1064], [776, 1064], [776, 1088], [702, 1088]], '아 그래', 0.9163953392267781), ([[718, 1086], [762, 1086], [762, 1114], [718, 1114]], '졸은', 0.17519425296896932), ([[689, 1109], [789, 1109], [789, 1135], [689, 1135]], '아이디어가', 0.8485807875077511), ([[708, 1134], [752, 1134], [752, 1162], [708, 1162]], '있어', 0.9275381519698923)]
[([[464, 44], [516, 44], [516, 70], [464, 70]], '하아', 0.9999801910386653), ([[542, 46], [566, 46], [566, 74], [542, 74]], '응', 0.9994188199712539), ([[492, 68], [564, 68], [564, 100], [492, 100]], '종마군', 0.6641984273066251), ([[350, 1], [449, 1], [449, 206], [350, 206]], '꿀', 0.05797679322313365), ([[468, 96], [516, 96], [516, 120], [468, 120]], '아아', 0.9997477182865775), ([[468, 120], [570, 120], [570, 148], [468, 148]], '거기 좋아.', 0.9260061584884741), ([[520, 96], [586, 96], [586, 122], [520, 122]], '거기 9', 0.9476139643932359), ([[504, 144], [528, 144], [528, 174], [504, 174]], '옷', 0.8079165783810858), ([[24, 384], [102, 384], [102, 414], [24, 414]], '좀 더엇', 0.7401223118103932), ([[44, 410], [100, 410], [100, 438], [44, 438]], '좀 더', 0.9995907545089722), ([[28, 434], [118, 434], [118, 466], [28, 466]], '찾아주 9', 0.1935545208589918), ([[788, 474], [822, 474], [822, 500], [788, 500]], '아.', 0.9014694371583464), ([[801, 497], [821, 497], [821, 525], [801, 525]], '옷', 0.9086752043575785), ([[70, 508], [160, 508], [160, 737], [70, 737]], '쥐', 0.7807958279672143), ([[499, 711], [586, 711], [586, 860], [499, 860]], '7', 0.09999935780278779), ([[610, 818], [662, 818], [662, 848], [610, 848]], '아앗 드', 0.8417397737503052), ([[416, 938], [464, 938], [464, 964], [416, 964]], '내가', 0.9998658070716666), ([[282, 954], [374, 954], [374, 986], [282, 986]], '응아 . 앗', 0.41190426396676244), ([[406, 964], [474, 964], [474, 988], [406, 988]], '위에서', 0.9990766940114383), ([[752, 962], [804, 962], [804, 992], [752, 992]], '후후 .', 0.9723917482125732), ([[11, 935], [123, 935], [123, 1063], [11, 1063]], '뱃', 0.0041836135787411965), ([[294, 980], [364, 980], [364, 1010], [294, 1010]], '단단해', 0.9994616662355346), ([[396, 988], [484, 988], [484, 1018], [396, 1018]], '움직여서', 0.9983377456665039), ([[774, 988], [824, 988], [824, 1018], [774, 1018]], '야한', 0.9987187234739672), ([[405, 1011], [470, 1011], [470, 1040], [405, 1040]], '잔~뜩', 0.40607901110373684), ([[764, 1014], [834, 1014], [834, 1044], [764, 1044]], '종마군', 0.9606740695442175), ([[388, 1038], [490, 1038], [490, 1068], [388, 1068]], '기분 중제', 0.29367212430756745), ([[392, 1062], [482, 1062], [482, 1094], [392, 1094]], '해줄게 9', 0.5530276273010561), ([[643.1359352701636, 172.6271870540327], [785.4707603991432, 125.63298950594717], [802.8640647298364, 177.3728129459673], [660.5292396008568, 225.36701049405283]], '못속물', 0.012466309990080639), ([[640.1576182653336, 413.0273212861375], [821.9235789039901, 490.59248150550604], [775.8423817346664, 592.9726787138625], [594.0764210960099, 515.407518494494]], '구*', 0.3271891426747749), ([[703.8994530298025, 798.076061814578], [839.5779939087491, 817.4360170985435], [827.1005469701975, 885.923938185422], [691.4220060912509, 867.5639829014565]], '외한맙', 0.0004229614984495117)]
[([[314, 46], [344, 46], [344, 76], [314, 76]], '내', 0.9999982118614561), ([[745, 59], [805, 59], [805, 95], [745, 95]], '아양', 0.6694828959778658), ([[143, 81], [241, 81], [241, 123], [143, 123]], '으응 9', 0.6020489931106567), ([[275, 75], [383, 75], [383, 111], [275, 111]], '질내에서', 0.9914202094078064), ([[733, 89], [817, 89], [817, 125], [733, 125]], '대단햇', 0.9804246983051734), ([[287, 105], [371, 105], [371, 141], [287, 141]], '날뛰고', 0.5002819895744324), ([[735, 119], [841, 119], [841, 155], [735, 155]], '종마군의', 0.9764164686203003), ([[6, 80], [106, 80], [106, 220], [6, 220]], "'좀", 0.17977322128939197), ([[135, 109], [247, 109], [247, 201], [135, 201]], '훌마로', 0.09582400304027146), ([[287, 135], [343, 135], [343, 171], [287, 171]], '있어', 0.9831899422873157), ([[735, 149], [839, 149], [839, 187], [735, 187]], '말자지 9', 0.7891095476681529), ([[25, 255], [45, 255], [45, 279], [25, 279]], '0', 0.841919053911969), ([[273, 231], [405, 231], [405, 477], [273, 477]], '표', 0.021085584299035398), ([[164, 704], [198, 704], [198, 736], [164, 736]], '내', 0.999984383644037), ([[149, 737], [211, 737], [211, 773], [149, 773]], '보지', 0.9228983406850957), ([[145, 769], [211, 769], [211, 813], [145, 813]], '기분', 0.9994240697560136), ([[135, 807], [225, 807], [225, 849], [135, 849]], '좋아?', 0.9245543432267895), ([[227, 905], [263, 905], [263, 957], [227, 957]], '5', 0.3294997453905104), ([[770, 970], [822, 970], [822, 998], [770, 998]], '아아', 0.9998893241697409), ([[223, 979], [259, 979], [259, 1023], [223, 1023]], '0', 0.39666499778288333), ([[784, 998], [836, 998], [836, 1028], [784, 1028]], '박아', 0.9997181335135679), ([[257, 1021], [299, 1021], [299, 1057], [257, 1057]], '아', 0.9935419260149416), ([[772, 1026], [822, 1026], [822, 1058], [772, 1058]], '쥐엇', 0.866533915273428), ([[360, 1040], [388, 1040], [388, 1070], [360, 1070]], '말', 0.9999578003567109), ([[336, 1066], [408, 1066], [408, 1094], [336, 1094]], '자지로', 0.9998829975408677), ([[350, 1094], [400, 1094], [400, 1124], [350, 1124]], '보지', 0.9995566439453849), ([[346, 1122], [400, 1122], [400, 1154], [346, 1154]], '잔뜩', 0.8677738491851267), ([[324, 1150], [398, 1150], [398, 1180], [324, 1180]], '박아쥐', 0.8825777287949543), ([[703.3555226651007, 689.0148418326855], [808.9263702335757, 676.5618596231142], [835.6444773348993, 933.9851581673145], [730.0736297664243, 946.4381403768858]], '쭉', 0.024704174085760977)]
[([[705, 119], [763, 119], [763, 155], [705, 155]], '앗9', 0.4876684404173778), ([[671, 149], [795, 149], [795, 185], [671, 185]], '잇9 앗9', 0.4514575104615818), ([[675, 179], [795, 179], [795, 215], [675, 215]], '아아 엄청', 0.785774531811755), ([[679, 209], [787, 209], [787, 245], [679, 245]], '단단해 9', 0.9859093834101004), ([[55, 463], [181, 463], [181, 499], [55, 499]], '아양 중앙', 0.41709957034838246), ([[78, 496], [162, 496], [162, 528], [78, 528]], '말자지', 0.9994699247061475), ([[63, 523], [149, 523], [149, 559], [63, 559]], '좋아앗', 0.6219585908548663), ([[75, 941], [145, 941], [145, 977], [75, 977]], '아아', 0.9998087429588072), ([[75, 975], [141, 975], [141, 1015], [75, 1015]], '기분', 0.9996581218841764), ([[61, 1013], [157, 1013], [157, 1053], [61, 1053]], '좋아 9', 0.4924562631500926), ([[73, 1047], [141, 1047], [141, 1089], [73, 1089]], '기분', 0.9993156037957462), ([[42, 1082], [144, 1082], [144, 1124], [42, 1124]], '좋아앗', 0.7587695151746978), ([[18.759041096455505, 35.035027407262405], [176.91192074486895, -13.190780851738054], [246.2409589035445, 255.96497259273758], [88.08807925513105, 305.19078085173805]], '쥐', 0.0775693497377441), ([[667.5109319986676, 497.0074763564323], [788.494300178995, 484.3862283141108], [823.4890680013324, 855.9925236435678], [702.505699821005, 868.6137716858892]], '중', 0.0058821954256140785)]
[([[645, 543], [769, 543], [769, 587], [645, 587]], '아아앗', 0.6403962969779968), ([[660, 590], [756, 590], [756, 638], [660, 638]], '가앗', 0.7278160355062737), ([[57, 591], [119, 591], [119, 685], [57, 685]], '% ', 0.030882080083534522), ([[681, 636], [777, 636], [777, 686], [681, 686]], '가버', 0.4153739718410124), ([[678, 688], [782, 688], [782, 740], [678, 740]], '2엇!', 0.544275884633749), ([[330, 982], [412, 982], [412, 1012], [330, 1012]], '아 선배', 0.6458087753232346), ([[26, 994], [98, 994], [98, 1026], [26, 1026]], '정말!?', 0.9714289903640747), ([[38, 1022], [84, 1022], [84, 1046], [38, 1046]], '그거', 0.9999900533582403), ([[334, 1008], [408, 1008], [408, 1040], [334, 1040]], '다음엔', 0.9997107319645651), ([[458, 1022], [536, 1022], [536, 1054], [458, 1054]], '네 ,엄청', 0.6613152552654277), ([[724, 1024], [840, 1024], [840, 1054], [724, 1054]], '타치바나군', 0.9297792698091849), ([[14, 1046], [108, 1046], [108, 1078], [14, 1078]], '재망켓다', 0.03605636581778526), ([[334, 1036], [406, 1036], [406, 1066], [334, 1066]], '탓군의', 0.6655431951707836), ([[444, 1049], [550, 1049], [550, 1081], [444, 1081]], '중앞어요!', 0.31468202295002934), ([[740, 1052], [826, 1052], [826, 1084], [740, 1084]], '어쨌어?', 0.3115816116333008), ([[12, 1072], [62, 1072], [62, 1100], [12, 1100]], '후후', 0.99984970764633), ([[323, 1059], [417, 1059], [417, 1095], [323, 1095]], '인형률올', 0.43904149532318115), ([[344, 1086], [394, 1086], [394, 1112], [344, 1112]], '쓰고', 0.9977005686835271), ([[330, 1112], [414, 1112], [414, 1144], [330, 1144]], '올게요', 0.8482699743966826), ([[46, 1164], [104, 1164], [104, 1190], [46, 1190]], ':)-', 0.03727416844041743), ([[46.03033820473188, 426.04282171347035], [162.4513627672564, 468.56940000769447], [125.96966179526811, 560.9571782865297], [10.548637232743603, 518.4305999923056]], '7', 0.42266270534732087), ([[584.9267143356549, 814.0524862236803], [769.5345034397046, 844.833892408832], [749.0732856643451, 937.9475137763197], [565.4654965602954, 906.166107591168]], '*7사', 0.012392434012199575)]
[]
[]
[]
[([[697, 0], [845, 0], [845, 149], [697, 149]], '1', 0.27503111439818895)]
[]
[]
[([[643, 37], [749, 37], [749, 77], [643, 77]], '하아아.', 0.9753426313400269), ([[71, 65], [171, 65], [171, 109], [71, 109]], '이렇체', 0.14523301117880796), ([[645, 71], [775, 71], [775, 115], [645, 115]], '유카리씨', 0.9988439679145813), ([[19, 101], [223, 101], [223, 145], [19, 145]], '허리틀 틀면66', 0.047185464705339714), ([[657, 125], [697, 125], [697, 169], [657, 169]], '옷', 0.21058264967905505), ([[691, 145], [729, 145], [729, 165], [691, 165]], '663', 0.276719911680066), ([[33, 167], [191, 167], [191, 211], [33, 211]], '아! 우아앗', 0.8598065834126103), ([[657, 195], [729, 195], [729, 237], [657, 237]], '야양', 0.3001745937317073), ([[73, 219], [163, 219], [163, 263], [73, 263]], '어때?', 0.9742187405800793), ([[611, 229], [807, 229], [807, 273], [611, 273]], '저기 줌이치문', 0.45842422358096824), ([[32, 252], [201, 252], [201, 301], [32, 301]], '기분 총치?', 0.5041283657912883), ([[607, 261], [808, 261], [808, 312], [607, 312]], '이어점있든 쪽', 0.05881641447938769), ([[65, 291], [139, 291], [139, 333], [65, 333]], '아양', 0.5237270098437542), ([[665, 301], [755, 301], [755, 341], [665, 341]], '보여?', 0.41045734025084396), ([[52, 326], [155, 326], [155, 369], [52, 369]], '압되666', 0.030780673025273854), ([[17, 361], [187, 361], [187, 405], [17, 405]], '또돼버려없', 0.11781518833325319), ([[82.91534771090672, 25.119064699080237], [167.79226039220637, 38.57373202612905], [160.08465228909327, 79.88093530091976], [74.20773960779361, 66.42626797387095]], '자아;.', 0.2577475607395172)]
[]
[([[79, 465], [147, 465], [147, 481], [79, 481]], '90 쪽 메:', 0.0006565828180060011), ([[58, 476], [179, 476], [179, 496], [58, 496]], '뿐8  :금*)-사', 0.0005910146864475112), ([[39, 495], [99, 495], [99, 515], [39, 515]], '장요피이미', 0.003933147768274892), ([[46, 503], [197, 503], [197, 541], [46, 541]], '콤물불  유운숲', 0.0034677390683545404), ([[130, 613], [229, 613], [229, 641], [130, 641]], '(물@  오고진"', 7.409114668384054e-05)]
[]
[]
[]
[]
[([[54, 102], [324, 102], [324, 154], [54, 154]], "'여동생음 하비키장", 0.36588115030260976), ([[0, 277], [99, 277], [99, 316], [0, 316]], '외로워어', 0.49282264709472656), ([[196, 268], [292, 268], [292, 300], [196, 300]], '다녀앉어', 0.38900721073150635), ([[770, 286], [794, 286], [794, 316], [770, 316]], '오', 0.999025701487998), ([[10, 310], [66, 310], [66, 336], [10, 336]], '오빠', 0.5078455209732056), ([[208, 298], [282, 298], [282, 326], [208, 326]], '허비키', 0.4152141001202814), ([[759, 323], [829, 323], [829, 359], [759, 359]], '오빠', 0.9837104366825377), ([[341, 541], [405, 541], [405, 572], [341, 572]], '어서', 0.9999100598099652), ([[0, 592], [74, 592], [74, 624], [0, 624]], '외롭게', 0.9898541262719885), ([[326, 570], [420, 570], [420, 620], [326, 620]], '와용0', 0.7524934072020236), ([[12, 622], [64, 622], [64, 650], [12, 650]], '해서', 0.9999420064289986), ([[0, 648], [74, 648], [74, 680], [0, 680]], '미안해', 0.9993177638527444), ([[208, 756], [276, 756], [276, 782], [208, 782]], '사과의', 0.9999611825102453), ([[206, 780], [276, 780], [276, 812], [206, 812]], '뜻으로', 0.9981418737035416), ([[12, 794], [38, 794], [38, 828], [12, 828]], '응', 0.9993985603845346), ([[216, 806], [266, 806], [266, 834], [216, 834]], '잔뜩', 0.9998099230046575), ([[198, 830], [288, 830], [288, 860], [198, 860]], '귀여워해', 0.9874656200408936), ([[218, 856], [266, 856], [266, 886], [218, 886]], '줄게', 0.886055809225939)]
[([[482, 42], [598, 42], [598, 72], [482, 72]], '말랑말랑한', 0.8824942664881344), ([[14, 74], [44, 74], [44, 100], [14, 100]], '아', 0.9996475291951903), ([[74, 74], [122, 74], [122, 104], [74, 104]], '앗9', 0.3619874090708644), ([[472, 68], [606, 68], [606, 98], [472, 98]], '마시밀로갈은', 0.6711650641758978), ([[14, 100], [126, 100], [126, 130], [14, 130]], '기뻐 오빠', 0.8652841985269345), ([[490, 92], [584, 92], [584, 122], [490, 122]], '부드러움', 0.9266230724047303), ([[506, 118], [572, 118], [572, 142], [506, 142]], '그리고', 0.9999791458979628), ([[38, 128], [102, 128], [102, 160], [38, 160]], '좀 더', 0.9998044692719799), ([[504, 142], [574, 142], [574, 172], [504, 172]], '적당한', 0.6632737811240498), ([[33, 155], [108, 155], [108, 188], [33, 188]], '만지작', 0.9903390432533354), ([[494, 168], [564, 168], [564, 198], [494, 198]], '텅행함', 0.04143289897453969), ([[34, 184], [106, 184], [106, 214], [34, 214]], '만지작', 0.9931148509618917), ([[488, 192], [512, 192], [512, 222], [488, 222]], '음', 0.997599851561759), ([[542, 192], [592, 192], [592, 224], [542, 224]], '좋아', 0.9561778138426612), ([[32, 212], [106, 212], [106, 242], [32, 242]], '해쥐 9', 0.9495366811752319), ([[785, 401], [823, 401], [823, 479], [785, 479]], '하', 0.9952558651576169), ([[630, 748], [682, 748], [682, 871], [630, 871]], '향', 0.9239675433548342), ([[131, 901], [275, 901], [275, 969], [131, 969]], '69205', 0.16254225979488232), ([[376, 944], [418, 944], [418, 968], [376, 968]], '아~', 0.9999665355662857), ([[762, 920], [830, 920], [830, 950], [762, 950]], '유두도', 0.9998586337301176), ([[762, 946], [830, 946], [830, 974], [762, 974]], '이렇게', 0.5803152889234287), ([[34, 966], [60, 966], [60, 990], [34, 990]], '부', 1.0), ([[350, 968], [446, 968], [446, 998], [350, 998]], '엄청 야해', 0.7747732209632053), ([[760, 970], [830, 970], [830, 996], [760, 996]], '딱딱해', 0.9997652398590828), ([[6, 990], [97, 990], [97, 1018], [6, 1018]], '부끄러워', 0.9923655390739441), ([[356, 994], [440, 994], [440, 1020], [356, 1020]], '허비키의', 0.4435708522796631), ([[762, 996], [828, 996], [828, 1020], [762, 1020]], '지다니', 0.9805932641029358), ([[50, 1016], [74, 1016], [74, 1040], [50, 1040]], '요', 0.9998173797067125), ([[376, 1018], [424, 1018], [424, 1042], [376, 1042]], '보지', 0.9990239342738274), ([[762, 1020], [830, 1020], [830, 1050], [762, 1050]], '귀엽네', 0.9893058750592272), ([[28, 1040], [76, 1040], [76, 1066], [28, 1066]], '오빠', 0.9894107523614529), ([[352, 1038], [445, 1038], [445, 1075], [352, 1075]], '실묵거려', 0.5635831952095032), ([[762, 1044], [830, 1044], [830, 1074], [762, 1074]], '허비키', 0.4019054768933625), ([[65, 1117], [171, 1117], [171, 1183], [65, 1183]], '느7', 0.07985535432656278), ([[492, 1076], [537, 1076], [537, 1199], [492, 1199]], '향', 0.09855627682228008), ([[474.2150280828492, 439.030856652185], [547.3819603191147, 417.09595104634514], [594.7849719171508, 585.969143347815], [520.6180396808853, 608.9040489536549]], '푹', 0.09962977761856084), ([[702.246353789955, 1075.0316101004648], [859.9816510478978, 1137.425592084146], [827.753646210045, 1211.9683898995352], [670.0183489521022, 1149.574407915854]], '첫30;', 0.0011222357861697674)]
[([[31, 50], [123, 50], [123, 74], [31, 74]], '아9아9', 0.7633199095726013), ([[18, 74], [136, 74], [136, 104], [18, 104]], '아앗 거기 9', 0.7005270290680792), ([[435, 31], [479, 31], [479, 117], [435, 117]], '양', 0.9961158871561935), ([[746, 64], [782, 64], [782, 96], [746, 96]], '크', 0.9999657872265324), ([[801, 61], [837, 61], [837, 99], [801, 99]], '옷', 0.8787960593669055), ([[14, 98], [128, 98], [128, 128], [14, 128]], '기분 좋아..', 0.7025263472971378), ([[729, 95], [823, 95], [823, 133], [729, 133]], '하아양', 0.7150294157627577), ([[16, 590], [48, 590], [48, 622], [16, 622]], '하', 0.999916436033832), ([[428, 574], [574, 574], [574, 736], [428, 736]], '4', 0.006849903078766373), ([[721, 641], [809, 641], [809, 677], [721, 677]], '아아양', 0.6340640177001787), ([[750, 676], [810, 676], [810, 706], [750, 706]], '오빠', 0.9875403663940863), ([[18, 684], [48, 684], [48, 722], [18, 722]], '옷', 0.9916167267986111), ([[737, 707], [795, 707], [795, 743], [737, 743]], '엄청', 0.9427885655541589), ([[735, 741], [821, 741], [821, 777], [735, 777]], '좋아 9', 0.8896930304355052), ([[418, 720], [564, 720], [564, 880], [418, 880]], '', 0.0), ([[13, 852], [245, 852], [245, 973], [13, 973]], ' ', 0.4567326629643418), ([[290, 898], [366, 898], [366, 928], [290, 928]], '히비키.', 0.4688704311847687), ([[306, 926], [368, 926], [368, 954], [306, 954]], '좀 더', 0.9975049495697021), ([[302, 954], [372, 954], [372, 980], [302, 980]], '느끼게', 0.999340887147427), ([[300, 980], [374, 980], [374, 1012], [300, 1012]], '해줄게', 0.8550355431109573), ([[435, 995], [522, 995], [522, 1038], [435, 1038]], '입으로', 0.9999343407470955), ([[423, 1033], [535, 1033], [535, 1069], [423, 1069]], '빨아주기', 0.9992145895957947), ([[449, 1067], [507, 1067], [507, 1103], [449, 1103]], '기분', 0.999179300861813), ([[409, 1099], [547, 1099], [547, 1137], [409, 1137]], '좋아아앗 9', 0.8297903922842044), ([[219.07487415839654, -31.969400208212143], [432.7838751090027, 34.549533313955074], [393.92512584160346, 146.96940020821214], [180.21612489099732, 79.45046668604492]], '오4절 !', 0.03674990549781616), ([[10.297514423637022, 385.0247048156457], [78.50440760336032, 357.0127294534657], [148.702485576363, 546.9752951843543], [80.49559239663968, 574.9872705465343]], '못', 0.006837654670990345), ([[466.14115027390966, 342.01942105340316], [715.942443569486, 459.52222071443725], [645.8588497260904, 600.9805789465968], [396.057556430514, 484.47777928556275]], '4', 0.1524455246260601)]
[([[28, 348], [96, 348], [96, 402], [28, 402]], '아', 0.9996624277855517), ([[26, 402], [98, 402], [98, 544], [26, 544]], '양', 0.9200466206930855), ([[35, 625], [129, 625], [129, 661], [35, 661]], '거기가', 0.999476432800293), ([[35, 659], [129, 659], [129, 699], [35, 699]], '망가져', 0.5231233783978216), ([[19, 693], [113, 693], [113, 733], [19, 733]], '버려엇', 0.5480059385299683), ([[254, 686], [328, 686], [328, 774], [254, 774]], '&', 0.08188312358144234), ([[305, 749], [371, 749], [371, 785], [305, 785]], '90', 0.18558462620855934), ([[725, 1019], [823, 1019], [823, 1057], [725, 1057]], '아앗 9', 0.5070363879203796), ([[727, 1051], [823, 1051], [823, 1095], [727, 1095]], '겪렬햇', 0.30641573835948727), ([[741, 1089], [811, 1089], [811, 1125], [741, 1125]], '오빠', 0.981598801634854), ([[178, 1112], [256, 1112], [256, 1190], [178, 1190]], '%', 0.4650806423526319), ([[731, 1123], [801, 1123], [801, 1163], [731, 1163]], '아앗', 0.8357188648382441), ([[590.0152541545549, 12.017963834805226], [791.9520266264453, -6.2105154740815465], [813.9847458454451, 339.98203616519476], [612.0479733735547, 358.21051547408155]], '손', 0.022557836041121826), ([[178.13175685787553, 455.05405486300435], [325.9507891832705, 492.171429103981], [308.86824314212447, 548.9459451369956], [161.0492108167295, 511.828570896019]], '709;', 0.7466435432434082), ([[58.9750042138629, 1009.0350615223983], [224.32285164496176, 1064.5440017104563], [181.02499578613708, 1184.9649384776017], [15.677148355038234, 1129.4559982895437]], ',우', 0.0031684190855273287), ([[410.11000080209766, 986.0220162023732], [678.7550906289786, 1078.0408182285037], [622.8899991979023, 1223.9779837976268], [355.24490937102144, 1131.9591817714963]], '449', 0.21454642460565373)]
[([[661, 77], [795, 77], [795, 119], [661, 119]], '하아잇 9', 0.3230538787640209), ([[683, 115], [779, 115], [779, 151], [683, 151]], '오빠의', 0.9949584007263184), ([[683, 151], [781, 151], [781, 187], [683, 187]], '자지가', 0.9998986207043039), ([[4, 0], [203, 0], [203, 404], [4, 404]], '국', 0.044422402044724585), ([[657, 181], [759, 181], [759, 223], [657, 223]], '안에서', 0.9923374703931456), ([[679, 182], [804, 182], [804, 261], [679, 261]], "'어섯고또", 0.03514361259008095), ([[681, 251], [777, 251], [777, 293], [681, 293]], '있어9', 0.9812429741445142), ([[231, 777], [247, 777], [247, 803], [231, 803]], '6', 0.9505532182893148), ([[113, 927], [209, 927], [209, 963], [113, 963]], '아아 9', 0.5808342695236206), ([[115, 961], [211, 961], [211, 999], [115, 999]], '와쥐 9', 0.3077430574065244), ([[123, 995], [205, 995], [205, 1035], [123, 1035]], '좀 더', 0.9965810775756836), ([[99, 1029], [225, 1029], [225, 1071], [99, 1071]], '와쥐엇 9', 0.4455030389357959), ([[272, 1010], [400, 1010], [400, 1160], [272, 1160]], '7', 0.07733050107802697), ([[757, 1067], [777, 1067], [777, 1097], [757, 1097]], '6', 0.5980044008812371), ([[624.4779846908674, 356.0068136602234], [766.6717387565799, 336.33993045527484], [821.5220153091326, 778.9931863397767], [680.3282612434201, 798.6600695447252]], '~', 0.7540906742570463), ([[547.4380115389096, 399.0197638525166], [608.2110395734281, 393.3116123923976], [620.5619884610904, 556.9802361474834], [559.7889604265719, 561.6883876076024]], '국', 0.36074707125294836), ([[43.31030298491003, 633.0340601475913], [94.50959316905127, 615.0185735839976], [137.68969701508996, 747.9659398524087], [86.49040683094873, 765.9814264160024]], '3', 0.12163587198189418)]
[([[718, 130], [792, 130], [792, 162], [718, 162]], '응아앗', 0.40011248239508795), ([[59, 167], [169, 167], [169, 205], [59, 205]], '깊숙히앗', 0.16286766529083252), ([[718, 158], [792, 158], [792, 190], [718, 190]], '대단햇', 0.9863843425904236), ([[83, 199], [169, 199], [169, 235], [83, 235]], '응웃 9', 0.7560030221939087), ([[71, 229], [183, 229], [183, 265], [71, 265]], '계속해서', 0.9998989105224609), ([[53, 261], [201, 261], [201, 297], [53, 297]], '당고 있어9', 0.9682311985060914), ([[765, 283], [781, 283], [781, 311], [765, 311]], '6', 0.9346385728136397), ([[38, 624], [148, 624], [148, 696], [38, 696]], '기원.', 0.05273907485515282), ([[105, 657], [191, 657], [191, 693], [105, 693]], '좋아 9', 0.6741834282875061), ([[652, 390], [841, 390], [841, 723], [652, 723]], '조', 0.34870509972026653), ([[84, 690], [142, 690], [142, 720], [84, 720]], '오빠', 0.9979092362435366), ([[72, 718], [153, 718], [153, 754], [72, 754]], '허비키', 0.3244708871371478), ([[45, 749], [181, 749], [181, 787], [45, 787]], '가버려요옷', 0.7578003282280178), ([[771, 1083], [787, 1083], [787, 1111], [771, 1111]], '6', 0.99223956965524), ([[219.28713991063256, 43.09811722250332], [346.4162867678467, 27.32380440787006], [355.71286008936744, 159.90188277749667], [227.5837132321533, 174.67619559212994]], '제', 0.5140435402773278), ([[44.26411844644234, 889.0142559182124], [181.12167869855446, 860.4524458565049], [239.73588155355765, 1184.9857440817875], [102.87832130144554, 1212.547554143495]], '술', 0.06336512460439181)]
[([[63, 121], [215, 121], [215, 183], [63, 183]], '아아양', 0.974614693097608), ([[83, 180], [197, 180], [197, 234], [83, 234]], '가버', 0.5427733359209058), ([[79, 241], [205, 241], [205, 303], [79, 303]], '려옛!', 0.1363266248568332), ([[59, 707], [197, 707], [197, 869], [59, 869]], '2', 0.5807004485077982), ([[347, 999], [411, 999], [411, 1035], [347, 1035]], '오빠', 0.9751521749930431), ([[766, 990], [816, 990], [816, 1020], [766, 1020]], '기분', 0.9997467068371129), ([[756, 1018], [828, 1018], [828, 1050], [756, 1050]], '중앞어', 0.33663015617018677), ([[317, 1033], [439, 1033], [439, 1071], [317, 1071]], '사랑해 9', 0.927865346930422), ([[750, 1046], [834, 1046], [834, 1076], [750, 1076]], '허비키?', 0.4124132990837097), ([[736.4610446820243, 38.011176836786724], [833.9173583239211, 48.42481661197883], [804.5389553179757, 304.9888231632133], [708.0826416760789, 294.5751833880212]], '톤', 0.11295314167384518), ([[106.3829424939203, 389.0272501812993], [159.0015073447877, 384.29224565530603], [170.6170575060797, 515.9727498187007], [117.99849265521229, 521.707754344694]], '류', 0.6795882992810363)]
[([[4, 64], [112, 64], [112, 94], [4, 94]], '뛰어? 왜?', 0.663271198830518), ([[368, 62], [444, 62], [444, 92], [368, 92]], '각하야', 0.9985354679640958), ([[490, 58], [556, 58], [556, 88], [490, 88]], '어때?', 0.999946653842926), ([[772, 46], [824, 46], [824, 78], [772, 78]], '같은', 0.9646834340014754), ([[0, 92], [116, 92], [116, 122], [0, 122]], '히비키장은', 0.5157594547661773), ([[480, 86], [566, 86], [566, 116], [480, 116]], '허비키!!', 0.290814307523016), ([[726, 70], [845, 70], [845, 107], [726, 107]], '역할놀이틀', 0.45902533579431554), ([[750, 102], [824, 102], [824, 132], [750, 132]], '생각해', 0.999889329391711), ([[12, 120], [106, 120], [106, 150], [12, 150]], '심술쟁이', 0.8635293245315552), ([[750, 128], [824, 128], [824, 160], [750, 160]], '뵙는데', 0.16466985614107427), ([[753, 449], [811, 449], [811, 469], [753, 469]], '그보다', 0.9998342011749184), ([[748, 468], [816, 468], [816, 492], [748, 492]], '내가 왜', 0.9971445000388556), ([[742, 488], [822, 488], [822, 512], [742, 512]], '코스프레', 0.9997804760932922), ([[22, 508], [116, 508], [116, 536], [22, 536]], '와아~0', 0.18811842799186707), ([[379, 492], [492, 492], [492, 533], [379, 533]], '하루카는', 0.6354459524154663), ([[719, 508], [841, 508], [841, 534], [719, 534]], '메이드 차림의', 0.9841623351996043), ([[26, 536], [112, 536], [112, 566], [26, 566]], '히비귀장', 0.5144416689872742), ([[373, 527], [501, 527], [501, 567], [373, 567]], '날 어떻게', 0.747126726483865), ([[740, 548], [826, 548], [826, 572], [740, 572]], '역할이야!', 0.9843372053364083), ([[752, 528], [812, 528], [812, 554], [752, 554]], '여동생', 0.9999506522685799), ([[0, 562], [116, 562], [116, 592], [0, 592]], '화남다아니', 0.42237315715832763), ([[375, 557], [495, 557], [495, 601], [375, 601]], '하고 싶은', 0.9996416992017882), ([[730, 568], [834, 568], [834, 592], [730, 592]], '디력스 정식', 0.6862588048048626), ([[738, 588], [824, 588], [824, 614], [738, 614]], '때의 일도', 0.9992818606182858), ([[398, 596], [478, 596], [478, 626], [398, 626]], '거야!', 0.18282505050275077), ([[722, 608], [844, 608], [844, 634], [722, 634]], '부끄러윗는데!', 0.3392520137027135), ([[746, 742], [816, 742], [816, 766], [746, 766]], '아 그럼', 0.9997325293983214), ([[752, 762], [812, 762], [812, 786], [752, 786]], '유부너', 0.6700664110386809), ([[722, 780], [840, 780], [840, 810], [722, 810]], '역할은 어때?', 0.9896581906785421), ([[750, 802], [812, 802], [812, 828], [750, 828]], '남편이', 0.9998561560589037), ([[728, 822], [836, 822], [836, 848], [728, 848]], '없는 사이에', 0.6418947849809314), ([[718, 842], [845, 842], [845, 868], [718, 868]], '덮쳐지는 거야!', 0.397712100290281), ([[32, 994], [100, 994], [100, 1024], [32, 1024]], '여전히', 0.9985713879159979), ([[2, 1022], [110, 1022], [110, 1054], [2, 1054]], '사이 중네.', 0.942216573616476), ([[746, 1026], [806, 1026], [806, 1054], [746, 1054]], '거기', 0.9962701900166862), ([[728, 1056], [818, 1056], [818, 1104], [728, 1104]], '멈추에', 0.06102076861817437), ([[46, 1164], [104, 1164], [104, 1190], [46, 1190]], ':)-', 0.02702032365445131), ([[225.8890390417811, 813.6671171253433], [386.1469272629914, 759.8694730555845], [415.11096095821887, 868.3328828746567], [254.85307273700857, 923.1305269444155]], '대 |', 0.5994560718536377), ([[300.1708677174509, 1009.6221280326862], [361.6537073014559, 1002.6007725137778], [363.8291322825491, 1027.3778719673137], [301.3462926985441, 1034.3992274862221]], '7까', 0.8246676833076391)]
[]
[]
[]
[]
[]
[]
