2066653
29
[([[396, 366], [580, 366], [580, 394], [396, 394]], '건방진 약마 엘리이트', 0.8475895523539277), ([[282, 390], [522, 390], [522, 414], [282, 414]], '악마 하림이라고. ? 시시하긴', 0.3408216280965661), ([[542, 390], [684, 390], [684, 416], [542, 416]], '그런 애들 장난에', 0.9949653533505166), ([[292, 412], [676, 412], [676, 438], [292, 438]], '이몸께서 어울려 쥐야 활 이유라도 있느거야 ?', 0.36747362052222965), ([[336, 450], [634, 450], [634, 476], [336, 476]], '네가 있어야만 무대가 완벽해 지거든 .', 0.7229106481373333), ([[286, 492], [676, 492], [676, 516], [286, 516]], '사실 인원이 너무많아서 고민중이없어 , 다행이군', 0.9607559996611613)]
[([[396, 370], [582, 370], [582, 398], [396, 398]], '건방진 약마 엘라이트', 0.6255439259726121), ([[408, 408], [550, 408], [550, 434], [408, 434]], '뭐 , 맞는 말이지 .', 0.5652273603424552), ([[240, 430], [364, 430], [364, 456], [240, 456]], '반면에 말이야.', 0.8637935577528768), ([[374, 430], [726, 430], [726, 456], [374, 456]], '당신은 나랑 어울리기엔 좀 초라하지 않아?', 0.8531915066016905), ([[270, 452], [676, 452], [676, 478], [270, 478]], '좀 더 지목에 걸맞는 품위틀 갖취야 할 것 같은데 ..', 0.29850819850542887)]
[([[48, 194], [389, 194], [389, 320], [48, 320]], "~3'", 0.03996582581636833), ([[571, 166], [936, 166], [936, 317], [571, 317]], '렌시-', 0.0015991617601642646), ([[140, 368], [844, 368], [844, 401], [140, 401]], '그녀가 손가라올 텅기자 피부가 벗겨지터니 마침내 뼈만 남게 되어버려습니다', 0.39915889547788486), ([[166, 394], [818, 394], [818, 424], [166, 424]], '이제 지목올 찾아오는 또 다른 엘테이커에게 발로 차이논 일만 남앞네요', 0.36812600773011045)]
[([[392, 368], [578, 368], [578, 398], [392, 398]], '건방진 약마 엘리이트', 0.7342267336607646), ([[284, 396], [686, 396], [686, 422], [284, 422]], '악마 하림이라고. ? 시시하긴. . 그런 애들 장난에', 0.25850788442799655), ([[294, 416], [678, 416], [678, 445], [294, 445]], '이몸께서 어울려 쥐야 할 이유라도 있는거야.?', 0.42339848316153045), ([[332, 452], [618, 452], [618, 476], [332, 476]], '네가 있어야만 무대가 완벽해 지거든', 0.487990487327285), ([[278, 492], [590, 492], [590, 518], [278, 518]], '사실 인원이 너무많아서 고민중이없어', 0.8718238452274466), ([[596, 492], [674, 492], [674, 516], [596, 516]], '다행이군', 0.9978780758455489)]
[([[396, 366], [582, 366], [582, 396], [396, 396]], '건방진 약마 엘리이트', 0.6549984453331342), ([[333, 395], [387, 395], [387, 415], [333, 415]], '어 어.', 0.8211074552072016), ([[394, 392], [628, 392], [628, 418], [394, 418]], '? 자. 자 .자 , 잠깐 뛰야 .!?', 0.4332380781070529), ([[282, 414], [678, 414], [678, 440], [282, 440]], '이미 나 말고 다른 녀석들 잔뜩 모여있는 거야.?', 0.6628600204977884), ([[308, 436], [465, 436], [465, 460], [308, 460]], '이보-! 기 기다려', 0.431062712982028), ([[470, 436], [654, 436], [654, 460], [470, 460]], '나도 같이 데려가쥐..!', 0.6435588552892831), ([[307, 471], [687, 471], [687, 533], [307, 533]], '5핑6;,; $ `', 0.0002453225217170578)]
[([[87, 576], [407, 576], [407, 616], [87, 616]], '모페임스떠다 87 (다요교하안', 0.0006299246792013785), ([[453, 577], [811, 577], [811, 617], [453, 617]], '가가슴이 당고 있다구요-자)', 0.5013321475307073), ([[36, 614], [102, 614], [102, 642], [36, 642]], '@예세', 0.17268349287990375), ([[104, 606], [198, 606], [198, 657], [104, 657]], '(문의물', 0.1138654241213369), ([[200, 616], [226, 616], [226, 640], [200, 640]], '속', 0.008307109761230225), ([[221, 611], [417, 611], [417, 651], [221, 651]], '(엔 @출안 거지?', 0.06283469537841012), ([[422, 614], [478, 614], [478, 638], [422, 638]], '내가', 0.9862473614829795), ([[483, 613], [743, 613], [743, 653], [483, 653]], '조금은 도와 술 수 있는데 .', 0.20006211218617084), ([[32, 648], [98, 648], [98, 680], [32, 680]], '4네8', 0.015191091177704088), ([[189, 647], [325, 647], [325, 687], [189, 687]], "[말인교@08하'", 0.00443883691665633), ([[113.21727292457167, 647.1039098209152], [164.98811311594338, 665.7332041860765], [154.7827270754283, 689.8960901790848], [103.01188688405661, 671.2667958139235]], '크.마', 0.0009580903916843307)]
[([[752, 287], [863, 287], [863, 419], [752, 419]], '벌;', 0.019829550357850903), ([[45, 563], [95, 563], [95, 577], [45, 577]], '이미+데명미', 0.00010744839479597864), ([[135, 541], [369, 541], [369, 579], [135, 579]], '여팬사 @안 _세간', 0.03028170394452088), ([[374, 544], [432, 544], [432, 568], [374, 568]], '나데', 0.5132110568142872), ([[440, 546], [478, 546], [478, 572], [440, 572]], '29', 0.17569531390027018), ([[36, 572], [339, 572], [339, 621], [36, 621]], "직요'$@@이 진중하의부", 0.001018531578204449), ([[355, 579], [787, 579], [787, 617], [355, 617]], '제발 야 무안터도 말하지 말하주세요-!', 0.2212985287192585), ([[22, 614], [94, 614], [94, 638], [22, 638]], '어찬제', 0.027301117777824402), ([[96, 607], [779, 607], [779, 656], [96, 656]], '#이야 오 현교 입려나리란 것꼼은 약마 들도 이미 알구있어 ', 0.002637184284106745), ([[23, 649], [85, 649], [85, 685], [23, 685]], '떠약]', 0.027359514661627032), ([[109, 667], [133, 667], [133, 681], [109, 681]], '%)', 0.028547358483292224), ([[129, 647], [311, 647], [311, 685], [129, 685]], '탤런권:@외=되', 0.00027751581494242706)]
[([[799, 243], [849, 243], [849, 420], [799, 420]], '불', 0.35075588458613893), ([[40, 574], [158, 574], [158, 604], [40, 604]], '@외주@내이', 0.04229115474443085), ([[40, 610], [94, 610], [94, 642], [40, 642]], '@?___', 0.0003878845149042361), ([[86, 610], [148, 610], [148, 640], [86, 640]], '@모', 0.21642714387768427), ([[139, 627], [179, 627], [179, 641], [139, 641]], "'확]3", 0.0005000608507543802), ([[187, 609], [365, 609], [365, 647], [187, 647]], '국려 말@주세요_', 0.055647365104324865), ([[392, 608], [506, 608], [506, 636], [392, 636]], '모데우스씨', 0.997451515341635), ([[23, 643], [363, 643], [363, 683], [23, 683]], '@@사 폐대안결 숨 권근 엔`덕 ,', 0.007454264950368693), ([[374, 644], [476, 644], [476, 672], [374, 672]], '가여어라', 0.5223185420036316)]
[([[26, 590], [120, 590], [120, 614], [26, 614]], '%어사피', 0.03550643473863602), ([[131, 586], [507, 586], [507, 627], [131, 627]], "'네륙 @미량 센죄히고  싶어런거지.", 0.009147119032870306), ([[519, 593], [539, 593], [539, 615], [519, 615]], '2', 0.9951131588564408), ([[547, 588], [767, 588], [767, 630], [547, 630]], '그럼 잘 먹계습니다.', 0.5861687678882791), ([[57, 629], [101, 629], [101, 649], [57, 649]], '@', 0.7939094175678783), ([[126, 626], [180, 626], [180, 658], [126, 658]], '{ 이', 0.005375566419495533), ([[173, 625], [281, 625], [281, 663], [173, 663]], '잠준문@', 0.005729570984840393), ([[273, 643], [299, 643], [299, 657], [273, 657]], '0)', 0.2365295970539418), ([[291, 625], [351, 625], [351, 663], [291, 663]], '입명', 0.04038231257823668)]
[([[736, 98], [872, 98], [872, 198], [736, 198]], '덤석', 0.05073313962604248), ([[54, 596], [170, 596], [170, 692], [54, 692]], "'환옷", 0.02665113496546055), ([[273, 621], [311, 621], [311, 657], [273, 657]], '드', 0.0924981131565552)]
[([[13, 21], [169, 21], [169, 57], [13, 57]], '(이.이게) 무슨', 0.28539669709268867), ([[172, 8], [450, 8], [450, 60], [172, 60]], '입인거지 3( 모데우스씨가', 0.5389763478096333), ([[455, 25], [485, 25], [485, 43], [455, 43]], '내', 0.997638786570608), ([[491, 21], [647, 21], [647, 61], [491, 61]], '그것올 물고. )', 0.36480817560338646), ([[13, 53], [729, 53], [729, 95], [13, 95]], '(더럽픽 까분 나물 팀대로 딱있다 논 듯이 뿌리까지 빨아 주고 있어 .', 0.043837360442059554), ([[13, 632], [803, 632], [803, 677], [13, 677]], '(어런즈닥교로-정상계인피앞올렉데 . 그치만 ,  및고 따뜻해서   기분조아야', 0.00420104360596176)]
[([[94, 0], [338, 0], [338, 51], [94, 51]], '_소유 !모데우스씬인-', 0.03610934706110097), ([[372, 14], [454, 14], [454, 44], [372, 44]], '전가가', 0.05435935373669673), ([[478, 10], [615, 10], [615, 54], [478, 54]], '나올려고 해', 0.9317438999455645), ([[635, 13], [717, 13], [717, 51], [635, 51]], '요옷-!!', 0.9476098674900019), ([[326, 96], [448, 96], [448, 128], [326, 128]], '@.안되-!', 0.19820809810117365), ([[455, 101], [485, 101], [485, 121], [455, 121]], '나', 0.9997164212072427), ([[491, 97], [699, 97], [699, 135], [491, 135]], '사정하고 있는거야.', 0.4971489755875712), ([[11, 436], [347, 436], [347, 475], [11, 475]], '(퀴 진임침때|@어키] 떼@', 0.002144789457223298), ([[580, 622], [604, 622], [604, 650], [580, 650]], '>', 0.6889536008293398), ([[425, 639], [505, 639], [505, 699], [425, 699]], '꿀정', 0.09866035993152882), ([[564, 646], [645, 646], [645, 700], [564, 700]], '꿀정', 0.8492955066952838)]
[([[797, 168], [863, 168], [863, 427], [797, 427]], '{', 0.03118547383858883), ([[566, 552], [592, 552], [592, 576], [566, 576]], '7', 0.7277542906480363), ([[287, 595], [325, 595], [325, 633], [287, 633]], '@', 0.9659031173615773), ([[50, 632], [78, 632], [78, 656], [50, 656]], '46', 0.14452291555614302), ([[201.9309852784941, 600.448167612687], [290.2430844128569, 589.3549603660113], [293.06901472150594, 631.551832387313], [204.75691558714314, 642.6450396339887]], '(내]]', 0.07182221859693527), ([[74.67504722512362, 622.745066115173], [211.6974957341399, 605.4740493795613], [215.32495277487638, 643.254933884827], [78.3025042658601, 660.5259506204387]], '사리@', 0.00485584102422632)]
[([[44, 14], [168, 14], [168, 44], [44, 44]], '하아 . 한아', 0.3679247980373841), ([[207, 13], [425, 13], [425, 53], [207, 53]], '죄송해요 모데우스씨', 0.6584835163047322), ([[431, 15], [459, 15], [459, 35], [431, 35]], '저', 0.9997147525145387), ([[467, 11], [650, 11], [650, 52], [467, 52]], '멋대로 더러운겉:', 0.7267196916062264), ([[210, 56], [312, 56], [312, 86], [210, 86]], '떠대단해', 0.11222976446151733), ([[337, 57], [869, 57], [869, 95], [337, 95]], '잔뜩 싸버럿장야3 방금나 혹시 첫 사정이야? "', 0.23385182200106336), ([[313.07351789077586, 279.10877514125855], [374.87692307692305, 295.0153846153846], [364.92648210922414, 328.89122485874145], [304.12307692307695, 312.9846153846154]], '하아', 0.7294780853419423), ([[14.971919493746425, 324.5522631393689], [98.33541084684352, 310.7920519746247], [103.02808050625357, 348.4477368606311], [20.664589153156484, 362.2079480253753]], '하악', 0.1544930793331491)]
[([[162, 8], [204, 8], [204, 36], [162, 36]], '1', 0.06785471417487887), ([[261, 18], [610, 18], [610, 59], [261, 59]], '쇼스입으로 동전 떼버린 천사는', 0.39785366783602477), ([[615, 23], [669, 23], [669, 43], [615, 43]], '네가', 0.9897946247877305), ([[677, 19], [807, 19], [807, 59], [677, 59]], '처음일걸? "', 0.41625152411017197), ([[318, 56], [378, 56], [378, 80], [318, 80]], '@아', 0.8468090817417927), ([[411, 53], [805, 53], [805, 95], [411, 95]], '정말 소름돈는  소재허리네! 안그래.', 0.09760370769158926), ([[810, 56], [848, 56], [848, 80], [810, 80]], '2 9', 0.6166049735140587), ([[66, 594], [180, 594], [180, 620], [66, 620]], '떼 떼이극', 0.0785748381350776), ([[45, 613], [73, 613], [73, 627], [45, 627]], '3톤)', 0.000822299055336883), ([[51, 627], [689, 627], [689, 671], [51, 671]], "'@@입 떠 딸 @@진  ?| 속문올 쓰러면 실습이 터 필요학값", 0.004025422867677447), ([[761, 647], [783, 647], [783, 663], [761, 663]], '6마', 0.20946637702642318), ([[776, 632], [814, 632], [814, 662], [776, 662]], '3때', 0.0442015834757552), ([[101.25628541884271, 24.558799586379795], [153.54716981132074, 18.41509433962264], [155.7437145811573, 43.4412004136202], [103.45283018867924, 49.58490566037736]], '스^', 0.7395331478632419), ([[690.5144372945836, 633.286093236459], [769.4639298315659, 626.999702491631], [771.4855627054164, 665.713906763541], [691.5360701684341, 672.000297508369]], '껍은데 ', 0.0028935184236615896)]
[([[41, 109], [297, 109], [297, 149], [41, 149]], '@몇 피다리고 있어_?9', 0.0852433131478419), ([[41, 145], [331, 145], [331, 183], [41, 183]], '@너량 나량 지금 바로-!9', 0.3308536416300191), ([[237, 209], [349, 209], [349, 325], [237, 325]], '활', 0.7134296458094127)]
[([[33, 43], [77, 43], [77, 59], [33, 59]], '4저', 0.9089600153315592), ([[98, 38], [214, 38], [214, 66], [98, 66]], '모데우스씨 .', 0.9836980745745971), ([[228, 38], [310, 38], [310, 68], [228, 68]], '그 이건', 0.9968632862028878), ([[318, 38], [366, 38], [366, 64], [318, 64]], '그게', 0.999062867046859), ([[374, 38], [470, 38], [470, 64], [374, 64]], '그러니까', 0.9997913837432861), ([[48, 108], [100, 108], [100, 136], [48, 136]], '그래_', 0.3943961398806353), ([[112, 108], [238, 108], [238, 140], [112, 140]], '예스란거지', 0.5884145981169533), ([[259, 103], [447, 103], [447, 145], [259, 145]], '해보고  싶제않야.', 0.3115274076773943), ([[454, 110], [490, 110], [490, 138], [454, 138]], '?9', 0.4283602732537972), ([[247.87417079758765, 203.56026115348666], [406.3162157637485, 171.75853199015032], [416.1258292024123, 247.43973884651334], [257.6837842362515, 278.2414680098497]], '두근 머', 0.1523283985918298), ([[745.1526193728228, 247.05147885714632], [843.8713077276801, 282.66391238628444], [820.8473806271772, 342.9485211428537], [722.1286922723199, 306.33608761371556]], '두근  ', 0.13089069724082947)]
[([[23, 38], [333, 38], [333, 76], [23, 76]], '"여기 약마보지가 아논데~~', 0.11133665636794896), ([[24, 78], [100, 78], [100, 110], [24, 110]], '$마냥', 0.2000466757990019), ([[108, 76], [226, 76], [226, 102], [108, 102]], '기다려 주지', 0.66531098171521), ([[227, 75], [401, 75], [401, 117], [227, 117]], '앞울거라 고.? "', 0.27470387314220557), ([[169, 149], [343, 149], [343, 189], [169, 189]], '으아아  ;;;9', 0.19098150431995026), ([[463, 365], [529, 365], [529, 401], [463, 401]], '짝', 0.970984186951128)]
[([[35, 99], [61, 99], [61, 119], [35, 119]], '45', 0.8429031248025647), ([[119, 150], [341, 150], [341, 311], [119, 311]], '와뇨', 0.08455651761896857), ([[613, 335], [699, 335], [699, 425], [613, 425]], '럭', 0.08092466841568413), ([[165.34314575050763, 49.34314575050762], [407.1020362515914, 0.317462684359997], [419.65685424949237, 70.65685424949238], [176.89796374840856, 119.68253731564]], '스싸이앗-!', 0.16116076470250848), ([[57.7990780016776, 82.15889360201312], [174.12142392650594, 55.169122959571666], [184.2009219983224, 101.84110639798688], [66.87857607349405, 128.83087704042833]], '모데우', 0.9998360594227851), ([[707.4537322194531, 276.0501539850466], [850.9999296328004, 304.97945253676164], [843.5462677805469, 335.9498460149534], [699.0000703671996, 306.02054746323836]], '@@라라}-8규', 0.03154593688697674)]
[([[309, 11], [569, 11], [569, 49], [309, 49]], '모데우 스에이 . 중앙해요오', 0.21449258881212982), ([[595, 10], [794, 10], [794, 50], [595, 50]], '약마보지 최고옷 .', 0.7089155816364634), ([[89, 509], [109, 509], [109, 541], [89, 541]], '음', 0.9841028743157985), ([[129, 499], [373, 499], [373, 541], [129, 541]], '처음- 다툼 그혜--', 0.01008445746011049), ([[363, 517], [395, 517], [395, 531], [363, 531]], "'00마적", 0.020315171308664406), ([[29, 541], [83, 541], [83, 581], [29, 581]], '좋아,', 0.37449958618523244), ([[93, 531], [393, 531], [393, 573], [93, 573]], "'그럼 날 거길] 엘정다 또", 0.01930109011796909), ([[423, 527], [591, 527], [591, 569], [423, 569]], '@히제 불짜 3" ', 0.043660730850083665), ([[736.8461255241468, 625.3999263627817], [841.8261963742573, 608.4351958599236], [848.1538744758532, 662.6000736372183], [744.1738036257427, 680.5648041400764]], '두근)', 0.17055739655010999)]
[([[234, 216], [300, 216], [300, 248], [234, 248]], '9보지', 0.07738562138006333), ([[678, 260], [870, 260], [870, 386], [678, 386]], '#로봇:', 0.3782116174697876), ([[100, 536], [320, 536], [320, 592], [100, 592]], '@텔써 가속로@3"', 0.014352741233995533), ([[272, 576], [304, 576], [304, 600], [272, 600]], '얘', 0.8548608108755538), ([[298, 551], [495, 551], [495, 604], [298, 604]], '고전어문 71고나?', 0.025663320021546327), ([[12, 587], [188, 587], [188, 630], [12, 630]], '@천사씨눈 셋스', 0.18195312987640563), ([[215, 577], [274, 577], [274, 616], [215, 616]], '밑', 0.024660461763455155), ([[302.97191949374644, 205.55226313936893], [434.7759117731297, 194.67996580288963], [436.02808050625356, 229.44773686063107], [304.2240882268703, 240.32003419711037]], '조여와아', 0.7135448455810547), ([[153.7811992150991, 227.6717988226486], [230.39776500413961, 215.88926719439812], [234.2188007849009, 249.3282011773514], [157.60223499586039, 261.1107328056019]], '@마', 0.8767149168608698), ([[94.88000423998729, 629.6080067839797], [201.7033905747808, 619.4884120102936], [204.11999576001273, 652.3919932160203], [96.2966094252192, 662.5115879897064]], '긴여위구', 0.057866268685566664)]
[([[387, 11], [417, 11], [417, 31], [387, 31]], '어', 0.9999803305639468), ([[503, 19], [531, 19], [531, 39], [503, 39]], '빠', 0.9298865154643323), ([[579, 23], [605, 23], [605, 43], [579, 43]], '가', 0.9999800921477267), ([[609, 25], [689, 25], [689, 61], [609, 61]], '않안요', 0.1357833739052683), ([[698, 32], [730, 32], [730, 56], [698, 56]], '기', 0.9311869875734011), ([[187, 249], [240, 249], [240, 288], [187, 288]], '!3.', 0.026619127565396833), ([[74, 518], [98, 518], [98, 550], [74, 550]], '2', 0.9995673170926835), ([[531, 531], [651, 531], [651, 575], [531, 575]], '설마 돌씬', 0.016769314347060856), ([[609, 569], [716, 569], [716, 612], [609, 612]], '4정예질', 0.005709966644644737), ([[426.1970684086417, 6.109446271110178], [498.9127594645915, 17.281785337497997], [492.8029315913583, 47.89055372888982], [420.0872405354085, 36.71821466250201]], '어라?', 0.6337530332664495), ([[531.3053712883528, 16.124502478552593], [581.9286522958342, 23.47056603643766], [577.6946287116472, 46.87549752144741], [527.0713477041658, 38.52943396356234]], '지지', 0.18777874677445827), ([[109.12997781415139, 240.12892678669957], [178.9315290917684, 251.36271106700687], [172.87002218584863, 278.8710732133004], [104.0684709082316, 267.63728893299316]], '모데우', 0.9997896033649308), ([[65.10116772343203, 473.0677069746514], [151.91312741280893, 502.9826877569361], [134.89883227656796, 550.9322930253486], [47.08687258719108, 521.0173122430639]], '사리', 0.843341652359119), ([[652.0064985989292, 536.1253445358238], [733.8313051408846, 546.8506084577347], [727.9935014010708, 582.8746554641762], [646.1686948591154, 573.1493915422653]], '냉꾸음', 0.03153876652844775), ([[735.1970684086417, 542.1094462711102], [828.9453395517709, 553.4299342803024], [823.8029315913583, 583.8905537288898], [730.0546604482291, 572.5700657196976]], '아니지?', 0.585186243057251), ([[544.1758366163078, 558.1154281570775], [610.8861917976433, 568.1815276991758], [605.8241633836922, 598.8845718429225], [538.1138082023567, 588.8184723008242]], '좌여', 0.03418297598540773), ([[750.9563638994289, 577.1385464278869], [821.8109770708454, 586.7849058614696], [816.0436361005711, 621.8614535721131], [745.1890229291546, 611.2150941385304]], '있진?', 0.026750132695920033)]
[([[597, 309], [773, 309], [773, 349], [597, 349]], '쓰어데보-@구3되', 0.0020900680685669347), ([[545, 343], [646, 343], [646, 372], [545, 372]], "'후타나리", 0.7924201767107707), ([[647, 346], [864, 346], [864, 395], [647, 395]], '전립센은 @젠가-?무', 0.007398640447073536), ([[695.1265211443365, 592.137956343301], [773.5418612652597, 571.4065944307326], [779.8734788556635, 596.862043656699], [701.4581387347403, 616.5934055692674]], '아대요', 0.852748450117778), ([[595.0776772972363, 621.2155354594472], [700.3792763022169, 592.8597916752626], [708.9223227027637, 624.7844645405528], [603.6207236977831, 654.1402083247374]], '@저의면-', 0.08722936867075441)]
[([[275, 4], [405, 4], [405, 42], [275, 42]], '하아앗---', 0.22052520812985568), ([[453, 11], [509, 11], [509, 31], [453, 31]], '아아', 0.9998758376420713), ([[244, 272], [316, 272], [316, 326], [244, 326]], '음관_', 0.27119677202732784), ([[616, 383], [827, 383], [827, 432], [616, 432]], '엉덩의주은 @내.', 0.08286297257616855), ([[830, 398], [870, 398], [870, 430], [830, 430]], '85', 0.2665388332765242)]
[([[786, 374], [818, 374], [818, 406], [786, 406]], '행', 0.03874074254822113), ([[628, 392], [702, 392], [702, 422], [628, 422]], '@아5]', 0.006376007571816444), ([[701, 439], [727, 439], [727, 453], [701, 453]], '+ )', 0.0008821143843832975), ([[618.9011154884105, 3.1539042094367074], [675.6903195085803, 11.456775478230076], [669.0988845115895, 45.84609579056329], [613.3096804914197, 37.54322452176992]], '그럼', 0.9992529024358018), ([[679.2365201021611, 10.09877638821206], [789.9687593178535, 23.56818046285767], [785.7634798978389, 53.90122361178794], [674.0312406821465, 40.43181953714233]], '여긴가_?', 0.9689257137773227), ([[693.1370142686695, 384.46032711047206], [794.5931949113684, 373.2424590107437], [796.8629857313305, 410.53967288952794], [695.4068050886316, 421.7575409892563]], '[껴워다.', 0.01844719664987306), ([[716.4050955543422, 415.33171977498705], [800.5777087639997, 410.21114561800016], [801.5949044456578, 445.66828022501295], [717.4222912360003, 451.78885438199984]], '센많(', 0.012180938568256717)]
[([[340, 0], [392, 0], [392, 30], [340, 30]], '욕시', 0.6921781645466876), ([[413, 0], [823, 0], [823, 39], [413, 39]], '전리선 만지작 거리논 것도 처음이야? "', 0.28584004512189265), ([[122, 222], [178, 222], [178, 246], [122, 246]], '대체', 0.9892582348029162), ([[183, 226], [298, 226], [298, 269], [183, 269]], '뭐 @ -려', 0.09861503296213234), ([[697, 331], [795, 331], [795, 393], [697, 393]], "'꿀렁 ", 0.07014943659305573), ([[829, 417], [875, 417], [875, 457], [829, 457]], '존텅', 0.16155556639364202), ([[254, 536], [284, 536], [284, 574], [254, 574]], '문', 0.9071219018012222), ([[51, 642], [122, 642], [122, 691], [51, 691]], '문질', 0.6099311363493821)]
[([[697, 11], [774, 11], [774, 53], [697, 53]], '완성-', 0.4997897381242717), ([[684, 48], [779, 48], [779, 80], [684, 80]], '년 내가', 0.9991492574516954), ([[618, 74], [816, 74], [816, 127], [618, 127]], '텔퓨로 신정활 수', 0.12487462667420593), ([[676, 118], [742, 118], [742, 146], [676, 146]], '없어', 0.3854641487051005), ([[41, 256], [186, 256], [186, 312], [41, 312]], '"안주에서 먼', 0.11368688056984276), ([[183, 283], [207, 283], [207, 301], [183, 301]], '가', 0.9996234533078372), ([[22, 289], [170, 289], [170, 338], [22, 338]], "'밀려나와요오", 0.30831164035940894), ([[641.202547777171, 6.16585988749353], [690.9331231157236, 12.487130601950893], [687.797452222829, 32.83414011250647], [638.0668768842764, 26.512869398049105]], '4자', 0.2013431142223095), ([[593.0521752792359, 31.113918644867482], [691.9094315216327, 44.153628227275405], [684.9478247207641, 79.88608135513252], [587.0905684783673, 66.8463717727246]], '"앞의로)', 0.24645377966712717), ([[783.1758366163078, 53.11542815707753], [862.9250344189198, 63.333536461511926], [857.8241633836922, 93.88457184292247], [778.0749655810802, 82.66646353848807]], '아니면', 0.999868406774594), ([[81.21553545944727, 215.0776772972363], [163.99007168904708, 240.71834788077314], [152.78446454055273, 272.92232270276367], [71.00992831095292, 247.28165211922686]], '@아앗', 0.09218445420265198)]
[([[257, 27], [415, 27], [415, 63], [257, 63]], '회미약--!', 0.07658054771405992), ([[423, 19], [639, 19], [639, 59], [423, 59]], '모데우 스각앗-!!', 0.10405478810320197), ([[649, 11], [821, 11], [821, 47], [649, 47]], '조아해요-!9', 0.7138282411992048), ([[13, 461], [177, 461], [177, 501], [13, 501]], '& 계속 사정해;', 0.2650107780723188), ([[182, 470], [214, 470], [214, 494], [182, 494]], '퍽', 0.010746174607289882), ([[220, 472], [250, 472], [250, 496], [220, 496]], '메', 0.018294227823904885), ([[29, 494], [174, 494], [174, 533], [29, 533]], '사정해버려 _', 0.16122930233443955), ([[7, 529], [68, 529], [68, 556], [7, 556]], '네가', 0.9167465375978406), ([[67, 528], [252, 528], [252, 580], [67, 580]], '사랑하분 또금@', 0.049335961836057075), ([[19, 563], [196, 563], [196, 606], [19, 606]], '사정해 버리로-', 0.3405001040050776), ([[588, 598], [626, 598], [626, 628], [588, 628]], '나', 0.5919690233330499), ([[698.8936214732712, 194.0511119113286], [862.2915263802341, 226.93780453394015], [838.1063785267288, 325.9488880886714], [675.7084736197659, 294.06219546605985]], '섞:', 0.0177892353409848), ([[491.2269793174761, 465.04281385728467], [584.9707258670526, 511.360483865408], [555.7730206825239, 568.9571861427154], [462.02927413294736, 522.639516134592]], '.', 0.04826446650645266)]
[([[24, 28], [348, 28], [348, 60], [24, 60]], '" 천사굉의 빛이 사라져네. ?', 0.34340546993199317), ([[13, 58], [295, 58], [295, 99], [13, 99]], '혹시 타락해버린결까_? *', 0.43921578673968187), ([[395, 393], [834, 393], [834, 438], [395, 438]], "@센갑어 [@_ -못안다 어움 괜'@-(", 0.004367995762867086), ([[440, 430], [803, 430], [803, 471], [440, 471]], '@사랑안마집 말안이물 면 평생', 0.0024622267282247527), ([[558, 468], [644, 468], [644, 494], [558, 494]], '[교이', 0.03224118037936165), ([[232, 572], [300, 572], [300, 628], [232, 628]], '동론', 0.0014180516294433534), ([[418, 628], [496, 628], [496, 678], [418, 678]], '꿀령"', 0.2128836336847403), ([[647, 649], [859, 649], [859, 691], [647, 691]], '답4::표 설`)', 0.00029501100821683544)]
