2067605
108
[]
[]
[]
[]
[]
[]
[]
[([[227, 453], [494, 453], [494, 516], [227, 516]], '오늘은 혼자서', 0.9281294796894818), ([[512, 458], [758, 458], [758, 508], [512, 508]], '집보기 인가.', 0.9593375448543882), ([[388, 516], [568, 516], [568, 566], [388, 566]], '원지 덥네', 0.3786078974415533)]
[]
[]
[]
[]
[]
[]
[]
[]
[]
[]
[]
[]
[]
[]
[]
[]
[]
[]
[]
[]
[]
[]
[]
[]
[]
[]
[]
[]
[]
[]
[]
[]
[]
[]
[]
[]
[]
[]
[]
[]
[]
[]
[]
[]
[]
[]
[]
[]
[]
[]
[]
[]
[]
[]
[]
[]
[]
[]
[]
[]
[]
[]
[]
[]
[]
[]
[]
[]
[]
[]
[]
[]
[]
[]
[]
[]
[]
[]
[]
[]
[]
[]
[]
[]
[]
[]
[]
[]
[]
[]
[]
[]
[]
[]
[]
[]
[]
[]
[]
[]
