2067495
37
[([[134, 781], [318, 781], [318, 830], [134, 830]], '변역 이거마몸바', 0.028682758957648356), ([[125, 813], [1055, 813], [1055, 921], [125, 921]], '친욕위 제절피 현원한 스녀아이', 0.0824190464709576)]
[]
[]
[([[1694, 2049], [1966, 2049], [1966, 2160], [1694, 2160]], '가', 0.9224560611302337)]
[]
[]
[]
[([[1881, 419], [1959, 419], [1959, 467], [1881, 467]], '오)', 0.7549262242763849), ([[1867, 465], [1931, 465], [1931, 527], [1867, 527]], '#', 0.9940511509509555), ([[1948, 442], [2012, 442], [2012, 506], [1948, 506]], '#', 0.9515866200873155), ([[1403, 504], [1605, 504], [1605, 613], [1403, 613]], '#또', 0.1019002368637745), ([[1661, 533], [1714, 533], [1714, 600], [1661, 600]], '#', 0.9890832071965292), ([[1952, 771], [2014, 771], [2014, 853], [1952, 853]], '{', 0.19662575680146066), ([[1853, 838], [1915, 838], [1915, 900], [1853, 900]], '다', 0.8254360694909479), ([[1897, 1179], [1948, 1179], [1948, 1230], [1897, 1230]], '#', 0.020685881954936258), ([[1754, 1194], [1823, 1194], [1823, 1280], [1754, 1280]], '', 0.0), ([[1735.2372145186403, 565.0242679426506], [1854.8367270859858, 667.0272121523357], [1788.7627854813597, 745.9757320573494], [1669.1632729140142, 643.9727878476643]], '탓', 0.026434615566309994), ([[1821.9714880870245, 665.0407498965076], [1910.624278940206, 624.0149980437116], [1989.0285119129755, 816.9592501034924], [1900.375721059794, 857.9850019562884]], '#', 0.8982611929934734), ([[1848.9421871324348, 1194.046714596513], [1976.0961371816966, 1229.4310023369485], [1945.0578128675652, 1330.953285403487], [1817.9038628183034, 1294.5689976630515]], '56', 0.18106778593249184)]
[([[1163, 1061], [1348, 1061], [1348, 1154], [1163, 1154]], '어_', 0.015155378835054032)]
[([[798, 1803], [1022, 1803], [1022, 1841], [798, 1841]], ':::시쪽-엉신', 0.0001016467782634101), ([[1035, 1804], [1234, 1804], [1234, 1846], [1035, 1846]], '굽,~:깨,($', 0.00011934505740405052), ([[746, 1848], [1137, 1848], [1137, 1888], [746, 1888]], '급8아`뒤 -어4;0 름~:명~깨(', 5.1904805881543624e-06), ([[1146, 1848], [1303, 1848], [1303, 1884], [1146, 1884]], '법미 3어쥐*', 0.0001622556794109044), ([[96, 1889], [1894, 1889], [1894, 2085], [96, 2085]], '지으의 계절과 영원한 소녀 아이', 0.5650261498852408), ([[109, 2118], [540, 2118], [540, 2158], [109, 2158]], '0 끼-갚,운`버풍 $훌하응0담 @_라어', 1.3423911381717187e-06), ([[550, 2118], [765, 2118], [765, 2156], [550, 2156]], "'7 (맥,미뱀:$.", 0.0008973644502314525), ([[783, 2114], [1328, 2114], [1328, 2159], [783, 2159]], '베4할+8 교,_ (;-(8 [뱀어명]@,', 4.755750710292714e-06), ([[1348, 2124], [1374, 2124], [1374, 2150], [1348, 2150]], '교', 0.04131256381497672), ([[1385, 2114], [1758, 2114], [1758, 2156], [1385, 2156]], '*< ;- $0미1 (<형담풀응', 5.5133941553066756e-06), ([[1767, 2114], [1891, 2114], [1891, 2152], [1767, 2152]], "'7 $'7", 0.03625870735353542), ([[757, 2159], [1296, 2159], [1296, 2204], [757, 2204]], '벼산-것 *04 (,사 (,78 [0, 0,..?', 2.350390367229508e-06), ([[863, 2454], [1155, 2454], [1155, 2498], [863, 2498]], '가,멋도-고+;아 7고하(.[+', 1.895924082637203e-05)]
[([[932, 1146], [1180, 1146], [1180, 1227], [932, 1227]], '지욕 통신', 0.792500266796134), ([[530, 1230], [743, 1230], [743, 1296], [530, 1296]], '당 신 의', 0.46765304768158594), ([[832, 1230], [1055, 1230], [1055, 1296], [832, 1296]], '원 한 올', 0.8412975403277314), ([[1135, 1230], [1604, 1230], [1604, 1296], [1135, 1296]], '풀 어 드림 니 다', 0.839874231539416), ([[871, 1379], [1230, 1379], [1230, 1428], [871, 1428]], '엔마 아이의 옛찌한 망가 키본', 0.6516256644226863), ([[1299.226979317476, 1614.0428138572847], [1349.5410125526857, 1595.0209380703538], [1392.773020682524, 1717.9571861427153], [1341.4589874473143, 1737.9790619296462]], '딱', 0.9415883133890226)]
[([[974, 0], [1046, 0], [1046, 29], [974, 29]], ')', 0.10264737517253764), ([[1365, 0], [1672, 0], [1672, 34], [1365, 34]], '2 다어곰', 4.9546399798242785e-06), ([[1685, 0], [1741, 0], [1741, 29], [1685, 29]], ')', 0.014966033142806145), ([[1753, 0], [1804, 0], [1804, 31], [1753, 31]], '', 0.0), ([[1818, 0], [1869, 0], [1869, 29], [1818, 29]], '왜', 0.0007454954594310892), ([[1057, 0], [1762, 0], [1762, 83], [1057, 83]], "규7:~'?{하다;", 0.00045900739170921773), ([[968, 110], [1048, 110], [1048, 161], [968, 161]], '326', 0.7374880741902602), ([[1143, 113], [1327, 113], [1327, 168], [1143, 168]], '초20', 0.041406280783936246), ([[1357, 110], [1871, 110], [1871, 163], [1357, 163]], "206/29)0 50 '", 0.046742895485566954), ([[1062, 155], [1779, 155], [1779, 208], [1062, 208]], '(+수톱 0/-+-1+7) 숨스* 쇼 ;', 0.013620645342032132), ([[1058, 198], [1885, 198], [1885, 253], [1058, 253]], '떠00+ < ++ 83시+--< %5<쇼?', 0.0008986300377061351), ([[965, 286], [1045, 286], [1045, 337], [965, 337]], '31', 0.6868942562520839), ([[1100, 286], [1329, 286], [1329, 341], [1100, 341]], '3#(손시', 0.026739464308748285), ([[1357, 286], [1869, 286], [1869, 339], [1357, 339]], '2000/12/11(벼개 기', 0.060326070527125714), ([[1058, 329], [1801, 329], [1801, 386], [1058, 386]], '*3< 3 ~ 사#처표틈 2 <+-7 ;', 0.0033084102440463416), ([[1058, 371], [1545, 371], [1545, 427], [1058, 427]], '7 5즈0*7+륙 (-+', 0.02521550942185382), ([[965, 459], [1048, 459], [1048, 512], [965, 512]], '328', 0.5115044116973877), ([[1098, 461], [1329, 461], [1329, 514], [1098, 514]], '3"(음', 0.002050046343356371), ([[1357, 459], [1873, 459], [1873, 514], [1357, 514]], '스52터75 0 ?', 0.050695475764390624), ([[1053, 504], [1180, 504], [1180, 555], [1053, 555]], '3376', 0.32696834206581116), ([[1058, 547], [1549, 547], [1549, 602], [1058, 602]], '57; 8 + 취7{주름+-+', 0.0055546376367252015), ([[1577, 547], [2014, 547], [2014, 602], [1577, 602]], '구9 7 _553', 0.02913180734012954), ([[965, 635], [1048, 635], [1048, 685], [965, 685]], '379', 0.9107916657343642), ([[1356, 631], [1872, 631], [1872, 691], [1356, 691]], '229) 15 51 0', 0.10001690095893012), ([[1055, 632], [1613, 632], [1613, 740], [1055, 740]], '@플르소 _잦-" (', 0.0027823063907980467), ([[965, 765], [1050, 765], [1050, 818], [965, 818]], '390', 0.3211952623962384), ([[1100, 767], [1327, 767], [1327, 820], [1100, 820]], '3"0:~', 0.014201146692633058), ([[1357, 765], [1871, 765], [1871, 820], [1357, 820]], '7002"75 39 0', 0.07237075240677485), ([[1062, 810], [1284, 810], [1284, 863], [1062, 863]], '5575', 0.12918908894062042), ([[1451, 812], [1538, 812], [1538, 861], [1451, 861]], '( <', 0.4226467168078249), ([[965, 898], [1043, 898], [1043, 946], [965, 946]], '3기', 0.39705628844062774), ([[1100, 896], [1327, 896], [1327, 951], [1100, 951]], '*숫#현스', 0.0055299509312342066), ([[1357, 896], [1871, 896], [1871, 951], [1357, 951]], '2000/12히1 (7 03 59', 0.07199864018417469), ([[1060, 941], [1271, 941], [1271, 994], [1060, 994]], '이 사이트에서:', 0.6311255127321299), ([[1287, 943], [1718, 943], [1718, 996], [1287, 996]], '상대 이름올 입력하여 송신하면', 0.6167428743741984), ([[1058, 986], [1680, 986], [1680, 1039], [1058, 1039]], '지목소녀가 나타나 원망하는 상대들 순식간에', 0.45714417833337023), ([[1058, 1031], [1329, 1031], [1329, 1084], [1058, 1084]], '지목으로 보내준대:', 0.4979870717209409), ([[965, 1116], [1048, 1116], [1048, 1167], [965, 1167]], '3)2', 0.30822385741343156), ([[1355, 1114], [1871, 1114], [1871, 1169], [1355, 1169]], '끄529" 9 ?', 0.002244172428976309), ([[1048, 1109], [1334, 1109], [1334, 1224], [1048, 1224]], '#음어노후;', 0.001095030791199377), ([[964, 1245], [1328, 1245], [1328, 1309], [964, 1309]], '3) 3;', 0.07443353477643017), ([[1357, 1247], [1669, 1247], [1669, 1304], [1357, 1304]], '702)', 0.5475404858589172), ([[1683, 1247], [1871, 1247], [1871, 1297], [1683, 1297]], '76 7 2', 0.06186812090436593), ([[1053, 1289], [1630, 1289], [1630, 1345], [1053, 1345]], '-3 5면 -끼 *', 0.001830387538594592), ([[965, 1377], [1048, 1377], [1048, 1428], [965, 1428]], '3:', 0.8450198832694855), ([[1098, 1377], [1327, 1377], [1327, 1432], [1098, 1432]], '39(?사', 0.023066150964949152), ([[1355, 1377], [1871, 1377], [1871, 1432], [1355, 1432]], '?2799 02 56', 0.059686609061113546), ([[1053, 1422], [1237, 1422], [1237, 1473], [1053, 1473]], '32 37', 0.1387500937521844), ([[1064, 1468], [1278, 1468], [1278, 1523], [1064, 1523]], '{0 *', 0.002259841206329652), ([[965, 1550], [1048, 1550], [1048, 1603], [965, 1603]], '35', 0.968812926858431), ([[1098, 1553], [1327, 1553], [1327, 1610], [1098, 1610]], '7"(?사', 0.04845186479893388), ([[1351, 1539], [1672, 1539], [1672, 1618], [1351, 1618]], '201267)', 0.016373400212493113), ([[1683, 1550], [1871, 1550], [1871, 1603], [1683, 1603]], '09" 9', 0.004429569478270248), ([[1141, 1595], [1590, 1595], [1590, 1651], [1141, 1651]], '거70-5-1707', 0.010408929680083395), ([[965, 1683], [1048, 1683], [1048, 1734], [965, 1734]], '335', 0.24642891389311455), ([[1143, 1683], [1327, 1683], [1327, 1738], [1143, 1738]], '숫소손스', 0.0012038863496854901), ([[1357, 1683], [1669, 1683], [1669, 1736], [1357, 1736]], '2006/12/11 (7)', 0.43122448773666905), ([[1683, 1683], [1871, 1683], [1871, 1734], [1683, 1734]], '22.41 0', 0.4562843949313012), ([[1085, 1727], [1648, 1727], [1648, 1781], [1085, 1781]], "'뭐문지 지목소녀랑 계약올 주고받은 자능", 0.3410968664714421), ([[1058, 1771], [1617, 1771], [1617, 1824], [1058, 1824]], '원망하는 상대처럼 지으에 떨어진다던데:', 0.31218432758238995), ([[965, 1859], [1048, 1859], [1048, 1907], [965, 1907]], '377', 0.2624049812881048), ([[1100, 1859], [1284, 1859], [1284, 1912], [1100, 1912]], '특0구*', 0.10887724161148071), ([[1312, 1856], [1828, 1856], [1828, 1912], [1312, 1912]], '200형?) ? 59 12', 0.060099813730282385), ([[1061, 2032], [1524, 2032], [1524, 2092], [1061, 2092]], '그런 건 빨리 말해, 송신해버령어::', 0.20397272567583705), ([[1537, 2036], [1786, 2036], [1786, 2087], [1537, 2087]], '손발이 덜덜 떨려.', 0.5834581012622128), ([[965, 2120], [1048, 2120], [1048, 2170], [965, 2170]], '399', 0.11133027275956922), ([[1355, 2120], [1867, 2120], [1867, 2175], [1355, 2175]], '?5?) 7 기', 0.021216127629502753), ([[1095, 2115], [1374, 2115], [1374, 2223], [1095, 2223]], '라다] ~=', 0.06366896727134161), ([[965, 2250], [1048, 2250], [1048, 2303], [965, 2303]], '339', 0.41167599115174536), ([[1357, 2248], [1867, 2248], [1867, 2305], [1357, 2305]], '7226) 0 ? 개', 0.16247651205023558), ([[1095, 2245], [1424, 2245], [1424, 2360], [1095, 2360]], '3소스청소 #쪽', 0.0007913982466136376), ([[965, 2381], [1048, 2381], [1048, 2434], [965, 2434]], '340', 0.899000096822364), ([[1357, 2381], [1873, 2381], [1873, 2436], [1357, 2436]], '251212)) 0 712', 0.07366990634130499), ([[1093, 2376], [1334, 2376], [1334, 2486], [1093, 2486]], '3;(~', 0.050131455063819885), ([[1098, 2471], [1282, 2471], [1282, 2524], [1098, 2524]], '걸-: ~', 0.021253593343723707), ([[968, 2556], [1048, 2556], [1048, 2609], [968, 2609]], '게', 0.24172518805419063), ([[1354, 2555], [1870, 2555], [1870, 2615], [1354, 2615]], '스시?셋) 0 55 3', 0.0174409953095124), ([[1093, 2551], [1462, 2551], [1462, 2664], [1093, 2664]], '#536쨌 ', 0.006454913026149519), ([[1492, 2606], [1581, 2606], [1581, 2654], [1492, 2654]], '사~', 0.28517639542167067), ([[968, 2687], [1050, 2687], [1050, 2740], [968, 2740]], '347', 0.720992268233948), ([[1095, 2684], [1638, 2684], [1638, 2792], [1095, 2792]], '표고록수$%-9', 2.797585311127117e-06), ([[1356, 2685], [1868, 2685], [1868, 2747], [1356, 2747]], '206702269972 59', 0.08187563361312215), ([[968, 2817], [1048, 2817], [1048, 2868], [968, 2868]], '3)', 0.8993320258348791), ([[1097, 2818], [1330, 2818], [1330, 2880], [1097, 2880]], ':9:', 0.03664924151854674), ([[1354, 2817], [1869, 2817], [1869, 2872], [1354, 2872]], '?0"76) 03 0 57', 0.0058041750612413895)]
[([[212, 47], [267, 47], [267, 107], [212, 107]], '아', 0.8305586267716905), ([[225, 95], [274, 95], [274, 145], [225, 145]], '0', 0.4043206255346945), ([[1640, 115], [1747, 115], [1747, 168], [1640, 168]], '말하고', 0.9500838878495881), ([[1634, 162], [1741, 162], [1741, 213], [1634, 213]], '싶다   .', 0.4524654979613847), ([[806, 212], [859, 212], [859, 325], [806, 325]], '향', 0.01843110380059798), ([[846, 270], [870, 270], [870, 305], [846, 305]], '', 0.0), ([[1073, 349], [1221, 349], [1221, 402], [1073, 402]], '이 상황올', 0.5047054659952295), ([[72, 358], [150, 358], [150, 494], [72, 494]], '학', 0.4602789392319586), ([[1094, 396], [1201, 396], [1201, 447], [1094, 447]], '어떻게', 0.5599002970849294), ([[1078, 439], [1216, 439], [1216, 492], [1078, 492]], '설명하면', 0.9996586441993713), ([[1060, 484], [1178, 484], [1178, 535], [1060, 535]], '종율지:', 0.3792024254798889), ([[1242, 922], [1374, 922], [1374, 1057], [1242, 1057]], '@', 0.049378299517543134), ([[690, 1276], [813, 1276], [813, 1479], [690, 1479]], '철', 0.0216374942330122), ([[463, 1435], [580, 1435], [580, 1631], [463, 1631]], '춤', 0.01562479510970527), ([[707, 1454], [788, 1454], [788, 1585], [707, 1585]], '틈', 0.7318944983946949), ([[470, 1604], [559, 1604], [559, 1741], [470, 1741]], '틈', 0.9343495541397715), ([[1337, 1809], [1409, 1809], [1409, 1954], [1337, 1954]], '춤', 0.9742574594131383), ([[419, 1817], [589, 1817], [589, 2135], [419, 2135]], '품', 0.06586116136333331), ([[771, 1968], [1008, 1968], [1008, 2080], [771, 2080]], '엔마-아익소다', 0.23147718972573775), ([[848, 1973], [940, 1973], [940, 2024], [848, 2024]], '아이::', 0.7847148180007935), ([[181, 1985], [284, 1985], [284, 2183], [181, 2183]], '', 0.0), ([[1195, 2012], [1250, 2012], [1250, 2137], [1195, 2137]], '춤', 0.39827735321615876), ([[1192, 2618], [1256, 2618], [1256, 2765], [1192, 2765]], '춤', 0.9962873411874149), ([[599.241527258976, 349.0360362192484], [660.6233193339639, 341.4423419188183], [674.758472741024, 469.9639637807516], [613.3766806660361, 477.5576580811817]], '양', 0.0405786285293539), ([[351.8846847351448, 1023.0282892823526], [578.0481226678437, 1080.9405972881711], [526.1153152648552, 1263.9717107176473], [298.95187733215636, 1207.0594027118289]], '깨계', 0.008779280447368665), ([[1635.5459233908134, 1329.010314597897], [1712.0, 1353.0], [1644.4540766091866, 1568.989685402103], [1568.0, 1545.0]], '틀', 0.8395615587932106), ([[257.231656688977, 1770.0184591307218], [370.9198293231184, 1742.2686746672807], [429.768343311023, 2009.9815408692782], [316.0801706768816, 2037.7313253327193]], '움', 0.6601434648655982), ([[1799.8746213411157, 1795.0453046298342], [1889.6534925144529, 1750.0152601907096], [1977.1253786588843, 1946.9546953701658], [1887.3465074855471, 1991.9847398092904]], '장', 0.023963597545490822), ([[1058.404640601427, 1802.0221840591219], [1117.8552865618956, 1793.2181035876047], [1137.595359398573, 1951.9778159408781], [1078.1447134381044, 1959.7818964123953]], '춤', 0.9530067913851248)]
[([[59, 128], [193, 128], [193, 177], [59, 177]], '정말로  .', 0.338693874575598), ([[105, 174], [142, 174], [142, 221], [105, 221]], '올', 0.9999817610618642), ([[50, 214], [161, 214], [161, 265], [50, 265]], '줄이야:', 0.8131258487701416), ([[328, 395], [611, 395], [611, 541], [328, 541]], '딱:용', 0.014619656982573148), ([[75, 903], [138, 903], [138, 948], [75, 948]], '우와~', 0.9771416695741405), ([[443, 1485], [616, 1485], [616, 1538], [443, 1538]], '의회인 ^군', 0.16208185152970164), ([[1298, 1684], [1378, 1684], [1378, 1828], [1298, 1828]], '창', 0.00840754321542736), ([[1906, 1697], [1957, 1697], [1957, 1777], [1906, 1777]], '로', 0.02316984746183004), ([[445, 1836], [482, 1836], [482, 1912], [445, 1912]], '잇', 0.6823269658298301), ([[838, 1776], [924, 1776], [924, 1931], [838, 1931]], '해', 0.078078461173825), ([[1505, 1806], [1583, 1806], [1583, 1973], [1505, 1973]], '품', 0.9693957424447177), ([[1738, 1723], [1798, 1723], [1798, 1928], [1738, 1928]], '용', 0.10695786255645601), ([[121, 1943], [230, 1943], [230, 2003], [121, 2003]], '아-', 0.983425726515316), ([[83, 2007], [264, 2007], [264, 2087], [83, 2087]], '나 역시', 0.9982300693740308), ([[93, 2079], [258, 2079], [258, 2159], [93, 2159]], '지욕행', 0.6118731472594023), ([[87, 2151], [265, 2151], [265, 2236], [87, 2236]], '일까  .', 0.8274683733525509), ([[622, 2647], [772, 2647], [772, 2840], [622, 2840]], '5#', 0.44358496872723346), ([[60.95144619575154, 952.036880054477], [165.1529767680105, 930.2156178487203], [173.04855380424846, 972.963119945523], [68.84702323198952, 994.7843821512797]], '엄청나게', 0.8964160680770874), ([[69.87652476222787, 992.5012198097824], [173.38556645678923, 968.8697559373012], [181.1234752377721, 1005.4987801902176], [77.61443354321078, 1029.130244062699]], '쳐다보네.', 0.9810572035996377), ([[1608.9146451951456, 1401.0294715906768], [1931.0948843635863, 1457.0514378929638], [1893.0853548048544, 1624.9705284093232], [1571.9051156364137, 1568.9485621070362]], '아;', 0.12330653530511866), ([[1651.504789972514, 1639.0175386124463], [1706.4153140629423, 1632.144572507623], [1726.495210027486, 1793.9824613875537], [1671.5846859370577, 1800.855427492377]], '춤', 0.4106855235611171), ([[541.400778482288, 2253.045137983101], [603.9785844203252, 2293.5866405797065], [581.599221517712, 2326.954862016899], [519.0214155796748, 2286.4133594202935]], '(익7*', 0.005623773206025362), ([[544.1360026099594, 2304.0752148767683], [612.9470745714185, 2331.2744290628584], [596.8639973900406, 2370.9247851232317], [528.0529254285815, 2343.7255709371416]], "잘7'", 0.16964902251380512), ([[1406.9176248275737, 2371.0325721377235], [1542.2310509143654, 2349.5163140446725], [1570.0823751724263, 2572.9674278622765], [1434.7689490856346, 2594.4836859553275]], '땅', 0.09456063347770627), ([[866.5082600965459, 2530.017293370952], [921.6352822071892, 2524.19369027278], [937.4917399034541, 2685.982706629048], [881.3647177928108, 2691.80630972722]], '품', 0.5653772994407156), ([[1240.5012706500847, 2570.017789101185], [1292.485139048864, 2564.1593595325044], [1308.4987293499153, 2723.982210898815], [1256.514860951136, 2729.8406404674956]], '춤', 0.18281405359927305), ([[1479.8455373762908, 2608.0229881449027], [1793.2563502484818, 2674.687239479749], [1733.1544626237092, 2916.9770118550973], [1418.7436497515182, 2850.312760520251]], '필]', 0.007266778996386192), ([[1028.4977010782547, 2665.0180449877407], [1079.346901225047, 2658.13080375226], [1098.5022989217453, 2817.9819550122593], [1046.653098774953, 2824.86919624774]], '춤', 0.17668641844963773)]
[([[755, 145], [801, 145], [801, 187], [755, 187]], '지', 0.9930523137380796), ([[0, 115], [254, 115], [254, 362], [0, 362]], '자', 0.005837073368184287), ([[712, 258], [850, 258], [850, 336], [712, 336]], '소녀?', 0.9998171328457868), ([[725, 187], [836, 187], [836, 262], [725, 262]], '지목', 0.3905081960101431), ([[721, 330], [817, 330], [817, 372], [721, 372]], '우와앗"', 0.6502647399902344), ([[1300, 393], [1766, 393], [1766, 673], [1300, 673]], '#치@', 0.004519179300588257), ([[1771, 694], [1967, 694], [1967, 796], [1771, 796]], '우아아', 0.9761131016514047), ([[990, 772], [1023, 772], [1023, 839], [990, 839]], '문', 0.3935674647765133), ([[1841, 781], [1963, 781], [1963, 861], [1841, 861]], '아아', 0.9999084582722889), ([[923, 824], [978, 824], [978, 881], [923, 881]], '흉계', 0.06611363611198434), ([[1786, 852], [1964, 852], [1964, 938], [1786, 938]], '아아아', 0.9886248961082105), ([[1199, 927], [1255, 927], [1255, 985], [1199, 985]], '흉계', 0.13263935124029497), ([[388, 910], [786, 910], [786, 1117], [388, 1117]], '"근7', 0.0017760483857848226), ([[1352, 1040], [1644, 1040], [1644, 1095], [1352, 1095]], '조금 전의 이야기   .', 0.38248415898575217), ([[1621, 1626], [1820, 1626], [1820, 1692], [1621, 1692]], '불컷지: :?', 0.6098650678106123), ([[387, 2333], [467, 2333], [467, 2384], [387, 2384]], "'엇어", 0.05560086679783019), ([[1264.955252612917, -19.96965505782411], [1598.4154435810678, 35.45001924458585], [1564.044747387083, 187.9696550578241], [1230.5845564189322, 131.54998075541414]], '{#처교', 0.00518860062584281)]
[([[512, 188], [687, 188], [687, 232], [512, 232]], '당신이 정말', 0.9661724471894674), ([[1312, 174], [1493, 174], [1493, 246], [1312, 246]], '난 엔마', 0.981466058991982), ([[547, 230], [649, 230], [649, 278], [547, 278]], '원한올', 0.7354330876158842), ([[496, 276], [673, 276], [673, 320], [496, 320]], '풀고 싶다면', 0.5736114025011736), ([[1313, 247], [1481, 247], [1481, 315], [1313, 315]], '아이: .', 0.5473264164287914), ([[507, 321], [693, 321], [693, 365], [507, 365]], '그 발간 실올', 0.28977926370502943), ([[1027, 305], [1188, 305], [1188, 383], [1027, 383]], '이것올', 0.950396276972367), ([[521, 366], [648, 366], [648, 408], [521, 408]], '풀면 돼:', 0.7962259276098037), ([[1079, 384], [1188, 384], [1188, 448], [1079, 448]], '받아', 0.9942639238911097), ([[356, 585], [476, 585], [476, 636], [356, 636]], '(하 .', 0.12020755967806408), ([[656, 631], [725, 631], [725, 675], [656, 675]], '풀면', 0.992886133939627), ([[604, 676], [779, 676], [779, 720], [604, 720]], '나랑 계약올', 0.4273348324853759), ([[617, 718], [766, 718], [766, 766], [617, 766]], '하늘 것이', 0.5828743423284651), ([[638, 766], [689, 766], [689, 806], [638, 806]], '돼:', 0.3664432555426906), ([[147, 1227], [303, 1227], [303, 1289], [147, 1289]], '짚인형: ?', 0.6586211573943496), ([[1363, 1343], [1565, 1343], [1565, 1405], [1363, 1405]], "후0(0'0", 0.3297881977573034), ([[1144, 1563], [1220, 1563], [1220, 1607], [1144, 1607]], '으아', 0.9968514825584072), ([[698, 1589], [782, 1589], [782, 1646], [698, 1646]], '계약', 0.9998406886297155), ([[1046, 1602], [1320, 1602], [1320, 1657], [1046, 1657]], '정말로 와버로어:', 0.5501360572119681), ([[668, 1645], [809, 1645], [809, 1700], [668, 1700]], '활래 ?', 0.611739456653595), ([[1082, 1647], [1270, 1647], [1270, 1700], [1082, 1700]], '농담이예요 ', 0.5224011736293946), ([[1091, 1692], [1273, 1692], [1273, 1743], [1091, 1743]], '라고 말하면', 0.9241275171018616), ([[1085, 1735], [1277, 1735], [1277, 1788], [1085, 1788]], '용서해줄까  ', 0.7773551018121377), ([[1107, 1780], [1259, 1780], [1259, 1831], [1107, 1831]], '애당초 난', 0.9966511798808776), ([[1041, 1819], [1330, 1819], [1330, 1881], [1041, 1881]], '원망하는 인간 따위', 0.7864575665731287), ([[1116, 1868], [1248, 1868], [1248, 1921], [1116, 1921]], '없는데  ', 0.38095720015464807), ([[783, 1910], [832, 1910], [832, 1968], [783, 1968]], '안', 0.9999480254251125), ([[1067, 1910], [1300, 1910], [1300, 1966], [1067, 1966]], '으~음 어쩌지  ', 0.6873020515582688), ([[764, 1966], [848, 1966], [848, 2027], [764, 2027]], '활래', 0.9489352173292036), ([[1127, 1955], [1234, 1955], [1234, 2006], [1127, 2006]], '여기서', 0.9998211246289413), ([[1061, 1995], [1306, 1995], [1306, 2056], [1061, 2056]], '대응올 잘못하면', 0.9120741142571165), ([[1091, 2043], [1279, 2043], [1279, 2096], [1091, 2096]], '지욕행인가?', 0.534693443960072), ([[25, 2156], [251, 2156], [251, 2317], [25, 2317]], '방그리', 0.5457677347107028), ([[451, 2479], [572, 2479], [572, 2540], [451, 2540]], '기다려', 0.9978212336089705), ([[513, 2538], [571, 2538], [571, 2591], [513, 2591]], '쥐!', 0.5655947657281809), ([[943, 2619], [1435, 2619], [1435, 2808], [943, 2808]], '{거', 0.06994304549316509), ([[847.095189147273, 1200.0178043407338], [1187.7523485567904, 1319.6338991176256], [1116.904810852727, 1499.9821956592662], [777.2476514432097, 1380.3661008823744]], '사뻐액', 0.0046347896439065195)]
[([[1766, 160], [1842, 160], [1842, 211], [1766, 211]], '계약', 0.999893285847368), ([[1710, 209], [1923, 209], [1923, 260], [1710, 260]], '왜인지 그녀분', 0.23240872641091093), ([[137, 243], [283, 243], [283, 296], [137, 296]], '계약할게:', 0.7105823740014585), ([[747, 252], [852, 252], [852, 305], [747, 305]], '지욕행', 0.8183458396388176), ([[1690, 257], [1943, 257], [1943, 310], [1690, 310]], '그 단어에 약있다.', 0.8695124542619074), ([[761, 302], [836, 302], [836, 352], [761, 352]], '따월', 0.8484198417467939), ([[1744, 304], [1891, 304], [1891, 357], [1744, 357]], '방문 판매', 0.999847621049168), ([[724, 349], [876, 349], [876, 402], [724, 402]], '신경 쓸까', 0.48143992838616484), ([[1733, 351], [1900, 351], [1900, 404], [1733, 404]], '외판원처럼', 0.8539933589521551), ([[730, 402], [833, 402], [833, 446], [730, 446]], '보냐   ', 0.5679014977207097), ([[1748, 401], [1891, 401], [1891, 451], [1748, 451]], '그 단어에', 0.988115954057438), ([[1748, 448], [1887, 448], [1887, 499], [1748, 499]], '구애받는', 0.23415221273899078), ([[1692, 497], [1918, 497], [1918, 550], [1692, 550]], '느낌이 들없다 .', 0.9731370536894222), ([[524, 959], [649, 959], [649, 1009], [524, 1009]], '그 대신:', 0.7651862174465544), ([[1451, 972], [1601, 972], [1601, 1023], [1451, 1023]], '기준 같은', 0.8132091743584227), ([[513, 1006], [616, 1006], [616, 1057], [513, 1057]], '소원올', 0.9284596902667337), ([[1442, 1022], [1538, 1022], [1538, 1070], [1442, 1070]], '건가:', 0.9735272299811988), ([[542, 1055], [645, 1055], [645, 1106], [542, 1106]], '부탁올', 0.680239745544453), ([[1520, 1070], [1564, 1070], [1564, 1116], [1520, 1116]], '난', 0.992502490339632), ([[528, 1100], [659, 1100], [659, 1156], [528, 1156]], '들어주지', 0.9979766607284546), ([[1438, 1116], [1588, 1116], [1588, 1169], [1438, 1169]], '생각있다:', 0.39291730503625605), ([[536, 1150], [654, 1150], [654, 1203], [536, 1203]], '않켓어?', 0.2350257933139801), ([[648, 1140], [1361, 1140], [1361, 1359], [648, 1359]], '선나버"', 0.01832258701324463), ([[1382, 1514], [1435, 1514], [1435, 1563], [1382, 1563]], '극!', 0.8998626432749439), ([[245, 1537], [323, 1537], [323, 1588], [245, 1588]], '좋아', 0.996592275962422), ([[234, 1582], [337, 1582], [337, 1633], [234, 1633]], '당신이', 0.9873685933905546), ([[1271, 1559], [1547, 1559], [1547, 1612], [1271, 1612]], '엄청난 눈동자다  ', 0.6962153651519123), ([[182, 1625], [388, 1625], [388, 1678], [182, 1678]], '대가을 지불할', 0.5272198756917903), ([[1298, 1609], [1518, 1609], [1518, 1662], [1298, 1662]], '그 모습은 마치', 0.9949497422422103), ([[234, 1670], [341, 1670], [341, 1720], [234, 1720]], '각오가', 0.9998179587317816), ([[1303, 1658], [1513, 1658], [1513, 1709], [1303, 1709]], '존재들 느끼지', 0.3230299646291792), ([[214, 1712], [316, 1712], [316, 1765], [214, 1765]], '잇다면', 0.5953219353274096), ([[1319, 1706], [1500, 1706], [1500, 1756], [1319, 1756]], '못하게 하늘', 0.5001314082541272), ([[1298, 1753], [1504, 1753], [1504, 1806], [1298, 1806]], '인형만 같다 ', 0.6878676147103859), ([[1013, 2507], [1151, 2507], [1151, 2557], [1013, 2557]], '시선만은', 0.9995881915092468), ([[990, 2556], [1171, 2556], [1171, 2607], [990, 2607]], '꽃질 정도로', 0.13470343120845854), ([[1008, 2603], [1153, 2603], [1153, 2654], [1008, 2654]], '느껴진다.', 0.9786781550933179), ([[260, 2706], [437, 2706], [437, 2878], [260, 2878]], '#', 0.4152522825595639), ([[228.84499141825435, 911.0669261969874], [286.54862303828867, 863.015060703146], [403.1550085817456, 1016.9330738030126], [345.45137696171133, 1064.984939296854]], ';', 0.26985159536465986)]
[([[540, 299], [609, 299], [609, 352], [540, 352]], '우옷;', 0.7431575098468165), ([[1105, 313], [1210, 313], [1210, 364], [1105, 364]], '그래서', 0.9999296606546856), ([[1784, 284], [1891, 284], [1891, 334], [1784, 334]], '그래서', 0.9999376443435047), ([[520, 349], [656, 349], [656, 402], [520, 402]], '이런 표정', 0.9806722508565144), ([[1051, 360], [1261, 360], [1261, 413], [1051, 413]], '이 부탁이다 ', 0.5955547653504794), ([[507, 395], [605, 395], [605, 449], [507, 449]], '치고는:', 0.24830268323421478), ([[1062, 407], [1248, 407], [1248, 460], [1062, 460]], '말하고 싶다.', 0.3384242237164071), ([[1051, 457], [1264, 457], [1264, 510], [1051, 510]], '이게 지속인가', 0.2139032806891424), ([[1046, 504], [1270, 504], [1270, 557], [1046, 557]], '외려 천국이다!', 0.9148181600181542), ([[519, 534], [658, 534], [658, 597], [519, 597]], '능숙하다 .', 0.9349107329230417), ([[1114, 554], [1196, 554], [1196, 602], [1114, 602]], '하아', 0.9999288568609533), ([[107, 1410], [257, 1410], [257, 1688], [107, 1688]], '양', 0.9225974667091954), ([[355, 1456], [555, 1456], [555, 1600], [355, 1600]], '투욱', 0.21299240536225866), ([[1725, 1534], [1789, 1534], [1789, 1649], [1725, 1649]], '응', 0.9988740277642592), ([[1789, 1420], [1891, 1420], [1891, 1666], [1789, 1666]], '울', 0.2912238842537249), ([[1089, 1644], [1221, 1644], [1221, 1757], [1089, 1757]], '하', 0.9931104050753135), ([[1122, 1752], [1237, 1752], [1237, 1863], [1122, 1863]], '악', 0.962181394078133), ([[161, 1922], [449, 1922], [449, 2138], [161, 2138]], '아', 0.9998337099547463), ([[1394, 1999], [1596, 1999], [1596, 2127], [1394, 2127]], '푹 ?', 0.3743358850479126), ([[245, 2101], [463, 2101], [463, 2409], [245, 2409]], '양', 0.2920711019106079), ([[1684, 1930], [1919, 1930], [1919, 2435], [1684, 2435]], '용', 0.09053753529261499), ([[513, 2516], [841, 2516], [841, 2681], [513, 2681]], '7하 @', 0.04565202475389353), ([[1569.585786437627, 916.1005050633884], [1622.604950604019, 868.018315033688], [1733.414213562373, 1005.8994949366116], [1680.395049395981, 1052.9816849663118]], '올', 0.09457824832578865), ([[1468.9154152542455, 969.2447440678317], [1518.6599829873244, 922.024231372387], [1609.0845847457545, 1028.7552559321682], [1559.3400170126756, 1075.975768627613]], '숲', 0.0992058484498024), ([[1613.164411712992, 1100.1891762223615], [1665.6412234498912, 1054.0228717015234], [1752.835588287008, 1165.8108237776385], [1701.3587765501088, 1211.9771282984766]], '호', 0.5566333818660816), ([[1667.7618846585278, 1259.0855695414002], [1720.547763134055, 1213.0166846014977], [1827.2381153414722, 1348.9144304585998], [1773.452236865945, 1394.9833153985023]], '올', 0.03942572425329005), ([[1542.0625747279903, 2148.063052987128], [1621.8296789002518, 2180.4652406965724], [1598.9374252720097, 2235.936947012872], [1519.1703210997482, 2203.5347593034276]], '화3', 0.06890062146412304)]
[([[909, 1049], [989, 1049], [989, 1099], [909, 1099]], '좀더', 0.5949843384284963), ([[915, 1099], [986, 1099], [986, 1143], [915, 1143]], '보고', 0.9999994942378553), ([[880, 1145], [953, 1145], [953, 1196], [880, 1196]], '싶어', 0.9662280432595534), ([[1361, 1674], [1435, 1674], [1435, 1727], [1361, 1727]], '인형:', 0.992095045554182), ([[1361, 1721], [1462, 1721], [1462, 1774], [1361, 1774]], '흉내는', 0.9857779595466778), ([[1640, 1726], [1738, 1726], [1738, 1777], [1640, 1777]], '내가 :', 0.8049437999725342), ([[1325, 1771], [1459, 1771], [1459, 1822], [1325, 1822]], '그만해쥐', 0.9683263301849365), ([[1617, 1772], [1766, 1772], [1766, 1827], [1617, 1827]], '무슨 소길', 0.29952149764171637), ([[1654, 1823], [1732, 1823], [1732, 1871], [1654, 1871]], '하는', 0.4641545543251464), ([[948, 1796], [1162, 1796], [1162, 2008], [948, 2008]], '[움', 0.4937300962361694), ([[1636, 1872], [1723, 1872], [1723, 1921], [1636, 1921]], '거지:', 0.6122492449617323), ([[1568, 2304], [1639, 2304], [1639, 2357], [1568, 2357]], '인형', 0.9988161317940827), ([[288, 2473], [406, 2473], [406, 2528], [288, 2528]], '그걸:', 0.2571973204612732), ([[857, 2486], [1068, 2486], [1068, 2537], [857, 2537]], '가면 믿에 앞는', 0.3788315002079473), ([[269, 2528], [389, 2528], [389, 2588], [269, 2588]], '알아서', 0.9995722616796969), ([[862, 2534], [1061, 2534], [1061, 2587], [862, 2587]], '진정한 아이름', 0.7930493505505545), ([[244, 2584], [380, 2584], [380, 2644], [244, 2644]], '어쩌게:', 0.525093138217926), ([[889, 2583], [1034, 2583], [1034, 2634], [889, 2634]], '보고 싶어.', 0.8841762782855916), ([[1257.2484431729292, 1094.140347672161], [1426.2751464552575, 1082.08631601846], [1426.7515568270708, 1177.859652327839], [1258.7248535447425, 1188.91368398154]], '까-약', 0.14035235345363617)]
[([[1517, 855], [1579, 855], [1579, 908], [1517, 908]], '근질', 0.9542265695572035), ([[1713, 1042], [1853, 1042], [1853, 1086], [1713, 1086]], '무미건조한', 0.9314354928940937), ([[1189, 1083], [1258, 1083], [1258, 1125], [1189, 1125]], '아니', 0.9962743158921914), ([[1700, 1083], [1868, 1083], [1868, 1125], [1700, 1125]], '그녀의 표정올', 0.9887933852732249), ([[543, 1133], [606, 1133], [606, 1173], [543, 1173]], '폭주:', 0.4461612348432525), ([[855, 1069], [886, 1069], [886, 1250], [855, 1250]], '}', 0.29734195682209474), ([[1140, 1124], [1312, 1124], [1312, 1166], [1140, 1166]], '오히려 그녀가', 0.9888276837119868), ([[1711, 1122], [1854, 1122], [1854, 1166], [1711, 1166]], '보고 있으면', 0.9807039903813571), ([[543, 1171], [628, 1171], [628, 1213], [543, 1213]], '욕망이', 0.9816325110584943), ([[1112, 1159], [1336, 1159], [1336, 1207], [1112, 1207]], '욕망울 끄집어내고', 0.6017321950155158), ([[1711, 1164], [1854, 1164], [1854, 1206], [1711, 1206]], '어둠 속에서', 0.9914716749228182), ([[523, 1209], [639, 1209], [639, 1254], [523, 1254]], '가속하다.', 0.567990920495475), ([[1133, 1203], [1310, 1203], [1310, 1247], [1133, 1247]], '있는지 모른다.', 0.39539550953167596), ([[1398, 1140], [1546, 1140], [1546, 1319], [1398, 1319]], '[꾸', 0.002577856596745565), ([[1740, 1203], [1825, 1203], [1825, 1247], [1740, 1247]], '욕망이', 0.9939198207341889), ([[1521, 1192], [1629, 1192], [1629, 1334], [1521, 1334]], '@', 0.9996420465418829), ([[1681, 1238], [1881, 1238], [1881, 1290], [1681, 1290]], '들.기 시작하다', 0.25072803765944923), ([[714, 1465], [791, 1465], [791, 1583], [714, 1583]], '5', 0.012284195927692032), ([[0, 2115], [391, 2115], [391, 2381], [0, 2381]], '까야.', 0.007869155401754495), ([[924, 2306], [1012, 2306], [1012, 2434], [924, 2434]], '학', 0.950094418671199), ([[1568, 2387], [1709, 2387], [1709, 2562], [1568, 2562]], '주', 0.817247762591947), ([[983, 2535], [1091, 2535], [1091, 2670], [983, 2670]], '두그', 0.6948291452108774), ([[1578, 2535], [1762, 2535], [1762, 2680], [1578, 2680]], '하', 0.9998861583686427), ([[429, 2700], [558, 2700], [558, 2808], [429, 2808]], '하약', 0.09791963591748319), ([[544.6837947269396, 863.2719378531464], [715.1897009978035, 837.2616380763691], [723.3162052730604, 924.7280621468536], [551.8102990021965, 951.7383619236309]], '주우우우음', 0.16246141289923532), ([[189.27200975849817, 1057.0265336914251], [347.9998439535918, 1134.94413494998], [306.7279902415018, 1213.9734663085749], [149.00015604640822, 1136.05586505002]], '@또', 0.11001436301350413), ([[210.05522823631688, 1214.0406475412756], [380.72943073492974, 1260.5752698904114], [352.94477176368315, 1351.9593524587244], [182.2705692650703, 1305.4247301095886]], '@교', 0.6339315432652648), ([[1640.982685472117, 1913.0649466825132], [1748.6738320913182, 1941.7389601873795], [1730.017314527883, 2006.9350533174868], [1621.3261679086818, 1979.2610398126205]], '뜻하', 0.5310143854833509), ([[1152.7785306083765, 1975.0832734411485], [1209.6504683452063, 1942.0235368361539], [1273.2214693916235, 2065.9167265588517], [1216.3495316547937, 2097.976463163846]], '8', 0.9348502946729162), ([[1040.2963160801232, 1986.0225308499223], [1121.6767813251233, 1978.632682165226], [1134.7036839198768, 2163.9774691500775], [1053.3232186748767, 2171.367317834774]], '아', 0.1619495194397622), ([[904.8945142344195, 2129.0556909207526], [975.6001974527982, 2087.0163866137937], [1062.1054857655806, 2249.9443090792474], [992.3998025472018, 2291.9836133862063]], '$', 0.05708264687125131), ([[1480.995262402155, 2199.0388849878], [1740.7587049019985, 2248.5069197317935], [1714.004737597845, 2353.9611150122], [1454.2412950980015, 2304.4930802682065]], '략순@', 0.0021431444343872025), ([[1048.7984419294426, 2324.065821557928], [1117.6170046103164, 2280.017317936367], [1205.2015580705574, 2436.934178442072], [1136.3829953896836, 2479.982682063633]], '손', 0.005382672904094221), ([[668.1690477599767, 2472.0314304316926], [790.9960909735795, 2546.7067709073713], [740.8309522400233, 2625.9685695683074], [619.0039090264205, 2551.2932290926287]], '야', 0.054066527086157556), ([[298.9426902392719, 2573.070176794539], [354.58239219320143, 2542.0212269531403], [417.0573097607281, 2663.929823205461], [360.41760780679857, 2694.9787730468597]], '항', 0.720805819160887), ([[534.199210734348, 2603.0291870605674], [658.9916606987971, 2679.5717534792675], [606.800789265652, 2761.9708129394326], [483.0083393012029, 2686.4282465207325]], '야야', 0.00204296972462278), ([[772.1627412231402, 2635.031910023137], [896.9805132874852, 2706.3455323206135], [848.8372587768598, 2787.968089976863], [724.0194867125148, 2716.6544676793865]], '맑야', 0.0009025025599192095), ([[235.70579978346817, 2681.105378679156], [286.62797753372064, 2648.024685321748], [351.29420021653186, 2757.894621320844], [301.37202246627936, 2790.975314678252]], '향', 0.679882166522475)]
[([[176, 327], [467, 327], [467, 636], [176, 636]], '푸위', 0.35747824645963516), ([[1277, 773], [1442, 773], [1442, 882], [1277, 882]], '쓰우육', 0.12365566541906514), ([[1812, 1159], [2014, 1159], [2014, 1371], [1812, 1371]], '명짓', 0.05618028452869873), ([[189, 1499], [267, 1499], [267, 1572], [189, 1572]], '아', 0.9953337633303114), ([[812, 1530], [865, 1530], [865, 1601], [812, 1601]], '5', 0.21154753261642956), ([[191, 1618], [240, 1618], [240, 1673], [191, 1673]], '0', 0.9999377737189121), ([[227, 1595], [315, 1595], [315, 1728], [227, 1728]], '{', 0.053706907486926525), ([[767, 1680], [868, 1680], [868, 1768], [767, 1768]], '01', 0.3023978569043814), ([[1519, 1764], [1547, 1764], [1547, 1817], [1519, 1817]], '응', 0.2831027778847819), ([[1251, 1998], [1333, 1998], [1333, 2078], [1251, 2078]], "'붓", 0.0643380318566885), ([[159, 2130], [230, 2130], [230, 2192], [159, 2192]], '06', 0.15963200913230255), ([[403, 2432], [458, 2432], [458, 2573], [403, 2573]], '응', 0.9905147054985406), ([[715, 2481], [781, 2481], [781, 2554], [715, 2554]], '0', 0.9997544439398212), ([[422, 2573], [462, 2573], [462, 2637], [422, 2637]], '응', 0.998813861880766), ([[747, 2556], [825, 2556], [825, 2634], [747, 2634]], '양', 0.9493082788523886), ([[1767, 2614], [1812, 2614], [1812, 2686], [1767, 2686]], '혹', 0.3406679092177143), ([[139, 2530], [256, 2530], [256, 2852], [139, 2852]], '흙', 0.1324777922248508), ([[1027.7383536421917, 359.0753046328753], [1207.7310137751706, 202.00785945456641], [1482.2616463578083, 576.9246953671247], [1302.2689862248294, 734.9921405454336]], '!', 0.09054492454524521), ([[874.800439868044, 1192.2221553534155], [1033.5392175658428, 1167.065898517962], [1042.199560131956, 1262.7778446465845], [883.4607824341571, 1288.934101482038]], '쑤우우', 0.13709761798380507), ([[-8.582115746352917, 1191.1401518204236], [115.13607149715024, 1180.5157969049678], [117.58211574635291, 1264.8598481795764], [-7.136071497150238, 1274.4842030950322]], '}우육', 0.22728972278460483), ([[779.1270311998163, 1611.1970466391365], [887.6560755764807, 1596.9422233517423], [892.8729688001837, 1675.8029533608635], [785.3439244235193, 1690.0577766482577]], '아', 0.7850291251377293), ([[92.46523224014206, 1672.0159016343866], [154.4301299374533, 1651.0102843072261], [217.53476775985794, 1857.9840983656134], [154.5698700625467, 1877.9897156927739]], '응', 0.3426754176146005), ([[738.4091719833857, 2360.019414147463], [801.924432372406, 2344.047602288278], [844.5908280166143, 2529.980585852537], [781.075567627594, 2545.952397711722]], '은', 0.01910812912777815)]
[([[886, 150], [947, 150], [947, 212], [886, 212]], '아', 0.9951344452304092), ([[158, 313], [213, 313], [213, 382], [158, 382]], '0', 0.8706278634238664), ([[151, 369], [224, 369], [224, 447], [151, 447]], '파', 0.8949934381394407), ([[1025, 548], [1111, 548], [1111, 634], [1025, 634]], '가', 0.14352037743183477), ([[1012, 620], [1118, 620], [1118, 713], [1012, 713]], '아야', 0.24814045008813895), ([[207, 657], [323, 657], [323, 873], [207, 873]], '양', 0.8192655481028766), ([[1532, 799], [1603, 799], [1603, 847], [1532, 847]], '우와', 0.9854013945609493), ([[1522, 852], [1614, 852], [1614, 896], [1522, 896]], '피가 .', 0.6736975199589268), ([[1512, 896], [1624, 896], [1624, 946], [1512, 946]], '아이 장', 0.7348901902970675), ([[1508, 943], [1628, 943], [1628, 994], [1508, 994]], '처녀야?', 0.9831496477127075), ([[1673, 904], [1850, 904], [1850, 1107], [1673, 1107]], '속유', 0.4532973285165739), ([[9, 1351], [1790, 1351], [1790, 1707], [9, 1707]], '1" ( 켜돌다', 0.015655270712037386), ([[1675, 1524], [1906, 1524], [1906, 1645], [1675, 1645]], '722', 0.7468146482918532), ([[672, 1837], [740, 1837], [740, 1962], [672, 1962]], '양', 0.12000404266677833), ([[567, 2059], [616, 2059], [616, 2146], [567, 2146]], '응', 0.997395663574796), ([[1001, 2090], [1057, 2090], [1057, 2177], [1001, 2177]], '응', 0.9908008920579192), ([[1294, 2356], [1349, 2356], [1349, 2418], [1294, 2418]], '0', 0.9999371776910984), ([[0, 2313], [391, 2313], [391, 2643], [0, 2643]], '올기', 0.057346922846011235), ([[1310, 2493], [1365, 2493], [1365, 2555], [1310, 2555]], '0', 0.9153044801894481), ([[1489, 2545], [1588, 2545], [1588, 2774], [1489, 2774]], '용', 0.9564932980439131), ([[917.3356361611701, 185.02763393404098], [977.5536798306425, 194.42246246684977], [956.6643638388299, 320.972366065959], [896.4463201693575, 311.57753753315023]], '양', 0.3909096640214216), ([[982.352140826292, 2019.1241294535275], [1045.6948122939637, 1973.021965755375], [1131.647859173708, 2106.8758705464725], [1068.3051877060363, 2152.9780342446247]], '용', 0.43335784684182954), ([[1803.227829283766, 2319.019888105058], [1939.6790449811099, 2447.9136366962794], [1851.772170716234, 2542.980111894942], [1715.3209550188901, 2413.0863633037206]], '0둘(', 0.020669881687792015), ([[1257.802230976821, 2470.3078084188733], [1369.6636527173946, 2386.888203548587], [1406.197769023179, 2450.6921915811267], [1294.3363472826054, 2533.111796451413]], '아아', 0.9761596831998108)]
[([[1654, 5], [1811, 5], [1811, 251], [1654, 251]], '군', 0.16641134796366774), ([[456, 234], [668, 234], [668, 617], [456, 617]], '헌', 0.005022308327586045), ([[1080, 599], [1160, 599], [1160, 687], [1080, 687]], '표', 0.7773428264974882), ([[1253, 699], [1343, 699], [1343, 794], [1253, 794]], '푹', 0.18380541031712827), ([[1789, 2221], [1891, 2221], [1891, 2321], [1789, 2321]], '하', 0.9990707411502378), ([[937, 2292], [1019, 2292], [1019, 2354], [937, 2354]], '아', 0.994505463529979), ([[1797, 2306], [1883, 2306], [1883, 2398], [1797, 2398]], '악', 0.15941872081706165), ([[780, 2631], [819, 2631], [819, 2680], [780, 2680]], '0', 0.9997687473492647), ([[1644, 2643], [1681, 2643], [1681, 2687], [1644, 2687]], '0', 0.9999785424429888)]
[([[1522, 836], [1620, 836], [1620, 902], [1522, 902]], '미안', 0.995910890262068), ([[809, 917], [941, 917], [941, 981], [809, 981]], '괜찮아:', 0.9289619326591492), ([[962, 1212], [1004, 1212], [1004, 1258], [962, 1258]], '난', 0.9960610392592208), ([[929, 1256], [1030, 1256], [1030, 1306], [929, 1306]], '시간의', 0.9982242377753824), ([[1657, 1243], [1778, 1243], [1778, 1307], [1657, 1307]], '시간은', 0.9990191632227654), ([[524, 1298], [670, 1298], [670, 1349], [524, 1349]], '이 고통은', 0.9926953557385004), ([[934, 1303], [1030, 1303], [1030, 1356], [934, 1356]], '틈새에', 0.9098070661358707), ([[1639, 1300], [1778, 1300], [1778, 1361], [1639, 1361]], '멈추고 ', 0.7938563227653503), ([[560, 1346], [631, 1346], [631, 1396], [560, 1396]], '죄의', 0.9478868939022627), ([[932, 1350], [1030, 1350], [1030, 1403], [932, 1403]], '속박되', 0.11303263008314814), ([[527, 1395], [600, 1395], [600, 1446], [527, 1446]], '고통', 0.999997724070939), ([[925, 1400], [1032, 1400], [1032, 1450], [925, 1450]], '자니까.', 0.8171405792236328), ([[1310, 1438], [1489, 1438], [1489, 1491], [1310, 1491]], '찢어진 것은', 0.5505547898252015), ([[254, 1463], [460, 1463], [460, 1518], [254, 1518]], '영원히 똑같은', 0.8403207982062736), ([[1332, 1487], [1466, 1487], [1466, 1538], [1332, 1538]], '원래대로', 0.9998747110366821), ([[284, 1512], [431, 1512], [431, 1565], [284, 1565]], '계절 속울', 0.5247689401890747), ([[1328, 1537], [1435, 1537], [1435, 1588], [1328, 1588]], '돌아가:', 0.980742335319519), ([[286, 1562], [388, 1562], [388, 1612], [286, 1612]], '반복해', 0.9998249787664268), ([[384.92671433565494, 643.0524862236803], [524.4570972332295, 678.5869196530431], [499.07328566434506, 766.9475137763197], [359.54290276677045, 732.4130803469569]], "만백'", 0.004532240606466161)]
[([[929, 1877], [1178, 1877], [1178, 1994], [929, 1994]], '아이', 0.40642380741647416), ([[920, 1987], [1111, 1987], [1111, 2123], [920, 2123]], '토찰', 0.02535244318836962), ([[1522, 2132], [1560, 2132], [1560, 2169], [1522, 2169]], '6', 0.4470601041561828), ([[936, 2121], [1080, 2121], [1080, 2236], [936, 2236]], '해@', 0.7939869483541606), ([[1789, 2138], [1916, 2138], [1916, 2237], [1789, 2237]], '탁딱', 0.2791680329392286)]
[([[721, 371], [1996, 371], [1996, 520], [721, 520]], '나; 마미코 그리고 지욕 축제.', 0.5031552151189437), ([[1709, 960], [1760, 960], [1760, 1002], [1709, 1002]], '', 0.0), ([[1365, 1423], [1483, 1423], [1483, 1465], [1365, 1465]], '작가 후기', 0.9988087159290553), ([[1054, 1502], [1789, 1502], [1789, 1546], [1054, 1546]], "본 작품은 7벼애니메이선   '지목소녀 . 엔마 아이' 의 동안지입니다", 0.20157258968752512), ([[999, 1580], [1525, 1580], [1525, 1628], [999, 1628]], '이상하지 암조? 왜 뜯금없이 2차 창작인가표?', 0.5206007842538228), ([[1000, 1623], [1348, 1623], [1348, 1665], [1000, 1665]], '라고 지적이 들어올 것 같지만', 0.7375730226979816), ([[1000, 1662], [1564, 1662], [1564, 1706], [1000, 1706]], "2차 성징기로 인해 영원히 성장이 멈취버린 소녀'", 0.5885433314254446), ([[1002, 1702], [1357, 1702], [1357, 1746], [1002, 1746]], '플래그가 발동햇기 때문입니다!', 0.7720840916447146), ([[1000, 1743], [1292, 1743], [1292, 1787], [1000, 1787]], '잇다니까요 그런 장르가!', 0.8632062667094897), ([[1002, 1824], [1677, 1824], [1677, 1866], [1002, 1866]], '우와. 이번 편 망가는 마지막편인 아이의 초경(이라 생각함)', 0.6674890461528268), ([[1002, 1864], [1409, 1864], [1409, 1906], [1002, 1906]], '장면에서 시작해서 성장이 멈첫으니', 0.5171916764674069), ([[1000, 1902], [1452, 1902], [1452, 1947], [1000, 1947]], '분명 처너막도 자동적으로 재생활 거야;', 0.8933241257449297), ([[1000, 1943], [1845, 1943], [1845, 1985], [1000, 1985]], '400년 동안이나 그래없올 거야 고통올 견디고 애씻다   등올 생각햇답니다', 0.2594944909680632), ([[1002, 1981], [1776, 1981], [1776, 2025], [1002, 2025]], '시간이 없년 탓에 폐이지 수흘 늘랍까 팬선올 정리활까 망설인 결과,', 0.19434102793104369), ([[999, 2021], [1746, 2021], [1746, 2069], [999, 2069]], '아이의 머리카락은 전체적으로 돌보이지 않으면 안 된다고 생각해', 0.6052550922712439), ([[1000, 2064], [1245, 2064], [1245, 2106], [1000, 2106]], '팬선올 선택햇습니다', 0.39325031704590113), ([[1000, 2103], [1650, 2103], [1650, 2147], [1000, 2147]], '(그 결과 이해가 잘 안 가능 곤리가 돼버려습니다; 미안 )', 0.23109523844516222), ([[1002, 2141], [1719, 2141], [1719, 2185], [1002, 2185]], '그 밖에도 쇼와 레트로품 배경올 넣어보고자 자료도 준비햇지만', 0.6779282703656861), ([[1002, 2181], [1643, 2181], [1643, 2226], [1002, 2226]], '시간이 없어서 " 판권 폐이지의 미제트가 그 편린입니다.', 0.7922206174918437), ([[1002, 2262], [1690, 2262], [1690, 2307], [1002, 2307]], '과제가 쌓엿지만 평소와 다른 동기로 만들어서 신선햇습니다', 0.39199860744994564), ([[1000, 2343], [1409, 2343], [1409, 2385], [1000, 2385]], '아무래도 요즘 노토 마미코 넘이 봄.', 0.8609788085875519), ([[1002, 2382], [1375, 2382], [1375, 2426], [1002, 2426]], '성우에 대해선 잘 알지 못하지만,', 0.8302665033501816), ([[1002, 2422], [1830, 2422], [1830, 2466], [1002, 2466]], '어느날 문득 내가 좋아하는 캐릭터와 같은 목소리잡아? 라고 깨달앗습니다', 0.7315642993462913), ([[1000, 2462], [1845, 2462], [1845, 2507], [1000, 2507]], '다음 폐이지부터는 신경 쓰이터 마미코 캐릭터지 그려워다; 라는 설정으로', 0.22542100077148491), ([[1023, 2505], [1364, 2505], [1364, 2547], [1023, 2547]], "'나; 마미코 그리고 지욕 축제'", 0.5255517825010334), ([[1374, 2505], [1560, 2505], [1560, 2545], [1374, 2545]], '가 시작되니다~ .', 0.78086865905655), ([[1272, 2663], [1573, 2663], [1573, 2707], [1272, 2707]], '번역 후기(2021. 11. 21)', 0.6578126159302853), ([[1002, 2742], [1731, 2742], [1731, 2786], [1002, 2786]], '언젠가 번역해야지 하고서 다운 받아놓은지 약 어언 5개월 이상', 0.5509650764876426), ([[1002, 2784], [1177, 2784], [1177, 2826], [1002, 2826]], '드디어 끝낫다 .', 0.21284375754136933), ([[1002, 2823], [1686, 2823], [1686, 2865], [1002, 2865]], '엔마 아이도 귀엽고 그너의 성우인 노토 마미코 남도 쫓지요', 0.5661515232154616)]
[([[1531, 388], [1571, 388], [1571, 430], [1531, 430]], '동실', 0.9836645472701205), ([[1934, 397], [2003, 397], [2003, 439], [1934, 439]], '등_실', 0.9343986333424908), ([[199, 1452], [917, 1452], [917, 1734], [199, 1734]], '엔미아이', 0.9981276988983154), ([[282, 1749], [799, 1749], [799, 1794], [282, 1794]], '그런 이유로 여기서부런 제 취향인 노토', 0.9773712526373893), ([[281, 1786], [852, 1786], [852, 1836], [281, 1836]], '마미코 캐릭터클 유심히 그려보고자 합니다:', 0.4265353654666572), ([[296, 1869], [840, 1869], [840, 1913], [296, 1913]], '"한 번 죽어 볼래 ? " 이 목소리틀 들으면', 0.20327177820616346), ([[282, 1909], [799, 1909], [799, 1953], [282, 1953]], '오씩오씩하다 그 한 점으로 작품이 성립', 0.5649936313142914), ([[279, 1946], [472, 1946], [472, 1995], [279, 1995]], '해버길 정도로.', 0.8983687630523943), ([[280, 2028], [635, 2028], [635, 2073], [280, 2073]], '생각건데 아이는 흔히 잇는', 0.4005303508577641), ([[649, 2028], [842, 2028], [842, 2073], [649, 2073]], "'과육하고 출한", 0.37462290756610234), ([[282, 2069], [702, 2069], [702, 2113], [282, 2113]], "캐릭터' 라고 생각하고 잇앗지만,", 0.541406287540726), ([[282, 2109], [727, 2109], [727, 2154], [282, 2154]], '마지막까지 다 보고서 알아내 것은', 0.8925328024135274), ([[282, 2148], [828, 2148], [828, 2192], [282, 2192]], '400년 동안이나 사람의 업흘 계속 본 결과', 0.6256065612106535), ([[280, 2188], [833, 2188], [833, 2232], [280, 2232]], '감정올 닫고 인형 갈은 흉내름 내는 인물이', 0.2438038833429756), ([[280, 2229], [680, 2229], [680, 2273], [280, 2273]], '돼버려구나 라고 깨달앗습니다.', 0.46694724042707497), ([[280, 2269], [840, 2269], [840, 2313], [280, 2313]], '마음에 잇는 중오틀 둘러 죽이고 살고 있다;', 0.25622424413616135), ([[282, 2310], [851, 2310], [851, 2354], [282, 2354]], '1기의 마지막을 보는 한 아이의 존재 자체는', 0.6749435858091002), ([[280, 2348], [831, 2348], [831, 2392], [280, 2392]], '약이며 원넘이다; 그러니 2기예선 어떻계든', 0.28942593353959917), ([[282, 2388], [822, 2388], [822, 2433], [282, 2433]], '지목소녀는 졸업하고 성불하는 방향으로" ', 0.4239464600287161), ([[282, 2429], [849, 2429], [849, 2473], [282, 2473]], '슬슬 그 영혼을 개방해주어도 쫓지 암올까~ ,', 0.1263590815222578), ([[280, 2469], [563, 2469], [563, 2511], [280, 2511]], '엔마 님 ~스태프 남~.', 0.5345034738062395)]
[([[1170, 662], [1958, 662], [1958, 849], [1170, 849]], '토도 시마코', 0.5380409842611036), ([[1349, 879], [1859, 879], [1859, 921], [1349, 921]], '?)7*7) 5 #통구 단소한화  #]+)', 0.0029289082651457925), ([[1316, 921], [1858, 921], [1858, 972], [1316, 972]], '<속는제다축 3-느03 출촌츠미?10792', 0.00032387485278650134), ([[1315, 973], [1681, 973], [1681, 1015], [1315, 1015]], '0++ =/ 2 숲 화 5', 0.031129651565488064), ([[1693, 973], [1859, 973], [1859, 1013], [1693, 1013]], '*0간습습잎', 0.010086095881417161), ([[1317, 1020], [1857, 1020], [1857, 1065], [1317, 1065]], '=#출}수스느 5 타) 33다   초다', 0.0024868689573698324), ([[1316, 1065], [1858, 1065], [1858, 1113], [1316, 1113]], '<소: ?<(/롬- 손뉴:한손 말 ? <손', 0.001182843612906138), ([[1319, 1113], [1862, 1113], [1862, 1161], [1319, 1161]], '<숙름하스<화  )4} } 포놔되내<}', 0.0006041116523722483), ([[1318, 1163], [1716, 1163], [1716, 1211], [1318, 1211]], '50/퓨등품(#다( ((가화', 0.00031838952347887627), ([[1727, 1164], [1861, 1164], [1861, 1204], [1727, 1204]], '하손주주미', 0.06090923729294581), ([[1317, 1211], [1861, 1211], [1861, 1256], [1317, 1256]], '합: <내표} 사 1-( 0)7 핏순 @화 거', 0.0006665093168491443), ([[1313, 1257], [1858, 1257], [1858, 1301], [1313, 1301]], '국}. 쏟@만슬"주[름속다5 5(* 손5', 0.0021605176706967996), ([[1324, 1306], [1746, 1306], [1746, 1351], [1324, 1351]], '~룻#국}단 # (#물로다< < 차', 0.003076546753331727), ([[1096, 1773], [1185, 1773], [1185, 1824], [1096, 1824]], '버7', 0.020701535359943346), ([[1165, 1820], [1192, 1820], [1192, 1844], [1165, 1844]], '"7', 0.49606789846076915), ([[1170, 1843], [1196, 1843], [1196, 1876], [1170, 1876]], '오', 0.1973326321149358), ([[1048, 1871], [1170, 1871], [1170, 1931], [1048, 1931]], '시마코', 0.9809355608011125), ([[1079, 1925], [1139, 1925], [1139, 1985], [1079, 1985]], '양', 0.9767241331604954), ([[1833, 1907], [1971, 1907], [1971, 1971], [1833, 1971]], '노리코', 0.6922000927812924), ([[907, 1964], [989, 1964], [989, 2020], [907, 2020]], '그건', 0.9991945001895085), ([[1172, 1957], [1201, 1957], [1201, 2000], [1172, 2000]], '봄', 0.050159722336309054), ([[1817, 1970], [1985, 1970], [1985, 2039], [1817, 2039]], '로자리오', 0.999291718006134), ([[891, 2019], [1009, 2019], [1009, 2084], [891, 2084]], '짚인형', 0.9810515086236291), ([[1850, 2034], [1900, 2034], [1900, 2096], [1850, 2096]], '틀', 0.9953883533320464), ([[889, 2075], [1009, 2075], [1009, 2130], [889, 2130]], '이예요', 0.9991038767753174), ([[750, 2455], [878, 2455], [878, 2552], [750, 2552]], '지욕', 0.4051750678332322), ([[745, 2543], [878, 2543], [878, 2640], [745, 2640]], '자매', 0.9993625462939519), ([[739, 2631], [892, 2631], [892, 2728], [739, 2728]], '탄생!', 0.9073855601670507), ([[908.3425356716738, 1844.1508177761802], [1092.676368308062, 1758.5551288651109], [1124.6574643283261, 1842.8491822238198], [940.3236316919381, 1928.4448711348891]], "'냄씨'", 0.0058339862152934074), ([[926.295216003452, 2266.9885648010354], [1053.8198984808914, 2215.923723940338], [1077.704783996548, 2274.0114351989646], [950.1801015191086, 2325.076276059662]], "'|", 0.5645699469860183), ([[807.7397749701717, 2312.805572443326], [942.715541676713, 2247.8266387430235], [965.2602250298283, 2306.194427556674], [830.284458323287, 2371.1733612569765]], "'없애색'", 0.0010177397787724282)]
[([[1112, 231], [1993, 231], [1993, 462], [1112, 462]], '아냐 코플라', 0.22237882310193155), ([[1259, 546], [1672, 546], [1672, 590], [1259, 590]], '딸기 마시마로의 아나입니다. 극록크.', 0.34701063544987015), ([[1258, 583], [1804, 583], [1804, 631], [1258, 631]], '무조건 당연히 좋아하게 월 바보인가~ 라고 내', 0.5895857337810804), ([[1259, 627], [1539, 627], [1539, 671], [1259, 671]], '고스트가 속삭이고 있어.', 0.8098242738471385), ([[1257, 669], [1492, 669], [1492, 709], [1257, 709]], '아니 외치고 있어"" .', 0.19954122126147456), ([[1253, 743], [1835, 743], [1835, 791], [1253, 791]], '하지만 단색으로 금발벽안이라 해도 와달지 앉내요', 0.16972480425815123), ([[1259, 786], [1787, 786], [1787, 831], [1259, 831]], '바라시 선생님의 캐릭터 어려운 기호 적으니까.', 0.6394889793804777), ([[1259, 867], [1670, 867], [1670, 909], [1259, 909]], '코플라라 하면 프랑스 5 코플라군요', 0.6035002455339984), ([[1259, 906], [1762, 906], [1762, 950], [1259, 950]], '지목 묵시록이잡아. 맛사 지목 연계다! 좋아!', 0.1723911553628276), ([[1279, 948], [1535, 948], [1535, 988], [1279, 988]], "'베트용은 서피 안 해!'", 0.1081609723514886), ([[1278, 982], [1824, 982], [1824, 1034], [1278, 1034]], "'네이땀 공격으로 석기시대로 돌리계어요오오2!'", 0.3142215113627223), ([[1272, 1025], [1710, 1025], [1710, 1069], [1272, 1069]], "'하맛호~ . 진짜 전장은 지쪽이라고~'", 0.32759530780331314), ([[1254, 1065], [1481, 1065], [1481, 1110], [1254, 1110]], '(작품이 다르다 """"', 0.8409015509218092), ([[1498, 1071], [1523, 1071], [1523, 1104], [1498, 1104]], ')', 0.9992484074960117), ([[1259, 1146], [1737, 1146], [1737, 1191], [1259, 1191]], '그림과 본문이 맞지 암은 겉 사죄합니다  .', 0.4567753093711792), ([[952, 1585], [1999, 1585], [1999, 1658], [952, 1658]], '5 손 0 3 처 버") + 37 ..0": #2', 0.005950682935367171)]
[([[227, 11], [354, 11], [354, 79], [227, 79]], '7 <', 0.5220388527440474), ([[1233, 1445], [1571, 1445], [1571, 1574], [1233, 1574]], '흉세의 왕', 0.7446840153310843), ([[1236, 1567], [1472, 1567], [1472, 1693], [1236, 1693]], '정상의', 0.9991903805592138), ([[1467, 1555], [1934, 1555], [1934, 1749], [1467, 1749]], '좌혜카데', 0.5917195677757263), ([[1362, 1770], [1827, 1770], [1827, 1812], [1362, 1812]], '-겹루09++ *"6거주-간화', 0.0009650785645444158), ([[1367, 1866], [1879, 1866], [1879, 1908], [1367, 1908]], '7 -채50(당수소}품스 >+2"스조', 0.0036592588177312437), ([[1333, 1914], [1544, 1914], [1544, 1953], [1333, 1953]], '(그잎}큼화 5*처', 0.005566461086390593), ([[1556, 1914], [1879, 1914], [1879, 1956], [1556, 1956]], '60 초음름하)*`', 0.021865470791385497), ([[1338, 1961], [1879, 1961], [1879, 2003], [1338, 2003]], '5*1자- *( 스손끓0]) 손0 벼어하( ', 0.00044681412811312495), ([[1335, 2008], [1877, 2008], [1877, 2050], [1335, 2050]], '심다초소니7 0-활:심 5독더굶 <', 0.00043086348955507776), ([[1332, 2056], [1419, 2056], [1419, 2098], [1332, 2098]], "'7소0", 0.1958092565816453), ([[1365, 2152], [1877, 2152], [1877, 2194], [1365, 2194]], ')뤄주  1컷*0 료록화 5봄:한틈차스한', 3.879593375750835e-05), ([[1335, 2199], [1879, 2199], [1879, 2241], [1335, 2241]], '*(떤 영문 7-서끊0-시미#(', 0.0033238727861550706), ([[1334, 2250], [1433, 2250], [1433, 2283], [1334, 2283]], "'0규합", 0.011986876837909222), ([[1365, 2343], [1874, 2343], [1874, 2383], [1365, 2383]], '축-스} 초권염   #미++ 7077차 그', 0.007085426442456378), ([[1333, 2388], [1877, 2388], [1877, 2430], [1333, 2430]], '04"+ 2<+21\'71330,*7"" 7', 0.008338589316698303), ([[1333, 2438], [1879, 2438], [1879, 2480], [1333, 2480]], '손?07)*내(누삶:손표다단릇507`', 0.0012502632997300413), ([[1335, 2485], [1575, 2485], [1575, 2527], [1335, 2527]], '손채#0벼논', 0.0003884358555856733), ([[1045.3829424939204, 576.0272501812993], [1139.8197872084752, 652.4218674228322], [1099.6170575060796, 702.9727498187007], [1005.1802127915248, 627.5781325771678]], '*아', 0.06858516837529981)]
[([[89, 190], [813, 190], [813, 338], [89, 338]], '미야자키 노도카', 0.7545069944656092), ([[111, 379], [291, 379], [291, 421], [111, 421]], '구수 :<화', 0.07476976981521492), ([[127, 426], [628, 426], [628, 468], [127, 468]], '[소로5+ 소#]  (속분요름자7*', 0.0011452181889817334), ([[84, 474], [657, 474], [657, 516], [84, 516]], '양] [속 품|) <중속분표++ >그루', 0.013925605004855577), ([[82, 520], [664, 520], [664, 565], [82, 565]], '닷스규;] 스*시름#;다 #-0)간음춧소', 4.992068784250845e-06), ([[1748, 533], [1887, 533], [1887, 582], [1748, 582]], '9 캐릭터', 0.5609801960853522), ([[78, 570], [662, 570], [662, 610], [78, 610]], '초-미_ *(소~급7 *+스) -?-스0', 0.003223411184620573), ([[1856, 578], [1937, 578], [1937, 611], [1856, 611]], '어려워', 0.5110996961593628), ([[82, 618], [662, 618], [662, 660], [82, 660]], '합 1미] <손스3내 숙- 5하손내내', 0.002267400656864374), ([[80, 665], [482, 665], [482, 707], [80, 707]], '7 53로워다단-손 50 :화', 0.003975165147413957), ([[111, 759], [610, 759], [610, 801], [111, 801]], '(2477 7 9*스:화고=2+96', 0.010318378162781739), ([[904, 1908], [935, 1908], [935, 1937], [904, 1937]], '9', 0.9993072756174683)]
[([[133, 585], [476, 585], [476, 636], [133, 636]], '120화의 로리 고스 아이', 0.9847190387277743), ([[1118, 1982], [1158, 1982], [1158, 2015], [1118, 2015]], "'", 0.4259864877150541)]
[([[1451, 338], [1637, 338], [1637, 388], [1451, 388]], '[브루마 아이', 0.4026440795768937), ([[1650, 1832], [1725, 1832], [1725, 1918], [1650, 1918]], '씬', 0.008071987773533573), ([[396, 2417], [604, 2417], [604, 2470], [396, 2470]], '다수영복 아이', 0.7481783486585636), ([[696.8302423892472, 2274.098430096559], [745.6453874739251, 2250.0298152816085], [789.1697576107528, 2346.901569903441], [741.3546125260749, 2371.9701847183915]], '틀', 0.9989558801032139)]
[([[1378, 823], [1850, 823], [1850, 891], [1378, 891]], '( ; ) 버0 +*+ 톤', 0.01934851228292113), ([[1494, 2118], [1740, 2118], [1740, 2190], [1494, 2190]], '0547거 시가트', 0.004632369420976485), ([[1313, 2582], [1399, 2582], [1399, 2686], [1313, 2686]], '징', 0.019313386395588772), ([[1790, 2603], [1876, 2603], [1876, 2702], [1790, 2702]], '칭', 0.04273790620406559), ([[461, 2645], [1255, 2645], [1255, 2731], [461, 2731]], '긴급 여백 메우기 지욕 4것 만화  ', 0.535497726389836), ([[746, 2726], [1260, 2726], [1260, 2810], [746, 2810]], "'엔마 넘이 보고 있다 ", 0.6439334984679206)]
[([[1595, 139], [1795, 139], [1795, 405], [1595, 405]], '한', 0.999949694312491), ([[1621, 453], [1749, 453], [1749, 622], [1621, 622]], '번', 0.9825149563313431), ([[1558, 660], [1838, 660], [1838, 1046], [1558, 1046]], '죽', 0.7348623956261235), ([[1609, 1008], [1768, 1008], [1768, 1210], [1609, 1210]], '어', 0.9990102118916901), ([[1601, 1255], [1775, 1255], [1775, 1674], [1601, 1674]], '꼴', 0.11185535160405013), ([[1673.2641763362813, 1665.019350389345], [1774.1327143962383, 1720.0144977718628], [1686.7358236637187, 1882.980649610655], [1584.8672856037617, 1828.9855022281372]], '2', 0.22350220717726188)]
[([[170, 638], [792, 638], [792, 722], [170, 722]], '#--서:*하,', 0.000962236360349863), ([[132, 778], [572, 778], [572, 820], [132, 820]], '127 #한*합    문-독<합 @', 0.016912262343253513), ([[96, 883], [826, 883], [826, 923], [96, 923]], '4} 수 임:5 5 0 : ( <속미0* 5 ##-(2* 0 * (통', 0.002089020988184512), ([[65, 930], [913, 930], [913, 979], [65, 979]], '7*12170. 37*? "청--못패손 빛의 5 (<(상5 * ? 오#', 0.0014527571094745347), ([[64, 983], [878, 983], [878, 1027], [64, 1027]], '벼? 모 0 # 존 5/?10<= 치   놀구: [손디01청0', 0.003302127019817504), ([[66, 1036], [122, 1036], [122, 1076], [66, 1076]], '묘]', 0.08004193224692002), ([[134, 1038], [873, 1038], [873, 1078], [134, 1078]], "퍼쫓손#& <(/0737'   1*)* 2구 지손#7< 2", 0.001188754321688108), ([[65, 1085], [877, 1085], [877, 1134], [65, 1134]], '실 " 소돈) (0) 토춧#( 901-10<쇼8 숨 (+ (8', 0.000563375875492616), ([[95, 1190], [909, 1190], [909, 1233], [95, 1233]], '틈솜: 555  10 3150 [초다] (쫓63(-+]키표(', 0.005233033510393509), ([[66, 1242], [907, 1242], [907, 1285], [66, 1285]], '(상1510 오)#멘(<#화 0 손?9로 < #*(<866 논', 0.0014705003002263178), ([[70, 1292], [904, 1292], [904, 1341], [70, 1341]], '5~ 내 못다 0 ^-> 손스스+{70(<97 . 슬내비화 스손 5', 0.0015677739898193744), ([[65, 1350], [170, 1350], [170, 1381], [65, 1381]], '7 #또(', 0.1925188262227235), ([[98, 1657], [908, 1657], [908, 1701], [98, 1701]], '포거츠*? 39 5 손요홀로 ( <내:?/7*5 오슬? < [부숲', 0.004589929619233297), ([[69, 1709], [907, 1709], [907, 1751], [69, 1751]], '흔스-( + @ 초든 ! ] 27 몸스#0디친 1놓0* 뽑다로', 0.0009544351551959427), ([[63, 1756], [823, 1756], [823, 1805], [63, 1805]], '0벼도)*  #3쓸 ( * ? <값쇼?<초급 ! (9239', 0.006854112173638598), ([[834, 1765], [905, 1765], [905, 1803], [834, 1803]], '초0', 0.1363415390560437), ([[64, 1812], [860, 1812], [860, 1852], [64, 1852]], '세] 0 훌춤 로<묘53수 ? < 5(} 작 뜰 ?1(3 37 구 구 07 *', 0.000903292243415565)]
[([[680, 595], [1394, 595], [1394, 694], [680, 694]], '##이주세 & 가시방히()', 0.0009300405745863783), ([[771, 696], [855, 696], [855, 741], [771, 741]], '겨사', 0.00838192845692404), ([[882, 695], [1304, 695], [1304, 744], [882, 744]], '3름:^좁-:신/ 문  +', 0.0005915825168872989), ([[765, 747], [879, 747], [879, 795], [765, 795]], '또;;터', 0.03766755759716034), ([[914, 747], [1306, 747], [1306, 796], [914, 796]], '2 0 0 64 1 2/3 1 터', 0.1868541640208835), ([[891, 799], [973, 799], [973, 847], [891, 847]], '티', 0.021094993460249123), ([[1033, 799], [1187, 799], [1187, 847], [1033, 847]], '#름티', 0.11205150875536787), ([[682, 851], [802, 851], [802, 899], [682, 899]], '첫#-', 0.047762251240973004), ([[830, 850], [1394, 850], [1394, 902], [830, 902]], '튼게게16._(도 탁..;/~굽고,라째라감라/', 5.398645977975996e-06), ([[676, 903], [1400, 903], [1400, 939], [676, 939]], '-밥명커*`+(() 2006 후*형하^; 고,라5라게히 ^-적 *서$$ ,갚컨갚,플서응.', 1.095397866936014e-08), ([[1618, 2226], [1913, 2226], [1913, 2330], [1618, 2330]], '부로로럽~', 0.12023954619192383)]
