2067137
70
[([[94, 16], [166, 16], [166, 40], [94, 40]], '87차', 0.7641901170517429), ([[202, 16], [244, 16], [244, 44], [202, 44]], '=디6', 0.004226742595280577), ([[19, 201], [249, 201], [249, 317], [19, 317]], '젠리', 0.0004887320966856476), ([[8, 290], [229, 290], [229, 401], [8, 401]], '목기@갈', 0.0014189312933012843), ([[410, 356], [549, 356], [549, 409], [410, 409]], '@리어미@', 0.000407876310190788), ([[65, 391], [193, 391], [193, 409], [65, 409]], '0#-)논논갑커}', 6.044410152460361e-06), ([[33.140132839215305, 172.19427896235214], [46.43386091563731, 160.0476258796321], [79.8598671607847, 196.80572103764786], [66.56613908436269, 208.9523741203679]], '틈', 0.11176143928095517), ([[38.89059960754954, 191.3358994113243], [51.58001479056574, 182.08595119113306], [71.10940039245045, 209.6641005886757], [58.41998520943426, 218.91404880886694]], '$', 0.6285588845684096)]
[([[644, 118], [676, 118], [676, 154], [644, 154]], '응', 0.9993197882958818), ([[708, 120], [786, 120], [786, 152], [708, 152]], '아앗 9', 0.8536081504211952), ([[651, 145], [783, 145], [783, 183], [651, 183]], '마에다군의', 0.9554972768759575), ([[690, 180], [746, 180], [746, 210], [690, 210]], '자지', 0.9999934250979631), ([[647, 207], [787, 207], [787, 243], [647, 243]], '내 엉덩이에', 0.8690846440680801), ([[663, 237], [771, 237], [771, 273], [663, 273]], '문지르고', 0.8550832271575928), ([[678, 270], [754, 270], [754, 302], [678, 302]], '있어9', 0.8672648072242737), ([[116, 918], [148, 918], [148, 950], [116, 950]], '부', 0.9999952316341023), ([[66, 945], [178, 945], [178, 981], [66, 981]], '부끄러워', 0.97435898016354), ([[81, 978], [189, 978], [189, 1010], [81, 1010]], '부탁이야', 0.9955517649650574), ([[107, 1007], [163, 1007], [163, 1043], [107, 1043]], '빨리', 0.9882718206478419), ([[81, 1037], [187, 1037], [187, 1073], [81, 1073]], '끝내쥐 9', 0.7167472700395114)]
[]
[]
[]
[]
[]
[]
[]
[]
[]
[]
[]
[]
[]
[]
[]
[([[1036, 100], [1068, 100], [1068, 130], [1036, 130]], '앗', 0.3635856205082746), ([[996, 128], [1104, 128], [1104, 160], [996, 160]], '아흐. 응', 0.3301150692098261), ([[1003, 157], [1121, 157], [1121, 193], [1003, 193]], '싶  싫어.', 0.3189056692566741), ([[1036, 190], [1086, 190], [1086, 216], [1036, 216]], '아 9', 0.25477999330366535), ([[1017, 217], [1111, 217], [1111, 253], [1017, 253]], '이런 곳', 0.8004751536551749), ([[1038, 250], [1094, 250], [1094, 278], [1038, 278]], '찍지', 0.9961917151334089), ([[1025, 277], [1105, 277], [1105, 313], [1025, 313]], '말아쥐', 0.6792364608806466), ([[118, 530], [176, 530], [176, 558], [118, 558]], '아아', 0.999763058640201), ([[94, 558], [196, 558], [196, 590], [94, 590]], '안돼앗 9', 0.7617679200378246), ([[93, 587], [199, 587], [199, 619], [93, 619]], '손가락이', 0.9931396842002869), ([[10, 604], [42, 604], [42, 634], [10, 634]], '15', 0.9999940994463072), ([[108, 618], [186, 618], [186, 650], [108, 650]], '멈추지', 0.9975233809615632), ([[85, 647], [167, 647], [167, 683], [85, 683]], '않아...', 0.3654267139329803), ([[176, 648], [204, 648], [204, 704], [176, 704]], '옷', 0.27282599918408224), ([[86, 678], [182, 678], [182, 710], [86, 710]], '앗9 앗', 0.215137759688797), ([[103, 707], [163, 707], [163, 743], [103, 743]], '아양', 0.7074578397989439), ([[412.5032492994646, 80.0626722679119], [496.99947173797284, 99.95403513246039], [490.4967507005354, 122.9373277320881], [406.00052826202716, 102.04596486753961]], '200씨', 0.9538114070892334), ([[606.2172729245717, 122.1039098209152], [680.9935286175123, 140.80305732779524], [674.7827270754283, 164.8960901790848], [599.0064713824877, 146.19694267220476]], '6교7^', 0.007631626445800066), ([[797.4356673520169, 165.08126899685746], [866.9928965837147, 180.83158620419312], [860.5643326479831, 202.91873100314254], [792.0071034162853, 187.16841379580688]], '10기*', 0.0123103316873312)]
[]
[([[636, 44], [790, 44], [790, 92], [636, 92]], '꿈의 보답', 0.9313635269414802), ([[712, 262], [756, 262], [756, 292], [712, 292]], '으음', 0.9871788592345545), ([[734, 290], [758, 290], [758, 318], [734, 318]], '잇', 0.2401921932012243), ([[718, 316], [746, 316], [746, 342], [718, 342]], '모', 0.9999901056534419), ([[139, 327], [193, 327], [193, 363], [139, 363]], '탓층', 0.05007788334230752), ([[692, 344], [778, 344], [778, 370], [692, 370]], '모모코!', 0.925907552242279), ([[134, 358], [200, 358], [200, 388], [134, 388]], '어때?', 0.9999523040702117), ([[140, 386], [190, 386], [190, 416], [140, 416]], '기분', 0.9997569056329395), ([[132, 414], [200, 414], [200, 446], [132, 446]], '좋아?', 0.9008621787034544), ([[767, 469], [781, 469], [781, 493], [767, 493]], '0', 0.33045227459510684), ([[769, 501], [793, 501], [793, 517], [769, 517]], '아', 0.9778555560736812), ([[111, 579], [125, 579], [125, 605], [111, 605]], '6', 0.9889616901964224), ([[672, 916], [700, 916], [700, 944], [672, 944]], '으', 0.9998357363451902), ([[714, 916], [746, 916], [746, 948], [714, 948]], '응', 0.9995213127922398), ([[680, 944], [758, 944], [758, 974], [680, 974]], '하지만', 0.9999403973416293), ([[674, 972], [764, 972], [764, 1004], [674, 1004]], '괜찮아?', 0.9956473708152771), ([[678, 1000], [760, 1000], [760, 1030], [678, 1030]], '이런 거', 0.9926235992129187), ([[81, 1039], [95, 1039], [95, 1063], [81, 1063]], '0', 0.972953110081054), ([[666, 1028], [744, 1028], [744, 1058], [666, 1058]], '해쥐도', 0.32770350201914483), ([[754, 1026], [782, 1026], [782, 1056], [754, 1056]], '?', 0.9997971160806998), ([[81, 1071], [105, 1071], [105, 1087], [81, 1087]], '아', 0.9956114862001328), ([[29.15198626920697, 142.10708191517995], [221.11085936457147, 120.54404067282339], [227.84801373079304, 259.89291808482005], [35.88914063542853, 280.45595932717663]], '자.', 0.044637068561065876), ([[564.4904068309487, 654.0185735839976], [619.537661499976, 647.170973926577], [637.5095931690513, 804.9814264160024], [582.462338500024, 811.829026073423]], '=', 0.02063564652259231), ([[111.02746737308422, 665.0526998323749], [172.19819338842328, 644.0801158861822], [212.97253262691578, 774.9473001676251], [151.80180661157672, 795.9198841138178]], '탑', 0.002158235549586607), ([[681.0748741583966, 678.0305997917878], [786.9311648187336, 660.8971906245079], [812.9251258416034, 856.9694002082122], [707.0688351812664, 873.1028093754921]], '정', 0.83945801327204), ([[16.309547255964283, 771.0125495390178], [149.14625994715252, 726.034608147113], [257.6904527440357, 1083.9874504609822], [124.85374005284748, 1127.965391852887]], '중', 0.2370678679591407)]
[([[34, 80], [120, 80], [120, 106], [34, 106]], '그러니까', 0.9997145533561707), ([[52, 106], [100, 106], [100, 132], [52, 132]], '보답', 0.999528746469405), ([[708, 98], [812, 98], [812, 126], [708, 126]], '당연하지 9', 0.9807113065427701), ([[26, 127], [123, 127], [123, 153], [26, 153]], '하게 해쥐', 0.9855055630758581), ([[698, 122], [820, 122], [820, 150], [698, 150]], '너는 내 꿈을', 0.844793603177732), ([[46, 152], [104, 152], [104, 180], [46, 180]], '응? 9', 0.9387761950492859), ([[702, 146], [818, 146], [818, 174], [702, 174]], '잔뜩 이루게', 0.9980703335039797), ([[702, 170], [818, 170], [818, 200], [702, 200]], '해주엇는 겉', 0.33032503941603947), ([[40, 282], [148, 282], [148, 332], [40, 332]], '~0처', 0.00520459245192932), ([[37, 409], [57, 409], [57, 431], [37, 431]], '으', 0.9988901120202662), ([[34, 432], [82, 432], [82, 456], [34, 456]], '아아', 0.9998637841030555), ([[746, 544], [812, 544], [812, 570], [746, 570]], '으아앗', 0.9180829580976604), ([[736, 568], [820, 568], [820, 594], [736, 594]], '모모코의', 0.9993278384208679), ([[752, 594], [800, 594], [800, 620], [752, 620]], '가슴', 0.9995682749846035), ([[724, 616], [814, 616], [814, 646], [724, 646]], '부드러워', 0.990863511753199), ([[54, 996], [106, 996], [106, 1022], [54, 1022]], '아아', 0.9998400986014216), ([[121, 997], [141, 997], [141, 1023], [121, 1023]], '응', 0.9997124878623822), ([[60, 1020], [124, 1020], [124, 1046], [60, 1046]], '그래9', 0.6549563159247777), ([[130, 1022], [158, 1022], [158, 1046], [130, 1046]], '더', 0.9999738933359801), ([[777, 1003], [825, 1003], [825, 1047], [777, 1047]], '0', 0.9943382045197637), ([[82, 1044], [138, 1044], [138, 1070], [82, 1070]], '좀 더', 0.9933124551776839), ([[68, 1068], [154, 1068], [154, 1098], [68, 1098]], '문질러쥐', 0.9609065651893616), ([[707, 1039], [793, 1039], [793, 1149], [707, 1149]], '(', 0.07852605551555403), ([[21.907464438906157, 225.10030797009324], [127.69760725496144, 239.11923644010983], [119.09253556109384, 290.89969202990676], [13.302392745038564, 276.88076355989017]], '[@)', 0.02208317592311832), ([[716.1521358464543, 241.02767845075016], [862.9168683122664, 319.53217405542426], [807.8478641535457, 419.97232154924984], [661.0831316877336, 342.46782594457574]], '4리)', 0.04734712332392504), ([[190.16779465296204, 972.0216573368713], [294.5751675756693, 929.0103413963932], [392.832205347038, 1195.9783426631288], [288.4248324243307, 1238.9896586036068]], '표', 0.07604373919924967)]
[([[426, 76], [452, 76], [452, 104], [426, 104]], '옷', 0.7067070907551773), ([[396, 126], [460, 126], [460, 150], [396, 150]], '느끼게', 0.9987613811921036), ([[400, 100], [454, 100], [454, 130], [400, 130]], '좀 더', 0.9984522461891174), ([[489, 27], [645, 27], [645, 213], [489, 213]], '히', 0.0034923782926413877), ([[394, 148], [462, 148], [462, 178], [394, 178]], '해줄게', 0.6674179541123553), ([[731, 125], [751, 125], [751, 177], [731, 177]], '옷', 0.39745165845105035), ([[36, 502], [60, 502], [60, 526], [36, 526]], '모', 0.9999699594846447), ([[18, 524], [94, 524], [94, 548], [18, 548]], '모모코!!', 0.6799854945298683), ([[127, 599], [243, 599], [243, 733], [127, 733]], '저', 0.04591768493711257), ([[224, 762], [272, 762], [272, 786], [224, 786]], '하아', 0.9999447037825501), ([[204, 786], [292, 786], [292, 810], [204, 810]], '모모코의', 0.9870215654373169), ([[226, 810], [272, 810], [272, 834], [226, 834]], '보지', 0.9994341833079957), ([[198, 834], [298, 834], [298, 864], [198, 864]], '기분 좋아', 0.8676240209139869), ([[246, 856], [270, 856], [270, 886], [246, 886]], '옷', 0.9875021730828202), ([[317, 837], [407, 837], [407, 899], [317, 899]], '79', 0.09750028780170185), ([[730, 952], [758, 952], [758, 976], [730, 976]], '아', 0.9998449147276212), ([[718, 974], [766, 974], [766, 1002], [718, 1002]], '아옷', 0.3349089204353487), ([[716, 998], [790, 998], [790, 1028], [716, 1028]], '닷층 거', 0.1834418261668214), ([[722, 1024], [786, 1024], [786, 1052], [722, 1052]], '엄청나', 0.9661816625065669), ([[718, 1046], [784, 1046], [784, 1074], [718, 1074]], '아양 9', 0.4273863732814789), ([[708, 1070], [778, 1070], [778, 1100], [708, 1100]], '아흐옷', 0.39452935825835117), ([[427, 1147], [574, 1147], [574, 1200], [427, 1200]], '7나400', 0.05115066854486443), ([[384.88582797093767, 73.21456992734423], [421.66786340695444, 77.62795596213772], [418.11417202906233, 103.78543007265577], [381.33213659304556, 98.37204403786228]], '크..', 0.5060491131982208), ([[70.31808429320984, 250.0211571206783], [151.69830959207408, 297.8093554295942], [71.68191570679016, 432.9788428793217], [-9.69830959207409, 384.1906445704058]], '싣', 0.009281019603683882), ([[46.147875885711585, 696.0201811885145], [221.99982379458365, 818.9203547619709], [134.85212411428842, 942.9798188114855], [-39.999823794583634, 820.0796452380291]], '*,', 0.0011304765629052134), ([[94.82228082246871, 1045.0408438435495], [310.40325666898383, 1076.8069697630688], [283.1777191775313, 1222.9591561564505], [67.59674333101617, 1190.1930302369312]], '"소', 0.14092472680637258)]
[([[645, 151], [731, 151], [731, 187], [645, 187]], '아  옷', 0.45924052596092224), ([[658, 184], [718, 184], [718, 216], [658, 216]], '하양', 0.35175226763193707), ([[65, 425], [145, 425], [145, 461], [65, 461]], '닷증의', 0.12148824947567989), ([[78, 458], [132, 458], [132, 486], [78, 486]], '자지', 0.999992329282188), ([[660, 438], [738, 438], [738, 516], [660, 516]], '@3', 0.017795090348975976), ([[76, 486], [130, 486], [130, 518], [76, 518]], '기분', 0.9997989654517394), ([[67, 515], [149, 515], [149, 551], [67, 551]], '중앙 9', 0.15421153662962608), ([[706, 670], [806, 670], [806, 702], [706, 702]], '모모코!!', 0.8083485016479236), ([[17, 633], [155, 633], [155, 805], [17, 805]], '심', 0.2183622132817078), ([[704, 696], [807, 696], [807, 734], [704, 734]], '모모코!!', 0.9746381187023454), ([[110, 918], [194, 918], [194, 948], [110, 948]], '아아 9', 0.9408437609672546), ([[97, 945], [209, 945], [209, 981], [97, 981]], '더, 좀 더', 0.9471669253645084), ([[100, 978], [204, 978], [204, 1010], [100, 1010]], '격렬하게', 0.5089613199234009), ([[88, 1008], [212, 1008], [212, 1040], [88, 1040]], '깊숙히잇 9', 0.8130168655044518), ([[271, 971], [575, 971], [575, 1177], [271, 1177]], '', 0.0), ([[318.9545654265864, 77.09113277776737], [438.6821923050305, -34.98988067952848], [659.0454345734137, 234.90886722223263], [539.3178076949695, 347.9898806795285]], '줄', 0.1028589970885605), ([[145.88334943185265, 707.0568244321561], [209.58119762683947, 661.0153648527338], [316.11665056814735, 826.9431755678439], [251.41880237316053, 871.9846351472662]], '풍', 0.3255539248223158)]
[([[660, 148], [800, 148], [800, 202], [660, 202]], '으아앗', 0.6525646314265687), ([[655, 203], [805, 203], [805, 271], [655, 271]], '싸다!', 0.6283182281141856), ([[38.49128562465622, 212.01176949257442], [117.10446409180076, 202.20318422467435], [145.50871437534377, 449.9882305074256], [66.89553590819924, 459.7968157753257]], '물', 0.06202704123558078), ([[54.00945554619283, 376.01486968822115], [310.39461393722434, 434.9259974618173], [227.99054445380716, 774.9851303117789], [-28.394613937224346, 716.0740025381828]], '1', 0.1481689594557487), ([[711.4713566619408, 463.01748559530733], [770.43180206412, 446.01166181377994], [821.5286433380592, 629.9825144046927], [762.56819793588, 646.9883381862201]], '늙', 0.016225671626788563), ([[96.89362147327117, 851.0511119113286], [188.49547907609173, 840.3323053228808], [201.10637852672883, 982.9488880886714], [109.50452092390827, 993.6676946771192]], '맘', 0.1511084097174411)]
[([[715, 39], [733, 39], [733, 71], [715, 71]], '6', 0.9712165507380632), ([[715, 77], [735, 77], [735, 99], [715, 99]], '0', 0.9999810458127776), ([[684, 324], [716, 324], [716, 358], [684, 358]], '옷', 0.8261873412629406), ([[73, 401], [155, 401], [155, 437], [73, 437]], '온몸이', 0.9740590076541015), ([[73, 433], [155, 433], [155, 469], [73, 469]], '탓증의', 0.2499379044485782), ([[51, 463], [177, 463], [177, 499], [51, 499]], '정액범먹이', 0.15145609878989275), ([[71, 493], [149, 493], [149, 529], [71, 529]], '없어9', 0.19925868392451995), ([[702, 890], [754, 890], [754, 922], [702, 922]], '있지', 0.49998996761710707), ([[673, 917], [783, 917], [783, 953], [673, 953]], '다음에도', 0.9870645999908447), ([[675, 947], [783, 947], [783, 983], [675, 983]], '보답하게', 0.9993988275527954), ([[686, 980], [766, 980], [766, 1012], [686, 1012]], '해쥐9', 0.7783586465224057), ([[78, 1122], [178, 1122], [178, 1164], [78, 1164]], ':)이', 0.0106071968124231)]
[]
[]
[]
[]
[]
[]
[([[129.983565522768, 8.296717818931521], [179.45348744091527, 48.28845065507762], [97.01643447723198, 144.7032821810685], [47.54651255908474, 103.71154934492237]], '돌', 0.5607733586011854)]
[]
[]
[]
[]
[]
[([[708, 310], [845, 310], [845, 430], [708, 430]], '36', 0.07436521915279856)]
[]
[]
[]
[]
[]
[([[0, 606], [50, 606], [50, 678], [0, 678]], "'3", 0.07893420791833816)]
[]
[]
[]
[]
[]
[([[443.36624977770236, 434.02874755472607], [501.4692358061749, 446.6124280692686], [478.63375022229764, 557.9712524452739], [419.5307641938251, 545.3875719307314]], '터', 0.03732825223846081)]
[([[79, 23], [171, 23], [171, 353], [79, 353]], '#', 0.3109098073421137), ([[719, 75], [763, 75], [763, 159], [719, 159]], '뼈', 0.026636503608884254), ([[762, 34], [810, 34], [810, 202], [762, 202]], '8', 0.0015201415417662734), ([[781, 199], [795, 199], [795, 233], [781, 233]], '음', 0.7533536925277531), ([[37, 83], [79, 83], [79, 477], [37, 477]], "'", 0.26574615880292995), ([[713, 175], [762, 175], [762, 362], [713, 362]], '품', 0.017982008063378352), ([[722, 356], [756, 356], [756, 386], [722, 386]], '이', 0.9992567490272108), ([[769, 237], [805, 237], [805, 357], [769, 357]], '용', 0.3864137949606494), ([[89, 343], [127, 343], [127, 449], [89, 449]], '응', 0.9064480627999707), ([[716, 386], [764, 386], [764, 680], [716, 680]], "'", 0.7939120730045488), ([[91, 661], [175, 661], [175, 725], [91, 725]], '곧야', 0.06673449933091345), ([[129, 697], [171, 697], [171, 775], [129, 775]], '옛', 0.04458278309266461), ([[85, 735], [127, 735], [127, 839], [85, 839]], '양', 0.9817501211855983), ([[78, 800], [174, 800], [174, 1082], [78, 1082]], ';', 0.05396821860297352), ([[101, 1075], [115, 1075], [115, 1111], [101, 1111]], '몸', 0.5733638493882189)]
[]
[]
[]
[]
[([[998.5007698233973, 315.0138568211513], [1067.7910700485913, 338.11062356288267], [1010.4992301766027, 512.9861431788487], [940.2089299514087, 489.88937643711733]], '3', 0.8754067753770869)]
[([[107, 81], [193, 81], [193, 117], [107, 117]], '가만히', 0.9999807288805623), ([[79, 112], [221, 112], [221, 151], [79, 151]], '잇지 않으면', 0.4018534414210029), ([[98, 150], [202, 150], [202, 180], [98, 180]], '타니마치', 0.9830093383789062), ([[109, 181], [193, 181], [193, 217], [109, 217]], '양이나', 0.9948219225057893), ([[121, 213], [179, 213], [179, 249], [121, 249]], '다른', 0.9996186766126128), ([[97, 245], [205, 245], [205, 283], [97, 283]], '분들에게', 0.8245499134063721), ([[99, 279], [201, 279], [201, 315], [99, 315]], '들국버길', 0.40872442722320557), ([[102, 313], [200, 313], [200, 345], [102, 345]], '거라구?', 0.6383229221724404), ([[1014, 538], [1038, 538], [1038, 572], [1014, 572]], '응', 0.9997863883618265), ([[1011, 569], [1069, 569], [1069, 609], [1011, 609]], '응옷', 0.6779604447782654), ([[1013, 601], [1067, 601], [1067, 637], [1013, 637]], '으음', 0.4413601698891285), ([[1023, 637], [1083, 637], [1083, 673], [1023, 673]], '아양', 0.656162334222268), ([[993, 669], [1113, 669], [1113, 705], [993, 705]], '달림도 참', 0.7617765833361332), ([[979, 702], [1135, 702], [1135, 738], [979, 738]], '안되다니깐 9', 0.47059512341334153)]
[([[1077, 93], [1189, 93], [1189, 203], [1077, 203]], '12', 0.9999979769518709)]
[([[12, 6], [62, 6], [62, 32], [12, 32]], '할 수', 0.5522085534406775), ([[553, 5], [591, 5], [591, 21], [553, 21]], '그리스', 0.6130601167678833), ([[250, 22], [312, 22], [312, 48], [250, 48]], '미야랑', 0.6798962950706482), ([[551, 21], [591, 21], [591, 37], [551, 37]], '마스인', 0.9995627643090043), ([[18, 30], [58, 30], [58, 56], [18, 56]], '없지', 0.9993156037957462), ([[336, 32], [388, 32], [388, 56], [336, 56]], '하아.', 0.8989332641973083), ([[18, 54], [58, 54], [58, 78], [18, 78]], '일찍', 0.9987114769454379), ([[242, 44], [320, 44], [320, 70], [242, 70]], '부모님은', 0.9943845868110657), ([[350, 56], [388, 56], [388, 80], [350, 80]], '심심', 0.9999447037825501), ([[547, 51], [595, 51], [595, 67], [547, 67]], '산타에게', 0.7899836301803589), ([[551, 65], [577, 65], [577, 83], [551, 83]], '왼율', 0.33525562009711024), ([[581, 67], [603, 67], [603, 81], [581, 81]], '빌면', 0.9572172458727993), ([[8, 76], [68, 76], [68, 100], [8, 100]], '잠이나', 0.9964156030656556), ([[260, 68], [302, 68], [302, 94], [260, 94]], '여행', 0.9999865973284802), ([[348, 78], [390, 78], [390, 102], [348, 102]], '하네', 0.9997346537540599), ([[553, 81], [587, 81], [587, 97], [553, 97]], '소망이', 0.9974382725646325), ([[258, 92], [302, 92], [302, 116], [258, 116]], '잠고', 0.6607566074435671), ([[565, 95], [591, 95], [591, 109], [565, 109]], '무어', 0.9768492045882361), ([[6, 100], [54, 100], [54, 124], [6, 124]], '자자.', 0.9982822440966954), ([[549, 111], [575, 111], [575, 125], [549, 125]], '진다', 0.9992380700245694), ([[513, 219], [597, 219], [597, 255], [513, 255]], '짜자', 0.9972194416099376), ([[533, 241], [609, 241], [609, 307], [533, 307]], '달굉', 0.10931472812978428), ([[667, 197], [729, 197], [729, 341], [667, 341]], '젊', 0.047188558740551834), ([[535, 301], [613, 301], [613, 343], [535, 343]], '메리', 0.9947795610654434), ([[528, 340], [618, 340], [618, 390], [528, 390]], '크리스', 0.997037512472645), ([[528, 384], [632, 384], [632, 432], [528, 432]], '마스0', 0.8641177890708325), ([[683, 555], [699, 555], [699, 579], [683, 579]], '응', 0.9988805805936671), ([[790, 708], [840, 708], [840, 734], [790, 734]], '뭐지?', 0.9365901350975037), ([[27, 927], [117, 927], [117, 1195], [27, 1195]], '움', 0.41153134541434966), ([[672, 1082], [734, 1082], [734, 1108], [672, 1108]], '베란다', 0.8918133414511671), ([[682, 1060], [724, 1060], [724, 1088], [682, 1088]], '방금', 0.999850803416327), ([[682, 1106], [724, 1106], [724, 1130], [682, 1130]], '에서', 0.9971334489912732), ([[333, 1119], [516, 1119], [516, 1168], [333, 1168]], '성야의 소원', 0.45899390587217787), ([[672, 1128], [734, 1128], [734, 1154], [672, 1154]], '이상한', 0.9961174627252871), ([[664, 1152], [726, 1152], [726, 1176], [664, 1176]], '소리가 .', 0.7836203643510897), ([[-25.679030443011015, 256.39372038623503], [204.79435561728792, 141.1643291782945], [292.679030443011, 370.60627961376497], [61.20564438271209, 484.8356708217055]], ';', 0.007191716892873734), ([[84.11590929046879, 454.0195499645949], [253.0, 587.0], [147.8840907095312, 719.9804500354052], [-20.0, 587.0]], ', ', 0.0003526022030156888)]
[([[368, 14], [410, 14], [410, 40], [368, 40]], '나는', 0.9927697171542041), ([[464, 22], [490, 22], [490, 46], [464, 46]], '모', 0.9999723436360455), ([[360, 38], [420, 38], [420, 64], [360, 64]], '러불리', 0.5053549826483507), ([[442, 44], [520, 44], [520, 68], [442, 68]], '모리시마', 0.9988319873809814), ([[780, 30], [804, 30], [804, 56], [780, 56]], '곳', 0.9899254954784489), ([[24, 28], [48, 28], [48, 96], [24, 96]], '$', 0.08303053275029981), ([[202, 50], [226, 50], [226, 76], [202, 76]], '선', 0.999964237532879), ([[368, 62], [412, 62], [412, 86], [368, 86]], '산타', 0.997182298596329), ([[460, 68], [500, 68], [500, 92], [460, 92]], '선배', 0.9999569261925371), ([[746, 52], [818, 52], [818, 78], [746, 78]], '이브낭~', 0.24970684945583344), ([[358, 84], [402, 84], [402, 108], [358, 108]], '예요', 0.9999292783206819), ([[766, 76], [820, 76], [820, 100], [766, 100]], '어때?', 0.9999695103589458), ([[460, 92], [500, 92], [500, 116], [460, 116]], '이건', 0.9924765899966767), ([[738, 98], [844, 98], [844, 124], [738, 124]], '작한 아이로', 0.8530104620342216), ([[444, 114], [488, 114], [488, 138], [444, 138]], '대체 .', 0.9583499431610107), ([[738, 120], [836, 120], [836, 148], [738, 148]], '있엿올까나', 0.14795706500478856), ([[9, 175], [65, 175], [65, 195], [9, 195]], '어째서', 0.9991965053679471), ([[356, 186], [392, 186], [392, 210], [356, 210]], '어..', 0.8729484677314758), ([[400, 186], [424, 186], [424, 210], [400, 210]], '그', 0.999993562708724), ([[8, 196], [68, 196], [68, 220], [8, 220]], '갑자기', 0.9995871271537475), ([[204, 206], [254, 206], [254, 230], [204, 230]], '응? 왜', 0.5884078531013412), ([[353, 205], [426, 205], [426, 234], [353, 234]], '산타씨?', 0.9143170033928368), ([[0, 218], [74, 218], [74, 242], [0, 242]], '베란다로', 0.9372043013572693), ([[201, 227], [255, 227], [255, 247], [201, 247]], '그러니?', 0.9738227617014635), ([[774, 320], [824, 320], [824, 348], [774, 348]], '응 응', 0.5625418424606323), ([[16, 354], [62, 354], [62, 378], [16, 378]], '저기', 0.9999935936850367), ([[778, 344], [820, 344], [820, 370], [778, 370]], '그건', 0.9978883378638976), ([[16, 376], [80, 376], [80, 400], [16, 400]], '그래서', 0.9999933927534448), ([[332, 360], [398, 360], [398, 392], [332, 392]], '오우0', 0.7186741257382607), ([[476, 364], [538, 364], [538, 390], [476, 390]], '그래서', 0.9999924980225902), ([[768, 366], [830, 366], [830, 396], [768, 396]], '달림울', 0.3821442832851311), ([[8, 400], [88, 400], [88, 426], [8, 426]], '산타씨의', 0.9938170909881592), ([[319, 390], [407, 390], [407, 420], [319, 420]], '해내다!', 0.34352782368659973), ([[468, 388], [542, 388], [542, 414], [468, 414]], '어떻어?', 0.4486095905303955), ([[778, 390], [822, 390], [822, 416], [778, 416]], '놀래', 0.9822221507143898), ([[467, 409], [546, 409], [546, 441], [467, 441]], '놀랍어?', 0.5962717533111572), ([[768, 412], [830, 412], [830, 436], [768, 436]], '주려고', 0.9986671064874786), ([[10, 422], [88, 422], [88, 452], [10, 452]], '용건은?', 0.9477689862251282), ([[778, 436], [820, 436], [820, 460], [778, 460]], '그런', 0.7090138007939475), ([[774, 458], [824, 458], [824, 482], [774, 482]], '거야!', 0.8594343662261963), ([[519, 553], [567, 553], [567, 573], [519, 573]], '그거야', 0.9999023372325798), ([[516, 588], [566, 588], [566, 612], [516, 612]], '놀렉습', 0.21774907397345133), ([[281, 595], [400, 595], [400, 655], [281, 655]], '";', 0.012548761966281151), ([[510, 606], [560, 606], [560, 630], [510, 630]], '니다만 .', 0.4953420602020634), ([[370, 712], [440, 712], [440, 742], [370, 742]], '오늘은', 0.5572769641876221), ([[789, 709], [813, 709], [813, 729], [789, 729]], '아', 0.9999488598686277), ([[68, 742], [108, 742], [108, 772], [68, 772]], '네?', 0.9999468953838798), ([[350, 738], [460, 738], [460, 764], [350, 764]], '크리스마스', 0.9957679402222124), ([[494, 744], [566, 744], [566, 768], [494, 768]], '여전하네', 0.9995656609535217), ([[754, 730], [845, 730], [845, 756], [754, 756]], '맞다 맞아', 0.8625001177956695), ([[372, 762], [438, 762], [438, 792], [372, 792]], '잡아?', 0.3295099522645041), ([[510, 764], [566, 764], [566, 790], [510, 790]], '이분은', 0.9993381343704916), ([[768, 752], [830, 752], [830, 780], [768, 780]], '까먹올', 0.8117294741527311), ([[762, 776], [838, 776], [838, 802], [762, 802]], '뻔햇어~', 0.24143104255199432), ([[372, 788], [440, 788], [440, 814], [372, 814]], '그래서', 0.9999923603716989), ([[360, 812], [452, 812], [452, 844], [360, 844]], '달림에게', 0.7729135155677795), ([[370, 838], [440, 838], [440, 868], [370, 868]], '선물이', 0.997695803642273), ([[354, 864], [438, 864], [438, 892], [354, 892]], '있는데..', 0.6671154070898028), ([[12, 1058], [92, 1058], [92, 1090], [12, 1090]], '제게 줄', 0.7633872892222614), ([[1, 1081], [106, 1081], [106, 1114], [1, 1114]], '선물이요?', 0.9971887386587325), ([[105.21727292457167, 401.05127422674474], [150.54321447625512, 384.0246407611938], [187.7827270754283, 488.94872577325526], [142.45678552374488, 505.9753592388062]], '들', 0.24242995768644082), ([[321.13701426866953, 416.46032711047206], [401.5059056719941, 408.0742208280596], [403.86298573133047, 442.53967288952794], [323.4940943280059, 450.9257791719404]], '대성공"', 0.654344916343689), ([[317.415793762163, 499.0342469783856], [407.95695255035025, 552.3453081537273], [382.584206237837, 593.9657530216144], [292.04304744964975, 539.6546918462727]], '8사,', 0.04126130247870747)]
[([[158, 60], [186, 60], [186, 84], [158, 84]], '자', 0.9999687674100102), ([[254, 44], [356, 44], [356, 92], [254, 92]], '오옷!!', 0.5362105413344926), ([[150, 86], [198, 86], [198, 116], [150, 116]], '열어', 0.9772227724775153), ([[269, 91], [309, 91], [309, 127], [269, 127]], '이', 0.9996332266528931), ([[137, 111], [206, 111], [206, 140], [137, 140]], '보라구', 0.8852475645439093), ([[744, 111], [797, 111], [797, 144], [744, 144]], '자 ,', 0.9986151456832886), ([[254, 120], [354, 120], [354, 175], [254, 175]], '이건!!', 0.5505006313323975), ([[719, 145], [821, 145], [821, 189], [719, 189]], '09710', 0.4453645097864087), ([[38, 254], [68, 254], [68, 282], [38, 282]], '꽤.', 0.3317426833009131), ([[40, 278], [88, 278], [88, 310], [40, 310]], '괜찮', 0.8720889890842202), ([[38, 302], [98, 302], [98, 330], [38, 330]], '나요?', 0.9992521405220032), ([[126, 224], [228, 224], [228, 396], [126, 396]], '"', 0.04196146031300452), ([[54, 844], [102, 844], [102, 874], [54, 874]], '당연', 0.9999274238982652), ([[46, 868], [96, 868], [96, 894], [46, 894]], '하지', 0.9998322596637665), ([[589, 812], [810, 812], [810, 933], [589, 933]], "'시문", 0.00392416828804529), ([[748, 1040], [838, 1040], [838, 1070], [748, 1070]], '그렇다면', 0.9992585182189941), ([[758, 1066], [826, 1066], [826, 1092], [758, 1092]], '사양치', 0.9969308072859292), ([[756, 1090], [816, 1090], [816, 1118], [756, 1118]], '암고..', 0.2836307883262634), ([[274, 1100], [408, 1100], [408, 1200], [274, 1200]], "';", 0.21488900725060045), ([[618, 1072], [744, 1072], [744, 1170], [618, 1170]], '체', 0.10839587323180044)]
[([[492, 18], [542, 18], [542, 50], [492, 50]], '으음', 0.1931272412606504), ([[28, 38], [106, 38], [106, 70], [28, 70]], '으으음', 0.9949345123914204), ([[517, 45], [569, 45], [569, 81], [517, 81]], '웃9', 0.32545510769548247), ([[64, 68], [94, 68], [94, 100], [64, 100]], '움', 0.46428930959088177), ([[492, 46], [520, 46], [520, 108], [492, 108]], '흙', 0.12722060526971646), ([[542, 78], [572, 78], [572, 110], [542, 110]], '앗', 0.17965064139062648), ([[770, 68], [794, 68], [794, 122], [770, 122]], '올', 0.40021474718614414), ([[29, 95], [83, 95], [83, 131], [29, 131]], '으흡', 0.9606329221332391), ([[490, 106], [548, 106], [548, 136], [490, 136]], '아아', 0.9999338300890663), ([[40, 126], [70, 126], [70, 158], [40, 158]], '후', 0.4928572558446973), ([[530, 134], [558, 134], [558, 168], [530, 168]], '움', 0.3041607557452721), ([[21, 315], [79, 315], [79, 335], [21, 335]], '하아아', 0.9996915304147413), ([[38, 334], [80, 334], [80, 358], [38, 358]], '중앙', 0.47009130843694324), ([[636, 338], [662, 338], [662, 362], [636, 362]], '아', 0.9999870062296488), ([[20, 354], [96, 354], [96, 378], [20, 378]], '산타씨의', 0.9965437650680542), ([[0, 370], [120, 370], [120, 398], [0, 398]], '부드러운 혀가', 0.5479287655146151), ([[636, 362], [660, 362], [660, 392], [636, 392]], '음', 0.6133701629919983), ([[8, 394], [108, 394], [108, 418], [8, 418]], '내 취감아서', 0.6680509093016266), ([[31, 415], [87, 415], [87, 435], [31, 435]], '허리가', 0.9999191992822634), ([[22, 434], [96, 434], [96, 460], [22, 460]], '녹아버길', 0.6999470591545105), ([[20, 454], [88, 454], [88, 478], [20, 478]], '것 같아_', 0.7754432480475784), ([[10, 560], [100, 560], [100, 586], [10, 586]], '귀, 귀두가', 0.9898218754751759), ([[533, 567], [575, 567], [575, 587], [533, 587]], '아아', 0.9998030113133363), ([[597, 567], [617, 567], [617, 591], [597, 591]], '응', 0.9994387222357979), ([[17, 583], [93, 583], [93, 603], [17, 603]], '딱딱하게', 0.999567449092865), ([[26, 602], [82, 602], [82, 628], [26, 628]], '서릿든', 0.3194147005600758), ([[141, 539], [177, 539], [177, 655], [141, 655]], '응', 0.014225205970826382), ([[534, 584], [574, 584], [574, 610], [534, 610]], '유두', 0.999779073368637), ([[542, 582], [636, 582], [636, 630], [542, 630]], '구포기출워?', 0.012050078962318548), ([[586, 606], [626, 606], [626, 630], [586, 630]], '달림', 0.9919714782777395), ([[664, 532], [692, 532], [692, 644], [664, 644]], '%', 0.05981723375045078), ([[815, 609], [827, 609], [827, 635], [815, 635]], '우', 0.10000276942543351), ([[24, 618], [84, 618], [84, 646], [24, 646]], '유두에', 0.9959460408820145), ([[534, 626], [634, 626], [634, 650], [534, 650]], '내 가슴으로', 0.9827344853680828), ([[19, 643], [89, 643], [89, 663], [19, 663]], '비버저서', 0.30245548486709595), ([[530, 644], [638, 644], [638, 670], [530, 670]], '좀 더 해쥐다', 0.7726213045122994), ([[52, 660], [76, 660], [76, 688], [52, 688]], '옷', 0.9013792753760299), ([[24, 680], [68, 680], [68, 704], [24, 704]], '아아', 0.9998084058029248), ([[34, 700], [74, 700], [74, 726], [34, 726]], '기분', 0.9998280451885968), ([[16, 722], [76, 722], [76, 746], [16, 746]], '좋아요', 0.761425386834684), ([[38, 742], [74, 742], [74, 766], [38, 766]], '웃!', 0.5583555890348638), ([[126, 718], [202, 718], [202, 840], [126, 840]], '올', 0.019076239956979046), ([[153, 827], [217, 827], [217, 905], [153, 905]], '음', 0.4038101934170868), ([[788, 890], [840, 890], [840, 914], [788, 914]], '다음은', 0.9993602942536485), ([[791, 909], [837, 909], [837, 927], [791, 927]], '여기로', 0.9999881620207366), ([[780, 926], [844, 926], [844, 950], [780, 950]], '해줄게 9', 0.5055704070105942), ([[519, 1061], [629, 1061], [629, 1173], [519, 1173]], '7', 0.7110919347042), ([[739, 1153], [841, 1153], [841, 1197], [739, 1197]], '그버0', 0.0861098710908476), ([[315.2784165517158, -8.978285241517764], [402.056094097015, -28.822541057836094], [448.7215834482842, 180.97828524151777], [361.943905902985, 201.8225410578361]], '주', 0.01740007414281397), ([[30.984863119866056, 183.05165857468734], [142.23539366629902, 213.1649636470453], [116.01513688013395, 300.94834142531266], [5.7646063337009785, 269.83503635295466]], '*)', 0.0010325552125169757), ([[356.9379878872115, 370.04345222397995], [550.4828493887075, 411.3697835961412], [523.0620121127886, 517.9565477760201], [329.51715061129255, 475.6302164038588]], '4고', 0.39395652893933264), ([[471.8655317593773, 779.0460406403408], [569.2671124176882, 743.184783704713], [629.1344682406227, 929.9539593596592], [532.7328875823118, 965.815216295287]], '', 0.0), ([[46.16261532217225, 1078.0351223338498], [132.9838451669071, 1150.4318136896882], [77.83738467782774, 1216.9648776661502], [-9.9838451669071, 1144.5681863103118]], '(히', 0.012192178222695976)]
[([[523, 31], [563, 31], [563, 51], [523, 51]], '아아', 0.9998765962578385), ([[38, 44], [88, 44], [88, 68], [38, 68]], '아아', 0.9999286882770765), ([[514, 48], [588, 48], [588, 74], [514, 74]], '산타씨의', 0.9972000122070312), ([[38, 66], [106, 66], [106, 98], [38, 98]], '응웃9', 0.8960137699894201), ([[74, 92], [118, 92], [118, 116], [74, 116]], '더욱', 0.999817677601823), ([[512, 88], [552, 88], [552, 114], [512, 114]], '가슴', 0.9998066357350889), ([[514, 68], [572, 68], [572, 92], [514, 92]], '부드러', 0.999954919423543), ([[569, 69], [587, 69], [587, 109], [569, 109]], '울', 0.5174122576033966), ([[632, 24], [664, 24], [664, 116], [632, 116]], '육', 0.325739571424041), ([[768, 82], [814, 82], [814, 108], [768, 108]], '에앗', 0.724720857303287), ([[26, 92], [72, 92], [72, 120], [26, 120]], '달림', 0.9754958529388976), ([[24, 116], [118, 116], [118, 144], [24, 144]], '기분 중계', 0.34698985470590765), ([[514, 108], [588, 108], [588, 132], [514, 132]], '파이즈리', 0.9863433837890625), ([[756, 106], [826, 106], [826, 136], [756, 136]], '받아탓', 0.6819477001998286), ([[524, 128], [580, 128], [580, 152], [524, 152]], '받다니', 0.9975081755904891), ([[28, 140], [96, 140], [96, 168], [28, 168]], '해줄게', 0.7497079053367408), ([[512, 148], [578, 148], [578, 172], [512, 172]], '최고야.', 0.9952017664909363), ([[618, 316], [696, 316], [696, 404], [618, 404]], '속', 0.05049348695988187), ([[478, 542], [532, 542], [532, 590], [478, 590]], '아', 0.9961106521507332), ([[777, 543], [819, 543], [819, 591], [777, 591]], '하', 0.9005558636589264), ([[780, 584], [836, 584], [836, 610], [780, 610]], '달림의', 0.9125350292093983), ([[786, 604], [828, 604], [828, 628], [786, 628]], '자지', 0.999988873250124), ([[776, 624], [838, 624], [838, 650], [776, 650]], '터질 거', 0.6282591419664523), ([[776, 644], [836, 644], [836, 670], [776, 670]], '같아 9', 0.9265496974146586), ([[477, 599], [539, 599], [539, 771], [477, 771]], '양', 0.8491590045545117), ([[586, 1080], [632, 1080], [632, 1104], [586, 1104]], '으으', 0.9980804981967444), ([[647, 1081], [667, 1081], [667, 1107], [647, 1107]], '옷', 0.9336994508179428), ([[589, 1105], [615, 1105], [615, 1125], [589, 1125]], '이', 0.9999355088141648), ([[622, 1104], [666, 1104], [666, 1128], [622, 1128]], '이제', 0.9018707955379569), ([[588, 1126], [666, 1126], [666, 1152], [588, 1152]], '나와요!', 0.4273677468299866), ([[160.37202246627936, 139.02468532174797], [221.65853068388284, 127.17380833542782], [247.62797753372064, 281.975314678252], [186.34146931611716, 293.8261916645722]], '푹', 0.1764529147246785), ([[474.31927971941553, 177.01932306171304], [628.752780172281, 294.57674635623073], [565.6807202805845, 376.98067693828693], [411.2472198277191, 259.42325364376927]], '예9듯제', 0.0018226099200546741), ([[678.2691244176092, 374.03345615193984], [765.9575343506124, 442.176806791316], [720.7308755823908, 498.96654384806016], [634.0424656493876, 431.823193208684]], '7', 0.02444332876413413), ([[707.4713566619408, 710.0174855953073], [768.9270455964814, 696.053894887302], [808.5286433380592, 876.9825144046927], [746.0729544035186, 891.946105112698]], '집', 0.1113154767371185), ([[33.54830863686663, 698.011341873646], [100.50399907455618, 712.2080816010179], [57.45169136313337, 914.988658126354], [-8.503999074556177, 900.7919183989821]], '흙', 0.011723002091355073), ([[328.20422510711313, 831.0126683633516], [513.3987728737017, 814.8340105225662], [537.7957748928869, 1194.9873316366484], [352.60122712629834, 1211.1659894774336]], '돌', 0.02280250548725804), ([[650.234300746846, 930.0367277671977], [712.3440160867584, 920.3511054011042], [730.765699253154, 1049.9632722328022], [669.6559839132416, 1059.6488945988958]], '주', 0.403992172160784)]
[([[356, 44], [402, 44], [402, 70], [356, 70]], '잔뜩', 0.9997445996516909), ([[774, 48], [816, 48], [816, 72], [774, 72]], '후우', 0.9968352289330682), ([[30, 66], [74, 66], [74, 90], [30, 90]], '저도', 0.9999871030887143), ([[332, 66], [426, 66], [426, 94], [332, 94]], '기분 중제', 0.1652175341979952), ([[472, 60], [524, 60], [524, 86], [472, 86]], '정말?', 0.9999907085612024), ([[786, 70], [824, 70], [824, 94], [786, 94]], '엄청', 0.9821864299561563), ([[150, 74], [196, 74], [196, 104], [150, 104]], '하응', 0.70998920726685), ([[469, 83], [507, 83], [507, 103], [469, 103]], '기뻐', 0.9893846985271917), ([[20, 88], [86, 88], [86, 116], [20, 116]], '선물올', 0.9419282674789429), ([[162, 98], [204, 98], [204, 124], [162, 124]], '옷 9', 0.4256114363670349), ([[328, 90], [432, 90], [432, 116], [328, 116]], '해끗으니까', 0.19302208681065167), ([[766, 90], [840, 90], [840, 116], [766, 116]], '중앙어요', 0.41618552803993225), ([[6, 112], [106, 112], [106, 138], [6, 138]], '드질게요 >', 0.11350633815734264), ([[467, 173], [529, 173], [529, 251], [467, 251]], '(7', 0.715655110516849), ([[464, 330], [500, 330], [500, 358], [464, 358]], '응?', 0.9997908737429317), ([[788, 350], [832, 350], [832, 374], [788, 374]], '저기', 0.9999927507497521), ([[768, 372], [830, 372], [830, 398], [768, 398]], '산타씨', 0.9986186621395174), ([[192, 346], [631, 346], [631, 518], [192, 518]], '지음쇼', 0.0007907896882537748), ([[170, 620], [216, 620], [216, 644], [170, 644]], '으아', 0.9922905494138126), ([[229, 623], [253, 623], [253, 643], [229, 643]], '아', 0.9998972442322298), ([[169, 641], [252, 641], [252, 670], [169, 670]], '산타씨의', 0.9948247671127319), ([[188, 666], [232, 666], [232, 692], [188, 692]], '질내', 0.9739700685535951), ([[156, 687], [266, 687], [266, 718], [156, 718]], '못 참울어요', 0.2759581275241171), ([[201, 713], [221, 713], [221, 739], [201, 739]], '옷', 0.9879283269311259), ([[658, 756], [798, 756], [798, 876], [658, 876]], '@', 0.380035382339031), ([[472, 951], [612, 951], [612, 1020], [472, 1020]], '패히', 0.013395976604954802), ([[638, 980], [704, 980], [704, 1006], [638, 1006]], '단숨에', 0.9867649461091329), ([[638, 1002], [702, 1002], [702, 1030], [638, 1030]], '깊숙한', 0.996008038520813), ([[618, 1026], [686, 1026], [686, 1054], [618, 1054]], '곳까지.', 0.977868914604187), ([[638, 1050], [686, 1050], [686, 1074], [638, 1074]], '아아', 0.9998660599428273), ([[650, 1072], [694, 1072], [694, 1102], [650, 1102]], '달림', 0.9840349333830402), ([[348, 1042], [508, 1042], [508, 1190], [348, 1190]], '7', 0.017931580894323895), ([[630, 1096], [694, 1096], [694, 1122], [630, 1122]], '격렬해', 0.3770570121833339), ([[651, 1119], [671, 1119], [671, 1145], [651, 1145]], '옷', 0.96975105689069), ([[480, 1128], [530, 1128], [530, 1182], [480, 1182]], '%', 0.22529321240887157), ([[288.400519844052, 565.2625472358548], [495.32833643497446, 528.1053520353356], [506.599480155948, 639.7374527641452], [300.67166356502554, 676.8946479646644]], '7채"', 0.005432244949744348)]
[([[384, 66], [451, 66], [451, 99], [384, 99]], '산타씨', 0.9977105265330456), ([[370, 94], [396, 94], [396, 118], [370, 118]], '이', 0.9999320518592327), ([[404, 94], [464, 94], [464, 120], [404, 120]], '이렇게', 0.8791765052907013), ([[379, 115], [454, 115], [454, 145], [379, 145]], '박는 게', 0.9586588013287465), ([[380, 140], [456, 140], [456, 168], [380, 168]], '중나요?', 0.7412339685800478), ([[38, 360], [84, 360], [84, 388], [38, 388]], '아양', 0.7585689797727306), ([[724, 362], [786, 362], [786, 390], [724, 390]], '응앗 9', 0.5103620688530964), ([[28, 384], [118, 384], [118, 412], [28, 412]], '맞아 엄청', 0.9726312457239137), ([[722, 384], [786, 384], [786, 412], [722, 412]], '아룻9', 0.4615454651253977), ([[48, 406], [92, 406], [92, 432], [48, 432]], '기분', 0.9996775918336966), ([[734, 408], [778, 408], [778, 438], [734, 438]], '달림', 0.9865066167619744), ([[30, 428], [96, 428], [96, 458], [30, 458]], '좋아앗', 0.8411319975781107), ([[718, 430], [788, 430], [788, 458], [718, 458]], '좀 더9', 0.9546357839143385), ([[728, 454], [780, 454], [780, 480], [728, 480]], '좀 더', 0.9697960615158081), ([[722, 478], [784, 478], [784, 504], [722, 504]], '와켓 9', 0.6690824627876282), ([[406, 564], [618, 564], [618, 756], [406, 756]], '비액', 0.0007653733855043008), ([[722, 634], [754, 634], [754, 692], [722, 692]], '앗', 0.3574078326825578), ([[748, 632], [812, 632], [812, 686], [748, 686]], '9 아', 0.20615197718143463), ([[782, 660], [834, 660], [834, 692], [782, 692]], '아양', 0.7456174115605761), ([[740, 688], [816, 688], [816, 718], [740, 718]], '중앙 9', 0.2278418086581148), ([[752, 716], [802, 716], [802, 740], [752, 740]], '자지', 0.999990306238604), ([[716, 740], [818, 740], [818, 772], [716, 772]], '좋아아앗 ', 0.7956964750719822), ([[91, 759], [163, 759], [163, 819], [91, 819]], '4', 0.5187728709036357), ([[420, 818], [518, 818], [518, 920], [420, 920]], '(', 0.28919789041174226), ([[42, 1008], [94, 1008], [94, 1034], [42, 1034]], '아아', 0.9998325968220049), ([[56, 1034], [106, 1034], [106, 1066], [56, 1066]], '달림', 0.9925757541370183), ([[8, 1057], [153, 1057], [153, 1093], [8, 1093]], '나 더는 안돼', 0.7890887872366379), ([[32, 1088], [106, 1088], [106, 1118], [32, 1118]], '가버릇', 0.20899673508765496), ([[18, 1112], [119, 1112], [119, 1148], [18, 1148]], '가버려엇 =', 0.7278977945862722), ([[160.75495286835692, 30.055472125597536], [261.2190672323954, -4.624889216185146], [312.2450471316431, 169.94452787440247], [211.7809327676046, 204.62488921618515]], '월', 0.014971960122310612), ([[626.9462716354556, 49.03705722346856], [720.6043476016622, -3.987820521222062], [834.0537283645444, 220.96294277653143], [740.3956523983378, 273.98782052122203]], '줄', 0.26444415347783945), ([[133.3761958152204, 374.1205119619767], [197.69045967675598, 328.0216911395801], [281.6238041847796, 462.8794880380233], [217.30954032324402, 508.9783088604199]], '좀', 0.0925621881067542), ([[488.9950460742126, 408.0460022089173], [554.530781963823, 359.01281334886494], [677.0049539257874, 538.9539977910827], [611.469218036177, 587.9871866511351]], '출', 0.15964345789862833), ([[647.1969598663178, 1076.1165909706467], [725.6504595909346, 1007.015118794907], [860.8030401336822, 1180.8834090293533], [782.3495404090654, 1249.984881205093]], '꼴', 0.46234351101794857), ([[209.98746032519216, 1057.0394921624597], [308.6904152530614, 1046.3115794801981], [322.01253967480784, 1210.9605078375403], [223.30958474693855, 1221.6884205198019]], '굶', 0.013115359055114517), ([[498.9426902392719, 1100.0701767945388], [639.6731636398415, 1122.7366927393273], [625.0573097607281, 1190.9298232054612], [485.32683636015844, 1168.2633072606727]], '대기', 0.010760417744576629)]
[([[561, 0], [769, 0], [769, 203], [561, 203]], '"스', 0.37909383377632033), ([[0, 334], [94, 334], [94, 476], [0, 476]], '닭', 0.07733103148135356), ([[732, 514], [772, 514], [772, 546], [732, 546]], '아', 0.9993201458021304), ([[729, 555], [774, 555], [774, 638], [729, 638]], '0', 0.8606283645856969), ([[15, 702], [142, 702], [142, 770], [15, 770]], '가0', 0.8507706505620202), ([[224, 656], [384, 656], [384, 778], [224, 778]], '(', 0.9951548993908297), ([[14, 765], [141, 765], [141, 825], [14, 825]], '가버', 0.6797454438074367), ([[7, 832], [120, 832], [120, 897], [7, 897]], '려엇다', 0.11381789211587107), ([[699.7226059960632, 196.054490153939], [808.6202851743349, 158.44343669486196], [862.2773940039368, 342.945509846061], [753.3797148256651, 380.556563305138]], '몸', 0.41281718127811473), ([[52.24833642349946, 411.02571178309216], [131.28850408472988, 387.07572623815963], [184.75166357650053, 578.9742882169079], [105.7114959152701, 603.9242737618404]], '뜻', 0.03188175918706926), ([[645.1695452014626, 802.0345424175512], [708.5426774024272, 770.0147357953384], [786.8304547985374, 941.9654575824488], [723.4573225975728, 973.9852642046616]], '통', 0.5093307610558817)]
[([[330, 30], [390, 30], [390, 56], [330, 56]], '흔히들', 0.9993781873750437), ([[320, 54], [402, 54], [402, 78], [320, 78]], '산타에게', 0.9886889457702637), ([[310, 74], [412, 74], [412, 100], [310, 100]], '소원올 빌면', 0.9634834406156969), ([[332, 98], [392, 98], [392, 122], [332, 122]], '소원이', 0.999663381995529), ([[304, 118], [418, 118], [418, 144], [304, 144]], '이루어진다고', 0.7075468553645786), ([[340, 140], [382, 140], [382, 166], [340, 166]], '한다', 0.999841531527455), ([[750, 352], [812, 352], [812, 376], [750, 376]], '하지만', 0.9998964183180508), ([[736, 374], [824, 374], [824, 400], [736, 400]], '내 소원은', 0.999724536316693), ([[760, 396], [802, 396], [802, 420], [760, 420]], '이미', 0.9999924978692074), ([[732, 418], [828, 418], [828, 444], [732, 444]], '이루어젓다', 0.592845375226535)]
[([[500, 64], [584, 64], [584, 90], [500, 90]], '사랑하는', 0.8044539552294709), ([[504, 88], [584, 88], [584, 112], [504, 112]], '모리시마', 0.9992479085922241), ([[510, 110], [574, 110], [574, 136], [510, 136]], '선배와', 0.9990065010035147), ([[500, 132], [584, 132], [584, 160], [500, 160]], '함께하고', 0.9999510645866394), ([[522, 158], [564, 158], [564, 182], [522, 182]], '싶다', 0.9999814554370187), ([[32, 472], [92, 472], [92, 498], [32, 498]], '그것이', 0.996389668371272), ([[28, 494], [96, 494], [96, 520], [28, 520]], '내 소원', 0.9640596862780354), ([[736, 990], [814, 990], [814, 1016], [736, 1016]], '그렇지만', 0.9999080300331116), ([[752, 1012], [796, 1012], [796, 1038], [752, 1038]], '나는', 0.9825857526590274), ([[16, 1028], [128, 1028], [128, 1056], [16, 1056]], '언제까지나', 0.9970464414335399), ([[734, 1034], [814, 1034], [814, 1058], [734, 1058]], '계속해서', 0.9998618960380554), ([[34, 1052], [84, 1052], [84, 1080], [34, 1080]], '계속', 0.9999702444546157), ([[744, 1056], [804, 1056], [804, 1082], [744, 1082]], '소원올', 0.973662536756145), ([[746, 1078], [804, 1078], [804, 1104], [746, 1104]], '빌줄지', 0.41245963877604175), ([[38, 1164], [90, 1164], [90, 1188], [38, 1188]], '드시)', 0.01848962042639515), ([[301.1401328392153, 1046.1942789623522], [333.9295276424755, 1053.4737651884159], [328.8598671607847, 1070.8057210376478], [297.0704723575245, 1063.5262348115841]], '0곱(', 0.002975318237678741)]
[]
[]
