2069157
46
[([[111, 133], [435, 133], [435, 193], [111, 193]], '아. 안녕 꼬마야..', 0.6564960299785453), ([[75, 199], [473, 199], [473, 259], [75, 259]], '누나가 발정기 때문에', 0.6215220068199805), ([[123, 263], [425, 263], [425, 323], [123, 323]], '힘들어서 그런데', 0.99410694020098), ([[97, 329], [453, 329], [453, 389], [97, 389]], '조금 도와주켓니.?', 0.38380549224304494), ([[1135, 1137], [1411, 1137], [1411, 1197], [1135, 1197]], '네..? 발정기.?', 0.42825726246328955), ([[1150, 1204], [1398, 1204], [1398, 1260], [1150, 1260]], '그게 뛰에요?', 0.7656466164652608), ([[19, 2151], [497, 2151], [497, 2213], [19, 2213]], '@) @3욕@어미.@김|  어영라아명', 2.874967083437888e-05)]
[([[253, 169], [311, 169], [311, 211], [253, 211]], '아', 0.9993849746590513), ([[127, 231], [469, 231], [469, 291], [127, 291]], '발정기는 놀이야.!', 0.4559920826036806), ([[151, 295], [441, 295], [441, 355], [151, 355]], '기분 종은 놀이!', 0.45423795104849424), ([[1165, 1139], [1391, 1139], [1391, 1199], [1165, 1199]], '기분종은 .?', 0.22830305120611438)]
[([[292, 196], [370, 196], [370, 248], [292, 248]], '잔~', 0.9808657838022705), ([[139, 259], [525, 259], [525, 321], [139, 321]], '여기 사탕도 있단다?', 0.6646733325123864), ([[165, 321], [499, 321], [499, 385], [165, 385]], '딸기맛 좋아하지?', 0.9874508749676114), ([[1157, 1145], [1481, 1145], [1481, 1205], [1157, 1205]], '사양말고 받으럼!', 0.618732964947604)]
[([[270, 222], [334, 222], [334, 270], [270, 270]], '와!', 0.852746344560496), ([[99, 285], [507, 285], [507, 345], [99, 345]], '정말 받아도 되나요.?', 0.8246720094062379), ([[1115, 1109], [1319, 1109], [1319, 1169], [1115, 1169]], '물론이지~', 0.9998410753926302), ([[1017, 1175], [1415, 1175], [1415, 1235], [1017, 1235]], '대신 누나랑 교미놀이', 0.8603490965798379), ([[1049, 1241], [1383, 1241], [1383, 1303], [1049, 1303]], '해취야해 알켓지?', 0.20390644385258583)]
[([[257, 215], [317, 215], [317, 257], [257, 257]], '네!', 0.5555222743424355), ([[134, 274], [441, 274], [441, 335], [134, 335]], '누나랑 교미놀이', 0.9008833596802969), ([[214, 340], [362, 340], [362, 396], [214, 396]], '활게요', 0.600716209644022), ([[1107, 997], [1369, 997], [1369, 1057], [1107, 1057]], '으응.고마위..', 0.44007264466559537), ([[1087, 1063], [1393, 1063], [1393, 1123], [1087, 1123]], '누나랑 교미놀이', 0.8920778323799045), ([[1138, 1130], [1352, 1130], [1352, 1186], [1138, 1186]], '잔뜩 하자?', 0.9991448826449976)]
[([[1145, 269], [1397, 269], [1397, 329], [1145, 329]], '안녕 꼬마야?', 0.7019078206685943), ([[256, 1580], [458, 1580], [458, 1636], [256, 1636]], '누구세요?', 0.9999415698300708), ([[1255.3257484472952, 816.1082630441718], [1411.870335830749, 801.5397121450724], [1415.6742515527048, 918.8917369558282], [1259.129664169251, 932.4602878549276]], '움질', 0.16217843362927084)]
[([[1221, 205], [1265, 205], [1265, 255], [1221, 255]], '응', 0.9995781628203169), ([[1070, 264], [1417, 264], [1417, 329], [1070, 329]], '아저씨는 여기있는', 0.3613147490653431), ([[1097, 331], [1393, 331], [1393, 394], [1097, 394]], '누나 친구루다?', 0.35140989420588487), ([[109, 1417], [511, 1417], [511, 1477], [109, 1477]], '지금 아저씨가 누나랑', 0.9118690353556501), ([[133, 1483], [487, 1483], [487, 1543], [133, 1543]], '놀고 싶어서 그런데', 0.785958058832204), ([[70, 1546], [553, 1546], [553, 1609], [70, 1609]], '혹시양보해 줄 수 있켓니?', 0.4035841330675835)]
[([[1212, 288], [1308, 288], [1308, 336], [1212, 336]], '네.?', 0.7630999678139597), ([[1116, 347], [1255, 347], [1255, 409], [1116, 409]], '그치만.', 0.9722721576690674), ([[1271, 349], [1405, 349], [1405, 409], [1271, 409]], '딸기맛', 0.9944899401553), ([[1072, 414], [1451, 414], [1451, 476], [1072, 476]], '사탕도 받앗는걸요..', 0.1915808220794954)]
[([[1229, 333], [1354, 333], [1354, 393], [1229, 393]], '짜 ~', 0.5171075079505869), ([[180, 1510], [288, 1510], [288, 1562], [180, 1562]], '와아!', 0.7068588733673096), ([[1042, 1882], [1309, 1882], [1309, 1945], [1042, 1945]], '아저씨는 훨씬', 0.6674217644213334), ([[997, 1949], [1357, 1949], [1357, 2011], [997, 2011]], '크고맛있는 사랑이', 0.6199599695051027), ([[1098, 2018], [1258, 2018], [1258, 2074], [1098, 2074]], '있단다?', 0.8365316390991211)]
[([[1224, 338], [1332, 338], [1332, 392], [1224, 392]], '누나!', 0.8483106386862985), ([[1078, 402], [1476, 402], [1476, 458], [1078, 458]], '이사탕 받아도 돼요?', 0.9674013952675078), ([[1283, 917], [1325, 917], [1325, 971], [1283, 971]], '7', 0.4119199995168401), ([[212, 1492], [384, 1492], [384, 1546], [212, 1546]], '으응?', 0.9836753606796265), ([[119, 1555], [457, 1555], [457, 1615], [119, 1615]], '아  바 받아도 돼..', 0.410509119860409)]
[([[1149, 437], [1381, 437], [1381, 499], [1149, 499]], '감사합니다!', 0.7985466665767449), ([[1285, 921], [1323, 921], [1323, 971], [1285, 971]], '7', 0.7818431182891459), ([[131, 1333], [367, 1333], [367, 1393], [131, 1393]], '누나! 그러면', 0.7879478501213245), ([[110, 1396], [387, 1396], [387, 1460], [110, 1460]], '다음엔 꼭 같이', 0.9840404283233234), ([[115, 1465], [385, 1465], [385, 1525], [115, 1525]], '교미놀이해요', 0.9030519703944024)]
[([[33, 197], [347, 197], [347, 257], [33, 257]], '세상물정 모르는', 0.9873343144456029), ([[35, 261], [347, 261], [347, 323], [35, 323]], '순수한 꼬멩이틀', 0.5442477911062797), ([[1260, 252], [1434, 252], [1434, 306], [1260, 306]], '도대체가', 0.9991865754127502), ([[97, 327], [289, 327], [289, 387], [97, 387]], '건들다니!', 0.9600283093583962), ([[1218, 314], [1474, 314], [1474, 376], [1218, 376]], '제정신인거나', 0.9986265515305697), ([[448, 369], [687, 369], [687, 505], [448, 505]], '스레', 0.01071590129620302), ([[818, 364], [1088, 364], [1088, 490], [818, 490]], '쪽원', 0.03288373371997221), ([[1200, 381], [1494, 381], [1494, 441], [1200, 441]], '망활빗치년아]!', 0.15359476111971443), ([[466, 527], [700, 527], [700, 664], [466, 664]], '훈원', 0.029656293889801833), ([[490, 1226], [598, 1226], [598, 1282], [490, 1282]], '움움', 0.16837268943673458), ([[424, 1290], [668, 1290], [668, 1346], [424, 1346]], '건방진 녀석 !', 0.41158649415581544), ([[688, 2052], [826, 2052], [826, 2106], [688, 2106]], '으응..0', 0.29358697646934023), ([[650, 2110], [862, 2110], [862, 2162], [650, 2162]], '제성헤여.9', 0.5276028074307968), ([[827.0740428021544, 527.1331081755114], [1067.0786166753217, 506.92136883213703], [1068.9259571978457, 626.8668918244886], [827.9213833246783, 647.0786311678629]], '흉격', 0.004655980662484009)]
[([[628, 68], [744, 68], [744, 122], [628, 122]], '옷..!!', 0.28165041633207255), ([[926, 16], [1050, 16], [1050, 278], [926, 278]], '%', 0.35008344756990084), ([[32, 368], [178, 368], [178, 522], [32, 522]], '뜻', 0.8438441799117733), ([[930, 638], [1080, 638], [1080, 694], [930, 694]], '으응..9', 0.3484951851410362), ([[149, 1031], [248, 1031], [248, 1092], [149, 1092]], '후우.', 0.40597318199843446), ([[59, 1095], [355, 1095], [355, 1155], [59, 1155]], '이화 꼬멩이한터', 0.17420099389463575), ([[98, 1160], [316, 1160], [316, 1216], [98, 1216]], '준 사탕에는', 0.7293699242070928), ([[27, 1220], [389, 1220], [389, 1282], [27, 1282]], '무슨짓올 해끗없지?', 0.4154231479159174), ([[1310, 1348], [1460, 1348], [1460, 1404], [1310, 1404]], '발정제..', 0.7369399144056594), ([[1289, 1409], [1475, 1409], [1475, 1469], [1289, 1469]], '발#어요', 0.1485239863395691), ([[1201, 2041], [1487, 2041], [1487, 2101], [1201, 2101]], '정말이지 역결군', 0.7874497571111605), ([[613.171716586872, 346.02019003087673], [819.9486929652913, 454.6802247281126], [749.828283413128, 584.9798099691233], [542.0513070347087, 476.3197752718874]], '%', 0.5775560457962605), ([[650.1442531419223, 1996.0244299836404], [763.7008817229087, 1983.1255649635236], [782.8557468580777, 2200.9755700163596], [669.2991182770913, 2212.8744350364764]], '풀', 0.06597342499052061)]
[([[1051, 602], [1364, 602], [1364, 663], [1051, 663]], '이렇게 빠빠하게', 0.33553557664426853), ([[1069, 665], [1343, 665], [1343, 734], [1069, 734]], '세워놓고 뭐가', 0.3323440810165058), ([[1071, 737], [1347, 737], [1347, 799], [1071, 799]], '안되다느거나!', 0.15547774679751647), ([[173, 937], [311, 937], [311, 999], [173, 999]], '그렇게', 0.9534685392414418), ([[67, 1005], [413, 1005], [413, 1067], [67, 1067]], '빨면 안돼요오.9', 0.722303429163788), ([[850, 1302], [1094, 1302], [1094, 1478], [850, 1478]], '약0', 0.0951550978511984), ([[147, 1912], [290, 1912], [290, 1980], [147, 1980]], '응어0', 0.7725561647772626), ([[1050, 2048], [1146, 2048], [1146, 2102], [1050, 2102]], '아9', 0.16305946069987456), ([[475.8686291501015, 219.08040405071065], [586.4278135270821, 237.02887458916717], [573.1313708498985, 304.9195959492893], [461.5721864729179, 286.9711254108328]], '(@`)', 0.28086909651756287), ([[-4.197325306822945, 1365.0247275748848], [175.64428538126927, 1261.0071578428833], [378.19732530682296, 1664.9752724251152], [197.35571461873073, 1768.9928421571167]], '물', 0.6280020536909348)]
[([[91, 55], [469, 55], [469, 115], [91, 115]], '변태갈은 신음소리나', 0.7495551682644135), ([[112, 115], [447, 115], [447, 178], [112, 178]], '흘리는길 보아하니', 0.32669873384528614), ([[91, 178], [467, 178], [467, 238], [91, 238]], '아직도 반성의 기미가', 0.9984344166106918), ([[153, 241], [405, 241], [405, 301], [153, 301]], '보이지 않눈군', 0.22559625995877952), ([[805, 365], [895, 365], [895, 463], [805, 463]], '품', 0.03604918525331713), ([[1072, 390], [1170, 390], [1170, 496], [1072, 496]], '품', 0.961523405433784), ([[1210, 610], [1478, 610], [1478, 670], [1210, 670]], '죄송합니다아.', 0.7860056346075542), ([[412, 1197], [582, 1197], [582, 1249], [412, 1249]], '웃 !옷..!!', 0.33327879313583125), ([[414, 1258], [580, 1258], [580, 1314], [414, 1314]], '네녀석은', 0.47374220246679594), ([[328, 1317], [665, 1317], [665, 1379], [328, 1379]], '죄송하다눈 말밖에', 0.6385426863116347), ([[333, 1381], [661, 1381], [661, 1441], [333, 1441]], '활출 모르는 거나]!', 0.47086389400622736), ([[1341, 1495], [1551, 1495], [1551, 1681], [1341, 1681]], "'", 0.014412674687591442), ([[50, 2074], [164, 2074], [164, 2130], [50, 2130]], '{의', 0.031198440614099612), ([[1002.8918897080664, 1317.681078678873], [1242.7788274507263, 1213.5841448818508], [1299.1081102919336, 1355.318921321127], [1058.2211725492737, 1460.4158551181492]], '평(', 0.1730796216607607)]
[([[990, 63], [1113, 63], [1113, 119], [990, 119]], '양00', 0.7115768368081791), ([[1238, 186], [1408, 186], [1408, 364], [1238, 364]], '꿀', 0.16231535459742563), ([[115, 533], [393, 533], [393, 597], [115, 597]], '웃 .!간다.!!!!', 0.4345152124866557), ([[1127, 1667], [1471, 1667], [1471, 1727], [1127, 1727]], '반름없이 조이면서', 0.5766162784591642), ([[115, 1711], [341, 1711], [341, 1771], [115, 1771]], '옷 오옷.!', 0.49893414687663395), ([[1117, 1727], [1484, 1727], [1484, 1794], [1117, 1794]], '정액 짜내고 있어:!', 0.4307967624243795), ([[1077, 1914], [1250, 1914], [1250, 2103], [1077, 2103]], '푹', 0.8978442227575592), ([[1223.1771030993975, 559.0161290346376], [1490.991268392591, 702.3944826425214], [1404.8228969006025, 855.9838709653624], [1137.008731607409, 712.6055173574786]], "'&@드", 0.07176173478364944), ([[970.6169571845159, 1148.0066711956065], [1048.8730334702398, 1134.034699613789], [1101.383042815484, 1456.9933288043935], [1022.1269665297602, 1469.965300386211]], '"', 0.23336458726413412)]
[([[508, 4], [630, 4], [630, 144], [508, 144]], '품', 0.9954220119658466), ([[89, 433], [149, 433], [149, 495], [89, 495]], '웃', 0.7810446525767567), ([[897, 437], [1010, 437], [1010, 502], [897, 502]], '후우.', 0.587410170098113), ([[1145, 767], [1499, 767], [1499, 829], [1145, 829]], '이화 물잘못햇는지', 0.22664540318343304), ([[1197, 829], [1447, 829], [1447, 894], [1197, 894]], '이제 알걸나?', 0.4705941490697456), ([[78, 1266], [343, 1266], [343, 1328], [78, 1328]], '하아하아..0', 0.42439747774344705), ([[148, 1336], [272, 1336], [272, 1388], [148, 1388]], '네에.', 0.9858275564648721), ([[1005, 1573], [1113, 1573], [1113, 1657], [1005, 1657]], '뜯)', 0.07413106224848), ([[1213, 1835], [1465, 1835], [1465, 1895], [1213, 1895]], '그럼어디한번', 0.9809317308290382), ([[1171, 1897], [1506, 1897], [1506, 1957], [1171, 1957]], '네입으로 설명해화', 0.9710230774716724), ([[1220.8335528363493, 199.05243648347647], [1306.6726727939963, 158.01741507587116], [1381.1664471636507, 335.94756351652353], [1296.3273272060037, 376.98258492412884]], '물', 0.5492521998498923)]
[([[954, 100], [1056, 100], [1056, 156], [954, 156]], '호음.', 0.36279457054139436), ([[120, 126], [290, 126], [290, 183], [120, 183]], '그 그게..', 0.5204630437707913), ([[837, 163], [1181, 163], [1181, 225], [837, 225]], '이런곳에 미성숙한', 0.9170738408788338), ([[89, 191], [325, 191], [325, 251], [89, 251]], '어린애 자지.', 0.945974431570858), ([[879, 229], [1145, 229], [1145, 289], [879, 289]], '쇼타자지틀 .?', 0.45719043455090236), ([[72, 254], [329, 254], [329, 318], [72, 318]], '넣으려워어요', 0.6972033668557012), ([[1059, 311], [1173, 311], [1173, 427], [1059, 427]], '몇', 0.06223284750307223), ([[1377, 275], [1535, 275], [1535, 383], [1377, 383]], '돌', 0.10239648593102757), ([[83, 931], [483, 931], [483, 993], [83, 993]], '도대체 무슨 생각으로', 0.9978097527271809), ([[941, 893], [1173, 893], [1173, 1005], [941, 1005]], '꽃음', 0.12061952520604095), ([[83, 997], [481, 997], [481, 1057], [83, 1057]], '그런 터무니없는 짓율', 0.46848609369387867), ([[161, 1063], [405, 1063], [405, 1123], [161, 1123]], '하려한거나]!', 0.6452797922559574), ([[999, 1761], [1212, 1761], [1212, 1822], [999, 1822]], '손가락 넣지', 0.8573109174243977), ([[954, 1826], [1254, 1826], [1254, 1882], [954, 1882]], '말아주세요오..0', 0.6082440801928164), ([[692, 2006], [800, 2006], [800, 2078], [692, 2078]], '@', 0.9998754301720716), ([[586.9424244217886, 883.0400023676087], [803.5180244615372, 930.3581577934672], [774.0575755782114, 1042.9599976323914], [557.4819755384628, 996.6418422065328]], '학앗', 0.10285940269557617)]
[([[535, 51], [853, 51], [853, 113], [535, 113]], '크욕  !시끄럽다!', 0.4573382492470176), ([[529, 116], [861, 116], [861, 182], [529, 182]], '얼른 대답이나해!', 0.6023078271733273), ([[511, 187], [873, 187], [873, 247], [511, 247]], '어째서 쇼타자지틀', 0.6447625464796819), ([[542, 253], [843, 253], [843, 317], [542, 317]], '넣으려한거나]!', 0.4370267571499671), ([[837, 309], [977, 309], [977, 423], [837, 423]], '및', 0.10020919595285704), ([[1059, 489], [1301, 489], [1301, 649], [1059, 649]], "가_'", 0.07829616218805313), ([[843, 739], [1019, 739], [1019, 799], [843, 799]], '흐으응어', 0.4463043510913849), ([[409, 937], [719, 937], [719, 997], [409, 997]], '바. 발정기라서 .', 0.6317604782500477), ([[457, 1003], [671, 1003], [671, 1063], [457, 1063]], '발정기라서', 0.9997290640072202), ([[386, 1070], [744, 1070], [744, 1126], [386, 1126]], '핑크색 쇼타 자지가', 0.7126356902213135), ([[363, 1133], [767, 1133], [767, 1195], [363, 1195]], '넣고 싶없어요..000', 0.3608102710243339), ([[908, 1290], [1086, 1290], [1086, 1342], [908, 1342]], '그리고..?', 0.49457767272875947), ([[806, 2120], [1058, 2120], [1058, 2172], [806, 2172]], '그. 그리고.9', 0.5493991430327255), ([[1114.9496390815746, 118.03451403993462], [1296.2176975891057, 174.05817037054817], [1254.0503609184254, 301.9654859600654], [1071.7823024108943, 246.94182962945183]], '79', 0.3046171402062046), ([[453.86004720019343, 530.0406608027082], [564.8748152744007, 491.260386372656], [630.1399527998066, 701.9593391972918], [519.1251847255993, 741.7396136273439]], '종', 0.015792260008977488), ([[151.37911228847372, 574.0878330539582], [244.70676133784247, 514.01665963774], [346.6208877115263, 695.9121669460418], [253.29323866215753, 755.98334036226]], '홍', 0.02516077236306402)]
[([[203, 453], [377, 453], [377, 513], [203, 513]], '애널에도', 0.9247349500656128), ([[127, 515], [411, 515], [411, 579], [127, 579]], '넣고 싶없어요.', 0.6511960106033154), ([[1294, 512], [1450, 512], [1450, 566], [1294, 566]], '밥소사..', 0.7916190411798456), ([[872, 950], [1048, 950], [1048, 1144], [872, 1144]], '놓', 0.009500729224186877), ([[661, 1255], [893, 1255], [893, 1321], [661, 1321]], '이렇게..9', 0.4522393472286969), ([[1138, 1490], [1289, 1490], [1289, 1546], [1138, 1546]], '호응..9', 0.2600769475950258), ([[1128, 1556], [1300, 1556], [1300, 1612], [1128, 1612]], '귀두부터', 0.9987549781799316), ([[1096, 1620], [1330, 1620], [1330, 1674], [1096, 1674]], '키스해서.9', 0.8420015506709443)]
[([[1200, 16], [1376, 16], [1376, 66], [1200, 66]], '극  그다음', 0.8783414917595144), ([[1106, 67], [1474, 67], [1474, 130], [1106, 130]], '어떻계할 속셈이엿지? ', 0.09906465926278646), ([[204, 96], [358, 96], [358, 150], [204, 150]], '문질문질', 0.9999688267707825), ([[158, 154], [402, 154], [402, 206], [158, 206]], '한다음에..00', 0.39355359378526844), ([[931, 369], [1029, 369], [1029, 455], [931, 455]], '및)', 0.16056816613135633), ([[1163, 359], [1271, 359], [1271, 445], [1163, 445]], '품', 0.14220779712890508), ([[1210, 914], [1414, 914], [1414, 970], [1210, 970]], '애. 애널에', 0.8906803513290518), ([[1115, 977], [1513, 977], [1513, 1039], [1115, 1039]], '소타자지넣없다 뻗다', 0.5020521310225946), ([[1159, 1043], [1465, 1043], [1465, 1103], [1159, 1103]], '하면서 가버리고', 0.998860869190555), ([[1157, 1109], [1471, 1109], [1471, 1169], [1157, 1169]], '싶없어요.990', 0.2357173467832359), ([[75, 1533], [239, 1533], [239, 1596], [75, 1596]], '흐응...0', 0.15548114481837733), ([[934, 2092], [1026, 2092], [1026, 2146], [934, 2146]], '이런', 0.9556604239432276), ([[497.12575856104417, 1496.0182054650606], [800.8416756393651, 1614.4261786108013], [730.8742414389558, 1777.9817945349394], [427.15832436063494, 1660.5738213891987]], '%%', 0.48151566862317663)]
[([[316, 40], [602, 40], [602, 164], [316, 164]], '8스', 0.15127632551797973), ([[47, 297], [157, 297], [157, 431], [47, 431]], '향', 0.03225199067651929), ([[372, 336], [540, 336], [540, 462], [372, 462]], '및', 0.018922657948735377), ([[1234, 604], [1420, 604], [1420, 658], [1234, 658]], '망활년이.!', 0.37247117011618075), ([[1190, 662], [1460, 662], [1460, 716], [1190, 716]], '이렇게 꽉조이논', 0.42172801162949924), ([[1130, 718], [1517, 718], [1517, 774], [1130, 774]], '애널올 민감한 쇼타자지', 0.5423578706072854), ([[1094, 776], [1538, 776], [1538, 832], [1094, 832]], "따위가 버 수 잇'까 보나_", 0.1352887509998831), ([[1229, 1189], [1495, 1189], [1495, 1245], [1229, 1245]], '느오오오옷]', 0.4832621822525668), ([[142, 1258], [250, 1258], [250, 1312], [142, 1312]], '옷.!', 0.46107184718740724), ([[428.40945502204, 1374.0158634099441], [508.5693656309924, 1356.1125259349903], [554.59054497796, 1581.9841365900559], [473.4306343690076, 1599.8874740650097]], '흙', 0.7701388921277363), ([[971.2560919562289, 1449.0230804952855], [1059.5103619579183, 1429.2655173594983], [1099.7439080437712, 1633.9769195047145], [1011.4896380420818, 1653.7344826405017]], '푹', 0.4222884586070563)]
[([[1222, 352], [1306, 352], [1306, 404], [1222, 404]], '극 !', 0.45787066164849305), ([[1093, 415], [1437, 415], [1437, 475], [1093, 475]], '힘즘 빼란말이다  !', 0.3244671420746385), ([[848, 720], [1074, 720], [1074, 774], [848, 774]], '하아 . 하아 ', 0.4590844169104259), ([[789, 785], [1137, 785], [1137, 845], [789, 845]], '자지 찌부러지논줄', 0.7407331268226048), ([[869, 851], [1061, 851], [1061, 911], [869, 911]], '알맛장아!', 0.2142380393069602), ([[120, 1439], [196, 1439], [196, 1561], [120, 1561]], '7', 0.17216805567643068), ([[37, 1719], [315, 1719], [315, 1779], [37, 1779]], '죄송합니다.0', 0.5533074372709034), ([[606, 1836], [698, 1836], [698, 1890], [606, 1890]], '후우.', 0.7416261363235813), ([[469, 1897], [851, 1897], [851, 1957], [469, 1957]], '정말이지 터무니없군', 0.8219907742628644), ([[532, 1962], [786, 1962], [786, 2018], [532, 2018]], '발정기 동안은', 0.8991493001279903), ([[445, 2023], [875, 2023], [875, 2083], [445, 2083]], '집중 관리에 들어갈 테니', 0.7065121130542705), ([[504, 2088], [816, 2088], [816, 2144], [504, 2144]], '매일 찾아도록해!', 0.9338458608286608), ([[1166, 2108], [1316, 2108], [1316, 2160], [1166, 2160]], '네에..9', 0.6612681121868104), ([[10, 2160], [474, 2160], [474, 2214], [10, 2214]], '(이 명라+하즌아,여기김/명어영라어명', 1.311563034653229e-06), ([[493.9696453148269, -58.976909479360835], [922.4693819745053, 23.08808859161977], [876.0303546851732, 209.97690947936084], [447.5306180254947, 126.91191140838023]], '%요요', 0.08161010857375436)]
[([[80, 2152], [497, 2152], [497, 2213], [80, 2213]], '@3+득@@미.@김/ 명어커]어명', 5.55901165271043e-06)]
[]
[]
[]
[]
[]
[]
[([[1283, 919], [1325, 919], [1325, 971], [1283, 971]], '7', 0.242933677910262)]
[([[1285, 921], [1323, 921], [1323, 971], [1285, 971]], '7', 0.7303669559485257)]
[]
[]
[]
[]
[]
[]
[]
[]
[]
[]
[]
[]
[]
[([[8, 2158], [66, 2158], [66, 2210], [8, 2210]], '(', 0.979429795818362), ([[83, 2154], [496, 2154], [496, 2210], [83, 2210]], '명리+,@아마표아김/명어영라어명', 2.077935080014359e-06), ([[39.151886394589056, 1339.019991565288], [155.58034329219726, 1290.0093579418854], [267.84811360541096, 1586.980008434712], [151.41965670780274, 1635.9906420581146]], '셋', 0.12264473478944016)]
