2069168
88
[([[0, 4], [432, 4], [432, 58], [0, 58]], '@ [라+5.어탁-아김/권어훨@어명', 8.053338672569617e-06), ([[1211, 441], [1475, 441], [1475, 505], [1211, 505]], '클레 착하지?', 0.933367044032212), ([[73, 811], [343, 811], [343, 873], [73, 873]], '불랑키씨한터', 0.4837949343562489), ([[45, 877], [369, 877], [369, 943], [45, 943]], '클레가 좋아하는', 0.549772008026756), ([[3, 949], [415, 949], [415, 1009], [3, 1009]], '딸기우유 만들어달라', 0.7512627436801411), ([[33, 1017], [385, 1017], [385, 1077], [33, 1077]], '할테니까 똑하자?', 0.5120145276735807)]
[([[1232, 322], [1550, 322], [1550, 398], [1232, 398]], '싫어! 클레도', 0.15015443534420195), ([[1280, 408], [1502, 408], [1502, 480], [1280, 480]], '다이루크', 0.9981589317321777), ([[1280, 486], [1503, 486], [1503, 566], [1280, 566]], '오빠처럼', 0.9528313469477159), ([[1306, 576], [1476, 576], [1476, 650], [1306, 650]], '진단장', 0.9998090116383738), ([[1206, 660], [1560, 660], [1560, 734], [1206, 734]], '찌찌 먹울거야', 0.7781932418638824)]
[([[1207, 524], [1356, 524], [1356, 590], [1207, 590]], '클레 .?', 0.4937882130559244), ([[1097, 597], [1463, 597], [1463, 659], [1097, 659]], '다시한번 말하지만', 0.9267352124575496), ([[1095, 665], [1465, 665], [1465, 729], [1095, 729]], '아직은 우유같은건', 0.6928406608722695), ([[1154, 734], [1406, 734], [1406, 796], [1154, 796]], '안나온단다..', 0.7984449650898919), ([[159, 1001], [331, 1001], [331, 1061], [159, 1061]], '아니야]!', 0.4166541675492479), ([[31, 1071], [458, 1071], [458, 1133], [31, 1133]], '어제 다이루크 오빠가', 0.919972365099924), ([[55, 1143], [435, 1143], [435, 1205], [55, 1205]], '진단장 찌찌 먹느거', 0.6866382753650677), ([[79, 1213], [411, 1213], [411, 1275], [79, 1275]], '클레가 두눈으로', 0.6433798297576337), ([[117, 1282], [375, 1282], [375, 1347], [117, 1347]], '똑똑히 2어!', 0.21391538080899294)]
[([[1214, 318], [1400, 318], [1400, 374], [1214, 374]], '그. 그건..', 0.7254671109768338), ([[1149, 385], [1469, 385], [1469, 449], [1149, 449]], '다이루크 선배랑', 0.987753130430576), ([[1149, 455], [1471, 455], [1471, 517], [1149, 517]], '우유가 나오는지', 0.8120131233341797), ([[1149, 523], [1473, 523], [1473, 585], [1149, 585]], '확인하려 한거야', 0.9789627301872493), ([[42, 1164], [449, 1164], [449, 1228], [42, 1228]], '나중에 우유가 나오면', 0.7646689707283293), ([[110, 1228], [381, 1228], [381, 1293], [110, 1293]], '클레한테도 꼭', 0.35345728823102895), ([[13, 1296], [483, 1296], [483, 1359], [13, 1359]], '줄테니까 이만 돌아가럼?', 0.4537251606668934)]
[([[159, 1405], [303, 1405], [303, 1465], [159, 1465]], '정말..?', 0.5086378269048968)]
[([[1135, 267], [1431, 267], [1431, 327], [1135, 327]], '그럼 정말이지~', 0.9329151471192931), ([[1125, 333], [1439, 333], [1439, 395], [1125, 395]], '새끼손가락 걸고', 0.703287429215627), ([[1177, 399], [1387, 399], [1387, 461], [1177, 461]], '약속할까?', 0.9068641962257489), ([[143, 1443], [345, 1443], [345, 1505], [143, 1505]], '응알앗어!', 0.2950676375349675), ([[111, 1509], [373, 1509], [373, 1571], [111, 1571]], '진단장남이량', 0.5337953050588624), ([[107, 1577], [379, 1577], [379, 1639], [107, 1639]], '클레랑 둘만의', 0.6456307508688832), ([[147, 1645], [341, 1645], [341, 1705], [147, 1705]], '약속이야!', 0.8993894690129092)]
[([[1137, 327], [1401, 327], [1401, 387], [1137, 387]], '클레 그럼이만', 0.8074042347016942), ([[1119, 391], [1421, 391], [1421, 451], [1119, 451]], '조심히 들어가람', 0.5264076799283322), ([[1136, 1302], [1271, 1302], [1271, 1364], [1136, 1364]], '중간에', 0.9604723308830592), ([[989, 1369], [1425, 1369], [1425, 1429], [989, 1429]], '통통쪽단으로 물고기들', 0.6448179284774208), ([[997, 1434], [1418, 1434], [1418, 1495], [997, 1495]], '괴롭히면 안돼 알켓지?', 0.6079751336849937), ([[892, 2056], [952, 2056], [952, 2112], [892, 2112]], '응', 0.9947600047610337)]
[([[199, 355], [241, 355], [241, 417], [199, 417]], '2', 0.4416468332373178), ([[1156, 412], [1228, 412], [1228, 460], [1156, 460]], '어?', 0.9999054237819103), ([[1035, 473], [1353, 473], [1353, 533], [1035, 533]], '대머리 아저씨다!', 0.8377098979829597), ([[965, 1627], [1203, 1627], [1203, 1687], [965, 1687]], '안녕 아저씨', 0.8524195935909809), ([[221.56216786052136, 251.27353858629394], [353.2898854927637, 219.76242939317703], [370.43783213947864, 316.72646141370603], [238.7101145072363, 349.23757060682294]], '움절', 0.08267098709569888)]
[([[971, 417], [1331, 417], [1331, 477], [971, 477]], '하하 그래안녕클레', 0.5773780348772486), ([[955, 1671], [1263, 1671], [1263, 1731], [955, 1731]], '아저씨도 진단장', 0.9300087394405412), ([[919, 1735], [1301, 1735], [1301, 1795], [919, 1795]], '우유 먹으러 온거야?', 0.8903079958302811), ([[931, 1799], [1287, 1799], [1287, 1862], [931, 1862]], '클레도 우유 먹으러', 0.6417163176412978), ([[951, 1867], [1259, 1867], [1259, 1927], [951, 1927]], '왕는데 진단장이', 0.3008415420408527), ([[949, 1931], [1273, 1931], [1273, 1993], [949, 1993]], '우유가 안나온데', 0.8897220001309692)]
[([[192, 436], [224, 436], [224, 464], [192, 464]], '@', 0.9095031146183743), ([[1059, 497], [1329, 497], [1329, 557], [1059, 557]], '흐음 그렇구나', 0.6747759904134295), ([[1039, 563], [1345, 563], [1345, 623], [1039, 623]], '그렇다면 나중에', 0.9932437136629928), ([[951, 628], [1433, 628], [1433, 689], [951, 689]], '진단장남께 우유가 나오면', 0.899631807178094), ([[1079, 693], [1305, 693], [1305, 753], [1079, 753]], '클레랑 같이', 0.47009650112529217), ([[1007, 759], [1381, 759], [1381, 821], [1007, 821]], '먹으러 와야켓는길?', 0.4050577787193635), ([[1048, 1450], [1246, 1450], [1246, 1506], [1048, 1506]], '응 나중에', 0.9718741786650628), ([[959, 1513], [1333, 1513], [1333, 1573], [959, 1573]], '아저씨도 꼭 부혹게!', 0.3850138059499624), ([[987, 1579], [1307, 1579], [1307, 1639], [987, 1639]], '클레랑 같이먹자!', 0.7894516878043089), ([[136.56879950923485, 388.43575867493405], [247.23510927841042, 364.35310524725367], [257.43120049076515, 428.56424132506595], [147.76489072158958, 452.64689475274633]], '~~', 0.9486845383104563), ([[136.16756942214056, 443.0875762840607], [211.8975647827785, 460.10056197320495], [202.83243057785944, 497.9124237159393], [126.10243521722153, 479.89943802679505]], '(2', 0.17086093904872696)]
[([[192, 436], [224, 436], [224, 464], [192, 464]], '@', 0.5960905057954733), ([[136.56879950923485, 388.43575867493405], [246.20894146133918, 364.323791188116], [257.43120049076515, 428.56424132506595], [147.79105853866082, 452.676208811884]], '~~', 0.9741190437051926), ([[135.184182983552, 442.08407832104956], [211.8975647827785, 460.10056197320495], [202.815817016448, 497.91592167895044], [126.10243521722153, 479.89943802679505]], '(6', 0.3797282079388868)]
[([[254, 340], [480, 340], [480, 396], [254, 396]], '응 으응..9', 0.4295501308940815), ([[1001, 997], [1153, 997], [1153, 1111], [1001, 1111]], '대움', 0.2162801189758067), ([[861.2731154101688, 1136.0240426935477], [991.8773367304996, 1233.3618468779368], [934.7268845898312, 1308.9759573064523], [804.1226632695004, 1211.6381531220632]], '@`', 0.08121772550934923)]
[([[41, 17], [277, 17], [277, 201], [41, 201]], '뿐;', 0.07338546736359992), ([[1281, 711], [1452, 711], [1452, 797], [1281, 797]], '오용0', 0.09783074853492135), ([[1036, 1012], [1112, 1012], [1112, 1110], [1036, 1110]], '품', 0.9975865161982398), ([[1104, 1068], [1128, 1068], [1128, 1092], [1104, 1092]], '7', 0.30524578838967287), ([[470, 1590], [586, 1590], [586, 1642], [470, 1642]], '으음~', 0.8302289843559265), ([[375, 1653], [681, 1653], [681, 1715], [375, 1715]], '진단장님 젖꼭지', 0.7154139172428859), ([[285, 1717], [773, 1717], [773, 1780], [285, 1780]], '쉽게 빠빠해저서 빠는 맛이', 0.08732874460018944), ([[401, 1785], [655, 1785], [655, 1845], [401, 1845]], '일품이네요9', 0.5334416041907741), ([[513.1033824681639, 206.01914975503604], [709.871558428146, 327.6809379524282], [613.8966175318361, 481.98085024496396], [416.128441571854, 360.3190620475718]], '아', 0.05575164835178814)]
[([[110, 512], [444, 512], [444, 568], [110, 568]], '극.시 시끄러워..', 0.41607706277360146), ([[1001, 999], [1153, 999], [1153, 1111], [1001, 1111]], '훌움', 0.10583965453509456), ([[860.2731154101688, 1136.0240426935477], [991.9294908349614, 1230.7565249948248], [934.7268845898312, 1308.9759573064523], [803.0705091650386, 1214.2434750051752]], '@우<', 0.005812036709990798)]
[([[1326, 58], [1530, 58], [1530, 158], [1326, 158]], '덜럭 =', 0.530352450778179), ([[209, 288], [599, 288], [599, 351], [209, 351]], '진단장남 업무보고차', 0.880396952892019), ([[243, 355], [567, 355], [567, 417], [243, 417]], '방문 드로습니다!', 0.4382116261606247), ([[1036, 1012], [1112, 1012], [1112, 1110], [1036, 1110]], '품', 0.9942586811825471), ([[1104, 1068], [1128, 1068], [1128, 1092], [1104, 1092]], '7', 0.2052414915819165)]
[([[208, 354], [450, 354], [450, 406], [208, 406]], '아그 그래?', 0.661903080427179), ([[222, 420], [436, 420], [436, 474], [222, 474]], '어떤 보고..', 0.5366741726394204), ([[1036, 1012], [1112, 1012], [1112, 1108], [1036, 1108]], '품', 0.9842423053784302), ([[1104, 1068], [1128, 1068], [1128, 1092], [1104, 1092]], '9', 0.2741998242547403)]
[([[1399, 167], [1560, 167], [1560, 277], [1399, 277]], '#움질', 0.13018951176906002), ([[340, 276], [631, 276], [631, 337], [340, 337]], '흐으으으응 ..0', 0.45401502552715817), ([[726, 1211], [977, 1211], [977, 1331], [726, 1331]], '조오움', 0.2255103361598178), ([[1039, 1693], [1333, 1693], [1333, 1753], [1039, 1753]], '지 진단장남..?', 0.5444680953994311), ([[1044, 1757], [1328, 1757], [1328, 1819], [1044, 1819]], '괜찮으십니까?', 0.7328361065433489)]
[([[201, 245], [541, 245], [541, 305], [201, 305]], '아  가버운 감기에', 0.5431741351378843), ([[182, 309], [559, 309], [559, 369], [182, 369]], '걸려서.. 조금 쉬어야', 0.7107091053975152), ([[194, 373], [545, 373], [545, 435], [194, 435]], '깊으니 보고서류는', 0.5194337458549493), ([[109, 441], [621, 441], [621, 501], [109, 501]], '저쪽 테이블에 두고 돌아가 .', 0.38555628273065695), ([[999, 997], [1155, 997], [1155, 1109], [999, 1109]], '훌움', 0.10427808611660465), ([[1079, 1743], [1363, 1743], [1363, 1805], [1079, 1805]], '예알켓습니다!', 0.6708021553299379), ([[1039, 1809], [1405, 1809], [1405, 1869], [1039, 1869]], '그럼편히 쉬십시오!', 0.7505884322707622), ([[864.3007799754201, 1135.0222456140964], [990.8130660391307, 1237.9806924866684], [929.6992200245799, 1313.9777543859036], [803.1869339608693, 1211.0193075133316]], '@%>', 0.033497744933515684)]
[([[1140, 250], [1238, 250], [1238, 306], [1140, 306]], '으음', 0.9885486972886455), ([[1253, 255], [1291, 255], [1291, 295], [1253, 295]], '0', 0.9761037897970368), ([[1043, 313], [1391, 313], [1391, 373], [1043, 373]], '진단장님 겨드랑이', 0.675429580175127), ([[1131, 379], [1303, 379], [1303, 441], [1131, 441]], '맛있어9', 0.5486723780632019), ([[666, 598], [848, 598], [848, 702], [666, 702]], '@문', 0.0603251079323167), ([[258, 1792], [572, 1792], [572, 1986], [258, 1986]], '낚원', 0.019294024211962024), ([[835, 1945], [1221, 1945], [1221, 2151], [835, 2151]], '@습', 0.017453388017782026), ([[462.2049831336368, 452.0287672441882], [614.9780845608749, 525.3059831599447], [570.7950168663632, 611.9712327558118], [419.0219154391251, 537.6940168400553]], '법9', 0.0010962022738192627)]
[([[456, 466], [530, 466], [530, 542], [456, 542]], '탓', 0.17101467078124788), ([[523, 599], [593, 599], [593, 665], [523, 665]], '못', 0.04145074098937962), ([[359, 1653], [753, 1653], [753, 1839], [359, 1839]], '용유', 0.012604667578187491), ([[857, 1873], [1241, 1873], [1241, 2077], [857, 2077]], '일겪)', 0.006436514516355344), ([[335.29007080029015, 2002.0609912040622], [633.1911728678627, 1983.5882379996126], [631.7099291997098, 2189.9390087959378], [333.80882713213725, 2208.411762000387]], '무원', 0.2254366810947341)]
[([[709, 557], [877, 557], [877, 649], [709, 649]], '쾌히', 0.013924101189379536), ([[419, 657], [556, 657], [556, 722], [419, 722]], '해@', 0.5450220270680133), ([[118, 728], [283, 728], [283, 795], [118, 795]], '빠이', 0.012931508774187507)]
[([[1087, 581], [1437, 581], [1437, 641], [1087, 641]], '진단장남 그렇게나', 0.6225658715315228), ([[1173, 645], [1349, 645], [1349, 705], [1173, 705]], '겨드랑이', 0.9927282333374023), ([[1093, 711], [1429, 711], [1429, 771], [1093, 771]], '기분 중으섞나요?', 0.45233877077094276), ([[121, 1395], [373, 1395], [373, 1455], [121, 1455]], '무슨 소리야..', 0.8317134167973719), ([[180, 1462], [314, 1462], [314, 1518], [180, 1518]], '하나도', 0.9999870608143178), ([[69, 1525], [427, 1525], [427, 1587], [69, 1587]], '기분 안동앗거든 .?', 0.09725535210858659)]
[([[1156, 690], [1296, 690], [1296, 744], [1156, 744]], '헤에.?', 0.7586581110954285), ([[167, 1485], [393, 1485], [393, 1545], [167, 1545]], '말은 그렇게', 0.8243763871567514), ([[124, 1550], [435, 1550], [435, 1611], [124, 1611]], '하서도 아래쪽은', 0.8677585712767051), ([[151, 1615], [409, 1615], [409, 1675], [151, 1675]], '미끌미끌하게', 0.836727883038559), ([[51, 1681], [513, 1681], [513, 1743], [51, 1743]], '애액으로 흥건하다구요?', 0.973167486750543), ([[246.0752207323366, 1809.1867217122253], [568.1217365989244, 1738.6427171727205], [593.9247792676634, 1932.8132782877747], [271.8782634010756, 2004.3572828272795]], '제력', 0.09355267835856436), ([[755.1499047528786, 2014.1943046960132], [1074.132646871545, 1948.556127607046], [1096.8500952471215, 2128.805695303987], [777.8673531284551, 2195.4438723929543]], '제벽', 0.13047575704647588)]
[([[119, 729], [283, 729], [283, 793], [119, 793]], '-이', 0.05076494435965825), ([[765.0576515495434, 1840.0222128503199], [893.6021365582591, 1780.0090662657992], [1022.9423484504566, 2091.97778714968], [894.3978634417409, 2151.990933734201]], '줄', 0.8409867225054803)]
[([[882, 372], [1154, 372], [1154, 426], [882, 426]], '하아. 하아.9', 0.9345976231461057), ([[781, 435], [1259, 435], [1259, 497], [781, 497]], '진단장남 너무 귀여우서서', 0.8343811163517373), ([[827, 501], [1211, 501], [1211, 563], [827, 563]], '더이상 못 참계어요', 0.31161454460108895), ([[93, 1533], [531, 1533], [531, 1593], [93, 1593]], '이대로 자지 넣어버려도', 0.5229348620483228), ([[205, 1597], [421, 1597], [421, 1659], [205, 1659]], '괜찮객조?!', 0.6689948469313515)]
[([[1086, 364], [1324, 364], [1324, 420], [1086, 420]], '마음대로해..', 0.8965821020753318), ([[983, 425], [1427, 425], [1427, 487], [983, 487]], '대신 클레랑 햇던 얘기는', 0.29417676463009185), ([[1075, 493], [1337, 493], [1337, 553], [1075, 553]], '어디가서 절대', 0.9909702749479352), ([[1085, 557], [1325, 557], [1325, 617], [1085, 617]], '발설하지마..', 0.5473208416089478), ([[129, 1445], [427, 1445], [427, 1505], [129, 1505]], '아아! 물론이조!', 0.4536513519188123), ([[123, 1509], [431, 1509], [431, 1569], [123, 1569]], '다이루크 선배랑', 0.9898599789501903), ([[126, 1572], [427, 1572], [427, 1636], [126, 1636]], '기사단장실에서', 0.9888437741677617), ([[61, 1639], [491, 1639], [491, 1701], [61, 1701]], '햇런일은 철저히 비밀로', 0.6519468035622648), ([[157, 1705], [399, 1705], [399, 1765], [157, 1765]], '해드컵게요', 0.38474175613876893), ([[1272, 2062], [1368, 2062], [1368, 2118], [1272, 2118]], '그럼:', 0.6750008851366274)]
[([[225, 1641], [357, 1641], [357, 1701], [225, 1701]], '으라분!', 0.27875417470932007), ([[332, 1848], [530, 1848], [530, 2024], [332, 2024]], "'@", 0.039853702066643515), ([[357.2435857346211, 99.0409887585138], [452.99553998043285, 149.75015928641312], [422.7564142653789, 204.9590112414862], [327.00446001956715, 154.24984071358688]], '이', 0.0657678698911548)]
[([[916, 338], [1176, 338], [1176, 394], [916, 394]], '하아 하아 .9', 0.31880264875072256), ([[417, 657], [573, 657], [573, 721], [417, 721]], '해의', 0.367443964251218), ([[118, 729], [283, 729], [283, 795], [118, 795]], '헌터', 0.01906502184839225), ([[204, 1472], [298, 1472], [298, 1528], [204, 1528]], '자지', 0.6409911093097171), ([[111, 1539], [397, 1539], [397, 1603], [111, 1603]], '녹올 것 같아 !', 0.5180081782414424), ([[303, 1795], [631, 1795], [631, 1957], [303, 1957]], '꽤책', 0.012082606539096565), ([[347.0868184120003, 111.0598199312022], [446.7354423207706, 139.09374273940455], [427.9131815879997, 200.94018006879782], [327.2645576792294, 172.90625726059545]], '~', 0.08529733047566967), ([[844.9376719919206, 1885.0282334481085], [1178.2859465266954, 1947.7035609538627], [1138.0623280080792, 2112.9717665518915], [804.7140534733046, 2050.296439046137]], '<약)', 0.0062735436691889026)]
[([[880, 331], [1054, 331], [1054, 385], [880, 385]], '옷 !옷..!', 0.3325951541913444), ([[879, 397], [1053, 397], [1053, 457], [879, 457]], '진단장님', 0.557421088218689), ([[853, 461], [1083, 461], [1083, 521], [853, 521]], '보지 절어.!', 0.8497919788061707), ([[200, 1474], [448, 1474], [448, 1530], [200, 1530]], '간다  !간다 !', 0.5838469355039676), ([[246, 1540], [400, 1540], [400, 1596], [246, 1596]], '간닷]]!!', 0.3717303205440589), ([[833, 1618], [1144, 1618], [1144, 1779], [833, 1779]], '조격', 0.3208369588341816), ([[198, 1661], [566, 1661], [566, 1901], [198, 1901]], '주다', 0.005490557732994015), ([[348.0984799331589, 110.05829548532331], [446.7636445772087, 140.19636144607767], [426.9015200668411, 200.9417045146767], [328.2363554227913, 171.80363855392233]], '~', 0.045550737568183175), ([[943.0790345242451, 1877.0157115603827], [1243.6222558097184, 2016.4993894189874], [1141.9209654757549, 2223.9842884396176], [841.3777441902818, 2084.5006105810126]], '잠문', 0.1547136792584945), ([[324.0485715193726, 1971.0954294976004], [621.5030308182317, 1941.701771209057], [626.9514284806274, 2112.9045705023996], [328.4969691817684, 2142.298228790943]], '종페', 0.009656142295974383)]
[([[1048, 364], [1246, 364], [1246, 420], [1048, 420]], '웃오옷]!', 0.14586540380555263), ([[128, 1368], [372, 1368], [372, 1424], [128, 1424]], '오오오오옷!', 0.3542596283242251), ([[336, 1626], [482, 1626], [482, 1824], [336, 1824]], '#', 0.3284657805494682), ([[375, 1803], [619, 1803], [619, 2039], [375, 2039]], '햇', 0.13591597695636892), ([[987, 1931], [1149, 1931], [1149, 2238], [987, 2238]], '움', 0.4959755034628053), ([[642.6400127199619, 49.82402035193894], [863.227147732698, -13.672010474378078], [887.3599872800381, 86.17597964806106], [666.772852267302, 149.67201047437808]], '스움-', 0.11654115998720863), ([[348.0197874239788, 107.06027813422851], [449.80106284633166, 141.22703117128825], [426.9802125760212, 203.9397218657715], [324.19893715366834, 169.77296882871175]], '나', 0.2362506379288476), ([[970.9898831202684, 1748.0300364205082], [1095.0297457337956, 1719.7611066308887], [1139.0101168797316, 1949.9699635794918], [1014.9702542662045, 1978.2388933691113]], '뷰', 0.46261103901237277)]
[([[908, 346], [1132, 346], [1132, 400], [908, 400]], '허억..허억  ', 0.2873977060449148), ([[259, 1471], [313, 1471], [313, 1515], [259, 1515]], '자', 0.9998470603295893), ([[119, 1531], [475, 1531], [475, 1593], [119, 1593]], '이제 만족햇켓지.?', 0.7376425501051977), ([[784.9921969441094, 1875.0220903256945], [959.5231617994326, 1853.0641601710888], [989.0078030558906, 2148.9779096743055], [814.4768382005674, 2171.9358398289114]], '물', 0.5365905047519313)]
[([[1042, 424], [1196, 424], [1196, 522], [1042, 522]], '떼', 0.32476974610494835), ([[842, 494], [944, 494], [944, 614], [842, 614]], '뱀', 0.4668342414294244), ([[164, 964], [260, 964], [260, 1018], [164, 1018]], '정말.', 0.5623953205290042), ([[51, 1027], [399, 1027], [399, 1087], [51, 1087]], '사정한 직후인데도', 0.8894821245441005), ([[43, 1090], [409, 1090], [409, 1154], [43, 1154]], '또하고싶은 거야 .?', 0.9431823285284775), ([[1108, 1162], [1339, 1162], [1339, 1228], [1108, 1228]], '물론입니다!', 0.8757335190036801), ([[1085, 1231], [1351, 1231], [1351, 1291], [1085, 1291]], '진단장남 질내', 0.7437070323273918), ([[1065, 1297], [1381, 1297], [1381, 1357], [1065, 1357]], '기분 좋아서 자지', 0.7921484779885214), ([[1021, 1361], [1427, 1361], [1427, 1423], [1021, 1423]], '금방 빵빠해진다구요', 0.32812544781723557), ([[1066, 1994], [1296, 1994], [1296, 2050], [1066, 2050]], '하아.. 정말..', 0.5739172348153773), ([[1045, 2057], [1313, 2057], [1313, 2117], [1045, 2117]], '빨리 사정하고', 0.9587052848513515), ([[1123, 2123], [1237, 2123], [1237, 2183], [1123, 2183]], '끝내.', 0.9980128591305312)]
[([[1069, 403], [1221, 403], [1221, 519], [1069, 519]], '20', 0.08404661215476437), ([[239, 775], [471, 775], [471, 835], [239, 835]], '하아하아 .', 0.5883337982502965), ([[219, 843], [491, 843], [491, 905], [219, 905]], '알깊습니다.!!', 0.30072561579629914), ([[159, 905], [551, 905], [551, 971], [159, 971]], '그럼바로 넣올게요', 0.3598899984119291)]
[([[1054, 384], [1182, 384], [1182, 514], [1054, 514]], '짧', 0.013121262555964519), ([[276, 624], [358, 624], [358, 676], [276, 676]], '옷  !', 0.3239843249320984), ([[143, 685], [491, 685], [491, 747], [143, 747]], '정액으로 미끌해서', 0.6527198428697301), ([[137, 750], [495, 750], [495, 813], [137, 813]], '귀두 부분이 손쉽게', 0.6681911908209873), ([[137, 817], [499, 817], [499, 879], [137, 879]], '빨려 들어갖습니다!', 0.262947796104695), ([[107, 1359], [175, 1359], [175, 1421], [107, 1421]], '농', 0.007427747776333149), ([[12.08649297749198, 1277.3065169942124], [181.3735952579327, 1232.601167760731], [202.913507022508, 1351.6934830057876], [34.626404742067315, 1395.398832239269]], '용갑', 0.05959362251591582)]
[([[259, 383], [463, 383], [463, 443], [259, 443]], '오오오옷]', 0.7561807348200726), ([[209, 449], [511, 449], [511, 509], [209, 509]], '진단장남 엉덩이', 0.8890871192586345), ([[160, 512], [559, 512], [559, 574], [160, 574]], '커다래서 박울 때마다', 0.7121740735257945), ([[205, 579], [515, 579], [515, 639], [205, 639]], '살결이 찰씩찰씩', 0.5543666396994746), ([[169, 645], [555, 645], [555, 705], [169, 705]], '맞당아서 기분 좋아%', 0.3660436500528149), ([[1141, 719], [1415, 719], [1415, 857], [1141, 857]], '찌적', 0.737660768443744), ([[914.2196995762049, 413.1136566943981], [1142.989315888731, 397.771147772971], [1143.780300423795, 518.8863433056019], [915.010684111269, 535.2288522270289]], '(덕', 0.01429020916368881), ([[1243.0168628395438, 487.02545280319634], [1486.2874895638442, 560.8456110495729], [1432.9831371604562, 717.9745471968037], [1190.7125104361558, 644.1543889504271]], '*%', 0.45127646951772493), ([[856.9903560922094, 617.0283384413276], [1138.4042064502842, 681.4072232978417], [1098.0096439077906, 830.9716615586724], [815.5957935497158, 766.5927767021583]], '@원', 0.13657042144501666)]
[([[1227, 441], [1558, 441], [1558, 652], [1227, 652]], '존%', 0.01994670651448278), ([[792, 614], [1058, 614], [1058, 812], [792, 812]], '꽃', 0.02526742404043958), ([[372, 956], [448, 956], [448, 1010], [372, 1010]], '극!!', 0.414485351608475), ([[187, 1017], [633, 1017], [633, 1079], [187, 1079]], '이런거 참을 수 있올리가', 0.36957236176210817), ([[319, 1085], [503, 1085], [503, 1145], [319, 1145]], '없장아.!!', 0.3775108483863492), ([[1188, 1286], [1330, 1286], [1330, 1342], [1188, 1342]], '간다 !', 0.5595661997795105), ([[1089, 1347], [1429, 1347], [1429, 1414], [1089, 1414]], '정액 올라온다!', 0.629418532375933), ([[964.9209845528578, 375.12046715457745], [1237.860143021051, 344.8424338843448], [1243.0790154471422, 496.87953284542255], [971.139856978949, 527.1575661156552]], '용격', 0.06545846658266416), ([[1111.872167983868, 696.126211064491], [1389.79503797808, 661.7478367537786], [1397.127832016132, 815.873788935509], [1119.20496202192, 849.2521632462214]], '조거)', 0.14472229894861527)]
[([[196, 690], [497, 690], [497, 755], [196, 755]], '느오오오오옷숙', 0.24094197015074226), ([[659.5211726487562, 390.0071664684553], [754.3432686112515, 324.0036827156833], [1036.4788273512438, 755.9928335315448], [941.6567313887485, 821.9963172843167]], "'", 0.27434984691012687)]
[([[1062, 448], [1158, 448], [1158, 548], [1062, 548]], ',', 0.0504435076685219), ([[799, 527], [913, 527], [913, 641], [799, 641]], '올', 0.052438905810998415), ([[247, 885], [523, 885], [523, 947], [247, 947]], '허억.. 허억..9', 0.6432335199490549), ([[201, 955], [571, 955], [571, 1019], [201, 1019]], '마지막 한방울까지', 0.9937324092302171), ([[219, 1024], [554, 1024], [554, 1086], [219, 1086]], '쥐어짜진다 .90', 0.20749245323778703)]
[([[180, 666], [481, 666], [481, 732], [180, 732]], '하아하아.9', 0.7190331428008788), ([[1034.405230013876, 707.0117963496754], [1365.8434795984485, 871.8387241244018], [1303.594769986124, 988.9882036503246], [972.1565204015515, 823.1612758755982]], '1어-- _', 0.011930333577761678)]
[([[267, 899], [331, 899], [331, 961], [267, 961]], '웃', 0.7882728358312221), ([[344, 898], [392, 898], [392, 950], [344, 950]], '0', 0.6656312893170622), ([[924.3371760987868, 363.3034584889082], [1058.6371203532176, 272.85516097966814], [1120.6628239012132, 371.6965415110918], [986.3628796467824, 462.14483902033186]], '동', 0.1298655991002997)]
[([[145, 709], [573, 709], [573, 771], [145, 771]], '후우 .0 두번째인데도', 0.6050159717551817), ([[243, 777], [473, 777], [473, 839], [243, 839]], '기분 좋아서', 0.749257646619092), ([[135, 843], [578, 843], [578, 905], [135, 905]], '허리 빠질뻔햇네요 99', 0.2595365569858972), ([[1095, 1511], [1387, 1511], [1387, 1573], [1095, 1573]], '자  만족햇으면', 0.35927221197813314), ([[1143, 1577], [1343, 1577], [1343, 1637], [1143, 1637]], '어서 비켜.', 0.6928763902541056), ([[210, 1786], [398, 1786], [398, 1864], [210, 1864]], '건@장', 0.1252440184063714), ([[741, 1728], [952, 1728], [952, 1850], [741, 1850]], '빠야', 0.03505520426441193), ([[1278.7108159108866, 279.2408347811668], [1407.5484246958529, 251.99866982239593], [1421.2891840891134, 347.7591652188332], [1292.4515753041471, 374.0013301776041]], '움', 0.28012540084296234), ([[1152.9563638994289, 697.0683656356597], [1210.4492994358154, 678.1323744912875], [1244.0436361005711, 788.9316343643403], [1186.5507005641846, 807.8676255087125]], '름', 0.24165327904356193)]
[([[1278.7108159108866, 279.2408347811668], [1406.508202483292, 251.96091451283877], [1420.2891840891134, 347.7591652188332], [1292.491797516708, 374.03908548716123]], '울', 0.211997812292247), ([[1152.9696913521816, 696.0666234117981], [1210.5031758147634, 677.1424900591911], [1243.0303086478184, 788.9333765882019], [1185.4968241852366, 807.8575099408089]], '름', 0.12941277394745843)]
[([[94, 128], [339, 128], [339, 193], [94, 193]], '하아하아 .', 0.3210037125099297), ([[140, 199], [286, 199], [286, 265], [140, 265]], '천박한', 0.9899643724974717), ([[27, 271], [405, 271], [405, 337], [27, 337]], '유준이랑 겨드랑이', 0.31074224454127924), ([[1129, 307], [1515, 307], [1515, 375], [1129, 375]], '그렇게나 내 정액이', 0.6516003105105524), ([[9, 343], [429, 343], [429, 409], [9, 409]], '드러내서논 유혹이나', 0.38112905905441735), ([[1153, 379], [1488, 379], [1488, 447], [1153, 447]], '갖고싶은 거나]!', 0.7494942880882258), ([[130, 418], [304, 418], [304, 474], [130, 474]], '해대고!!', 0.27202149844473617), ([[1055, 1015], [1143, 1015], [1143, 1107], [1055, 1107]], '0', 0.883188571101531)]
[([[108, 310], [218, 310], [218, 366], [108, 366]], '딱히', 0.9998354626683754), ([[1139, 509], [1457, 509], [1457, 569], [1139, 569]], '가슴 뜨거우니까', 0.9280956574492104), ([[1111, 577], [1485, 577], [1485, 637], [1111, 637]], '빨리 싸버리기나해..', 0.6615910429035895), ([[1057, 1015], [1147, 1015], [1147, 1109], [1057, 1109]], '0', 0.9043537923526515), ([[280, 1716], [430, 1716], [430, 1772], [280, 1772]], '크옥 !', 0.2255130645749914), ([[243, 1783], [475, 1783], [475, 1847], [243, 1847]], '진단장남 . !', 0.3681128319759432)]
[([[1175, 307], [1285, 307], [1285, 367], [1175, 367]], '옷]!', 0.13529978376599439), ([[483, 809], [639, 809], [639, 973], [483, 973]], '<', 0.36561898779056723), ([[162, 1795], [419, 1795], [419, 1861], [162, 1861]], '오오오오옷!', 0.39573660404242594), ([[956.0972437676932, 706.0145567984885], [1185.9978127563143, 886.6500273405461], [1039.9027562323067, 1071.9854432015115], [810.0021872436857, 891.3499726594539]], ")03'", 0.15381978452205658)]
[([[1115, 299], [1401, 299], [1401, 361], [1115, 361]], '하아 하아 9', 0.5244427381520437), ([[173, 1756], [445, 1756], [445, 1824], [173, 1824]], '정말. 얼굴에', 0.8717280558688276), ([[119, 1833], [499, 1833], [499, 1897], [119, 1897]], '그대로 뿌려버리면', 0.9765059710757856), ([[229, 1907], [391, 1907], [391, 1969], [229, 1969]], '어떡해!', 0.8734883666038513)]
[([[0, 4], [434, 4], [434, 59], [0, 59]], '( 저3+@@:@@/@@@@맣', 0.0002443206442604676), ([[1069, 327], [1439, 327], [1439, 391], [1069, 391]], '우으 죄송합니다 .', 0.5640902370995307), ([[223, 1859], [541, 1859], [541, 1925], [223, 1925]], '하아 . 뒷으니까', 0.45635783652776934), ([[273, 1931], [493, 1931], [493, 1995], [273, 1995]], '빨리 비켜.', 0.6007881078029653), ([[1147, 2107], [1461, 2107], [1461, 2169], [1147, 2169]], '이후 2번 더햇다.', 0.42049256340236224)]
[([[0, 4], [432, 4], [432, 58], [0, 58]], '@ [라+5.어탁-어김/권어훨@아명', 6.556658020440854e-06)]
[]
[]
[]
[]
[]
[]
[]
[]
[([[192, 436], [224, 436], [224, 464], [192, 464]], '@', 0.5960905057954733), ([[136.56879950923485, 388.43575867493405], [246.20894146133918, 364.323791188116], [256.43120049076515, 428.56424132506595], [147.79105853866082, 452.676208811884]], '~~~', 0.13652148618102283), ([[135.184182983552, 442.08407832104956], [211.8975647827785, 460.10056197320495], [202.815817016448, 497.91592167895044], [126.10243521722153, 479.89943802679505]], '(6', 0.3797282079388868)]
[([[192, 436], [224, 436], [224, 464], [192, 464]], '@', 0.5960905057954733), ([[136.56879950923485, 388.43575867493405], [246.20894146133918, 364.323791188116], [256.43120049076515, 428.56424132506595], [147.79105853866082, 452.676208811884]], '~~~', 0.13652148618102283), ([[135.184182983552, 442.08407832104956], [211.8975647827785, 460.10056197320495], [202.815817016448, 497.91592167895044], [126.10243521722153, 479.89943802679505]], '(6', 0.3797282079388868)]
[]
[]
[]
[]
[]
[]
[]
[]
[]
[]
[]
[]
[]
[]
[]
[([[353.2516257571809, 99.04011954178199], [452.9933931084854, 149.69593943006586], [422.7483742428191, 205.959880458218], [324.0066068915146, 155.30406056993414]], '!', 0.07189676779987408)]
[([[349.0315649975117, 106.05883297959579], [449.8128547924576, 141.27973839432127], [425.9684350024883, 203.9411670204042], [325.1871452075424, 168.72026160567873]], '나', 0.4633742429027201)]
[([[356.2269793174761, 100.04281385728467], [449.99529134731887, 149.74329206064886], [420.7730206825239, 203.95718614271533], [327.00470865268113, 154.25670793935114]], '이', 0.09274144008669793)]
[([[355.2516257571809, 99.04011954178199], [452.9975774354699, 150.81585322538237], [422.7483742428191, 205.959880458218], [325.0024225645301, 154.18414677461763]], '~', 0.06713566197462129)]
[]
[]
[]
[]
[]
[]
[]
[]
[]
[]
[]
