2069213
34
[([[239, 1129], [749, 1129], [749, 1173], [239, 1173]], '7 - ~ 즈구- 구 - )', 0.07342304126468768), ([[473, 1213], [521, 1213], [521, 1251], [473, 1251]], '#2', 0.9999975554836615)]
[([[127, 361], [349, 361], [349, 397], [127, 397]], "버기*|어'5 @,어 .리", 0.0002955368999816378), ([[366, 366], [408, 366], [408, 396], [366, 396]], '#2', 0.9999908962928589)]
[([[406, 878], [698, 878], [698, 902], [406, 902]], "12250'0-고출출 40)#타-}.", 0.0036527255277879066), ([[407, 897], [623, 897], [623, 917], [407, 917]], '@미미청 느 773 < [+귀 # 단소', 0.04489101687470441), ([[406, 910], [520, 910], [520, 934], [406, 934]], '떠꿀 <듯#속{#', 0.0014293619749675434), ([[406, 940], [568, 940], [568, 964], [406, 964]], '*#노버축표균숨* # $ .', 0.005285428028878095), ([[414, 970], [726, 970], [726, 996], [414, 996]], '긴파치 * 허지카다 시리즈의 두번째 편입니다', 0.38902890716551325), ([[414, 988], [668, 988], [668, 1016], [414, 1016]], '천회 회상 같은계 없어서 죄송합니다', 0.3873525933370499), ([[414, 1006], [582, 1006], [582, 1032], [414, 1032]], '다음 권에서 완결입니다', 0.43401464032123405), ([[412, 1026], [576, 1026], [576, 1052], [412, 1052]], '*성적 묘사가 있습니다', 0.8308199054957679)]
[([[258, 736], [300, 736], [300, 762], [258, 762]], '생님', 0.9983166486849403)]
[([[654, 138], [718, 138], [718, 162], [654, 162]], '곧경찰이', 0.9972509741783142), ([[663, 157], [709, 157], [709, 177], [663, 177]], '올랜데', 0.24801283108380928), ([[590, 276], [674, 276], [674, 300], [590, 300]], '괜찮켓어요?', 0.5016243983917402), ([[471, 294], [534, 294], [534, 320], [471, 320]], '여여기논', 0.7468171197489754), ([[683, 415], [729, 415], [729, 435], [683, 435]], '세상에', 0.5988974958554785), ([[693, 435], [721, 435], [721, 451], [693, 451]], '슬도', 0.2546749831135027), ([[672, 444], [732, 444], [732, 468], [672, 468]], '이런짓올', 0.9740521311759949), ([[595, 471], [641, 471], [641, 513], [595, 513]], '일본', 0.06431093611477386), ([[591, 523], [645, 523], [645, 539], [591, 539]], '하다고요', 0.9993195533752441), ([[206, 736], [282, 736], [282, 762], [206, 762]], '지금바로', 0.9996371269226074), ([[214, 760], [272, 760], [272, 784], [214, 784]], '처맞고', 0.8607935219853232), ([[200, 778], [288, 778], [288, 806], [200, 806]], '싶은건가?', 0.9675444779156785), ([[577, 917], [621, 917], [621, 937], [577, 937]], '아니면', 0.9999443203657115), ([[575, 933], [605, 933], [605, 953], [575, 953]], '혹시', 0.9997739317897396)]
[([[303, 117], [351, 117], [351, 137], [303, 137]], '후다닥', 0.7411669919561732), ([[399, 171], [427, 171], [427, 187], [399, 187]], '진장 .', 0.15467475354671478), ([[182, 862], [252, 862], [252, 886], [182, 886]], '허지키다', 0.7292490601539612), ([[291.5757359312881, 175.0301515190165], [318.60515624355304, 180.46554277333732], [303.4242640687119, 250.9698484809835], [277.39484375644696, 245.53445722666268]], '@', 0.2320259925344459)]
[([[730, 284], [770, 284], [770, 308], [730, 308]], '미안', 0.9997336423084666), ([[708, 302], [780, 302], [780, 328], [708, 328]], '늑게 와서', 0.4728048373485812), ([[377, 321], [431, 321], [431, 337], [377, 337]], '내가 !!', 0.8817407569287316), ([[395, 669], [417, 669], [417, 685], [395, 685]], '자', 0.997247923084629), ([[378, 684], [436, 684], [436, 708], [378, 708]], '손취화', 0.3330407904231056), ([[590, 712], [658, 712], [658, 738], [590, 738]], '죄송해요', 0.9986562132835388), ([[331, 807], [381, 807], [381, 827], [331, 827]], '겨 경찰은', 0.9137417731759372), ([[108, 814], [172, 814], [172, 838], [108, 838]], '안불렇어', 0.1884363293647766), ([[558, 826], [598, 826], [598, 850], [558, 850]], '내가', 0.9999172245929786), ([[58, 978], [114, 978], [114, 1002], [58, 1002]], '하지만-', 0.9997766613960266), ([[494, 1032], [560, 1032], [560, 1056], [494, 1056]], '그런 일로', 0.8630648306804212), ([[486, 1050], [570, 1050], [570, 1074], [486, 1074]], '사과하지마', 0.9995623503634848)]
[([[276, 130], [338, 130], [338, 154], [276, 154]], "'고마워요", 0.7457402386268024), ([[222, 200], [270, 200], [270, 224], [222, 224]], '선생님', 0.9998905682327218), ([[85, 267], [143, 267], [143, 285], [85, 285]], '그러니까', 0.9905390170782491), ([[87, 285], [129, 285], [129, 303], [87, 303]], '너느 ..', 0.14441734466144915), ([[670, 316], [748, 316], [748, 340], [670, 340]], '다른 사람이', 0.9357411719355307), ([[686, 332], [730, 332], [730, 356], [686, 356]], '보는거', 0.9656882774538703), ([[684, 348], [728, 348], [728, 374], [684, 374]], '싫찮0', 0.14371992262987526), ([[689, 367], [729, 367], [729, 387], [689, 387]], '그치?', 0.9997787980714479), ([[197, 849], [247, 849], [247, 869], [197, 869]], '네, 네-', 0.30942112931641574), ([[355, 881], [425, 881], [425, 899], [355, 899]], '너네 집보다', 0.9412349060413867), ([[524, 888], [576, 888], [576, 912], [524, 912]], '어쨌든', 0.9993982139579687), ([[359, 893], [421, 893], [421, 929], [359, 929]], "웬직이'", 0.008587122894823551), ([[502, 904], [586, 904], [586, 930], [502, 930]], '우리 집으로', 0.9487044027604894), ([[353, 925], [421, 925], [421, 945], [353, 945]], '더 기깝거든', 0.2659682515275963), ([[525, 925], [563, 925], [563, 945], [525, 945]], '가자', 0.9932952225997652), ([[508, 942], [580, 942], [580, 966], [508, 966]], '그런 꼴로', 0.9624479440224716), ([[492, 962], [594, 962], [594, 986], [492, 986]], '돌려 보탤수는', 0.42762384543591553), ([[301, 977], [349, 977], [349, 997], [301, 997]], '있켓어?', 0.26285648345947266), ([[510, 980], [578, 980], [578, 1004], [510, 1004]], '없으니까', 0.970740020275116), ([[48, 1032], [114, 1032], [114, 1056], [48, 1056]], '선생님의', 0.9955418705940247)]
[([[672, 136], [742, 136], [742, 160], [672, 160]], '히지키타?', 0.760912684411782), ([[449, 155], [475, 155], [475, 171], [449, 171]], '일어', 0.9978282741873757), ([[441, 171], [481, 171], [481, 187], [441, 187]], '서야돼', 0.7521508246324936), ([[607, 243], [659, 243], [659, 261], [607, 261]], '마 아무것', 0.5512129688033977), ([[615, 255], [661, 255], [661, 271], [615, 271]], '아니에요', 0.7270656228065491), ([[58, 292], [100, 292], [100, 316], [58, 316]], '어이!', 0.9338948382349767), ([[375, 311], [403, 311], [403, 331], [375, 331]], '어질', 0.9844096395693488), ([[417, 831], [449, 831], [449, 847], [417, 847]], '파악', 0.48040783342031695), ([[343, 909], [361, 909], [361, 991], [343, 991]], '{', 0.017049737554376776), ([[51, 1027], [91, 1027], [91, 1043], [51, 1043]], '그래 .', 0.5732083044154411), ([[295, 1009], [315, 1009], [315, 1061], [295, 1061]], '콩', 0.02561383853958432)]
[([[697, 199], [741, 199], [741, 219], [697, 219]], '천천히', 0.9988839400904733), ([[679, 217], [763, 217], [763, 237], [679, 237]], '걸어도 되니까', 0.9987707846464751), ([[687, 231], [753, 231], [753, 251], [687, 251]], "'잘따라와", 0.6560402421535518), ([[29, 347], [55, 347], [55, 363], [29, 363]], '어질', 0.8541094268765344), ([[703, 861], [729, 861], [729, 877], [703, 877]], '약미', 0.4864376400148465), ([[212, 890], [250, 890], [250, 914], [212, 914]], '맞아', 0.9998864582781531), ([[665, 919], [691, 919], [691, 931], [665, 931]], '마직', 0.8896705140949898)]
[([[640, 474], [760, 474], [760, 504], [640, 504]], '저사람이밟어', 0.19581329429301203)]
[([[572, 52], [600, 52], [600, 86], [572, 86]], '', 0.0), ([[637, 67], [685, 67], [685, 87], [637, 87]], '좁지만', 0.9897952923011538), ([[645, 85], [679, 85], [679, 105], [645, 105]], '참아', 0.9998025898691962), ([[347, 107], [379, 107], [379, 125], [347, 125]], '다녀', 0.9930955932811433), ([[329, 125], [395, 125], [395, 145], [329, 145]], '낯습니다 -', 0.12775230395865506), ([[671, 561], [735, 561], [735, 597], [671, 597]], '[하켓실로다', 0.02958442006445044), ([[95, 641], [127, 641], [127, 661], [95, 661]], '우선', 0.9999791795203197), ([[79, 655], [147, 655], [147, 699], [79, 699]], '들/어서', 0.21410393714904785), ([[242, 1006], [280, 1006], [280, 1036], [242, 1036]], ' 게:', 0.09156241561202538), ([[691.615171078558, 412.0373725006457], [707.3515812769673, 409.03114484898305], [717.384828921442, 466.9626274993543], [701.6484187230327, 468.96885515101695]], '5', 0.7080955400806523)]
[([[602, 108], [652, 108], [652, 132], [602, 132]], '그놈이', 0.8788934031324364), ([[600, 126], [652, 126], [652, 150], [600, 150]], '만진데', 0.3036431124429699), ([[584, 142], [668, 142], [668, 168], [584, 168]], '기분나별거', 0.6668846721055106), ([[609, 163], [645, 163], [645, 183], [609, 183]], '아냐', 0.9999665355662857), ([[330, 566], [374, 566], [374, 590], [330, 590]], '좁아도', 0.822725291524543), ([[439, 611], [481, 611], [481, 629], [439, 629]], '그리고', 0.9999653120208363), ([[62, 656], [114, 656], [114, 716], [62, 716]], '쭉', 0.17767141793300212), ([[395, 695], [419, 695], [419, 715], [395, 715]], '어.', 0.5345485265273822), ([[67, 707], [113, 707], [113, 725], [67, 725]], '하니까', 0.9752705004199561), ([[334, 1004], [370, 1004], [370, 1028], [334, 1028]], "'한번", 0.8828610573259631), ([[647, 933], [683, 933], [683, 1025], [647, 1025]], '>', 0.38976121070390946), ([[315, 1019], [379, 1019], [379, 1061], [315, 1061]], '예컨둘체', 0.011528492905199528), ([[315, 1053], [373, 1053], [373, 1073], [315, 1073]], '편할리고', 0.37333640456199646), ([[699, 1057], [753, 1057], [753, 1077], [699, 1077]], "'감습니다", 0.39941784530934177), ([[693, 1073], [737, 1073], [737, 1093], [693, 1093]], '사위좀', 0.89638909904915), ([[688, 1084], [744, 1084], [744, 1108], [688, 1108]], '빌립제요', 0.05278614163398743)]
[([[245, 109], [275, 109], [275, 127], [245, 127]], '하아', 0.9996137038436425), ([[225, 265], [255, 265], [255, 285], [225, 285]], '몸이', 0.8315529327312673), ([[212, 278], [270, 278], [270, 302], [212, 302]], '뚜기운데', 0.11822917312383652), ([[210, 292], [270, 292], [270, 316], [210, 316]], '자꾸 최려', 0.11781668083157547), ([[161, 331], [191, 331], [191, 351], [161, 351]], '계속', 0.9996319092704202), ([[155, 345], [201, 345], [201, 387], [155, 387]], '능공해', 0.0064732210188374285), ([[167, 805], [197, 805], [197, 825], [167, 825]], '하웃', 0.38665134172300475), ([[491, 929], [513, 929], [513, 949], [491, 949]], '아', 0.9998840127247242), ([[527, 1043], [559, 1043], [559, 1063], [527, 1063]], '주록', 0.46324884903659225), ([[709, 1071], [739, 1071], [739, 1091], [709, 1091]], '으응', 0.9989228122641932)]
[([[719, 715], [777, 715], [777, 753], [719, 753]], '벽벽', 0.30644442007863776), ([[609, 877], [665, 877], [665, 917], [609, 917]], '벽벽', 0.053701851418138956), ([[323, 951], [343, 951], [343, 997], [323, 997]], '질', 0.33750043460167944)]
[([[199, 238], [219, 238], [219, 293], [199, 293]], '역', 0.3039908947940262), ([[631, 23], [739, 23], [739, 379], [631, 379]], '#', 0.20378360325923328), ([[590, 862], [622, 862], [622, 956], [590, 956]], '반', 0.011558126256024315), ([[655, 719], [721, 719], [721, 969], [655, 969]], '{', 0.9592645994960236)]
[([[664, 126], [716, 126], [716, 158], [664, 158]], '달각', 0.9871108395960159), ([[277, 235], [307, 235], [307, 253], [277, 253]], '사위', 0.995949986824241), ([[257, 249], [313, 249], [313, 269], [257, 269]], '잘씻어요', 0.2128516584634781), ([[75, 369], [113, 369], [113, 385], [75, 385]], '그리고', 0.9999929798007293), ([[81, 385], [107, 385], [107, 401], [81, 401]], '옷도', 0.39443830899133786), ([[61, 397], [125, 397], [125, 417], [61, 417]], '빌려주서서', 0.519173279231947), ([[63, 411], [127, 411], [127, 431], [63, 431]], '고맙습니다', 0.5769498135836492), ([[731, 555], [761, 555], [761, 571], [731, 571]], '아아', 0.9989351995492338), ([[284, 591], [334, 591], [334, 630], [284, 630]], '안혀터', 0.21409548977857232), ([[331, 611], [357, 611], [357, 627], [331, 627]], '쉬어', 0.9833423487698655), ([[300, 622], [332, 622], [332, 658], [300, 658]], '멀리', 0.8094327717760507), ([[572, 774], [648, 774], [648, 798], [572, 798]], '옷더러워저', 0.46245451870615784), ([[575, 793], [649, 793], [649, 813], [575, 813]], '있,으니까', 0.21596613576350898), ([[572, 806], [650, 806], [650, 830], [572, 830]], '나가옛날에', 0.8630576773716384), ([[572, 822], [646, 822], [646, 848], [572, 848]], '입던옷인데', 0.10076587412592931), ([[582, 840], [636, 840], [636, 864], [582, 864]], '괜찮지?', 0.9971461296081543), ([[39, 1037], [73, 1037], [73, 1057], [39, 1057]], '내가', 0.9996069611176285), ([[495, 1033], [541, 1033], [541, 1071], [495, 1071]], '섞임님', 0.012673889890974926), ([[47, 1055], [75, 1055], [75, 1073], [47, 1073]], '방해', 0.9997907894543993), ([[31, 1067], [87, 1067], [87, 1087], [31, 1087]], '해버려서', 0.9959048628807068), ([[237, 1079], [281, 1079], [281, 1099], [237, 1099]], '모처럼', 0.9993360697884568), ([[245, 1097], [275, 1097], [275, 1115], [245, 1115]], '인데', 0.9991603694694919), ([[21, 1139], [61, 1139], [61, 1159], [21, 1159]], '방해?', 0.9998708156255506)]
[([[233, 143], [295, 143], [295, 163], [233, 163]], '네가본거', 0.9874463081359863), ([[530, 150], [572, 150], [572, 174], [530, 174]], '얘긴기', 0.683323842353348), ([[221, 157], [305, 157], [305, 197], [221, 197]], '요@요쌍', 0.003805870423093438), ([[277, 173], [303, 173], [303, 193], [277, 193]], '임히', 0.6651872231216982), ([[467, 175], [497, 175], [497, 193], [467, 193]], '그런', 0.9999209334277391), ([[233, 191], [301, 191], [301, 209], [233, 209]], '보건고사야', 0.9829166068335428), ([[472, 188], [502, 188], [502, 212], [472, 212]], '푸흙', 0.1387732655617531), ([[49, 211], [133, 211], [133, 227], [49, 227]], '다른 선상남들도', 0.6203545834654459), ([[59, 239], [121, 239], [121, 255], [59, 255]], '다늘 주하서', 0.6578730017980349), ([[61, 265], [83, 265], [83, 279], [61, 279]], '아니', 0.4553861025369197), ([[64, 250], [122, 250], [122, 282], [64, 282]], '개정산앗', 0.019050978124141693), ([[107, 389], [181, 389], [181, 429], [107, 429]], '허지금데군:', 0.6558775335313969), ([[133, 421], [163, 421], [163, 441], [133, 441]], '설미', 0.8692090624256118), ([[121, 437], [173, 437], [173, 457], [121, 457]], '그런 품', 0.5614335916543384), ([[493, 547], [525, 547], [525, 565], [493, 565]], '회약', 0.6565705970277858), ([[353, 601], [393, 601], [393, 617], [353, 617]], '고사도', 0.9941416738216174), ([[99, 587], [115, 587], [115, 661], [99, 661]], '모', 0.001755483068182087), ([[333, 611], [411, 611], [411, 649], [333, 649]], '사하상다유', 0.1290789873586894), ([[337, 631], [367, 631], [367, 647], [337, 647]], '해아', 0.8160940603462994), ([[337, 645], [409, 645], [409, 665], [337, 665]], '그냥 뒷줄이', 0.94102566613267), ([[359, 663], [387, 663], [387, 679], [359, 679]], '름어', 0.11923269626118099), ([[533, 667], [557, 667], [557, 685], [533, 685]], '아 ', 0.2637595543352074), ([[151, 853], [169, 853], [169, 891], [151, 891]], '싫', 0.46549778918235063), ([[148, 888], [172, 888], [172, 926], [148, 926]], '쓸', 0.03440152534338736), ([[491, 881], [547, 881], [547, 925], [491, 925]], '취꼼화', 0.13435833422008286), ([[146, 923], [172, 923], [172, 996], [146, 996]], '튿', 0.0021170372263186327), ([[567, 1009], [623, 1009], [623, 1051], [567, 1051]], '[@@', 0.21077918167296042), ([[37, 1031], [55, 1031], [55, 1069], [37, 1069]], '입', 0.059849068705038144), ([[39, 1067], [57, 1067], [57, 1089], [39, 1089]], '없', 0.8843679750442313), ([[161, 1097], [207, 1097], [207, 1117], [161, 1117]], '[상해저', 0.9354064464569092), ([[12.244610425399502, 811.0719742120774], [48.5469067050027, 806.3112224726859], [56.7553895746005, 870.9280257879226], [19.453093294997302, 875.6887775273141]], '술"', 0.320815358478022)]
[([[387, 287], [449, 287], [449, 307], [387, 307]], '왜 이러는', 0.7396836375853125), ([[401, 303], [433, 303], [433, 323], [401, 323]], '거지', 0.971579722658954), ([[247, 981], [279, 981], [279, 999], [247, 999]], '저기', 0.9999809496776212)]
[([[565, 183], [625, 183], [625, 203], [565, 203]], '아무래도', 0.9998787045478821)]
[]
[([[361, 139], [381, 139], [381, 193], [361, 193]], '곁', 0.24580090246736663), ([[360, 196], [384, 196], [384, 258], [360, 258]], '지', 0.08682386694096067), ([[308, 520], [458, 520], [458, 546], [308, 546]], '내 대하고 왜는 메지', 0.11155800455988617), ([[710, 720], [756, 720], [756, 744], [710, 744]], '선생님', 0.9998695079635063), ([[719, 739], [745, 739], [745, 755], [719, 755]], '역시', 0.9940601985198094), ([[694, 752], [772, 752], [772, 776], [694, 776]], '집에 갈래요', 0.884496358501262), ([[444, 974], [534, 974], [534, 998], [444, 998]], '실레햇습니다', 0.2911771036300294), ([[607, 969], [635, 969], [635, 989], [607, 989]], '에?', 0.9966232651855481), ([[205, 1035], [241, 1035], [241, 1053], [205, 1053]], "'그래", 0.9910461648953292)]
[([[533, 221], [594, 221], [594, 247], [533, 247]], '그러느게', 0.9301053881645203), ([[540, 240], [588, 240], [588, 264], [540, 264]], '좋짓다', 0.10810174700102632), ([[154, 578], [186, 578], [186, 602], [154, 602]], '뭐출', 0.4300910175445299), ([[145, 593], [199, 593], [199, 635], [145, 635]], '기대곧', 0.009388062435932201), ([[617, 791], [635, 791], [635, 873], [617, 873]], '위', 0.035363430886804714), ([[261, 865], [281, 865], [281, 931], [261, 931]], '흙', 0.06490094025739168), ([[385, 865], [401, 865], [401, 915], [385, 915]], '잎', 0.3134764472608964), ([[95, 981], [115, 981], [115, 1035], [95, 1035]], '출', 0.09526444652510069), ([[219, 929], [239, 929], [239, 1013], [219, 1013]], '물', 0.23664510058418742), ([[380, 916], [404, 916], [404, 1034], [380, 1034]], '{', 0.1373118130953097)]
[([[460, 188], [522, 188], [522, 212], [460, 212]], '조심해서', 0.9998599290847778), ([[467, 207], [515, 207], [515, 227], [467, 227]], '들어가', 0.9693620718892961), ([[235, 287], [307, 287], [307, 327], [235, 327]], '감선-적다', 0.03181540928141626), ([[693, 931], [721, 931], [721, 949], [693, 949]], '하아', 0.5904638608030262), ([[164, 1018], [196, 1018], [196, 1042], [164, 1042]], '형편', 0.9998356312476485), ([[154, 1034], [202, 1034], [202, 1058], [154, 1058]], '없구만', 0.8497132062911987)]
[([[100, 288], [134, 288], [134, 314], [100, 314]], '길을', 0.743144367798879), ([[101, 309], [147, 309], [147, 329], [101, 329]], '없다니', 0.7635627014694985), ([[86, 316], [148, 316], [148, 348], [86, 348]], '굵로씨로', 0.056676801294088364), ([[478, 332], [524, 332], [524, 356], [478, 356]], '.뛰야', 0.3600526703539644), ([[102, 342], [128, 342], [128, 366], [102, 366]], '참.', 0.9834801664221257), ([[142, 1068], [206, 1068], [206, 1092], [142, 1092]], '이런데서', 0.9980837106704712), ([[144, 1086], [202, 1086], [202, 1110], [144, 1110]], '뭐해요?', 0.9958122372627258)]
[([[391, 189], [459, 189], [459, 225], [391, 225]], '훌발증하다', 0.03259592380890196), ([[100, 214], [148, 214], [148, 238], [100, 238]], '뭐리는', 0.2460578160270974), ([[403, 221], [447, 221], [447, 237], [403, 237]], '뭐해요?', 0.9459488987922668), ([[101, 233], [135, 233], [135, 251], [101, 251]], '거야', 0.9964551857201673), ([[401, 231], [451, 231], [451, 251], [401, 251]], '수상꺼계', 0.13381615281105042), ([[113, 433], [159, 433], [159, 451], [113, 451]], '멋대로', 0.9828705987595722), ([[90, 448], [180, 448], [180, 472], [90, 472]], '사라저놓고는', 0.732961505937133), ([[497, 715], [527, 715], [527, 735], [497, 735]], '당신', 0.6757877525088074), ([[493, 731], [531, 731], [531, 751], [493, 751]], '도대처', 0.9652113661028278), ([[481, 745], [525, 745], [525, 765], [481, 765]], '어디서', 0.9999237417184876), ([[327, 959], [397, 959], [397, 979], [327, 979]], '허지카다씨', 0.6951470096266652), ([[95, 1073], [141, 1073], [141, 1115], [95, 1115]], '무겨:', 0.03546642511281062)]
[([[609, 215], [633, 215], [633, 233], [609, 233]], '없어', 0.4230435844515541), ([[589, 229], [633, 229], [633, 249], [589, 249]], '아무일', 0.9975482187611935), ([[449, 595], [483, 595], [483, 613], [449, 613]], "'저논", 0.21138375657905054), ([[431, 611], [493, 611], [493, 631], [431, 631]], '아니지만', 0.9998264312744141), ([[240, 756], [300, 756], [300, 780], [240, 780]], '킬도씨랑', 0.13066647946834564), ([[242, 772], [293, 772], [293, 799], [242, 799]], '자키는', 0.5214058422523825), ([[224, 790], [314, 790], [314, 814], [224, 814]], '걱정햇올걸요', 0.4575544274823416), ([[152, 830], [202, 830], [202, 854], [152, 854]], '연락좀', 0.9900110420622801), ([[161, 851], [187, 851], [187, 869], [161, 869]], '해로', 0.46949001271394036), ([[146, 862], [208, 862], [208, 886], [146, 886]], '히지키타', 0.715993344783783), ([[153, 881], [201, 881], [201, 901], [153, 901]], '자식아', 0.5521038849484913), ([[86, 1008], [122, 1008], [122, 1032], [86, 1032]], '.아아', 0.6644820513119586)]
[([[533, 93], [561, 93], [561, 113], [533, 113]], '빨리', 0.5099326497397472), ([[517, 104], [582, 104], [582, 131], [517, 131]], '집에 가서', 0.7774198764911529), ([[527, 127], [573, 127], [573, 147], [527, 147]], '잠이나', 0.9685556162443755), ([[533, 141], [565, 141], [565, 161], [533, 161]], '지요', 0.9994058654379839), ([[439, 195], [505, 195], [505, 213], [439, 213]], '난바쁘니까', 0.9812223617989627), ([[431, 209], [511, 209], [511, 229], [431, 229]], '이만 기불게요', 0.5567466418763849), ([[153, 247], [207, 247], [207, 267], [153, 267]], '""그렇거', 0.3228355124782407), ([[435, 505], [491, 505], [491, 525], [435, 525]], '조심하서', 0.9759752750396729), ([[441, 521], [485, 521], [485, 541], [441, 541]], '들어가', 0.9975447786177973)]
[([[377, 191], [429, 191], [429, 235], [377, 235]], '혈출하', 0.18435124211044845), ([[373, 225], [417, 225], [417, 245], [373, 245]], '하고는', 0.5944838763526528), ([[115, 271], [173, 271], [173, 291], [115, 291]], '허지카다', 0.7824814319610596), ([[125, 291], [157, 291], [157, 307], [125, 307]], '자식', 0.9999921606951768), ([[309, 895], [351, 895], [351, 911], [309, 911]], '뛰나고', 0.5115888091236805), ([[304, 908], [350, 908], [350, 940], [304, 940]], '생신', 0.3285174933869607), ([[291, 939], [361, 939], [361, 959], [291, 959]], '같으니라고', 0.6832138888656522)]
[([[473, 901], [493, 901], [493, 989], [473, 989]], '#', 0.04992605574081299)]
[([[602, 870], [646, 870], [646, 894], [602, 894]], '나는 .', 0.7658997481020567)]
[([[369, 481], [465, 481], [465, 501], [369, 501]], '아무 것도 없어', 0.8201579719564436)]
[([[329, 525], [505, 525], [505, 589], [329, 589]], '#느씨이물', 0.007649633030731135), ([[352, 622], [386, 622], [386, 646], [352, 646]], '처음', 0.998296006980025), ([[383, 621], [601, 621], [601, 663], [383, 663]], '붙젠되히이다안녕활세월사로입니다', 0.001158493368256582), ([[414, 636], [486, 636], [486, 660], [414, 660]], '택해주서서', 0.6519392257032857), ([[357, 655], [385, 655], [385, 673], [357, 673]], '우선', 0.9999891261304003), ([[413, 657], [437, 657], [437, 673], [413, 673]], '합느', 0.1416252079928053), ([[471, 657], [499, 657], [499, 673], [471, 673]], '하로', 0.9998367270131272), ([[483, 637], [559, 637], [559, 679], [483, 679]], '활살렉엇명', 0.008431950060019193), ([[542, 652], [632, 652], [632, 676], [542, 676]], '않있습니다..!', 0.16078694953395517), ([[383, 673], [411, 673], [411, 689], [383, 689]], '햇년', 0.8923596793622572), ([[497, 673], [541, 673], [541, 691], [497, 691]], '켓네요', 0.8893595601652539), ([[501, 683], [531, 683], [531, 703], [501, 703]], '찬뜩', 0.8619594875288509), ([[601, 685], [761, 685], [761, 705], [601, 705]], '한거 어디사는 누구나고 .', 0.44870935846868054), ([[362, 702], [386, 702], [386, 738], [362, 738]], '{흙', 0.050831213061187604), ([[383, 717], [425, 717], [425, 735], [383, 735]], '편예서', 0.9228461161366984), ([[421, 681], [607, 681], [607, 741], [421, 741]], '%등국출올록러다고', 0.0032550543418876456), ([[359, 749], [441, 749], [441, 767], [359, 767]], '2012/12/30', 0.8211026786360331), ([[367, 969], [435, 969], [435, 987], [367, 987]], '2012.12.30', 0.8958051972355932), ([[364, 986], [434, 986], [434, 1010], [364, 1010]], '### *]', 0.13559848705074637), ([[314, 1011], [487, 1011], [487, 1032], [314, 1032]], '"+권:/-9.**77 감]6;<2<아가/', 5.743252412869246e-07), ([[341, 1035], [459, 1035], [459, 1053], [341, 1053]], '5커리39@9굽|_(작', 4.7508367783050386e-05), ([[337, 1079], [369, 1079], [369, 1095], [337, 1095]], '[*미+', 0.00779156107455492), ([[366, 1070], [466, 1070], [466, 1096], [366, 1096]], '치금번#다#*', 0.008288139101885122)]
[([[163, 494], [647, 494], [647, 538], [163, 538]], '20121230 (이7,시,리,이아아둥#3', 0.0006590319047489703), ([[287, 535], [375, 535], [375, 571], [287, 571]], '6;7+어', 0.018431722153014824), ([[392, 527], [529, 527], [529, 581], [392, 581]], '니', 0.006922609496050003), ([[408, 658], [492, 658], [492, 699], [408, 699]], '!자4', 0.02244844902563355), ([[312.2802656784306, 663.3885579247043], [417.6505265824214, 654.3648683016238], [419.7197343215694, 691.6114420752957], [314.3494734175786, 700.6351316983762]], '8.니*7 /', 0.0012917258046524047)]
