2069164
46
[([[16, 8], [462, 8], [462, 60], [16, 60]], '0) [3+주@@@@/@남@@@의', 0.0007214866274849412), ([[1237, 227], [1421, 227], [1421, 289], [1237, 289]], '감우남께', 0.6731882095336914), ([[1166, 295], [1489, 295], [1489, 357], [1166, 357]], '자지름 빨아달라', 0.43851641436524064), ([[1185, 363], [1475, 363], [1475, 425], [1185, 425]], '부탁해 보앗다.', 0.6765796942816464)]
[([[154, 796], [254, 796], [254, 847], [154, 847]], '네?', 0.9999529644410586)]
[([[145, 75], [195, 75], [195, 119], [145, 119]], '@', 0.5368772263956458), ([[201, 99], [251, 99], [251, 137], [201, 137]], '(', 0.4689125487415282), ([[89, 117], [143, 117], [143, 161], [89, 161]], '@', 0.24641440847613527), ([[168, 138], [220, 138], [220, 186], [168, 186]], '@', 0.9941946131239234), ([[1191, 421], [1389, 421], [1389, 485], [1191, 485]], '감우님..!!', 0.6219681154854981), ([[1069, 491], [1510, 491], [1510, 553], [1069, 553]], '이렇게 부탁드립니다!', 0.237930838036882), ([[1039, 558], [1539, 558], [1539, 626], [1039, 626]], '제발 한번만 빨아주세요', 0.6155670145413498), ([[88.22726851413617, 150.04996755884855], [200.96972438455435, 188.3980109864315], [181.77273148586383, 238.95003244115145], [70.03027561544565, 201.6019890135685]], '@ (', 0.7768183350563049)]
[([[143, 75], [195, 75], [195, 119], [143, 119]], '@', 0.32458498735854846), ([[201, 99], [251, 99], [251, 137], [201, 137]], '(', 0.6227279948652722), ([[89, 117], [143, 117], [143, 159], [89, 159]], '6', 0.2606260261500779), ([[170, 138], [222, 138], [222, 188], [170, 188]], '@', 0.998359042611785), ([[1216, 276], [1467, 276], [1467, 348], [1216, 348]], '뽑정기 지남', 0.111145494740202), ([[1117, 809], [1391, 809], [1391, 869], [1117, 869]], '죄. 죄송해요..', 0.47450243315544244), ([[1003, 875], [1503, 875], [1503, 935], [1003, 935]], '아무리 그래도 그런 부탁은', 0.9072070494361085), ([[1047, 941], [1461, 941], [1461, 1001], [1047, 1001]], '들어드리기 힘들어요.', 0.7709068676664768), ([[89.21727292457167, 151.05127422674474], [200.9645147453872, 187.34841435554594], [182.7827270754283, 238.94872577325526], [70.0354852546128, 201.65158564445406]], '@ (', 0.9544863104820251)]
[([[145, 75], [197, 75], [197, 119], [145, 119]], '@', 0.46696367455783516), ([[201, 99], [251, 99], [251, 137], [201, 137]], '(', 0.44675328727317165), ([[89, 117], [145, 117], [145, 161], [89, 161]], '@', 0.2930153679359968), ([[168, 138], [220, 138], [220, 186], [168, 186]], '@', 0.9954692301603387), ([[1193, 603], [1389, 603], [1389, 663], [1193, 663]], '그렇군요..', 0.4840335484906374), ([[1091, 667], [1203, 667], [1203, 727], [1091, 727]], '후우 .', 0.9005469083786011), ([[1225, 669], [1491, 669], [1491, 729], [1225, 729]], '그럼 동정으로', 0.973599987067172), ([[1111, 733], [1471, 733], [1471, 793], [1111, 793]], '생흘 마감할 수밖에', 0.4002049983891496), ([[1193, 799], [1385, 799], [1385, 859], [1193, 859]], '없젯네요.', 0.584006875703542), ([[89.13175685787554, 149.05405486300432], [204.95509249272658, 188.2083634561124], [183.86824314212447, 242.94594513699568], [68.04490750727341, 203.7916365438876]], '@ (', 0.9462102055549622)]
[([[1143, 655], [1349, 655], [1349, 715], [1143, 715]], '저. 언젠가', 0.6609373818096602), ([[1067, 721], [1425, 721], [1425, 781], [1067, 781]], '분명 좋은 여성분올', 0.5609259955777313), ([[1033, 783], [1459, 783], [1459, 848], [1033, 848]], '만나실 수 있을 거에요', 0.46009025260338526)]
[([[1140, 730], [1344, 730], [1344, 784], [1140, 784]], '아뇨 . 그건', 0.27342559783257375), ([[1059, 793], [1429, 793], [1429, 853], [1059, 853]], '아마도 무리입니다..', 0.575798533748931)]
[([[131, 83], [219, 83], [219, 213], [131, 213]], '0', 0.5289384826937749), ([[1165, 928], [1401, 928], [1401, 982], [1165, 982]], '네.?어째서.', 0.6994084829941473)]
[([[54, 154], [284, 154], [284, 210], [54, 210]], '보시다시피.', 0.834110290613271), ([[1080, 586], [1198, 586], [1198, 640], [1080, 640]], '에.!?', 0.714573929835998), ([[253, 879], [507, 879], [507, 939], [253, 939]], '많은 여성분올', 0.9525612825081221), ([[268, 942], [490, 942], [490, 998], [268, 998]], '만나방지만..', 0.2662916724171001), ([[208, 1004], [550, 1004], [550, 1060], [208, 1060]], '제 자지틀 보자마자', 0.4757408545875374), ([[248, 1066], [510, 1066], [510, 1122], [248, 1122]], '도망가더군요..', 0.8448607812114605), ([[347, 1357], [449, 1357], [449, 1425], [347, 1425]], '빠;', 0.19980879567167958), ([[449, 1559], [549, 1559], [549, 1645], [449, 1645]], '빵', 0.10595561228002737), ([[1131, 1919], [1309, 1919], [1309, 1979], [1131, 1979]], '그. 그런.', 0.716869006683799), ([[995, 1987], [1471, 1987], [1471, 2051], [995, 2051]], '이렇게나 늘름하신데..0', 0.41570339696108494)]
[([[758, 392], [936, 392], [936, 468], [758, 468]], '빠@', 0.5759539955408913), ([[1043, 653], [1291, 653], [1291, 715], [1043, 715]], '가  감우님?', 0.5043164005738339), ([[196, 1087], [367, 1087], [367, 1149], [196, 1149]], '밥소사.!', 0.4254651314009915), ([[107, 1155], [453, 1155], [453, 1215], [107, 1215]], '감우남이 자지냄새', 0.3295157237553518), ([[1258, 1140], [1362, 1140], [1362, 1192], [1258, 1192]], '크옥 ', 0.2720504248142641), ([[45, 1219], [487, 1219], [487, 1281], [45, 1281]], '맡으면서 발정하고 있어', 0.816716200077327), ([[1119, 1197], [1512, 1197], [1512, 1262], [1119, 1262]], "따뜻한 숨결이 닿아서'", 0.6118907791104774), ([[1143, 1265], [1487, 1265], [1487, 1325], [1143, 1325]], '자지 터질거 같아 .!', 0.6061614185264332), ([[256.8956847392515, 391.0611626532638], [421.5042865691206, 416.89057291257166], [404.1043152607485, 500.9388373467362], [240.49571343087936, 476.10942708742834]], '하아', 0.45345625765803416)]
[([[97, 63], [359, 63], [359, 243], [97, 243]], '주', 0.6054912052223358), ([[1273, 221], [1532, 221], [1532, 368], [1273, 368]], '메죽', 0.021385042620111934), ([[809, 345], [1063, 345], [1063, 507], [809, 507]], '예로', 0.011199580436218605), ([[785, 638], [907, 638], [907, 698], [785, 698]], '옷 .!?', 0.6466988285026464), ([[735, 711], [957, 711], [957, 771], [735, 771]], '오오오옷]', 0.3865243153705428), ([[111, 1192], [334, 1192], [334, 1252], [111, 1252]], '감우님께서', 0.6170304846543205), ([[1171, 1061], [1353, 1061], [1353, 1296], [1171, 1296]], '뜻', 0.06461323683072706), ([[43, 1259], [405, 1259], [405, 1321], [43, 1321]], '나같은놈의 자지틀', 0.33402743498469867), ([[1, 1327], [411, 1327], [411, 1389], [1, 1389]], '격하게 빨아주시다니', 0.9305856586292107), ([[589, 1351], [798, 1351], [798, 1496], [589, 1496]], '소와', 0.024022406161466458), ([[212, 1606], [458, 1606], [458, 1752], [212, 1752]], ']움', 0.034802278609012374), ([[1093, 1569], [1369, 1569], [1369, 1825], [1093, 1825]], '표', 0.19808438547166052), ([[1108, 1892], [1238, 1892], [1238, 1946], [1108, 1946]], '크옥  !', 0.23934426316837826), ([[974, 1953], [1369, 1953], [1369, 2018], [974, 2018]], '능숙하게 기둥위주로', 0.9941029230798993), ([[1059, 2021], [1287, 2021], [1287, 2081], [1059, 2081]], '공락까지..!!', 0.4559385193680473), ([[1321.63283961763, 493.217333935202], [1539.6925918898564, 460.60618645914184], [1548.36716038237, 572.782666064798], [1330.3074081101436, 605.3938135408581]], '혜너', 0.04728650883957851), ([[577.8841379343434, 1560.0346207429282], [815.830757222136, 1606.6183378866067], [780.1158620656566, 1756.9653792570718], [542.169242777864, 1710.3816621133933]], '찢안 ', 0.055362265557050705)]
[([[1166, 68], [1268, 68], [1268, 124], [1166, 124]], '옷. !!', 0.15736159323678836), ([[1063, 137], [1369, 137], [1369, 199], [1063, 199]], '가 간다 . !정액', 0.7278918357742526), ([[1103, 207], [1331, 207], [1331, 269], [1103, 269]], '올라온다 .!', 0.3947960933001294), ([[195, 331], [389, 331], [389, 487], [195, 487]], '품', 0.2851775584900338), ([[716, 438], [866, 438], [866, 584], [716, 584]], '품', 0.8800445454954939), ([[356, 522], [648, 522], [648, 703], [356, 703]], '주원', 0.18216129641502124), ([[1097, 1047], [1369, 1047], [1369, 1111], [1097, 1111]], '느오오오옷]', 0.36970645502832084), ([[207, 1121], [381, 1121], [381, 1283], [207, 1283]], '통9', 0.032043681804830686), ([[926, 1166], [1050, 1166], [1050, 1532], [926, 1532]], '4', 0.2049485321880553), ([[1346, 1811], [1468, 1811], [1468, 1871], [1346, 1871]], '옷..9', 0.39761364459991455), ([[1296, 1880], [1519, 1880], [1519, 1944], [1296, 1944]], '오욕..90', 0.2862581214635019), ([[766, 1939], [1141, 1939], [1141, 2182], [766, 2182]], '곡육', 0.017144796012099055), ([[375.839169569908, 155.03371660241766], [616.3196701713281, 199.97568166049268], [578.160830430092, 366.96628339758234], [337.680329828672, 322.0243183395073]], '%원', 0.012834143690120398)]
[([[1307, 220], [1459, 220], [1459, 276], [1307, 276]], '감우님..', 0.4529245018602349), ([[84, 388], [302, 388], [302, 444], [84, 444]], '하아 하아:', 0.31101743784041624), ([[167, 806], [325, 806], [325, 862], [167, 862]], '감우님]', 0.4659602642059326), ([[105, 869], [389, 869], [389, 929], [105, 929]], '부탁드럽니다]', 0.3013470167296435), ([[107, 935], [397, 935], [397, 995], [107, 995]], '교미해 주세요', 0.9989948834183137), ([[972, 1332], [1214, 1332], [1214, 1386], [972, 1386]], '감우님 보지로', 0.707727248021288), ([[969, 1387], [1219, 1387], [1219, 1450], [969, 1450]], '동정 졸업하게', 0.9971263802801681), ([[1002, 1452], [1188, 1452], [1188, 1506], [1002, 1506]], '해주세요', 0.9995661973953247), ([[612, 1724], [694, 1724], [694, 1800], [612, 1800]], '운국', 0.1746006773709926), ([[1004, 1724], [1198, 1724], [1198, 1772], [1004, 1772]], '아 알켓으니', 0.15951562637206998), ([[461, 1773], [543, 1773], [543, 1833], [461, 1833]], '문', 0.9996963969867103), ([[1016, 1773], [1187, 1773], [1187, 1823], [1016, 1823]], '옷에 비비지', 0.6071993326109003), ([[1009, 1827], [1185, 1827], [1185, 1871], [1009, 1871]], '말아주세요.', 0.6763093873911791), ([[959.8853804785438, 262.14035358907785], [1149.5736887062972, 230.95238805308], [1163.1146195214562, 368.85964641092215], [972.4263112937028, 400.04761194692003]], '물쩍', 0.15204524370793093)]
[([[986, 120], [1126, 120], [1126, 174], [986, 174]], '저기 ', 0.5119984688499506), ([[941, 889], [1031, 889], [1031, 933], [941, 933]], '보지', 0.7509431079940533), ([[158, 1054], [354, 1054], [354, 1108], [158, 1108]], '이런자세는', 0.7976551929492846), ([[110, 1111], [400, 1111], [400, 1166], [110, 1166]], '조금 부끄럽네요.', 0.6082380981475771), ([[173, 1983], [433, 1983], [433, 2043], [173, 2043]], '감우님 보지.!', 0.6211071144222616), ([[1203, 1968], [1448, 1968], [1448, 2104], [1203, 2104]], '하0', 0.1878138681790593)]
[([[192, 514], [328, 514], [328, 570], [192, 570]], '보지!!', 0.08859594717247975), ([[1217, 552], [1350, 552], [1350, 614], [1217, 614]], '양00', 0.7505631338004566), ([[1122, 854], [1242, 854], [1242, 910], [1122, 910]], '울음.!', 0.4031987190246582), ([[1323, 1013], [1429, 1013], [1429, 1097], [1323, 1097]], '3', 0.30969704613301374), ([[1470, 1036], [1542, 1036], [1542, 1120], [1470, 1120]], '품', 0.9851241783050604), ([[1532, 1084], [1556, 1084], [1556, 1112], [1532, 1112]], '0', 0.5223014065735221), ([[173, 1123], [271, 1123], [271, 1185], [173, 1185]], '@0', 0.387693854274665), ([[1383, 1129], [1497, 1129], [1497, 1215], [1383, 1215]], '(30', 0.30027574983408756), ([[76, 1546], [254, 1546], [254, 1714], [76, 1714]], '탓', 0.1340063519998047), ([[1211, 1733], [1529, 1733], [1529, 1963], [1211, 1963]], '낚하', 0.024038902481352892), ([[43, 1941], [273, 1941], [273, 2105], [43, 2105]], '옷', 0.027935074626030065), ([[372, 1868], [544, 1868], [544, 2044], [372, 2044]], '%', 0.013082968937795592), ([[854.4326396116937, 76.00766563267007], [1006.9046176302179, 57.58077558031754], [1052.5673603883063, 487.99233436732993], [899.0953823697821, 506.41922441968245]], '품', 0.9045561603322518), ([[201.98724990230113, 93.02332287993448], [519.1825233823236, 171.05856051471412], [466.01275009769887, 353.9766771200655], [148.8174766176764, 274.9414394852859]], '겨입', 0.0072413858653961)]
[([[1094, 286], [1344, 286], [1344, 342], [1094, 342]], '감우님.! 그럼', 0.7499993527169327), ([[1136, 350], [1304, 350], [1304, 406], [1136, 406]], '동정졸업', 0.906144917011261), ([[1100, 410], [1339, 410], [1339, 473], [1100, 473]], '하켓습니다]', 0.5185038015302511), ([[482, 684], [676, 684], [676, 734], [482, 734]], '네 네에..0', 0.8919739053670261), ([[1347, 735], [1415, 735], [1415, 809], [1347, 809]], '못', 0.10165599806875036), ([[281, 871], [365, 871], [365, 937], [281, 937]], '이', 0.8364088006879342), ([[945, 1655], [1233, 1655], [1233, 1719], [945, 1719]], '오오오오옷]', 0.1802630999729865), ([[0, 1668], [272, 1668], [272, 1777], [0, 1777]], '새(', 0.16330360246848005), ([[0, 1942], [448, 1942], [448, 2161], [0, 2161]], '주유움?', 0.04621085152029991), ([[341.151986269207, 72.10708191517995], [560.8161706472057, 50.4215987794568], [564.848013730793, 189.89291808482005], [345.1838293527943, 211.57840122054318]], '문질 |', 0.6096927523612976)]
[([[650, 58], [982, 58], [982, 114], [650, 114]], '학  희  감우님 보지', 0.19656642998085405), ([[631, 119], [1007, 119], [1007, 179], [631, 179]], '따뜻하고 미골거려서', 0.8714850269910297), ([[715, 183], [923, 183], [923, 243], [715, 243]], '기분좋아 !', 0.5893344924235879), ([[869, 383], [1095, 383], [1095, 571], [869, 571]], '스', 0.02329885587010949), ([[1146, 543], [1378, 543], [1378, 657], [1146, 657]], '치)', 0.10056637757440917), ([[738, 1224], [824, 1224], [824, 1276], [738, 1276]], '옷  .!', 0.4534659250439902), ([[672, 1288], [888, 1288], [888, 1342], [672, 1342]], '가  간닷!!', 0.6513068920584749), ([[69, 1911], [181, 1911], [181, 1975], [69, 1975]], '아양', 0.7048566530778689), ([[872, 1856], [1076, 1856], [1076, 1980], [872, 1980]], '"스', 0.006408937973528835), ([[1049.0474406941576, 230.13682892851827], [1258.4810888903226, 207.98847093917058], [1262.9525593058424, 328.8631710714817], [1053.5189111096774, 351.0115290608294]], '콤렉 -', 0.06276012261576863), ([[1314.9063043096392, 312.1098909415719], [1542.9097086272213, 271.62919605916903], [1562.0936956903608, 446.8901090584281], [1334.0902913727787, 487.37080394083097]], '땅', 0.1642569706213246), ([[878.6748216871018, 1783.0733951839165], [1162.375334623985, 1623.406178385824], [1198.325178312898, 1716.9266048160835], [915.624665376015, 1876.593821614176]], '푹', 0.5475464689940033)]
[([[640, 170], [855, 170], [855, 232], [640, 232]], '허억..허억..', 0.45181997752078107), ([[1121, 431], [1263, 431], [1263, 521], [1121, 521]], '유 0', 0.038087332065986274), ([[288, 629], [425, 629], [425, 694], [288, 694]], '(하행', 0.11972762533211732), ([[1346, 586], [1535, 586], [1535, 682], [1346, 682]], '푸얹이', 0.015583770951432575), ([[116, 850], [205, 850], [205, 907], [116, 907]], '8', 0.05258178036092431), ([[48, 2060], [274, 2060], [274, 2116], [48, 2116]], '하아하아.', 0.5771525204837004), ([[287.5275098489236, 194.3462844712326], [403.2241434921341, 167.4992279082155], [417.4724901510764, 246.6537155287674], [300.7758565078659, 274.50077209178454]], '울움필-', 0.010520796291530132), ([[628.3771287649721, 1377.009239379561], [885.6913263722065, 1622.7026261091235], [763.6228712350279, 1755.990760620439], [506.30867362779355, 1511.2973738908765]], '선@', 0.04287813930360465), ([[38.22118960051424, 1381.0126396958387], [374.99967951285953, 1557.8759706485123], [275.77881039948574, 1736.9873603041613], [-59.99967951285953, 1560.1240293514877]], '{:아', 0.03992515304739718), ([[952.5147060345321, 1739.00588862272], [1095.9858521318902, 1717.22413877864], [1164.485293965468, 2190.99411137728], [1021.0141478681097, 2213.7758612213597]], '흙', 0.35879340354553335)]
[([[407, 145], [629, 145], [629, 349], [407, 349]], '뜻', 0.14135033049193257), ([[1007, 381], [1123, 381], [1123, 521], [1007, 521]], '주', 0.046735201940199866), ([[586, 588], [706, 588], [706, 642], [586, 642]], '옷..!0', 0.432108334102298), ([[103, 991], [169, 991], [169, 1059], [103, 1059]], '칠', 0.35326939981752403), ([[597, 956], [772, 956], [772, 1042], [597, 1042]], '내움빛', 0.07018541761094353), ([[1070, 970], [1335, 970], [1335, 1032], [1070, 1032]], '하아하아..9', 0.33042797609195834), ([[52, 1008], [108, 1008], [108, 1080], [52, 1080]], '왕', 0.47589018883081735), ([[264, 1878], [484, 1878], [484, 1934], [264, 1934]], '해  해낫다..', 0.12137191321786765), ([[219, 1921], [275, 1921], [275, 1957], [219, 1957]], '1 _', 0.1555890440940857), ([[243, 1941], [507, 1941], [507, 2001], [243, 2001]], '감우님 보지로', 0.9638190912926675), ([[146, 1978], [284, 1978], [284, 2028], [146, 2028]], "'", 0.5869691053197847), ([[449, 1991], [577, 1991], [577, 2035], [449, 2035]], "'", 0.5712481591940879), ([[279, 2007], [459, 2007], [459, 2067], [279, 2067]], '동정졸업', 0.8797401189804077)]
[([[79, 205], [147, 205], [147, 285], [79, 285]], '원', 0.9627355042802357), ([[772, 482], [1002, 482], [1002, 538], [772, 538]], '후우  멋대로', 0.6506521345117253), ([[695, 543], [1083, 543], [1083, 603], [695, 603]], '가버려서 죄송합니다', 0.9591206065632266), ([[814, 608], [962, 608], [962, 664], [814, 664]], '감우님.', 0.5870105028152466), ([[687, 671], [1091, 671], [1091, 731], [687, 731]], '너무기분좋아서 그만 .', 0.7091182090162393), ([[949, 1359], [1167, 1359], [1167, 1519], [949, 1519]], '쥐', 0.9723401126419198), ([[1442, 1526], [1538, 1526], [1538, 1604], [1442, 1604]], '배', 0.43346952450278664), ([[1269, 1689], [1363, 1689], [1363, 1775], [1269, 1775]], '빠', 0.06059423234832195), ([[295.00039988004, 74.20195941219593], [473.5221341817723, 54.768056863089164], [477.99960011996, 142.79804058780408], [298.4778658182277, 162.23194313691084]], '(움질 ', 0.08183178305625916)]
[([[482, 132], [697, 132], [697, 259], [482, 259]], '%움', 0.03384229279762588), ([[844, 98], [1071, 98], [1071, 221], [844, 221]], '못원', 0.013372826158963718), ([[708, 242], [874, 242], [874, 362], [708, 362]], '80', 0.18626864801519513), ([[1155, 407], [1301, 407], [1301, 467], [1155, 467]], '으응움.', 0.34718483686447144), ([[1136, 475], [1336, 475], [1336, 535], [1136, 535]], '감우님.!!!', 0.40851803810764253), ([[312, 612], [400, 612], [400, 664], [312, 664]], '아양', 0.7686615046471418), ([[603, 765], [935, 765], [935, 929], [603, 929]], '주움', 0.10638891371615126), ([[1161, 943], [1509, 943], [1509, 1005], [1161, 1005]], '자지 녹울것같아 .!', 0.34591077479563426), ([[1159, 1009], [1511, 1009], [1511, 1069], [1159, 1069]], '벌써 정액 싸버질것', 0.3877885811292619), ([[1251, 1068], [1418, 1068], [1418, 1136], [1251, 1136]], '같아요', 0.9968618040372452), ([[998, 1332], [1259, 1332], [1259, 1492], [998, 1492]], '무등', 0.03353970324276101), ([[290, 1536], [584, 1536], [584, 1592], [290, 1592]], '네에9 참지말고', 0.7346633777675162), ([[260, 1598], [572, 1598], [572, 1654], [260, 1654]], '(전부 싸주세요.0', 0.5736382701782478), ([[652, 1634], [860, 1634], [860, 1782], [652, 1782]], '주', 0.6482797236130331), ([[1290, 1942], [1414, 1942], [1414, 1994], [1290, 1994]], '으라  !', 0.5414021108631973), ([[1234, 2008], [1470, 2008], [1470, 2062], [1234, 2062]], '으라]! 으라분', 0.17420426657957477), ([[1187, 2071], [1517, 2071], [1517, 2131], [1187, 2131]], '정액 올라온다!', 0.9018054171007654), ([[171.3973688765007, 862.7947377530014], [471.8659911320757, 772.8884622041164], [504.6026311234993, 913.2052622469986], [204.13400886792428, 1004.1115377958836]], '곧암', 0.01402778943782089), ([[625.4841872303268, 1084.3114484898304], [949.4585659461862, 1009.3101324322352], [974.5158127696732, 1179.6885515101696], [650.5414340538138, 1254.6898675677648]], '프거_', 0.04186443774478656), ([[198.23561418059822, 1097.2021764280678], [543.8977688424798, 1041.595147966882], [557.7643858194018, 1202.7978235719322], [211.10223115752024, 1259.404852033118]], '몸움', 0.01410766028722123), ([[599.1018319319113, 1407.106304194011], [831.3861582535376, 1380.5209367207156], [838.8981680680887, 1529.893695805989], [606.6138417464624, 1556.4790632792844]], '숫쥐', 0.06975721755535066), ([[1045.3250434477113, 1568.0879127532576], [1250.8341430403293, 1554.4456935144215], [1250.6749565522887, 1694.9120872467424], [1045.1658569596707, 1707.5543064855785]], '논적', 0.2614939416404098)]
[([[346, 474], [486, 474], [486, 548], [346, 548]], '@양', 0.6229830802066044), ([[74, 734], [413, 734], [413, 800], [74, 800]], '그오오오오옷빛', 0.16197211798048292), ([[874, 1244], [998, 1244], [998, 1340], [874, 1340]], '_', 0.11470432348141912), ([[629, 1655], [739, 1655], [739, 1773], [629, 1773]], '4', 0.11283774546235747), ([[1315.2912256373452, -40.98743702686373], [1571.7667147944414, 140.95418545620242], [1470.7087743626548, 280.98743702686374], [1214.2332852055586, 98.04581454379759]], '-@', 0.026542733567033232), ([[1041.6343162546514, 1391.0055731525683], [1130.4586809526802, 1372.0087693799323], [1205.3656837453486, 1742.9944268474317], [1115.5413190473198, 1761.9912306200677]], '불', 0.7153850717111574), ([[512.8628131650304, 1583.176878990182], [591.7817154023079, 1530.0235243216891], [672.1371868349696, 1668.823121009818], [593.2182845976921, 1721.9764756783109]], '부', 0.9405208174385393)]
[([[1028, 76], [1296, 76], [1296, 356], [1028, 356]], '론', 0.019271201325079312), ([[1334, 194], [1476, 194], [1476, 320], [1334, 320]], '푹', 0.02226972287671658), ([[410, 378], [552, 378], [552, 482], [410, 482]], '꽃;', 0.020454577339295718), ([[242, 548], [427, 548], [427, 672], [242, 672]], '휴위', 0.21435916656644297), ([[547, 847], [649, 847], [649, 907], [547, 907]], '응울', 0.15239920583627603), ([[661, 851], [705, 851], [705, 895], [661, 895]], '0', 0.8474144765450689), ([[1002, 1115], [1290, 1115], [1290, 1172], [1002, 1172]], '두번째인데 잔뜩', 0.9917144573483757), ([[48, 1172], [294, 1172], [294, 1222], [48, 1222]], '하아하아 .0', 0.28610662091220246), ([[998, 1175], [1292, 1175], [1292, 1231], [998, 1231]], '사정하세네요.0', 0.8522666377660583), ([[442, 1292], [522, 1292], [522, 1342], [442, 1342]], '하리', 0.4232434305686354), ([[1213, 2127], [1515, 2127], [1515, 2187], [1213, 2187]], '이후3번 더(다.', 0.5057726834906064), ([[97, 2163], [501, 2163], [501, 2223], [97, 2223]], '[3욕@@걱-어교| @@@끊@', 6.591413003600454e-06)]
[([[16, 8], [462, 8], [462, 60], [16, 60]], '0) 젠3+주@@@@/@훨@어@의', 0.000654423844558641)]
[]
[([[143, 75], [197, 75], [197, 119], [143, 119]], '@', 0.24706808157689242), ([[201, 101], [251, 101], [251, 137], [201, 137]], '@', 0.3403019545133965), ([[89, 117], [145, 117], [145, 161], [89, 161]], '@', 0.26452084827085187), ([[168, 138], [220, 138], [220, 186], [168, 186]], '@', 0.9940719505415387), ([[89.14231399598147, 148.05274336744995], [204.95509249272658, 188.2083634561124], [183.85768600401852, 242.94725663255005], [68.04490750727341, 203.7916365438876]], '@ (', 0.8815851211547852)]
[([[143, 75], [197, 75], [197, 119], [143, 119]], '@', 0.24706808157689242), ([[201, 101], [251, 101], [251, 137], [201, 137]], '@', 0.3403019545133965), ([[89, 117], [145, 117], [145, 161], [89, 161]], '@', 0.26452084827085187), ([[168, 138], [220, 138], [220, 186], [168, 186]], '@', 0.9940719505415387), ([[89.14231399598147, 148.05274336744995], [204.95509249272658, 188.2083634561124], [183.85768600401852, 242.94725663255005], [68.04490750727341, 203.7916365438876]], '@ (', 0.8815851211547852)]
[([[143, 75], [197, 75], [197, 119], [143, 119]], '@', 0.24706808157689242), ([[201, 101], [251, 101], [251, 137], [201, 137]], '@', 0.3403019545133965), ([[89, 117], [145, 117], [145, 161], [89, 161]], '@', 0.26452084827085187), ([[168, 138], [220, 138], [220, 186], [168, 186]], '@', 0.9940719505415387), ([[89.14231399598147, 148.05274336744995], [204.95509249272658, 188.2083634561124], [183.85768600401852, 242.94725663255005], [68.04490750727341, 203.7916365438876]], '@ (', 0.8815851211547852)]
[]
[]
[([[131, 83], [219, 83], [219, 211], [131, 211]], '0', 0.9078237050524685)]
[]
[]
[]
[]
[]
[]
[]
[]
[([[1031.3560570951136, 1732.0416396323737], [1152.7947264153786, 1626.853977295867], [1176.6439429048864, 1664.9583603676263], [1056.2052735846214, 1770.146022704133]], '투4', 0.012022187454618501)]
[]
[]
[]
[]
[([[876, 1240], [996, 1240], [996, 1340], [876, 1340]], '_', 0.1979231543155926)]
[([[1099, 53], [1491, 53], [1491, 405], [1099, 405]], '목', 0.7723780263673383), ([[97, 2163], [501, 2163], [501, 2223], [97, 2223]], '[3욕@@값-어교| @.@끊@', 7.03523735894654e-06)]
