2069151
40
[([[180, 327], [387, 327], [387, 382], [180, 382]], '어때 리사?', 0.8995735606339431), ([[31, 387], [506, 387], [506, 452], [31, 452]], '무슨 저주인지 알거 같아?', 0.8889839714244486), ([[80, 2163], [525, 2163], [525, 2232], [80, 2232]], '[라.@:하어마|해영칭어명', 1.603077962715907e-05)]
[([[104, 352], [162, 352], [162, 408], [104, 408]], '음.', 0.8797799789242386), ([[181, 349], [309, 349], [309, 409], [181, 409]], '글쎄?', 0.9991106208687853), ([[0, 417], [411, 417], [411, 479], [0, 479]], '외관상으로는 아무런', 0.9933396793012154), ([[53, 485], [351, 485], [351, 547], [53, 547]], '이상이 없는데..', 0.37090375223469085), ([[1061, 1229], [1445, 1229], [1445, 1294], [1061, 1294]], '좀더 정말한 검사틀', 0.1740129659596544), ([[1108, 1296], [1395, 1296], [1395, 1361], [1108, 1361]], '해보지 않으면', 0.9760433720590398), ([[1115, 1367], [1395, 1367], [1395, 1429], [1115, 1429]], '모르켓는길.?', 0.3085902887117313)]
[([[194, 250], [294, 250], [294, 300], [194, 300]], '하아', 0.9999671256164323), ([[84, 313], [418, 313], [418, 369], [84, 369]], '자세히 보라니까?', 0.9743067816421198), ([[69, 375], [431, 375], [431, 438], [69, 438]], '정말 이상한 문양이', 0.7870951466609509), ([[33, 440], [471, 440], [471, 502], [33, 502]], '생겨서 성가시게 한다고', 0.9751819427845674)]
[([[3, 419], [425, 419], [425, 481], [3, 481]], '응? 문양이라면 혹시.', 0.9801819447294137), ([[650, 1564], [776, 1564], [776, 1664], [650, 1664]], '봄?', 0.03657076045358385), ([[490, 1890], [614, 1890], [614, 2060], [490, 2060]], '[', 0.11526576099641161)]
[([[49, 421], [381, 421], [381, 487], [49, 487]], '헤에 .? 생각외의', 0.6852670771142229), ([[111, 491], [323, 491], [323, 553], [111, 553]], '저주인걸?', 0.7824141631887547), ([[1169, 1235], [1507, 1235], [1507, 1295], [1169, 1295]], '무  무슨 저주인지', 0.7088929814301361), ([[1136, 1302], [1538, 1302], [1538, 1358], [1136, 1358]], '알앗으면 그만 찌르고', 0.46556903398938926), ([[1160, 1366], [1512, 1366], [1512, 1422], [1160, 1422]], '빨리 저주나 풀어쥐', 0.9847744172167135), ([[647, 1563], [775, 1563], [775, 1649], [647, 1649]], '달0', 0.0058888233782049635), ([[866, 1732], [994, 1732], [994, 1828], [866, 1828]], '및', 0.049693765120800926), ([[490, 1888], [616, 1888], [616, 2060], [490, 2060]], '[', 0.13984841332472797)]
[([[117, 379], [441, 379], [441, 443], [117, 443]], '후춧이 알켓으니', 0.1618251158006132), ([[973, 373], [1086, 373], [1086, 447], [973, 447]], '하다', 0.3387195467287244), ([[97, 447], [461, 447], [461, 509], [97, 509]], '조금만 쉬고있어9', 0.9737180189333325), ([[579.8525674214488, 353.0827152079972], [687.2494651199621, 367.616916277351], [675.1474325785512, 437.9172847920028], [567.7505348800379, 423.383083722649]], '판)', 0.05280355625913918)]
[([[441, 141], [569, 141], [569, 255], [441, 255]], '75', 0.018339356176945733), ([[144, 292], [254, 292], [254, 348], [144, 348]], '응..9', 0.3742092549800873), ([[798, 780], [948, 780], [948, 836], [798, 836]], '으응.9', 0.7627284526824951), ([[434, 1914], [530, 1914], [530, 2010], [434, 2010]], '@', 0.12040199061438361), ([[739, 2021], [831, 2021], [831, 2107], [739, 2107]], '빚', 0.02839285469520192), ([[134.917048275955, 635.1280910352356], [419.3186138112457, 602.8360871608028], [425.082951724045, 749.8719089647644], [140.68138618875432, 781.1639128391972]], '1~꿈', 0.3379008465499251)]
[([[713, 35], [937, 35], [937, 95], [713, 95]], '기분 좋아서', 0.6696260332806309), ([[760, 100], [890, 100], [890, 154], [760, 154]], '머리가', 0.5474154949188232), ([[637, 163], [1009, 163], [1009, 223], [637, 223]], '이상해질 것 같아.0', 0.7000133853005458), ([[1308, 550], [1416, 550], [1416, 600], [1308, 600]], '저기.', 0.46946371917661506), ([[156, 938], [240, 938], [240, 986], [156, 986]], '!?!?', 0.7141966223716736), ([[1145, 1495], [1279, 1495], [1279, 1643], [1145, 1643]], '쥐', 0.6483745576296975), ([[1191, 1611], [1323, 1611], [1323, 1767], [1191, 1767]], '월 ,', 0.10423730297477866), ([[388.46050308407604, 1055.3657104858585], [519.9771148696556, 1031.3149434395398], [528.5394969159239, 1106.6342895141415], [398.0228851303444, 1130.6850565604602]], '가씩', 0.006699167375413165)]
[([[106, 550], [400, 550], [400, 604], [106, 604]], '이야~놀래켜드길', 0.5424779376575299), ([[114, 608], [396, 608], [396, 664], [114, 664]], '생각은 없엎논데', 0.5053509885217764), ([[156, 668], [352, 668], [352, 724], [156, 724]], '죄송합니다', 0.8375063642585322), ([[914, 704], [1066, 704], [1066, 756], [914, 756]], '뭐.뭐야', 0.6006566286087036), ([[867, 765], [1115, 765], [1115, 829], [867, 829]], '이동당이논?', 0.11574661907106655), ([[876, 1004], [1022, 1004], [1022, 1056], [876, 1056]], '아! 저논', 0.7552047170905731), ([[785, 1059], [1115, 1059], [1115, 1119], [785, 1119]], '리사님 부탁으로 온', 0.7563130867899749), ([[834, 1122], [1068, 1122], [1068, 1176], [834, 1176]], '퇴마사입니다', 0.9216763239937493), ([[100, 1566], [306, 1566], [306, 1614], [100, 1614]], '뭐 퇴마사 .?', 0.8307569544797231), ([[1098, 1560], [1406, 1560], [1406, 1616], [1098, 1616]], '하하하 이래쾌도', 0.7292746426832293), ([[63, 1617], [340, 1617], [340, 1680], [63, 1680]], '리사는 어디가고', 0.7033687360681542), ([[1097, 1623], [1405, 1623], [1405, 1683], [1097, 1683]], '이쪽 분야에서는', 0.4198585637502051), ([[152, 1682], [250, 1682], [250, 1730], [152, 1730]], '너가.', 0.8734095224226786), ([[1145, 1689], [1359, 1689], [1359, 1749], [1145, 1749]], '베테랑이니', 0.943294000734785), ([[1055, 1752], [1445, 1752], [1445, 1815], [1055, 1815]], '안심하고 맡겨주세요', 0.631473693389402), ([[982, 2022], [1088, 2022], [1088, 2070], [982, 2070]], '아니', 0.9999593706797852), ([[974, 2084], [1098, 2084], [1098, 2138], [974, 2138]], '리사는', 0.5066239875522364), ([[924, 2144], [1148, 2144], [1148, 2198], [924, 2198]], '어덧나니까?', 0.32192928897423645)]
[([[1054, 176], [1286, 176], [1286, 232], [1054, 232]], '자 그럼바로', 0.9802902234964884), ([[1025, 236], [1319, 236], [1319, 299], [1025, 299]], '시작해 볼까요?', 0.9063678364889544), ([[162, 378], [258, 378], [258, 428], [162, 428]], '에?', 0.9995024505679108), ([[227, 609], [395, 609], [395, 729], [227, 729]], '텔행', 0.2550347105417129), ([[1085, 1587], [1349, 1587], [1349, 1647], [1085, 1647]], '아이쪽은 너무', 0.9849892106304056), ([[1070, 1649], [1365, 1649], [1365, 1709], [1070, 1709]], '의식하실 필요는', 0.5962465544453117), ([[1136, 1714], [1300, 1714], [1300, 1770], [1136, 1770]], '없습니다', 0.9074894785881042), ([[582, 2016], [858, 2016], [858, 2070], [582, 2070]], '저주률 풀기위한', 0.4570660667767768), ([[608, 2076], [834, 2076], [834, 2128], [608, 2128]], '도구? 좀으로', 0.7841162579350783), ([[296, 2122], [476, 2122], [476, 2202], [296, 2202]], '에에:!?', 0.2617058050170056), ([[602, 2133], [841, 2133], [841, 2186], [602, 2186]], '생각해 주세요', 0.9919798519895072)]
[([[533, 133], [659, 133], [659, 249], [533, 249]], '꽃', 0.04434314200917644), ([[1275, 279], [1373, 279], [1373, 341], [1275, 341]], '응어', 0.6146452429619306), ([[222, 374], [314, 374], [314, 430], [222, 430]], '응9', 0.5849246570030908), ([[833, 321], [969, 321], [969, 455], [833, 455]], '국', 0.2143521657491334), ([[736, 786], [872, 786], [872, 840], [736, 840]], '자 그럼', 0.6060210400484739), ([[657, 847], [953, 847], [953, 907], [657, 907]], '자지넣젯습니다', 0.6991191047304854), ([[122, 1210], [210, 1210], [210, 1264], [122, 1264]], '@', 0.9926206616114577), ([[183, 1648], [502, 1648], [502, 1841], [183, 1841]], '과', 0.19028416180940955), ([[1261, 1786], [1515, 1786], [1515, 1847], [1261, 1847]], '금방 끝날테니', 0.9623698106037213), ([[1219, 1847], [1555, 1847], [1555, 1910], [1219, 1910]], '조금만 참아주세요', 0.6531827513170392), ([[123, 1977], [277, 1977], [277, 2040], [123, 2040]], '흐응..0', 0.6187545119572281), ([[37, 2045], [365, 2045], [365, 2105], [37, 2105]], '배는 만지지마..9', 0.3795790432007478), ([[1271, 2121], [1437, 2121], [1437, 2181], [1271, 2181]], '자  잠깐.', 0.6476502355847987)]
[([[862, 126], [1010, 126], [1010, 278], [862, 278]], '@', 0.019801232087136356), ([[1258, 166], [1342, 166], [1342, 218], [1258, 218]], '옷  !', 0.35667499899864197), ([[1177, 227], [1423, 227], [1423, 287], [1177, 287]], '미끄러지듯이', 0.9957536260916325), ([[1144, 292], [1456, 292], [1456, 348], [1144, 348]], '빨려 들어가네요', 0.9718975954299026), ([[1068, 1204], [1292, 1204], [1292, 1264], [1068, 1264]], '그럼단숨에', 0.98197608485934), ([[1091, 1271], [1269, 1271], [1269, 1331], [1091, 1331]], '자궁까지', 0.910675585269928), ([[1057, 1337], [1309, 1337], [1309, 1397], [1057, 1397]], '넣젯습니다 .!', 0.5254438362764432), ([[7, 1757], [169, 1757], [169, 1931], [7, 1931]], '탑', 0.7217025061945073)]
[([[164, 36], [254, 36], [254, 90], [164, 90]], '후우.', 0.6956579150666511), ([[972, 60], [1138, 60], [1138, 114], [972, 114]], '그럼 슬슬', 0.6547398191304471), ([[76, 94], [358, 94], [358, 150], [76, 150]], '넣은 것만으로도', 0.9856861381894472), ([[996, 118], [1116, 118], [1116, 172], [996, 172]], '움직여', 0.9992655302455767), ([[94, 154], [336, 154], [336, 208], [94, 208]], '뜨겁게 감싸녀', 0.26972759464687623), ([[954, 178], [1160, 178], [1160, 232], [954, 232]], '보켓습니다!', 0.662166772800937), ([[64, 214], [360, 214], [360, 268], [64, 268]], '쥐어짜이는 느낌.', 0.5851286225308081), ([[746, 630], [1016, 630], [1016, 684], [746, 684]], '일반적인 남성은', 0.9780855755587319), ([[802, 685], [958, 685], [958, 742], [802, 742]], '넣자마자', 0.818181574344635), ([[766, 746], [992, 746], [992, 798], [766, 798]], '싸버럿올지도', 0.4227978356897569), ([[784, 802], [978, 802], [978, 856], [784, 856]], '모르켓군요', 0.7416873902500933), ([[1236, 1014], [1398, 1014], [1398, 1064], [1236, 1064]], '옷.! 옷  .!', 0.37110406843811294), ([[0, 1030], [140, 1030], [140, 1198], [0, 1198]], '텅', 0.1499670683051244), ([[432, 1534], [714, 1534], [714, 1590], [432, 1590]], '유라님 그렇게나', 0.9674194637779437), ([[414, 1594], [726, 1594], [726, 1648], [414, 1648]], '기분 중으십니까!7', 0.23156460291392142), ([[1163.6911291333302, 54.651371179993184], [1397.0741788346256, -30.898161230916948], [1438.3088708666698, 106.34862882000681], [1204.9258211653744, 192.89816123091694]], '직움', 0.023519717577365568), ([[372.13935120111796, 228.0247108994523], [541.9592171366779, 321.8946391278317], [478.86064879888204, 431.9752891005477], [309.040782863322, 339.1053608721683]], '없', 0.11732725837106628), ([[694.0105123546202, 474.0377118455251], [888.5703472944828, 522.6854308128976], [856.9894876453798, 630.9622881544749], [662.4296527055172, 582.3145691871024]], '포._', 0.009748590150595973)]
[([[928, 110], [1178, 110], [1178, 166], [928, 166]], '정액 한방울도', 0.9141238069919122), ([[950, 172], [1156, 172], [1156, 226], [950, 226]], '놓치지 않게', 0.38873833544497055), ([[878, 232], [1232, 232], [1232, 286], [878, 286]], '보지 꽉 조여주세요', 0.8282434813188805), ([[46, 294], [332, 294], [332, 350], [46, 350]], "'슬슬 간다  !정액", 0.4132790571104045), ([[88, 356], [290, 356], [290, 412], [88, 412]], '올라온다 !', 0.8574838911104906), ([[8, 601], [226, 601], [226, 705], [8, 705]], '[>_', 0.09724262461662483), ([[434, 776], [608, 776], [608, 884], [434, 884]], '_', 0.27266388186010104), ([[195, 1497], [305, 1497], [305, 1559], [195, 1559]], '옷 !!', 0.44475865364074707), ([[136, 1568], [363, 1568], [363, 1634], [136, 1634]], '느오오옷', 0.9353700876235962), ([[1296, 1836], [1392, 1836], [1392, 1892], [1296, 1892]], '호응:', 0.347240174945697), ([[1109.4766808060394, 479.17201696724726], [1344.1666770125767, 371.14608878032635], [1404.5233191939606, 518.8279830327527], [1169.8333229874233, 625.8539112196736]], '광', 0.5294050246348547), ([[1115.6754446796633, 847.0263340389897], [1315.706047156465, 754.5130720652118], [1376.3245553203367, 914.9736659610103], [1175.293952843535, 1007.4869279347882]], '광', 0.8394357321593624), ([[873.2049634232059, 1444.019764806438], [988.6111351445244, 1412.214501171739], [1054.795036576794, 1676.980235193562], [939.3888648554756, 1709.785498828261]], '익', 0.014647249846551136), ([[431.18473388204944, 1810.0207840881687], [519.4662741820405, 1737.006795556013], [748.8152661179506, 2037.9792159118313], [661.5337258179595, 2111.993204443987]], '물', 0.015570453558979347)]
[([[123, 175], [399, 175], [399, 235], [123, 235]], '하아하아.9', 0.6646110316454824), ([[454, 288], [580, 288], [580, 412], [454, 412]], '뜻', 0.23453097687553637), ([[920, 294], [1048, 294], [1048, 414], [920, 414]], '뜻', 0.284126607934013), ([[1031, 369], [1063, 369], [1063, 389], [1031, 389]], '9', 0.8998159403069259), ([[1204, 1090], [1302, 1090], [1302, 1144], [1204, 1144]], '후우.', 0.6452151185707754), ([[1086, 1149], [1429, 1149], [1429, 1204], [1086, 1204]], '어떻습니까 유라님?', 0.7211429858750453), ([[1082, 1210], [1432, 1210], [1432, 1266], [1082, 1266]], '이제 진정이 되나요?', 0.9980465737812261), ([[348, 1322], [588, 1322], [588, 1375], [348, 1375]], '하아하아.9', 0.4959473480039591), ([[356, 1384], [568, 1384], [568, 1438], [356, 1438]], '잘 모르계어', 0.327260775654362)]
[([[1133, 107], [1387, 107], [1387, 170], [1133, 170]], '더이상 찌르면', 0.9416473384664995), ([[1100, 168], [1421, 168], [1421, 231], [1100, 231]], '이상해저버려9 9', 0.34137903723974083), ([[949, 275], [1217, 275], [1217, 431], [949, 431]], '대분', 0.05702426400631922), ([[423, 413], [691, 413], [691, 569], [423, 569]], '@문', 0.08924685533752708), ([[136, 536], [338, 536], [338, 592], [136, 592]], '그. 그만..!', 0.4377307816708988), ([[57, 599], [411, 599], [411, 661], [57, 661]], '진정원 것 같으니깨', 0.2982535507080602), ([[112, 667], [357, 667], [357, 723], [112, 723]], '그만해.!99', 0.4609240108684063), ([[1172, 1048], [1300, 1048], [1300, 1102], [1172, 1102]], '오옷]', 0.2511270344257355), ([[1172, 1112], [1294, 1112], [1294, 1166], [1172, 1166]], '옷..!0', 0.689432478115296), ([[190, 1146], [362, 1146], [362, 1202], [190, 1202]], '시끄럽다', 0.9837012887001038), ([[125, 1209], [431, 1209], [431, 1271], [125, 1271]], '망할 음마년아 .!', 0.6498925730337438), ([[91, 1275], [459, 1275], [459, 1335], [91, 1335]], '(이대로 사라저버려}', 0.21178158066432523), ([[0, 1675], [127, 1675], [127, 1825], [0, 1825]], '꼴', 0.5314970139566277), ([[259, 1973], [375, 1973], [375, 2107], [259, 2107]], '필', 0.00610538190525084), ([[1176.3339112846052, 1278.0138708305224], [1277.451797173913, 1221.0063800434784], [1447.6660887153948, 1549.9861291694776], [1347.548202826087, 1606.9936199565216]], '출', 0.6500318156384743), ([[719.0659233258693, 1464.027288872366], [823.5630313572772, 1408.0099094533296], [948.9340766741307, 1666.972711127634], [844.4369686427228, 1723.9900905466704]], '물', 0.056943552935187505)]
[([[264, 188], [372, 188], [372, 240], [264, 240]], '웃  .!?', 0.6057441284000532), ([[149, 249], [485, 249], [485, 309], [149, 309]], '자. 잠깐 잠깐만요', 0.5696716177077211), ([[1306, 199], [1497, 199], [1497, 313], [1306, 313]], '와팎', 0.7944360678831119), ([[171, 313], [464, 313], [464, 370], [171, 370]], '유라님.! 갑자기', 0.45714136762684865), ([[256, 378], [382, 378], [382, 434], [256, 434]], '무슨..!', 0.6292988427172569), ([[1256, 548], [1432, 548], [1432, 604], [1256, 604]], '응어 응어', 0.5155346241416098), ([[63, 499], [303, 499], [303, 711], [63, 711]], '지', 0.10595320647013295), ([[1242, 610], [1444, 610], [1444, 666], [1242, 666]], '자지이90', 0.5459728270493143), ([[1010, 1134], [1140, 1134], [1140, 1190], [1010, 1190]], '잠시만', 0.9999403973416293), ([[933, 1190], [1220, 1190], [1220, 1256], [933, 1256]], '진정해 주세요', 0.9936826783997348), ([[1264, 1602], [1470, 1602], [1470, 1658], [1264, 1658]], '제.. 진장 !', 0.2545787438402883), ([[1261, 1665], [1475, 1665], [1475, 1725], [1261, 1725]], '큰일낫다 !', 0.9185048214186232), ([[1215, 1731], [1519, 1731], [1519, 1793], [1215, 1793]], '분위기에 취해서', 0.8284433815516498), ([[1298, 1798], [1432, 1798], [1432, 1854], [1298, 1854]], '음문올', 0.9004871421393976), ([[1251, 1861], [1479, 1861], [1479, 1921], [1251, 1921]], '너무 자극해', 0.9726678065559133), ([[1283, 1927], [1451, 1927], [1451, 1987], [1283, 1987]], '버럿어!', 0.7307561039924622), ([[140, 1996], [348, 1996], [348, 2052], [140, 2052]], '가 가맛 !!', 0.15576801444583785), ([[-22.244142752721523, 1007.1097439222405], [227.12328767123287, 953.6712328767123], [255.24414275272153, 1154.8902560777594], [4.876712328767123, 1208.3287671232877]], '[', 0.16273581906143253), ([[817.0566624026887, 1651.020233982649], [1063.483286488185, 1754.2599154367706], [986.9433375973113, 1927.979766017351], [739.5167135118149, 1825.7400845632294]], '( @', 0.22548630833625793)]
[([[776, 168], [948, 168], [948, 224], [776, 224]], '자 아양~', 0.8805022540417095), ([[763, 231], [961, 231], [961, 291], [763, 291]], '해보럼?0', 0.3825399748275053), ([[195, 279], [343, 279], [343, 345], [195, 345]], '@@', 0.14732177191843776), ([[1120, 530], [1343, 530], [1343, 590], [1120, 590]], '옮지용지~9', 0.4713273040440872), ([[1352, 676], [1524, 676], [1524, 870], [1352, 870]], '품', 0.991054128064718), ([[1024, 1150], [1078, 1150], [1078, 1208], [1024, 1208]], '응', 0.9992830846613323), ([[1091, 1153], [1171, 1153], [1171, 1197], [1091, 1197]], '00', 0.0909335832868355), ([[1250, 1468], [1446, 1468], [1446, 1524], [1250, 1524]], '좀더.. 좀더', 0.29165667950567103), ([[1261, 1525], [1432, 1525], [1432, 1589], [1261, 1589]], '아기처럼', 0.996147632598877), ([[1262, 1594], [1432, 1594], [1432, 1650], [1262, 1650]], '빨아쥐0', 0.1821375820352937), ([[148, 1640], [362, 1640], [362, 1696], [148, 1696]], '양.0양..9', 0.2005328307412622), ([[135, 1703], [373, 1703], [373, 1765], [135, 1765]], '기분좋아.0', 0.640479687003462), ([[901, 1717], [995, 1717], [995, 1809], [901, 1809]], '떼', 0.18572698359209028), ([[1270, 1814], [1472, 1814], [1472, 1870], [1270, 1870]], '극 . 젠장  !', 0.30261487260869624), ([[1236, 1876], [1501, 1876], [1501, 1940], [1236, 1940]], '일단은 이렇게', 0.7824241602613181), ([[1298, 1942], [1437, 1942], [1437, 2004], [1298, 2004]], '장단에', 0.9937363465035219), ([[665, 1997], [878, 1997], [878, 2130], [665, 2130]], '조', 0.17737507833232158), ([[1280, 2007], [1455, 2007], [1455, 2069], [1280, 2069]], '맞취주는', 0.6704732179641724), ([[1213, 2073], [1523, 2073], [1523, 2135], [1213, 2135]], '수밖에 없는건가', 0.45675491292843284), ([[552.8686291501015, 334.0804040507107], [699.68, 353.76], [687.1313708498985, 419.9195959492893], [540.32, 400.24]], '@이', 0.027114895585976517), ([[402.1719212073967, 1911.9298030184916], [592.7538832193377, 1848.3890932486993], [622.8280787926034, 1961.0701969815084], [432.24611678066236, 2024.6109067513007]], '손격', 0.13117380724996894)]
[([[92, 84], [202, 84], [202, 128], [92, 128]], '자지9', 0.9831273468588035), ([[750, 230], [906, 230], [906, 282], [750, 282]], '자지잇이', 0.8908401727676392), ([[1048, 180], [1192, 180], [1192, 348], [1048, 348]], '푹', 0.6194105626937016), ([[1426, 138], [1538, 138], [1538, 306], [1426, 306]], '품', 0.520747243284859), ([[96, 464], [296, 464], [296, 520], [96, 520]], '옷 오옷  !', 0.21099830523327798), ([[116, 530], [274, 530], [274, 586], [116, 586]], '유라님.!', 0.6030511907404877), ([[1198, 696], [1412, 696], [1412, 752], [1198, 752]], '가고잇으니', 0.3627400241118579), ([[1242, 756], [1366, 756], [1366, 812], [1242, 812]], '잠시만', 0.9998739127207801), ([[1196, 818], [1418, 818], [1418, 874], [1196, 874]], '멈최주세요', 0.3407391219268293), ([[917, 1217], [1063, 1217], [1063, 1329], [917, 1329]], '팬볕', 0.004644897433581254), ([[576, 1306], [734, 1306], [734, 1417], [576, 1417]], '더품', 0.008404497208984514), ([[271, 1891], [387, 1891], [387, 1953], [271, 1953]], '극 .!!', 0.4727897917562909), ([[179, 1963], [479, 1963], [479, 2029], [179, 2029]], '쥐어짜진다.!!', 0.5955301347410228), ([[1126.02191709277, 1595.0251915997399], [1362.5338787227681, 1677.8172569419435], [1304.97808290723, 1826.9748084002601], [1068.4661212772319, 1744.1827430580565]], '1@', 0.4774666089937969)]
[([[524, 502], [734, 502], [734, 556], [524, 556]], '하아 하아.', 0.8104382145706591), ([[558, 562], [700, 562], [700, 618], [558, 618]], '유라님.', 0.9838990569114685), ([[534, 624], [720, 624], [720, 676], [534, 676]], '이제 그만..', 0.6123506081149451), ([[1310, 686], [1470, 686], [1470, 742], [1310, 742]], '이제그만', 0.9997804164886475), ([[1282, 743], [1489, 743], [1489, 804], [1282, 804]], '멈추주세요', 0.5091579776677294), ([[970, 942], [1042, 942], [1042, 994], [970, 994]], '응?', 0.9997385309649439), ([[848, 1002], [1174, 1002], [1174, 1058], [848, 1058]], '이제와서 멈추라니', 0.6851596614007387), ([[892, 1064], [1130, 1064], [1130, 1120], [892, 1120]], '무슨 소리야?', 0.9941801259098325), ([[30, 1556], [307, 1556], [307, 1612], [30, 1612]], '아직 진정되려면', 0.9918854702862058), ([[62, 1616], [280, 1616], [280, 1672], [62, 1672]], '멀엇는걸?0', 0.3570748616592597), ([[1243, 1643], [1491, 1643], [1491, 1703], [1243, 1703]], '좀더 힘내자?', 0.7474465470291678), ([[1436, 1858], [1546, 1858], [1546, 1912], [1436, 1912]], '안돼]', 0.087464184570166), ([[82, 2170], [522, 2170], [522, 2224], [82, 2224]], '명라+하~어탁표아김/명긁틀]형', 2.2070136025358305e-07), ([[1060.756503204768, 3.2312153828863437], [1268.4278733960077, -21.66702772437625], [1274.243496795232, 72.76878461711365], [1066.5721266039923, 99.66702772437625]], '@쓸기', 0.02926115627891978), ([[1395.0322601798002, 131.17743098890102], [1545.4834532750233, 110.99778459839345], [1552.9677398201998, 207.82256901109898], [1402.5165467249767, 229.00221540160655]], '움질', 0.09696312485705263), ([[1363.9378517783448, 1854.114118180386], [1442.6588869599266, 1865.1848492363922], [1436.0621482216552, 1909.885881819614], [1356.3411130400734, 1898.8151507636078]], '아  !', 0.5115673542022705)]
[([[80, 2163], [525, 2163], [525, 2232], [80, 2232]], '[라@@:하어마|해커@어명', 1.658317021749135e-05)]
[]
[]
[]
[([[488, 1880], [616, 1880], [616, 2060], [488, 2060]], '저', 0.0077495241056704245)]
[]
[([[157.2152866630266, 787.9951593249612], [445.6517508842039, 689.8695228161596], [469.7847133369734, 787.0048406750388], [181.34824911579608, 885.1304771838404]], '노:', 0.004443454965468005)]
[]
[]
[]
[]
[]
[([[0, 1028], [140, 1028], [140, 1242], [0, 1242]], '[', 0.8994475624093958)]
[([[434, 770], [610, 770], [610, 884], [434, 884]], '_', 0.9034816584632246)]
[]
[]
[]
[]
[]
[([[82, 2170], [522, 2170], [522, 2224], [82, 2224]], '명라+,~어탁]어김/긁틀]형명', 1.3975166635817233e-07)]
