2069932
26
[([[374, 559], [665, 559], [665, 604], [374, 604]], '20170320 ,3김운|신,라', 0.000670759852444153), ([[41, 752], [249, 752], [249, 855], [41, 855]], '97', 0.12162464801183398), ([[331, 867], [713, 867], [713, 903], [331, 903]], '위- 아너(미 세하76어어`#16', 1.8535823128494735e-05), ([[557.7798668849083, 669.7735607201975], [953.3480974623038, 588.5959634046], [972.2201331150917, 737.2264392798025], [576.6519025376962, 819.4040365954]], '4]요', 0.0018432882144364625), ([[291.27554419549597, 627.0647378000967], [555.8218954777532, 609.4610852681487], [556.724455804504, 805.9352621999033], [292.1781045222468, 824.5389147318513]], '#', 0.008015664674793976)]
[([[307, 529], [553, 529], [553, 715], [307, 715]], '대2', 0.1539009680148611), ([[38, 660], [243, 660], [243, 761], [38, 761]], '997', 0.7765158754028613), ([[259, 809], [437, 809], [437, 847], [259, 847]], '0`?이 ?', 0.0014425302046823134), ([[444, 818], [480, 818], [480, 844], [444, 844]], '*', 0.3334511610609212), ([[489, 809], [732, 809], [732, 860], [489, 860]], '*교9 @!리마?', 0.0005881915412115103), ([[406, 870], [575, 870], [575, 984], [406, 984]], '418', 0.9045487747312768), ([[566.6022975800959, 582.389879594412], [954.4994854197238, 526.4605892159411], [962.3977024199041, 654.610120405588], [574.5005145802762, 710.5394107840589]], '호@원', 0.0033423476674114866)]
[([[380, 664], [648, 664], [648, 720], [380, 720]], '* 미래 날조 주의', 0.8025647839940865)]
[([[854, 1336], [906, 1336], [906, 1392], [854, 1392]], '4', 0.9999983310706426)]
[([[641, 133], [661, 133], [661, 157], [641, 157]], '1', 0.4612119948922242), ([[670, 140], [696, 140], [696, 172], [670, 172]], '앗', 0.6290850437382325), ([[308, 436], [334, 436], [334, 460], [308, 460]], '아', 0.8608612839925947), ([[15, 867], [53, 867], [53, 903], [15, 903]], '하', 0.9892891510987489), ([[60, 886], [90, 886], [90, 912], [60, 912]], '아', 0.953421711887259)]
[([[843, 73], [871, 73], [871, 93], [843, 93]], '아', 0.9973575666720969), ([[882, 70], [906, 70], [906, 98], [882, 98]], '으', 0.7342793066789319), ([[846, 102], [912, 102], [912, 134], [846, 134]], '잠:. 77', 0.5387621346069094), ([[844, 670], [876, 670], [876, 720], [844, 720]], '움', 0.9986605364267689), ([[829, 719], [867, 719], [867, 771], [829, 771]], '절', 0.17168528286327334), ([[805, 871], [821, 871], [821, 893], [805, 893]], '"', 0.11401382257955195), ([[372, 956], [434, 956], [434, 980], [372, 980]], '하아-', 0.999905847288762)]
[([[501, 315], [555, 315], [555, 353], [501, 353]], '욕 !', 0.33372399348991144), ([[803, 365], [863, 365], [863, 407], [803, 407]], '살아', 0.9999672099093186), ([[781, 407], [857, 407], [857, 449], [781, 449]], '잇냐?', 0.9108756762808531), ([[239, 777], [297, 777], [297, 815], [239, 815]], '지금,', 0.9609230160713196), ([[207, 811], [315, 811], [315, 849], [207, 849]], '몇 십니까', 0.9546191663613182), ([[144, 998], [218, 998], [218, 1030], [144, 1030]], '나시 전', 0.9664646399987358), ([[663, 1017], [721, 1017], [721, 1059], [663, 1059]], '킬록', 0.9438184935563263), ([[603.3528998917341, 159.05268933957785], [638.9512216481252, 169.29994615171526], [621.6471001082659, 227.94731066042215], [586.0487783518748, 217.70005384828474]], '육', 0.9742286317232676)]
[([[850, 150], [918, 150], [918, 174], [850, 174]], '이야~', 0.9984021803069735), ([[828, 182], [942, 182], [942, 214], [828, 214]], '그러고보니', 0.9923034919828608), ([[835, 215], [935, 215], [935, 253], [835, 253]], '몇시부터', 0.9842360615730286), ([[815, 249], [953, 249], [953, 289], [815, 289]], '뒷국엇더라?', 0.14811677743512422), ([[289, 311], [343, 311], [343, 347], [289, 347]], '문가,', 0.7769661833648421), ([[772, 314], [818, 314], [818, 342], [772, 342]], '아직', 0.9975802805428113), ([[771, 347], [825, 347], [825, 383], [771, 383]], '젊네', 0.9921452228288051), ([[762, 384], [832, 384], [832, 416], [762, 416]], '우리도', 0.6416618227958679), ([[773, 512], [893, 512], [893, 548], [773, 548]], '오이카와상.', 0.950642205318734), ([[785, 545], [891, 545], [891, 583], [785, 583]], '말투 되게', 0.6896889490078365), ([[800, 584], [874, 584], [874, 608], [800, 608]], '아저씨', 0.9997496169748733), ([[801, 615], [873, 615], [873, 651], [801, 651]], '같아요', 0.8402560949325562), ([[139, 773], [245, 773], [245, 811], [139, 811]], '학생 때가', 0.9216157238239533), ([[153, 809], [233, 809], [233, 845], [153, 845]], '생각나', 0.9948823095382396), ([[131, 841], [255, 841], [255, 881], [131, 881]], '버럿습니다', 0.44416372550070987)]
[([[771, 157], [901, 157], [901, 197], [771, 197]], '정신 차리고', 0.9976012788191793), ([[812, 194], [860, 194], [860, 224], [812, 224]], '보니', 0.98520592402002), ([[344, 220], [394, 220], [394, 246], [344, 246]], '니가', 0.8644244376604397), ([[785, 227], [889, 227], [889, 265], [785, 265]], '휴일 이미', 0.9995279051620366), ([[331, 253], [409, 253], [409, 289], [331, 289]], '상경해', 0.9988072115156769), ([[759, 263], [913, 263], [913, 301], [759, 301]], '다 지나가있면', 0.11274728182214978), ([[327, 285], [411, 285], [411, 325], [327, 325]], '윗울 때', 0.1271968930235408), ([[800, 300], [872, 300], [872, 328], [800, 328]], '그거요', 0.9998343388228926), ([[328, 324], [410, 324], [410, 356], [328, 356]], '완전 나', 0.8490470423695397), ([[144, 342], [196, 342], [196, 368], [144, 368]], '아아', 0.999783287783345), ([[317, 355], [423, 355], [423, 395], [317, 395]], '표즈 나가', 0.24404906461400958), ([[315, 391], [417, 391], [417, 429], [315, 429]], '짙아 규국', 0.06950521976570402), ([[76, 446], [158, 446], [158, 476], [76, 476]], '대학 때', 0.9795954825597175), ([[67, 477], [165, 477], [165, 517], [67, 517]], '말씀이십', 0.7537331667463115), ([[84, 516], [148, 516], [148, 544], [84, 544]], '니까?', 0.8395516530261184), ([[64, 618], [106, 618], [106, 650], [64, 650]], '뭐?', 0.49556642484436425), ([[624, 688], [668, 688], [668, 712], [624, 712]], '아~', 0.9996560990386473), ([[590, 718], [706, 718], [706, 750], [590, 750]], '그러고보니', 0.9995881013580682), ([[595, 753], [701, 753], [701, 789], [595, 789]], '그런 때가', 0.9993325308451757), ([[583, 787], [713, 787], [713, 825], [583, 825]], '있긴 잇앗지', 0.19944536742448699), ([[420, 874], [446, 874], [446, 898], [420, 898]], '너', 0.9999934434998217), ([[377, 905], [491, 905], [491, 943], [377, 943]], '그 다음 날', 0.6274973654954622), ([[370, 942], [496, 942], [496, 972], [370, 972]], '아얘 서지도', 0.9905397975310415), ([[389, 975], [467, 975], [467, 1013], [389, 1013]], '못해서 .', 0.849636973770786), ([[332, 1058], [372, 1058], [372, 1086], [332, 1086]], '네?', 0.999947485430632)]
[([[896, 184], [932, 184], [932, 210], [896, 210]], '아!', 0.8968195200634027), ([[883, 217], [947, 217], [947, 253], [883, 253]], '맞다!', 0.5306062698364258), ([[611, 369], [713, 369], [713, 405], [611, 405]], '고딩 때도', 0.9700154766435023), ([[621, 403], [707, 403], [707, 441], [621, 441]], '잇앗지!', 0.23902437090873718), ([[136, 474], [180, 474], [180, 500], [136, 500]], '오이', 0.9992425365961664), ([[107, 502], [186, 502], [186, 542], [107, 542]], '카와상', 0.7788458379190559), ([[91, 539], [205, 539], [205, 575], [91, 575]], '이야 말로,', 0.6249014394454228), ([[426, 812], [496, 812], [496, 844], [426, 844]], '그거 좀', 0.7389604554627632), ([[403, 841], [523, 841], [523, 879], [403, 879]], '햇다고 금방', 0.9892425064711899), ([[392, 876], [532, 876], [532, 908], [392, 908]], '피픽 쓰러지던', 0.1896205306183721), ([[393, 909], [439, 909], [439, 929], [393, 929]], '때가', 0.9694032640654892), ([[440, 904], [531, 904], [531, 940], [440, 940]], '너한테도', 0.7462337613105774), ([[405, 937], [541, 937], [541, 973], [405, 973]], '엇는데~ 아아', 0.26879780348646387), ([[405, 967], [523, 967], [523, 1003], [405, 1003]], '그리운 옛날', 0.9860368385502968), ([[450, 1004], [492, 1004], [492, 1028], [450, 1028]], '여~', 0.9982456248945968), ([[873, 1329], [909, 1329], [909, 1365], [873, 1365]], "'0", 0.6935592453076757)]
[([[216, 178], [284, 178], [284, 210], [216, 210]], '뭐야 ~', 0.748677134513855), ([[569, 197], [647, 197], [647, 235], [569, 235]], '옛날엔', 0.9926854457213905), ([[117, 267], [215, 267], [215, 305], [117, 305]], '그렇제나', 0.9869361519813538), ([[493, 281], [551, 281], [551, 319], [493, 319]], '좀 더', 0.866236686706543), ([[115, 301], [215, 301], [215, 339], [115, 339]], '해대는데', 0.3784487247467041), ([[481, 317], [559, 317], [559, 355], [481, 355]], '필사적', 0.9994312476142975), ([[93, 335], [239, 335], [239, 373], [93, 373]], '아직 부족해?', 0.9938307023116566), ([[471, 351], [569, 351], [569, 391], [471, 391]], '이섯관습', 0.13267797231674194), ([[111, 371], [221, 371], [221, 407], [111, 407]], '참고로 난', 0.9952829307154816), ([[496, 388], [546, 388], [546, 414], [496, 414]], '니까', 0.40593661785421997), ([[93, 405], [239, 405], [239, 443], [93, 443]], '저절 안한다?', 0.6232031598833153), ([[181, 599], [263, 599], [263, 637], [181, 637]], '그런 저', 0.6372258076963062), ([[196, 636], [244, 636], [244, 662], [196, 662]], '아니', 0.9999797695726516), ([[185, 667], [259, 667], [259, 705], [185, 705]], '거듭요', 0.8766951605960269)]
[([[553, 241], [603, 241], [603, 277], [553, 277]], '혹시', 0.9985577025001546), ([[543, 277], [591, 277], [591, 315], [543, 315]], '오늘', 0.9999793481066898), ([[240, 312], [288, 312], [288, 338], [240, 338]], '그야', 0.9999951109690732), ([[240, 346], [284, 346], [284, 374], [240, 374]], '뭐~', 0.9946717479615919), ([[443, 377], [495, 377], [495, 413], [443, 413]], '기분', 0.9995353204764389), ([[163, 421], [237, 421], [237, 457], [163, 457]], '그러논', 0.25845248623706885), ([[403, 411], [539, 411], [539, 451], [403, 451]], '좋으십니까? ', 0.4556100094715564), ([[174, 456], [222, 456], [222, 484], [174, 484]], '너도', 0.9999789266407801), ([[150, 492], [248, 492], [248, 524], [150, 524]], "마찬가지'", 0.9964337943931245), ([[104, 538], [150, 538], [150, 566], [104, 566]], '뭐어', 0.7925076653973239), ([[167, 523], [235, 523], [235, 563], [167, 563]], '잡아?', 0.4454364525325504), ([[112, 570], [156, 570], [156, 602], [112, 602]], '그렇', 0.7853585885163611), ([[121, 603], [141, 603], [141, 627], [121, 627]], '조', 0.9920028045940512), ([[771, 619], [901, 619], [901, 655], [771, 655]], '예전 보다야', 0.9477989934722417), ([[798, 656], [872, 656], [872, 686], [798, 686]], '여유가', 0.9997656527991973), ([[781, 687], [887, 687], [887, 725], [781, 725]], '생겨단 저', 0.471646207838383), ([[779, 723], [893, 723], [893, 761], [779, 761]], '아니켓어?', 0.6456664508793949)]
[([[774, 202], [848, 202], [848, 234], [774, 234]], '우리가', 0.9994362026753635), ([[747, 235], [873, 235], [873, 273], [747, 273]], '이켜으니까', 0.23077315989176475), ([[179, 315], [205, 315], [205, 331], [179, 331]], '아', 0.9992404234916172), ([[206, 308], [260, 308], [260, 340], [206, 340]], '진짜', 0.9998162446858027), ([[720, 314], [748, 314], [748, 338], [720, 338]], '네', 0.9999252571721264), ([[127, 339], [283, 339], [283, 379], [127, 379]], '짜증날 정도로', 0.9928727586910263), ([[169, 377], [245, 377], [245, 413], [169, 413]], '눈새다', 0.999593458753541), ([[192, 414], [218, 414], [218, 438], [192, 438]], '너', 0.9999748469980752), ([[489, 561], [541, 561], [541, 597], [489, 597]], '사실', 0.9999594549724802), ([[467, 595], [565, 595], [565, 633], [467, 633]], '그것만이', 0.991635262966156), ([[461, 631], [569, 631], [569, 667], [461, 667]], '이유인 건', 0.9039134068062687), ([[477, 665], [555, 665], [555, 701], [477, 701]], '아뇨데', 0.23700302839279175), ([[477, 699], [553, 699], [553, 737], [477, 737]], '말이지', 0.9996743247669098)]
[([[478, 210], [506, 210], [506, 234], [478, 234]], '이', 0.9996624277855517), ([[505, 207], [561, 207], [561, 243], [505, 243]], '시간', 0.9999596235578764), ([[491, 241], [545, 241], [545, 277], [491, 277]], '이면', 0.997557537464324), ([[465, 277], [571, 277], [571, 313], [465, 313]], '아직 밖은', 0.5817069589287264), ([[467, 311], [567, 311], [567, 349], [467, 349]], '깜깜하고', 0.2983306646347046), ([[365, 381], [439, 381], [439, 419], [365, 419]], '쥐축은', 0.3721875447766529), ([[377, 417], [429, 417], [429, 455], [377, 455]], '듯이', 0.9994314863578695), ([[365, 451], [441, 451], [441, 489], [365, 489]], '조용하', 0.998746654991787), ([[165, 499], [263, 499], [263, 539], [165, 539]], '그렇다고', 0.9999189376831055), ([[369, 487], [437, 487], [437, 525], [369, 525]], '잡아?', 0.28059399639488597), ([[157, 537], [271, 537], [271, 573], [157, 573]], '막상 한 번', 0.9837837335909642), ([[160, 572], [262, 572], [262, 598], [160, 598]], '더 자기도', 0.9934116384171707), ([[811, 577], [867, 577], [867, 615], [811, 615]], '문가', 0.2683664183537778), ([[154, 602], [269, 602], [269, 638], [154, 638]], '미묘하고..', 0.6963143497580588), ([[777, 613], [877, 613], [877, 651], [777, 651]], '지금처럼', 0.9985212087631226), ([[786, 650], [870, 650], [870, 682], [786, 682]], '이제 막', 0.9868702327271194), ([[769, 681], [883, 681], [883, 721], [769, 721]], '해 뜰 무렵', 0.9621303386675395), ([[797, 715], [853, 715], [853, 755], [797, 755]], '말야,', 0.823179635982686)]
[([[241, 197], [327, 197], [327, 233], [241, 233]], '전 맨날', 0.9670586086083658), ([[219, 237], [241, 237], [241, 255], [219, 255]], '이', 0.9989015497922118), ([[245, 229], [353, 229], [353, 267], [245, 267]], '시간 좀에', 0.6010465942405332), ([[256, 268], [308, 268], [308, 294], [256, 294]], '깨서', 0.9990637097524873), ([[219, 299], [345, 299], [345, 337], [219, 337]], '일어나는데 ,', 0.5720912741767763), ([[116, 380], [166, 380], [166, 412], [116, 412]], '딱히', 0.999847178947679), ([[101, 413], [185, 413], [185, 449], [101, 449]], '그런 거', 0.9447377324104309), ([[77, 447], [207, 447], [207, 487], [77, 487]], '생각해 본적', 0.9675310526028091), ([[93, 481], [193, 481], [193, 521], [93, 521]], '없습니다', 0.9845865368843079), ([[722, 564], [794, 564], [794, 590], [722, 590]], '그래서', 0.9999873361159073), ([[678, 600], [758, 600], [758, 626], [678, 626]], '내가 이', 0.9995348932126087), ([[761, 597], [837, 597], [837, 635], [761, 635]], '시간을', 0.8044749376207326), ([[731, 631], [783, 631], [783, 669], [731, 669]], '별로', 0.9997547984412215), ([[681, 665], [833, 665], [833, 705], [681, 705]], '안 좋아햇저든', 0.7387276687042456), ([[84, 1340], [140, 1340], [140, 1400], [84, 1400]], '"', 0.14440570417315257)]
[([[759, 245], [819, 245], [819, 285], [759, 285]], '알아', 0.9996797832635403), ([[518, 448], [629, 448], [629, 490], [518, 490]], '로드위크', 0.798356064989468), ([[452, 594], [552, 594], [552, 620], [452, 620]], '이때 까지', 0.9969685704858751), ([[463, 627], [545, 627], [545, 663], [463, 663]], '한 번도', 0.9973741892797388), ([[447, 657], [557, 657], [557, 700], [447, 700]], '빼먹은 적', 0.41866277151273223), ([[449, 695], [559, 695], [559, 735], [449, 735]], '없잖아, 너', 0.3800685762971985), ([[151, 713], [237, 713], [237, 757], [151, 757]], '그렇조', 0.9913013419438131), ([[90, 1054], [144, 1054], [144, 1138], [90, 1138]], "(1'", 0.7085198886453724)]
[([[794, 354], [828, 354], [828, 378], [794, 378]], '뼈', 0.9816335436578392), ([[827, 347], [889, 347], [889, 389], [827, 389]], '먹은', 0.9845839181894233), ([[807, 389], [843, 389], [843, 427], [807, 427]], '적', 0.9990870652996477), ([[719, 527], [745, 527], [745, 547], [719, 547]], '어', 0.999974459105336), ([[723, 545], [757, 545], [757, 563], [723, 563]], "나'", 0.21235205522915546), ([[761, 529], [799, 529], [799, 565], [761, 565]], '긴,', 0.9963209638940129), ([[661, 711], [727, 711], [727, 749], [661, 749]], '한데.', 0.5807280196997539)]
[([[185, 299], [273, 299], [273, 341], [185, 341]], '쉽니다', 0.7158581122229086), ([[795, 339], [885, 339], [885, 381], [795, 381]], '오늘, 은', 0.29565697843693595), ([[684, 510], [803, 510], [803, 561], [684, 561]], '자체휴업', 0.4398508071899414), ([[716, 562], [774, 562], [774, 592], [716, 592]], '이라', 0.9981507603137221)]
[([[535, 209], [617, 209], [617, 247], [535, 247]], '나 지금', 0.774138883222534), ([[549, 245], [603, 245], [603, 281], [549, 281]], '죄끔', 0.5761085489723132), ([[535, 277], [615, 277], [615, 315], [535, 315]], '감동 중', 0.9713039881728762), ([[488, 340], [530, 340], [530, 368], [488, 368]], '네?', 0.9999377918183406), ([[738, 434], [762, 434], [762, 466], [738, 466]], '법', 0.6613882711434513), ([[716, 466], [764, 466], [764, 490], [716, 490]], '니까', 0.5252427562103538), ([[253, 835], [369, 835], [369, 871], [253, 871]], '고딩때 부터', 0.5660156509195792), ([[229, 865], [391, 865], [391, 901], [229, 901]], "'그렇제 눈치주고", 0.671694012770762), ([[576, 862], [630, 862], [630, 894], [576, 894]], '진짜', 0.9993869869885366), ([[218, 895], [403, 895], [403, 935], [218, 935]], "'가르처쥐도 끝까지", 0.33851276624965476), ([[543, 895], [663, 895], [663, 931], [543, 931]], '팬 일이나?', 0.7730694853311887), ([[231, 929], [381, 929], [381, 965], [231, 965]], '못 알아 먹더니 .', 0.897951981246263), ([[576, 932], [628, 932], [628, 958], [576, 958]], '니가', 0.9669397969855194), ([[240, 964], [378, 964], [378, 992], [240, 992]], '이제 천 아냐?', 0.3026499680669338), ([[548, 962], [655, 962], [655, 1001], [548, 1001]], '눈치란 걸', 0.6444094795191448), ([[226, 994], [394, 994], [394, 1026], [226, 1026]], '니가 이렇제 먼저', 0.6019448272369621), ([[563, 999], [639, 999], [639, 1035], [563, 1035]], '서먹고', 0.9486698327997581), ([[276, 1026], [344, 1026], [344, 1056], [276, 1056]], '나선거', 0.9450382182956677), ([[498, 1066], [538, 1066], [538, 1094], [498, 1094]], '예?', 0.9999048337424276), ([[86, 1330], [136, 1330], [136, 1380], [86, 1380]], '19', 0.9490797401079124), ([[547.0220279500418, 175.16388105512118], [604.8560856838558, 182.08197245876065], [599.9779720499582, 209.83611894487882], [543.1439143161442, 201.91802754123935]], '와~', 0.9995434958618276)]
[([[505, 181], [577, 181], [577, 217], [505, 217]], '딱 7번', 0.5961001294086764), ([[493, 213], [593, 213], [593, 251], [493, 251]], '뿐이지만', 0.9302653670310974), ([[481, 249], [603, 249], [603, 289], [481, 289]], '잇엇습니다', 0.21686013964803663), ([[479, 317], [597, 317], [597, 357], [479, 357]], '쉬어년 적 ..', 0.12021910669791695), ([[266, 500], [320, 500], [320, 530], [266, 530]], '딱히', 0.9993319535333126), ([[217, 530], [375, 530], [375, 569], [217, 569]], '못 움직이면 건', 0.43312781562096553), ([[233, 567], [359, 567], [359, 605], [233, 605]], '아니/지만', 0.4719305526231685), ([[823, 821], [881, 821], [881, 861], [823, 861]], '7 번', 0.6231477175318073), ([[842, 1341], [911, 1341], [911, 1386], [842, 1386]], '2', 0.8152278366980035)]
[([[817, 287], [873, 287], [873, 325], [817, 325]], '그냥', 0.999640169172002), ([[188, 342], [238, 342], [238, 374], [188, 374]], '역시', 0.998766753180256), ([[190, 378], [218, 378], [218, 404], [190, 404]], '너', 0.9999109526431518), ([[151, 409], [257, 409], [257, 445], [151, 445]], '꽤냐 기분', 0.43201441638994253), ([[149, 443], [263, 443], [263, 481], [149, 481]], '좋은가화?', 0.3573791380418658), ([[485, 654], [597, 654], [597, 692], [485, 692]], '일어 설 수', 0.8375031430507913), ([[503, 691], [579, 691], [579, 729], [503, 729]], '없어서', 0.9999589112803943), ([[475, 724], [609, 724], [609, 765], [475, 765]], '못 가는 걸로', 0.3313490818851469), ([[502, 762], [576, 762], [576, 792], [502, 792]], '하기로', 0.9999411544162916), ([[491, 795], [593, 795], [593, 833], [491, 833]], '햇습니다', 0.9390065670013428), ([[76, 1336], [142, 1336], [142, 1386], [76, 1386]], '21', 0.6319408948666546)]
[([[655, 217], [675, 217], [675, 249], [655, 249]], '후', 0.9999133367242088), ([[659, 257], [683, 257], [683, 277], [659, 277]], '아', 0.99935101074934), ([[662, 288], [688, 288], [688, 320], [662, 320]], '암', 0.9969665202280709), ([[663, 363], [677, 363], [677, 395], [663, 395]], '모', 0.10700504166294422), ([[856, 618], [910, 618], [910, 650], [856, 650]], '뭐어,', 0.296684592962265), ([[116, 648], [162, 648], [162, 674], [116, 674]], '오이', 0.999473710727839), ([[834, 654], [914, 654], [914, 680], [834, 680]], '이제 마', 0.9299021381988659), ([[101, 681], [179, 681], [179, 717], [101, 717]], '카와상', 0.8795851815821546), ([[837, 685], [911, 685], [911, 723], [837, 723]], '휴일이', 0.9949993022136134), ([[835, 721], [911, 721], [911, 757], [835, 757]], '시작된', 0.5701439042194424), ([[567, 749], [627, 749], [627, 785], [567, 785]], '참내.', 0.9843578572893613), ([[809, 755], [937, 755], [937, 791], [809, 791]], '참 이니까요', 0.9829732423725471), ([[576, 786], [628, 786], [628, 814], [576, 814]], '그래', 0.999975976380869), ([[558, 822], [644, 822], [644, 848], [558, 848]], '자라 , 자', 0.6599256310625315), ([[75, 845], [113, 845], [113, 881], [75, 881]], '응?', 0.9987496477862422), ([[743, 917], [845, 917], [845, 955], [743, 955]], '평상시엔', 0.995871365070343), ([[717, 951], [869, 951], [869, 989], [717, 989]], '배구 못하다고', 0.7709151995267521), ([[741, 983], [843, 983], [843, 1025], [741, 1025]], '징징대년', 0.179779052734375), ([[758, 1022], [832, 1022], [832, 1054], [758, 1054]], '주제에', 0.9993478379137097), ([[432, 1070], [468, 1070], [468, 1096], [432, 1096]], '아!', 0.8999955367205629), ([[838.4188611699158, 1327.2565835097475], [924.2775003950911, 1321.4109866029712], [925.5811388300842, 1366.7434164902525], [839.7224996049089, 1372.5890133970288]], '22', 0.7261537918086498)]
[([[430, 146], [486, 146], [486, 178], [430, 178]], '라고', 0.999226355836274), ([[401, 187], [503, 187], [503, 227], [401, 227]], '한 다면;', 0.7466865245929099), ([[658, 262], [790, 262], [790, 312], [658, 312]], '한 번더', 0.582044443597386), ([[311, 341], [381, 341], [381, 385], [311, 385]], '벌 겁', 0.2935216426849365), ([[312, 388], [388, 388], [388, 420], [312, 420]], '니까?', 0.9216577912934308), ([[77, 1317], [137, 1317], [137, 1377], [77, 1377]], '지', 0.12085063261921025)]
[([[361, 179], [417, 179], [417, 219], [361, 219]], '오늘', 0.9999883674896276), ([[327, 215], [449, 215], [449, 259], [327, 259]], '기분 존나', 0.9906278909906713), ([[331, 257], [447, 257], [447, 299], [331, 299]], '좋은 이유', 0.9005590942903214), ([[319, 297], [457, 297], [457, 341], [319, 341]], '맞취 불래?', 0.4868319294033352), ([[141, 505], [199, 505], [199, 549], [141, 549]], '휴일', 0.9994173274046785), ([[122, 550], [222, 550], [222, 582], [122, 582]], '이니까?', 0.9993629455566406), ([[716, 898], [776, 898], [776, 928], [716, 928]], '내가', 0.9995331291393539), ([[846, 1320], [910, 1320], [910, 1374], [846, 1374]], '자', 0.8828858902478522)]
[([[616, 370], [644, 370], [644, 394], [616, 394]], '이', 0.9991898985914851), ([[587, 407], [679, 407], [679, 447], [587, 447]], '병신아', 0.9828462222340202), ([[448, 526], [508, 526], [508, 556], [448, 556]], '니가', 0.9291704760925654), ([[415, 565], [541, 565], [541, 607], [415, 607]], '내 곁에서', 0.6012270938930385), ([[399, 605], [555, 605], [555, 649], [399, 649]], '같이 쉬니까', 0.917608490624063), ([[445, 647], [509, 647], [509, 691], [445, 691]], '짙아', 0.41814470805294407), ([[70, 1366], [148, 1366], [148, 1440], [70, 1440]], '과', 0.557004054485688)]
[([[457, 449], [543, 449], [543, 485], [457, 485]], '쇼파에', 0.9200540076592951), ([[457, 491], [543, 491], [543, 531], [457, 531]], '물세탁', 0.9720107732720573), ([[435, 529], [559, 529], [559, 569], [435, 569]], '되는 커버', 0.5520737326028711), ([[434, 566], [559, 566], [559, 611], [434, 611]], '씌어논 건', 0.7068141696793682), ([[437, 609], [557, 609], [557, 649], [437, 649]], '진짜 신의', 0.9369122935949299), ([[435, 649], [563, 649], [563, 693], [435, 693]], '한 수 엿어', 0.5423405553038751), ([[185, 1275], [489, 1275], [489, 1313], [185, 1313]], '[기,+굳 50맣3]20170320 + 2/ >', 0.0032643879608378994), ([[186, 1301], [426, 1301], [426, 1332], [186, 1332]], "<히| : [,하+,@화아'리`표어;명", 5.221341411270649e-06), ([[186, 1326], [320, 1326], [320, 1354], [186, 1354]], '명,7+: #취유구#*', 0.0046810287560372105), ([[843, 1311], [915, 1311], [915, 1375], [843, 1375]], '2', 0.9334578883572817), ([[184, 1348], [392, 1348], [392, 1374], [184, 1374]], '# : ##다한-빗출#{<키화 54*', 0.004551041062731742)]
