2071591
30
[([[11, 0], [135, 0], [135, 41], [11, 41]], '덮천지고', 0.42540669441223145), ([[12, 33], [139, 33], [139, 73], [12, 73]], '만저지고{', 0.4584877600183548), ([[13, 67], [135, 67], [135, 105], [13, 105]], '범해지고}', 0.7151573995862768), ([[662, 20], [716, 20], [716, 134], [662, 134]], '틀', 0.06697312085397389), ([[9, 97], [241, 97], [241, 141], [9, 141]], '질내사정 당해세하', 0.4086091213282027), ([[647, 207], [685, 207], [685, 249], [647, 249]], '의', 0.999998569489037), ([[642, 258], [721, 258], [721, 308], [642, 308]], '(아이', 0.2582474116829729), ([[403, 407], [701, 407], [701, 449], [403, 449]], '기분 좋아지늄 여자 따위;', 0.7877367420684955), ([[519, 441], [579, 441], [579, 481], [519, 481]], '있올_', 0.10231121046327184), ([[521, 459], [547, 459], [547, 479], [521, 479]], '세', 0.011981384753204039), ([[573, 441], [707, 441], [707, 481], [573, 481]], '리가 없다.', 0.7215321744664419), ([[425, 501], [689, 501], [689, 545], [425, 545]], "'이것이 현실의강0", 0.7576965362894585)]
[([[49, 17], [89, 17], [89, 103], [49, 103]], '털', 0.08593437597505726), ([[36, 156], [60, 156], [60, 186], [36, 186]], '의', 0.8339065141558697), ([[35, 197], [93, 197], [93, 233], [35, 233]], '(마매', 0.4643794093094849), ([[1181, 51], [1243, 51], [1243, 367], [1181, 367]], '{', 0.016396020056591576), ([[17, 723], [837, 723], [837, 767], [17, 767]], '미가 센 예자로 착각 되기 십만 실음 내려심 많음 참한 고교생', 0.161996038629462), ([[17, 761], [527, 761], [527, 799], [17, 799]], '공분로 스포츠로 잘하고 최문로 많지만', 0.08335041441560392), ([[15, 791], [429, 791], [429, 833], [15, 833]], '연애에 없어세늄 쾌과 서물러세', 0.07063151345960512), ([[15, 823], [633, 823], [633, 868], [15, 868]], '남자 최문률 사웨어로 금방 헤어지늄 없이 고민', 0.03248606699490429)]
[([[1422, 236], [1546, 236], [1546, 290], [1422, 290]], '조용히', 0.7014830112457275), ([[1424, 288], [1550, 288], [1550, 344], [1424, 344]], '있어라', 0.9837506798981143)]
[([[63, 113], [177, 113], [177, 157], [63, 157]], '스커트', 0.596666022872334), ([[72, 158], [168, 158], [168, 206], [72, 206]], '안 쪽', 0.9310181736946106), ([[64, 204], [176, 204], [176, 254], [64, 254]], '보여쥐', 0.8448923852076824), ([[1128, 283], [1157, 283], [1157, 351], [1128, 351]], '"', 0.8445865804596941), ([[1128, 366], [1158, 366], [1158, 428], [1128, 428]], '"', 0.46089477459762307), ([[1158, 280], [1179, 280], [1179, 433], [1158, 433]], '{', 0.7471408350563848), ([[682, 452], [712, 452], [712, 496], [682, 496]], '0', 0.9626083652779585), ([[514, 848], [538, 848], [538, 878], [514, 878]], '웃', 0.27955514536006304), ([[908, 731], [1008, 731], [1008, 876], [908, 876]], '#"', 0.35034165779276627)]
[([[279, 333], [299, 333], [299, 357], [279, 357]], '호', 0.21952602933208087), ([[274, 366], [300, 366], [300, 442], [274, 442]], '응', 0.43280398773299567), ([[881, 679], [925, 679], [925, 754], [881, 754]], '틀', 0.5888003458972548), ([[314, 745], [377, 745], [377, 850], [314, 850]], '틈', 0.3225885416008545)]
[([[1150, 140], [1208, 140], [1208, 172], [1150, 172]], '느려', 0.972444231471385), ([[1123, 169], [1235, 169], [1235, 209], [1123, 209]], '터전구만', 0.3701799511909485), ([[57, 155], [107, 155], [107, 282], [57, 282]], '옆', 0.015273675943493714), ([[339, 509], [375, 509], [375, 549], [339, 549]], '첫', 0.9376261001244899), ([[498, 384], [548, 384], [548, 554], [498, 554]], '허', 0.01839367709824402), ([[13, 763], [111, 763], [111, 807], [13, 807]], '조용히', 0.9998294523213613), ([[1, 803], [129, 803], [129, 847], [1, 847]], '있으라고', 0.9033687114715576), ([[424, 760], [500, 760], [500, 864], [424, 864]], '07', 0.07601164191301937)]
[([[449, 47], [621, 47], [621, 203], [449, 203]], '퍽', 0.9999680521655705), ([[896, 116], [1032, 116], [1032, 168], [896, 168]], '햇장아!', 0.21107088029384613), ([[119, 417], [269, 417], [269, 457], [119, 457]], '맞기 싫으면', 0.5856262902665111), ([[1037, 417], [1103, 417], [1103, 453], [1037, 453]], '@해_', 0.1788382169222352), ([[151, 453], [239, 453], [239, 489], [151, 489]], '앞으로', 0.9998531277952037), ([[1025, 451], [1121, 451], [1121, 493], [1025, 493]], '알켓나', 0.22274416108807926), ([[121, 485], [271, 485], [271, 525], [121, 525]], '떠들지 마라', 0.9981920154823357), ([[271, 697], [736, 697], [736, 785], [271, 785]], '초어세 대대 쇼 4 대', 0.015963862564186023), ([[765, 708], [1024, 708], [1024, 774], [765, 774]], ' & 대우', 0.1994267296074579), ([[1034.113515585644, 732.0994685768342], [1124.9656686939168, 751.4770546777253], [1116.886484414356, 783.9005314231658], [1026.0343313060832, 764.5229453222747]], '교쉬9 0', 0.022291167037321258)]
[([[585, 709], [661, 709], [661, 775], [585, 775]], '@ 0', 0.05657150250330121), ([[1209.2968374460654, 641.0622896979661], [1267.9845194001016, 675.6484247588146], [1250.7031625539346, 704.9377103020339], [1192.0154805998984, 670.3515752411854]], '0000', 0.08649271726608276)]
[([[520, 54], [550, 54], [550, 92], [520, 92]], '후', 0.06987587895185143), ([[525, 97], [539, 97], [539, 119], [525, 119]], '1', 0.9965078377647387), ([[1045, 123], [1111, 123], [1111, 163], [1045, 163]], '좋은', 0.7972203418681865), ([[1033, 163], [1127, 163], [1127, 201], [1033, 201]], '크기다', 0.9992968428383708), ([[775, 313], [795, 313], [795, 347], [775, 347]], '8', 0.9999889135667992), ([[1214, 886], [1262, 886], [1262, 916], [1214, 916]], '000', 0.09193503897987493), ([[752.101167723432, 241.0677069746514], [795.897366596101, 233.3079002116969], [808.898832276568, 318.9322930253486], [765.102633403899, 325.6920997883031]], '술', 0.2883268799246572), ([[765.0796420133831, 399.035346173981], [926.7126677661607, 454.3897483263985], [889.9203579866169, 552.964653826019], [728.2873322338393, 498.6102516736015]], '{^', 0.041664698386032685), ([[1071.0864055220115, 802.0418201899248], [1234.8685785517034, 850.3840924008907], [1207.9135944779885, 930.9581798100752], [1044.1314214482966, 881.6159075991093]], "{에'어신 ", 0.0002675064470064501)]
[([[1114, 46], [1142, 46], [1142, 98], [1114, 98]], '옷', 0.4795403934597431), ([[1059, 171], [1113, 171], [1113, 207], [1059, 207]], '으웃', 0.6721900150334336), ([[522, 208], [546, 208], [546, 238], [522, 238]], '웃', 0.45496671807743283), ([[612, 196], [664, 196], [664, 248], [612, 248]], '올 ', 0.018307933659987417), ([[1069, 279], [1111, 279], [1111, 335], [1069, 335]], '각', 0.05465149135183389), ([[278, 362], [338, 362], [338, 394], [278, 394]], '으음?', 0.9919525920052947), ([[238, 388], [264, 388], [264, 416], [238, 416]], '너', 0.9999494558999231), ([[479, 559], [517, 559], [517, 621], [479, 621]], '음', 0.6237274377054405), ([[435, 631], [505, 631], [505, 695], [435, 695]], '슬음', 0.1365793137197707), ([[414, 700], [466, 700], [466, 774], [414, 774]], '학', 0.10575763184414999), ([[773, 757], [833, 757], [833, 801], [773, 801]], '스옥', 0.21424406485787567), ([[759, 823], [795, 823], [795, 891], [759, 891]], '흙', 0.022121781576173172), ([[365.3391813995449, 781.0438604965868], [406.2252081756909, 773.1524372179186], [421.6608186004551, 865.9561395034132], [380.7747918243091, 873.8475627820814]], '흙', 0.1662277728807391)]
[([[596, 166], [661, 166], [661, 275], [596, 275]], '흙', 0.08441195600448737), ([[421, 311], [493, 311], [493, 353], [421, 353]], '하앗', 0.4883241554630912), ([[239, 339], [303, 339], [303, 375], [239, 375]], '꽤나', 0.7692375168798059), ([[211, 373], [331, 373], [331, 413], [211, 413]], '젖엇장나', 0.5851491093635559), ([[501, 459], [545, 459], [545, 523], [501, 523]], '팩', 0.10546498611614741), ([[434, 576], [482, 576], [482, 642], [434, 642]], '팬', 0.13680701879075574), ([[992, 588], [1040, 588], [1040, 658], [992, 658]], '팩', 0.6578910518675265), ([[400, 664], [448, 664], [448, 732], [400, 732]], '팬', 0.23796797387740654), ([[937, 689], [997, 689], [997, 783], [937, 783]], '팬', 0.007049508748213862), ([[1090.2672065083736, 262.03846182955016], [1158.8668020692946, 324.6409454237854], [1116.7327934916264, 370.96153817044984], [1049.1331979307054, 308.3590545762146]], '%권', 0.2106743105632667), ([[1079.3718912928916, 491.0329672824716], [1124.020618556701, 504.54639175257734], [1095.6281087071084, 597.9670327175285], [1050.979381443299, 585.4536082474227]], '적', 0.8547965542081926)]
[([[576, 102], [654, 102], [654, 134], [576, 134]], '나중에', 0.9944682074178681), ([[564, 136], [666, 136], [666, 168], [564, 168]], '아프다고', 0.9999619722366333), ([[1192, 134], [1244, 134], [1244, 166], [1192, 166]], '근데', 0.9999729418304774), ([[1181, 163], [1261, 163], [1261, 199], [1181, 199]], '말이야', 0.9996951091944747), ([[457, 329], [519, 329], [519, 371], [457, 371]], '우웃', 0.43910831365203773), ([[166, 394], [214, 394], [214, 420], [166, 420]], '자아', 0.9894695705253117), ([[569, 433], [633, 433], [633, 503], [569, 503]], '문', 0.01956862433150608), ([[52, 490], [122, 490], [122, 520], [52, 520]], '자자자', 0.9963060175595401), ([[137, 533], [223, 533], [223, 649], [137, 649]], '팩', 0.2285113095728244), ([[783, 631], [849, 631], [849, 667], [783, 667]], '좀더', 0.7769345927569671), ([[764, 664], [866, 664], [866, 700], [764, 700]], '젖어주지', 0.9977825880050659), ([[1077, 651], [1115, 651], [1115, 699], [1077, 699]], '쇼', 0.12683441719139044), ([[769, 699], [871, 699], [871, 735], [769, 735]], '않으면: .', 0.3820412882804974), ([[4, 794], [98, 794], [98, 824], [4, 824]], '가버려도', 0.9996982216835022), ([[16, 826], [90, 826], [90, 856], [16, 856]], '된다고', 0.6977114422070109), ([[85, 649], [221, 649], [221, 960], [85, 960]], '[', 0.39810644433374875), ([[427.4118357792999, -5.405422979171966], [555.2300889097351, 53.93283599727918], [281.5881642207001, 617.4054229791719], [152.76991109026488, 558.0671640027208]], '"', 0.38480757839838375), ([[605.2584475620845, 483.0250239188497], [682.1223175204842, 459.0574041752784], [735.7415524379155, 652.9749760811503], [659.8776824795158, 675.9425958247216]], '품', 0.5276490191863701)]
[([[1186, 92], [1210, 92], [1210, 118], [1186, 118]], '뭐', 0.7954075234675554), ([[403, 121], [519, 121], [519, 157], [403, 157]], '뒤로 돌아', 0.9834499059802917), ([[1148, 118], [1250, 118], [1250, 148], [1148, 148]], '가버리는 건', 0.7813226489890223), ([[1160, 146], [1238, 146], [1238, 174], [1160, 174]], '나중에도', 0.7452855110168457), ([[1158, 174], [1240, 174], [1240, 204], [1158, 204]], '괜찮켓지', 0.18047097325325012), ([[819, 219], [855, 219], [855, 255], [819, 255]], '박', 0.11591057810250405), ([[719, 705], [809, 705], [809, 741], [719, 741]], '내 것도', 0.901269751962006), ([[1070, 728], [1144, 728], [1144, 758], [1070, 758]], '이만큼', 0.9998106634086571), ([[711, 741], [817, 741], [817, 779], [711, 779]], '부드컵게', 0.335880781371142), ([[1058, 762], [1154, 762], [1154, 794], [1058, 794]], '젖없으면', 0.7160536646842957), ([[699, 779], [831, 779], [831, 815], [699, 815]], '들어가켓지', 0.9955730383280994), ([[1000.9328167443059, 262.04754753622643], [1078.6114495884628, 220.01558806612655], [1163.067183255694, 397.95245246377357], [1084.3885504115372, 439.98441193387345]], '" ', 0.003289911892601942)]
[([[558, 136], [708, 136], [708, 192], [558, 192]], '뒤질래?', 0.7823254466056824), ([[264, 428], [342, 428], [342, 482], [264, 482]], '에자', 0.013661749060574623), ([[727, 599], [801, 599], [801, 659], [727, 659]], '문물', 0.10762081160671466), ([[1080, 608], [1144, 608], [1144, 662], [1080, 662]], '몸물', 0.09347148274450387), ([[916, 642], [978, 642], [978, 698], [916, 698]], '덮퇴', 0.0453848327225966), ([[683, 766], [734, 766], [734, 863], [683, 863]], '흙', 0.7620504743500511), ([[1123, 847], [1141, 847], [1141, 897], [1123, 897]], '8', 0.9719375487495654), ([[689.457124714834, 861.0370104182882], [718.456762690498, 854.0261645926676], [738.542875285166, 941.9629895817118], [710.543237309502, 948.9738354073324]], '9', 0.3227115772315301)]
[([[1194, 18], [1246, 18], [1246, 80], [1194, 80]], '뚜탕', 0.0006120144284188756), ([[1218, 80], [1268, 80], [1268, 152], [1218, 152]], '때', 0.015371156941841824), ([[1143, 105], [1231, 105], [1231, 197], [1143, 197]], '대문', 0.001125529945755882), ([[692, 258], [836, 258], [836, 338], [692, 338]], '대뉴? ', 0.004942927043884993), ([[1196, 280], [1268, 280], [1268, 398], [1196, 398]], '깨', 0.5987998567575801), ([[715, 427], [815, 427], [815, 487], [715, 487]], '다', 0.10695263840267444), ([[682, 728], [706, 728], [706, 756], [682, 756]], '9', 0.9352776147921418), ([[1198.1261395850493, 173.04787022394743], [1256.8178369248512, 159.20927032206566], [1283.8738604149507, 279.9521297760526], [1225.1821630751488, 294.79072967793434]], '%', 0.1182337152007884)]
[([[689, 91], [799, 91], [799, 268], [689, 268]], '약', 0.906460774425998), ([[1100, 656], [1250, 656], [1250, 856], [1100, 856]], '흙', 0.12712457169870106), ([[878.1688832966126, 393.0541277127534], [1054.7292099352153, 265.0085777533463], [1274.8311167033874, 623.9458722872466], [1098.2707900647847, 751.9914222466538]], '용', 0.0817210183436714)]
[([[156, 34], [210, 34], [210, 124], [156, 124]], '푹', 0.08275655882172916), ([[377, 113], [439, 113], [439, 153], [377, 153]], '우으', 0.9935439975348995), ([[1165, 111], [1221, 111], [1221, 147], [1165, 147]], '우오', 0.9995434958618276), ([[769, 113], [853, 113], [853, 217], [769, 217]], '&%', 0.05295603979031005), ([[1154, 146], [1230, 146], [1230, 178], [1154, 178]], '박백해', 0.4501788482225994), ([[74, 226], [104, 226], [104, 298], [74, 298]], '옷', 0.16570388287733806), ([[234, 166], [338, 166], [338, 298], [234, 298]], '#물', 0.008182932331872714), ([[654, 216], [730, 216], [730, 292], [654, 292]], '파', 0.06839001285314694), ([[1070, 256], [1148, 256], [1148, 288], [1070, 288]], '고고생', 0.8951914310455322), ([[1071, 287], [1151, 287], [1151, 323], [1071, 323]], '이라고', 0.999818302850973), ([[703, 487], [783, 487], [783, 523], [703, 523]], '스피드', 0.9804940971775475), ([[705, 521], [783, 521], [783, 557], [705, 557]], '업이다', 0.9759697915092933), ([[1167, 503], [1239, 503], [1239, 547], [1167, 547]], '하앗', 0.7141330343425969), ([[79, 611], [185, 611], [185, 655], [79, 655]], '으라앗', 0.5561953883539376), ([[1067, 565], [1127, 565], [1127, 659], [1067, 659]], '%', 0.5806505773787798), ([[627, 775], [663, 775], [663, 833], [627, 833]], '자', 0.28166959746090825), ([[821, 793], [903, 793], [903, 829], [821, 829]], '그런데', 0.9997812068934807), ([[184, 794], [260, 794], [260, 870], [184, 870]], '퍽', 0.9991657090561148), ([[550, 814], [582, 814], [582, 874], [550, 874]], '옷', 0.16775244995392313), ([[813, 825], [915, 825], [915, 861], [813, 861]], '처녀나고', 0.559458201865342), ([[787.3313292672195, 47.15604511626376], [845.6648451696378, 6.0245902098896185], [913.6686707327805, 117.84395488373625], [855.3351548303622, 158.97540979011038]], '흙', 0.9935559472651221), ([[552.5981560033553, 317.3177872040262], [733.4277373137636, 260.30457481576235], [756.4018439966447, 344.6822127959738], [576.5722626862364, 401.69542518423765]], '파   양', 0.9592548560204942), ([[394.101167723432, 596.0677069746514], [438.5583146962296, 576.026032750343], [479.898832276568, 673.9322930253486], [436.4416853037704, 694.973967249657]], '푹', 0.4895118594561154)]
[([[248, 38], [328, 38], [328, 94], [248, 94]], '와양', 0.12912914646155277), ([[1097, 91], [1141, 91], [1141, 143], [1097, 143]], '옷', 0.9999517208204658), ([[397, 278], [475, 278], [475, 330], [397, 330]], '리구', 0.06197478414959262), ([[1033, 227], [1071, 227], [1071, 355], [1033, 355]], '놓', 0.01526211297550617), ([[203, 423], [289, 423], [289, 573], [203, 573]], '', 0.0), ([[1118, 352], [1280, 352], [1280, 540], [1118, 540]], '광', 0.9392753042357391), ([[99, 479], [235, 479], [235, 633], [99, 633]], '빗', 0.0020594157435402938), ([[115, 677], [157, 677], [157, 727], [115, 727]], '엇', 0.9767810034667299), ([[964, 624], [1272, 624], [1272, 800], [964, 800]], '판광', 0.656346890003187), ([[360, 692], [554, 692], [554, 890], [360, 890]], '꽉', 0.10593504736698378), ([[669.8492070888625, 45.095242533174996], [717.5813183589762, 15.024179692285843], [776.1507929111375, 118.904757466825], [728.4186816410238, 148.97582030771414]], '흙', 0.35494864163911544), ([[411.8669156380993, 97.10796131811611], [496.5522155556259, 109.725598447093], [487.1330843619007, 160.8920386818839], [402.4477844443741, 148.274401552907]], '화양', 0.062163340748896234)]
[([[180.96045745888, 36.21019580262395], [239.6880209161538, -11.97630328422983], [324.03954254112, 103.78980419737604], [265.3119790838462, 152.97630328422983]], '올', 0.04321046001010487), ([[628.1961581007969, 72.03236044988155], [695.580415215046, 48.01685830120883], [750.8038418992031, 215.96763955011846], [684.419584784954, 239.98314169879117]], '월', 0.9817592161774122), ([[999.5239319025807, 343.00539690380833], [1147.3513182165614, 315.132050828017], [1234.4760680974193, 825.9946030961917], [1086.6486817834386, 853.867949171983]], '콩', 0.07746267743716206), ([[854.4327330995129, 628.0161025514275], [925.5646472049533, 615.1231645187321], [960.5672669004871, 823.9838974485725], [890.4353527950467, 836.8768354812679]], '못', 0.24914989740388993), ([[337.54373466437744, 696.0115728882352], [399.3485754727378, 666.0067528033637], [512.4562653356226, 910.9884271117648], [449.6514245272622, 941.9932471966363]], '#', 0.5150435038866732)]
[([[537, 157], [633, 157], [633, 197], [537, 197]], '이쪽 뵈', 0.4474824838950955), ([[119, 535], [219, 535], [219, 595], [119, 595]], '빨아', 0.9483674820424203)]
[([[407, 25], [451, 25], [451, 87], [407, 87]], '기1', 0.2699802379039204), ([[1122, 112], [1174, 112], [1174, 144], [1122, 144]], '으우', 0.9970301091194365), ([[162, 150], [224, 150], [224, 182], [162, 182]], '좀 더', 0.8492335997538565), ([[652, 128], [706, 128], [706, 190], [652, 190]], '4,', 0.10489384083515355), ([[156, 182], [232, 182], [232, 212], [156, 212]], '이렇계', 0.45890486240386963), ([[1016, 190], [1042, 190], [1042, 234], [1016, 234]], '흉', 0.08860200379331573), ([[46, 248], [120, 248], [120, 280], [46, 280]], '이렇게', 0.4650695144617829), ([[40, 278], [126, 278], [126, 310], [40, 310]], '하라고!', 0.9969685673713684), ([[123, 503], [189, 503], [189, 545], [123, 545]], '흐구', 0.8313683813815522), ([[121, 545], [189, 545], [189, 589], [121, 589]], '후움', 0.6443069771963528), ([[6, 567], [78, 567], [78, 746], [6, 746]], '5', 0.7495619970523535), ([[1027, 677], [1065, 677], [1065, 717], [1027, 717]], '첫', 0.8209560292384346), ([[997, 719], [1093, 719], [1093, 763], [997, 763]], '더럽게', 0.946552934852209), ([[87, 811], [143, 811], [143, 847], [87, 847]], '우우', 0.9974103849935676), ([[860, 644], [959, 644], [959, 892], [860, 892]], '푹', 0.959797781583859), ([[995, 763], [1093, 763], [1093, 807], [995, 807]], '못하네', 0.9998807263348091), ([[1163, 729], [1249, 729], [1249, 847], [1163, 847]], '책', 0.020717750335947693), ([[419, 875], [515, 875], [515, 960], [419, 960]], '새', 0.009027655653781608), ([[594.3022506247456, 112.20900249898267], [692.0885465410178, 32.71821042504866], [724.6977493752544, 85.79099750101733], [626.9114534589822, 165.28178957495135]], '', 0.0), ([[828.6396536657574, 170.00928111569362], [878.4656330736664, 162.01550389500375], [913.3603463342426, 377.9907188843064], [863.5343669263336, 385.98449610499625]], '{', 0.20573313299743123), ([[1155.4091719833857, 483.01941414746324], [1221.2247630161633, 468.08372524233135], [1259.5908280166143, 652.9805858525368], [1193.7752369838367, 667.9162747576686]], '톤', 0.045129075414643616), ([[390.9194081923158, 690.0585553693054], [446.4993761694389, 636.0124766112216], [593.0805918076842, 801.9414446306946], [537.500623830561, 855.9875233887784]], ' ', 0.07993477735461685), ([[254.29982944880055, 704.0163502043316], [416.4835976373612, 852.0980262072862], [329.70017055119945, 947.9836497956684], [168.5164023626388, 800.9019737927138]], "''다'", 0.10025034099817276), ([[1178.2788897449072, 776.0200154083296], [1273.880436649823, 811.551510690731], [1211.7211102550928, 981.9799845916704], [1116.119563350177, 946.448489309269]], '1교', 0.01613374381291276)]
[([[732, 70], [802, 70], [802, 102], [732, 102]], '푸후아', 0.30785453750328207), ([[459, 107], [575, 107], [575, 145], [459, 145]], '다시 한번', 0.9915767204598781), ([[476, 144], [556, 144], [556, 176], [476, 176]], '여기에', 0.9944054854438745), ([[706, 212], [756, 212], [756, 242], [706, 242]], '귀혹', 0.24682730788391338), ([[1149, 203], [1245, 203], [1245, 239], [1149, 239]], '관물랜다|', 0.07932420349704962), ([[401, 479], [493, 479], [493, 515], [401, 515]], '내 걸: ', 0.34145859089172287), ([[283, 575], [347, 575], [347, 615], [283, 615]], '넣어', 0.9241803125673494), ([[261, 613], [367, 613], [367, 655], [261, 655]], '주컷어!', 0.34214290976524353), ([[453, 799], [515, 799], [515, 841], [453, 841]], '우앗', 0.47145674777536045), ([[1029.2395577739624, 197.0192881470586], [1228.9998653422326, 310.93644124854984], [1162.7604422260376, 423.9807118529414], [963.0001346577673, 310.06355875145016]], '(손', 0.012470340836343166), ([[85.52969736739787, 420.0370934146066], [112.48021347566099, 415.03868356675724], [126.47030263260213, 488.9629065853934], [99.51978652433901, 494.96131643324276]], '"', 0.12315061360795543)]
[([[313, 53], [331, 53], [331, 83], [313, 83]], '0', 0.998290197385959), ([[1044, 62], [1116, 62], [1116, 136], [1044, 136]], '쇼', 0.7649198308826186), ([[944, 162], [1022, 162], [1022, 390], [944, 390]], '7', 0.00439012135766742), ([[1116, 336], [1182, 336], [1182, 364], [1116, 364]], '우 웃', 0.4226965308189392), ([[58, 552], [120, 552], [120, 600], [58, 600]], '00"', 0.30344018983375304), ([[315, 539], [404, 539], [404, 584], [315, 584]], '예금"', 0.0062344465734295446), ([[62, 706], [92, 706], [92, 736], [62, 736]], '흐', 0.528095153870968), ([[664, 776], [690, 776], [690, 808], [664, 808]], '웃', 0.8023506324007599), ([[755, 670], [840, 670], [840, 883], [755, 883]], '국', 0.09471342948472738), ([[1177, 873], [1245, 873], [1245, 947], [1177, 947]], '올', 0.11325563024462326), ([[761.9815420665362, 13.074486052446026], [856.6132962834234, 34.705591085342895], [841.0184579334638, 94.92551394755397], [745.3867037165766, 73.29440891465711]], '+"7', 0.7283665234946092), ([[792.9286568319889, 92.07206055671742], [885.5001229944764, 116.21644919792627], [866.0713431680111, 181.92793944328258], [773.4998770055236, 157.78355080207373]], '유니', 0.0028267196490592444), ([[1142.2824301117926, 133.02577855391522], [1209.5368590708727, 110.01442128176731], [1266.7175698882074, 291.9742214460848], [1200.4631409291273, 315.9855787182327]], '호', 0.26544518546921836), ([[729.2281155986319, 438.0599398312445], [765.507568440067, 421.0258292873437], [805.7718844013681, 511.9400601687555], [770.492431559933, 528.9741707126564]], '죽', 0.0062077845115920405), ([[969.5960500069032, 428.01166511942387], [1027.1145131202247, 436.7310441041631], [1000.4039499930968, 614.9883348805761], [942.8854868797753, 606.2689558958369]], '?', 0.034402829876412966), ([[1172.5779296854616, 444.0099023003315], [1236.24022773093, 436.08586318394026], [1266.4220703145384, 674.9900976996686], [1201.75977226907, 683.9141368160598]], '7', 0.5624863208171895), ([[214.13227816872538, 503.0952517592642], [290.8863609452071, 519.0533223338598], [281.86772183127465, 555.9047482407358], [205.11363905479286, 539.9466776661402]], '시째애', 0.011865870441151246), ([[1023.5050064348745, 602.0111428542143], [1106.216931064186, 592.2257150280565], [1135.4949935651255, 845.9888571457857], [1051.783068935814, 856.7742849719435]], '독', 0.004718878321498254), ([[372.40372256740443, 617.0148236048285], [460.455456407703, 649.4849981246371], [390.59627743259557, 841.9851763951715], [301.544543592297, 809.5150018753629]], '기0', 0.018569100607346588)]
[([[840, 12], [934, 12], [934, 90], [840, 90]], '느"7', 0.16836851609448886), ([[860, 220], [932, 220], [932, 312], [860, 312]], '이', 0.010655542179165922), ([[868, 309], [910, 309], [910, 390], [868, 390]], '5', 0.16958336122180473), ([[602, 584], [724, 584], [724, 778], [602, 778]], '개', 0.018653869902724773), ([[914, 674], [946, 674], [946, 714], [914, 714]], '우', 0.2743586510119691), ([[524, 700], [644, 700], [644, 888], [524, 888]], '스"', 0.04017083813051976), ([[615, 763], [683, 763], [683, 831], [615, 831]], '고', 0.383345594235621), ([[1149, 671], [1241, 671], [1241, 895], [1149, 895]], '"', 0.16636804603522037), ([[1115, 855], [1179, 855], [1179, 949], [1115, 949]], '애', 0.7777397472548273), ([[542.1389161341509, 41.030934264698246], [699.8526121345301, 107.12501050979185], [656.8610838658491, 203.96906573530174], [499.14738786546997, 138.87498949020815]], '예7', 0.025285756662556103), ([[209.05364683002267, 285.6482821470204], [412.9579408012275, 241.05195493862934], [425.94635316997733, 305.3517178529796], [221.04205919877248, 349.9480450613707]], '이?3=85', 0.00013870816415276126), ([[418.184182983552, 265.08407832104956], [508.95447534935846, 285.39823201205417], [498.815817016448, 320.91592167895044], [409.04552465064154, 300.60176798794583]], '어0600', 0.11906178157417176)]
[([[237, 91], [273, 91], [273, 129], [237, 129]], '앗와', 0.10856002543838812), ([[1121, 107], [1199, 107], [1199, 151], [1121, 151]], '어이;', 0.6982055191311201), ([[653, 157], [711, 157], [711, 193], [653, 193]], '흐/', 0.6033549094200881), ([[1076, 148], [1252, 148], [1252, 196], [1076, 196]], '이 정도로는', 0.5307263824237892), ([[34, 256], [126, 256], [126, 286], [34, 286]], '우-웃빛', 0.5249956250190735), ([[803, 93], [894, 93], [894, 346], [803, 346]], '$', 0.13089698652308446), ([[1089, 195], [1161, 195], [1161, 239], [1089, 239]], '아직', 0.9995636394207437), ([[1094, 238], [1232, 238], [1232, 286], [1094, 286]], '아니라고', 0.999653160572052), ([[1161, 195], [1235, 195], [1235, 239], [1161, 239]], '끝이', 0.18105743824718998), ([[31, 283], [127, 283], [127, 315], [31, 315]], '아직이다!', 0.9605295956666976), ([[156, 390], [184, 390], [184, 426], [156, 426]], '우', 0.9920559970919953), ([[619, 389], [681, 389], [681, 427], [619, 427]], '혜혜', 0.8784829238225469), ([[481, 443], [547, 443], [547, 483], [481, 483]], '자아', 0.9710327500123943), ([[469, 479], [559, 479], [559, 521], [469, 521]], '오늘은', 0.994605541229248), ([[455, 517], [579, 517], [579, 559], [455, 559]], '몇 번이나', 0.9695357781344736), ([[457, 557], [573, 557], [573, 595], [457, 595]], '해결까: ', 0.17142683074629878), ([[1057, 575], [1125, 575], [1125, 615], [1057, 615]], '우아', 0.9379755076421142), ([[469, 593], [559, 593], [559, 633], [469, 633]], '@웃차', 0.6715555941439358), ([[606, 736], [638, 736], [638, 772], [606, 772]], '웃', 0.628651319879058), ([[0, 776], [26, 776], [26, 836], [0, 836]], '움', 0.40981241156431736), ([[0, 868], [26, 868], [26, 904], [0, 904]], '아', 0.9590193107655445), ([[428, 822], [580, 822], [580, 960], [428, 960]], "'어", 0.17200600269565017), ([[725.583779147446, 254.0096295848336], [794.7281044574709, 247.1674661062598], [815.416220852554, 487.9903704151664], [746.2718955425291, 494.83253389374016]], ' ', 0.06360156675464523), ([[40.90746443890615, 446.10030797009324], [79.51095760157473, 415.0217960615756], [153.09253556109385, 511.89969202990676], [114.48904239842527, 543.9782039384244]], '꿀', 0.03668814351729921), ([[57.452236865944975, 475.0166846014976], [189.42288329646217, 594.8290321707436], [135.54776313405503, 656.9833153985024], [2.577116703537836, 537.1709678292564]], '{시랑/음', 0.0002042673221375547), ([[635.5155212558816, 544.0850349261696], [706.6125264927967, 482.01443835270794], [843.4844787441184, 656.9149650738304], [772.3874735072033, 719.985561647292]], '춤', 0.15328484828991407), ([[192.08676875072814, 540.0321162603394], [277.57720797706935, 498.01282051593927], [368.91323124927186, 707.9678837396606], [282.42279202293065, 748.9871794840607]], '깔', 0.014302701735795731), ([[1131.3348098947622, 645.0221484214339], [1198.5147804774895, 623.0132587367052], [1255.6651901052378, 814.9778515785661], [1188.4852195225105, 836.9867412632948]], '"', 0.017582086754558413), ([[167.41571959555637, 648.0155283964597], [249.21534079837141, 635.2253879351936], [281.58428040444363, 857.9844716035403], [200.78465920162859, 870.7746120648064]], '%', 0.06093066982293949), ([[274.3250434477113, 738.0879127532575], [367.6605932727299, 664.0136427999364], [505.6749565522887, 864.9120872467425], [413.3394067272701, 937.9863572000636]], '꿀', 0.25394271404980273), ([[1097.1115260634988, 827.1799355301936], [1151.6479859497433, 776.021016373952], [1252.8884739365012, 898.8200644698064], [1198.3520140502567, 949.978983626048]], '동', 0.21300518178578898)]
[([[56, 52], [276, 52], [276, 106], [56, 106]], "'남자분 웃의데", 0.28152691714253725), ([[25, 97], [310, 97], [310, 149], [25, 149]], '그녀의 스마트론올', 0.05186643672929367), ([[24, 142], [190, 142], [190, 190], [24, 190]], '확인한 훈', 0.416994371072258), ([[28, 182], [332, 182], [332, 234], [28, 234]], '연락처률 기록합 튀', 0.2097935160412373), ([[26, 228], [322, 228], [322, 278], [26, 278]], '만족스럽체 폐있다 ', 0.2563510456613166), ([[26, 314], [256, 314], [256, 364], [26, 364]], '그녀늄 한동안', 0.4726036123831046), ([[27, 359], [135, 359], [135, 403], [27, 403]], '그대로', 0.9663593085729364), ([[26, 398], [278, 398], [278, 450], [26, 450]], '움직에체 못하고', 0.11414708222040472), ([[1124, 416], [1266, 416], [1266, 464], [1124, 464]], "'1시간 후", 0.9092394319995709), ([[28, 442], [150, 442], [150, 494], [28, 494]], '있없다', 0.27568621616904093), ([[918, 458], [1264, 458], [1264, 508], [918, 508]], '겨우 능옥이 끝이 낫다.', 0.36566377627372093), ([[830, 544], [1264, 544], [1264, 592], [830, 592]], '만신창이가 된 그녀의 모습올', 0.9096941139411312), ([[756, 586], [1266, 586], [1266, 636], [756, 636]], '스마트프으로 몇 번이나 촬영한 후', 0.5646787999947623), ([[908, 630], [1266, 630], [1266, 680], [908, 680]], '남자눈 이렇제 협박있다', 0.3449698323035205), ([[735, 714], [1263, 714], [1263, 764], [735, 764]], '5이 사진 인터넷에 뿌리논계 싫싶으면', 0.5467839206751705), ([[700, 756], [1252, 756], [1252, 809], [700, 809]], '앞으로 내 말올 들어라; 일단 연락처_', 0.4698156305924089), ([[722, 844], [1264, 844], [1264, 894], [722, 894]], '@하루자마 안나에제 거부권은 없다.', 0.567731642527883), ([[680, 886], [1261, 886], [1261, 936], [680, 936]], '애초에 거부할 힘조차 남아있지 않앉다.', 0.4695039023515044), ([[551.4354515597786, 425.03197372605143], [592.5355339059328, 439.4644660940673], [564.5645484402214, 522.9680262739486], [523.4644660940672, 508.5355339059327]], '1"', 0.042597800647026306), ([[294.62230521269976, 496.0359871060387], [315.47109021031815, 504.64504849049644], [296.37769478730024, 551.9640128939612], [274.52890978968185, 542.3549515095036]], '공', 0.34585244500284773)]
[([[991.6422291236, 597.0322601798002], [1008.1011894916544, 601.3304546416854], [991.3577708764, 655.9677398201998], [974.8988105083456, 651.6695453583146]], '8', 0.9948082773464648), ([[790.3947281234448, 651.0367706122473], [826.4526787302126, 637.0205339676614], [863.6052718765552, 742.9632293877527], [827.5473212697874, 756.9794660323386]], '탑', 0.01561901403190924), ([[830.5367589453879, 751.0543875706293], [846.3708157183956, 746.034676692503], [862.4632410546121, 796.9456124293707], [846.6291842816044, 802.965323307497]], '8', 0.993864677485945)]
[([[411, 155], [431, 155], [431, 189], [411, 189]], '8', 0.9893578038302167), ([[30, 304], [106, 304], [106, 424], [30, 424]], '4', 0.031889523499054384), ([[577, 379], [733, 379], [733, 469], [577, 469]], '계속', 0.9998913941268432), ([[107, 607], [143, 607], [143, 789], [107, 789]], '@', 0.3457396535590398), ([[347.0197874239788, 49.06027813422851], [398.6089154740799, 24.023207289553895], [451.9802125760212, 145.9397218657715], [400.3910845259201, 170.9767927104461]], '다', 0.17794922207887343), ([[329.40889846319675, 187.0250018657215], [374.43664800308625, 166.01363195061978], [440.59110153680325, 318.9749981342785], [394.56335199691375, 339.98636804938025]], '"', 0.0045035883726365356), ([[67.29072266128932, 194.04207035483034], [111.81797903859635, 182.05601898619983], [139.70927733871068, 289.95792964516966], [95.18202096140365, 302.94398101380017]], '!', 0.007637158925266618), ([[864.4095257509892, 247.04382253162788], [898.456762690498, 237.02616459266756], [922.5904742490108, 321.9561774683721], [888.543237309502, 331.97383540733244]], '"', 0.03428842917070818), ([[117.45055774420524, 299.0769521047184], [134.42485928866208, 294.0456472721544], [147.54944225579476, 337.9230478952816], [131.57514071133792, 343.9543527278456]], '8', 0.9938751357003781), ([[80.23652010216107, 430.09877638821206], [101.54626778054693, 422.0501539850466], [118.76347989783893, 473.90122361178794], [97.45373221945307, 481.9498460149534]], '용', 0.6811601951381476)]
[([[248, 32], [360, 32], [360, 108], [248, 108]], '타 ', 0.2937690013064744), ([[1212, 102], [1266, 102], [1266, 128], [1212, 128]], '베~', 0.2706196836780622), ([[1200, 140], [1278, 140], [1278, 172], [1200, 172]], '절잡아', 0.5414688583364746), ([[379, 388], [484, 388], [484, 431], [379, 431]], "'퇴공용의", 0.017975791970226116), ([[609, 423], [851, 423], [851, 459], [609, 459]], '이런 현실적이고 어두점검한', 0.3012938141154969), ([[226, 442], [256, 442], [256, 504], [226, 504]], '양', 0.8562052434605363), ([[455, 435], [515, 435], [515, 471], [455, 471]], '후기', 0.9999416692599544), ([[609, 448], [768, 448], [768, 480], [609, 480]], '능옥물이라는 젓이', 0.34248376801649577), ([[608, 474], [828, 474], [828, 502], [608, 502]], '생각보다 적은 모양이어서', 0.7778842522955005), ([[608, 498], [812, 498], [812, 530], [608, 530]], '하나 만들어 버럿습니다', 0.2348483783348952), ([[608, 546], [846, 546], [846, 578], [608, 578]], '예로 동인지 처녀작이/는데', 0.5875358905380712), ([[608, 570], [718, 570], [718, 600], [608, 600]], '어떠석나요?', 0.6078222610021128), ([[626, 618], [828, 618], [828, 648], [626, 648]], '수요가 있으면 다음예는', 0.7811838535336106), ([[626, 642], [856, 642], [856, 675], [626, 675]], '운간이라든지 감금이라든지', 0.3368439720764287), ([[622, 662], [869, 662], [869, 699], [622, 699]], '구속이라든지 하고 싶습니다.', 0.8507518430068346), ([[622, 714], [824, 714], [824, 744], [622, 744]], '마지막은 하루자키 찌의', 0.9798796825047238), ([[622, 738], [786, 738], [786, 768], [622, 768]], '감사의 일상 세트로', 0.9980888236018354), ([[620, 762], [746, 762], [746, 792], [620, 792]], '마무리합니다 ,', 0.6407323538626406), ([[396.0574282752855, 16.50337089551385], [448.86312779350885, 6.20670459169869], [454.9425717247145, 41.49662910448615], [402.13687220649115, 51.79329540830131]], '무리', 0.9997870807610311), ([[406.5700282971498, 55.94201697828989], [477.013698630137, 34.369863013698634], [486.4299717028502, 66.0579830217101], [415.986301369863, 87.63013698630137]], '무리!!', 0.5793982744216919), ([[6.348018633361192, 51.10925403674746], [52.95960811756081, 61.600079976008], [47.65198136663881, 83.89074596325254], [0.04039188243918623, 72.399920023992]], '까아', 0.9782794877332872), ([[3.3204595160191657, 80.07797591888242], [85.99660441317332, 101.85730455175366], [77.67954048398083, 128.9220240811176], [-3.996604413173313, 106.14269544824634]], '하루자키', 0.9372007250785828), ([[3.1051750205921596, 114.13656006589491], [66.93070005218878, 125.3589093635837], [61.894824979407844, 151.8634399341051], [-2.9307000521887847, 140.6410906364163]], '선배9', 0.9512216109488599), ([[483.0513167019495, 392.1539501058485], [545.8773442637893, 400.1509475942917], [541.9486832980505, 427.8460498941515], [479.12265573621073, 419.8490524057083]], '아인_', 0.6363114432651568)]
[([[509, 181], [769, 181], [769, 225], [509, 225]], '겁나 오랜만에 번역', 0.6746985183624474), ([[301, 261], [979, 261], [979, 305], [301, 305]], '노트북 사망--현타--회복 ~컴퓨터 $-지 사망--시발', 0.2060739349663924), ([[449, 338], [828, 338], [828, 387], [449, 387]], '둘 다 금방 새로 사긴 햇는데', 0.7883905257587634), ([[459, 421], [819, 421], [819, 463], [459, 463]], '번역 하단것도 다 날아가고', 0.504060244801353), ([[495, 499], [783, 499], [783, 543], [495, 543]], '그 와중에 번역하던건', 0.4452597763143829), ([[492, 574], [786, 574], [786, 625], [492, 625]], '다른 분이 번역햇더라', 0.5561713612542133), ([[513, 657], [765, 657], [765, 701], [513, 701]], '심심해서 묵혀뒷년', 0.6420878397100194), ([[487, 737], [789, 737], [789, 781], [487, 781]], '작품 하나 꺼내서 번역', 0.8406146255658696)]
