2073818
35
[([[10, 24], [84, 24], [84, 48], [10, 48]], '[-시', 0.00821000753711671), ([[15, 45], [85, 45], [85, 87], [15, 87]], '[18', 0.06300256638300536), ([[11, 83], [87, 83], [87, 103], [11, 103]], '표스"창', 0.008118165656924248), ([[13, 117], [43, 117], [43, 131], [13, 131]], "메시 '", 0.005423154193084541), ([[18, 104], [88, 104], [88, 132], [18, 132]], '떤 춤주@', 0.0045297965247851546), ([[12.21114561800017, 157.16130089900093], [150.22438846056556, 147.31146464810882], [150.78885438199984, 231.83869910099907], [13.775611539434426, 241.68853535189118]], ':6모', 0.0004722035619489836)]
[]
[([[327, 187], [371, 187], [371, 205], [327, 205]], '번트.,,', 0.1667794423932935), ([[496, 318], [534, 318], [534, 326], [496, 326]], '아보가', 0.11883812549991465), ([[83, 465], [107, 465], [107, 479], [83, 479]], '그건', 0.5951323330771224), ([[73, 477], [113, 477], [113, 497], [73, 497]], '칭찬올', 0.8245597053316325), ([[79, 493], [107, 493], [107, 513], [79, 513]], '해준', 0.537238868456791), ([[69, 509], [117, 509], [117, 529], [69, 529]], '건러나?', 0.9034029841423035), ([[477, 545], [531, 545], [531, 565], [477, 565]], '너 너무', 0.8885179313093675), ([[477, 563], [529, 563], [529, 583], [477, 583]], '과해서', 0.9999694415337118), ([[469, 583], [539, 583], [539, 603], [469, 603]], '아프다고!', 0.9451536818098684), ([[461, 609], [503, 609], [503, 649], [461, 649]], '>', 0.20740408041021752)]
[([[510, 91], [635, 91], [635, 117], [510, 117]], '그만 하라고 햇지', 0.8135069380023224), ([[528, 115], [616, 115], [616, 135], [528, 135]], '바카가미!!', 0.6551755036346354), ([[405, 659], [465, 659], [465, 675], [405, 675]], '만 좀 물으 .', 0.2349813756912997), ([[517, 685], [557, 685], [557, 701], [517, 701]], '그니까', 0.9526158659660227), ([[520, 886], [558, 886], [558, 910], [520, 910]], '피', 0.15097127495409168)]
[([[383, 45], [427, 45], [427, 59], [383, 59]], '아야', 0.9859818302169515), ([[378, 58], [443, 58], [443, 78], [378, 78]], '괜찮나 너?', 0.6938037203886525), ([[39, 129], [61, 129], [61, 147], [39, 147]], '뭐 .', 0.5435469097309314), ([[69, 131], [109, 131], [109, 147], [69, 147]], '이런긴', 0.8364097656304258), ([[43, 147], [107, 147], [107, 163], [43, 163]], '괜찮은데 ,,', 0.386548760188537), ([[97, 368], [185, 368], [185, 388], [97, 388]], '내가 만지논기', 0.5164981584379994), ([[98, 386], [184, 386], [184, 410], [98, 410]], '그렇계 싶나?', 0.26574545683652173), ([[89, 765], [157, 765], [157, 783], [89, 783]], '정말 아프고', 0.8775806688402897), ([[83, 783], [163, 783], [163, 799], [83, 799]], '실기만 한기나', 0.3710672244115042), ([[479, 779], [561, 779], [561, 793], [479, 793]], '싫어아파 그만 대', 0.43126214653052375), ([[463, 791], [577, 791], [577, 807], [463, 807]], '말고 다른 받은 엎는거나?', 0.03991350657388561), ([[107, 797], [135, 797], [135, 815], [107, 815]], '너는', 0.47469923484299986), ([[243.07351789077583, 160.10877514125852], [303.6702225012397, 170.4095702494628], [296.92648210922414, 209.89122485874148], [236.3297774987603, 199.5904297505372]], '8?', 0.1616089197334885)]
[([[523, 117], [587, 117], [587, 137], [523, 137]], '그게 니가', 0.8976677828864913), ([[535, 137], [579, 137], [579, 153], [535, 153]], '느끼는', 0.848894711718997), ([[513, 151], [595, 151], [595, 171], [513, 171]], '전부인기나?', 0.9487907900644991), ([[45, 783], [89, 783], [89, 799], [45, 799]], '야 짐깐', 0.5866689377244435), ([[35, 799], [87, 799], [87, 815], [35, 815]], '갑자기 본', 0.4561120523752648)]
[([[269, 95], [297, 95], [297, 111], [269, 111]], '아니', 0.9999947737947846), ([[163, 167], [193, 167], [193, 183], [163, 183]], '내가', 0.9999222820959237), ([[149, 181], [203, 181], [203, 201], [149, 201]], '잘못하다', 0.16530057787895203), ([[317, 385], [375, 385], [375, 403], [317, 403]], '너 소중히', 0.837184065526276), ([[327, 405], [367, 405], [367, 419], [327, 419]], '여기지', 0.9940145854385349), ([[327, 419], [367, 419], [367, 435], [327, 435]], '암으면', 0.5602941124379892), ([[315, 433], [377, 433], [377, 451], [315, 451]], '신공 합 수', 0.432792820477108), ([[313, 449], [379, 449], [379, 469], [313, 469]], '없다는기지', 0.2062471621759018), ([[112, 632], [198, 632], [198, 656], [112, 656]], '뛰야 이게?', 0.7251573864095373), ([[79, 652], [232, 652], [232, 678], [79, 678]], '눈이라도 오는건기?', 0.6342875457365595), ([[535, 679], [563, 679], [563, 695], [535, 695]], '내가', 0.9998956459979268), ([[521, 695], [573, 695], [573, 711], [521, 711]], '세멋대로', 0.6348621249198914), ([[533, 709], [561, 709], [561, 729], [533, 729]], '없어', 0.06107635352087802), ([[411, 865], [471, 865], [471, 885], [411, 885]], '좋아 그럼', 0.9976535834181143), ([[405, 885], [477, 885], [477, 903], [405, 903]], '이렇개 하자', 0.4898465819007787)]
[([[157, 167], [277, 167], [277, 187], [157, 187]], '앞으로 아오미네의', 0.7531556152696116), ([[163, 185], [273, 185], [273, 205], [163, 205]], '일을 엄청 소중히', 0.7330484044089299), ([[185, 203], [249, 203], [249, 223], [185, 223]], '생각활게!', 0.9396137746326839), ([[93, 357], [167, 357], [167, 375], [93, 375]], '코피난재로', 0.6359001536808634), ([[109, 375], [153, 375], [153, 395], [109, 395]], '그런말', 0.9991180531421204), ([[79, 391], [181, 391], [181, 411], [79, 411]], '하느기 아니야]!', 0.4232497682466909), ([[141, 629], [223, 629], [223, 645], [141, 645]], '그러면 되직지?', 0.42913158184441963), ([[155, 645], [207, 645], [207, 661], [155, 661]], '마오미네', 0.7933564782142639), ([[49, 821], [113, 821], [113, 837], [49, 837]], '어쨌든 이결', 0.8120023057519814), ([[49, 837], [111, 837], [111, 853], [49, 853]], '중계 생가해', 0.22768718977638397), ([[49, 851], [113, 851], [113, 869], [49, 869]], '보기로 있다', 0.46753506699809605), ([[419, 853], [447, 853], [447, 867], [419, 867]], '만도', 0.7538926996413124), ([[445, 849], [485, 849], [485, 869], [445, 869]], '안되는', 0.6887849138344012), ([[419, 867], [485, 867], [485, 883], [419, 883]], '일이 뇌비린', 0.5352672611367716), ([[407, 879], [497, 879], [497, 899], [407, 899]], '기분도 늘없지민', 0.45739726780858175), ([[328.2548739491969, 252.09400840186785], [353.53665631459995, 244.0483902697003], [369.7451260508031, 296.9059915981321], [344.46334368540005, 304.9516097302997]], '북', 0.7547244498148444)]
[([[129, 379], [198, 379], [198, 420], [129, 420]], '다다', 0.030933238794411847), ([[249, 373], [351, 373], [351, 409], [249, 409]], '대 다', 0.7447941051416312), ([[367, 503], [419, 503], [419, 539], [367, 539]], '"둠', 0.03122687994470484), ([[273, 707], [313, 707], [313, 719], [273, 719]], '아모미네', 0.5883521437644958), ([[267, 719], [321, 719], [321, 731], [267, 731]], '미티논 기야 ', 0.1707969939159506), ([[185, 729], [231, 729], [231, 749], [185, 749]], '살기가', 0.9968295385303589), ([[175, 749], [239, 749], [239, 767], [175, 767]], '대단 한데', 0.9981049417093766), ([[335, 823], [381, 823], [381, 843], [335, 843]], '그렇게', 0.8150027726404104), ([[337, 841], [379, 841], [379, 861], [337, 861]], '고주가', 0.4117625541722307), ([[101, 853], [163, 853], [163, 873], [101, 873]], '카가미와', 0.9706354141235352), ([[335, 859], [381, 859], [381, 879], [335, 879]], '지나고', 0.9999768058373436), ([[115, 873], [147, 873], [147, 891], [115, 891]], '나는', 0.9750511053832351), ([[91, 885], [170, 885], [170, 911], [91, 911]], '전쟁중이다', 0.7808806770421408)]
[([[386, 26], [424, 26], [424, 50], [386, 50]], '방도', 0.9999651025877826), ([[155, 45], [189, 45], [189, 65], [155, 65]], '나다', 0.5936471558935548), ([[387, 51], [423, 51], [423, 71], [387, 71]], '따로', 0.9991194973281718), ([[387, 73], [425, 73], [425, 93], [387, 93]], '쓰고', 0.9998798835947779), ([[550, 78], [644, 78], [644, 102], [550, 102]], '그날 이후론', 0.9888112120541331), ([[153, 65], [191, 65], [191, 129], [153, 129]], '퍽출', 0.00675489165852209), ([[548, 100], [644, 100], [644, 126], [548, 126]], "'씩스틀 안해", 0.09002694831044317), ([[327, 175], [393, 175], [393, 189], [327, 189]], '가까이 모러고', 0.659671381578317), ([[331, 189], [389, 189], [389, 203], [331, 203]], '하지도 암고', 0.8893404796821969), ([[305, 275], [349, 275], [349, 289], [305, 289]], '피하터고', 0.6493960585142011), ([[303, 287], [351, 287], [351, 303], [303, 303]], '까시 하고', 0.772490775090555), ([[65, 395], [97, 395], [97, 409], [65, 409]], '"스는', 0.24026482031193316), ([[57, 409], [103, 409], [103, 423], [57, 423]], '고사하고', 0.5224263668060303), ([[56, 420], [103, 420], [103, 438], [56, 438]], '키스소치', 0.5578679569318579), ([[368, 410], [432, 410], [432, 434], [368, 434]], '한번도!', 0.9671742916107178), ([[63, 435], [97, 435], [97, 449], [63, 449]], '바려고', 0.8207380639698685), ([[59, 449], [105, 449], [105, 463], [59, 463]], '아지맙마', 0.10346810519695282), ([[130, 586], [226, 586], [226, 610], [130, 610]], '뛰야 이녀석', 0.5953403173514723), ([[130, 608], [226, 608], [226, 634], [130, 634]], '왜 아무것도', 0.9958138175285717), ([[126, 632], [230, 632], [230, 656], [126, 656]], '안하느거야]!', 0.5259656745913901), ([[89, 717], [113, 717], [113, 731], [89, 731]], '맥이', 0.35854781640959255), ([[57.25304228867309, 295.27591268660194], [208.03425297372712, 250.7356015873488], [220.7469577113269, 295.72408731339806], [69.96574702627288, 340.2643984126512]], "'서'서'서4", 0.0015908224832719034), ([[550.4633436854001, 412.0483902697003], [629.9927253025087, 444.7912052114529], [616.5366563145999, 472.9516097302997], [538.0072746974913, 439.2087947885471]], '1경 57', 0.3558902331410443)]
[([[120, 56], [146, 56], [146, 84], [120, 84]], '0', 0.40597264179291415), ([[385, 63], [409, 63], [409, 79], [385, 79]], '아 .', 0.4727538526058197), ([[299, 241], [327, 241], [327, 259], [299, 259]], '요즘', 0.9874858044286325), ([[291, 257], [335, 257], [335, 275], [291, 275]], '왜그래', 0.998414566256212), ([[297, 275], [327, 275], [327, 291], [297, 291]], '어디', 0.9333682568198433), ([[293, 293], [335, 293], [335, 309], [293, 309]], '아프거', 0.9768845139883199), ([[288, 307], [341, 307], [341, 327], [288, 327]], '아니야?', 0.9999322891235352), ([[97, 457], [131, 457], [131, 469], [97, 469]], '그니까', 0.8598868278069394), ([[193, 465], [245, 465], [245, 479], [193, 479]], '임입느거 간네', 0.3806754036824946), ([[417, 507], [455, 507], [455, 519], [417, 519]], '미리 노', 0.6128132700773562), ([[419, 519], [451, 519], [451, 533], [419, 533]], '#긴가', 0.10094006174338593), ([[157, 801], [215, 801], [215, 817], [157, 817]], '야 카가미', 0.6383283593259375), ([[317, 869], [373, 869], [373, 885], [317, 885]], '그런 너의', 0.9769096796021851), ([[317, 885], [371, 885], [371, 901], [317, 901]], '다정감이', 0.2969720661640167), ([[299, 899], [387, 899], [387, 919], [299, 919]], '디 화나는 기야', 0.4472079184585572)]
[([[395, 223], [449, 223], [449, 243], [395, 243]], '키스해쥐', 0.6497246026992798)]
[([[43, 163], [83, 163], [83, 179], [43, 179]], '이길로', 0.529443875771132), ([[46, 178], [82, 178], [82, 197], [46, 197]], '돼지?', 0.14626490576903534), ([[55, 367], [99, 367], [99, 381], [55, 381]], '기스라고', 0.9484623074531555), ([[569, 493], [607, 493], [607, 509], [569, 509]], '그념계', 0.14943876970821882), ([[569, 509], [607, 509], [607, 525], [569, 525]], '하느제', 0.40924573797248526), ([[563, 525], [613, 525], [613, 541], [563, 541]], '아니장아', 0.684368908405304), ([[571, 541], [605, 541], [605, 555], [571, 555]], '그치?', 0.9105155121679764), ([[72, 586], [98, 586], [98, 646], [72, 646]], '움', 0.9795080160242584), ([[129, 637], [191, 637], [191, 677], [129, 677]], '7?"', 0.04210697478029844), ([[272, 704], [298, 704], [298, 760], [272, 760]], '하', 0.8605583622056656)]
[([[423, 123], [439, 123], [439, 157], [423, 157]], '못', 0.7331960933428583), ([[423, 157], [439, 157], [439, 185], [423, 185]], '일', 0.9634456252663917), ([[379, 299], [395, 299], [395, 329], [379, 329]], '올', 0.24567101353734078), ([[583, 325], [609, 325], [609, 339], [583, 339]], '미파', 0.183655718018347), ([[93, 327], [109, 327], [109, 359], [93, 359]], '한', 0.4877230430838928), ([[379, 329], [395, 329], [395, 361], [379, 361]], '만', 0.985103472536494), ([[581, 337], [617, 337], [617, 351], [581, 351]], '키가미,', 0.46357983350753784), ([[93, 361], [109, 361], [109, 395], [93, 395]], '쏟', 0.561971997008559), ([[279, 367], [329, 367], [329, 407], [279, 407]], '00', 0.013102745856466112), ([[525, 373], [555, 373], [555, 393], [525, 393]], '1?', 0.01726039819785262)]
[([[510, 74], [558, 74], [558, 98], [510, 98]], '그만뒤', 0.9999348225214808), ([[406, 432], [466, 432], [466, 456], [406, 456]], '어떻계는', 0.5078932642936707), ([[207, 453], [239, 453], [239, 471], [207, 471]], '나가', 0.6143699871565678), ([[395, 449], [474, 449], [474, 475], [395, 475]], '참고있는데', 0.34259560695159424), ([[192, 468], [252, 468], [252, 492], [192, 492]], '싶어하는', 0.7979332208633423), ([[385, 471], [487, 471], [487, 489], [385, 489]], '너가 그력씌으로', 0.42269462838413996), ([[207, 489], [237, 489], [237, 507], [207, 507]], '일은', 0.9998853624967112), ([[395, 487], [473, 487], [473, 507], [395, 507]], '하면 정말로', 0.9662535889316264), ([[191, 505], [255, 505], [255, 525], [191, 525]], '나도 하기', 0.9684589206509886), ([[397, 505], [475, 505], [475, 525], [397, 525]], '억누록 수가', 0.6532279648717658), ([[186, 522], [262, 522], [262, 546], [186, 546]], '싶단말이야', 0.42893745613098033), ([[391, 523], [465, 523], [465, 543], [391, 543]], '없어진다고', 0.9285822646854567), ([[339, 855], [375, 855], [375, 871], [339, 871]], '소중히', 0.9091046738116103), ([[323, 869], [391, 869], [391, 885], [323, 885]], '대혜주짚다고', 0.4249291775179878), ([[451, 871], [505, 871], [505, 891], [451, 891]], '말맞지?', 0.21244411170482635)]
[([[205, 89], [231, 89], [231, 103], [205, 103]], '지녁', 0.9894600748393864), ([[323, 99], [359, 99], [359, 111], [323, 111]], '그두 이만', 0.1496834364624571), ([[189, 103], [247, 103], [247, 121], [189, 121]], '안식 물거면', 0.21004009458992776), ([[197, 117], [237, 117], [237, 133], [197, 133]], '나 먼저', 0.4545588493347168), ([[183, 131], [253, 131], [253, 149], [183, 149]], '문어갈 테니까', 0.7644394292543538), ([[535, 569], [573, 569], [573, 587], [535, 587]], '기짓말', 0.9971650653609948), ([[115, 613], [187, 613], [187, 631], [115, 631]], '완전 화난거', 0.7315642627641942), ([[120, 630], [185, 630], [185, 650], [120, 650]], '아니나고?', 0.9999388508981174), ([[477, 765], [553, 765], [553, 783], [477, 783]], '너무 갑자기', 0.9954704057283402), ([[477, 783], [553, 783], [553, 801], [477, 801]], '바퀴게 되서', 0.43358974042072057), ([[477, 799], [553, 799], [553, 819], [477, 819]], '어떻개 하면', 0.619802614694691), ([[462, 816], [568, 816], [568, 840], [462, 840]], '되는지 모르죽어', 0.14822608691672687), ([[185, 837], [217, 837], [217, 855], [185, 855]], '결국', 0.9924434907831172), ([[487, 835], [547, 835], [547, 855], [487, 855]], '더군다나', 0.8026955127716064), ([[170, 852], [232, 852], [232, 876], [170, 876]], '조급한건', 0.916296124458313), ([[477, 853], [553, 853], [553, 871], [477, 871]], '언제나 먼저', 0.9964477948612457), ([[161, 871], [243, 871], [243, 891], [161, 891]], '나만인건가?', 0.4774723019001223), ([[477, 871], [553, 871], [553, 891], [477, 891]], '손올 내밀던', 0.474887225995877), ([[477, 889], [553, 889], [553, 907], [477, 907]], '카가미가 .', 0.6031768388277887)]
[([[493, 79], [535, 79], [535, 99], [493, 99]], '설마 .', 0.8755630850791931), ([[255, 131], [301, 131], [301, 169], [255, 169]], '4해', 0.0944565032440155), ([[561, 259], [609, 259], [609, 273], [561, 273]], '카가미군', 0.7963507771492004), ([[273, 393], [345, 393], [345, 413], [273, 413]], "'난교파티롬", 0.2745075981058266), ([[279, 411], [339, 411], [339, 431], [279, 431]], '간다거나', 0.9954165816307068), ([[609, 565], [625, 565], [625, 661], [609, 661]], '}', 0.010037856695827907), ([[607, 663], [627, 663], [627, 699], [607, 699]], '상', 0.999941230683735), ([[575, 733], [589, 733], [589, 779], [575, 779]], '퍽', 0.05746345029825073), ([[589, 743], [603, 743], [603, 767], [589, 767]], '깊', 0.1327229677564823), ([[574, 768], [604, 768], [604, 806], [574, 806]], '퍽봄', 0.011001608667735684), ([[590, 796], [598, 796], [598, 828], [590, 828]], "'", 0.8457880588741915), ([[323, 831], [337, 831], [337, 867], [323, 867]], '꽃', 0.4326389968045987), ([[334, 830], [364, 830], [364, 870], [334, 870]], '월점', 0.15759823560424058), ([[363, 833], [375, 833], [375, 867], [363, 867]], '벼', 0.03721655081699282), ([[575, 807], [589, 807], [589, 865], [575, 865]], '#', 0.021293840433145306), ([[349, 847], [363, 847], [363, 871], [349, 871]], '옆', 0.09272788127125953), ([[321, 867], [365, 867], [365, 907], [321, 907]], '활출탑', 0.04182288140282674)]
[([[55, 323], [103, 323], [103, 343], [55, 343]], '뛰냐고', 0.9223247775240426), ([[41, 343], [113, 343], [113, 363], [41, 363]], '아까 전에!', 0.9922011363800491), ([[596, 344], [628, 344], [628, 386], [596, 386]], '^', 0.16800643735427911), ([[563, 489], [611, 489], [611, 503], [563, 503]], '왜 간사기', 0.5812692605998491), ([[291, 507], [317, 507], [317, 521], [291, 521]], '아마', 0.5150727458796301), ([[575, 503], [611, 503], [611, 517], [575, 517]], '개다가', 0.9817107779354667), ([[285, 521], [329, 521], [329, 535], [285, 535]], '이>만되', 0.09106282889842987), ([[558, 514], [625, 514], [625, 532], [558, 532]], '오랜만에 해시', 0.3313780942748913), ([[569, 529], [615, 529], [615, 543], [569, 543]], '멈정나게', 0.06430462747812271), ([[549, 541], [621, 541], [621, 557], [549, 557]], "'급문해 버슷다.", 0.15018852337318928), ([[251, 597], [273, 597], [273, 611], [251, 611]], '좁더', 0.17700922438165925), ([[241, 609], [285, 609], [285, 625], [241, 625]], '침차하기', 0.12272359430789948), ([[241, 623], [285, 623], [285, 639], [241, 639]], '조급히제', 0.6750987768173218), ([[243, 637], [285, 637], [285, 651], [243, 651]], '굽지밥고', 0.34976139664649963), ([[303, 781], [331, 781], [331, 799], [303, 799]], '{"', 0.10531903425809808), ([[387, 827], [441, 827], [441, 841], [387, 841]], '"외미아앗', 0.10369286203150237), ([[385, 841], [441, 841], [441, 855], [385, 855]], '나징이라도', 0.5504738761173811), ([[391, 855], [435, 855], [435, 869], [391, 869]], '0이해서', 0.10503681004047394), ([[381, 867], [445, 867], [445, 883], [381, 883]], '{{하고 싶다', 0.41929733206593717), ([[352.600079976008, 226.0403918824392], [373.6214777126148, 224.0990093496487], [376.399920023992, 278.95960811756083], [355.3785222873852, 279.9009906503513]], '8', 0.14321488817260164)]
[([[115, 155], [165, 155], [165, 193], [115, 193]], '#', 0.0051065977874143464), ([[293, 365], [325, 365], [325, 383], [293, 383]], '죽어', 0.9997487297363418), ([[89, 394], [187, 394], [187, 432], [89, 432]], '도대체 왜', 0.9992096265587449), ([[74, 419], [208, 419], [208, 464], [74, 464]], '그러논거야?', 0.865101982334489), ([[79, 641], [139, 641], [139, 659], [79, 659]], '야 피하는.', 0.3312372412836302), ([[552, 652], [612, 652], [612, 676], [552, 676]], '종말종일', 0.6968648433685303), ([[233, 665], [281, 665], [281, 685], [233, 685]], '우외앗!', 0.5298289093486581), ([[559, 673], [605, 673], [605, 691], [559, 691]], '대지마', 0.9998706779769035), ([[182.0, 172.0], [273.8016889760585, 151.1317161561164], [278.0, 172.0], [187.1983110239415, 192.8682838438836]], '우외아아아앗씨', 0.48828125727698857)]
[([[369, 59], [405, 59], [405, 75], [369, 75]], '서비스', 0.9998776912689209), ([[369, 71], [403, 71], [403, 89], [369, 89]], '해주는', 0.3639379602623098), ([[369, 87], [405, 87], [405, 101], [369, 101]], '거니까', 0.9886712823260448), ([[510, 194], [558, 194], [558, 220], [510, 220]], '닥처!', 0.9457498684811617), ([[95, 249], [131, 249], [131, 265], [95, 265]], '맘전히', 0.12115052152783534), ([[101, 263], [127, 263], [127, 279], [101, 279]], '있어', 0.14826085318120075), ([[128, 870], [174, 870], [174, 896], [128, 896]], '4느', 0.002989257244076904)]
[([[323, 267], [365, 267], [365, 303], [323, 303]], "'1>", 0.33594969221276877), ([[357, 419], [413, 419], [413, 435], [357, 435]], "기분 좁나'?", 0.21314646038252533), ([[541, 607], [583, 607], [583, 643], [541, 643]], '히', 0.006119640469837373), ([[463, 787], [477, 787], [477, 811], [463, 811]], '올', 0.15344098372029524), ([[81, 857], [153, 857], [153, 871], [81, 871]], '마오미내 이제', 0.4483755898464492), ([[89, 871], [147, 871], [147, 885], [89, 885]], '더 이심은 ,', 0.5126951052779667)]
[([[395, 55], [447, 55], [447, 71], [395, 71]], '더 이상은', 0.9826339394365584), ([[63, 315], [137, 315], [137, 331], [63, 331]], "'잠을 수 없어'", 0.4870643734804213), ([[73, 329], [127, 329], [127, 347], [73, 347]], '라고 말해', 0.8858159922248573), ([[135, 581], [191, 581], [191, 621], [135, 621]], '<"0', 0.09854401521293787), ([[126, 796], [188, 796], [188, 852], [126, 852]], '7', 0.2589508057825505), ([[561, 853], [629, 853], [629, 871], [561, 871]], '어쨌든 나는', 0.9357842129575856), ([[555, 869], [635, 869], [635, 885], [555, 885]], '나기 가년 말단', 0.4161215834653936), ([[549, 885], [639, 885], [639, 901], [549, 901]], '맘대로 말거니까', 0.9286247411286567), ([[578, 930], [614, 930], [614, 938], [578, 938]], '및거? 의', 0.020364307209799207), ([[274.13600260995935, 448.0752148767684], [343.94036559891543, 475.2300728936755], [326.86399739004065, 514.9247851232316], [257.05963440108457, 488.7699271063245]], '[규하', 0.0018429868179948535)]
[([[233, 479], [295, 479], [295, 515], [233, 515]], ',톱"', 0.030341078500189748), ([[314, 488], [364, 488], [364, 520], [314, 520]], '*리%', 0.2323410750367985), ([[53, 625], [65, 625], [65, 663], [53, 663]], '별', 0.13224797261324284), ([[53, 663], [67, 663], [67, 703], [53, 703]], '꿀', 0.41211741820922043), ([[90, 658], [144, 658], [144, 690], [90, 690]], '굽니', 0.0037129857709136786), ([[610, 760], [644, 760], [644, 788], [610, 788]], '7', 0.00606258764834422), ([[65, 823], [113, 823], [113, 837], [65, 837]], '그신 너도', 0.39639573775956), ([[53, 837], [125, 837], [125, 853], [53, 853]], '마찬기지 싫이?', 0.8201479400074057), ([[197, 909], [257, 909], [257, 949], [197, 949]], '서:', 0.0026664093406202397)]
[([[585, 63], [621, 63], [621, 77], [585, 77]], '그니까', 0.9572322368621826), ([[579, 75], [627, 75], [627, 91], [579, 91]], '너람 내가', 0.20217245463053093), ([[579, 89], [625, 89], [625, 103], [579, 103]], '굳이 하구', 0.22843988991385786), ([[585, 103], [621, 103], [621, 117], [585, 117]], '이유가', 0.9910107254981995), ([[71, 219], [131, 219], [131, 235], [71, 235]], '나도 나한터', 0.14977601463884285), ([[67, 233], [135, 233], [135, 249], [67, 249]], '뵙다 필러린시', 0.12676072284715767), ([[79, 247], [123, 247], [123, 263], [79, 263]], '기뻐하는', 0.8292657136917114), ([[83, 261], [119, 261], [119, 275], [83, 275]], '네 먼균', 0.268366858209242), ([[589, 421], [635, 421], [635, 437], [589, 437]], '귀어위서', 0.939951479434967), ([[585, 435], [637, 435], [637, 449], [585, 449]], '굽이한나구', 0.2768014859610886), ([[409, 897], [447, 897], [447, 909], [409, 909]], '아무 미니', 0.2920227330739704), ([[302.42275661783697, 433.05605875096853], [352.98997256369694, 463.75492028166417], [336.57724338216303, 489.94394124903147], [286.01002743630306, 459.24507971833583]], '1 짓예', 0.002931196519128129), ([[64.41000317999045, 547.4560050879847], [124.92055319899345, 512.6953361612078], [136.58999682000953, 536.5439949120153], [76.07944680100655, 571.3046638387922]], '우외아앗!', 0.577697284179509)]
[([[529, 71], [563, 71], [563, 87], [529, 87]], '이전에', 0.4960064214839829), ([[529, 83], [563, 83], [563, 99], [529, 99]], '만믿율', 0.4870722130057542), ([[529, 97], [565, 97], [565, 111], [529, 111]], '집피마', 0.10443510111439414), ([[525, 111], [569, 111], [569, 127], [525, 127]], '없단결로', 0.06594669073820114), ([[535, 125], [559, 125], [559, 139], [535, 139]], '관께', 0.26958152709835104), ([[67, 131], [113, 131], [113, 145], [67, 145]], '역시 너는', 0.12657805732401978), ([[67, 145], [111, 145], [111, 159], [67, 159]], '축구하개', 0.31210222840309143), ([[67, 157], [115, 157], [115, 171], [67, 171]], '해시 안쇄', 0.6457317257276624), ([[97, 411], [143, 411], [143, 425], [97, 425]], '기분증 게', 0.43694375354773823), ([[93, 423], [147, 423], [147, 439], [93, 439]], '허주터고한', 0.39683966980727364), ([[223, 413], [235, 413], [235, 437], [223, 437]], '규', 0.9885494179088461), ([[91, 437], [149, 437], [149, 451], [91, 451]], '소리가 아니', 0.7487755878203117)]
[([[340, 194], [386, 194], [386, 218], [340, 218]], '^"', 0.05057384746386133), ([[72, 266], [96, 266], [96, 292], [72, 292]], '대4', 0.08006174780152496), ([[228, 412], [302, 412], [302, 462], [228, 462]], '다{', 0.019861513598044056), ([[221, 811], [267, 811], [267, 823], [221, 823]], '유운하니자', 0.03541596831995275), ([[229, 821], [259, 821], [259, 835], [229, 835]], '지;하', 0.09430975441485633), ([[226, 834], [256, 834], [256, 842], [226, 842]], '아오미-', 0.10235670953989029)]
[([[65, 219], [137, 219], [137, 233], [65, 233]], '야 쉬지 낮리고', 0.4226565434142698), ([[49, 373], [81, 373], [81, 387], [49, 387]], '키기미', 0.29476861881747485), ([[485, 601], [541, 601], [541, 641], [485, 641]], '*리이', 0.10610238485465662), ([[547, 667], [581, 667], [581, 681], [547, 681]], '나단네', 0.7437991247278747), ([[545, 681], [585, 681], [585, 695], [545, 695]], '듣고싶문', 0.3153894543647766), ([[36, 702], [118, 702], [118, 726], [36, 726]], '그말 지금', 0.9422787217938768), ([[549, 705], [581, 705], [581, 719], [549, 719]], '잃어서', 0.7990158502834459), ([[44, 724], [110, 724], [110, 748], [44, 748]], '해줄까?', 0.8144047856330872), ([[308, 780], [338, 780], [338, 820], [308, 820]], '결국', 0.2654202107372734), ([[323, 821], [337, 821], [337, 869], [323, 869]], '아', 0.0459603991479709), ([[306, 868], [336, 868], [336, 918], [306, 918]], '흑임', 0.00970693925759336), ([[309.6740093166806, 833.0546270183737], [323.56231002140726, 835.1730734979304], [319.3259906833194, 863.9453729816263], [305.43768997859274, 861.8269265020696]], '앞', 0.48554144480661776)]
[([[539, 117], [591, 117], [591, 135], [539, 135]], '기난록아', 0.10737062990665436), ([[107, 135], [159, 135], [159, 151], [107, 151]], '너 고추가', 0.6591043049314729), ([[113, 151], [155, 151], [155, 167], [113, 167]], '내 인에', 0.9813191255605169), ([[109, 167], [159, 167], [159, 183], [109, 183]], '가득차서', 0.9066709280014038), ([[109, 183], [159, 183], [159, 199], [109, 199]], '기분좋아', 0.8770250082015991), ([[113, 197], [153, 197], [153, 213], [113, 213]], '카기미', 0.597802241251887), ([[305, 575], [363, 575], [363, 589], [305, 589]], '너 , 이것노', 0.16604403956848923), ([[311, 587], [361, 587], [361, 603], [311, 603]], '서비스나?', 0.9903872527974497), ([[367, 703], [389, 703], [389, 715], [367, 715]], '이미', 0.9454131321472131), ([[359, 713], [391, 713], [391, 727], [359, 727]], '나있이:', 0.10822373628616333), ([[99, 873], [129, 873], [129, 887], [99, 887]], '입문씨', 0.46311638412271877), ([[99, 887], [129, 887], [129, 899], [99, 899]], '펼지', 0.24513975108665373), ([[89, 897], [137, 897], [137, 911], [89, 911]], '모르젠지만', 0.44333136524619554)]
[([[507, 557], [539, 557], [539, 571], [507, 571]], '무리야;', 0.2917974293231964), ([[189, 599], [205, 599], [205, 631], [189, 631]], '만', 0.9994775739339765), ([[55, 743], [99, 743], [99, 759], [55, 759]], '굽만 너', 0.27976352157631484), ([[57, 759], [97, 759], [97, 775], [57, 775]], '참아쥐', 0.3019199055519924), ([[51, 775], [105, 775], [105, 791], [51, 791]], '아오미네', 0.6489053945365683), ([[233, 843], [249, 843], [249, 871], [233, 871]], '아', 0.9416685937574165), ([[233, 875], [249, 875], [249, 917], [233, 917]], '꽃', 0.129420857770711)]
[([[321, 65], [345, 65], [345, 77], [321, 77]], '아끼', 0.3766078897969259), ([[321, 77], [355, 77], [355, 91], [321, 91]], '지라리', 0.9780167937278748), ([[319, 89], [349, 89], [349, 103], [319, 103]], ';여쥐', 0.20075021595508202), ([[113, 163], [175, 163], [175, 183], [113, 183]], '니가 먼저', 0.7883136204621121), ([[115, 181], [175, 181], [175, 201], [115, 201]], '고설잡아', 0.17382414638996124), ([[85, 453], [121, 453], [121, 467], [85, 467]], '너 진짜', 0.4881346903288722), ([[84, 464], [121, 464], [121, 482], [84, 482]], '어떻계', 0.22943955549052042), ([[79, 479], [129, 479], [129, 495], [79, 495]], "잡아없다''", 0.30691120263522215), ([[528, 472], [622, 472], [622, 496], [528, 496]], '이 눈썹새끼.', 0.5043389691935752)]
[([[69, 121], [119, 121], [119, 139], [69, 139]], '그런리가', 0.9999133944511414), ([[75, 137], [115, 137], [115, 155], [75, 155]], '없감아', 0.4144694180774856), ([[538, 154], [601, 154], [601, 173], [538, 173]], '난고파티블', 0.1816658742160386), ([[545, 171], [597, 171], [597, 189], [545, 189]], '값나단기', 0.3074571192264557), ([[67, 337], [79, 337], [79, 361], [67, 361]], '어', 0.9008071357641256), ([[517, 343], [581, 343], [581, 361], [517, 361]], '숨기고 있는', 0.3547984101755568), ([[529, 359], [563, 359], [563, 375], [529, 375]], '애인이', 0.7909759495477026), ([[65, 363], [79, 363], [79, 389], [65, 389]], '알', 0.10914680427288292), ([[523, 375], [573, 375], [573, 391], [523, 391]], '있다단가', 0.3881509006023407), ([[523, 561], [567, 561], [567, 575], [523, 575]], '근래미한', 0.16481149196624756), ([[73, 571], [107, 571], [107, 585], [73, 585]], '너한내', 0.5877442223825953), ([[529, 575], [575, 575], [575, 589], [529, 589]], '냄드어제', 0.0865805447101593), ([[73, 585], [107, 585], [107, 599], [73, 599]], '잃어서', 0.12157975264151512), ([[525, 589], [569, 589], [569, 603], [525, 603]], '둘러싸이', 0.129044771194458), ([[61, 597], [119, 597], [119, 613], [61, 613]], '내 미미지느', 0.4761092395237585), ([[519, 601], [575, 601], [575, 617], [519, 617]], '혼자 글기운', 0.647380125002971), ([[75, 611], [105, 611], [105, 627], [75, 627]], '뛰나?', 0.15558884813829751), ([[529, 615], [565, 615], [565, 629], [529, 629]], '시신물', 0.2225259125322426), ([[519, 627], [573, 627], [573, 643], [519, 643]], '보볕다단기', 0.11709020458099258), ([[550, 762], [578, 762], [578, 800], [550, 800]], '철국', 0.28701654288470524), ([[550, 800], [578, 800], [578, 842], [550, 842]], '활@', 0.03956470039609382), ([[563, 839], [577, 839], [577, 863], [563, 863]], '인', 0.8589736205634644), ([[550, 852], [578, 852], [578, 890], [550, 890]], '얘녁', 0.02403424244750556), ([[51.45373221945308, 797.0501539850466], [125.9920011707747, 829.7810730850653], [113.54626778054693, 856.9498460149534], [38.0079988292253, 824.2189269149347]], '시끄러!', 0.1485833376646042)]
[([[103, 77], [131, 77], [131, 93], [103, 93]], '바보', 0.9998525735070654), ([[553, 109], [593, 109], [593, 125], [553, 125]], '그런 일', 0.4992052439807484), ([[549, 123], [597, 123], [597, 139], [549, 139]], '있물리가', 0.1674124151468277), ([[555, 137], [591, 137], [591, 153], [555, 153]], '없잡아', 0.21116236790756016), ([[617, 401], [641, 401], [641, 415], [617, 415]], '하하', 0.2621875497660333), ([[609, 415], [649, 415], [649, 429], [609, 429]], '한길관은', 0.6377724502516716), ([[615, 427], [643, 427], [643, 441], [615, 441]], '니석?', 0.6899010081888679), ([[155, 473], [185, 473], [185, 493], [155, 493]], '뛰가', 0.40455891263183874), ([[346, 466], [390, 466], [390, 492], [346, 492]], '뉴구', 0.03358575668890612), ([[141, 491], [197, 491], [197, 511], [141, 511]], '귀엽다는', 0.6684079170227051), ([[153, 509], [185, 509], [185, 527], [153, 527]], '거나', 0.9976280415019596), ([[427, 515], [459, 515], [459, 529], [427, 529]], '기엽내', 0.3528171142234961), ([[427, 527], [459, 527], [459, 541], [427, 541]], '가가켓', 0.39863853172999353), ([[339, 883], [375, 883], [375, 899], [339, 899]], '이건로', 0.3966384530067444), ([[341, 897], [377, 897], [377, 913], [341, 913]], '돼?아', 0.08016223525482538)]
[([[421, 183], [471, 183], [471, 201], [421, 201]], '이제 슬습', 0.33685412605475645), ([[415, 199], [479, 199], [479, 215], [415, 215]], '배고프짚다?', 0.8382152596118368), ([[421, 215], [471, 215], [471, 229], [421, 229]], '나 거녁도', 0.5808643074915322), ([[417, 229], [477, 229], [477, 245], [417, 245]], '안먹없감아', 0.6480298213571356), ([[179, 383], [235, 383], [235, 399], [179, 399]], '나 먹울래?', 0.10858498838266005), ([[193, 399], [219, 399], [219, 413], [193, 413]], '민가', 0.7813712149456298), ([[177, 411], [235, 411], [235, 429], [177, 429]], '불곤해젊어', 0.291067733120958), ([[361, 647], [399, 647], [399, 667], [361, 667]], '죽어', 0.997871658083151)]
[([[203, 51], [455, 51], [455, 139], [203, 139]], '~후기-', 0.651180624961853), ([[70, 170], [586, 170], [586, 218], [70, 218]], '두번째 역식 이라 아직 서롭니다.', 0.27794453030705135), ([[18, 208], [636, 208], [636, 256], [18, 256]], '떡대수 맛있으니까 떡대수 많이 파 쥐요', 0.6040017397184744), ([[215, 249], [441, 249], [441, 291], [215, 291]], '마리망에서만', 0.9495407176449306), ([[379, 321], [520, 321], [520, 373], [379, 373]], "앙~탁'$", 0.001048581544999247), ([[342, 368], [554, 368], [554, 418], [342, 418]], '3,멋하하서,~', 1.5119265651097157e-05), ([[398, 460], [496, 460], [496, 492], [398, 492]], '5많4 (', 0.00030642672470387574), ([[412, 616], [484, 616], [484, 646], [412, 646]], '느9)', 0.3394309687208146), ([[80, 754], [261, 754], [261, 833], [80, 833]], '청봉야', 0.8604609671481253), ([[275, 760], [581, 760], [581, 829], [275, 829]], '이거 입어쥐', 0.9451849721445091), ([[456, 884], [650, 884], [650, 934], [456, 934]], '역식자:두름', 0.8478768022177212), ([[464, 928], [652, 928], [652, 954], [464, 954]], '2020년 @월 23일 올림', 0.6166613525552657)]
[([[417, 265], [449, 265], [449, 283], [417, 283]], '560', 0.4740154513160021), ([[329, 285], [421, 285], [421, 301], [329, 301]], '*4꼬4어1 -4이꼬4', 0.0014378102866689456), ([[437, 283], [531, 283], [531, 301], [437, 301]], '40비-시도 진#:[', 0.00023076730969705955), ([[402, 336], [458, 336], [458, 368], [402, 368]], '7서도', 0.010475066606679063), ([[347, 359], [515, 359], [515, 395], [347, 395]], "'3스-:가3스-", 0.0027509403757604712), ([[376, 384], [484, 384], [484, 416], [376, 416]], '1어', 0.05934443233264049), ([[335, 407], [529, 407], [529, 443], [335, 443]], '시신서-고0_"4%-)', 0.0004755591097186624), ([[340, 434], [520, 434], [520, 466], [340, 466]], '0응::(:4내', 0.00015766651370890635), ([[368, 458], [496, 458], [496, 490], [368, 490]], "'스3어-통", 0.0009702256762914669), ([[392, 484], [464, 484], [464, 516], [392, 516]], '히0 . 4', 0.09583518672900462), ([[546, 854], [584, 854], [584, 862], [546, 862]], "'", 0.033295467227351105)]
