2074911
148
[([[392, 326], [616, 326], [616, 430], [392, 430]], '제 6화', 0.995791995945663), ([[429, 420], [1045, 420], [1045, 537], [429, 537]], '[순타로와 와카바]', 0.8780479482462619)]
[([[1209, 209], [1275, 209], [1275, 251], [1209, 251]], '아침', 0.999864964167933), ([[1014.0063694429277, 127.41464971873383], [1044.660818600455, 101.04386049658683], [1092.9936305570723, 159.5853502812662], [1062.339181399545, 185.95613950341317]], '중', 0.014738708611734319)]
[([[1195, 357], [1321, 357], [1321, 399], [1195, 399]], '순타로와', 0.9902509450912476), ([[1208, 392], [1307, 392], [1307, 432], [1208, 432]], '와카나', 0.9972322826223253), ([[1195, 425], [1319, 425], [1319, 467], [1195, 467]], '두사람은', 0.9862095713615417), ([[1181, 461], [1331, 461], [1331, 503], [1181, 503]], '여느때처럼', 0.9249768115769125), ([[1181, 493], [1333, 493], [1333, 537], [1181, 537]], '아침일과루', 0.3703583229794564), ([[1175, 527], [1339, 527], [1339, 571], [1175, 571]], '(하고 있있다', 0.5558286693311169), ([[1092.2070176794539, 302.0526325959042], [1159.9983000424647, 343.8571833323223], [1130.7929823205461, 388.9473674040958], [1064.0016999575353, 346.1428166676777]], '%차이}', 0.03264205530285835), ([[619.1911248646676, 443.06586167447233], [684.9995672307085, 477.9342162206486], [664.8088751353324, 513.9341383255277], [599.0004327692915, 479.0657837793514]], '%어9', 0.11639735217705864)]
[([[1162, 234], [1266, 234], [1266, 356], [1162, 356]], '/', 0.4444641009490766), ([[1179, 467], [1245, 467], [1245, 551], [1179, 551]], '4', 0.33749309367694025), ([[243.14102548660364, 88.02307405082769], [363.9247993980426, 204.45056005856884], [267.85897451339633, 305.9769259491723], [147.07520060195742, 189.54943994143116]], '(사해', 0.0007202796455516712), ([[69.69351682249571, 412.0658165427075], [137.57720797706938, 349.01282051593927], [292.3064831775043, 536.9341834572924], [224.42279202293062, 599.9871794840607]], '아', 0.05360464853665392), ([[591.6042132594259, 654.0650818758576], [689.2517759325071, 606.0523226882972], [767.3957867405741, 790.9349181241424], [669.7482240674929, 838.9476773117028]], '꼭', 0.03630910354123906)]
[([[515.3464540844378, 257.0267398301415], [618.8377194582605, 338.39683011081036], [574.6535459155622, 394.9732601698585], [471.16228054173945, 314.60316988918964]], "'", 0.5427432225300812), ([[44.050604388022535, 536.037615289084], [121.5448919310238, 489.0123775174764], [229.94939561197745, 685.962384710916], [151.4551080689762, 732.9876224825236]], '꿀', 0.005186053256173162)]
[([[788, 0], [956, 0], [956, 258], [788, 258]], '탓', 0.13388246827403893), ([[681, 291], [731, 291], [731, 335], [681, 335]], '통', 0.026049533588762053), ([[853.5599659454346, 237.0069170648201], [953.651427812192, 227.25336657371213], [983.4400340545654, 582.9930829351799], [883.348572187808, 591.7466334262879]], '=', 0.21974863539933054), ([[92.47623207855945, 544.0105555482742], [181.56847925369723, 520.0124355116859], [256.52376792144054, 817.9894444517258], [167.43152074630277, 842.9875644883141]], '=', 0.03626444770571369)]
[([[928, 142], [960, 142], [960, 174], [928, 174]], '7', 0.8957783115799636), ([[1279, 145], [1386, 145], [1386, 185], [1279, 185]], '어쩌지 .', 0.7998970988762738), ([[1283, 183], [1367, 183], [1367, 219], [1283, 219]], '순타로', 0.9993397172171053), ([[900, 188], [978, 188], [978, 290], [900, 290]], '젊', 0.015483294198494202), ([[1279, 219], [1387, 219], [1387, 255], [1279, 255]], '평소와는', 0.9135812520980835), ([[1265, 253], [1401, 253], [1401, 289], [1265, 289]], '좀 다른 !?', 0.6853490401369556), ([[78.07801789439264, 686.0425932594405], [145.57376586592136, 653.0164739329682], [216.92198210560736, 813.9574067405595], [148.42623413407864, 846.9835260670318]], '술', 0.9029376238486044)]
[([[683, 291], [731, 291], [731, 335], [683, 335]], '돌', 0.010336121695574185), ([[864, 322], [995, 322], [995, 371], [864, 371]], '와카나는', 0.9651042819023132), ([[855, 360], [1005, 360], [1005, 402], [855, 402]], '무엇인가', 0.9992201924324036), ([[867, 397], [993, 397], [993, 437], [867, 437]], '감지하고', 0.9999783635139465), ([[883, 429], [979, 429], [979, 473], [883, 473]], '있없다', 0.4361683663955228), ([[835, 495], [1022, 495], [1022, 543], [835, 543]], '|부딪히는 허리', 0.3856231924516427), ([[849, 531], [943, 531], [943, 575], [849, 575]], '자궁올', 0.5066177671323344), ([[942, 530], [1014, 530], [1014, 610], [942, 610]], '뜻다', 0.056620353052572105), ([[950, 536], [982, 536], [982, 574], [950, 574]], '밀', 0.9886929566719118), ([[851, 565], [943, 565], [943, 607], [851, 607]], '올리는', 0.4335697341807681), ([[839, 601], [1017, 601], [1017, 643], [839, 643]], '그것들로부터', 0.9965636584822906), ([[867, 635], [993, 635], [993, 677], [867, 677]], '전해지논', 0.7739531397819519), ([[846, 664], [1010, 664], [1010, 713], [846, 713]], '평소화 다른', 0.8884862725740148), ([[867, 703], [991, 703], [991, 745], [867, 745]], '무언가들', 0.4870324730873108), ([[77.09464253957482, 686.041067935323], [144.56726690048708, 653.0161025514275], [216.9053574604252, 815.958932064677], [148.43273309951292, 848.9838974485725]], '술', 0.7840095736477828)]
[([[928, 142], [960, 142], [960, 176], [928, 176]], '2', 0.43582209260586424), ([[895, 187], [981, 187], [981, 295], [895, 295]], '닭', 0.041062376552539526), ([[874, 478], [960, 478], [960, 510], [874, 510]], '자지의', 0.9999675144274189), ([[875, 511], [963, 511], [963, 547], [875, 547]], '맥박이', 0.7970913489437017), ([[855, 543], [969, 543], [969, 583], [855, 583]], '뛰고있어.', 0.9490448347289876), ([[861, 579], [975, 579], [975, 617], [861, 617]], '사정활것', 0.9476547241210938), ([[875, 613], [963, 613], [963, 651], [875, 651]], '같아  !', 0.7904967128149643), ([[966, 750], [1064, 750], [1064, 826], [966, 826]], '내의리', 0.02383835726299554), ([[80.06077405404332, 688.0442049728592], [146.5872202195147, 656.0172562682501], [215.93922594595668, 813.9557950271408], [149.4127797804853, 845.9827437317499]], '술', 0.47316935420136375)]
[([[1030, 302], [1078, 302], [1078, 390], [1030, 390]], '표', 0.05752990939314473), ([[1366, 298], [1414, 298], [1414, 388], [1366, 388]], '닭', 0.016462322934921225), ([[1324, 712], [1440, 712], [1440, 814], [1324, 814]], '7', 0.1945989218300248), ([[787.0557630317494, 330.0899677650968], [834.8556821113339, 352.807376323532], [815.9442369682506, 391.9100322349032], [768.1443178886661, 369.192623676468]], '+', 0.009959569692284342), ([[645.9594617776758, 388.1094703550758], [682.5461627593443, 366.0299188899671], [727.0405382223242, 444.8905296449242], [689.4538372406557, 466.9700811100329]], '돌', 0.23229379990594712), ([[277.8233031891709, 408.1165159458545], [315.5289064337826, 376.02335729825654], [388.1766968108291, 469.8834840541455], [350.4710935662174, 500.97664270174346]], '듯', 0.1932500647161115), ([[963.3273709732066, 685.1279113258432], [1072.907424580389, 676.3532597464371], [1075.6726290267934, 771.8720886741568], [966.0925754196111, 779.6467402535629]], '4주', 0.07119082757040092)]
[([[93, 221], [185, 221], [185, 333], [93, 333]], '4', 0.06798740529065928), ([[166.08439171223074, -16.981768023008332], [332.95067636382726, 69.5095226727962], [223.91560828776926, 279.9817680230083], [57.04932363617273, 194.4904773272038]], '[', 0.01239076483874163), ([[920.9848631198661, 235.05165857468734], [1001.412209344311, 225.02601489292667], [1014.0151368801339, 352.94834142531266], [933.587790655689, 362.97398510707336]], '기', 0.4517597632844037), ([[151.70499782262237, 431.00544099306643], [207.26563417571643, 416.0044113109358], [285.2950021773776, 717.9945590069335], [229.73436582428357, 732.9955886890642]], '[', 0.025228607338114495)]
[([[66, 306], [264, 306], [264, 536], [66, 536]], '1한', 0.014117277005715132), ([[84.22196461716355, -18.984063341209502], [230.2297849330304, -2.326184468349684], [195.77803538283646, 262.9840633412095], [48.770215066969584, 245.32618446834968]], '끼', 0.3969708181973921), ([[1004.8087395089772, 202.0338153579978], [1203.8726016700602, 237.9741163826494], [1166.1912604910228, 419.9661846420022], [967.1273983299398, 384.0258836173506]], '{', 0.04091907922690852), ([[692.7092250521497, 451.0596305632167], [781.6596439153196, 399.015548995224], [877.2907749478503, 586.9403694367833], [788.3403560846804, 638.984451004776]], '처', 0.015016936506830059)]
[([[727, 171], [765, 171], [765, 233], [727, 233]], '신', 0.6365061508886392), ([[1337, 251], [1405, 251], [1405, 291], [1337, 291]], '온다 .', 0.8187387961666152), ([[997, 391], [1061, 391], [1061, 427], [997, 427]], '정자', 0.999787839357074), ([[977, 425], [1039, 425], [1039, 463], [977, 463]], '온다.', 0.9361774498974105), ([[1322, 712], [1440, 712], [1440, 814], [1322, 814]], '7?', 0.027823742102699712), ([[913.6186072593201, 22.012133971325287], [960.8491286164661, 31.719614964149493], [927.3813927406799, 190.98786602867472], [880.1508713835339, 181.28038503585051]], '초', 0.13434255954759866), ([[787.200159952016, 334.0807837648784], [831.9047482407358, 355.13227816872535], [815.799840047984, 390.9192162351216], [770.0952517592642, 368.86772183127465]], '', 0.0), ([[644.6102768361637, 387.1631627118878], [682.6851440357469, 364.03924688900133], [724.3897231638363, 440.8368372881122], [686.3148559642531, 462.96075311099867]], '돌', 0.4972970594191253), ([[276.600279916028, 408.14137158853714], [314.6116862340039, 375.02677693235546], [389.399720083972, 470.85862841146286], [352.3883137659961, 502.97322306764454]], '틀', 0.27426924287184207), ([[1347.5362749548408, 410.0179469174461], [1390.404483147954, 400.01364941028163], [1421.4637250451592, 550.9820530825539], [1379.595516852046, 559.9863505897183]], '5', 0.28612873293312546), ([[963.2755570137922, 687.1360091868909], [1070.6902939511626, 677.1349266408564], [1074.7244429862078, 771.8639908131091], [967.3097060488374, 782.8650733591436]], '다주', 0.01264089072207363)]
[([[808, 174], [886, 174], [886, 262], [808, 262]], '1,', 0.025887944302645648), ([[957, 467], [1023, 467], [1023, 505], [957, 505]], '안에.', 0.9905504783915666), ([[959, 501], [1031, 501], [1031, 539], [959, 539]], '빨리.', 0.9976786701716157), ([[943, 535], [1011, 535], [1011, 575], [943, 575]], '정액.', 0.9939145254997709), ([[395, 577], [481, 577], [481, 617], [395, 617]], '자궁이노', 0.1629655510187149), ([[395, 613], [479, 613], [479, 649], [395, 649]], '만나고', 0.9998825845942603), ([[370, 643], [463, 643], [463, 687], [370, 687]], '싶어해.', 0.994064450263977), ([[469, 689], [557, 689], [557, 785], [469, 785]], '5.', 0.007646938561267586), ([[921, 685], [959, 685], [959, 751], [921, 751]], '9', 0.02480810373610276), ([[546.7426694080676, 199.32507598742984], [652.9946326838492, 180.70241762822633], [661.2573305919324, 248.67492401257016], [555.0053673161508, 267.2975823717737]], '|"!', 0.03791301332441277)]
[([[544, 210], [656, 210], [656, 288], [544, 288]], '(.:', 0.011606873333822055), ([[1301, 567], [1375, 567], [1375, 607], [1301, 607]], '영은', 0.16913928665697417), ([[1299.4076756117538, 103.12758879287352], [1360.6564755740158, 58.02157127495914], [1442.5923243882462, 184.87241120712648], [1381.3435244259842, 229.97842872504086]], '춤', 0.9549779146938278), ([[772.6990633095876, 461.04707367230793], [896.9623110318637, 417.44152366272147], [961.3009366904124, 634.952926327692], [838.0376889681363, 678.5584763372785]], '뜻', 0.2009855861538492), ([[419.2584475620844, 692.0250239188497], [539.831236079224, 789.0805404416565], [480.7415524379156, 861.9749760811503], [360.168763920776, 764.9194595583435]], '세', 0.0903947237279823)]
[([[1230, 32], [1308, 32], [1308, 88], [1230, 88]], '1 4', 0.19633016385672342), ([[1041, 91], [1143, 91], [1143, 181], [1041, 181]], '1', 0.08910362084224577), ([[1338, 58], [1418, 58], [1418, 144], [1338, 144]], '{', 0.027962965767130754), ([[1098, 168], [1124, 168], [1124, 202], [1098, 202]], '과', 0.4787087221501487), ([[820, 242], [913, 242], [913, 305], [820, 305]], "'2>", 0.03729016215336579), ([[943, 447], [1029, 447], [1029, 485], [943, 485]], '자궁이', 0.6069009304046631), ([[917, 481], [1009, 481], [1009, 517], [917, 517]], '채워저', 0.8429814042005608), ([[451, 527], [555, 527], [555, 565], [451, 565]], '행복해! .', 0.19177338682491266), ([[459, 685], [519, 685], [519, 751], [459, 751]], '02', 0.2924336977492137), ([[64.62063021228889, 25.00423351054234], [189.3992233749382, 10.170153678742334], [241.3793697877111, 506.99576648945765], [116.6007766250618, 520.8298463212577]], '=', 0.19932001963426504)]
[([[796, 198], [852, 198], [852, 270], [796, 270]], '새', 0.11844942231056255), ([[823, 241], [913, 241], [913, 303], [823, 303]], "'숫>", 0.0362704271515735), ([[911, 469], [1037, 469], [1037, 509], [911, 509]], '정자좋아 .', 0.9250791959198675), ([[963, 503], [1021, 503], [1021, 543], [963, 543]], '수정', 0.9996132824228763), ([[901, 539], [1025, 539], [1025, 577], [901, 577]], '하고싶어 .', 0.7953149311935488), ([[457, 673], [525, 673], [525, 751], [457, 751]], '72', 0.2228574239744459), ([[77.58631619214356, 84.00475435824458], [211.2638556392311, 71.29838294487593], [254.41368380785644, 554.9952456417554], [119.73614436076888, 567.7016170551241]], '무', 0.13114397646735743), ([[1336.2900074199777, 342.0640118719644], [1419.8992465297601, 309.18657790108495], [1441.7099925800223, 369.9359881280356], [1357.1007534702399, 402.81342209891505]], '문', 0.03133507221173559)]
[([[1339, 57], [1417, 57], [1417, 119], [1339, 119]], '씨', 0.016914840593146074), ([[0, 0], [240, 0], [240, 284], [0, 284]], '새', 0.7053345209019568), ([[1039, 99], [1140, 99], [1140, 184], [1039, 184]], "[,'", 0.018754533779966265), ([[951, 417], [1013, 417], [1013, 455], [951, 455]], '임신', 0.9999821297829987), ([[889, 451], [1005, 451], [1005, 489], [889, 489]], '하고싶어', 0.9999256730079651), ([[979, 783], [1035, 783], [1035, 827], [979, 827]], '6', 0.8682860227165499), ([[62.444581567871325, 244.00617055420975], [239.8278554685386, 217.47059292247565], [308.55541843212865, 743.9938294457902], [131.1721445314614, 769.5294070775244]], '특', 0.0664112695283201)]
[([[1209, 467], [1229, 467], [1229, 489], [1209, 489]], '(', 0.7951912347753165), ([[404, 628], [548, 628], [548, 752], [404, 752]], '계', 0.015714090290135596), ([[901, 685], [949, 685], [949, 725], [901, 725]], '5', 0.1755010664853609), ([[1263.0704176620197, 78.02883181989745], [1372.5079420089573, 126.29564786003418], [1245.9295823379803, 413.97116818010255], [1137.4920579910427, 365.7043521399658]], '꿀', 0.05163885563671844), ([[338.6243255284565, 200.00705905694272], [408.44174523064345, 186.00976170698598], [464.3756744715435, 485.9929409430573], [394.55825476935655, 499.99023829301404]], "'", 0.20377227558416067)]
[([[1030, 302], [1078, 302], [1078, 390], [1030, 390]], '표', 0.06927545578322736), ([[1366, 298], [1414, 298], [1414, 388], [1366, 388]], '닭', 0.021153330294281014), ([[655, 377], [715, 377], [715, 451], [655, 451]], '익', 0.018984550898937025), ([[947, 527], [995, 527], [995, 563], [947, 563]], '숲 .', 0.596670389175415), ([[925, 559], [983, 559], [983, 595], [925, 595]], '타로', 0.5293870552871915), ([[993, 563], [1011, 563], [1011, 589], [993, 589]], '?', 0.7058203720470289), ([[965, 680], [1076, 680], [1076, 771], [965, 771]], ',주', 0.06678300783606736), ([[1324, 712], [1440, 712], [1440, 814], [1324, 814]], '7', 0.4207433306291932), ([[277.84551323567393, 407.11211750193706], [315.5289064337826, 376.02335729825654], [388.15448676432607, 469.88788249806294], [350.4710935662174, 500.97664270174346]], '듯', 0.16022958879453686)]
[([[77, 37], [283, 37], [283, 247], [77, 247]], '1', 0.6439278220213964), ([[90, 224], [188, 224], [188, 394], [90, 394]], '9', 0.12934232457656325), ([[1310, 320], [1440, 320], [1440, 444], [1310, 444]], '팬', 0.06275624916562439), ([[869, 649], [1076, 649], [1076, 825], [869, 825]], '4무', 0.009255778353863077), ([[890.4807930670095, 37.00842646389248], [1008.352465419694, 23.355161374761447], [1047.5192069329905, 376.9915735361075], [929.647534580306, 390.64483862523855]], '=', 0.06931284552195738), ([[146.71137935244158, 421.0052080626321], [203.25876420623533, 405.00418602732833], [286.2886206475584, 713.994791937368], [229.74123579376467, 729.9958139726716]], '!', 0.015216412208652663)]
[([[1329.9780847968505, 95.0435921231512], [1420.3027773129252, 78.79794182324625], [1443.0219152031495, 235.9564078768488], [1353.6972226870748, 252.20205817675375]], '꼭', 0.005255314169758718)]
[([[1343, 119], [1409, 119], [1409, 157], [1343, 157]], '슬슬 .', 0.3298939686395966), ([[1349, 153], [1407, 153], [1407, 189], [1349, 189]], '학교', 0.9999702444546157), ([[1335, 187], [1423, 187], [1423, 225], [1335, 225]], '가야할', 0.8576228104355985), ([[1313, 221], [1431, 221], [1431, 259], [1313, 259]], '시간인데.', 0.9862695146045043), ([[675, 255], [713, 255], [713, 301], [675, 301]], '"', 0.01634458513493442), ([[683, 291], [733, 291], [733, 335], [683, 335]], '돌', 0.020947493714260412), ([[917, 437], [977, 437], [977, 473], [917, 473]], '아직', 0.99992767677399), ([[913, 473], [1017, 473], [1017, 511], [913, 511]], '끝나.!?', 0.5765985389348063), ([[923, 741], [959, 741], [959, 781], [923, 781]], '0', 0.9080386155807538), ([[844.7639320225002, 478.5278640450004], [911.3300788465442, 461.2703116918704], [921.2360679774998, 507.4721359549996], [854.6699211534558, 524.7296883081295]], '5안', 0.8941284604693588)]
[([[1339, 133], [1404, 133], [1404, 171], [1339, 171]], '그래.', 0.9281455514370053), ([[1340, 172], [1418, 172], [1418, 204], [1340, 204]], '그리고', 0.9969238042831421), ([[1333, 203], [1423, 203], [1423, 241], [1333, 241]], '피임약', 0.9992670442580281), ([[1313, 239], [1433, 239], [1433, 275], [1313, 275]], '먹어야지.', 0.9952721956930584), ([[899, 445], [957, 445], [957, 485], [899, 485]], '슬술', 0.3565536843492869), ([[887, 481], [973, 481], [973, 517], [887, 517]], '효과가', 0.9993333170132993), ([[855, 515], [987, 515], [987, 555], [855, 555]], '다햇  논데', 0.14030120771267546)]
[([[1366, 104], [1410, 104], [1410, 136], [1366, 136]], '순 .', 0.6016115546226501), ([[1352, 138], [1410, 138], [1410, 170], [1352, 170]], '타로', 0.9806709962955223), ([[1353, 169], [1391, 169], [1391, 207], [1353, 207]], '앗', 0.283260862941038), ([[1353, 203], [1421, 203], [1421, 239], [1353, 239]], '이제.', 0.983149114896284), ([[1353, 237], [1423, 237], [1423, 275], [1353, 275]], '옛째', 0.4739180415062723), ([[1351, 271], [1407, 271], [1407, 309], [1351, 309]], '끄웃', 0.9301241467173764), ([[896, 452], [928, 452], [928, 484], [896, 484]], '약', 0.9999673369213866), ([[855, 483], [947, 483], [947, 521], [855, 521]], '먹어야.', 0.9655794501304626)]
[([[1004, 86], [1068, 86], [1068, 118], [1004, 118]], '하아', 0.9999787580544308), ([[1004, 120], [1070, 120], [1070, 152], [1004, 152]], '하아', 0.9999833941820702), ([[1007, 151], [1077, 151], [1077, 187], [1007, 187]], '약.?', 0.5262037616838577), ([[1320, 330], [1368, 330], [1368, 378], [1320, 378]], '(#', 0.1646344890191826), ([[1069, 351], [1111, 351], [1111, 409], [1069, 409]], '값', 0.055163084728437894), ([[851, 637], [923, 637], [923, 675], [851, 675]], '으응', 0.9261108157393054), ([[851, 667], [935, 667], [935, 709], [851, 709]], '임신을', 0.2649272680282593), ([[823, 705], [939, 705], [939, 743], [823, 743]], '해버리면', 0.9991216063499451), ([[843, 737], [903, 737], [903, 777], [843, 777]], '흐웃', 0.9583670636720554), ([[1316, 714], [1406, 714], [1406, 790], [1316, 790]], '맨', 0.10920342556531537), ([[986.6714329397258, 729.0986006961627], [1052.6078731397502, 708.3861159929467], [1080.3285670602743, 813.9013993038373], [1014.3921268602498, 834.6138840070533]], '팀', 0.046508132638551025)]
[([[1320, 330], [1368, 330], [1368, 378], [1320, 378]], '1#', 0.11939688019985395), ([[1064, 350], [1112, 350], [1112, 408], [1064, 408]], "'운", 0.015049895325764952), ([[885, 633], [931, 633], [931, 669], [885, 669]], '숲 .', 0.700774515635431), ([[864, 666], [920, 666], [920, 698], [864, 698]], '타로', 0.9984435347271305), ([[995, 723], [1081, 723], [1081, 815], [995, 815]], '%4', 0.02342252632303068), ([[1315, 713], [1407, 713], [1407, 821], [1315, 821]], '맨', 0.013811585396311665)]
[([[979, 33], [1440, 33], [1440, 202], [979, 202]], '씩내#', 0.009392849666457682), ([[688.507444214685, 456.0744421468502], [777.6905114302492, 397.0159019635917], [884.492555785315, 585.9255578531498], [794.3094885697508, 643.9840980364083]], '손', 0.038460059521768564)]
[([[1318, 132], [1408, 132], [1408, 164], [1318, 164]], '자지가.', 0.8249108791351318), ([[1337, 161], [1399, 161], [1399, 201], [1337, 201]], '점점', 0.9999855858082365), ([[1299, 197], [1439, 197], [1439, 235], [1299, 235]], '딱딱해지고', 0.9989528339780318), ([[1303, 233], [1369, 233], [1369, 271], [1303, 271]], '있어.', 0.8824168474730879), ([[863, 707], [947, 707], [947, 745], [863, 745]], '순타로', 0.9787499208774485), ([[989, 719], [1081, 719], [1081, 815], [989, 815]], '핑4', 0.023119159935252664), ([[1316, 712], [1406, 712], [1406, 790], [1316, 790]], '맨', 0.21327284610063035), ([[386.0578369393376, 427.04945092370735], [450.7905441717207, 408.17991204300563], [484.9421630606624, 539.9505490762926], [420.2094558282793, 558.8200879569944]], '틈', 0.3885341178043724)]
[([[911, 221], [1007, 221], [1007, 265], [911, 265]], '자궁올', 0.5276569819491527), ([[873, 257], [1039, 257], [1039, 299], [873, 299]], '파고든 자지', 0.9802644207130305), ([[879, 289], [1041, 289], [1041, 333], [879, 333]], '성기름 통해', 0.3961115186610973), ([[899, 325], [1023, 325], [1023, 367], [899, 367]], '전해지논', 0.6459173560142517), ([[879, 359], [1041, 359], [1041, 401], [879, 401]], '순타로의 뜻', 0.6905361476929425), ([[879, 427], [1039, 427], [1039, 469], [879, 469]], '평소와 다른', 0.68057364741994), ([[899, 461], [1021, 461], [1021, 503], [899, 503]], '무언가틀', 0.27515193819999695), ([[897, 497], [1023, 497], [1023, 537], [897, 537]], '와카바는', 0.839860737323761), ([[879, 529], [1041, 529], [1041, 573], [879, 573]], '확실히 알수', 0.9923478480300125), ([[913, 563], [1009, 563], [1009, 607], [913, 607]], '있없다', 0.4694731727644003), ([[993, 723], [1081, 723], [1081, 815], [993, 815]], '갑4', 0.03476034327658356), ([[1316, 712], [1406, 712], [1406, 790], [1316, 790]], '맨', 0.19592534725916355), ([[385.0061162653264, 430.0550463879374], [449.67477298026665, 409.1571986641919], [485.9938837346736, 537.9449536120626], [421.32522701973335, 558.8428013358081]], '틈', 0.7258500660386211)]
[([[1290, 13], [1440, 13], [1440, 299], [1290, 299]], '줄', 0.058205887682621915), ([[12.779006270256314, 177.05746646471695], [191.28905764943931, 6.124568673900409], [253.2209937297437, 96.94253353528306], [74.71094235056069, 267.8754313260996]], '>4', 0.3454791538288519), ([[867.5981167836069, 366.00504798755617], [981.6065189643458, 347.0808575351184], [1048.4018832163931, 795.9949520124438], [934.3934810356542, 814.9191424648816]], '"', 0.615815606210365)]
[([[1319.0325409773188, 70.03604909607287], [1417.5532737964677, 111.03997780340949], [1367.9674590226812, 229.96395090392713], [1268.4467262035323, 187.9600221965905]], '평', 0.1491497577451497), ([[692.7658849878405, 450.0545003625986], [779.6659120918163, 401.0158460718579], [873.2341150121595, 590.9454996374014], [786.3340879081837, 638.9841539281422]], '9', 0.007119145905599977)]
[([[943, 441], [995, 441], [995, 479], [943, 479]], '곳..', 0.19495141806887195), ([[925, 475], [1011, 475], [1011, 513], [925, 513]], '정자0', 0.4644325085552293), ([[340, 606], [414, 606], [414, 704], [340, 704]], '소', 0.10088345468101867)]
[([[4, 0], [202, 0], [202, 542], [4, 542]], '죽', 0.1962079854710197), ([[893, 673], [1047, 673], [1047, 781], [893, 781]], '꼴', 0.01907907200786796), ([[927, 765], [1041, 765], [1041, 833], [927, 833]], '생0', 0.00039177690838185507)]
[([[972, 334], [1024, 334], [1024, 362], [972, 362]], '449,느', 0.15814646112300568), ([[1161, 350], [1356, 350], [1356, 555], [1161, 555]], '솟리', 0.1927459073076946), ([[404, 628], [550, 628], [550, 752], [404, 752]], '-', 0.01726621168542075), ([[903, 687], [947, 687], [947, 725], [903, 725]], '5', 0.5088515523416994), ([[158.5655566200314, 199.00858248679447], [240.27850986444548, 184.07455206746582], [287.4344433799686, 473.99141751320553], [204.72149013555452, 487.9254479325342]], '"', 0.06310652604867872), ([[393.4789396203098, 342.41419735452666], [451.45769576155715, 334.27961296691], [454.5210603796902, 364.58580264547334], [396.54230423844285, 372.72038703309]], '여80', 0.02143252461416253)]
[([[350, 68], [382, 68], [382, 142], [350, 142]], '푹', 0.06380089542155076), ([[972, 334], [1022, 334], [1022, 362], [972, 362]], '499,', 0.2070164978504181), ([[459, 621], [541, 621], [541, 689], [459, 689]], '덕대2', 0.0028533038964757428), ([[890, 634], [970, 634], [970, 718], [890, 718]], '통', 0.9715401207320298), ([[392.6027607015021, 341.34524533285406], [451.5768409226257, 336.4638063730501], [453.3972392984979, 365.65475466714594], [394.4231590773743, 370.5361936269499]], '서우"', 0.08836697087478668), ([[810.3391813995449, 536.0438604965868], [849.4609910528037, 519.0212966297203], [888.6608186004551, 620.9561395034132], [848.5390089471963, 636.9787033702797]], '국', 0.9463722269274832)]
[([[1100, 168], [1194, 168], [1194, 198], [1100, 198]], '내 아이', 0.9998673053554684), ([[1115, 201], [1203, 201], [1203, 237], [1115, 237]], '낳아쥐', 0.8983950313998117), ([[393, 335], [455, 335], [455, 373], [393, 373]], '490', 0.019845856286622447), ([[975, 335], [995, 335], [995, 359], [975, 359]], '4', 0.937162814680562), ([[857, 515], [923, 515], [923, 551], [857, 551]], '네해.', 0.8840308471065499), ([[903, 643], [965, 643], [965, 715], [903, 715]], '통', 0.389516173028742), ([[387, 691], [521, 691], [521, 731], [387, 731]], '낭울계요오트', 0.37978427151664634)]
[([[101, 211], [387, 211], [387, 253], [101, 253]], '학생 신분으로 아이틀', 0.7477511829055422), ([[1201, 215], [1347, 215], [1347, 255], [1201, 255]], "'내 아이름", 0.5597697163968024), ([[148, 240], [341, 240], [341, 291], [148, 291]], '낳아도 종음지', 0.2542958698573299), ([[1219, 249], [1331, 249], [1331, 291], [1219, 291]], '낳아쥐_', 0.5918270349502563), ([[100, 276], [388, 276], [388, 324], [100, 324]], '서로 좋아하지 안논데', 0.5697189465451802), ([[1199, 283], [1349, 283], [1349, 325], [1199, 325]], '그거야말로', 0.47356362327584534), ([[133, 308], [355, 308], [355, 359], [133, 359]], '만들어도 종흘치', 0.595936095225975), ([[1195, 317], [1287, 317], [1287, 359], [1195, 359]], '성기틀', 0.5252437702179327), ([[147, 347], [339, 347], [339, 391], [147, 391]], '그런 와카바의', 0.9962948790382667), ([[1193, 351], [1317, 351], [1317, 393], [1193, 393]], '전해지는', 0.6098569631576538), ([[1284, 312], [1360, 312], [1360, 398], [1284, 398]], '통햇', 0.7467990401823945), ([[121, 381], [369, 381], [369, 425], [121, 425]], '망설임올 순타로는', 0.6793843182933152), ([[149, 415], [341, 415], [341, 459], [149, 459]], '지지해 주없다', 0.7678875337722647), ([[1193, 419], [1353, 419], [1353, 461], [1193, 461]], '나도 아이틀', 0.6753584739874864), ([[1209, 455], [1341, 455], [1341, 497], [1209, 497]], '낳고 싶다', 0.36681905033437684), ([[119, 485], [369, 485], [369, 527], [119, 527]], '와카바에게 거절할', 0.8707451924430345), ([[1225, 489], [1323, 489], [1323, 529], [1225, 529]], '하지만', 0.9998797627930536), ([[149, 517], [343, 517], [343, 561], [149, 561]], '이유는 없없다', 0.6583276611701976), ([[1211, 521], [1335, 521], [1335, 565], [1211, 565]], '와카바는', 0.7462117671966553), ([[137, 553], [357, 553], [357, 593], [137, 593]], '그리고 순타로와', 0.7806537263316001), ([[1178, 554], [1370, 554], [1370, 602], [1178, 602]], '여태껏 결단을', 0.7177627147800401), ([[197, 587], [293, 587], [293, 629], [197, 629]], '똑같이', 0.9999096326453183), ([[1179, 589], [1371, 589], [1371, 633], [1179, 633]], '내리지 못있다', 0.4368778405368194), ([[117, 621], [373, 621], [373, 663], [117, 663]], '태어날 아이틀 위해', 0.793604030071774), ([[459, 623], [539, 623], [539, 689], [459, 689]], '%2', 0.03306772320088529), ([[121, 655], [369, 655], [369, 699], [121, 699]], '상대틀 좋아하기로', 0.5767926659973871), ([[901, 639], [969, 639], [969, 717], [901, 717]], '통', 0.9550772873943778), ([[183, 689], [309, 689], [309, 733], [183, 733]], '결심햇다', 0.2805783450603485), ([[973.0513167019495, 329.1539501058485], [1026.8177947713723, 336.9704211412294], [1021.9486832980505, 364.8460498941515], [969.1822052286278, 358.0295788587706]], '44*', 0.0956617433012766)]
[([[1113, 353], [1207, 353], [1207, 393], [1113, 393]], '몇시간', 0.975843977270064), ([[1144, 390], [1176, 390], [1176, 426], [1144, 426]], '후', 0.99995219764617)]
[([[1070, 236], [1262, 236], [1262, 284], [1070, 284]], '시간은 완전히', 0.9987353475211546), ([[1101, 275], [1233, 275], [1233, 315], [1101, 315]], '낮이 되어', 0.9968943020483426), ([[1119, 309], [1217, 309], [1217, 351], [1119, 351]], '있없다', 0.816908958266126), ([[1107, 343], [1229, 343], [1229, 385], [1107, 385]], '두사람은', 0.9434407353401184), ([[1085, 375], [1247, 375], [1247, 419], [1085, 419]], '학교에 가지', 0.986123242306101), ([[1119, 409], [1217, 409], [1217, 453], [1119, 453]], '않있다', 0.7845655953943091), ([[1117, 479], [1215, 479], [1215, 521], [1117, 521]], '하지만', 0.9507831335067749), ([[1091, 515], [1243, 515], [1243, 557], [1091, 557]], '아이갖기틀', 0.47069307822831746), ([[1079, 542], [1253, 542], [1253, 630], [1079, 630]], '유선해하들', 0.059704715396046805), ([[1071, 615], [1263, 615], [1263, 659], [1071, 659]], '그런건 사소한', 0.9978356316658582), ([[1087, 649], [1247, 649], [1247, 691], [1087, 691]], '일에 지나지', 0.9899687912926244), ([[1119, 683], [1217, 683], [1217, 727], [1119, 727]], '않있다', 0.8093120879451313)]
[([[1124, 106], [1348, 106], [1348, 306], [1124, 306]], '/', 0.4925013889054277), ([[396, 278], [424, 278], [424, 306], [396, 306]], '0', 0.9734983439984359), ([[216.0038924114401, 186.22568991550466], [329.82916202765483, 99.01719513351804], [454.9961075885599, 291.7743100844953], [341.17083797234517, 379.98280486648196]], '제', 0.013796143912619963), ([[185.20395065999227, 435.0243957578742], [336.9983093829176, 530.7903498486626], [276.7960493400077, 623.9756042421258], [125.00169061708237, 528.2096501513374]], "'@7", 0.02108972322487739)]
[]
[([[43, 111], [83, 111], [83, 189], [43, 189]], '1', 0.9722189233261957), ([[524, 80], [622, 80], [622, 228], [524, 228]], '껏', 0.011414643814116554), ([[111, 387], [169, 387], [169, 429], [111, 429]], '^"', 0.06853848098174753), ([[166, 664], [200, 664], [200, 694], [166, 694]], '{:', 0.004820579122203344), ([[1148, 636], [1310, 636], [1310, 740], [1148, 740]], '[다', 0.12197755014226457)]
[([[1212, 0], [1440, 0], [1440, 391], [1212, 391]], '술', 0.9624031125756041), ([[146, 650], [206, 650], [206, 700], [146, 700]], '새', 0.016774341646589086), ([[1150, 638], [1310, 638], [1310, 740], [1150, 740]], '[다굵', 0.0340892732595956), ([[82, 734], [196, 734], [196, 836], [82, 836]], '다', 0.4885000971909257), ([[623.3154697935911, 14.011717972859355], [769.8055826986003, -17.634600589879945], [838.6845302064089, 345.98828202714066], [693.1944173013997, 377.63460058987994]], '볼', 0.1732666596658996)]
[([[1137, 251], [1289, 251], [1289, 293], [1137, 293]], '좋아한다는', 0.8920428168651668), ([[1177, 283], [1248, 283], [1248, 328], [1177, 328]], '말을', 0.2456459693235703), ([[1137, 319], [1293, 319], [1293, 361], [1137, 361]], '들올때마다', 0.6401315491497532), ([[1116, 352], [1309, 352], [1309, 396], [1116, 396]], '자궁이 4시고', 0.6872530158426021), ([[1121, 387], [1307, 387], [1307, 429], [1121, 429]], '난소가 환의틀', 0.5310730127083501), ([[1169, 425], [1263, 425], [1263, 463], [1169, 463]], '느다', 0.9972047022703284), ([[1111, 449], [1247, 449], [1247, 539], [1111, 539]], '확합발들', 0.031503863632678986), ([[1243, 457], [1307, 457], [1307, 499], [1243, 499]], '오늘', 0.9999140374262734), ([[1243, 489], [1307, 489], [1307, 531], [1243, 531]], '먹지', 0.958937960911622), ([[1167, 525], [1263, 525], [1263, 567], [1167, 567]], '않있다', 0.5525237865231013), ([[1118, 554], [1310, 554], [1310, 602], [1118, 602]], '난소는 약혼가', 0.5000397520322367), ([[1123, 593], [1303, 593], [1303, 635], [1123, 635]], '떨어지논것이', 0.3338158001571871), ([[1119, 627], [1309, 627], [1309, 669], [1119, 669]], '언제일까 하여', 0.8862483748128589), ([[146, 650], [206, 650], [206, 702], [146, 702]], "'", 0.05834699928374065), ([[1123, 661], [1305, 661], [1305, 703], [1123, 703]], '기다리고있다', 0.9998963867746998), ([[424.0147185498715, 79.04865735370183], [521.6216393779638, 120.27528796376248], [486.9852814501285, 199.95134264629817], [389.37836062203627, 157.72471203623752]], '100', 0.24001691607291611), ([[125.05971499970934, 347.23885999883737], [170.6589106299301, 306.02718137784603], [247.94028500029066, 402.76114000116263], [201.3410893700699, 442.97281862215397]], '7', 0.23399429796050786)]
[([[146, 650], [206, 650], [206, 700], [146, 700]], '새#', 0.0027727531722163824), ([[1144, 631], [1313, 631], [1313, 744], [1144, 744]], '[다', 0.5165827877119544), ([[13.54173535956967, 11.006564048981494], [132.2264467307278, -0.6713126921064259], [168.45826464043034, 391.9934359510185], [48.773553269272206, 404.6713126921064]], '장', 0.027883101147990752), ([[479.57259959576703, -0.99297228868212], [579.468128421319, 20.723328739147952], [514.4274004042329, 328.9929722886821], [414.5318715786811, 308.276671260852]], '뜻', 0.026305032248630233)]
[([[1241, 277], [1377, 277], [1377, 317], [1241, 317]], '좋아하는게', 0.4668793674870099), ([[1235, 313], [1383, 313], [1383, 349], [1235, 349]], '자지쪽이내', 0.7372150869977948), ([[130, 394], [162, 394], [162, 420], [130, 420]], '걸%"', 0.010447148298717195), ([[146, 650], [206, 650], [206, 700], [146, 700]], '고:', 0.002637123334158487), ([[1140, 627], [1315, 627], [1315, 749], [1140, 749]], '[선"', 0.010016254723192087), ([[14.635961108700815, 21.006025482764585], [92.83598984512582, 8.031813231949116], [144.36403889129917, 344.9939745172354], [66.16401015487418, 357.9681867680509]], '물', 0.014052762344174907), ([[508.4242586110099, 17.018434331754637], [582.2735107917661, 31.706846777344758], [551.5757413889901, 190.98156566824537], [477.7264892082339, 176.29315322265523]], '해', 0.3361499427264789), ([[446.44618589301314, 164.02194225196564], [502.6716504527387, 172.0402195549749], [483.55381410698686, 303.97805774803436], [426.3283495472613, 295.9597804450251]], '책', 0.06068513879569637), ([[116.07964201338315, 720.035346173981], [212.97898537215193, 792.2901342001687], [150.92035798661684, 873.964653826019], [54.02101462784807, 801.7098657998313]], '(<:"', 0.01610684022307396)]
[([[1246, 224], [1366, 224], [1366, 256], [1246, 256]], '아니 자지', 0.9991964841171449), ([[1277, 257], [1337, 257], [1337, 293], [1277, 293]], '좋아', 0.9977125303414931), ([[1249, 289], [1361, 289], [1361, 327], [1249, 327]], '한다는게', 0.44912049174308777), ([[1263, 321], [1345, 321], [1345, 363], [1263, 363]], '보통은', 0.5859987735748291), ([[1253, 357], [1359, 357], [1359, 395], [1253, 395]], '부끄러운', 0.9683533933883645), ([[1259, 393], [1355, 393], [1355, 429], [1259, 429]], '거잖아!', 0.6327925420757974), ([[146, 650], [206, 650], [206, 700], [146, 700]], '새:', 0.0027604472078686226), ([[1219, 635], [1305, 635], [1305, 735], [1219, 735]], '다', 0.17743836875347174), ([[500.69593943006583, 30.006606891514583], [552.6622052082415, 38.52600097086725], [511.30406056993417, 273.9933931084854], [459.3377947917585, 265.47399902913276]], "'", 0.008329395495632108), ([[11.547162639088175, 58.00732554782459], [109.74822489176832, 35.0200086011708], [187.45283736091181, 394.99267445217544], [89.25177510823168, 417.9799913988292]], '=', 0.006068048983426388), ([[6.536277587459278, 216.00977882278488], [85.36438208048129, 203.08494335614967], [128.46372241254073, 474.9902211772151], [49.63561791951871, 488.91505664385033]], ' ', 0.1936007322318325)]
[([[75, 283], [169, 283], [169, 321], [75, 321]], "후에 '?", 0.8608218765974688)]
[([[63, 361], [179, 361], [179, 397], [63, 397]], "'순타로 ?", 0.6331239445593406)]
[([[1, 401], [199, 401], [199, 439], [1, 439]], '왜 멈추논거야니', 0.16549122250064044), ([[15, 433], [163, 433], [163, 473], [15, 473]], '멈추면 싫어', 0.8090155760156431)]
[([[733, 141], [817, 141], [817, 177], [733, 177]], '그리고', 0.9999551258988449), ([[701, 173], [850, 173], [850, 214], [701, 214]], "'어떻계 하면", 0.5679901528071362), ([[733, 209], [817, 209], [817, 247], [733, 247]], '움직여', 0.9961158117737575), ([[1229, 199], [1369, 199], [1369, 237], [1229, 237]], '웬지 알아?', 0.21262426823961245), ([[1282, 236], [1316, 236], [1316, 264], [1282, 264]], '왜', 0.9994024931117771), ([[737, 245], [803, 245], [803, 281], [737, 281]], '줄지', 0.8641285832635339), ([[1237, 265], [1351, 265], [1351, 305], [1237, 305]], '멈칙는지.', 0.36863810074051456), ([[96, 310], [128, 310], [128, 380], [96, 380]], '초', 0.7858031000865005)]
[([[673, 157], [757, 157], [757, 193], [673, 193]], '부모가', 0.999909219697237), ([[639, 186], [784, 186], [784, 228], [639, 228]], '안 좋아하면', 0.9953832269179111), ([[1245, 197], [1361, 197], [1361, 235], [1245, 235]], '우린 지금', 0.588424648578313), ([[631, 221], [783, 221], [783, 263], [631, 263]], '아이가 불행.', 0.9737159011576515), ([[1261, 233], [1345, 233], [1345, 269], [1261, 269]], '아이틀', 0.7100537630446581), ([[653, 259], [775, 259], [775, 297], [653, 297]], '그건 네가', 0.9969320451801846), ([[1263, 267], [1343, 267], [1343, 303], [1263, 303]], '만들고', 0.9997414270178047), ([[647, 293], [781, 293], [781, 331], [647, 331]], '말한거라구', 0.9734155075816693), ([[1247, 299], [1361, 299], [1361, 337], [1247, 337]], '있는거야', 0.6509190201759338)]
[([[712, 82], [764, 82], [764, 114], [712, 114]], '에에', 0.05162516603827046), ([[711, 112], [783, 112], [783, 161], [711, 161]], '배서', 0.7430694904115567), ([[0, 127], [63, 127], [63, 223], [0, 223]], '총', 0.8754829561199564), ([[726, 158], [764, 158], [764, 190], [726, 190]], '아', 0.9999698402771493), ([[1263, 151], [1321, 151], [1321, 191], [1263, 191]], '말올', 0.6266290289005937), ([[1268, 188], [1304, 188], [1304, 220], [1268, 220]], '해', 0.9999886751495559), ([[0, 229], [85, 229], [85, 293], [0, 293]], '아', 0.9998960522009384), ([[494, 380], [524, 380], [524, 416], [494, 416]], '초', 0.020476584612226567), ([[40, 398], [144, 398], [144, 476], [40, 476]], '얘', 0.17508044806176315), ([[27.54584212499819, 7.009379424956304], [104.67625464334112, -9.979193033067574], [163.4541578750018, 270.9906205750437], [86.32374535665888, 287.9791930330676]], '품', 0.5026168396624406), ([[579.5444497603813, 2.005765535061421], [715.0318913560984, 21.89134638637256], [655.4555502396187, 432.9942344649386], [519.9681086439016, 413.10865361362744]], '종', 0.28085277550832544), ([[8.718975075504584, 308.50072024161466], [180.38133249535406, 267.87586737894907], [195.28102492449543, 361.49927975838534], [23.61866750464595, 401.12413262105093]], '해로', 0.9999093011867617)]
[([[681, 83], [747, 83], [747, 121], [681, 121]], '잠깐.', 0.996776428022032), ([[655, 201], [713, 201], [713, 237], [655, 237]], '그건', 0.9996548347608005), ([[635, 233], [719, 233], [719, 271], [635, 271]], '조급해', 0.9372233152389526), ([[0, 312], [188, 312], [188, 464], [0, 464]], '필', 0.667318330671268), ([[1092, 23], [1395, 23], [1395, 558], [1092, 558]], '제', 0.012448388744821737), ([[-25.438294229421167, 174.17576981699395], [194.60113153649036, 132.58897533084482], [211.43829422942116, 276.824230183006], [-10.60113153649037, 318.41102466915515]], '보자', 0.05451248253194019), ([[-11.91387012125586, 465.1148779935764], [194.45237780284782, 440.9531951817932], [201.91387012125585, 579.8851220064237], [-6.452377802847826, 603.0468048182067]], '질째', 0.35037740035100107), ([[24.099936501919018, 614.1295364640089], [210.16641170114937, 595.5554011510058], [213.90006349808098, 714.8704635359911], [27.83358829885063, 733.4445988489942]], '해죄', 0.6153623240595084)]
[([[766, 158], [914, 158], [914, 190], [766, 190]], '너 프라이드', 0.994957428904164), ([[797, 191], [885, 191], [885, 229], [797, 229]], '라던가', 0.9593242331863003), ([[751, 225], [927, 225], [927, 261], [751, 261]], '어디간거야.?', 0.6491870669492036), ([[1179, 78], [1335, 78], [1335, 429], [1179, 429]], '흙', 0.22180951715023411), ([[150.43545155977856, 145.0319737260514], [192.27676658609005, 156.22338766348943], [168.56454844022144, 242.9680262739486], [126.72323341390995, 231.77661233651057]], '{', 0.5115200021382549), ([[54.77017566230197, 240.00264131013589], [130.21828858560673, 228.00238277921216], [200.22982433769803, 694.9973586898641], [124.78171141439329, 705.9976172207879]], '}', 0.018961496942689005), ([[-13.535181247149506, 473.01194006385106], [67.43449750905404, 447.00786875010846], [148.5351812471495, 720.9880599361489], [65.56550249094596, 746.9921312498916]], '쫓', 0.11020618246181701)]
[([[1158, 176], [1308, 176], [1308, 366], [1158, 366]], '듯', 0.20327435768902635), ([[964, 462], [1278, 462], [1278, 734], [964, 734]], '댁', 0.1196289143053697), ([[79, 679], [209, 679], [209, 787], [79, 787]], "'", 0.9932871842583069), ([[63.35173243392989, 186.02630893733763], [126.0545700125152, 176.26832863711388], [146.6482675660701, 324.97369106266234], [83.9454299874848, 334.7316713628861]], '소', 0.18441819455008446), ([[907.4538717217163, 747.0748787336771], [1017.7315773224353, 698.2348965962301], [1087.5461282782837, 881.9251212663229], [977.2684226775647, 931.7651034037699]], '@', 0.005215224428184229)]
[([[1103, 207], [1325, 207], [1325, 249], [1103, 249]], '와카바의 입에서', 0.752449407230884), ([[1085, 241], [1343, 241], [1343, 283], [1085, 283]], '나온 좋아는 명백이', 0.5123152046692021), ([[1099, 277], [1329, 277], [1329, 317], [1099, 317]], '자지틀 얻기 위한', 0.5788288101199334), ([[1155, 311], [1277, 311], [1277, 353], [1155, 353]], '구실이다', 0.978728175163269), ([[1083, 375], [1344, 375], [1344, 423], [1083, 423]], '그러나 그것올 알고', 0.9081539587386922), ([[1105, 411], [1323, 411], [1323, 453], [1105, 453]], '있어도 순타로의', 0.9873075206352785), ([[1088, 445], [1341, 445], [1341, 488], [1088, 488]], '자지논 여느때보다', 0.6929752950346921), ([[1091, 481], [1339, 481], [1339, 525], [1091, 525]], '단단해지고 고환은', 0.92022104109179), ([[1123, 513], [1305, 513], [1305, 557], [1123, 557]], '파위초전개로', 0.9859470341036992), ([[1081, 541], [1349, 541], [1349, 631], [1081, 631]], '정쨌물말-없-내달', 0.0015573208626547884), ([[1179, 583], [1337, 583], [1337, 625], [1179, 625]], '올 와카바틀', 0.7528318732118197), ([[1089, 615], [1337, 615], [1337, 659], [1089, 659]], '확실히 임신시키기', 0.777717037448192), ([[1145, 647], [1284, 647], [1284, 696], [1145, 696]], "'위해서야!", 0.7018269485801497), ([[75, 677], [210, 677], [210, 786], [75, 786]], "'이내", 0.017482551158644288)]
[([[1241, 217], [1359, 217], [1359, 255], [1241, 255]], '오라오라!', 0.971004996139141), ([[1239, 253], [1357, 253], [1357, 291], [1239, 291]], '이거 갖고', 0.9996729458152903), ([[1253, 285], [1345, 285], [1345, 325], [1253, 325]], '싶잡아', 0.38040208126035246), ([[1217, 321], [1383, 321], [1383, 359], [1217, 359]], '이 육변기야]', 0.20256718655278236), ([[146, 650], [206, 650], [206, 700], [146, 700]], '고:', 0.003688728814617715), ([[1140, 627], [1315, 627], [1315, 753], [1140, 753]], '1키', 0.012250271466551962), ([[3.5320342250012224, 49.00782332753657], [104.1509829790152, 34.16622711535328], [148.4679657749988, 375.9921766724634], [48.84901702098481, 389.83377288464675]], '톤', 0.11756345217348585), ([[104.17157287525382, 399.1715728752538], [158.76030133429137, 383.10504982013344], [167.82842712474618, 414.8284271247462], [112.23969866570864, 431.89495017986656]], '다4"', 0.2546098630780866)]
[([[380, 34], [498, 34], [498, 136], [380, 136]], '새 ', 0.38867570298485715), ([[1110, 296], [1284, 296], [1284, 480], [1110, 480]], '갈느', 0.2765173441058513), ([[80, 686], [192, 686], [192, 784], [80, 784]], "'일내", 0.021003491600650664)]
[([[422, 50], [478, 50], [478, 130], [422, 130]], "'", 0.04803822756284348), ([[504, 80], [556, 80], [556, 138], [504, 138]], '닭', 0.44818897992101725), ([[490, 152], [546, 152], [546, 224], [490, 224]], '국"', 0.1020344272214444), ([[1226, 31], [1362, 31], [1362, 244], [1226, 244]], '달', 0.8170946324438297), ([[876, 328], [902, 328], [902, 360], [876, 360]], '9', 0.39871284007748287), ([[877, 287], [937, 287], [937, 327], [877, 327]], '1', 0.19076313174007797), ([[1116, 230], [1240, 230], [1240, 406], [1116, 406]], '간', 0.03961409636418978), ([[878, 370], [940, 370], [940, 418], [878, 418]], '</', 0.21948267637039684), ([[880, 416], [906, 416], [906, 446], [880, 446]], '4/', 0.5304302240962433), ([[1139.9564748879436, 65.03406578553864], [1262.4487923408137, 92.94875285075041], [1225.0435251120564, 249.96593421446136], [1102.5512076591863, 222.05124714924958]], '째', 0.019801374672817396), ([[22.47198079949805, 181.010727667652], [117.87040572740891, 163.13525816757772], [168.52801920050194, 452.989272332348], [73.12959427259109, 470.8647418324223]], '도', 0.006753071287968204)]
[([[399, 0], [795, 0], [795, 169], [399, 169]], "'술", 0.013818933880201077), ([[32, 238], [194, 238], [194, 362], [32, 362]], '스"', 0.008531816361350648), ([[1233.4132420249905, -29.993378292918425], [1422.6401341376104, 34.89958985762053], [1273.5867579750095, 464.9933782929184], [1085.3598658623896, 400.1004101423795]], '둘', 0.5048093210305673), ([[1024.1729053798454, 480.0142560155139], [1201.0421663843379, 463.76850821294374], [1226.8270946201546, 817.9857439844861], [1049.9578336156621, 835.2314917870563]], '느', 0.15673688955183085)]
[([[422, 52], [476, 52], [476, 126], [422, 126]], '날', 0.4230233166828299), ([[496, 146], [648, 146], [648, 420], [496, 420]], '돌', 0.24126078126533912), ([[917, 280], [992, 280], [992, 413], [917, 413]], '숲', 0.15136398916729377), ([[1250, 290], [1282, 290], [1282, 326], [1250, 326]], '>', 0.9996166596693001), ([[858, 444], [936, 444], [936, 566], [858, 566]], '빚', 0.20676089207471993), ([[186, 633], [311, 633], [311, 784], [186, 784]], '다', 0.05008017220133354), ([[818, 601], [961, 601], [961, 725], [818, 725]], '다', 0.17363285920907945), ([[84, 688], [212, 688], [212, 828], [84, 828]], '7', 0.3880367974648493), ([[-16.424155879479336, 152.00428396577286], [133.4079060224393, 135.27836453022536], [190.42415587947934, 688.9957160342271], [39.592093977560694, 705.7216354697746]], '틀', 0.5429841472150656), ([[-10.658264565098154, 833.2442560653724], [64.61019181873745, 781.5975099565667], [92.65826456509815, 829.7557439346276], [16.389808181262556, 881.4024900434333]], '~5', 0.16224889402138915)]
[([[1239, 219], [1399, 219], [1399, 568], [1239, 568]], '_', 0.021768641709968506)]
[([[381, 27], [443, 27], [443, 95], [381, 95]], '42', 0.27174694441872504), ([[62, 42], [140, 42], [140, 196], [62, 196]], '중', 0.06193567625327834), ([[573, 45], [657, 45], [657, 157], [573, 157]], '듯', 0.06404296014353239), ([[470, 32], [569, 32], [569, 333], [470, 333]], '오', 0.00766072782017041), ([[560, 160], [612, 160], [612, 220], [560, 220]], '쉬1', 0.09082628666304296), ([[34.71452341339983, 101.00582362829596], [85.5141116568089, 94.01890487070021], [117.28547658660017, 359.99417637170404], [65.4858883431911, 365.9810951292998]], '{', 0.201319958960533), ([[92.6392082758579, 176.01085737924112], [136.77748021201992, 171.05058620367373], [157.3607917241421, 353.98914262075886], [112.22251978798009, 358.94941379632627]], '푹', 0.07980220818272787)]
[([[381, 27], [443, 27], [443, 93], [381, 93]], '42', 0.12709002049212076), ([[884, 650], [932, 650], [932, 706], [884, 706]], '7', 0.43613576129395426), ([[53.61766227781929, 111.00914160642314], [110.4881715414895, 101.01490835706441], [151.38233772218072, 335.99085839357684], [95.5118284585105, 345.9850916429356]], ';', 0.023532384108548854), ([[110.40077848228802, 334.0451379831009], [143.12589427180285, 330.1617240733994], [152.59922151771198, 407.9548620168991], [118.87410572819716, 412.8382759266006]], "'", 0.9588450242245585), ([[143.28229870452904, 677.0430792475911], [187.5289064337826, 662.0233572982565], [221.71770129547096, 771.9569207524089], [177.4710935662174, 786.9766427017435]], '주', 0.9001714998787271)]
[([[381, 27], [441, 27], [441, 93], [381, 93]], '42', 0.15107357677865163), ([[492, 112], [524, 112], [524, 150], [492, 150]], '4', 0.1232817559559729), ([[75, 123], [135, 123], [135, 225], [75, 225]], '숲', 0.8301076090356361), ([[1185, 201], [1325, 201], [1325, 239], [1185, 239]], '무슨소리야.', 0.7872952067926517), ([[1222, 238], [1284, 238], [1284, 270], [1222, 270]], '아직', 0.9999428493517545), ([[1163, 263], [1340, 263], [1340, 312], [1163, 312]], '[임신안해잡아', 0.3428898934387473), ([[1195, 305], [1323, 305], [1323, 343], [1195, 343]], '계속한다 .', 0.8014306039193103), ([[93.72110526741332, 218.0077842866984], [129.26279416561383, 212.00691085333744], [156.27889473258668, 406.9922157133016], [120.73720583438619, 411.99308914666256]], '{', 0.07611042063730622), ([[145.3069948509526, 676.0401557181925], [189.58646397340692, 663.0287304525841], [220.6930051490474, 773.9598442818075], [177.41353602659308, 786.9712695474159]], '주', 0.9185015618871972)]
[([[1269, 239], [1377, 239], [1377, 301], [1269, 301]], '/ 0', 0.17297925055027008), ([[1251, 299], [1317, 299], [1317, 373], [1251, 373]], '떼', 0.5232758209420041), ([[149.0931237962774, 471.031670286767], [250.9627528448459, 549.0166187497014], [180.9068762037226, 639.968329713233], [80.03724715515408, 561.9833812502986]], '(초}', 0.0023445910824997037)]
[([[91, 461], [179, 461], [179, 575], [91, 575]], '*', 0.006225024547148517), ([[1075, 727], [1177, 727], [1177, 813], [1075, 813]], '그', 0.022878907955202976), ([[527.1555692331382, 245.03571695103068], [675.8721000787781, 299.40574781336505], [643.8444307668618, 382.9642830489693], [495.12789992122197, 328.59425218663495]], '"99"', 0.006963470485061407), ([[899.1627412231402, 309.0319100231366], [997.9854581690345, 388.43457200600557], [937.8372587768598, 461.9680899768634], [840.0145418309655, 382.56542799399443]], '\'" ', 0.012585444988003071), ([[1228.695454874286, 738.1731830348587], [1330.9173678420614, 668.9393393549686], [1353.304545125714, 710.8268169651413], [1251.0826321579386, 780.0606606450314]], '으<', 0.5736750456010353)]
[([[235, 77], [379, 77], [379, 189], [235, 189]], '1', 0.13471491110809897), ([[938, 240], [1042, 240], [1042, 352], [938, 352]], '돌', 0.1721110040534768), ([[1281.2103500411843, 342.2731201317898], [1387.5180116779652, 275.139589129127], [1410.7896499588157, 321.7268798682102], [1304.4819883220348, 389.860410870873]], '으요', 0.1741280909527425), ([[111.38831376599609, 322.02677693235546], [168.25653814451942, 333.44285297798854], [145.6116862340039, 449.97322306764454], [87.74346185548058, 438.55714702201146]], '특', 0.15145472008413208)]
[([[778, 18], [892, 18], [892, 114], [778, 114]], '대:', 0.30562692000445757), ([[1124, 44], [1220, 44], [1220, 124], [1124, 124]], '을', 0.013307697360813942), ([[285, 11], [395, 11], [395, 305], [285, 305]], '=', 0.017157950311741388), ([[316, 260], [364, 260], [364, 308], [316, 308]], '!', 0.428508995189091), ([[844, 824], [874, 824], [874, 870], [844, 870]], '기', 0.0010969523390889219), ([[1156.5394815796085, 402.07639105893526], [1258.2347737554, 451.44754449495986], [1129.4605184203915, 715.9236089410647], [1027.7652262446, 666.5524555050401]], '틀', 0.4047812457238855)]
[([[778, 16], [890, 16], [890, 112], [778, 112]], '9:', 0.04717795100830852), ([[71, 79], [229, 79], [229, 255], [71, 255]], '11', 0.15013094505596292), ([[1139, 143], [1263, 143], [1263, 185], [1139, 185]], '순타로는', 0.9759265184402466), ([[1163, 177], [1297, 177], [1297, 219], [1163, 219]], '몸올 들어', 0.5772130539173624), ([[1263, 141], [1387, 141], [1387, 183], [1263, 183]], '와카바의', 0.9989235401153564), ([[1297, 179], [1363, 179], [1363, 217], [1297, 217]], '마치', 0.9999323128322639), ([[1187, 211], [1339, 211], [1339, 253], [1187, 253]], '오나흘처럼', 0.2854123429443565), ([[1136, 242], [1385, 242], [1385, 287], [1136, 287]], '와카바에게 자신의', 0.9491812278401238), ([[1139, 277], [1389, 277], [1389, 321], [1139, 321]], '욕망울 집어넣논다', 0.5449634589122792), ([[1139, 313], [1387, 313], [1387, 357], [1139, 357]], '그것은 세스라기엔', 0.8261549881036364), ([[89, 351], [109, 351], [109, 375], [89, 375]], ')', 0.014774967903781688), ([[1118, 344], [1406, 344], [1406, 392], [1118, 392]], '너무 거칠어서 동물의', 0.7917332065573218), ([[1133, 381], [1393, 381], [1393, 425], [1133, 425]], '짝짓기 갈은것이 잘', 0.39911629328553166), ([[1173, 414], [1355, 414], [1355, 457], [1173, 457]], '어울밀젓이다', 0.39523196741902605), ([[1166, 482], [1359, 482], [1359, 526], [1166, 526]], '자신의 쾌락올', 0.39433671758686933), ([[1139, 517], [1387, 517], [1387, 561], [1139, 561]], '위해서도 상대방울', 0.8770668770515678), ([[1125, 553], [1401, 553], [1401, 595], [1125, 595]], '성적으로 만족시키기', 0.9807539282759795), ([[1153, 587], [1375, 587], [1375, 629], [1153, 629]], '위해서도 아니다', 0.640985154380658), ([[1153, 621], [1373, 621], [1373, 663], [1153, 663]], '다만 정액이라는', 0.9473725534476414), ([[1119, 655], [1405, 655], [1405, 697], [1119, 697]], '자신의 유전자가 담긴', 0.7564220681782633), ([[1166, 687], [1359, 687], [1359, 731], [1166, 731]], '액체틀 눈앞에', 0.5618193422856844), ([[1200, 724], [1326, 724], [1326, 764], [1200, 764]], '쏟아분고', 0.922087550163269), ([[1119, 757], [1405, 757], [1405, 801], [1119, 801]], '씨틀 심는데만 특화된', 0.3574485846356755), ([[1187, 791], [1341, 791], [1341, 835], [1187, 835]], '허리춥이다', 0.3785546460476376)]
[([[778, 16], [880, 16], [880, 112], [778, 112]], '9:', 0.08145130626912463), ([[1122, 44], [1214, 44], [1214, 124], [1122, 124]], '및', 0.13063243428155236), ([[140, 241], [249, 241], [249, 286], [140, 286]], '진심으로', 0.9972341656684875), ([[165, 279], [227, 279], [227, 319], [165, 319]], '임신', 0.7946047763506461), ([[117, 315], [275, 315], [275, 351], [117, 351]], '(시길꺼니까:', 0.26146809221120204), ([[1253, 477], [1367, 477], [1367, 517], [1253, 517]], '사정한다', 0.5604579448699951), ([[1262, 516], [1356, 516], [1356, 548], [1262, 548]], '와카바!', 0.9512255191802979), ([[1051, 531], [1137, 531], [1137, 661], [1051, 661]], '{', 0.9610255039782523), ([[1054, 648], [1128, 648], [1128, 806], [1054, 806]], '텔', 0.02135093591846271)]
[([[830, 68], [862, 68], [862, 108], [830, 108]], '5', 0.14211042018675712), ([[275.203970247832, 156.0397024783201], [332.67839864320405, 135.02881594235217], [376.796029752168, 271.96029752167993], [319.32160135679595, 291.9711840576478]], '털', 0.138657023318288), ([[1211.8815672121275, 355.14767318822726], [1432.282858626893, 510.88708753237415], [1175.1184327878725, 873.8523268117727], [953.7171413731071, 718.1129124676258]], '꿀', 0.1327097872816987), ([[-2.281934783235829, 502.38238912861607], [36.68969701508997, 466.0340601475913], [103.28193478323583, 544.6176108713839], [64.31030298491002, 580.9659398524087]], '줄', 0.6435373029808353)]
[([[1266, 206], [1389, 206], [1389, 251], [1266, 251]], '순타로의', 0.9979326128959656), ([[1283, 245], [1377, 245], [1377, 283], [1283, 283]], '고환이', 0.9998256670054729), ([[1267, 277], [1393, 277], [1393, 317], [1267, 317]], '수축한다', 0.7475296258926392), ([[1255, 313], [1403, 313], [1403, 351], [1255, 351]], '여태까지의', 0.9864099530193113), ([[1247, 345], [1411, 345], [1411, 387], [1247, 387]], '사정중 가장', 0.99933191468523), ([[1247, 379], [1409, 379], [1409, 423], [1247, 423]], '많은 정액이', 0.9158916664047033), ([[1269, 413], [1393, 413], [1393, 457], [1269, 457]], '분출되다', 0.800195182730993), ([[1265, 483], [1391, 483], [1391, 521], [1265, 521]], '와카바도', 0.9975591897964478), ([[1279, 515], [1377, 515], [1377, 559], [1279, 559]], '그것올', 0.925601279719263), ([[1253, 549], [1405, 549], [1405, 593], [1253, 593]], '받아들엿다', 0.33118346740375354), ([[1253, 585], [1403, 585], [1403, 627], [1253, 627]], '반사적으로', 0.9979184430643668), ([[1265, 619], [1391, 619], [1391, 661], [1265, 661]], '자궁구에', 0.6389256715774536), ([[1249, 651], [1409, 651], [1409, 695], [1249, 695]], '힘이 들어가', 0.9725428748212313), ([[1267, 687], [1391, 687], [1391, 729], [1267, 729]], '쏟아지는', 0.6889306306838989), ([[1281, 721], [1377, 721], [1377, 763], [1281, 763]], '정액올', 0.6555864214897156), ([[1267, 755], [1393, 755], [1393, 797], [1267, 797]], '기다린다', 0.8269894123077393), ([[279.28940418390624, 155.03616100228115], [331.68607475780425, 138.03370245921812], [369.71059581609376, 266.9638389977189], [317.31392524219575, 283.9662975407819]], '"', 0.05917486026318386), ([[-1.3543547789870938, 503.40780661883616], [37.696526033146995, 467.03473966853005], [103.35435477898709, 544.5921933811638], [64.303473966853, 580.96526033147]], '줄', 0.09925475983806198)]
[([[0, 45], [189, 45], [189, 289], [0, 289]], '사', 0.24688007446371785), ([[99, 265], [191, 265], [191, 379], [99, 379]], '터', 0.7783899027352881), ([[998, 613], [1194, 613], [1194, 851], [998, 851]], '프', 0.10589822951860484), ([[1091.8005305310426, 536.0013263276064], [1299.714505374573, 468.9189095169525], [1329.1994694689574, 586.9986736723936], [1121.285494625427, 654.0810904830475]], '7=', 0.22681957082682738), ([[1239.9715839731678, 637.0311355572697], [1373.1950022204276, 657.1559330952681], [1343.0284160268322, 835.9688644427303], [1209.8049977795724, 815.8440669047319]], '숲', 0.253464519488805)]
[([[128.34643852801761, 51.007911207127], [325.7923566345113, 124.63528876207641], [178.65356147198239, 517.992088792873], [-18.79235663451129, 444.3647112379236]], '리', 0.0036531183555157387)]
[([[37, 199], [249, 199], [249, 413], [37, 413]], '9 9', 0.12281495332717896), ([[890, 518], [1054, 518], [1054, 664], [890, 664]], '푹', 0.3341595323964306)]
[([[37, 197], [249, 197], [249, 413], [37, 413]], '94', 0.22403609310920958), ([[1379, 381], [1440, 381], [1440, 523], [1379, 523]], '봄', 0.017922363343174874), ([[888, 518], [1056, 518], [1056, 666], [888, 666]], '푹', 0.017544210254710757), ([[1292.4667983051565, 454.00592373204137], [1469.979721563466, 508.2487882556612], [1335.5332016948435, 951.9940762679587], [1158.020278436534, 898.7512117443388]], '틀', 0.3805279914054758)]
[([[1148, 284], [1282, 284], [1282, 475], [1148, 475]], '%', 0.13247751019520226), ([[1002, 638], [1104, 638], [1104, 670], [1002, 670]], '뭐지 !?', 0.6984429601751336), ([[977, 671], [1129, 671], [1129, 709], [977, 709]], '인 사정량:?', 0.47676936868469166), ([[995, 705], [1109, 705], [1109, 743], [995, 743]], '정자한터', 0.596442461013794), ([[975, 739], [1089, 739], [1089, 775], [975, 775]], '죽어버려.', 0.9955383672949407)]
[([[276, 350], [306, 350], [306, 384], [276, 384]], '$', 0.3322056071822068), ([[1258, 468], [1326, 468], [1326, 505], [1258, 505]], '하아', 0.999992329282188), ([[1243, 501], [1312, 501], [1312, 540], [1243, 540]], '하아', 0.9999817083167456), ([[1217, 537], [1379, 537], [1379, 577], [1217, 577]], '조금씩 정자 .', 0.9552408526334933), ([[1233, 569], [1349, 569], [1349, 611], [1233, 611]], '줄고있어.', 0.8821316497090417), ([[1255, 605], [1341, 605], [1341, 645], [1255, 645]], '조금만', 0.9999815547846606), ([[1245, 639], [1335, 639], [1335, 679], [1245, 679]], '있으면', 0.9738469502994781), ([[1215, 673], [1375, 673], [1375, 715], [1215, 715]], '끝날것 같아 .', 0.7403697669957718)]
[([[20, 34], [92, 34], [92, 86], [20, 86]], '429', 0.17985025815121386), ([[1027, 471], [1145, 471], [1145, 509], [1027, 509]], '주  죽는줄', 0.35313141344755694), ([[1029, 507], [1115, 507], [1115, 543], [1029, 543]], '알앗어', 0.41296182330854925), ([[233.9378517783448, 93.114118180386], [309.72418099249313, 106.36228392260239], [301.0621482216552, 148.885881819614], [225.27581900750687, 135.6377160773976]], '94', 0.11012925523246828)]
[([[1307, 311], [1375, 311], [1375, 347], [1307, 347]], '아마', 0.9999099755184897), ([[1277, 343], [1399, 343], [1399, 383], [1277, 383]], '지금까지', 0.9925453066825867), ([[1277, 377], [1401, 377], [1401, 419], [1277, 419]], '제일가는', 0.9068266153335571), ([[1263, 409], [1413, 409], [1413, 453], [1263, 453]], '사정이엿올', 0.4775186776446679), ([[1291, 443], [1389, 443], [1389, 487], [1291, 487]], '젓이다', 0.6629218967480883), ([[1285, 473], [1393, 473], [1393, 559], [1285, 559]], '학재로', 0.2266942420203641), ([[1272, 544], [1406, 544], [1406, 592], [1272, 592]], '끝은 온다', 0.8732546507420983), ([[1275, 581], [1315, 581], [1315, 621], [1275, 621]], '와', 0.9998629140154804), ([[1299, 577], [1405, 577], [1405, 661], [1299, 661]], '칼박물', 0.0114183707406651), ([[1335, 651], [1373, 651], [1373, 689], [1335, 689]], '지', 0.9992120626592715), ([[1272, 610], [1346, 610], [1346, 764], [1272, 764]], '뼈', 0.005190081367548116), ([[1308, 686], [1340, 686], [1340, 726], [1308, 726]], '액', 0.9996836435698384), ([[1310, 722], [1340, 722], [1340, 756], [1310, 756]], '어', 0.9999737741282502), ([[1335, 648], [1403, 648], [1403, 761], [1335, 761]], '잘&', 0.03394868801971201), ([[1293, 753], [1385, 753], [1385, 795], [1293, 795]], '있음올', 0.9205720431040335), ([[1295, 785], [1387, 785], [1387, 829], [1295, 829]], '느권다', 0.19738042222927293)]
[([[821, 13], [905, 13], [905, 97], [821, 97]], '!?', 0.3203722675922945), ([[1071, 309], [1107, 309], [1107, 397], [1071, 397]], '@', 0.026971019440239274), ([[1310, 508], [1374, 508], [1374, 540], [1310, 540]], '하아', 0.9999890418369728), ([[1308, 540], [1382, 540], [1382, 577], [1308, 577]], '하아', 0.9999639224882906), ([[1307, 575], [1391, 575], [1391, 613], [1307, 613]], '두발째', 0.9862441975141741), ([[1311, 611], [1389, 611], [1389, 649], [1311, 649]], '간닷]!', 0.7832075357437134)]
[([[821, 13], [905, 13], [905, 97], [821, 97]], '!?', 0.30953887892970566), ([[1183, 211], [1375, 211], [1375, 255], [1183, 255]], '그것은 뜻밖의', 0.9489270726264907), ([[1161, 247], [1397, 247], [1397, 289], [1161, 289]], '2발선언 순타로의', 0.9579815025088476), ([[1166, 278], [1390, 278], [1390, 327], [1166, 327]], '몸은 사정하면서', 0.9752791794935541), ([[1187, 315], [1369, 315], [1369, 359], [1187, 359]], '다음사정까지', 0.8134270134788415), ([[1189, 349], [1373, 349], [1373, 391], [1189, 391]], '준비한젓이다', 0.5446518438559796), ([[1152, 382], [1405, 382], [1405, 427], [1152, 427]], '와카바는 초조햇다', 0.4446236836736509), ([[1201, 417], [1361, 417], [1361, 461], [1201, 461]], '이미 자궁은', 0.9573910785003544), ([[1151, 451], [1407, 451], [1407, 495], [1151, 495]], '임산부의 것올 넘어', 0.784536938820937), ([[1197, 487], [1361, 487], [1361, 529], [1197, 529]], '부풀어 있고', 0.7186804514463849), ([[1154, 518], [1402, 518], [1402, 566], [1154, 566]], '한계가 다가혼건지', 0.8973888987304681), ([[1150, 550], [1409, 550], [1409, 599], [1150, 599]], '이상한 소리도 낫다', 0.8829969500031434), ([[1149, 587], [1407, 587], [1407, 631], [1149, 631]], '과연 더이상 정액올', 0.9836640363372178), ([[1183, 621], [1377, 621], [1377, 665], [1183, 665]], '삼킬수 있올까', 0.10128729297581301), ([[1170, 657], [1389, 657], [1389, 699], [1170, 699]], '그러나 그런것올', 0.967255271184695), ([[1151, 691], [1407, 691], [1407, 735], [1151, 735]], '생각할 겨름도 없이', 0.5870571753648193), ([[1169, 727], [1387, 727], [1387, 769], [1169, 769]], '순타로의 사정이', 0.9889667315439628), ([[1201, 761], [1359, 761], [1359, 801], [1201, 801]], '다시 활기틀', 0.5614270672479887), ([[1217, 793], [1343, 793], [1343, 837], [1217, 837]], '되찾는다', 0.8636693358421326)]
[([[1347, 181], [1411, 181], [1411, 219], [1347, 219]], '잠깐', 0.9956685393937287), ([[1322, 213], [1435, 213], [1435, 251], [1322, 251]], '피다려 !', 0.035223177439261316), ([[78, 518], [206, 518], [206, 732], [78, 732]], '대', 0.9538778212441343), ([[-36.896711056180045, 284.0667030022434], [203.40115290441153, 241.5523385096157], [229.89671105618004, 479.9332969977566], [-11.401152904411521, 522.4476614903843]], '4', 0.3248170310544083), ([[1207.3072375650013, 344.0064859710698], [1475.0794259070801, 459.1223473906383], [1261.6927624349987, 951.9935140289302], [994.9205740929198, 836.8776526093617]], '꼴', 0.7319793519911855), ([[947.44109177908, 534.009190084031], [1077.4517482293525, 551.2498151920854], [1033.55890822092, 871.990809915969], [903.5482517706474, 854.7501848079146]], '초', 0.016393493898132272)]
[([[29, 0], [95, 0], [95, 59], [29, 59]], '55', 0.5137146979601692), ([[876, 68], [968, 68], [968, 142], [876, 142]], '떼 .', 0.15742561221122742), ([[0, 404], [70, 404], [70, 486], [0, 486]], '쇼', 0.03158331099094003), ([[889, 509], [1061, 509], [1061, 669], [889, 669]], '푹', 0.1863441435540416), ([[1110, 630], [1262, 630], [1262, 874], [1110, 874]], '"', 0.2661665410276761), ([[119.3140962920001, 129.6206356146333], [238.30825409238088, 222.3815455334863], [49.6859037079999, 457.3793643853667], [-68.30825409238088, 365.6184544665137]], '톤', 0.10053229341454895)]
[([[876, 68], [968, 68], [968, 142], [876, 142]], '떼 .', 0.12667284905910492), ([[39, 201], [249, 201], [249, 413], [39, 413]], '9', 0.15761970761460375), ([[952, 462], [1004, 462], [1004, 520], [952, 520]], '(', 0.815125695203406), ([[885, 507], [1057, 507], [1057, 667], [885, 667]], '"', 0.08926143562380506), ([[1330.4948466105861, 330.05671759026774], [1479.8721125654588, 379.2131846866658], [1289.5051533894139, 952.9432824097323], [1140.1278874345412, 903.7868153133343]], '0', 0.05573280523080726), ([[1160.6875677947726, 416.0032541490783], [1271.9087894786876, 436.21282454972913], [1182.3124322052274, 925.9967458509217], [1071.0912105213124, 904.7871754502709]], "'", 0.7268550703379653)]
[([[888, 713], [1066, 713], [1066, 862], [888, 862]], '=', 0.5259568791765936), ([[1066, 608], [1290, 608], [1290, 880], [1066, 880]], '술', 0.05958976637066571)]
[([[32, 314], [136, 314], [136, 446], [32, 446]], '다', 0.044813095070100895), ([[894.1625217238557, 48.04395637662875], [987.9738323849174, 98.35347304987157], [954.8374782761443, 158.95604362337124], [861.0261676150826, 108.64652695012843]], "'넷'", 0.09242382649053515)]
[([[1186, 652], [1212, 652], [1212, 684], [1186, 684]], '논', 0.15670621432254084), ([[456, 738], [484, 738], [484, 814], [456, 814]], '못', 0.03895219655594051), ([[1202.2917949420223, 450.02282160134695], [1287.674516444318, 464.2563834579433], [1259.7082050579777, 626.977178398653], [1174.325483555682, 612.7436165420567]], '술', 0.1597515499237403)]
[([[1283, 287], [1413, 287], [1413, 329], [1283, 329]], '긴 사정이', 0.9878313553373411), ([[1287, 323], [1413, 323], [1413, 361], [1287, 361]], '이번에야', 0.9989959001541138), ([[1267, 355], [1427, 355], [1427, 397], [1267, 397]], '말로 끝낫다', 0.5729300572175626), ([[1287, 391], [1407, 391], [1407, 429], [1287, 429]], '와카바의', 0.9982786178588867), ([[1299, 423], [1395, 423], [1395, 465], [1299, 465]], '자궁은', 0.9748812341595607), ([[1267, 457], [1427, 457], [1427, 501], [1267, 501]], '그것올 모두', 0.9778588098252078), ([[1295, 489], [1398, 489], [1398, 537], [1295, 537]], '삼켜다', 0.21922831338557863), ([[1267, 527], [1429, 527], [1429, 569], [1267, 569]], '당연히 배가 ', 0.9330434952329576), ([[1285, 561], [1407, 561], [1407, 601], [1285, 601]], '여태까지', 0.9922715425491333), ([[1283, 593], [1415, 593], [1415, 637], [1283, 637]], '보다 가장', 0.9989211166924323), ([[1313, 629], [1379, 629], [1379, 671], [1313, 671]], '많이', 0.9994795261011646), ([[1267, 697], [1331, 697], [1331, 735], [1267, 735]], '마치', 0.9998797993040475), ([[1269, 659], [1433, 659], [1433, 745], [1269, 745]], '분지엿-달] ', 0.006625108581471759), ([[1267, 729], [1427, 729], [1427, 773], [1267, 773]], '보는듯 햇다', 0.7690838020165478), ([[449, 733], [491, 733], [491, 817], [449, 817]], '및', 0.019090377607133613), ([[893.2269793174761, 53.04281385728467], [984.9894188720164, 101.6152613464945], [953.7730206825239, 156.95718614271533], [862.0105811279836, 108.3847386535055]], "'{ '", 0.14702430367469788)]
[([[887.086474619004, 50.052329185335104], [985.8709592807993, 90.56891649440013], [958.913525380996, 152.9476708146649], [860.1290407192007, 113.43108350559987]], '\'함"', 0.07045525806775942), ([[1096.5071109975033, 328.01519815955226], [1154.4567942031567, 352.14992333175076], [1089.4928890024967, 505.98480184044774], [1032.5432057968433, 482.85007666824924]], '톤', 0.2793253132621345)]
[([[1271, 447], [1391, 447], [1391, 483], [1271, 483]], '아직이다.', 0.7319335340184259), ([[1281, 481], [1405, 481], [1405, 519], [1281, 519]], "'아직 임신", 0.9356294464276992), ([[1273, 515], [1415, 515], [1415, 555], [1273, 555]], '안팎잡아 (!', 0.3770701995138167)]
[([[1143, 323], [1237, 323], [1237, 365], [1143, 365]], '몇시간', 0.7442168095633758), ([[1174, 360], [1206, 360], [1206, 396], [1174, 396]], '후', 0.9999591116316573)]
[([[1154, 374], [1226, 374], [1226, 486], [1154, 486]], '터품', 0.00227829462904687), ([[1143, 477], [1239, 477], [1239, 521], [1143, 521]], '있없다', 0.5684532523155212)]
[([[1009, 75], [1137, 75], [1137, 189], [1009, 189]], '(@0', 0.0008209762532137625), ([[1322.1990054372927, 46.02140167737603], [1462.9209188923141, 162.4617609389367], [1378.8009945627073, 262.97859832262395], [1239.0790811076859, 145.5382390610633]], "'메'", 0.19221873581409454), ([[152.2270049206229, 304.03325707922556], [251.9600909532215, 376.15337723276645], [206.7729950793771, 437.96674292077444], [107.03990904677849, 365.84662276723355]], '(28', 0.008691325573925863), ([[291.282292999454, 419.02866249317486], [387.8404558809015, 501.3128900990646], [335.717707000546, 561.9713375068251], [239.1595441190985, 479.6871099009354]], ')', 0.0060081649697076855), ([[216.28854449620397, 466.0316983574843], [317.95183047877947, 536.1234202621818], [277.71145550379606, 593.9683016425157], [175.0481695212205, 523.8765797378182]], "예고'", 0.018017981234161633)]
[([[345, 105], [433, 105], [433, 221], [345, 221]], '기', 0.30757904479565923), ([[1039.859793664453, 363.0997922096483], [1166.7206491326858, 257.01129266732124], [1350.140206335547, 515.9002077903517], [1223.2793508673142, 621.9887073326788]], '{', 0.10249198842302576)]
[([[1007, 203], [1075, 203], [1075, 303], [1007, 303]], '>', 0.21762306948643584), ([[227, 673], [299, 673], [299, 713], [227, 713]], '(-28', 0.12175051122903824), ([[290.93098527849406, 765.448167612687], [350.3820249978834, 753.3173505578603], [358.06901472150594, 796.551832387313], [298.6179750021166, 809.6826494421397]], '대주', 0.0423565168741096)]
[([[736, 52], [838, 52], [838, 148], [736, 148]], '6', 0.47836904956079707), ([[1009, 203], [1077, 203], [1077, 301], [1009, 301]], '>', 0.2335888865246858), ([[1193, 269], [1317, 269], [1317, 311], [1193, 311]], '두사람은', 0.9575973749160767), ([[1209, 305], [1303, 305], [1303, 343], [1209, 343]], '아직도', 0.9962984505094924), ([[1209, 337], [1303, 337], [1303, 379], [1209, 379]], '세스홀', 0.10085422833251527), ([[1209, 373], [1303, 373], [1303, 411], [1209, 411]], '하느라', 0.9998123840030909), ([[1239, 403], [1301, 403], [1301, 447], [1239, 447]], '신이', 0.9988841338882262), ([[1211, 407], [1247, 407], [1247, 513], [1211, 513]], '옆', 0.020358838026655945), ([[1211, 509], [1247, 509], [1247, 547], [1211, 547]], '그', 0.999998569489037), ([[1232, 432], [1308, 432], [1308, 554], [1232, 554]], '떠', 0.018083820244251037), ([[1223, 541], [1289, 541], [1289, 585], [1223, 585]], '곧이', 0.37856878736207905), ([[1207, 577], [1301, 577], [1301, 617], [1207, 617]], '가까위', 0.9878988351900504), ([[1209, 611], [1305, 611], [1305, 651], [1209, 651]], '보인다', 0.4960439205169678), ([[227, 673], [299, 673], [299, 713], [227, 713]], '(-28', 0.062193699181079865), ([[289.7639320225002, 766.5278640450005], [350.34482365811226, 752.2835292687641], [359.2360679774998, 795.4721359549995], [298.65517634188774, 809.7164707312359]], '대4', 0.0077295819076249155)]
[([[248, 134], [272, 134], [272, 162], [248, 162]], '오', 0.39228130245692583), ([[190, 590], [314, 590], [314, 716], [190, 716]], '올', 0.1465539211711695), ([[209.01754419863474, 169.1315814897605], [291.6660092043108, 94.01479290300686], [434.9824558013653, 273.8684185102395], [352.3339907956892, 348.9852070969931]], '=', 0.012465810126008003), ([[995.4642923871008, 715.0179565678028], [1159.718110569902, 820.8950607536631], [1121.5357076128992, 879.9820434321972], [957.2818894300981, 774.1049392463369]], '뛰% 노', 0.005985029507428408)]
[([[1309, 199], [1345, 199], [1345, 237], [1309, 237]], '극', 0.842853981238477), ([[1273, 233], [1371, 233], [1371, 275], [1273, 275]], '꺼쁘다', 0.32332973680523647), ([[1071, 223], [1157, 223], [1157, 323], [1071, 323]], '국', 0.023051670981404593), ([[227, 673], [299, 673], [299, 713], [227, 713]], '(-28', 0.05751631408929825), ([[294, 754], [356, 754], [356, 804], [294, 804]], '대4$', 0.013414004412620617), ([[1024.4088984631967, 742.0250018657215], [1154.889283267816, 820.7599290117931], [1121.5911015368033, 873.9749981342785], [991.1107167321842, 796.2400709882069]], '기스 나,', 0.008711529292373498)]
[([[43, 403], [63, 403], [63, 435], [43, 435]], '"', 0.034322260620683664), ([[227, 671], [299, 671], [299, 713], [227, 713]], '(어-8', 0.01359668467193842), ([[294, 754], [356, 754], [356, 804], [294, 804]], '예4$', 0.003048504989563381), ([[617, 751], [661, 751], [661, 799], [617, 799]], '5', 0.12134713308939027)]
[([[1115, 251], [1335, 251], [1335, 295], [1115, 295]], '순타로의 사정이', 0.9626633401875626), ([[1163, 285], [1289, 285], [1289, 327], [1163, 327]], '시작벗다', 0.32281808841616905), ([[1081, 319], [1371, 319], [1371, 361], [1081, 361]], '그런데 원가 이상하다', 0.7663723728946276), ([[26, 366], [54, 366], [54, 408], [26, 408]], '내', 0.047019210334472206), ([[1101, 353], [1353, 353], [1353, 395], [1101, 395]], '사정하려고 자지가', 0.6756455947836485), ([[43, 403], [63, 403], [63, 433], [43, 433]], '*', 0.025147159614375747), ([[1096, 386], [1353, 386], [1353, 430], [1096, 430]], '뛰논데 전혀 정액이', 0.6599059940608833), ([[1099, 423], [1357, 423], [1357, 465], [1099, 465]], '나오지 않논 것이다', 0.36567615955032945), ([[1115, 491], [1337, 491], [1337, 533], [1115, 533]], '그렇다 중단이다', 0.6563470976736212), ([[1067, 554], [1384, 554], [1384, 603], [1067, 603]], '질병으로 인해 정액량이', 0.9721091390117557), ([[1127, 589], [1324, 589], [1324, 637], [1127, 637]], '정상을 벗어난', 0.6567619946341055), ([[1087, 627], [1365, 627], [1365, 669], [1087, 669]], '상태임에도 거듭되는', 0.8604710298055228), ([[227, 673], [299, 673], [299, 713], [227, 713]], '(-28', 0.05251040682196617), ([[1129, 661], [1321, 661], [1321, 703], [1129, 703]], '사정으로 모두', 0.9996176688040129), ([[1135, 695], [1319, 695], [1319, 739], [1135, 739]], '쏟아번것이다', 0.6712583743120708), ([[287.7639320225002, 765.5278640450005], [350.317435851638, 750.2590616992168], [359.2360679774998, 794.4721359549995], [296.682564148362, 810.7409383007832]], '대기', 0.004885550868417713)]
[([[431, 193], [685, 193], [685, 483], [431, 483]], '07', 0.155267963634572), ([[789.9438193066765, 321.1735250252711], [958.7025277612408, 479.00312482554676], [760.0561806933235, 690.8264749747289], [591.2974722387592, 533.9968751744533]], '사', 0.07610658928030833)]
[]
[([[165, 709], [231, 709], [231, 747], [165, 747]], "'이제_", 0.9898051619529724), ([[151, 743], [265, 743], [265, 783], [151, 783]], '안나와 .', 0.5835225090549279), ([[894.4310709188945, 60.15535459447264], [944.6990699817187, 28.030602208406226], [1001.5689290811055, 125.84464540552736], [951.3009300182813, 157.96939779159376]], '+', 0.01654789971291515)]
[([[1243, 239], [1335, 239], [1335, 275], [1243, 275]], '그리고', 0.9999534052715027)]
[([[1253, 325], [1347, 325], [1347, 365], [1253, 365]], '드디어', 0.9999838948467685), ([[1235, 359], [1359, 359], [1359, 399], [1235, 399]], '(와카바의', 0.98238329236637), ([[1238, 394], [1359, 394], [1359, 435], [1238, 435]], '보지에서', 0.9953004717826843), ([[1239, 427], [1357, 427], [1357, 471], [1239, 471]], '순타로의', 0.9205632209777832), ([[1253, 465], [1347, 465], [1347, 501], [1253, 501]], '자지가', 0.9998882970243592), ([[1251, 497], [1347, 497], [1347, 539], [1251, 539]], '빠진다', 0.971517607408677)]
[([[226, 436], [315, 436], [315, 475], [226, 475]], '낳아쥐', 0.7891676723628275), ([[108, 736], [158, 736], [158, 768], [108, 768]], '네 .', 0.8958994256397107)]
[]
[]
[]
[]
[([[315, 269], [409, 269], [409, 305], [315, 305]], '역시 저', 0.9998266808663121), ([[321, 305], [405, 305], [405, 341], [321, 341]], '두사람', 0.9994777014409992), ([[293, 339], [433, 339], [433, 377], [293, 377]], '사귀엇구내', 0.7448569497898576), ([[79, 363], [163, 363], [163, 401], [79, 401]], '그렇지', 0.9995571897709675), ([[79, 393], [163, 393], [163, 435], [79, 435]], '않으면', 0.8717961768839108), ([[61, 431], [183, 431], [183, 469], [61, 469]], '그런 병에', 0.564343203306398), ([[63, 461], [179, 461], [179, 503], [63, 503]], '걸길일이', 0.4150158166885376), ([[79, 499], [167, 499], [167, 537], [79, 537]], '없잡아', 0.9700628504550961)]
[([[384, 326], [418, 326], [418, 356], [384, 356]], '아', 0.9999159592166542), ([[337, 357], [461, 357], [461, 395], [337, 395]], '순타로-시', 0.6025609872767544)]
[([[64, 146], [152, 146], [152, 178], [64, 178]], '뭐야가', 0.8049864159580381), ([[50, 180], [158, 180], [158, 212], [50, 212]], '아니라 )', 0.6579192291773496), ([[1292, 704], [1356, 704], [1356, 736], [1292, 736]], '뛰야', 0.5222216763323376)]
[([[1265, 99], [1385, 99], [1385, 139], [1265, 139]], '그로부터', 0.9994644522666931), ([[1293, 133], [1359, 133], [1359, 173], [1293, 173]], '몇달', 0.8906506729031458), ([[1263, 165], [1387, 165], [1387, 205], [1263, 205]], '와카바의', 0.997649610042572), ([[1258, 196], [1393, 196], [1393, 244], [1258, 244]], '배는 잔뜩', 0.9567041097751221), ([[1281, 235], [1373, 235], [1373, 277], [1281, 277]], '부풀어', 0.9962368825248471), ([[1277, 267], [1375, 267], [1375, 311], [1277, 311]], '있없다', 0.682877882941439), ([[1245, 303], [1405, 303], [1405, 345], [1245, 345]], '곁에서 화도', 0.669847232714815), ([[1278, 338], [1375, 338], [1375, 377], [1278, 377]], '그녀가', 0.9983840830959329), ([[1265, 371], [1387, 371], [1387, 413], [1265, 413]], '임신한게', 0.9577487707138062), ([[1293, 405], [1389, 405], [1389, 447], [1293, 447]], '명햇다', 0.23749750017009055), ([[1294, 434], [1393, 434], [1393, 485], [1294, 485]], '사람의', 0.7171253258960567), ([[1277, 475], [1371, 475], [1371, 517], [1277, 517]], '사랑의', 0.9992223810199053), ([[1279, 507], [1373, 507], [1373, 551], [1279, 551]], '결정은', 0.9998896735141934), ([[1265, 543], [1387, 543], [1387, 583], [1265, 583]], '무르의고', 0.8757216357577181), ([[1277, 575], [1377, 575], [1377, 619], [1277, 619]], '있없다', 0.8835315236832557), ([[1261, 611], [1355, 611], [1355, 649], [1261, 649]], '그리고', 0.9670263340484049), ([[1260, 608], [1394, 608], [1394, 688], [1260, 688]], '균리교금', 0.0335172563791275), ([[1293, 681], [1359, 681], [1359, 719], [1293, 719]], '언제', 0.9999896318910091), ([[1265, 713], [1387, 713], [1387, 753], [1265, 753]], '태어나도', 0.9999229637880804), ([[1263, 747], [1387, 747], [1387, 789], [1263, 789]], '이상하지', 0.7225561494236057), ([[1293, 781], [1361, 781], [1361, 825], [1293, 825]], '않다', 0.9999550717551025), ([[1270.457124714834, 402.0370104182882], [1303.18182354518, 407.6474418696018], [1290.542875285166, 482.9629895817118], [1257.81817645482, 477.3525581303982]], '', 0.0)]
[([[868, 110], [926, 110], [926, 142], [868, 142]], '저기', 0.9999812868505445), ([[849, 143], [941, 143], [941, 179], [849, 179]], '순타로 .', 0.8648446760557625), ([[859, 177], [917, 177], [917, 215], [859, 215]], '이름', 0.9999296154885023), ([[658, 586], [690, 586], [690, 644], [658, 644]], '흙', 0.12477480126312912)]
[([[621, 573], [759, 573], [759, 611], [621, 611]], '렌노스레다', 0.19629694893428146)]
[([[903, 177], [1013, 177], [1013, 215], [903, 215]], '권노스레.', 0.4933439148473291), ([[918, 214], [1012, 214], [1012, 246], [918, 246]], '그게 네', 0.5719815086147946), ([[909, 245], [1023, 245], [1023, 283], [909, 283]], '이름이야', 0.9811710674652728)]
[([[1131, 255], [1279, 255], [1279, 293], [1131, 293]], '이제 동아리', 0.9996519611307659), ([[1148, 286], [1263, 286], [1263, 328], [1148, 328]], '활동이야', 0.9989781379699707), ([[1132, 322], [1277, 322], [1277, 362], [1132, 362]], '오늘도 여자', 0.8622440927032978), ([[1138, 354], [1269, 354], [1269, 395], [1138, 395]], '훈처보기틀', 0.134164533395655), ([[1159, 387], [1247, 387], [1247, 429], [1159, 429]], '열심히', 0.9993811466261798), ([[1146, 422], [1263, 422], [1263, 461], [1146, 461]], '해야지 !', 0.5943271568999086)]
[([[1141, 276], [1261, 276], [1261, 318], [1141, 318]], '새 학년이', 0.9947249199179585), ([[1145, 313], [1257, 313], [1257, 351], [1145, 351]], '들어앉기', 0.1311223953962326), ([[1127, 347], [1277, 347], [1277, 383], [1127, 383]], '때문에 이제', 0.9983636424988674), ([[1141, 375], [1264, 375], [1264, 419], [1141, 419]], '막 진학한', 0.7175006697097925), ([[1145, 413], [1255, 413], [1255, 453], [1145, 453]], '아이들올', 0.989502489566803), ([[1139, 447], [1263, 447], [1263, 487], [1139, 487]], '볼 수 있어', 0.9117607647205445), ([[1171, 485], [1231, 485], [1231, 521], [1171, 521]], '이건', 0.9997818548817605), ([[1115, 517], [1287, 517], [1287, 557], [1115, 557]], '동아리에 나올', 0.9958610847783962), ([[1127, 551], [1275, 551], [1275, 589], [1127, 589]], '보람이 있지', 0.7665527144833865)]
[([[1024, 302], [1278, 302], [1278, 398], [1024, 398]], '순타로이@', 0.13269698604471308), ([[359, 561], [425, 561], [425, 597], [359, 597]], '아앗.', 0.7437990585781876), ([[335, 595], [463, 595], [463, 633], [335, 633]], '큰일낫다 .', 0.7743882365932566)]
[([[1254, 208], [1356, 208], [1356, 262], [1254, 262]], '너 또', 0.98631751537323), ([[1259, 263], [1351, 263], [1351, 325], [1259, 325]], '흉처', 0.405280073156063), ([[1206, 320], [1407, 320], [1407, 386], [1206, 386]], '보는거야?', 0.622187018312217), ([[173, 701], [365, 701], [365, 833], [173, 833]], "(실'", 0.27185838735900525)]
[([[1235, 245], [1387, 245], [1387, 287], [1235, 287]], '순타로분만', 0.7410259690760834), ([[1263, 279], [1361, 279], [1361, 319], [1263, 319]], '아니라', 0.9999820365620934), ([[1251, 315], [1375, 315], [1375, 353], [1251, 353]], '와카바도', 0.9976900219917297), ([[1217, 345], [1407, 345], [1407, 389], [1217, 389]], '출산율 마치자', 0.5031399581078886), ([[1251, 383], [1373, 383], [1373, 423], [1251, 423]], '동아리에', 0.9957646131515503), ([[1251, 415], [1375, 415], [1375, 457], [1251, 457]], '복귀햇다', 0.45803484320640564), ([[1235, 483], [1387, 483], [1387, 525], [1235, 525]], '산모임에도', 0.948923749027664), ([[1251, 521], [1375, 521], [1375, 559], [1251, 559]], '불구하고', 0.9999816417694092), ([[1215, 551], [1339, 551], [1339, 591], [1215, 591]], '와카바의', 0.9987146854400635), ([[1217, 587], [1339, 587], [1339, 627], [1217, 627]], '무너지지', 0.9997362494468689), ([[1341, 551], [1409, 551], [1409, 631], [1341, 631]], '몸운', 0.1660505827918283), ([[1231, 623], [1327, 623], [1327, 661], [1231, 661]], '허리도', 0.9997854739515616), ([[1233, 655], [1355, 655], [1355, 697], [1233, 697]], '소녀답게', 0.99544757604599), ([[1324, 618], [1398, 618], [1398, 700], [1324, 700]], '적울', 0.006591944834761192), ([[1231, 689], [1395, 689], [1395, 731], [1231, 731]], '조여저 있다', 0.9373115484577758)]
[([[1201, 335], [1393, 335], [1393, 377], [1201, 377]], '게다가 출산의', 0.7114956860826457), ([[1187, 369], [1407, 369], [1407, 411], [1187, 411]], '영향으로 유선이', 0.9926432800049425), ([[1221, 403], [1373, 403], [1373, 445], [1221, 445]], '발달햇는지', 0.24499514245067153), ([[1187, 435], [1407, 435], [1407, 479], [1187, 479]], '와카바의 가슴은', 0.9652524862942291), ([[1217, 471], [1377, 471], [1377, 513], [1217, 513]], '전보다 크게', 0.9976400124564856), ([[1217, 505], [1379, 505], [1379, 549], [1217, 549]], '부풀어 있고', 0.7170318290393836), ([[1201, 539], [1391, 539], [1391, 583], [1201, 583]], '가득이나 컴년', 0.3871513549138587), ([[1199, 573], [1397, 573], [1397, 617], [1199, 617]], '거유는 더 크게', 0.4538094481880303), ([[1249, 609], [1347, 609], [1347, 651], [1249, 651]], '커적다', 0.09565575021042272)]
[([[774, 102], [804, 102], [804, 136], [774, 136]], '부', 0.9999989271166818), ([[755, 135], [837, 135], [837, 173], [755, 173]], '부부!?', 0.35959765315055847), ([[455, 231], [527, 231], [527, 267], [455, 267]], '선배', 0.9999505199583973), ([[1316, 232], [1364, 232], [1364, 258], [1316, 258]], '아~', 0.9995863116020796), ([[417, 265], [559, 265], [559, 303], [417, 303]], '아직 우리논', 0.7660632859205287), ([[1284, 262], [1400, 262], [1400, 298], [1284, 298]], '언제나와', 0.9970006346702576), ([[421, 297], [555, 297], [555, 339], [421, 339]], '(혼인신고루', 0.20954987459574298), ([[1311, 295], [1369, 295], [1369, 335], [1311, 335]], '같은', 0.951392316384377), ([[460, 336], [520, 336], [520, 366], [460, 366]], '하지', 0.9997639015187718), ([[1089, 309], [1131, 309], [1131, 365], [1089, 365]], '중', 0.018677807320500506), ([[1285, 329], [1397, 329], [1397, 369], [1285, 369]], '부부만담', 0.8170520643094561), ([[429, 367], [551, 367], [551, 405], [429, 405]], '않앉어오!', 0.06757717133282043), ([[1306, 368], [1376, 368], [1376, 398], [1306, 398]], '이야!', 0.9619139250887705), ([[1275, 399], [1407, 399], [1407, 439], [1275, 439]], '잘먹없다~', 0.981067890091645), ([[1084, 594], [1130, 594], [1130, 626], [1084, 626]], '서..', 0.650394568552663), ([[1065, 625], [1147, 625], [1147, 663], [1065, 663]], '선배!?', 0.2126527577638626)]
[([[507, 137], [617, 137], [617, 173], [507, 173]], '서 선배.', 0.9511720005136087), ([[515, 169], [618, 169], [618, 210], [515, 210]], '저. 저논', 0.2542318567064096), ([[509, 203], [625, 203], [625, 243], [509, 243]], '딱히 그런', 0.9984745149696241), ([[524, 238], [609, 238], [609, 275], [524, 275]], '의미로', 0.9999964210740566), ([[1287, 227], [1405, 227], [1405, 265], [1287, 265]], '근데 나도', 0.9999519167553894), ([[1290, 262], [1404, 262], [1404, 294], [1290, 294]], '여자니까', 0.9742656645048506), ([[503, 273], [631, 273], [631, 311], [503, 311]], '하늘말이 .', 0.5589262771377346), ([[1288, 296], [1402, 296], [1402, 328], [1288, 328]], '와카바의', 0.997117817401886), ([[1301, 327], [1385, 327], [1385, 367], [1301, 367]], '마음을', 0.8453529477119446), ([[1299, 361], [1389, 361], [1389, 401], [1299, 401]], '알걀어', 0.41122989263915116), ([[1150, 395], [1404, 395], [1404, 444], [1150, 444]], '다른애한터 그러니까', 0.8532041891672623), ([[1162, 436], [1279, 436], [1279, 478], [1162, 478]], '바람이나', 0.9797191461928941), ([[1313, 433], [1377, 433], [1377, 469], [1313, 469]], '안돼', 0.5455113221445282), ([[1156, 462], [1416, 462], [1416, 512], [1156, 512]], '피우면 년다카하시군', 0.7973590663646515), ([[1147, 507], [1297, 507], [1297, 545], [1147, 545]], '벌써 아내가', 0.9769583978890939), ([[1167, 543], [1273, 543], [1273, 581], [1167, 581]], '있잡아?', 0.7107077051603158), ([[1032, 672], [1068, 672], [1068, 702], [1032, 702]], '네', 0.9993389745549308)]
[([[1245, 179], [1406, 179], [1406, 222], [1245, 222]], '선배의 말이', 0.9972643343079978), ([[1246, 209], [1403, 209], [1403, 258], [1246, 258]], '투사림에게', 0.5134476577021435), ([[1277, 247], [1375, 247], [1375, 289], [1277, 289]], '박휘다', 0.11307891062822786), ([[1263, 281], [1389, 281], [1389, 323], [1263, 323]], '순타로와', 0.9345129132270813), ([[1228, 314], [1419, 314], [1419, 358], [1228, 358]], "'와카바는 밤의", 0.6924133948988189), ([[1245, 351], [1405, 351], [1405, 393], [1245, 393]], '일에 고민이', 0.9957662628478253), ([[1277, 383], [1373, 383], [1373, 425], [1277, 425]], '있없기', 0.5510041185990013), ([[1263, 419], [1389, 419], [1389, 459], [1263, 459]], '때문이다', 0.9994663000106812), ([[1295, 489], [1355, 489], [1355, 525], [1295, 525]], '미리', 0.9999967125473989), ([[1249, 519], [1401, 519], [1401, 561], [1249, 561]], '말해두지만', 0.9967513953707353), ([[1263, 555], [1387, 555], [1387, 597], [1263, 597]], '순타로는', 0.8390119671821594), ([[1230, 586], [1419, 586], [1419, 630], [1230, 630]], '조루도 아니고', 0.7358549582538094), ([[1263, 627], [1387, 627], [1387, 663], [1263, 663]], '와카바도', 0.9988378882408142), ([[1229, 657], [1419, 657], [1419, 701], [1229, 701]], '불감증 같은건', 0.8513771526165516), ([[1277, 695], [1375, 695], [1375, 731], [1277, 731]], '아니다', 0.9999971093289124)]
[([[1126, 178], [1387, 178], [1387, 222], [1126, 222]], '와카바가 출산후 두', 0.8563982951554631), ([[71, 209], [395, 209], [395, 253], [71, 253]], '원래 이병은 한번 걸리면', 0.8974881065609285), ([[1113, 213], [1400, 213], [1400, 257], [1113, 257]], '사람은 성교시 반드시', 0.9789134451177923), ([[88, 241], [377, 241], [377, 289], [88, 289]], '낫는게 아니라 평생흘', 0.31095263283581265), ([[1147, 247], [1371, 247], [1371, 291], [1147, 291]], '콤듬올 착용햇다', 0.14616419843981648), ([[103, 278], [363, 278], [363, 321], [103, 321]], '지켜보야 할 필요가', 0.9078670734355463), ([[1115, 283], [1401, 283], [1401, 325], [1115, 325]], '그런데 순타로가 전혀', 0.931131963628692), ([[151, 313], [315, 313], [315, 355], [151, 355]], '있다고 한다', 0.999026843835707), ([[1095, 317], [1423, 317], [1423, 359], [1095, 359]], '사정활 수 없게 된것이다', 0.5573314997142459), ([[1085, 351], [1431, 351], [1431, 393], [1085, 393]], '쾌락은 확실하게 느껴진다', 0.5799797822453948), ([[85, 379], [381, 379], [381, 423], [85, 423]], '무슨 말울 하고 있냐면', 0.6533642399137072), ([[1095, 385], [1419, 385], [1419, 427], [1095, 427]], '그러나 도달만 활수 없게', 0.9538306141453022), ([[77, 414], [389, 414], [389, 457], [77, 457]], '순타로의 몸은 순타로의', 0.9924113158261122), ([[1195, 419], [1321, 419], [1321, 461], [1195, 461]], '된젓이다', 0.5590442419052124), ([[103, 448], [361, 448], [361, 492], [103, 492]], '아이틀 가질 상대틀', 0.34999141737147443), ([[60, 482], [403, 482], [403, 527], [60, 527]], '알아버럿기 때문에 정자지', 0.5428504886959329), ([[1115, 487], [1401, 487], [1401, 531], [1115, 531]], '두사람은 원인 규멍올', 0.7672626926293631), ([[68, 516], [397, 516], [397, 561], [68, 561]], '낭비할 수 없게 된것이다', 0.5023052968819111), ([[1092, 518], [1420, 518], [1420, 567], [1092, 567]], '위해 병원에서 그 의사틀', 0.448859158178249), ([[1209, 555], [1307, 555], [1307, 599], [1209, 599]], '찾있다', 0.7534511724600672), ([[91, 585], [375, 585], [375, 629], [91, 629]], '즉 순타로는 앞으로의', 0.9808733271293004), ([[1141, 586], [1374, 586], [1374, 634], [1141, 634]], '의사는 사정할 수', 0.39036630834240926), ([[95, 619], [371, 619], [371, 663], [95, 663]], '인생에서 와카바와의', 0.9371751503874085), ([[1177, 623], [1339, 623], [1339, 665], [1177, 665]], '없는 원인올', 0.5787133704847772), ([[65, 653], [401, 653], [401, 697], [65, 697]], '임신교미에서만 사정활수', 0.9264316229223466), ([[1153, 659], [1365, 659], [1365, 703], [1153, 703]], '성기결합증후군', 0.991151049202169), ([[109, 689], [359, 689], [359, 733], [109, 733]], '있든몸이 된것이다', 0.5047059112094293), ([[1133, 693], [1383, 693], [1383, 735], [1133, 735]], '때문이라고 말한다', 0.5517917301503381)]
[([[1099, 325], [1195, 325], [1195, 369], [1099, 369]], '방과후', 0.9971886635729503)]
[([[1048, 388], [1150, 388], [1150, 420], [1048, 420]], '와카바~', 0.9955310821533203), ([[1069, 421], [1129, 421], [1129, 457], [1069, 457]], '아직', 0.9998739832486834), ([[1035, 453], [1165, 453], [1165, 493], [1035, 493]], '옷 안 갈아', 0.8927627408826639), ([[1047, 489], [1151, 489], [1151, 527], [1047, 527]], '입없어?', 0.9936149716377258), ([[263, 561], [393, 561], [393, 601], [263, 601]], '자  잠깐만', 0.6364334996649281), ([[268, 600], [390, 600], [390, 630], [268, 630]], '기다려보!', 0.7705534745285965)]
[([[1095, 305], [1133, 305], [1133, 367], [1095, 367]], '붕', 0.030296853161219994)]
[([[1059, 387], [1173, 387], [1173, 425], [1059, 425]], '아찢아질', 0.1845586895942688), ([[1076, 420], [1150, 420], [1150, 457], [1076, 457]], '하네.', 0.6497391847985048)]
[([[1108, 186], [1152, 186], [1152, 383], [1108, 383]], '출', 0.0886765534902958), ([[137, 691], [179, 691], [179, 763], [137, 763]], '맵', 0.026146792131262808), ([[137, 777], [179, 777], [179, 873], [137, 873]], '눕', 0.3590145807907028)]
[([[1178, 146], [1208, 146], [1208, 182], [1178, 182]], '갈', 0.8055600285207589), ([[1176, 180], [1212, 180], [1212, 210], [1176, 210]], '까', 0.9971288814973747)]
[([[1158, 206], [1194, 206], [1194, 236], [1158, 236]], '너', 0.9999620918051875), ([[1132, 240], [1230, 240], [1230, 272], [1132, 272]], '왜 브라', 0.5347410760583574), ([[1125, 271], [1231, 271], [1231, 309], [1125, 309]], '안 찾나 .', 0.35978667225579475)]
[([[340, 458], [418, 458], [418, 495], [340, 495]], '저기`', 0.240551170893678), ([[329, 495], [433, 495], [433, 531], [329, 531]], '순타로.', 0.12053114175796509), ([[186, 574], [220, 574], [220, 604], [186, 604]], '뭐', 0.9999852181027222), ([[171, 605], [235, 605], [235, 641], [171, 641]], '뛰야.', 0.601830052540382)]
[([[1110, 348], [1212, 348], [1212, 448], [1110, 448]], '욕', 0.10864311886662481)]
[([[1235, 337], [1304, 337], [1304, 376], [1235, 376]], '화쥐.', 0.9054234693435544), ([[1229, 375], [1309, 375], [1309, 411], [1229, 411]], '순타로', 0.8280118024703205)]
[([[1190, 432], [1323, 432], [1323, 464], [1190, 464]], '와 와카바:', 0.41967848840128913), ([[1192, 463], [1335, 463], [1335, 503], [1192, 503]], '도대체 무슨', 0.9985268303538197), ([[1199, 499], [1321, 499], [1321, 537], [1199, 537]], '생각이야 ', 0.5175826354552027)]
[([[733, 101], [841, 101], [841, 139], [733, 139]], '순타로의', 0.9793906807899475), ([[749, 137], [827, 137], [827, 173], [749, 173]], '정자 .', 0.9449280500411987), ([[749, 169], [815, 169], [815, 207], [749, 207]], '원해.', 0.9890269196821591), ([[1239, 321], [1303, 321], [1303, 357], [1239, 357]], '나도.', 0.9707770347595215), ([[1246, 358], [1306, 358], [1306, 388], [1246, 388]], '이제', 0.9999329028764958), ([[1209, 385], [1325, 385], [1325, 427], [1209, 427]], '못참젯어', 0.24188406765460968), ([[350, 408], [442, 408], [442, 440], [350, 440]], '와카바', 0.9940215312300775)]
[([[803, 113], [913, 113], [913, 151], [803, 151]], '만들자밥', 0.27577096223831177), ([[1159, 335], [1263, 335], [1263, 373], [1159, 373]], '두명째.', 0.2503175735473633)]
[([[1108, 356], [1259, 356], [1259, 395], [1108, 395]], '그러고보니.', 0.7718898867512937), ([[1142, 394], [1224, 394], [1224, 426], [1142, 426]], '그때도', 0.9999661379232286), ([[1140, 426], [1228, 426], [1228, 458], [1140, 458]], '여기가', 0.9999704050870449), ([[1105, 459], [1263, 459], [1263, 499], [1105, 499]], '시작이없지.', 0.7053201868892749)]
[([[1052, 344], [1082, 344], [1082, 380], [1052, 380]], '응', 0.9998104662112297), ([[1028, 374], [1119, 374], [1119, 415], [1028, 415]], '하지만', 0.9998180275556185), ([[1021, 409], [1113, 409], [1113, 449], [1021, 449]], '이번엔', 0.9949871282867007), ([[350, 480], [432, 480], [432, 521], [350, 521]], '우리들', 0.9999844454497242), ([[341, 517], [425, 517], [425, 553], [341, 553]], '의사로', 0.9968876838684082)]
[([[41, 65], [1340, 65], [1340, 146], [41, 146]], '탓쩐% @   @*품   # 1중 $ 0 +95 ; 2" 군"  3 답 0', 0.001255683967475108), ([[48, 180], [609, 180], [609, 247], [48, 247]], '논 ; 3  #서벼 :"후 } .', 0.00888561967997215), ([[46, 232], [1408, 232], [1408, 304], [46, 304]], '문속하 히솜성 ! # + 6 ! ? ~물 0# : : 터 품# 훌~[(', 0.002459552823182302), ([[43, 283], [1037, 283], [1037, 349], [43, 349]], '유미7} . 높 ( 소<"++" 1 # 6 *내 쇼화', 0.0001131222780008038), ([[45, 389], [1209, 389], [1209, 451], [45, 451]], '[#0 ? - 9 벼 $ ;-실- " 구: -  보스 + ; $ ', 0.004242798191941512), ([[43, 441], [1379, 441], [1379, 505], [43, 505]], '또? + 0 {} +?  고0 지-\' -61 $ < 국 <수축0서+" ? +', 0.0035530928264297756), ([[42, 490], [1181, 490], [1181, 557], [42, 557]], "*숫화 노 참촬 + '키 작 |솜 ; 50 ; 0 0:*한 + 0 <", 0.0003277702502360068), ([[45, 543], [1331, 543], [1331, 607], [45, 607]], '스스 근 0#벼 8 초 <벼다 ( (1# ; + 내 근 년 내 3 나#.', 0.0013668698728180387), ([[49, 649], [623, 649], [623, 711], [49, 711]], '} 3 내| *(:; 고 *캐5 8', 0.005829689788608096), ([[45, 699], [981, 699], [981, 763], [45, 763]], '0  #1 초"흙 손 } 3 < < ;잘나"+ 여 : 호 .', 0.001242564732175282)]
[([[49, 68], [1206, 68], [1206, 136], [49, 136]], '3 +, 3 ;-스주야 [- (1 {## (< < 차+7+:5 3 } 0', 0.0019306933754786675), ([[40, 170], [733, 170], [733, 239], [40, 239]], '[의0  지군 쇼] 논내 ; 머0$ @', 0.001132694175774425), ([[44, 224], [1243, 224], [1243, 293], [44, 293]], '초 (오교미|= < 다 " >+ )내 표 0 \' 출 중 화 속 군 차 < 6 ^ ;', 0.0028125355114709543), ([[46, 275], [1081, 275], [1081, 341], [46, 341]], '* 4 9 0 못터 느 ( < 벼 *070[ + + {4] +', 0.03910868971506395), ([[39, 323], [984, 323], [984, 397], [39, 397]], '[0? ? 학고7 고 9] 중# 품느 화 조7 {5 @', 0.0015003166628090076), ([[47, 431], [1261, 431], [1261, 497], [47, 497]], '추사 <61 , 쓸4스< 0 [ 볶촬 +: 주 " # ) 0찾가#5 + 5 ]', 0.0016588760736407253), ([[50, 482], [933, 482], [933, 551], [50, 551]], '2  ; * 9 손 #룻# [<"++출 : 0+@', 0.006033138559126714), ([[43, 587], [1301, 587], [1301, 651], [43, 651]], '1추++즌항 $ 군 차디 5 3 0 & 0 (슷 3 내거 채벼 2" 뜰 < +" 단', 0.0004264884711772745), ([[42, 696], [298, 696], [298, 748], [42, 748]], '7추++~, 악이', 0.0014856250040705089), ([[338, 688], [693, 688], [693, 755], [338, 755]], '[@-;,;산도뒤큰18]', 0.0004118132550376553), ([[1303.0194193243092, 592.0970966215453], [1383.8292141861734, 609.7043571695632], [1372.9805806756908, 651.9029033784547], [1292.1707858138266, 634.2956428304368]], '00', 0.13208044713848582)]
