2074968
8
[([[154, 380], [1100, 380], [1100, 644], [154, 644]], '후타나리', 0.9760518670082092), ([[383, 757], [833, 757], [833, 1017], [383, 1017]], '주의', 0.9999979769518709)]
[([[661, 35], [979, 35], [979, 73], [661, 73]], '오오 소년; 혼자서 참배인가:', 0.6960175287886985), ([[673, 65], [983, 65], [983, 103], [673, 103]], '아? 참배 작법올 모른다고?', 0.6057911274680736), ([[691, 95], [979, 95], [979, 133], [691, 133]], '그런 거 대충해도 괜찮아', 0.7223266602722999), ([[21, 119], [275, 119], [275, 161], [21, 161]], '적당히구슬음 흔들고', 0.19848832453375606), ([[20, 146], [164, 146], [164, 224], [20, 224]], '초# 요헌', 0.0006683899704729224), ([[107, 151], [345, 151], [345, 191], [107, 191]], '넣고 소원올 빌면 돼', 0.21339060249484518), ([[155, 183], [361, 183], [361, 219], [155, 219]], '대가 허락한 거다.', 0.22919217762373112), ([[27, 209], [251, 209], [251, 249], [27, 249]], '너는 근거면 충분해트', 0.27175987918422095)]
[([[25, 63], [278, 63], [278, 124], [25, 124]], '(안0   -66 ', 0.010732478845242819), ([[336, 54], [428, 54], [428, 132], [336, 132]], '', 0.0), ([[123, 113], [207, 113], [207, 157], [123, 157]], '여떡', 0.15199657335296687), ([[238, 118], [282, 118], [282, 148], [238, 148]], '꽤', 0.684784537929378), ([[639, 113], [984, 113], [984, 194], [639, 194]], '명청아 (웃음)', 0.6929753578460489), ([[49, 194], [178, 194], [178, 243], [49, 243]], '가외고', 0.3034967411712187), ([[205, 197], [293, 197], [293, 241], [205, 241]], '9', 0.10036505246202498), ([[735, 189], [919, 189], [919, 227], [735, 227]], '구슬은 . 저쪽에', 0.6467648665805718), ([[57, 249], [255, 249], [255, 287], [57, 287]], '좀 쌓이기되 햇고', 0.3614661686927949), ([[55, 274], [331, 274], [331, 318], [55, 318]], '신꺼이 잠문 지금이라면', 0.29616019796849324)]
[([[695, 63], [967, 63], [967, 101], [695, 101]], '미안 미안! 거기도 맞아.', 0.9695127963177758), ([[16, 80], [244, 80], [244, 160], [16, 160]], '필안월따용안젊올-', 0.001500517688535267), ([[21, 85], [107, 85], [107, 127], [21, 127]], '신양의', 0.6989099383354187), ([[239, 89], [345, 89], [345, 125], [239, 125]], '잊지말고', 0.979056715965271), ([[691, 91], [969, 91], [969, 129], [691, 129]], '저쪽은 애들용 구슬이다:', 0.5663047919500677), ([[237, 117], [371, 117], [371, 157], [237, 157]], '문지르면서', 0.8434625585954343), ([[747, 121], [971, 121], [971, 157], [747, 157]], '어른이 되고 싶으면', 0.9731787642359672), ([[23, 147], [169, 147], [169, 185], [23, 185]], '흔드문건야', 0.35470999109884827), ([[805, 149], [971, 149], [971, 189], [805, 189]], '이쪽올 흔들어', 0.9729585728068841), ([[196, 1050], [250, 1050], [250, 1108], [196, 1108]], '잇', 0.0332827053627236)]
[([[705, 87], [859, 87], [859, 139], [705, 139]], '좋아 좋아', 0.4938252381904599), ([[36, 120], [150, 120], [150, 168], [36, 168]], '뭐어5', 0.2593364161914618), ([[224, 120], [358, 120], [358, 168], [224, 168]], '이래선', 0.74655646442339), ([[733, 133], [845, 133], [845, 177], [733, 177]], '그대로', 0.6478912953814481), ([[870, 130], [969, 130], [969, 187], [870, 187]], '구속0', 0.8066103188362831), ([[18, 160], [140, 160], [140, 216], [18, 216]], '천번유', 0.10900334137171085), ([[166, 162], [256, 162], [256, 212], [166, 212]], '얇문', 0.00635752938198569), ([[635, 173], [807, 173], [807, 233], [635, 233]], '텅텅거질', 0.048162791877985), ([[832, 171], [987, 171], [987, 226], [832, 226]], '때까지', 0.982385555465905), ([[18, 204], [206, 204], [206, 258], [18, 258]], '아켓지만', 0.9017230868339539), ([[753, 215], [942, 215], [942, 269], [753, 269]], '해야되다', 0.5566002726554871), ([[644, 262], [774, 262], [774, 310], [644, 310]], '제대로', 0.6820715665817261), ([[805, 267], [857, 267], [857, 311], [805, 311]], '안', 0.9999883175237443), ([[887, 267], [981, 267], [981, 311], [887, 311]], '하면', 0.9982131886617835), ([[611, 307], [700, 307], [700, 352], [611, 352]], '천번', 0.44442500647273403), ([[731, 295], [896, 295], [896, 361], [731, 361]], '밭눈다 ~', 0.4432781646807171)]
[([[680, 192], [736, 192], [736, 246], [680, 246]], '칼', 0.26429429048366515), ([[697, 235], [799, 235], [799, 295], [697, 295]], '간닷', 0.4632827607382686), ([[878, 238], [987, 238], [987, 286], [878, 286]], '뻔다', 0.09036577620233194), ([[612, 282], [946, 282], [946, 344], [612, 344]], "'아온다사정안다", 0.3160612123336147), ([[730, 334], [862, 334], [862, 388], [730, 388]], '응아앗', 0.21564633938223995), ([[229, 971], [269, 971], [269, 1065], [229, 1065]], '"', 0.931104394550264), ([[394, 1218], [496, 1218], [496, 1328], [394, 1328]], '규', 0.12539997265781722)]
[([[756, 68], [790, 68], [790, 100], [756, 100]], '자', 0.9999886751495559), ([[805, 66], [955, 66], [955, 102], [805, 102]], '잘 하는 걸: .', 0.44418498439922344), ([[806, 98], [956, 98], [956, 130], [806, 130]], '저기; 그거다-', 0.9025953829811061), ([[59, 141], [169, 141], [169, 177], [59, 177]], '자-어서', 0.1038411557674408), ([[765, 125], [955, 125], [955, 163], [765, 163]], '신양이 느껴지논', 0.6491887503484857), ([[61, 169], [199, 169], [199, 209], [61, 209]], '새전올 넣고', 0.7362221967111241), ([[687, 153], [928, 153], [928, 193], [687, 193]], '종은 손놀림이없다고', 0.6070450021369925), ([[61, 199], [237, 199], [237, 237], [61, 237]], '소원올 빌거라-', 0.2915697156224956), ([[370, 286], [396, 286], [396, 310], [370, 310]], '기', 0.25667009513245276), ([[161, 881], [231, 881], [231, 925], [161, 925]], '_소', 0.004156183039167174), ([[182.30769230769232, 1194.5384615384614], [222.71059581609376, 1157.0361610022812], [285.6923076923077, 1231.4615384615386], [245.28940418390624, 1268.9638389977188]], '톤', 0.5499754766358969)]
[([[335, 49], [433, 49], [433, 137], [335, 137]], '<', 0.0033451937783282037), ([[741, 95], [799, 95], [799, 131], [741, 131]], '아니', 0.9999957010241584), ([[805, 75], [959, 75], [959, 137], [805, 137]], '어이미!', 0.22736558318138123), ([[779, 157], [943, 157], [943, 217], [779, 217]], '거기논', 0.8155438058991746), ([[731, 201], [893, 201], [893, 264], [731, 264]], '시전함', 0.966627395937138), ([[671, 195], [949, 195], [949, 327], [671, 327]], '아외지로요', 0.0367256750801511)]
