2078097
12
[]
[]
[]
[([[225.73514962106927, 28.184412688522528], [584.9878864866386, -0.2263567243530682], [585.2648503789308, 116.81558731147747], [226.0121135133614, 144.22635672435308]], '아리앗의', 0.9517366886138916), ([[655.0147185498714, -0.9513426462981673], [918.8910187820854, 38.52767277671248], [901.9852814501286, 119.95134264629817], [637.1089812179146, 80.47232722328752]], '조입올', 0.43498277058843665), ([[703.9866830797658, 102.04286034123683], [959.6888042741485, 140.28488404655604], [938.0133169202342, 243.95713965876317], [682.3111957258515, 204.71511595344396]], '보라!', 0.4192724136509035), ([[268.6115134176307, 142.1913831893103], [505.2628828751328, 108.36161452638429], [514.3884865823693, 233.8086168106897], [277.7371171248672, 268.6383854736157]], '느껴', 0.9760076999184659)]
[([[36, 0], [596, 0], [596, 161], [36, 161]], '불카토스가', 0.8628815899566604), ([[691, 23], [775, 23], [775, 113], [691, 113]], '내', 0.9999573235296708), ([[802, 30], [1007, 30], [1007, 123], [802, 123]], '보랜', 0.07762134325804827), ([[725, 142], [1098, 142], [1098, 251], [725, 251]], '이끄신다!', 0.7224942711179339)]
[]
[]
[([[676, 1012], [722, 1012], [722, 1038], [676, 1038]], '선', 0.21780587419419906), ([[735, 1023], [769, 1023], [769, 1039], [735, 1039]], '그사', 0.11958365906809978), ([[856.438262381114, 1024.7506099048912], [916.8569533817705, 1018.2572186472918], [918.561737618886, 1035.2493900951088], [858.1430466182295, 1041.742781352708]], '승5간', 0.009636655530720033), ([[720.0268234150113, 1044.3241410735102], [855.6887775273141, 1023.4530932949973], [860.9731765849887, 1058.6758589264898], [724.3112224726859, 1078.5469067050026]], '으입이', 0.05482438300728722), ([[347.370046583403, 1083.2731350918687], [424.1793451723971, 1078.2553554091721], [425.629953416597, 1121.7268649081313], [348.8206548276029, 1127.7446445908279]], '동안', 0.9995532726370795), ([[349.75735931288074, 1128.7573593128807], [530.4884090665528, 1099.575672068762], [537.2426406871193, 1147.2426406871193], [356.51159093344717, 1176.424327931238]], '응으아다', 0.2700043320655823)]
[]
[]
[]
[]
