2078273
13
[([[49, 676], [351, 676], [351, 892], [49, 892]], "'끊내", 0.0013870621239333726), ([[1572, 861], [1838, 861], [1838, 1010], [1572, 1010]], '사꼴', 0.0127805242746205), ([[1733, 972], [1806, 972], [1806, 1054], [1733, 1054]], '9', 0.2543699512331301), ([[1070, 2389], [1602, 2389], [1602, 2578], [1070, 2578]], '빨리걸머라', 0.8510971641771564), ([[171, 2529], [262, 2529], [262, 2604], [171, 2604]], '7', 0.6613175980224959), ([[1253, 2598], [1639, 2598], [1639, 2766], [1253, 2766]], '양해래!', 0.19015219807624817), ([[46.18761806280904, 2496.8626652879325], [263.19442233080724, 2442.2683821948453], [280.812381937191, 2527.1373347120675], [63.80557766919275, 2581.7316178051547]], '[쓸(', 0.010774762839873967)]
[([[1571, 860], [1839, 860], [1839, 1011], [1571, 1011]], '/꼴?', 0.0021934454043342176), ([[1733, 972], [1806, 972], [1806, 1054], [1733, 1054]], '9', 0.23798428596947563), ([[169, 2529], [260, 2529], [260, 2604], [169, 2604]], '7', 0.8466660075303025), ([[40.8229299945399, 780.4927389874417], [299.68568107426404, 649.5149656548865], [357.1770700054601, 790.5072610125583], [98.31431892573599, 922.4850343451135]], '사@', 0.6840063846868564), ([[46.7000105999682, 2495.5200169599493], [263.2364775506904, 2443.3289826700166], [279.2999894000318, 2528.4799830400507], [63.76352244930963, 2580.6710173299834]], '[쓸(', 0.011515988192797066)]
[([[1403, 251], [1487, 251], [1487, 311], [1403, 311]], ':0', 0.17723668064679457), ([[12, 406], [225, 406], [225, 558], [12, 558]], '타과[%', 0.0007433571154251695), ([[1319, 795], [1538, 795], [1538, 900], [1319, 900]], '이@5', 0.025911799842438382), ([[1087.2218128139505, 48.027560676701455], [1205.9475137763197, 135.92671433565494], [1150.7781871860495, 210.97243932329854], [1031.0524862236803, 123.07328566434508]], '권', 0.009761400946951826), ([[235.75360678589436, 663.1955586795979], [524.5468293610273, 631.027502054641], [529.2463932141056, 745.8044413204021], [240.45317063897267, 777.972497945359]], '벌이', 0.06688307133117664), ([[1654.8099186518884, 1806.4727315512318], [1821.3430916214393, 1767.83112127343], [1836.1900813481116, 1860.5272684487682], [1669.6569083785607, 1898.16887872657]], '사 떠', 0.036194967023658736), ([[52.30029963302028, 2574.640838972457], [220.80791871929435, 2526.2516837136773], [242.69970036697973, 2623.359161027543], [74.19208128070564, 2671.7483162863227]], '새이', 0.0030719676570162896)]
[([[1358, 251], [1501, 251], [1501, 315], [1358, 315]], '하 0', 0.3339473605155945), ([[1319, 795], [1538, 795], [1538, 900], [1319, 900]], '이@5', 0.01394719062376842), ([[159, 2524], [254, 2524], [254, 2610], [159, 2610]], "'7", 0.5289729183146324), ([[1459, 2554], [1769, 2554], [1769, 2762], [1459, 2762]], '사]', 0.3586552462393742), ([[1073.1686688158602, 45.028830948387835], [1209.9824019748344, 123.35035170015958], [1156.8313311841398, 212.97116905161215], [1020.0175980251656, 133.6496482998404]], '사', 0.1382374158294084), ([[237.7912100854006, 662.1890184953235], [524.5555724385724, 631.0444357431973], [529.2087899145994, 745.8109815046765], [241.4444275614276, 776.9555642568027]], '벌이', 0.05245968877797671), ([[26.059553717480128, 2496.805955371748], [242.4591327730267, 2407.488650358004], [279.9404462825199, 2498.194044628252], [63.5408672269733, 2587.511349641996]], '_과@', 0.09387731162780791)]
[]
[]
[]
[]
[]
[]
[([[1508, 106], [1630, 106], [1630, 240], [1508, 240]], '빠', 0.16904415789511873), ([[33, 431], [223, 431], [223, 563], [33, 563]], '@]', 0.010942268410919456), ([[990, 542], [1170, 542], [1170, 640], [990, 640]], '사밟', 0.03315776958070853), ([[2153, 739], [2309, 739], [2309, 847], [2153, 847]], '사박', 0.9528939477566107), ([[1204, 1304], [1368, 1304], [1368, 1408], [1204, 1408]], '사박', 0.9967973321806531), ([[1996, 1342], [2315, 1342], [2315, 1469], [1996, 1469]], '빨리걸서라', 0.185626774538943), ([[2136, 1460], [2192, 1460], [2192, 1522], [2136, 1522]], '양', 0.9973770912438376), ([[673, 1512], [1013, 1512], [1013, 1629], [673, 1629]], '빨리걸머라', 0.5281412266269685), ([[125, 1601], [167, 1601], [167, 1645], [125, 1645]], '7', 0.5123929171987243), ([[787, 1634], [1040, 1634], [1040, 1757], [787, 1757]], '양쾌래!', 0.26432207226753235), ([[1172.9204087619014, 373.04490514281656], [1327.1217390473869, 410.3028261191376], [1297.0795912380986, 518.9550948571834], [1142.8782609526131, 481.6971738808624]], '사박', 0.28839121013537855), ([[2179.234954783756, 1438.1747739187817], [2325.717436331413, 1428.3695382011522], [2326.765045216244, 1505.8252260812183], [2180.282563668587, 1515.6304617988478]], '돼지', 0.9217039457993836), ([[26.117098626423395, 1577.1756479396352], [169.66727310376072, 1542.8912269997734], [180.8829013735766, 1603.8243520603648], [38.332726896239286, 1638.1087730002266]], '아빠', 0.03312796365653312)]
[([[812, 506], [932, 506], [932, 582], [812, 582]], '사박', 0.5120857900336937), ([[83, 897], [205, 897], [205, 965], [83, 965]], '사박', 0.9973536146467873), ([[690, 921], [932, 921], [932, 1010], [690, 1010]], '빨리 걸거라', 0.2500557305441026), ([[794, 978], [946, 978], [946, 1050], [794, 1050]], '양돼지!', 0.7269985675811768), ([[326.99501294038134, 55.05062810977502], [424.46095269318556, 91.76111529422477], [392.00498705961866, 173.94937189022497], [294.53904730681444, 136.23888470577523]], '씨', 0.03853033204200074), ([[60.995087493364835, 255.05627869094704], [172.5667450207106, 287.2412177051949], [149.00491250663518, 361.943721309053], [37.4332549792894, 330.7587822948051]], '나박', 0.8203765572845274)]
[([[310, 68], [410, 68], [410, 166], [310, 166]], "'", 0.5665695395592572), ([[812, 506], [932, 506], [932, 582], [812, 582]], '사박', 0.6819265553506209), ([[82, 894], [208, 894], [208, 966], [82, 966]], '사박', 0.9928607305139134), ([[690, 921], [932, 921], [932, 1010], [690, 1010]], '빨리 걸거라', 0.25090432674421487), ([[503.96045745888, 71.21019580262396], [644.9360636129192, 52.91568456342864], [651.03954254112, 138.78980419737604], [509.06393638708084, 157.08431543657136]], '씨,', 0.07613514515506818), ([[69.21942860774904, 246.03817179904016], [174.98340247174767, 300.4849417760163], [141.78057139225098, 363.9618282009598], [35.01659752825233, 309.5150582239837]], '나벼', 0.13863323813849346), ([[718.1711513259244, 692.0430527288738], [779.6281649995302, 683.4440256263507], [794.8288486740756, 803.9569472711262], [734.3718350004698, 813.5559743736493]], '푹', 0.3751967163864869), ([[791.4002652655213, 993.5006631638032], [941.1751848596648, 973.7034727440887], [945.5997347344787, 1031.4993368361968], [795.8248151403352, 1051.2965272559113]], '양 돼지!', 0.11079366361474127)]
