2079935
53
[([[431, 37], [1602, 37], [1602, 202], [431, 202]], '[히-하균 --#짚,-권할-2010', 4.060762958178645e-08), ([[316, 252], [1719, 252], [1719, 399], [316, 399]], '[신위쪽위물221-차[2뉴형등런머 ', 3.6560069617007387e-07), ([[20, 454], [180, 454], [180, 540], [20, 540]], '[박고', 0.0001659853098228868), ([[18, 729], [961, 729], [961, 842], [18, 842]], '[`이턱-이  -신하 시죽담', 1.4720833036750088e-06), ([[18, 871], [1246, 871], [1246, 984], [18, 984]], '[-[#-건교|4이 -+:신-어-5 -입', 2.3567339251728963e-06), ([[19, 1159], [809, 1159], [809, 1261], [19, 1261]], '[호:-박,교드|요-진``', 1.6405088697349166e-06), ([[18, 1298], [1249, 1298], [1249, 1406], [18, 1406]], '[메호?#건-:[위-덜어투꺼-시투2    입', 3.7707313298203004e-06), ([[18, 1581], [825, 1581], [825, 1684], [18, 1684]], '[호:``-하[|볶-즈|?', 1.2318735503563434e-05), ([[18, 1721], [1244, 1721], [1244, 1831], [18, 1831]], '[물?히- :[-이--2-:",:교|띄', 2.6358617929687773e-06), ([[1282, 1985], [1955, 1985], [1955, 2052], [1282, 2052]], '@댐줄괴-|물미훨띄*.0.이끼박결 (이#-까-', 1.2766628714314532e-09), ([[19, 2010], [948, 2010], [948, 2114], [19, 2114]], '[스물쪽:$-/_이지훨/3서]-', 5.03438984953435e-07), ([[1286, 2078], [1402, 2078], [1402, 2135], [1286, 2135]], '막어,', 0.0007483088171447232), ([[19, 2152], [1247, 2152], [1247, 2253], [19, 2253]], '[`퉁?요-갈:신거)-늘고2전[_깐?훈--', 8.678507706899431e-08), ([[1278, 2161], [1943, 2161], [1943, 2233], [1278, 2233]], '(0커속|전 [러형뚜하지- @볶-항회', 1.708773680846873e-07), ([[1281, 2246], [1882, 2246], [1882, 2319], [1281, 2319]], "'염/|-위|`|옷 교지]교1234", 5.3529579290506555e-06), ([[19, 2433], [946, 2433], [946, 2537], [19, 2537]], '[`쪽:메-청/_-창[이문/하이-전50', 4.196099844039552e-07), ([[1280, 2425], [1842, 2425], [1842, 2500], [1280, 2500]], '[어.`[어미 [어-어항 하히', 1.8201311686849675e-06), ([[1283, 2522], [1462, 2522], [1462, 2578], [1283, 2578]], '@)미=까[', 7.001647999637109e-05), ([[18, 2574], [1230, 2574], [1230, 2682], [18, 2682]], '[굽결?녹: : 40+훨양 -엔 -_-어 -스:개', 4.964384072477102e-07), ([[1285, 2603], [1954, 2603], [1954, 2676], [1285, 2676]], '감/2메`4쪽석6@늘야이-어메`전--', 4.160339263810942e-08)]
[]
[]
[]
[]
[]
[]
[]
[([[1827, 2448], [1856, 2448], [1856, 2474], [1827, 2474]], '178', 0.19737691956805534), ([[1877, 2512], [1904, 2512], [1904, 2532], [1877, 2532]], '오 `', 0.11654041173288694), ([[1802.5149287499273, 2328.0597149997093], [1864.9854675640674, 2353.7593372649617], [1857.4850712500727, 2371.9402850002907], [1795.0145324359326, 2346.2406627350383]], '5+:에5', 0.002972372361767904), ([[1858.3273272060037, 2351.1165161768104], [1891.9884140951317, 2364.7850363140396], [1884.6726727939963, 2382.8834838231896], [1851.0115859048683, 2369.2149636859604]], '예::', 0.006070554662767552), ([[1854.1535010280254, 2452.121903495286], [1899.9845024275937, 2469.69545893596], [1891.8464989719746, 2491.878096504714], [1845.0154975724063, 2475.30454106404]], '+"513}', 0.0207372578512025), ([[1832.435667352017, 2493.0812689968575], [1884.998725708695, 2510.928616938975], [1876.564332647983, 2530.9187310031425], [1825.001274291305, 2513.071383061025]], '{자', 0.0016813849213850784)]
[([[8, 6], [549, 6], [549, 92], [8, 92]], '-우`# 3158', 0.00022864636677580484), ([[327, 260], [410, 260], [410, 300], [327, 300]], '저기', 0.9999937622721186), ([[273, 300], [457, 300], [457, 342], [273, 342]], '잘 모르켓어.', 0.6268419598986635), ([[450, 383], [798, 383], [798, 431], [450, 431]], '당신이 부탁한 , 이 행동', 0.5046600333049086), ([[438, 426], [819, 426], [819, 471], [438, 471]], '어떤 의미가 있다는 거야?', 0.9942703928003219), ([[501, 636], [572, 636], [572, 673], [501, 673]], '혹시', 0.9995355733231162), ([[445, 673], [627, 673], [627, 721], [445, 721]], '속인거라면,', 0.9785313272920437), ([[667, 730], [772, 730], [772, 768], [667, 768]], '타고르', 0.9603654739870419), ([[651, 768], [792, 768], [792, 810], [651, 810]], '화)거야.', 0.14566998717187504), ([[293, 1024], [503, 1024], [503, 1072], [293, 1072]], '위원, 진정해.', 0.3201618585567253), ([[423, 1148], [688, 1148], [688, 1196], [423, 1196]], '거짓말이 아니고,', 0.9916441019284663), ([[374, 1190], [755, 1190], [755, 1241], [374, 1241]], '예열이 좀 필요하다니까.', 0.40304267693300333), ([[288, 1402], [658, 1402], [658, 1453], [288, 1453]], '네가 좋아할만한 승부름', 0.4846245494967596), ([[356, 1447], [593, 1447], [593, 1495], [356, 1495]], '가져앉다니까?', 0.3421815968147192), ([[590, 2643], [761, 2643], [761, 2745], [590, 2745]], '스옥-', 0.43697747588157654), ([[751.0758553927899, 919.1868625032284], [922.3460940656173, 899.4915779166926], [926.9241446072101, 989.8131374967716], [755.6539059343827, 1009.5084220833074]], '주', 0.31209803264866665), ([[721.3018543169903, 1358.1318676287378], [880.132432439802, 1347.8682239332759], [880.6981456830097, 1443.8681323712622], [721.867567560198, 1454.1317760667241]], '주물0', 0.2917192034824953)]
[([[692, 449], [808, 449], [808, 491], [692, 491]], '당연해.', 0.9891350269317627), ([[591, 487], [909, 487], [909, 531], [591, 531]], '타고르가 너 따위한터', 0.4840751644731351), ([[656, 532], [844, 532], [844, 574], [656, 574]], '질리가 없어.', 0.7874376927827675), ([[1007, 541], [1085, 541], [1085, 608], [1007, 608]], '원', 0.06744986406086984), ([[1736, 1853], [1830, 1853], [1830, 1893], [1736, 1893]], '그래?', 0.9999972469798912), ([[1818, 1955], [2015, 1955], [2015, 2004], [1818, 2004]], '위는 올라도,', 0.4923859052449272), ([[1805, 1998], [2031, 1998], [2031, 2047], [1805, 2047]], '아랫입 감도는', 0.5402436297828213), ([[277, 2063], [334, 2063], [334, 2132], [277, 2132]], '; ', 0.12744599958551894), ([[370, 2019], [565, 2019], [565, 2145], [370, 2145]], '절객 /', 0.08898376673460007), ([[1835, 2044], [2001, 2044], [2001, 2088], [1835, 2088]], '알기 쉽네.', 0.6391931255875227), ([[905, 2098], [1112, 2098], [1112, 2224], [905, 2224]], '팩객', 0.06283747251819534), ([[320.1004622440537, 98.10050960742919], [438.5935800653757, 184.02482253889076], [297.8995377559463, 378.8994903925708], [179.4064199346243, 292.97517746110924]], '0', 0.9901418469810075), ([[979.5244746689496, 1592.0125712431459], [1046.0233024309257, 1618.3127114743265], [972.4755253310504, 1798.9874287568541], [906.9766975690743, 1772.6872885256735]], '*', 0.3059664801544706)]
[([[595, 341], [657, 341], [657, 403], [595, 403]], '8', 0.7371350408397035), ([[318, 441], [424, 441], [424, 514], [318, 514]], '8히', 0.024598693712611103), ([[591, 571], [666, 571], [666, 635], [591, 635]], '8', 0.5422490683133994), ([[160.0058833710016, 227.5029416855008], [392.01287237070585, 107.85248047259408], [462.9941166289984, 249.4970583144992], [229.98712762929415, 369.1475195274059]], '<?', 0.004730307147830366), ([[976.548742216893, 1606.0127372390045], [1039.3343588757587, 1630.0380694917992], [972.451257783107, 1798.9872627609955], [909.6656411242413, 1774.9619305082008]], '*', 0.06232083780923858)]
[([[387, 315], [487, 315], [487, 388], [387, 388]], '앗7', 0.03430280802110529), ([[602, 345], [653, 345], [653, 383], [602, 383]], '9', 0.8845384956044313), ([[489, 380], [657, 380], [657, 424], [489, 424]], '이.이거 .', 0.3944692670423324), ([[487, 419], [671, 419], [671, 464], [487, 464]], '원가 이상해', 0.9931258267267928), ([[738, 466], [802, 466], [802, 514], [738, 514]], '웃', 0.2587674561750788), ([[593, 571], [666, 571], [666, 635], [593, 635]], '8', 0.7688475412858367), ([[168, 663], [322, 663], [322, 707], [168, 707]], '30분 후-', 0.9894546231671429), ([[1734, 891], [1856, 891], [1856, 953], [1734, 953]], '하아-', 0.3596062303833898), ([[781, 1071], [812, 1071], [812, 1095], [781, 1095]], "6'", 0.08053121217440683), ([[806, 1026], [863, 1026], [863, 1090], [806, 1090]], '8', 0.14462594815108787), ([[1631, 1987], [1993, 1987], [1993, 2038], [1631, 2038]], '아직 더 버월수있잡아?', 0.5952572083571458), ([[1838, 2104], [2029, 2104], [2029, 2152], [1838, 2152]], '금방 뻗으면', 0.9885740276296425), ([[1823, 2149], [2040, 2149], [2040, 2197], [1823, 2197]], '재미없으니까;', 0.4820595977939448), ([[1828, 2195], [2037, 2195], [2037, 2239], [1828, 2239]], '다리에 힘 쥐.', 0.8071832842631309), ([[400, 2191], [569, 2191], [569, 2306], [400, 2306]], '떨펴', 0.023324857246719285), ([[1098.3351388442811, 765.1751525681213], [1237.8599434057003, 754.8840339565797], [1238.6648611557189, 827.8248474318787], [1099.1400565942997, 838.1159660434203]], '허앗-', 0.032081484672447445), ([[661.0272121523357, 1036.1632729140142], [786.0184383919045, 1015.0722541615909], [797.9727878476643, 1119.8367270859858], [672.9815616080955, 1140.9277458384092]], '원', 0.6710663406539972), ([[974.548742216893, 1604.0127372390045], [1038.3542242714195, 1629.0559035630852], [973.451257783107, 1796.9872627609955], [909.6457757285806, 1771.9440964369148]], '*', 0.8471965503886736), ([[682.2016370719101, 2009.0953884759551], [890.0841032603475, 1989.1461416135753], [894.7983629280899, 2136.904611524045], [687.9158967396525, 2156.8538583864247]], '컬꺼/', 0.003741585029688457), ([[939.2268066532233, 2337.105175887076], [1145.3426943204338, 2322.4760398339545], [1145.7731933467767, 2450.894824112924], [939.6573056795662, 2464.5239601660455]], '\'저:"', 0.061942871659994125)]
[([[594, 342], [665, 342], [665, 397], [594, 397]], '8', 0.999547771094754), ([[694, 400], [826, 400], [826, 466], [694, 466]], '허웃', 0.8426177850120015), ([[685, 480], [801, 480], [801, 525], [685, 525]], '잠7 . ,', 0.2452208282164093), ([[1063, 482], [1180, 482], [1180, 586], [1063, 586]], '형', 0.0023336772578874676), ([[558, 1359], [611, 1359], [611, 1414], [558, 1414]], '4]', 0.10221208110415193), ([[1754, 2078], [1816, 2078], [1816, 2120], [1754, 2120]], '오?', 0.9999763135533013), ([[1805, 2149], [2062, 2149], [2062, 2197], [1805, 2197]], '뛰야; 벌써갖어?', 0.37726710864219126), ([[396, 2193], [569, 2193], [569, 2308], [396, 2308]], '엘내', 0.0005690078785868315), ([[174.26119555293775, 221.74851066116926], [388.85428113504395, 126.93702740786144], [443.73880444706225, 275.25148933883077], [229.14571886495608, 371.0629725921386]], "오'", 0.007466716093641151), ([[1125.6517508709724, 1701.0101149807253], [1175.189439511534, 1715.9179260530502], [1127.3482491290276, 1884.9898850192747], [1077.810560488466, 1871.0820739469498]], '5', 0.610822809516808), ([[939.2057467613226, 2337.107698118978], [1143.330402496983, 2323.458268661308], [1143.7942532386774, 2449.892301881022], [939.669597503017, 2464.541731338692]], '제:"', 0.019870797164599545), ([[585.7033464652314, 2560.46171262831], [771.0682689934778, 2517.140833538986], [787.2966535347686, 2618.53828737169], [602.9317310065222, 2662.859166461014]], '휴옷', 0.06039370800020536)]
[([[662, 144], [789, 144], [789, 197], [662, 197]], '타고르', 0.9228259617884444), ([[818, 143], [981, 143], [981, 203], [818, 203]], '이거9', 0.9838011559154675), ([[741, 196], [906, 196], [906, 257], [741, 257]], '이상해.', 0.3189002573490143), ([[609, 417], [657, 417], [657, 457], [609, 457]], '너', 0.9999837876023321), ([[703, 492], [900, 492], [900, 536], [703, 536]], '타고르에게', 0.6250099117589242), ([[734, 536], [901, 536], [901, 589], [734, 589]], '훨한거야.', 0.22600884080280123), ([[1297, 510], [1460, 510], [1460, 572], [1297, 572]], '하아-0', 0.4251224994659424), ([[593, 571], [659, 571], [659, 635], [593, 635]], '유', 0.07207799140534021), ([[737, 607], [833, 607], [833, 671], [737, 671]], '웃좁', 0.03146888399068287), ([[815, 677], [1054, 677], [1054, 728], [815, 728]], '몸이 . 이상해', 0.5652696194366467), ([[296, 703], [484, 703], [484, 747], [296, 747]], '아직 제대로', 0.8221469982137338), ([[250, 745], [501, 745], [501, 793], [250, 793]], '하지도않앗는데.', 0.3875524528712906), ([[578, 794], [656, 794], [656, 843], [578, 843]], '벌써', 0.9998971632384335), ([[1044, 808], [1158, 808], [1158, 869], [1044, 869]], '하', 0.09146590817053735), ([[493, 837], [742, 837], [742, 888], [493, 888]], '이렇계 젖없어?', 0.8448461170044753), ([[402, 2191], [567, 2191], [567, 2304], [402, 2304]], '빨', 0.12242770010415516), ([[1859.9426902392718, 937.070176794539], [1997.6115561484353, 958.5374377166827], [1984.0573097607282, 1027.9298232054612], [1846.3884438515647, 1007.4625622833173]], '하앗-0', 0.11809104681015015), ([[921.9484287718934, 1550.0616445610942], [987.6224225796425, 1582.9054516839522], [902.0515712281066, 1754.9383554389058], [836.3775774203575, 1722.0945483160478]], '*', 0.8665489121864631), ([[1126.6348245772967, 1703.011123067665], [1174.0004462625536, 1714.804105252651], [1134.3651754227033, 1878.988876932335], [1085.9995537374464, 1867.195894747349]], '5', 0.38472468610974886), ([[939.2057467613226, 2337.107698118978], [1143.275505275213, 2322.379560902238], [1143.7942532386774, 2449.892301881022], [940.7244947247872, 2464.620439097762]], '제:"', 0.018321590312247525)]
[([[2230, 153], [2479, 153], [2479, 225], [2230, 225]], '하는 말이', 0.567933405456121), ([[2223, 224], [2408, 224], [2408, 296], [2223, 296]], '불쾌해.', 0.7701643109321594), ([[193, 292], [309, 292], [309, 352], [193, 352]], '자아', 0.9996809632648083), ([[2383, 367], [2556, 367], [2556, 433], [2383, 433]], '타고르', 0.9376798856014482), ([[288, 419], [870, 419], [870, 491], [288, 491]], '진사람은 순순히 엉덩이름', 0.6989631369921655), ([[2318, 429], [2624, 429], [2624, 505], [2318, 505]], '지지 않앉어', 0.7141031435076921), ([[317, 487], [837, 487], [837, 554], [317, 554]], '이쪽으로 내밀어주세요.', 0.8879452902884801), ([[585, 901], [877, 901], [877, 973], [585, 973]], '뭐라는거야?', 0.3423758634917077), ([[514, 964], [902, 964], [902, 1037], [514, 1037]], '질질 싸던주제에.', 0.7700106616410114), ([[1755, 1004], [2001, 1004], [2001, 1161], [1755, 1161]], '음이', 0.03968424504721241), ([[2310, 1552], [2505, 1552], [2505, 1637], [2310, 1637]], '하아', 0.10532270764032128), ([[3558, 1630], [3759, 1630], [3759, 1715], [3558, 1715]], '핑동운', 0.002343741615491783), ([[2184.1754171438984, 2427.04163545137], [2606.0185479403685, 2382.46958272324], [2618.8245828561016, 2725.95836454863], [2196.9814520596315, 2770.53041727676]], '이', 0.033064225795730096)]
[([[439, 435], [591, 435], [591, 520], [439, 520]], '오옷_', 0.6980254737265181), ([[2093, 658], [2158, 658], [2158, 712], [2093, 712]], '새', 0.010409479638205321), ([[3886, 900], [4345, 900], [4345, 1184], [3886, 1184]], '허4/', 0.061315654528902704), ([[382, 1810], [917, 1810], [917, 2200], [382, 2200]], '씨', 0.06349009394107075), ([[2195.1394888922323, 2431.04557340154], [2582.4889789450885, 2381.7541930850516], [2601.8605111077677, 2710.95442659846], [2214.5110210549115, 2760.2458069149484]], "'1", 0.021420824135399256)]
[([[3981, 87], [4207, 87], [4207, 235], [3981, 235]], "'지워,", 0.0004482154326979071), ([[189, 292], [299, 292], [299, 352], [189, 352]], '크으', 0.9971706756957188), ([[4239, 150], [4499, 150], [4499, 395], [4239, 395]], '퍽/', 0.4429505808911748), ([[362, 419], [480, 419], [480, 491], [362, 491]], '후우.', 0.9819262221301706), ([[526, 423], [788, 423], [788, 490], [526, 490]], '진득한거화.', 0.5126359530538542), ([[249, 483], [913, 483], [913, 555], [249, 555]], '이거 완전 기대하고있엇구만?', 0.3953858405394813), ([[4221, 596], [4297, 596], [4297, 679], [4221, 679]], '앗', 0.3894117968432056), ([[4160, 676], [4355, 676], [4355, 761], [4160, 761]], '이거9', 0.9711450641933714), ([[949, 840], [1337, 840], [1337, 1088], [949, 1088]], '뜨 ', 0.0012819529222427124), ([[2238, 803], [2616, 803], [2616, 1050], [2238, 1050]], '떨나버', 0.0009528696777597841), ([[61, 947], [494, 947], [494, 1355], [61, 1355]], '퍽', 0.9479046784281877), ([[2381, 1303], [2573, 1303], [2573, 1435], [2381, 1435]], '염예', 0.003624920321189539), ([[4334, 1818], [4536, 1818], [4536, 2022], [4334, 2022]], '양"', 0.08868678319714668), ([[2857, 2106], [3131, 2106], [3131, 2270], [2857, 2270]], '하하', 0.042992632174634414), ([[3866, 2229], [4096, 2229], [4096, 2398], [3866, 2398]], '해학니', 0.021816486045384154), ([[3237.8853804785435, 52.14035358907785], [3455.3136944891203, 19.783693033751884], [3466.1146195214565, 158.85964641092215], [3248.6863055108797, 191.2163069662481]], '틈', 0.006588812039282965), ([[4121.214722167604, 836.0171376381304], [4306.93370253963, 977.4565256010974], [4211.785277832396, 1100.9828623618696], [4027.06629746037, 959.5434743989026]], '완', 0.003516258251501425), ([[2798.789594307948, 1297.305890401329], [3047.4796904729687, 1235.4562863125038], [3071.210405692052, 1382.694109598671], [2822.5203095270313, 1443.5437136874962]], '아아', 0.20305599444668165), ([[436.10505738009925, 1755.0599066055684], [848.1210710190896, 1714.162569330421], [854.8949426199007, 1972.9400933944316], [442.87892898091036, 2013.837430669579]], '절꺼%9', 0.01606574095785618), ([[1000.8573136639777, 2307.1441211134347], [1232.9004186782815, 2277.5353712209594], [1240.1426863360223, 2412.8558788865653], [1008.0995813217185, 2442.4646287790406]], '운손', 0.021041212826002527)]
[([[3957, 16], [4062, 16], [4062, 124], [3957, 124]], '%', 0.34962703260541517), ([[4155, 0], [4381, 0], [4381, 139], [4155, 139]], '때부니', 0.0007535282995291678), ([[2309, 264], [2630, 264], [2630, 331], [2309, 331]], '이것으니까 . !', 0.16164619985911968), ([[2416, 205], [2527, 205], [2527, 262], [2416, 262]], '내가', 0.9997457796753669), ([[3862, 144], [4096, 144], [4096, 283], [3862, 283]], '절색나', 0.047149232613642046), ([[4234, 130], [4501, 130], [4501, 397], [4234, 397]], '퍽', 0.9851739913597299), ([[356, 462], [887, 462], [887, 529], [356, 529]], '이런 간드러지논 소리도', 0.5527338870631527), ([[2429, 441], [2669, 441], [2669, 504], [2429, 504]], '안에 산다!', 0.7242298669871197), ([[384, 526], [596, 526], [596, 589], [384, 589]], '빨출일고.', 0.08331314512725724), ([[639, 526], [866, 526], [866, 593], [639, 593]], '의외네.. !', 0.6867742300859251), ([[1969, 577], [2183, 577], [2183, 634], [1969, 634]], '타 타고르', 0.7175900764097007), ([[2209, 572], [2269, 572], [2269, 635], [2209, 635]], '웃', 0.3055462588953475), ([[3915, 428], [4228, 428], [4228, 695], [3915, 695]], '퍽로', 0.09952800170827564), ([[2383, 725], [2737, 725], [2737, 788], [2383, 788]], '무  무슨 말인지 .', 0.48655358212247013), ([[2429, 781], [2645, 781], [2645, 844], [2429, 844]], '모르켓어 .', 0.2519394122951217), ([[4083, 762], [4396, 762], [4396, 838], [4083, 838]], '원가.9 웃9', 0.41944889385563167), ([[4118, 833], [4364, 833], [4364, 909], [4118, 909]], '나와 앗9', 0.5980915369683909), ([[56, 1261], [676, 1261], [676, 1651], [56, 1651]], '퍽-;', 0.034827222365571356), ([[4328, 1819], [4536, 1819], [4536, 2018], [4328, 2018]], '양"', 0.08895041807216947), ([[2853, 2106], [3131, 2106], [3131, 2270], [2853, 2270]], '하잇', 0.06804645229482123), ([[3862, 2229], [4103, 2229], [4103, 2398], [3862, 2398]], '해학"', 0.006605588638548794), ([[3372.0598039983574, 772.0163747528525], [3579.203310809103, 802.0591004318462], [3529.9401960016426, 1112.9836252471475], [3322.796689190897, 1082.9408995681538]], '그', 0.8670331431005707), ([[4232.322541871734, 887.0383684712617], [4312.97022314126, 941.402977685874], [4280.677458128266, 986.9616315287383], [4201.02977685874, 932.597022314126]], '그소-', 0.02405721703844459), ([[2808.920984552858, 1275.1204671545775], [3054.2009841873873, 1243.9396180848232], [3062.079015447142, 1396.8795328454225], [2817.7990158126127, 1428.0603819151768]], '아남', 0.10251880778532889)]
[([[1955, 1055], [2173, 1055], [2173, 1315], [1955, 1315]], '불다', 0.3428039761720565), ([[2257, 1166], [2347, 1166], [2347, 1366], [2257, 1366]], '불', 0.9789608940185737), ([[56, 1261], [627, 1261], [627, 1651], [56, 1651]], '퍽', 0.9899285792701882), ([[4270, 1630], [4362, 1630], [4362, 1722], [4270, 1722]], '웃', 0.33286107042285096), ([[2908, 2135], [3123, 2135], [3123, 2280], [2908, 2280]], '웃아모', 0.031161368422325923), ([[3954.991231559979, 139.13511354384514], [4175.166939189017, 114.22699647949776], [4181.0087684400205, 242.86488645615486], [3960.8330608109823, 268.77300352050224]], '부옷--', 0.038361726994017784)]
[([[3937, 7], [4071, 7], [4071, 134], [3937, 134]], '걸', 0.007534886995386236), ([[4148, 0], [4377, 0], [4377, 124], [4148, 124]], '슈', 0.011372271525958377), ([[3862, 144], [4093, 144], [4093, 280], [3862, 280]], '절펴요', 0.020535626652058585), ([[253, 292], [370, 292], [370, 359], [253, 359]], '후아', 0.944046085024302), ([[415, 454], [782, 454], [782, 530], [415, 530]], '아슬아슬햇지만.', 0.7703611456868653), ([[213, 518], [1023, 518], [1023, 594], [213, 594]], '뻗없으니까 이번에도 타고르가 패배.', 0.6257966658425204), ([[735, 725], [1057, 725], [1057, 788], [735, 788]], '타고르 보지는', 0.7047985859234573), ([[687, 783], [1122, 783], [1122, 857], [687, 857]], '약해빠져네. 후우~', 0.9296436430607498), ([[4005, 787], [4188, 787], [4188, 910], [4005, 910]], '아고', 0.01786021005285789), ([[1920, 929], [2265, 929], [2265, 1112], [1920, 1112]], '올-0', 0.6342571711415012), ([[1193, 1048], [1496, 1048], [1496, 1230], [1193, 1230]], '꽃', 0.004597342174210761), ([[4299, 1067], [4536, 1067], [4536, 1232], [4299, 1232]], '해군]', 0.01387473885849227), ([[4314, 1965], [4536, 1965], [4536, 2109], [4314, 2109]], '하약', 0.04433764368784598), ([[2938, 2177], [3181, 2177], [3181, 2336], [2938, 2336]], '하앗내', 0.057448487242421784), ([[3161.924581514492, 1108.113691781875], [3448.384818088608, 1071.8506783892274], [3457.075418485508, 1236.886308218125], [3170.615181911392, 1273.1493216107726]], '하약-내', 0.06142893806099892), ([[946.0474406941576, 2176.1368289285183], [1205.2034560145228, 2153.1388294510625], [1206.9525593058424, 2274.8631710714817], [947.7965439854773, 2297.8611705489375]], '운질어', 0.1906993231228957)]
[([[273, 363], [453, 363], [453, 403], [273, 403]], '다 다시해 .', 0.48451578342979196), ([[433, 433], [538, 433], [538, 477], [433, 477]], '하아 1', 0.10598932951688766), ([[1370, 452], [1577, 452], [1577, 501], [1370, 501]], '뛰야 크 크 크', 0.3385186397875464), ([[1535, 518], [1824, 518], [1824, 566], [1535, 566]], '또 하고 싶울정도로', 0.5729888672600597), ([[1580, 560], [1781, 560], [1781, 609], [1580, 609]], '기분 좋앉어?', 0.4502776820909673), ([[1701, 686], [1844, 686], [1844, 735], [1701, 735]], '시끄러워', 0.9865356683731079), ([[594, 810], [701, 810], [701, 865], [594, 865]], '헤;', 0.06934256409654249), ([[1259, 836], [1366, 836], [1366, 880], [1259, 880]], '더:', 0.010743490826249062), ([[1604, 1447], [1662, 1447], [1662, 1480], [1604, 1480]], '뭐~', 0.9911073451161623), ([[1653, 1513], [1809, 1513], [1809, 1555], [1653, 1555]], '나야 쫓지', 0.498933385517704), ([[657, 2488], [893, 2488], [893, 2625], [657, 2625]], '주-0', 0.243907322488304), ([[435.4816015659756, 1856.0451289260611], [502.9570516992255, 1893.4941885251326], [488.5183984340244, 1918.9548710739389], [421.0429483007745, 1881.5058114748674]], ') -', 0.10223276418620023), ([[1460.1878920427177, 2618.2079357836865], [1591.8392260781152, 2607.8497004141354], [1592.8121079572823, 2676.7920642163135], [1461.1607739218848, 2687.1502995858646]], '울종', 0.03214964575111178)]
[([[1262, 113], [1318, 113], [1318, 163], [1262, 163]], '웃', 0.3215327689866889), ([[1335, 118], [1375, 118], [1375, 160], [1335, 160]], '9', 0.9936062106953081), ([[1157, 162], [1392, 162], [1392, 217], [1157, 217]], '다시.. 들어와', 0.3840024152810796), ([[1405, 170], [1443, 170], [1443, 207], [1405, 207]], '9', 0.33589578329475955), ([[192, 273], [296, 273], [296, 350], [192, 350]], '웃0', 0.07890076215996797), ([[244, 327], [275, 327], [275, 345], [244, 345]], '006', 0.387024362875824), ([[442, 440], [549, 440], [549, 484], [442, 484]], '하아 ', 0.7284930441759728), ([[1416, 431], [1497, 431], [1497, 475], [1416, 475]], '잠깐.', 0.9755970199795623), ([[1450, 476], [1524, 476], [1524, 513], [1450, 513]], '아9', 0.37987580347703565), ([[605, 824], [715, 824], [715, 881], [605, 881]], ');0', 0.0011577090734324173), ([[1279, 847], [1391, 847], [1391, 898], [1279, 898]], '라사', 0.033509921842383404), ([[1472, 1523], [1792, 1523], [1792, 1576], [1472, 1576]], '좋아하는거 같으니', 0.7104187698860577), ([[1485, 1573], [1772, 1573], [1772, 1624], [1485, 1624]], '찬찬히 맛보라구', 0.8894754130622158), ([[1180, 2237], [1385, 2237], [1385, 2370], [1180, 2370]], '객-', 0.05770203299426472), ([[733, 2322], [920, 2322], [920, 2430], [733, 2430]], '절적-', 0.5613211743722363), ([[1641.8853729282278, 459.0893121550115], [1746.614902514082, 476.71022605281786], [1735.1146270717722, 534.9106878449885], [1629.385097485918, 517.2897739471822]], '히웃요', 0.008630918656285973)]
[([[1348, 815], [1457, 815], [1457, 870], [1348, 870]], '웃아', 0.026395713782123412), ([[1491, 1381], [1604, 1381], [1604, 1455], [1491, 1455]], '월}', 0.01712771135877912), ([[1244, 2463], [1899, 2463], [1899, 2880], [1244, 2880]], "4육'", 0.1543962632589539), ([[594.3155250617765, 717.4096801976847], [703.6135855387331, 684.9652535653851], [722.6844749382235, 766.5903198023153], [613.3864144612669, 798.0347464346149]], '웃0', 0.5218055494059901), ([[701.493376548387, 2483.210921635483], [887.714640114204, 2444.5025485367596], [904.506623451613, 2571.789078364517], [718.285359885796, 2610.4974514632404]], '질로 ', 0.0524655479537443)]
[([[1185, 35], [1317, 35], [1317, 79], [1185, 79]], '이거엇9', 0.8687272667884827), ([[1130, 79], [1376, 79], [1376, 127], [1130, 127]], '너무 좋아 양9', 0.49274089732993187), ([[1473, 55], [1634, 55], [1634, 176], [1473, 176]], "'하아도", 0.08681923151016235), ([[335, 227], [377, 227], [377, 260], [335, 260]], '또', 0.9998732845396638), ([[316, 264], [421, 264], [421, 306], [316, 306]], '원가 이', 0.13802070915699005), ([[482, 297], [654, 297], [654, 346], [482, 346]], '느낌이 웃', 0.5552103198969337), ([[505, 343], [612, 343], [612, 385], [505, 385]], '이상해', 0.999676320620024), ([[1432, 325], [1672, 325], [1672, 446], [1432, 446]], '통앗', 0.18467968103125387), ([[332, 451], [462, 451], [462, 493], [332, 493]], '그럴때는', 0.8820884227752686), ([[273, 491], [514, 491], [514, 535], [273, 535]], '간다고 하느거야', 0.9676426609404756), ([[459, 552], [541, 552], [541, 627], [459, 627]], '잇', 0.38186547124618997), ([[535, 658], [743, 658], [743, 793], [535, 793]], '{갑가%', 0.10541167110204697), ([[1338, 769], [1458, 769], [1458, 830], [1338, 830]], '히하', 0.03543537867615511), ([[597, 853], [712, 853], [712, 928], [597, 928]], '해사', 0.01590580237215618), ([[720, 1024], [915, 1024], [915, 1187], [720, 1187]], "'6", 0.021620187154060753), ([[331, 1461], [417, 1461], [417, 1536], [331, 1536]], '초평', 0.061828329000527794), ([[153, 2111], [469, 2111], [469, 2404], [153, 2404]], '평1', 0.17531446126472666), ([[1387, 2483], [1607, 2483], [1607, 2604], [1387, 2604]], '잘렉', 0.13729079707778208), ([[1633, 2490], [2002, 2490], [2002, 2819], [1633, 2819]], '평 |', 0.16002619405553298), ([[1539.339708793418, 164.07268024496477], [1712.9285708879784, 149.07692365910032], [1718.660291206582, 315.9273197550352], [1544.0714291120216, 330.9230763408997]], '양', 0.9928471663131546), ([[561.4507503574476, 2504.2340519302174], [749.2663705001403, 2465.481510794572], [765.5492496425524, 2585.7659480697826], [577.7336294998597, 2624.518489205428]], '저례니', 0.016523941284686976)]
[([[1893, 284], [2026, 284], [2026, 381], [1893, 381]], '내앗', 0.06769463687879723), ([[178, 516], [316, 516], [316, 615], [178, 615]], '웃배', 0.0949106217893976), ([[978, 1536], [1068, 1536], [1068, 1757], [978, 1757]], '불', 0.999224455578517), ([[1103, 1598], [1153, 1598], [1153, 1709], [1103, 1709]], '봇', 0.09978094671956317), ([[1327, 1645], [1354, 1645], [1354, 1673], [1327, 1673]], '~', 0.3059863283287001), ([[1250, 1621], [1337, 1621], [1337, 1801], [1250, 1801]], '불', 0.9892733814640451), ([[1339, 2334], [1481, 2334], [1481, 2431], [1339, 2431]], '@%-', 0.009438485134296506), ([[599, 2370], [788, 2370], [788, 2505], [599, 2505]], '뒤료비!', 0.002105365041643381), ([[1476.6632739123586, 52.25105999684919], [1628.2288210221259, 23.70023941585614], [1639.3367260876414, 119.7489400031508], [1487.7711789778741, 148.29976058414385]], '";', 0.3843960673969019)]
[([[179, 444], [252, 444], [252, 484], [179, 484]], '어때', 0.9999662826876826), ([[1555, 488], [1639, 488], [1639, 541], [1555, 541]], '웃 즐', 0.054407322704200546), ([[226, 512], [356, 512], [356, 554], [226, 554]], '이번에도', 0.9964093565940857), ([[1359, 522], [1368, 522], [1368, 555], [1359, 555]], '@', 0.17747234085823038), ([[246, 552], [336, 552], [336, 594], [246, 594]], '젓어?', 0.5827315055581689), ([[566, 537], [711, 537], [711, 617], [566, 617]], '하아다', 0.018248985796220467), ([[1648, 557], [1751, 557], [1751, 597], [1648, 597]], '타고르', 0.9563721824404663), ([[1662, 597], [1796, 597], [1796, 642], [1662, 642]], '젊어"', 0.1252535274514758), ([[1297, 820], [1373, 820], [1373, 864], [1297, 864]], '해아트', 0.08504068947958483), ([[660, 863], [729, 863], [729, 907], [660, 907]], '하맛', 0.09770730477622333), ([[171, 1767], [267, 1767], [267, 1846], [171, 1846]], '원리', 0.07635571998402768), ([[1586, 1777], [1678, 1777], [1678, 1865], [1586, 1865]], '월', 0.0629092576225645), ([[1251, 2554], [1556, 2554], [1556, 2719], [1251, 2719]], '주버', 0.0996334924348311)]
[([[1756, 170], [1925, 170], [1925, 246], [1756, 246]], '아..9', 0.28072962164878845), ([[311, 544], [823, 544], [823, 616], [311, 616]], '그럼 내가 이켜으니까,', 0.5283234290453983), ([[304, 611], [840, 611], [840, 683], [304, 683]], '맘대로 해도 되는거네?', 0.5693949281155091), ([[736, 886], [881, 886], [881, 958], [736, 958]], '응요', 0.11461026541005054), ([[2158, 1076], [2330, 1076], [2330, 1179], [2158, 1179]], '하아7', 0.4757608273939879), ([[3241, 1374], [3513, 1374], [3513, 1548], [3241, 1548]], '저너%', 0.041320719399828676), ([[486, 2555], [1098, 2555], [1098, 2844], [486, 2844]], '_학_', 0.010015273882077865), ([[600.9973506193547, 815.0843686541932], [703.6751877916851, 831.0526316401081], [694.0026493806453, 885.9156313458068], [590.3248122083149, 869.9473683598919]], '아', 0.9936179746604381), ([[1043.1115260634988, 1200.1799355301935], [1217.613659033838, 1184.920149800557], [1219.8884739365012, 1271.8200644698065], [1044.386340966162, 1287.079850199443]], '하아내', 0.27204608903009964)]
[([[879, 334], [1116, 334], [1116, 451], [879, 451]], '자장깐', 0.10785568728737188), ([[248, 425], [368, 425], [368, 485], [248, 485]], '자아', 0.9994926739382585), ([[371, 544], [760, 544], [760, 616], [371, 616]], '잘 기억해두라구.', 0.9582060148183105), ([[2230, 548], [2408, 548], [2408, 663], [2230, 663]], "'하웃", 0.29957945729386887), ([[287, 611], [857, 611], [857, 683], [287, 683]], '그래야 다음번엔 이기지!', 0.8642610936062836), ([[2205, 676], [2433, 676], [2433, 813], [2205, 813]], "'학자", 0.12944361012558794), ([[2754, 688], [2778, 688], [2778, 749], [2754, 749]], '{', 0.12796258742925204), ([[2158, 1076], [2327, 1076], [2327, 1179], [2158, 1179]], '하라 ', 0.03782699263668642), ([[3319, 1056], [3606, 1056], [3606, 1236], [3319, 1236]], '7,', 0.010917315020473191), ([[4, 1169], [596, 1169], [596, 1677], [4, 1677]], "퍽'", 0.2554637084531994), ([[2210, 1337], [2489, 1337], [2489, 1541], [2210, 1541]], '*적버', 0.000653142172324013), ([[3632, 1053], [4150, 1053], [4150, 1480], [3632, 1480]], '퍽 ', 0.11193962669928571), ([[3212, 1529], [3553, 1529], [3553, 1730], [3212, 1730]], '플렉', 0.2947084213096126), ([[3972, 1686], [4084, 1686], [4084, 1834], [3972, 1834]], '새', 0.6045148289746436), ([[3769, 1813], [4094, 1813], [4094, 2041], [3769, 2041]], '월로', 0.2162532043675744), ([[484, 2556], [1084, 2556], [1084, 2839], [484, 2839]], '세학_', 0.004704231510065153), ([[1043.0388386486181, 1200.1941932430907], [1217.6858557238168, 1185.044607952438], [1219.9611613513819, 1269.8058067569093], [1044.3141442761832, 1283.955392047562]], '하야 ;', 0.06714478880167007), ([[392.1732535777604, 2152.0696218686617], [785.7943191592032, 2128.0168330269], [782.8267464222396, 2330.9303781313383], [390.20568084079684, 2355.9831669731]], '원7', 0.00989783980217894)]
[([[245, 425], [362, 425], [362, 485], [245, 485]], "'", 0.08329508495159477), ([[1363, 247], [1697, 247], [1697, 482], [1363, 482]], '+옛', 0.003120923206260391), ([[3601, 314], [3994, 314], [3994, 538], [3601, 538]], '허대', 0.04392047831797558), ([[424, 517], [606, 517], [606, 596], [424, 596]], '좋아!?', 0.5686412801458941), ([[614, 644], [817, 644], [817, 720], [614, 720]], '중나고!', 0.28705012798309326), ([[3801, 540], [4141, 540], [4141, 784], [3801, 784]], '강', 0.14217134148089006), ([[607, 944], [871, 944], [871, 1020], [607, 1020]], '타고르 . 웃', 0.515058683828532), ([[638, 1008], [883, 1008], [883, 1080], [638, 1080]], '좋아 앗0', 0.30316429427328206), ([[3312, 1047], [3619, 1047], [3619, 1259], [3312, 1259]], '찢커', 0.003375771342663954), ([[846, 1279], [1096, 1279], [1096, 1343], [846, 1343]], '임신해라 . !', 0.334156307409903), ([[866, 1219], [1059, 1219], [1059, 1283], [866, 1283]], '확실하게', 0.978449181517014), ([[3619, 1004], [4181, 1004], [4181, 1497], [3619, 1497]], '퍽', 0.9935647403030003), ([[0, 1167], [581, 1167], [581, 1663], [0, 1663]], '퍽', 0.9971165015802086), ([[3569, 1884], [3669, 1884], [3669, 2010], [3569, 2010]], '@', 0.00916843139071788), ([[1240.4098478935136, 133.13453977773057], [1644.1322612265658, 64.17798738681827], [1663.5901521064864, 278.86546022226946], [1258.8677387734342, 347.8220126131817]], '%>', 0.031564637771141775), ([[2052.954565426586, 805.0911327777674], [2304.9017309442656, 762.3826911632424], [2324.045434573414, 962.9088672222326], [2073.0982690557344, 1004.6173088367576]], '돌약', 0.01832093180198657), ([[3709.6940025901713, 1816.625215022993], [4064.365871896122, 1617.839198453318], [4212.305997409829, 1959.374784977007], [3857.634128103878, 2158.160801546682]], '월', 0.9628173829668221), ([[394.1012087760451, 2155.075230578168], [784.6833821961878, 2126.826352193101], [783.898791223955, 2328.924769421832], [393.31661780381216, 2357.173647806899]], '흉내', 0.04136330394330295)]
[([[1691, 0], [2293, 0], [2293, 231], [1691, 231]], '가야 5', 0.15997132658958435), ([[3266, 302], [3582, 302], [3582, 518], [3266, 518]], '패앗', 0.37838982425403883), ([[4006, 394], [4250, 394], [4250, 626], [4006, 626]], '버략', 0.008131026478280207), ([[3646, 1150], [4022, 1150], [4022, 1486], [3646, 1486]], '부', 0.45277261989329887), ([[3535, 1596], [3833, 1596], [3833, 1831], [3535, 1831]], '떼', 0.030738162882002706), ([[2378.2275612533235, 1495.0085247755594], [2580.4742112104927, 1352.0032126656197], [3003.7724387466765, 2017.9914752244406], [2802.5257887895073, 2159.9967873343803]], '#', 0.11075278581451276)]
[([[327, 260], [410, 260], [410, 300], [327, 300]], '저기.', 0.5545322898197689), ([[273, 300], [457, 300], [457, 342], [273, 342]], '잘 모르켓어.', 0.666239385551418), ([[450, 383], [798, 383], [798, 431], [450, 431]], '당신이 부탁한 , 이 행동.', 0.5553226011272864), ([[438, 426], [819, 426], [819, 471], [438, 471]], '어떤 의미가 있다는 거야?', 0.8688823122716465), ([[501, 636], [572, 636], [572, 673], [501, 673]], '혹시', 0.9995286621873458), ([[444, 674], [615, 674], [615, 718], [444, 718]], '속인거라면', 0.9994761399421486), ([[667, 730], [772, 730], [772, 768], [667, 768]], '타고르', 0.9692925049498685), ([[651, 768], [797, 768], [797, 810], [651, 810]], '화)거야.', 0.16760752079707622), ([[293, 1024], [503, 1024], [503, 1072], [293, 1072]], '위원, 진정해.', 0.2732631590624997), ([[423, 1148], [688, 1148], [688, 1196], [423, 1196]], '거짓말이 아니고,', 0.9899559082589542), ([[374, 1189], [755, 1189], [755, 1241], [374, 1241]], '예열이 좀 필요하다니까.', 0.417694182686378), ([[288, 1402], [658, 1402], [658, 1453], [288, 1453]], '네가 좋아할만한 승부름', 0.4642649507298797), ([[356, 1447], [593, 1447], [593, 1495], [356, 1495]], '가져앉다니까?', 0.368198245369865), ([[590, 2643], [757, 2643], [757, 2747], [590, 2747]], '스옥-', 0.5921577992828969), ([[749.9226786698487, 918.1979290832129], [925.1895879046833, 898.954218483761], [930.0773213301513, 991.8020709167871], [754.8104120953167, 1011.045781516239]], '주내', 0.06604785160750402), ([[721.3018543169903, 1358.1318676287378], [880.132432439802, 1347.8682239332759], [880.6981456830097, 1443.8681323712622], [721.867567560198, 1454.1317760667241]], '주물0', 0.4642678103883542)]
[([[692, 449], [808, 449], [808, 491], [692, 491]], '당연해.', 0.9875147938728333), ([[591, 489], [909, 489], [909, 531], [591, 531]], '타고르가 너 따위한데', 0.5597948531260868), ([[656, 532], [844, 532], [844, 574], [656, 574]], '질리가 없어.', 0.7903900582244873), ([[1007, 541], [1085, 541], [1085, 608], [1007, 608]], '원', 0.08368255477544384), ([[1933, 1546], [1968, 1546], [1968, 1579], [1933, 1579]], '사', 0.06447327216108878), ([[1736, 1853], [1830, 1853], [1830, 1893], [1736, 1893]], '그래?', 0.8975861072540283), ([[1818, 1955], [2015, 1955], [2015, 2004], [1818, 2004]], '위는 올라도,', 0.7262892667488452), ([[1805, 1998], [2031, 1998], [2031, 2047], [1805, 2047]], '아랫입 감도는', 0.5407757137523252), ([[277, 2061], [334, 2061], [334, 2132], [277, 2132]], '0 ', 0.3343209555460128), ([[366, 2013], [569, 2013], [569, 2147], [366, 2147]], '절천 /', 0.026424102275349002), ([[1835, 2044], [2003, 2044], [2003, 2088], [1835, 2088]], '알기 쉽네.', 0.9170582319512639), ([[905, 2100], [1114, 2100], [1114, 2224], [905, 2224]], '팩_', 0.03418565718446819), ([[172.8229299945399, 221.49273898744178], [386.0668324591695, 130.07824124846502], [438.1770700054601, 277.5072610125582], [224.93316754083048, 368.921758751535]], '오:', 0.04917825346525327)]
[([[1637, 13], [2189, 13], [2189, 97], [1637, 97]], '박신불]홍%굉', 4.31986615515833e-07), ([[595, 341], [657, 341], [657, 403], [595, 403]], '8', 0.968598018845114), ([[591, 571], [666, 571], [666, 635], [591, 635]], '8', 0.560577071841081), ([[184.37559303534863, 200.20379542623127], [388.5732865869589, 151.54772962162653], [411.62440696465137, 297.7962045737687], [207.4267134130411, 346.4522703783735]], '6', 0.7004430065837006)]
[([[388, 316], [486, 316], [486, 385], [388, 385]], '아버', 0.00686773128911824), ([[602, 345], [653, 345], [653, 381], [602, 381]], '9)', 0.39117454817385133), ([[490, 380], [657, 380], [657, 424], [490, 424]], '이..이거 .', 0.20184817781547643), ([[487, 420], [702, 420], [702, 464], [487, 464]], '원가 이상해.. .', 0.39872459678049454), ([[741, 469], [801, 469], [801, 513], [741, 513]], '웃  ', 0.17801576817489725), ([[591, 571], [666, 571], [666, 635], [591, 635]], '8', 0.7997868536051591), ([[168, 663], [322, 663], [322, 707], [168, 707]], '30분 후-', 0.9954010190776084), ([[1736, 892], [1856, 892], [1856, 953], [1736, 953]], '하아-', 0.9095681929440962), ([[781, 1069], [812, 1069], [812, 1095], [781, 1095]], '69', 0.13687636129746122), ([[806, 1026], [863, 1026], [863, 1093], [806, 1093]], '8', 0.5697062466990701), ([[1932, 1542], [1971, 1542], [1971, 1580], [1932, 1580]], '쇼', 0.11767872442669614), ([[1631, 1987], [1993, 1987], [1993, 2038], [1631, 2038]], '아직 더 버월수있잡아?', 0.5877730870729555), ([[1838, 2104], [2029, 2104], [2029, 2152], [1838, 2152]], '금방 뻗으면', 0.9870500393220972), ([[1823, 2149], [2040, 2149], [2040, 2197], [1823, 2197]], '재미없으니까,', 0.531693673292648), ([[1826, 2195], [2039, 2195], [2039, 2239], [1826, 2239]], '다리에 힘 쥐.', 0.7256071482489754), ([[400, 2191], [569, 2191], [569, 2306], [400, 2306]], '떨펴', 0.025874333794843565), ([[1098.3351388442811, 765.1751525681213], [1237.8599434057003, 754.8840339565797], [1238.6648611557189, 827.8248474318787], [1099.1400565942997, 838.1159660434203]], '허앗-', 0.016225363700779403), ([[661.0586996752022, 1036.1580680187335], [785.9774694476483, 1015.0356271155291], [797.9413003247978, 1120.8419319812665], [673.0225305523517, 1141.9643728844708]], '원', 0.16240633141040295), ([[682.1629939269369, 2010.0995441278192], [890.0111554603933, 1988.0588010901238], [895.8370060730631, 2135.900455872181], [687.9888445396067, 2157.941198909876]], '퍼퍽 ', 0.022580394507959546), ([[939.2268066532233, 2337.105175887076], [1143.275505275213, 2322.379560902238], [1143.7731933467767, 2450.894824112924], [940.7244947247872, 2464.620439097762]], '\'제:"', 0.05561549589037895)]
[([[594, 342], [667, 342], [667, 397], [594, 397]], '8', 0.9992033638291673), ([[694, 400], [826, 400], [826, 466], [694, 466]], '허웃', 0.8536707150091767), ([[685, 480], [801, 480], [801, 525], [685, 525]], '잠7 , ,', 0.34438242222439425), ([[560, 1359], [609, 1359], [609, 1414], [560, 1414]], '4]', 0.5562048292950748), ([[1754, 2078], [1816, 2078], [1816, 2120], [1754, 2120]], '오?', 0.9999720989002917), ([[1805, 2149], [2062, 2149], [2062, 2197], [1805, 2197]], '뛰야; 벌써갖어?', 0.3413949645711426), ([[396, 2193], [569, 2193], [569, 2310], [396, 2310]], '립격', 0.0061493779761578925), ([[318.3857032666069, 90.06870194475411], [447.7599131005112, 185.2482974989792], [299.6142967333931, 385.93129805524586], [170.2400868994888, 290.7517025010208]], '0', 0.990817267165994), ([[939.2846279919629, 2339.1054867349], [1142.4571382568654, 2322.954256842089], [1144.715372008037, 2447.8945132651], [941.5428617431346, 2464.045743157911]], '제:"', 0.03596155792170485), ([[585.8690916982868, 2560.4156392836608], [770.0121608811526, 2517.0765565407314], [787.1309083017132, 2620.5843607163392], [602.9878391188474, 2663.9234434592686]], '휴옷', 0.05858470099745458)]
[([[662, 144], [789, 144], [789, 197], [662, 197]], '타고르', 0.8978786860426305), ([[818, 143], [981, 143], [981, 203], [818, 203]], '이거9', 0.9820992411738311), ([[741, 196], [906, 196], [906, 257], [741, 257]], '이상해_', 0.293592244386673), ([[609, 417], [657, 417], [657, 457], [609, 457]], '너', 0.9999834299773944), ([[703, 492], [900, 492], [900, 536], [703, 536]], '타고르에게', 0.6462119086598104), ([[733, 534], [902, 534], [902, 590], [733, 590]], '월한거야.', 0.42801787612396214), ([[1297, 510], [1460, 510], [1460, 572], [1297, 572]], '하아-0', 0.47159624099731445), ([[593, 571], [659, 571], [659, 635], [593, 635]], '유', 0.057296486148443515), ([[737, 607], [835, 607], [835, 673], [737, 673]], '웃내', 0.04611845045132492), ([[815, 677], [1054, 677], [1054, 728], [815, 728]], '몸이 . 이상해', 0.5320307033248808), ([[296, 703], [484, 703], [484, 747], [296, 747]], '아직 제대로', 0.8186229066240084), ([[250, 745], [501, 745], [501, 793], [250, 793]], '하지도않앗는데.', 0.3615463972960744), ([[578, 794], [656, 794], [656, 843], [578, 843]], '벌써', 0.9999054237819103), ([[1044, 808], [1158, 808], [1158, 869], [1044, 869]], '하', 0.09146118530681235), ([[493, 835], [742, 835], [742, 888], [493, 888]], '이렇계 젖없어?', 0.6141889718063237), ([[402, 2193], [567, 2193], [567, 2304], [402, 2304]], '빨펴', 0.07081712184533308), ([[1858.9286568319887, 938.0720605567174], [1997.5782482600696, 957.4367689708588], [1985.0713431680113, 1027.9279394432826], [1846.4217517399304, 1008.5632310291412]], '하앗-0', 0.04677308723330498), ([[940.2268066532233, 2337.105175887076], [1144.3526140151534, 2323.4904214562275], [1144.7731933467767, 2450.894824112924], [939.6473859848464, 2464.5095785437725]], '제:"', 0.021698736085961408)]
[([[2230, 153], [2479, 153], [2479, 225], [2230, 225]], '하는 말이', 0.615354243468011), ([[2223, 224], [2405, 224], [2405, 296], [2223, 296]], '불쾌해', 0.7297844754057419), ([[193, 292], [309, 292], [309, 352], [193, 352]], '자아', 0.9996809632648083), ([[2387, 367], [2560, 367], [2560, 430], [2387, 430]], '타고르', 0.9664461806680588), ([[288, 419], [870, 419], [870, 491], [288, 491]], '진사람은 순순히 엉덩이름', 0.7561200515681952), ([[2318, 429], [2628, 429], [2628, 505], [2318, 505]], '지지 않앉어.', 0.774971378632823), ([[316, 483], [838, 483], [838, 555], [316, 555]], '이쪽으로 내밀어주세요.', 0.7019005149889138), ([[585, 901], [877, 901], [877, 973], [585, 973]], '뭐라는거야?', 0.5763162065898351), ([[514, 964], [902, 964], [902, 1037], [514, 1037]], '질질 싸던주제에.', 0.7878455861758652), ([[1756, 1005], [1996, 1005], [1996, 1156], [1756, 1156]], '운이', 0.2090484888558273), ([[2310, 1552], [2505, 1552], [2505, 1637], [2310, 1637]], '아아', 0.06960793151269859), ([[3558, 1630], [3759, 1630], [3759, 1715], [3558, 1715]], '히동운', 0.0016240179725067942)]
[([[439, 435], [591, 435], [591, 520], [439, 520]], '오옷_', 0.6980254737265181), ([[2093, 658], [2158, 658], [2158, 712], [2093, 712]], '새', 0.010409479638205321), ([[3887, 900], [4345, 900], [4345, 1185], [3887, 1185]], ':4?', 0.020674489001396526), ([[379, 1810], [914, 1810], [914, 2200], [379, 2200]], '씨', 0.07366658494450817)]
[([[3981, 87], [4207, 87], [4207, 235], [3981, 235]], "'지워,", 0.00043798028491437435), ([[189, 292], [299, 292], [299, 352], [189, 352]], '크으', 0.9978976044440421), ([[4239, 150], [4499, 150], [4499, 395], [4239, 395]], '퍽/', 0.37409340381722184), ([[362, 419], [480, 419], [480, 491], [362, 491]], '후우.', 0.9757502011127327), ([[526, 423], [788, 423], [788, 490], [526, 490]], '진득한거화.', 0.4956742502835873), ([[249, 483], [913, 483], [913, 555], [249, 555]], '이거 완전 기대하고있없구만?', 0.4198463082757144), ([[4221, 596], [4297, 596], [4297, 679], [4221, 679]], '앗', 0.3453577433954571), ([[4160, 676], [4355, 676], [4355, 761], [4160, 761]], '이거9', 0.9761773828942192), ([[955, 845], [1330, 845], [1330, 1082], [955, 1082]], '뜨-', 0.013195660594133725), ([[2238, 803], [2616, 803], [2616, 1050], [2238, 1050]], '떨나버', 0.0013093033352784495), ([[61, 947], [494, 947], [494, 1359], [61, 1359]], '퍽', 0.9697638527118357), ([[2381, 1303], [2573, 1303], [2573, 1435], [2381, 1435]], '과예', 0.002417980318712062), ([[4339, 1826], [4536, 1826], [4536, 2018], [4339, 2018]], '상', 0.0361322878879522), ([[2860, 2113], [3127, 2113], [3127, 2270], [2860, 2270]], '하앗', 0.016243810359668723), ([[3866, 2229], [4096, 2229], [4096, 2398], [3866, 2398]], '해학"', 0.027519829588362105), ([[3237.8853804785435, 52.14035358907785], [3455.3136944891203, 19.783693033751884], [3466.1146195214565, 158.85964641092215], [3248.6863055108797, 191.2163069662481]], '떠', 0.007025029321114984), ([[4120.178258800031, 832.0177782807103], [4309.977796525558, 972.0817195229569], [4212.821741199969, 1100.9822217192898], [4024.022203474442, 961.9182804770431]], ')', 0.098362888793738), ([[2801.978441701598, 1297.2878968483096], [3050.2323571644124, 1242.686443959417], [3070.021558298402, 1380.7121031516904], [2821.7676428355876, 1435.313556040583]], '의남', 0.009718429260464031), ([[438.12865141534456, 1755.0584226455132], [850.4165859856961, 1718.5692705602114], [853.8713485846554, 1974.9415773544868], [441.58341401430397, 2010.4307294397886]], '하9', 0.17735536756194492), ([[999.8573136639777, 2307.1441211134347], [1230.8546028709102, 2277.4732384814574], [1239.1426863360223, 2412.8558788865653], [1008.1453971290897, 2442.5267615185426]], '운손0', 0.004527376986253223)]
[([[3957, 16], [4062, 16], [4062, 124], [3957, 124]], '%', 0.3542600625758361), ([[4155, 0], [4384, 0], [4384, 139], [4155, 139]], '제부니', 0.0012438618025435702), ([[2309, 264], [2630, 264], [2630, 331], [2309, 331]], '이것으니까 . !', 0.1795224187811685), ([[2415, 204], [2528, 204], [2528, 267], [2415, 267]], '내가', 0.9999002820127035), ([[3865, 144], [4096, 144], [4096, 283], [3865, 283]], '절내나', 0.06006703808095853), ([[4234, 133], [4501, 133], [4501, 397], [4234, 397]], '퍽', 0.9767310496120594), ([[356, 462], [887, 462], [887, 529], [356, 529]], '이런 간드러지논 소리도', 0.5629305630440987), ([[2429, 441], [2669, 441], [2669, 504], [2429, 504]], '안에 산다!', 0.7763060534583798), ([[384, 526], [596, 526], [596, 589], [384, 589]], '빨출일고.', 0.07673870434490818), ([[639, 526], [866, 526], [866, 593], [639, 593]], '의외네.. !', 0.6667642577941639), ([[1969, 577], [2183, 577], [2183, 634], [1969, 634]], '타 타고르', 0.9787965945925441), ([[2209, 572], [2269, 572], [2269, 635], [2209, 635]], '웃', 0.2774273522167192), ([[3915, 428], [4231, 428], [4231, 698], [3915, 698]], '퍽', 0.9828850761432619), ([[2383, 725], [2740, 725], [2740, 788], [2383, 788]], '무  무슨 말인지 .', 0.6713722087802318), ([[2429, 781], [2645, 781], [2645, 844], [2429, 844]], '모르켓어 .', 0.28592238399679104), ([[4083, 762], [4400, 762], [4400, 838], [4083, 838]], '원가.@ 웃9', 0.2946195941606047), ([[4118, 833], [4364, 833], [4364, 909], [4118, 909]], '나와 앗9', 0.4156656956509691), ([[3333, 781], [3566, 781], [3566, 1092], [3333, 1092]], '그', 0.03743712247427666), ([[56, 1261], [676, 1261], [676, 1651], [56, 1651]], '퍽-;', 0.04043677864789097), ([[4328, 1819], [4536, 1819], [4536, 2018], [4328, 2018]], '양"', 0.06878774191285851), ([[2860, 2113], [3127, 2113], [3127, 2270], [2860, 2270]], '하앗', 0.01782767307627399), ([[3862, 2229], [4099, 2229], [4099, 2398], [3862, 2398]], '해학"', 0.01917937091275188), ([[4233.33005832891, 887.037519127298], [4311.956402692203, 942.2780117948846], [4279.66994167109, 987.962480872702], [4201.043597307797, 931.7219882051154]], '그소-', 0.03080983460514409), ([[2804.557061216753, 1282.166546882297], [3047.4196601408257, 1236.0036371468377], [3065.442938783247, 1390.833453117703], [2822.5803398591743, 1436.9963628531623]], '아남', 0.06024155562029559)]
[([[1955, 1055], [2173, 1055], [2173, 1318], [1955, 1318]], '불다', 0.07017050376075128), ([[2256, 1166], [2347, 1166], [2347, 1363], [2256, 1363]], '불', 0.9325218671779432), ([[56, 1261], [634, 1261], [634, 1651], [56, 1651]], '퍽', 0.9937931352674809), ([[2747, 1400], [2826, 1400], [2826, 1515], [2747, 1515]], '1', 0.009414392716650122), ([[4270, 1630], [4362, 1630], [4362, 1722], [4270, 1722]], '웃', 0.32411999495611), ([[2859, 2122], [3160, 2122], [3160, 2296], [2859, 2296]], '옷사', 0.05906235557148188), ([[4192, 2254], [4259, 2254], [4259, 2299], [4192, 2299]], '도', 0.10099955844339448), ([[3951.991231559979, 139.13511354384514], [4178.244068175573, 113.3349671372864], [4184.0087684400205, 242.86488645615486], [3958.7559318244266, 268.6650328627136]], '부옷-히', 0.03604431450366974)]
[([[3937, 7], [4078, 7], [4078, 134], [3937, 134]], '걸', 0.006901634190788153), ([[4148, 0], [4378, 0], [4378, 124], [4148, 124]], '슈', 0.02774169061511267), ([[3862, 144], [4093, 144], [4093, 283], [3862, 283]], '절색요', 0.03699415789389318), ([[253, 292], [370, 292], [370, 359], [253, 359]], '후아', 0.9532575777706194), ([[415, 454], [782, 454], [782, 530], [415, 530]], '아슬아슬햇지만.', 0.7179803361387548), ([[213, 518], [1023, 518], [1023, 594], [213, 594]], '뻗없으니까 이번에도 타고르가 패배.', 0.6653579469466541), ([[735, 725], [1057, 725], [1057, 788], [735, 788]], '타고르 보지는', 0.7176315775843288), ([[687, 783], [1122, 783], [1122, 858], [687, 858]], '약해빠져네. 후우~', 0.8819467934775735), ([[4005, 787], [4188, 787], [4188, 910], [4005, 910]], '아고', 0.01508546077693569), ([[1920, 929], [2265, 929], [2265, 1114], [1920, 1114]], '올-0', 0.36471509820837117), ([[1193, 1048], [1499, 1048], [1499, 1230], [1193, 1230]], '액렉', 0.0009559438998103084), ([[4296, 1071], [4536, 1071], [4536, 1228], [4296, 1228]], '해군', 0.008235441179462212), ([[4315, 1966], [4532, 1966], [4532, 2105], [4315, 2105]], '하악7', 0.2287125331089107), ([[2938, 2181], [3184, 2181], [3184, 2339], [2938, 2339]], '하앗내', 0.06817223498001097), ([[3222, 2624], [4027, 2624], [4027, 2741], [3222, 2741]], "'", 0.5309422502453032), ([[3162.9468755654, 1107.1112552016803], [3448.3929992257094, 1071.8619761700152], [3456.0531244346, 1236.8887447983197], [3171.6070007742906, 1272.1380238299848]], '하싹-내', 0.07156164199113846), ([[943.0201010126776, 2177.1407070887435], [1205.2062167499416, 2153.143742080884], [1206.9798989873223, 2274.8592929112565], [945.7937832500584, 2298.856257919116]], '운질0', 0.027694449268032943)]
[([[273, 363], [453, 363], [453, 403], [273, 403]], '다 다시해 .', 0.3441548844082908), ([[433, 433], [543, 433], [543, 475], [433, 475]], '하아히', 0.12000373773866715), ([[1370, 452], [1577, 452], [1577, 501], [1370, 501]], '뛰야 크 크 크', 0.3156244288669404), ([[1535, 518], [1824, 518], [1824, 566], [1535, 566]], '또 하고 싶울정도로', 0.6153643561965293), ([[1580, 560], [1781, 560], [1781, 609], [1580, 609]], '기분 좋앉어?', 0.45725412190414877), ([[1700, 690], [1843, 690], [1843, 734], [1700, 734]], '시끄러워', 0.8209015727043152), ([[593, 809], [704, 809], [704, 869], [593, 869]], '태;0', 0.010171948136397392), ([[1259, 838], [1346, 838], [1346, 880], [1259, 880]], '곧 ', 0.010682220456563179), ([[1604, 1447], [1662, 1447], [1662, 1480], [1604, 1480]], '뭐~', 0.9893209198844027), ([[1653, 1513], [1809, 1513], [1809, 1555], [1653, 1555]], '나야 쫓지', 0.7978044628042), ([[657, 2488], [893, 2488], [893, 2625], [657, 2625]], '주-0', 0.2450969497421498), ([[434.46334368540005, 1857.0483902697003], [502.97436288662766, 1891.6086364622859], [489.53665631459995, 1917.9516097302997], [421.02563711337234, 1882.3913635377141]], '오-"-', 0.01817217655479908), ([[1460.1878920427177, 2618.2079357836865], [1591.8392260781152, 2607.8497004141354], [1592.8121079572823, 2676.7920642163135], [1461.1607739218848, 2687.1502995858646]], '원종', 0.059139451574389504)]
[([[1262, 113], [1318, 113], [1318, 163], [1262, 163]], '웃', 0.38511201239191806), ([[1335, 118], [1375, 118], [1375, 160], [1335, 160]], '9', 0.9951763051326488), ([[1157, 162], [1392, 162], [1392, 217], [1157, 217]], '다시.. 들어와', 0.4213313412332259), ([[1405, 170], [1443, 170], [1443, 210], [1405, 210]], '9', 0.8753342784804232), ([[192, 273], [296, 273], [296, 348], [192, 348]], '%0', 0.19656310932937568), ([[244, 329], [275, 329], [275, 345], [244, 345]], '06', 0.12785570409733432), ([[442, 440], [552, 440], [552, 484], [442, 484]], '하아 벼', 0.04389490559697151), ([[1416, 431], [1497, 431], [1497, 475], [1416, 475]], '잠깐.', 0.9504247139520756), ([[1450, 476], [1524, 476], [1524, 513], [1450, 513]], '아이', 0.321521381812085), ([[605, 824], [715, 824], [715, 881], [605, 881]], ');0', 0.008993130399382659), ([[1279, 848], [1388, 848], [1388, 898], [1279, 898]], '종 애', 0.0015434813518796443), ([[1474, 1522], [1793, 1522], [1793, 1577], [1474, 1577]], '좋아하는거 같으니', 0.7516997354774576), ([[1485, 1573], [1772, 1573], [1772, 1624], [1485, 1624]], '찬찬히 맛보라구', 0.8844555138358502), ([[1183, 2240], [1386, 2240], [1386, 2369], [1183, 2369]], '째-젊', 0.05077003868883228), ([[733, 2322], [920, 2322], [920, 2430], [733, 2430]], '절적-', 0.5893814589191141), ([[1641.902627190595, 459.08655130074874], [1746.5950578977443, 476.65368132484093], [1735.097372809405, 535.9134486992513], [1629.4049421022557, 518.3463186751591]], '히요', 0.21899438140317984)]
[([[602, 697], [713, 697], [713, 787], [602, 787]], '웃아', 0.12737614835774844), ([[1345, 812], [1462, 812], [1462, 877], [1345, 877]], '%웃0', 0.02628783468180426), ([[1498, 1385], [1600, 1385], [1600, 1451], [1498, 1451]], '씨질', 0.1724720854828068), ([[701.493376548387, 2483.210921635483], [887.714640114204, 2444.5025485367596], [904.506623451613, 2571.789078364517], [718.285359885796, 2610.4974514632404]], '질로 ', 0.06580267290684307), ([[1310.8144467629488, 2447.0159749054033], [1906.6743855010056, 2538.219226355273], [1831.1855532370512, 2905.9840250945967], [1236.3256144989944, 2814.780773644727]], '4유', 0.5224653911995139)]
[([[1185, 35], [1319, 35], [1319, 79], [1185, 79]], '이거엇9', 0.9082385301589966), ([[1130, 79], [1376, 79], [1376, 127], [1130, 127]], '너무 좋아 양9', 0.41288872059818665), ([[1478, 58], [1629, 58], [1629, 171], [1478, 171]], '하맛-', 0.0462627815383156), ([[334, 226], [387, 226], [387, 264], [334, 264]], '또', 0.9997936593650003), ([[316, 264], [421, 264], [421, 306], [316, 306]], '원가이', 0.288519784005991), ([[482, 297], [654, 297], [654, 346], [482, 346]], '느낌이 .웃', 0.5598022127465727), ([[503, 341], [612, 341], [612, 385], [503, 385]], '이상해', 0.999517273447459), ([[1432, 323], [1672, 323], [1672, 448], [1432, 448]], '통하앞', 0.060230534500806884), ([[332, 451], [462, 451], [462, 493], [332, 493]], '그럴때는', 0.8947408199310303), ([[273, 491], [514, 491], [514, 536], [273, 536]], '간다고 하느거야', 0.9935192454500062), ([[459, 552], [543, 552], [543, 629], [459, 629]], '옛', 0.5279714540805038), ([[535, 658], [743, 658], [743, 793], [535, 793]], '{갑가%', 0.11697682738304138), ([[1338, 769], [1458, 769], [1458, 830], [1338, 830]], '히하', 0.037709764450935275), ([[600, 859], [711, 859], [711, 925], [600, 925]], '해사', 0.045131088906046515), ([[153, 2111], [469, 2111], [469, 2404], [153, 2404]], '평1', 0.1509623242174661), ([[1388, 2480], [1611, 2480], [1611, 2605], [1388, 2605]], '절렉', 0.03796788486039658), ([[1633, 2493], [2004, 2493], [2004, 2819], [1633, 2819]], '광 :', 0.14471555234937078), ([[1540.3955815429626, 163.0678622069583], [1711.690285093768, 148.8593966098015], [1717.6044184570374, 318.9321377930417], [1546.309714906232, 333.14060339019846]], '양', 0.8664906537742354), ([[325.85884908971127, 1472.2918567229606], [440.03265276709044, 1451.7457540415664], [449.14115091028873, 1523.7081432770394], [334.96734723290956, 1543.2542459584336]], '초 ', 0.09935710720579423), ([[561.4042899712305, 2504.2427368475214], [749.2663705001403, 2465.481510794572], [765.5957100287695, 2584.7572631524786], [577.7336294998597, 2624.518489205428]], '저례니', 0.016823403974708197)]
[([[1892, 285], [2023, 285], [2023, 378], [1892, 378]], '대키', 0.10389797800146838), ([[178, 516], [316, 516], [316, 615], [178, 615]], '웃배', 0.08360642943168842), ([[971, 1117], [1202, 1117], [1202, 1409], [971, 1409]], '7', 0.007172399400934504), ([[980, 1534], [1068, 1534], [1068, 1757], [980, 1757]], '불', 0.9988604456044783), ([[1103, 1598], [1153, 1598], [1153, 1709], [1103, 1709]], '불', 0.12480889071799428), ([[1327, 1645], [1354, 1645], [1354, 1673], [1327, 1673]], '~', 0.2687687940607617), ([[1249, 1620], [1337, 1620], [1337, 1801], [1249, 1801]], '불', 0.9924091459464677), ([[1338, 2333], [1483, 2333], [1483, 2432], [1338, 2432]], '@%-', 0.0149454743678127), ([[599, 2370], [788, 2370], [788, 2505], [599, 2505]], '#릇%늘', 0.0011104247532784939), ([[1474.7108159108866, 52.24083478116681], [1628.2251318941064, 23.69608287803356], [1640.2891840891134, 120.75916521883319], [1486.7748681058936, 149.30391712196644]], '"째;', 0.027862035511438326)]
[([[179, 444], [252, 444], [252, 484], [179, 484]], '어때', 0.9999672942022072), ([[1555, 488], [1639, 488], [1639, 539], [1555, 539]], '웃즐', 0.05445522875704644), ([[226, 512], [356, 512], [356, 554], [226, 554]], '이번에도', 0.9957476258277893), ([[1359, 522], [1368, 522], [1368, 555], [1359, 555]], '{', 0.03845985496090365), ([[246, 552], [336, 552], [336, 594], [246, 594]], '젓어?', 0.4881577871853957), ([[1648, 557], [1753, 557], [1753, 597], [1648, 597]], '타고르', 0.9594231349741471), ([[1662, 597], [1796, 597], [1796, 642], [1662, 642]], '젊어"', 0.12848144366819672), ([[1296, 817], [1403, 817], [1403, 865], [1296, 865]], '해아요', 0.014079875195784063), ([[659, 860], [769, 860], [769, 908], [659, 908]], "'하앗 @내", 0.016572030246086743), ([[171, 1767], [267, 1767], [267, 1846], [171, 1846]], '원리', 0.032440335008829826), ([[1586, 1777], [1678, 1777], [1678, 1865], [1586, 1865]], '월', 0.12421223073119236), ([[587, 2011], [620, 2011], [620, 2058], [587, 2058]], '내', 0.10584681551082387), ([[1248, 2551], [1555, 2551], [1555, 2720], [1248, 2720]], '주록버', 0.04544654567311748), ([[570.3786563088577, 549.1903564972024], [706.1143669237966, 539.5919922064083], [707.6213436911423, 604.8096435027976], [571.8856330762034, 614.4080077935917]], '힘아 ', 0.0906926706444183)]
[([[1756, 170], [1925, 170], [1925, 246], [1756, 246]], '아..9', 0.30485689640045166), ([[311, 544], [823, 544], [823, 616], [311, 616]], '그럼 내가 이켜으니까,', 0.6630416397600566), ([[304, 611], [840, 611], [840, 683], [304, 683]], '맘대로 해도 되는거네?', 0.5749552408710182), ([[736, 886], [882, 886], [882, 958], [736, 958]], '응요', 0.05159626450095866), ([[2158, 1076], [2327, 1076], [2327, 1179], [2158, 1179]], '하아7', 0.3904631668874597), ([[3241, 1374], [3513, 1374], [3513, 1548], [3241, 1548]], '저너%', 0.03672690546837244), ([[485, 2541], [1226, 2541], [1226, 2845], [485, 2845]], '제>', 0.03285673953699977), ([[600.9973506193547, 815.0843686541932], [703.6751877916851, 831.0526316401081], [694.0026493806453, 885.9156313458068], [590.3248122083149, 869.9473683598919]], '아', 0.9939752045795558), ([[1043.1115260634988, 1200.1799355301935], [1217.613659033838, 1184.920149800557], [1219.8884739365012, 1271.8200644698065], [1044.386340966162, 1287.079850199443]], '하아내', 0.15505141154455704)]
[([[879, 334], [1116, 334], [1116, 451], [879, 451]], '자장7', 0.15489178114798743), ([[248, 425], [368, 425], [368, 485], [248, 485]], '자아', 0.9994378073380843), ([[371, 544], [760, 544], [760, 616], [371, 616]], '잘 기억해두라구.', 0.9464981366995004), ([[2230, 548], [2408, 548], [2408, 663], [2230, 663]], "'하웃", 0.3077320807597047), ([[287, 611], [857, 611], [857, 683], [287, 683]], '그래야 다음번엔 이기지!', 0.8332124432013627), ([[2209, 680], [2429, 680], [2429, 807], [2209, 807]], "'학 감", 0.0380009189248085), ([[2158, 1076], [2327, 1076], [2327, 1176], [2158, 1176]], '하아니', 0.09160025091890224), ([[3319, 1056], [3606, 1056], [3606, 1236], [3319, 1236]], '7,', 0.013240051487592339), ([[4, 1169], [596, 1169], [596, 1680], [4, 1680]], "퍽'", 0.1266745058584158), ([[2210, 1336], [2492, 1336], [2492, 1541], [2210, 1541]], '*적버', 0.0006280346262118659), ([[3632, 1053], [4150, 1053], [4150, 1480], [3632, 1480]], '퍽/', 0.10027208743609711), ([[3212, 1529], [3553, 1529], [3553, 1730], [3212, 1730]], '플렉', 0.33300610516862816), ([[3975, 1689], [4084, 1689], [4084, 1834], [3975, 1834]], '새', 0.6370563672626908), ([[3770, 1817], [4096, 1817], [4096, 2037], [3770, 2037]], '월로', 0.1338551391911036), ([[374, 2120], [801, 2120], [801, 2363], [374, 2363]], '원내', 0.04551859801878712), ([[479, 2549], [1205, 2549], [1205, 2840], [479, 2840]], '세몹)-', 0.00044510018778964877), ([[1043.179107398177, 1199.1671799501553], [1220.6790703329189, 1186.0327333314742], [1221.820892601823, 1272.8328200498447], [1044.3209296670811, 1286.9672666685258]], '하야', 0.7636183813313647)]
[([[245, 425], [362, 425], [362, 485], [245, 485]], "'", 0.08329508495159477), ([[1363, 248], [1696, 248], [1696, 482], [1363, 482]], '1옛', 0.022890226435032916), ([[3604, 314], [3994, 314], [3994, 538], [3604, 538]], '허대_', 0.07171848267965493), ([[424, 517], [606, 517], [606, 596], [424, 596]], '좋아!?', 0.6132608322311409), ([[614, 644], [817, 644], [817, 720], [614, 720]], '중나고!', 0.2811097502708435), ([[3801, 540], [4141, 540], [4141, 784], [3801, 784]], '강', 0.10516920848546363), ([[609, 946], [869, 946], [869, 1012], [609, 1012]], '타고르  웃', 0.5486547325015966), ([[638, 1008], [883, 1008], [883, 1080], [638, 1080]], '좋아 앗0', 0.3356435520824487), ([[3313, 1048], [3618, 1048], [3618, 1258], [3313, 1258]], ')%', 0.005762215365031446), ([[846, 1279], [1096, 1279], [1096, 1343], [846, 1343]], '임신해라 . !', 0.37728691613091647), ([[866, 1219], [1059, 1219], [1059, 1283], [866, 1283]], '확실하게', 0.984132707118988), ([[3626, 1010], [4177, 1010], [4177, 1490], [3626, 1490]], '퍽 ', 0.5554929676644718), ([[0, 1151], [587, 1151], [587, 1668], [0, 1668]], '퍽', 0.996807028628055), ([[3574, 1888], [3664, 1888], [3664, 2006], [3574, 2006]], '@', 0.1166093141950677), ([[1240.4362682315611, 133.131801846143], [1645.180502655793, 65.24373649735368], [1662.5637317684389, 279.868198153857], [1258.819497344207, 347.75626350264633]], '%자', 0.0349419292824801), ([[2052.9027900548435, 804.0918066252186], [2308.5578332670793, 761.6265099217343], [2328.0972099451565, 965.9081933747814], [2072.4421667329207, 1009.3734900782657]], '돌 ', 0.03772141980012894), ([[3737.857979443452, 1892.4626643267845], [4042.530845377798, 1615.69756374739], [4240.142020556548, 1907.5373356732155], [3936.469154622202, 2183.3024362526103]], '옳도', 0.03654533893983445), ([[393.1012087760451, 2155.075230578168], [784.698538436573, 2126.852139834946], [783.898791223955, 2328.924769421832], [392.30146156342704, 2357.147860165054]], '운질내', 0.06360540458995823)]
[([[231, 142], [1259, 142], [1259, 276], [231, 276]], '"3:/[-우훨/하어 -사#', 1.50043868130677e-05), ([[1687, 0], [2293, 0], [2293, 231], [1687, 231]], '가사 5', 0.11979776620864868), ([[3266, 302], [3582, 302], [3582, 518], [3266, 518]], '패앗', 0.3806969315174098), ([[4006, 394], [4247, 394], [4247, 626], [4006, 626]], '부략', 0.008811784962874311), ([[3646, 1140], [4028, 1140], [4028, 1489], [3646, 1489]], '#', 0.04190971320480319), ([[3535, 1596], [3833, 1596], [3833, 1831], [3535, 1831]], '옮', 0.046779216371073185), ([[2377.225853153179, 1494.008562523675], [2579.472929792896, 1350.0031953257017], [3005.774146846821, 2015.991437476325], [2803.527070207104, 2159.9968046742983]], '#', 0.08940727038553664)]
