2079033
33
[([[13, 1059], [75, 1059], [75, 1103], [13, 1103]], '[18', 0.8013257377364936), ([[606, 1070], [696, 1070], [696, 1100], [606, 1100]], '버밀의 맛', 0.3447565813047172)]
[([[384, 110], [434, 110], [434, 134], [384, 134]], '괜찮아', 0.9968455680717282), ([[414, 722], [442, 722], [442, 754], [414, 754]], '(', 0.7043099958562813), ([[314, 978], [468, 978], [468, 1002], [314, 1002]], '탄카장이 없금때만 하는', 0.1168663114633319), ([[354, 1002], [432, 1002], [432, 1026], [354, 1026]], "'소굽놀이,", 0.3184888841087415)]
[([[662, 108], [738, 108], [738, 132], [662, 132]], '아마나쌍은', 0.823606604521767), ([[666, 132], [732, 132], [732, 156], [666, 156]], '아무 잘못', 0.9992856085799162), ([[685, 159], [717, 159], [717, 179], [685, 179]], '없어', 0.9999474011382327), ([[274.49243155993304, 962.0258292873436], [312.060234359742, 958.1137025159716], [324.50756844006696, 1069.9741707126564], [286.939765640258, 1073.8862974840283]], '국', 0.1361696568448787)]
[([[334, 896], [470, 896], [470, 920], [334, 920]], '아마나하고 치유키씨', 0.9717268806555773), ([[340, 922], [464, 922], [464, 946], [340, 946]], '둘만의 비밀인거야', 0.9903737632961837)]
[([[344, 522], [432, 522], [432, 554], [344, 554]], '비밀의 맛', 0.9007081712019651)]
[([[658, 50], [722, 50], [722, 74], [658, 74]], '이 관계가', 0.9758080835874265), ([[107, 51], [149, 51], [149, 103], [107, 103]], '스', 0.14971788365141325), ([[658, 74], [720, 74], [720, 98], [658, 98]], '언제부터', 0.9997125267982483), ([[667, 101], [713, 101], [713, 121], [667, 121]], '엿는지', 0.3493458032608032), ([[659, 125], [719, 125], [719, 145], [659, 145]], '기억나지', 0.9927969574928284), ([[664, 148], [714, 148], [714, 172], [664, 172]], '안듣다', 0.3188380392210242), ([[318, 972], [470, 972], [470, 996], [318, 996]], '어느쪽에서 제안한긴지,', 0.3770196227007585), ([[316, 996], [472, 996], [472, 1020], [316, 1020]], '그런건 이제 심관없없다', 0.7921140898004932)]
[([[414, 62], [486, 62], [486, 86], [414, 86]], '치유키씨는', 0.6476319098315165), ([[433, 87], [465, 87], [465, 107], [433, 107]], '정말', 0.9999861758616755), ([[421, 111], [479, 111], [479, 131], [421, 131]], '상낭하고', 0.521599876365773), ([[428, 132], [472, 132], [472, 156], [428, 156]], '멋있든', 0.34588990173408923), ([[413, 157], [487, 157], [487, 177], [413, 177]], '어른인 언니', 0.9995804338087296), ([[172, 354], [222, 354], [222, 378], [172, 378]], '세명이', 0.9586752112734925), ([[146, 378], [246, 378], [246, 402], [146, 402]], '일스트로메리야', 0.4458405497407854), ([[151, 403], [241, 403], [241, 423], [151, 423]], '아마나와 년키', 0.17314906841382388), ([[165, 427], [227, 427], [227, 447], [165, 447]], '옆엔 항상', 0.21254259482828333), ([[160, 448], [234, 448], [234, 472], [160, 472]], '치유키씨가', 0.8664766550130012), ([[180, 472], [214, 472], [214, 496], [180, 496]], '있다', 0.9982398116249719), ([[348, 572], [424, 572], [424, 596], [348, 596]], '다만 사실은', 0.6149469525311261), ([[342, 596], [432, 596], [432, 620], [342, 620]], '눈치차고 있어', 0.9583581859095078), ([[627, 753], [685, 753], [685, 773], [627, 773]], '이마나쌍', 0.34562695026397705), ([[563, 811], [634, 811], [634, 837], [563, 837]], "'언니인데도", 0.9928954586414396), ([[570, 836], [628, 836], [628, 860], [570, 860]], '글러먹은', 0.5838149189949036), ([[564, 860], [636, 860], [636, 884], [564, 884]], '어른이어서', 0.9643293163671924), ([[660.7196312006711, 733.4635574408053], [690.623068682903, 730.8313905483099], [692.2803687993289, 748.5364425591947], [662.376931317097, 751.1686094516901]], '안해', 0.6620514293129011)]
[([[65, 85], [95, 85], [95, 101], [65, 101]], '어른', 0.9985975568001556), ([[50, 104], [158, 104], [158, 132], [50, 132]], '치유키씨는-', 0.6959147986873065), ([[558, 724], [592, 724], [592, 750], [558, 750]], '꼬욕', 0.25861904604149866), ([[57, 813], [133, 813], [133, 833], [57, 833]], '어른으로서의', 0.9807592091600033), ([[53, 839], [135, 839], [135, 859], [53, 859]], '처신물 탓울뿐', 0.24898277591798024), ([[49, 867], [139, 867], [139, 887], [49, 887]], '아마나나 테카는', 0.2943421074230885), ([[47, 893], [141, 893], [141, 913], [47, 913]], '무엇 하나 세대로', 0.8443754143105073), ([[49, 921], [141, 921], [141, 941], [49, 941]], '변화하지 담있다', 0.7460112801357688), ([[270.65440104398374, 479.03008595070736], [333.8515090291816, 523.2437498331511], [322.34559895601626, 539.9699140492926], [259.1484909708184, 495.7562501668488]], '3형333인', 0.00029779055308599625)]
[([[245, 423], [291, 423], [291, 467], [245, 467]], '0', 0.20248185794457996)]
[([[437, 261], [477, 261], [477, 329], [437, 329]], '#', 0.09144840534429566), ([[144, 556], [208, 556], [208, 580], [144, 580]], '전부 갖고', 0.9958048505280787), ([[155, 581], [199, 581], [199, 601], [155, 601]], '싶다고', 0.593943979016599), ([[142, 602], [214, 602], [214, 626], [142, 626]], '생각해버려', 0.7614426095401764), ([[109, 655], [139, 655], [139, 675], [109, 675]], '정말', 0.9999770721913955), ([[89, 679], [157, 679], [157, 699], [89, 699]], '이기적이지', 0.7890073574531051), ([[546.2716429592708, 991.0668719800622], [574.5356715840056, 981.0360302783587], [597.7283570407292, 1052.9331280199378], [570.4643284159944, 1062.9639697216412]], '{', 0.04508026327274539)]
[([[643, 665], [701, 665], [701, 685], [643, 685]], '아마나장', 0.9914864301681519), ([[639, 689], [707, 689], [707, 707], [639, 707]], '좀 더 . 해도', 0.534534192070575), ([[643, 709], [705, 709], [705, 729], [643, 729]], '괜찮객니?', 0.37038977900616027), ([[243, 1007], [305, 1007], [305, 1027], [243, 1027]], "'지유 키 씨:", 0.2363452887605864)]
[([[91, 165], [139, 165], [139, 185], [91, 185]], '괜찮아', 0.9808308043117961), ([[68, 188], [160, 188], [160, 212], [68, 212]], '여기에 있단다', 0.4236489119709685), ([[659, 895], [701, 895], [701, 913], [659, 913]], '-아냐', 0.5172396321730568)]
[([[185, 77], [207, 77], [207, 91], [185, 91]], '하대', 0.4423649831098088), ([[618, 420], [654, 420], [654, 450], [618, 450]], '미꼴', 0.153008518057012), ([[15, 613], [125, 613], [125, 633], [15, 633]], '같은 여자아이여도', 0.9536966958322504), ([[25, 635], [117, 635], [117, 655], [25, 655]], '역시 치유키씨는', 0.7871477284102397), ([[21, 657], [119, 657], [119, 677], [21, 677]], '아미나하고 달라', 0.9744364432652081), ([[49, 827], [83, 827], [83, 847], [49, 847]], '그야', 0.999997049721879), ([[9, 853], [123, 853], [123, 873], [9, 873]], '만약 잃어버리면-', 0.789894616649708), ([[29, 877], [103, 877], [103, 897], [29, 897]], '생각만해도', 0.9983050414096762), ([[50, 900], [84, 900], [84, 924], [50, 924]], '엄청', 0.9820858939961042), ([[37, 927], [97, 927], [97, 947], [37, 947]], '무서워서', 0.9660753011703491)]
[([[0, 269], [59, 269], [59, 399], [0, 399]], '놈', 0.01775581217561517), ([[30, 692], [84, 692], [84, 782], [30, 782]], '1', 0.005298433537499259), ([[0, 810], [24, 810], [24, 848], [0, 848]], '사', 0.09469242716362292), ([[529, 781], [573, 781], [573, 855], [529, 855]], '팬', 0.5108339807571873), ([[34.654654412007375, 793.5201198532081], [79.09253556109384, 764.3247788063228], [91.34534558799263, 785.4798801467919], [46.90746443890615, 813.6752211936772]], '=', 0.10322001662788072)]
[([[622, 424], [654, 424], [654, 491], [622, 491]], '흙', 0.018159853927302017), ([[312, 953], [462, 953], [462, 983], [312, 983]], '~그래서 홀린거야', 0.486618329941524)]
[([[336, 304], [398, 304], [398, 328], [336, 328]], '지그시', 0.49782315891062806), ([[182, 628], [246, 628], [246, 652], [182, 652]], '혹시 입에', 0.9443027553447665), ([[180, 652], [250, 652], [250, 676], [180, 676]], '뭐 문없다?', 0.6777831678165211), ([[255, 849], [283, 849], [283, 867], [255, 867]], ' 실', 0.4174286598005857), ([[276.00992561958003, 846.800992561958], [315.4605428270378, 831.6336857424485], [321.99007438041997, 848.199007438042], [281.5394571729622, 863.3663142575515]], '[저내', 0.02898456047757621)]
[([[651, 81], [707, 81], [707, 101], [651, 101]], '아 아니!', 0.5226927468400421), ([[630, 104], [726, 104], [726, 128], [630, 128]], '있잡아 그것도', 0.39834942690053454), ([[628, 128], [726, 128], [726, 152], [628, 152]], '맛있켓다~하고', 0.3414941959481827), ([[655, 155], [703, 155], [703, 175], [655, 175]], '본거야', 0.9973407121553254), ([[223, 445], [261, 445], [261, 465], [223, 465]], '그리?', 0.7573165538600063), ([[221, 471], [245, 471], [245, 487], [221, 487]], '그리', 0.43537484179889663), ([[253, 649], [303, 649], [303, 669], [253, 669]], '자 여기', 0.9955489039421082)]
[([[234, 252], [260, 252], [260, 302], [234, 302]], '내', 0.9416694035191995), ([[217, 303], [261, 303], [261, 407], [217, 407]], '8', 0.00212488903033603), ([[372, 588], [421, 588], [421, 614], [372, 614]], '~테카장', 0.24715684354305267), ([[59, 871], [139, 871], [139, 891], [59, 891]], '아마나 있지', 0.39232918320887017), ([[64, 894], [136, 894], [136, 918], [64, 918]], '욕심쟁이가', 0.48486522551208056), ([[50, 916], [148, 916], [148, 940], [50, 940]], '되어버린 결까?', 0.5994957799385624)]
[([[218, 92], [260, 92], [260, 116], [218, 116]], '어때?', 0.9899461583879335), ([[609, 99], [687, 99], [687, 119], [609, 119]], '물게 되는 건', 0.48118707404575), ([[213, 119], [265, 119], [265, 139], [213, 139]], '맛있어?', 0.994912326335907), ([[625, 123], [671, 123], [671, 143], [625, 143]], '여전히', 0.9975332197476288), ([[618, 144], [678, 144], [678, 168], [618, 168]], '무서운데', 0.5509569967287463), ([[340, 912], [426, 912], [426, 936], [340, 936]], '~하는 것, 전부', 0.5100243499031373), ([[311, 936], [449, 936], [449, 960], [311, 960]], '좀 더; 진뜩 갖고 싶어', 0.6355557505320609)]
[([[123, 145], [165, 145], [165, 165], [123, 165]], "'달꼼해", 0.15400950610637665), ([[372, 862], [476, 862], [476, 886], [372, 886]], '이상하기도 하지', 0.9992028293148721)]
[([[343, 494], [435, 494], [435, 520], [343, 520]], '먹어버리면', 0.824108148651739)]
[([[88, 296], [216, 296], [216, 320], [88, 320]], '약마에게 홀럽결까', 0.3409353758155497), ([[84, 320], [222, 320], [222, 344], [84, 344]], '천사에게 이골린걸까', 0.6168971066542736), ([[368, 924], [454, 924], [454, 948], [368, 948]], '어느 쪽인지', 0.9875360428877998), ([[340, 950], [484, 950], [484, 974], [340, 974]], '아무도 답해주지 않아', 0.9951573837442421)]
[([[27, 541], [81, 541], [81, 561], [27, 561]], '좀은 냄새', 0.31268728901034426), ([[332, 1002], [446, 1002], [446, 1026], [332, 1026]], '언제부터-당결까', 0.32425817825213255)]
[([[344, 84], [402, 84], [402, 108], [344, 108]], '하즈키와', 0.9045143127441406), ([[357, 109], [389, 109], [389, 129], [357, 129]], '몸올', 0.568247696271226), ([[339, 131], [409, 131], [409, 151], [339, 151]], '거리낌없이', 0.5128020404397611), ([[335, 153], [411, 153], [411, 173], [335, 173]], '쉬는 관계가', 0.8107891024057099), ([[334, 172], [412, 172], [412, 196], [334, 196]], '뒷올떠부터?', 0.4666025360562886), ([[46, 274], [96, 274], [96, 298], [46, 298]], '아니면', 0.9997952469002308), ([[18, 298], [124, 298], [124, 322], [18, 322]], '프로두서님과의-', 0.2300092878741475), ([[677, 477], [737, 477], [737, 497], [677, 497]], '이마나핑기', 0.3022780741330215), ([[687, 499], [727, 499], [727, 515], [687, 515]], '문가껑 `', 0.11177562298124401), ([[689, 517], [725, 517], [725, 533], [689, 533]], '돌하고', 0.4186163317820004), ([[661, 535], [755, 535], [755, 553], [661, 553]], "'하면 인되논 일 올", 0.20452507633552655), ([[673, 553], [741, 553], [741, 571], [673, 571]], '콤물 따부터?', 0.2449131109950242), ([[414, 792], [476, 792], [476, 816], [414, 816]], '~치유키씨', 0.6791833287264507)]
[([[673, 33], [707, 33], [707, 47], [673, 47]], '으9', 0.1794830642333458), ([[211, 319], [247, 319], [247, 363], [211, 363]], '#틈', 0.2526606639078458), ([[134, 830], [174, 830], [174, 862], [134, 862]], '숫 ', 0.03374674965046166), ([[717, 1041], [733, 1041], [733, 1083], [717, 1083]], '3', 0.9553825441944106), ([[513.0268234150113, 627.3241410735102], [569.0930521333453, 593.5913150971234], [584.9731765849887, 623.6758589264898], [529.9069478666547, 657.4086849028766]], '고>', 0.13955312218798505)]
[([[52, 240], [100, 240], [100, 264], [52, 264]], '처음엔', 0.9256631977254781), ([[38, 264], [116, 264], [116, 288], [38, 288]], '이력 생각이', 0.2762183256866901), ([[47, 289], [107, 289], [107, 309], [47, 309]], '아니있다', 0.9992308020591736), ([[701, 361], [753, 361], [753, 377], [701, 377]], '지유키씨', 0.9877502918243408), ([[709, 381], [745, 381], [745, 397], [709, 397]], "예버 '", 0.2713828597559765), ([[672, 458], [706, 458], [706, 482], [672, 482]], '좋아', 0.9987383565879469), ([[345, 759], [375, 759], [375, 777], [345, 777]], '하아', 0.9930701041637013), ([[465, 799], [491, 799], [491, 815], [465, 815]], '위늬', 0.22103395018512045), ([[434, 815], [521, 815], [521, 835], [434, 835]], '섬세하고 상낭한', 0.9129455044011584), ([[455, 837], [499, 837], [499, 853], [455, 853]], '이이라 --', 0.22799471779573025), ([[457, 855], [497, 855], [497, 873], [457, 873]], '더 미삼', 0.6916377544403076), ([[437, 877], [519, 877], [519, 895], [437, 895]], '검어지 믿학으면', 0.1426929359412381), ([[445, 893], [511, 893], [511, 913], [445, 913]], '햇올 뿌이야', 0.0729781298725916)]
[([[344, 56], [428, 56], [428, 82], [344, 82]], '그런 핑계만', 0.7499334460388332), ([[340, 82], [432, 82], [432, 106], [340, 106]], '생각해버린다', 0.9817491114903271), ([[262, 710], [378, 710], [378, 734], [262, 734]], '속이는 게 아니라,', 0.7517621130117292), ([[284, 734], [360, 734], [360, 758], [284, 758]], '어른으로서', 0.9499705373803463), ([[185, 751], [229, 751], [229, 845], [185, 845]], '국', 0.2285139594037311), ([[42, 844], [72, 844], [72, 906], [42, 906]], '춤', 0.09909933658427494), ([[273, 917], [329, 917], [329, 937], [273, 937]], '확실하게', 0.9977320432662964), ([[237, 939], [365, 939], [365, 959], [237, 959]], '선올 그없어야 햇는데', 0.4885666421901924), ([[677.25097310286, 354.0564224788762], [714.4878571201568, 336.0238573744001], [756.74902689714, 429.9435775211238], [719.5121428798432, 447.9761426255999]], '놈', 0.025553070995872673), ([[77.67054468503495, 897.013590688923], [113.77568904050264, 903.415738788615], [92.32945531496505, 1025.986409311077], [56.22431095949736, 1019.584261211385]], '7', 0.9815875996037562)]
[([[254, 712], [294, 712], [294, 742], [254, 742]], '심곳', 0.16955593718384862), ([[394.3273272060037, 116.11651617681032], [426.98776746934726, 129.7791369478503], [419.6726727939963, 147.88348382318966], [387.01223253065274, 134.2208630521497]], '하가 .', 0.18424374975702493)]
[([[342, 276], [440, 276], [440, 300], [342, 300]], '어른이 아이의', 0.9992573736316199), ([[356, 300], [422, 300], [422, 324], [356, 324]], '상낭함에', 0.7975791096687317), ([[351, 327], [427, 327], [427, 347], [351, 347]], '어리광이나', 0.9682277932873382), ([[364, 350], [414, 350], [414, 374], [364, 374]], '부리고', 0.9995874024405833), ([[43, 457], [93, 457], [93, 475], [43, 475]], '아마나낌', 0.17033487558364868), ([[31, 477], [69, 477], [69, 495], [31, 495]], '잘하계', 0.1459835352417607), ([[66.71963120067105, 477.46355744080523], [102.70520250482188, 473.9548758841414], [104.28036879932895, 492.53644255919477], [68.29479749517812, 495.0451241158586]], '표어 .', 0.45118191838264465)]
[([[409, 917], [429, 917], [429, 957], [409, 957]], '날', 0.9370231820833084), ([[409, 955], [429, 955], [429, 1011], [409, 1011]], '협', 0.057379295361333016)]
[([[551, 115], [589, 115], [589, 183], [551, 183]], '봄', 0.01827697943578266), ([[628, 740], [720, 740], [720, 766], [628, 766]], '발성연습이튼', 0.5864190536731856), ([[632, 766], [716, 766], [716, 790], [632, 790]], '반대 놀이든', 0.5133149509716174), ([[557, 877], [655, 877], [655, 897], [557, 897]], '뱉어널 수 없다', 0.3777275420665837), ([[550, 900], [634, 900], [634, 924], [550, 924]], '이 감정마저:', 0.6081244057662609), ([[447, 915], [491, 915], [491, 931], [447, 931]], '"나도', 0.8598611977836402), ([[103.51341170750567, 566.6620705367551], [136.57870443475267, 560.7721187729702], [139.48658829249433, 578.3379294632449], [106.42129556524735, 584.2278812270298]], '하마', 0.33678444802804003)]
[([[120, 164], [170, 164], [170, 188], [120, 188]], '사랑해', 0.9999380572931587), ([[559, 781], [607, 781], [607, 801], [559, 801]], '손에서', 0.748887369142519), ([[516, 804], [644, 804], [644, 828], [516, 828]], '놀는 것조차 못하는', 0.7271843164854195), ([[544, 828], [620, 828], [620, 852], [544, 852]], '담옥스리운', 0.9093555016913555), ([[561, 855], [601, 855], [601, 875], [561, 875]], '저논', 0.6910494770182419), ([[190, 924], [220, 924], [220, 932], [190, 932]], '"미', 0.010100001722904239), ([[219, 923], [245, 923], [245, 937], [219, 937]], '시기', 0.945199042001857), ([[234, 934], [290, 934], [290, 958], [234, 958]], '인가요?', 0.9990836381912231), ([[204, 960], [280, 960], [280, 984], [204, 984]], '으로두서님', 0.21519217396472945), ([[191.23076923076923, 931.1538461538462], [232.892699712136, 937.353712293417], [229.76923076923077, 958.8461538461538], [188.107300287864, 952.646287706583]], "''어른", 0.45405203104019165)]
[([[835, 603], [1117, 603], [1117, 658], [835, 658]], '*오향어손 )', 0.0024820252433333813), ([[770, 749], [1153, 749], [1153, 802], [770, 802]], "쭉47> '1+10717", 0.014015484320504406), ([[671, 817], [806, 817], [806, 877], [671, 877]], '{#솜-', 0.014787226915359497), ([[835, 823], [1250, 823], [1250, 874], [835, 874]], '가-`;*)_나,리@ 라|.<아값', 1.1911441568612097e-05), ([[736, 893], [861, 893], [861, 946], [736, 946]], '푹씌 하터', 0.01471504431581376), ([[889, 893], [1185, 893], [1185, 944], [889, 944]], '2020408.30타', 0.28018328547476734), ([[875, 965], [967, 965], [967, 1014], [875, 1014]], '털쥐]', 0.004247529845148745), ([[992, 965], [1052, 965], [1052, 1014], [992, 1014]], '좁9', 0.2648053247153686), ([[531, 1105], [1430, 1105], [1430, 1160], [531, 1160]], "<04표:-/속]-75') 트다-(금력: 다하')현단서", 4.825328379249421e-05), ([[349, 1177], [1612, 1177], [1612, 1232], [349, 1232]], '표따하#-축  버리6소시07"77-+ 7-79크) ^0버슬순박<찾(*화', 0.00024034933470735902), ([[437, 1247], [1522, 1247], [1522, 1304], [437, 1304]], '수름:락시하나7호 18품* #0)-,0)` 지 빠쇠(:7손현사', 5.332993663820114e-05), ([[758, 1694], [1169, 1694], [1169, 1745], [758, 1745]], '21?미00적그-+', 0.12476029713368426), ([[466, 1764], [1459, 1764], [1459, 1819], [466, 1819]], "*내닦3(*(금 등#:손*-<'+굳(증갇#('7호", 4.7309164805532994e-05)]
