2079839
70
[([[24, 80], [441, 80], [441, 173], [24, 173]], '온드 성 외곡 .', 0.3116080624872759), ([[19, 286], [892, 286], [892, 384], [19, 384]], '지금이라면 아무도 안보켓조~', 0.3493333157017392), ([[205, 356], [1560, 356], [1560, 849], [205, 849]], '돕발교', 0.017669023388438745), ([[23, 1146], [507, 1146], [507, 1245], [23, 1245]], '연구와 집필 일로', 0.9422220854670693), ([[442, 820], [1573, 820], [1573, 1294], [442, 1294]], '번역해', 0.13884964278922537), ([[22, 1228], [508, 1228], [508, 1318], [22, 1318]], '사람눈올 피해 옛', 0.7660364108418317), ([[829, 1154], [2010, 1154], [2010, 1335], [829, 1335]], "'핸뜨하나 첫예터   콤/리고 있없다", 0.0024362348266826522), ([[275, 1303], [1860, 1303], [1860, 1786], [275, 1786]], '모립내다', 0.04531152546405792), ([[216, 1910], [1822, 1910], [1822, 2067], [216, 2067]], '텔레그램 검색 : @하-|뉴9`;트/123', 0.006320575158550904), ([[341, 2049], [1688, 2049], [1688, 2199], [341, 2199]], '굉크 : + 굽서/하-응뉴9교;트1123', 0.00038971412449370483), ([[290, 2308], [1756, 2308], [1756, 2502], [290, 2502]], '현재 완료 작품수 : 910', 0.9234268931084932), ([[1409, 2610], [1873, 2610], [1873, 2879], [1409, 2879]], ':', 0.007310038835500743)]
[([[22, 72], [388, 72], [388, 152], [22, 152]], '본드 성 외곡 ', 0.29696818574426986), ([[18, 251], [791, 251], [791, 341], [18, 341]], '지금이라면 아무도 안 보제조 ;', 0.18380268563435262), ([[23, 1010], [1334, 1010], [1334, 1099], [23, 1099]], '연구와 집필 일로 성욕이 쌓여있없다 모나는 아침일찍', 0.2530381550878106), ([[19, 1080], [1771, 1080], [1771, 1170], [19, 1170]], '사람눈올 피해 옛 고향 외곡에 있는 바람버섯에 가랑이틀 벌리고외없다', 0.18973527905779253), ([[1260, 2302], [1652, 2302], [1652, 2544], [1260, 2544]], '보쇼', 0.021822973696357096)]
[([[1159, 515], [1255, 515], [1255, 605], [1159, 605]], '주!', 0.005209984541784844), ([[1159, 593], [1203, 593], [1203, 635], [1159, 635]], '4', 0.9679297469773509), ([[71, 1647], [431, 1647], [431, 1731], [71, 1731]], '두근씩두근: ', 0.12416298631605001), ([[71, 1719], [1568, 1719], [1568, 1807], [71, 1807]], '주변에 아무도 없다는 걸 확인한 모나는 바람버섯에 붙어있는', 0.29627085132509695), ([[73, 1791], [1341, 1791], [1341, 1875], [73, 1875]], '버섯 모양올 바라보면서 가슴올 고동시키고 있있다.', 0.32337651326571665), ([[73, 2056], [1257, 2056], [1257, 2147], [73, 2147]], '하아  하아  전부테이버섯이 신경쓰없어요', 0.4828330011193343), ([[1257, 2285], [1653, 2285], [1653, 2544], [1257, 2544]], '다', 0.11638766434784031)]
[([[44, 104], [218, 104], [218, 176], [44, 176]], '추육:', 0.4128563669364878), ([[40, 336], [224, 336], [224, 412], [40, 412]], '흐/ 드', 0.2340085655450821), ([[271, 330], [847, 330], [847, 417], [271, 417]], '이제 더는 못참짚어오[', 0.14639878307377957), ([[550, 520], [605, 520], [605, 631], [550, 631]], '@', 0.019218397472444915), ([[1178, 576], [1226, 576], [1226, 684], [1178, 684]], '봉', 0.10689245288000393), ([[43, 732], [1359, 732], [1359, 822], [43, 822]], '모나는 버섯올 바라보고외든 사이에애액이 흘러나와', 0.22393269804637386), ([[39, 801], [767, 801], [767, 889], [39, 889]], '가랑이름 젖게 하기 시작햇다', 0.2627369812287424), ([[696, 1696], [746, 1696], [746, 1842], [696, 1842]], '통', 0.11100502693119907), ([[1250, 2294], [1660, 2294], [1660, 2544], [1250, 2544]], '밥', 0.015176536239525973)]
[([[58, 1108], [234, 1108], [234, 1182], [58, 1182]], '투육:', 0.1826209296676077), ([[59, 1173], [1539, 1173], [1539, 1263], [59, 1263]], '모나는 허리클 내리고 스스로 가랑이틀 버섯에들이밀어간다', 0.2511921919023862), ([[57, 1586], [416, 1586], [416, 1674], [57, 1674]], '하아  0한아:', 0.48611090183909245), ([[1316.0438798233301, 2230.0138539048926], [1686.3591622978004, 2387.52816754044], [1571.9561201766699, 2640.9861460951074], [1201.6408377021996, 2484.47183245956]], "')", 0.00576689948760625)]
[([[1253, 546], [1333, 546], [1333, 662], [1253, 662]], '류,', 0.02357534097469249), ([[36, 1162], [218, 1162], [218, 1238], [36, 1238]], '차악:', 0.5112614778553253), ([[42, 1808], [120, 1808], [120, 1862], [42, 1862]], '아', 0.13793430640021231), ([[713, 1825], [755, 1825], [755, 1965], [713, 1965]], '용', 0.30390847937225374), ([[1247, 2283], [1649, 2283], [1649, 2541], [1247, 2541]], '2', 0.0030306116624446156)]
[([[357, 345], [397, 345], [397, 389], [357, 389]], '2', 0.9921872034347281), ([[52, 752], [178, 752], [178, 828], [52, 828]], '주육', 0.39760132553946914), ([[230, 750], [522, 750], [522, 830], [230, 830]], '움질움질:?', 0.20213620680223054), ([[1404, 874], [1454, 874], [1454, 992], [1404, 992]], '홍', 0.38396435746962254), ([[51, 951], [332, 951], [332, 1040], [51, 1040]], '흐으옷 0', 0.4677786314781263), ([[327, 1097], [369, 1097], [369, 1175], [327, 1175]], '충', 0.2881356476328314), ([[327, 1173], [373, 1173], [373, 1213], [327, 1213]], '0', 0.26483411874739105), ([[51, 1406], [1237, 1406], [1237, 1495], [51, 1495]], '연구와 일로 스트레스가 쌓여릿던 모나는 이음고', 0.14247515266050317), ([[49, 1477], [1117, 1477], [1117, 1566], [49, 1566]], '배덕행위에 몸을 맡기고는 쾌락에 감싸인다', 0.5189484293187094), ([[1296.8391731612833, 2290.0240731869253], [1663.7978009808903, 2350.115448353268], [1613.1608268387167, 2586.9759268130747], [1247.2021990191097, 2525.884551646732]], '3', 0.03800206867577405)]
[([[548, 592], [605, 592], [605, 703], [548, 703]], '봉', 0.22096152230840804), ([[1174, 644], [1229, 644], [1229, 757], [1174, 757]], '봄', 0.37447854724377194), ([[33, 955], [231, 955], [231, 1041], [33, 1041]], '질척:', 0.4011633097349275), ([[34, 1182], [1047, 1182], [1047, 1271], [34, 1271]], '문지르는 것만으로 이렇게 기분이 좋다니', 0.7163448329089854), ([[31, 1471], [1277, 1471], [1277, 1560], [31, 1560]], '살짝 비민 젓만으로 모나의 가랑이논 미골미골해저', 0.1673583061479167), ([[31, 1545], [1101, 1545], [1101, 1631], [31, 1631]], '애액이 마법옷 너머로 거침없이 흘러나앉다', 0.5647281937731746), ([[731, 1797], [775, 1797], [775, 1937], [731, 1937]], '통', 0.018183882262121864), ([[1299.0327611796713, 2248.015596569809], [1684.1690712441277, 2375.988204027854], [1594.9672388203287, 2617.984403430191], [1209.8309287558723, 2490.011795972146]], "'", 0.3841192001256246)]
[([[58, 1380], [186, 1380], [186, 1454], [58, 1454]], '주육', 0.6670931817120893), ([[58, 1439], [1474, 1439], [1474, 1536], [58, 1536]], '모나는 미끌미골해진 가랑이틀 다시한번 버섯에 들이민다', 0.4546769092849401), ([[55, 1711], [234, 1711], [234, 1795], [55, 1795]], '흐웃;;', 0.5642420053482056)]
[([[1253, 546], [1333, 546], [1333, 664], [1253, 664]], '뷰,', 0.06204810111467613), ([[528, 1340], [656, 1340], [656, 1504], [528, 1504]], '<', 0.017213541830747525), ([[62, 1620], [234, 1620], [234, 1698], [62, 1698]], '질척:.', 0.6156371831893921), ([[58, 1874], [215, 1874], [215, 1952], [58, 1952]], '아아:', 0.982949084855443), ([[1072, 1816], [1120, 1816], [1120, 1962], [1072, 1962]], '흉', 0.0058302707772433515), ([[1249, 2281], [1657, 2281], [1657, 2541], [1249, 2541]], '다', 0.06527183814422077)]
[([[357, 345], [399, 345], [399, 389], [357, 389]], '2', 0.9850832402528376), ([[27, 779], [69, 779], [69, 829], [27, 829]], '{', 0.16273579501660507), ([[1404, 874], [1454, 874], [1454, 992], [1404, 992]], '홍', 0.3962116087541858), ([[327, 1097], [369, 1097], [369, 1177], [327, 1177]], '충', 0.1709300617221743), ([[327, 1173], [373, 1173], [373, 1213], [327, 1213]], '0', 0.44797105365150003), ([[50, 1364], [224, 1364], [224, 1440], [50, 1440]], '찌적:', 0.13161852691678835), ([[281, 1359], [515, 1359], [515, 1443], [281, 1443]], '운질움질-', 0.2866702410341624), ([[49, 1589], [248, 1589], [248, 1669], [49, 1669]], '흐으옷:', 0.8072301745414734), ([[1298.8409268878827, 2285.023172197068], [1662.808073873705, 2351.9398383745097], [1608.1590731121173, 2592.976827802932], [1243.191926126295, 2525.0601616254903]], '', 0.0)]
[([[548, 518], [605, 518], [605, 631], [548, 631]], '봉', 0.4601586842020424), ([[1174, 572], [1229, 572], [1229, 685], [1174, 685]], '봄', 0.06385051274373499), ([[45, 949], [220, 949], [220, 1036], [45, 1036]], '질척:', 0.48838630783598835), ([[47, 1158], [1143, 1158], [1143, 1247], [47, 1247]], '옷 너머로도 이렇계 기분 좋다면 직접 당으면', 0.5678641596397161), ([[50, 1232], [462, 1232], [462, 1312], [50, 1312]], '어떻게 되버밀지', 0.5094019414763401), ([[49, 1500], [1167, 1500], [1167, 1588], [49, 1588]], '모나의 버섯올 바라보며 부풀어오르는 망상에', 0.4011177773143969), ([[47, 1575], [699, 1575], [699, 1661], [47, 1661]], '애액원더욱더 넘처흘로다', 0.112409086955614), ([[742, 1734], [790, 1734], [790, 1914], [742, 1914]], '동', 0.25705120530696846), ([[1255, 2309], [1653, 2309], [1653, 2541], [1255, 2541]], '나쇼', 0.013774658261949325)]
[([[1159, 515], [1255, 515], [1255, 605], [1159, 605]], '주!', 0.004253585599948775), ([[1159, 593], [1203, 593], [1203, 635], [1159, 635]], '4', 0.976382763943458), ([[16, 854], [323, 854], [323, 934], [16, 934]], '찌직:. 스옥:', 0.30402352425964413), ([[17, 988], [1462, 988], [1462, 1084], [17, 1084]], '모나는 가랑이 부분의 천올 스스로 찢어 성기름 노출시켜다', 0.3380044862608941), ([[16, 1347], [1530, 1347], [1530, 1448], [16, 1448]], '이런 모습 단른 사람한태로이면 부끄러워서 밖에 못 나가오오', 0.2180162299700971), ([[13, 1422], [1113, 1422], [1113, 1507], [13, 1507]], '제 운명이 그러지 않기름 바람 수밖에 없네요', 0.4700753743418711)]
[([[1251, 520], [1336, 520], [1336, 643], [1251, 643]], '틈;', 0.037392917870285716), ([[60, 1008], [354, 1008], [354, 1084], [60, 1084]], '스옥: 특: ', 0.21399743852794875), ([[55, 1215], [230, 1215], [230, 1300], [55, 1300]], '흐웃 ', 0.46607106924057007), ([[56, 1466], [1174, 1466], [1174, 1562], [56, 1562]], '음학에 버섯이 닿은 순간 모나눈 몸올 떨없다', 0.16296805870743897)]
[([[70, 1332], [244, 1332], [244, 1406], [70, 1406]], '찌적:', 0.34733936148706435), ([[528, 1342], [656, 1342], [656, 1506], [528, 1506]], '<', 0.11620385206099204), ([[66, 1684], [243, 1684], [243, 1759], [66, 1759]], '으응:', 0.6192532847945637), ([[1283.9052768679996, 2255.019335364388], [1672.2447977246213, 2346.716916510794], [1602.0947231320004, 2599.980664635612], [1212.7552022753787, 2508.283083489206]], '7 ', 0.05063328776343243)]
[([[357, 345], [397, 345], [397, 389], [357, 389]], '2', 0.9855047299159345), ([[27, 779], [69, 779], [69, 829], [27, 829]], '소', 0.11336511883961098), ([[564, 823], [608, 823], [608, 890], [564, 890]], '@', 0.04781299582426102), ([[561, 887], [607, 887], [607, 929], [561, 929]], '0', 0.8347804585384644), ([[1166, 840], [1218, 840], [1218, 956], [1166, 956]], '흉', 0.06407373514868997), ([[1404, 874], [1454, 874], [1454, 992], [1404, 992]], '홍', 0.39775293286229285), ([[1182, 950], [1242, 950], [1242, 1006], [1182, 1006]], '군', 0.7709864033524951), ([[82, 1114], [393, 1114], [393, 1217], [82, 1217]], '찌먹0 움질', 0.4349997976457555), ([[437, 1115], [566, 1115], [566, 1200], [437, 1200]], '움질=', 0.10085293767920003), ([[81, 1421], [317, 1421], [317, 1499], [81, 1499]], '굉장해앗', 0.627643883228302), ([[532, 1416], [630, 1416], [630, 1566], [532, 1566]], '<', 0.2775347320849164), ([[1295.8673246665007, 2287.022919262566], [1663.9632412326189, 2353.5161979846607], [1611.1326753334993, 2589.977080737434], [1243.0367587673811, 2523.4838020153393]], '15', 0.0021933169799968773)]
[([[541, 519], [594, 519], [594, 630], [541, 630]], '춤', 0.6091172534311795), ([[1188, 552], [1245, 552], [1245, 667], [1188, 667]], '춤', 0.04743949107432166), ([[32, 822], [381, 822], [381, 900], [32, 900]], '질척:  9 움질', 0.7021889482156403), ([[436, 824], [558, 824], [558, 898], [436, 898]], '움질', 0.8167479443550788), ([[31, 1032], [901, 1032], [901, 1123], [31, 1123]], '상상 이상으로 엄청난 쾌감이네요: :', 0.32200254350868274), ([[33, 1106], [805, 1106], [805, 1194], [33, 1194]], '이게 안에 들어가버리게 되면?.', 0.6856026089073178), ([[33, 1301], [1171, 1301], [1171, 1389], [33, 1389]], '모나는 음학올 문지르늄 버섯의 쾌감에 보지틀', 0.12681444946169185), ([[30, 1371], [1207, 1371], [1207, 1463], [30, 1463]], '움질움질거리면 애액이 흘러나와 버리고있없다', 0.1195076349871267), ([[1067, 1643], [1111, 1643], [1111, 1755], [1067, 1755]], '톤', 0.0896553520129908), ([[708, 1700], [758, 1700], [758, 1816], [708, 1816]], '톤', 0.026114972148080007)]
[([[22, 1090], [497, 1090], [497, 1168], [22, 1168]], '주육: 찌적:: 찌거=', 0.12133094030848782), ([[19, 1347], [913, 1347], [913, 1434], [19, 1434]], '이대로 수육 들어가버길 것 갈네요', 0.29499663322363395), ([[21, 1501], [1459, 1501], [1459, 1589], [21, 1589]], '모나는 버섯 끝부분에 질입구가 당자 허리클 좌우로 흔들어', 0.3079641227108187), ([[19, 1573], [793, 1573], [793, 1659], [19, 1659]], '구멍으로 버섯원 우산을(넣없다', 0.3813733165417987), ([[1250, 2278], [1654, 2278], [1654, 2542], [1250, 2542]], '쇼', 0.16052758244250587)]
[([[27, 711], [71, 711], [71, 761], [27, 761]], '오', 0.33218753696297654), ([[1409, 807], [1453, 807], [1453, 883], [1409, 883]], '중', 0.19872675142836727), ([[1412, 884], [1450, 884], [1450, 916], [1412, 916]], '0', 0.31006707112823406), ([[56, 952], [216, 952], [216, 1030], [56, 1030]], '푸울:', 0.13748627401611577), ([[329, 1029], [369, 1029], [369, 1107], [329, 1107]], '충', 0.13947650809222978), ([[327, 1107], [371, 1107], [371, 1145], [327, 1145]], '9', 0.9935774546292784), ([[56, 1224], [230, 1224], [230, 1298], [56, 1298]], '오옷:', 0.5327901244163513), ([[1622, 1652], [1684, 1652], [1684, 1704], [1622, 1704]], '{', 0.09791876112105058), ([[156, 1688], [200, 1688], [200, 1718], [156, 1718]], '스', 0.12695055814158085), ([[1304.0407073119297, 2241.0148461753274], [1682.375381254307, 2384.8083755237026], [1582.9592926880703, 2625.9851538246726], [1204.624618745693, 2482.1916244762974]], "''", 0.07012141101252688)]
[([[355, 345], [399, 345], [399, 391], [355, 391]], '2', 0.870001411153126), ([[186, 350], [236, 350], [236, 470], [186, 470]], '총', 0.03920994786742882), ([[1267, 665], [1303, 665], [1303, 735], [1267, 735]], '5', 0.9827691403146765), ([[27, 779], [69, 779], [69, 829], [27, 829]], '소', 0.14573605658733868), ([[528, 1408], [632, 1408], [632, 1566], [528, 1566]], '(', 0.1238275982376571), ([[1455, 1491], [1501, 1491], [1501, 1533], [1455, 1533]], '9', 0.23547348808166024), ([[1457, 1413], [1499, 1413], [1499, 1493], [1457, 1493]], '중', 0.6171286931569284), ([[64, 1868], [254, 1868], [254, 1948], [64, 1948]], '푸우움:', 0.3549264371395111), ([[60, 2110], [364, 2110], [364, 2188], [60, 2188]], '잇:: 아앗 (', 0.1463095500697624), ([[1273, 2305], [1645, 2305], [1645, 2541], [1273, 2541]], '나3', 0.068021928958362)]
[([[1105, 89], [1195, 89], [1195, 149], [1105, 149]], '너', 0.033002980120624636), ([[1251, 650], [1336, 650], [1336, 773], [1251, 773]], '뷰;', 0.04015385418477564), ([[60, 1112], [401, 1112], [401, 1224], [60, 1224]], '푸우우육', 0.9200349450111389), ([[1539, 1203], [1605, 1203], [1605, 1291], [1539, 1291]], '7', 0.994887941563448), ([[65, 1375], [187, 1375], [187, 1443], [65, 1443]], '앗 @', 0.10531056672334671), ([[339, 1328], [407, 1328], [407, 1486], [339, 1486]], '틈', 0.09206786043934301), ([[526, 1450], [654, 1450], [654, 1612], [526, 1612]], '(', 0.44573151068063055), ([[93, 1777], [171, 1777], [171, 1841], [93, 1841]], '사', 0.07013470433253488), ([[1605.0863768078796, 1722.0464927172186], [1738.7164363933716, 1759.7586306417045], [1714.9136231921204, 1837.9535072827814], [1581.2835636066284, 1800.2413693582955]], '쇼', 0.8518618424261604)]
[([[41, 907], [395, 907], [395, 994], [41, 994]], '움질  . 운질: .', 0.18459660866948158), ([[43, 1155], [352, 1155], [352, 1240], [43, 1240]], '흐웃9 흐옷-', 0.20816204784724535), ([[45, 1225], [945, 1225], [945, 1313], [45, 1313]], '저도 모르게 큰소리블 빨 뻔없어오뇨', 0.08141574939113008), ([[44, 1465], [819, 1465], [819, 1556], [44, 1556]], '버섯의 우산이 질내에 들어오자', 0.6849045572118431), ([[45, 1535], [1129, 1535], [1129, 1623], [45, 1623]], '모나는 절정한 나머지 소리틀 지름 뻔햇지만', 0.25025944470853356), ([[46, 1608], [512, 1608], [512, 1688], [46, 1688]], '어떻계든 억울렇다', 0.31126507792472413), ([[618.209486817349, 299.6798446328658], [844.2695306800983, 185.2066514173428], [926.790513182651, 390.3201553671342], [700.7304693199017, 503.7933485826572]], ')"', 0.010976116839284728), ([[1321.8808949262316, 2290.02237315579], [1672.165656578011, 2365.032130827424], [1613.1191050737684, 2595.97762684421], [1262.834343421989, 2520.967869172576]], '5', 0.015188411998928508)]
[([[27, 873], [71, 873], [71, 923], [27, 923]], '오', 0.269482086019309), ([[1406, 968], [1456, 968], [1456, 1086], [1406, 1086]], '홍', 0.19050236838708745), ([[58, 1212], [292, 1212], [292, 1292], [58, 1292]], '푸우육:', 0.7814514636993408), ([[329, 1193], [370, 1193], [370, 1270], [329, 1270]], '중', 0.42447553237798274), ([[331, 1269], [371, 1269], [371, 1305], [331, 1305]], '9', 0.9514316147238446), ([[59, 1348], [1395, 1348], [1395, 1441], [59, 1441]], '모나는 허리흘-더 내려 질 안쪽으로버스올 밀어넣논다', 0.12889015469179166), ([[59, 1673], [292, 1673], [292, 1752], [59, 1752]], '흐으으옷', 0.7705652192806464), ([[1294.956820100223, 2260.0175569766247], [1677.6560011501306, 2368.9710689567673], [1597.043179899777, 2618.9824430233753], [1214.3439988498694, 2510.0289310432327]], "'", 0.16181347165268622)]
[([[642, 240], [909, 240], [909, 471], [642, 471]], '{)', 0.0543814925383566), ([[76, 1236], [261, 1236], [261, 1316], [76, 1316]], '찌적:', 0.14577889940830688), ([[81, 1369], [1628, 1369], [1628, 1459], [81, 1459]], '모나는 천천히 허리름 위아래로 움직여 버섯올 질내로 맛보편서', 0.5142652816658912), ([[76, 1441], [1145, 1441], [1145, 1532], [76, 1532]], '가슴을 드러내고 적꼭지름 만지기 시작하다', 0.47197876993352406), ([[81, 1723], [264, 1723], [264, 1802], [81, 1802]], '하으옷', 0.8088022490260129), ([[77, 1791], [1173, 1791], [1173, 1877], [77, 1877]], '우산부분에 오돌토돌한 게 쓸려서 기분좋아.', 0.36466573585245826), ([[1321.8939351307731, 2282.0211004262574], [1664.1314970770622, 2364.758815187813], [1598.1060648692269, 2601.9788995737426], [1254.8685029229378, 2519.241184812187]], '', 0.0)]
[([[62, 1168], [416, 1168], [416, 1244], [62, 1244]], '찌적:. 찌객::', 0.12454485299882533), ([[63, 1373], [240, 1373], [240, 1458], [63, 1458]], '하웃9', 0.8335172988367453), ([[65, 1509], [1487, 1509], [1487, 1602], [65, 1602]], '모나는 버섯이 빠져버길 듯이 잡아당경지만 버섯의 우산이', 0.3633180450822365), ([[63, 1586], [1148, 1586], [1148, 1664], [63, 1664]], '오히려 안쪽올 잡아당 빠질 것천럼 되없다', 0.5046413102980025)]
[([[78, 1329], [798, 1329], [798, 1416], [78, 1416]], '찌꺼0 찌꺼0 찌꺼0 찌먹0', 0.12990251174598424), ([[83, 1467], [1453, 1467], [1453, 1555], [83, 1555]], '모나는 격렬하게 허리흘 위아래로 흔들면서 버섯올 질로', 0.5637502362974568), ([[83, 1538], [1483, 1538], [1483, 1626], [83, 1626]], '물기 시작하다. 그 리드미걱한 상하운동에 맞추어 가슴이', 0.24608688773545773), ([[80, 1608], [575, 1608], [575, 1695], [80, 1695]], '흔들리기 시작햇다.', 0.6995907232904778), ([[81, 1887], [785, 1887], [785, 1975], [81, 1975]], '앗0 잇0 좋아이 좋아앗이 0', 0.1195866431683532), ([[1299, 2313], [1607, 2313], [1607, 2521], [1299, 2521]], '플', 0.007252467068540547)]
[([[1101, 141], [1201, 141], [1201, 205], [1101, 205]], '너', 0.042131304086908905), ([[1252, 706], [1336, 706], [1336, 826], [1252, 826]], '톤,', 0.045255668139028225), ([[64, 1168], [358, 1168], [358, 1248], [64, 1248]], '부르르릇9드', 0.2509967899952197), ([[72, 1470], [112, 1470], [112, 1498], [72, 1498]], '~', 0.9999043964348999), ([[335, 1377], [404, 1377], [404, 1513], [335, 1513]], '눕', 0.044066358034827724), ([[65, 1582], [1471, 1582], [1471, 1671], [65, 1671]], '바람버섯은 모나의 안쪽에서 문질런지논 감각에 반응하여', 0.4903505555170734), ([[63, 1653], [1331, 1653], [1331, 1739], [63, 1739]], '몸속에 쌓여있던 기생충올 질 안쪽으로 방출하없다; =', 0.1392673202449225), ([[89, 1829], [167, 1829], [167, 1897], [89, 1897]], '~', 0.05279533017368743), ([[1591, 1793], [1709, 1793], [1709, 1877], [1591, 1877]], '납', 0.0070383219066632585), ([[1254, 2288], [1652, 2288], [1652, 2544], [1254, 2544]], '13', 0.0017320516161876826)]
[([[53, 1087], [571, 1087], [571, 1173], [53, 1173]], '슬금슬금:  꿈을꿈틀', 0.2513857398677283), ([[620, 1085], [907, 1085], [907, 1175], [620, 1175]], '미골미꼴;', 0.2891176757721697), ([[52, 1370], [380, 1370], [380, 1448], [52, 1448]], '하아하아:.', 0.694372314640749), ([[55, 1435], [775, 1435], [775, 1523], [55, 1523]], '안주에 이상한 거 들어건어:; {', 0.10675624562181982), ([[52, 1573], [1530, 1573], [1530, 1664], [52, 1664]], '기생충의 방출과 동시에 절정한 모놔는 숨이 끊어질듯하면서', 0.5250509885829355), ([[51, 1641], [1529, 1641], [1529, 1731], [51, 1731]], '하복부에 느껴지늄 위화감에 불안감을 느끼미 쾌감의여운에', 0.30942792570524136), ([[53, 1715], [363, 1715], [363, 1801], [53, 1801]], '잠격 있있다', 0.18790699074881237), ([[1247, 2287], [1655, 2287], [1655, 2544], [1247, 2544]], '', 0.0)]
[([[41, 1263], [837, 1263], [837, 1355], [41, 1355]], '찌적   꿈들꿈들으 꿈들꿈0', 0.07215024139346732), ([[40, 1546], [212, 1546], [212, 1624], [40, 1624]], '후우.', 0.39919152774742367), ([[274, 1546], [412, 1546], [412, 1620], [274, 1620]], '하으;', 0.8883226848455663), ([[43, 1681], [1537, 1681], [1537, 1769], [43, 1769]], '모나는 질내의 이물이 신경쓰여서둘러 버섯올 때내려 햇지만', 0.5954687542117569), ([[41, 1751], [1773, 1751], [1773, 1840], [41, 1840]], '뒤집혀저있는 버섯의 우산이 생각회고; 찾아올 강렬한 쾌감에 대비하여', 0.16984503473640514), ([[42, 1824], [536, 1824], [536, 1904], [42, 1904]], '호흡올 가다듬는다.', 0.2076759021002832), ([[657.3800351256416, 252.05254093487986], [892.5435842336977, 236.1892545850784], [895.6199648743584, 455.94745906512014], [660.4564157663023, 471.8107454149216]], '오) ', 0.06798832788657813)]
[([[357, 335], [399, 335], [399, 379], [357, 379]], '2', 0.8375460821853267), ([[1406, 864], [1454, 864], [1454, 978], [1406, 978]], '홍', 0.49351460438926154), ([[329, 1087], [369, 1087], [369, 1127], [329, 1127]], '$', 0.17219068605172438), ([[329, 1121], [369, 1121], [369, 1161], [329, 1161]], '3', 0.4281508108605614), ([[60, 1147], [425, 1147], [425, 1234], [60, 1234]], '부부부   찌쩍:', 0.14960807174565338), ([[468, 1151], [592, 1151], [592, 1227], [468, 1227]], '꿈들', 0.7880799359628522), ([[639, 1145], [835, 1145], [835, 1233], [639, 1233]], '몹들"(', 0.018952490761876106), ([[61, 1424], [233, 1424], [233, 1514], [61, 1514]], '흐웃 ', 0.7124537968523671), ([[288, 1424], [447, 1424], [447, 1511], [288, 1511]], '흐응 ', 0.9108881148237806), ([[522, 1428], [655, 1428], [655, 1509], [522, 1509]], '끄웃:', 0.4243782522867438), ([[63, 1565], [1487, 1565], [1487, 1654], [63, 1654]], '우산이 결린 부분과 질내름 키어단니는 기생충의움직임에', 0.22109345052012844), ([[67, 1635], [1647, 1635], [1647, 1725], [67, 1725]], '엄청난 쾌감이 모나름 (덮친다  모나는 빠질 듯하면서 빠지진않는', 0.1286895371015825), ([[63, 1707], [1295, 1707], [1295, 1791], [63, 1791]], '상태의 보지름 움찢움질거리며 절정올 반복하여다', 0.2592943574085095), ([[1069, 1849], [1113, 1849], [1113, 1955], [1069, 1955]], '틈', 0.1699604666468737), ([[698, 1928], [748, 1928], [748, 2038], [698, 2038]], '틈', 0.24940404092252866)]
[([[863, 0], [977, 0], [977, 39], [863, 39]], '사너', 0.3352599962032037), ([[1105, 37], [1187, 37], [1187, 97], [1105, 97]], '너', 0.8004358125902833), ([[366, 340], [398, 340], [398, 374], [366, 374]], '5', 0.24078962591048825), ([[1250, 598], [1336, 598], [1336, 722], [1250, 722]], '틈;', 0.05175925858208079), ([[68, 1104], [408, 1104], [408, 1182], [68, 1182]], '부르르르르어', 0.40045351167745424), ([[345, 1277], [405, 1277], [405, 1365], [345, 1365]], '뉴', 0.10184190477773214), ([[69, 1381], [415, 1381], [415, 1467], [69, 1467]], '하아아아아양', 0.8965198896112255), ([[67, 1586], [1635, 1586], [1635, 1678], [67, 1678]], '우산이 결린 부분이빠지는 반동으로 온몸에 전기가 흐른눈듯한', 0.31802428509863306), ([[68, 1661], [1499, 1661], [1499, 1745], [68, 1745]], '쾌감이 모나의 몸을 감싸안앗고 다시한번 절정올 맛보있다', 0.44321500015005166), ([[1608, 1690], [1708, 1690], [1708, 1768], [1608, 1768]], '다', 0.28803058648182756), ([[92, 1732], [162, 1732], [162, 1788], [92, 1788]], '사', 0.08890808604555023)]
[([[68, 1164], [483, 1164], [483, 1243], [68, 1243]], '꿈꿈틀:. 찌객', 0.2520903424382454), ([[529, 1161], [825, 1161], [825, 1247], [529, 1247]], '움질움질하_', 0.03036462132489974), ([[66, 1440], [195, 1440], [195, 1519], [66, 1519]], '흐에-', 0.560169353527604), ([[298, 1442], [482, 1442], [482, 1520], [298, 1520]], '하으옷', 0.8306216781065907), ([[69, 1648], [1769, 1648], [1769, 1739], [69, 1739]], '모나는 당분간 겪렬한 절정으로 사고가 정지원 채 여운에 적어있없다:', 0.20467014355671456), ([[66, 1716], [1691, 1716], [1691, 1807], [66, 1807]], '그 사이에도 안주에 있는 기생충은 꿈지꿈들 날뛰며 모나의 안쪽올', 0.1445953094173592), ([[73, 1791], [435, 1791], [435, 1875], [73, 1875]], '범하고 있있다', 0.6001307954717817)]
[([[26, 826], [384, 826], [384, 906], [26, 906]], '찌적:. 푸우육', 0.24188718486999106), ([[28, 1108], [418, 1108], [418, 1182], [28, 1182]], '하으으으으웃9', 0.9752241330954852), ([[27, 1240], [1698, 1240], [1698, 1330], [27, 1330]], '드디어 질에서 버섯이 빠져나오자 모나의 음순데는 대량의 기생충이', 0.24866847202610665), ([[22, 1308], [1571, 1308], [1571, 1399], [22, 1399]], '기어다니고 있없다 그리고 우산의 끝부분에서 배설템기생충이', 0.26243463568102093), ([[26, 1375], [967, 1375], [967, 1473], [26, 1473]], '질구멍과 이어진채로 계속 꿈들거리다', 0.3992106726395729), ([[1269, 2315], [1651, 2315], [1651, 2544], [1269, 2544]], '내쇼', 0.03340413414023807)]
[([[90, 984], [266, 984], [266, 1060], [90, 1060]], '찌객:', 0.10963209965206333), ([[319, 979], [907, 979], [907, 1067], [319, 1067]], '꿈등꿈틀  움질: 움질', 0.17000556397624117), ([[87, 1253], [1154, 1253], [1154, 1345], [87, 1345]], '흐웃  . 거기가 미끌미골거려서.이상한 느낌', 0.487090546486952), ([[91, 1394], [1584, 1394], [1584, 1484], [91, 1484]], '숨올 가다듬고 하늘올 바라보고 외는 모나논안쪽과 음순에서', 0.24088162670602278), ([[88, 1466], [1282, 1466], [1282, 1558], [88, 1558]], '기어다니고 있는 기생충올 아직 눈치차지 못햇다', 0.1565523763753561), ([[1262, 2300], [1652, 2300], [1652, 2544], [1262, 2544]], '보쇼', 0.02914359706343253)]
[([[88, 1102], [212, 1102], [212, 1180], [88, 1180]], '미꼴', 0.32039500674475097), ([[261, 1099], [739, 1099], [739, 1183], [261, 1183]], '미골:  꿈틀; 꿈틀', 0.3993238166119094), ([[83, 1377], [1209, 1377], [1209, 1464], [83, 1464]], '응.? 버섯에 기생하터 기생충이없올 줄이야:', 0.22775828203263146), ([[1260, 2298], [1654, 2298], [1654, 2544], [1260, 2544]], '2쇼', 0.026478472096715392)]
[([[73, 941], [313, 941], [313, 1025], [73, 1025]], '꿈지꿈틀-', 0.20156874249780668), ([[360, 939], [647, 939], [647, 1026], [360, 1026]], '미골미골: :', 0.3113066079340976), ([[75, 1217], [1045, 1217], [1045, 1308], [75, 1308]], '내 소중한 곳에서 기어다니는 작은생물', 0.6036776967206591), ([[72, 1290], [633, 1290], [633, 1375], [72, 1375]], '후춧 : 산랑스럽베요', 0.2271644281098461), ([[76, 1360], [772, 1360], [772, 1440], [76, 1440]], '이 체험담올 집필해올까요: .', 0.22972175967869607), ([[73, 1427], [853, 1427], [853, 1514], [73, 1514]], '의외로 수요가 있든지도 올라요-', 0.2655932955980236), ([[1258, 2298], [1654, 2298], [1654, 2544], [1258, 2544]], '실쇼', 0.011480701543921742)]
[([[80, 948], [374, 948], [374, 1020], [80, 1020]], '앗:. 아앗:;', 0.19410128100260818), ([[431, 939], [1361, 939], [1361, 1028], [431, 1028]], '멋대로 움직의면안되요 @미분좋아;;', 0.17896350543148148), ([[79, 1011], [1261, 1011], [1261, 1097], [79, 1097]], '하아 이런 걸 할머니한터 들권다고 생각하면:', 0.4403181065978245), ([[81, 1081], [1211, 1081], [1211, 1166], [81, 1166]], '더욱더 온드에서 돌아갈 수 없게 돼버럿네요:::', 0.23874666996219107), ([[79, 1286], [1349, 1286], [1349, 1375], [79, 1375]], '모나는 당분간 질내에 기생충을 넣은 채로 생활하고', 0.5400488479702439), ([[78, 1355], [1429, 1355], [1429, 1443], [78, 1443]], '참을 수 없제 되면 바람 버섯으로 허리흘 흔드는 나날올', 0.2566859095814386), ([[80, 1432], [334, 1432], [334, 1510], [80, 1510]], '보내없다?', 0.7406897641213592), ([[1258, 2300], [1654, 2300], [1654, 2544], [1258, 2544]], '보쇼', 0.03678904470944896)]
[([[78, 876], [258, 876], [258, 954], [78, 954]], '며칠후', 0.9881575454644651), ([[75, 943], [967, 943], [967, 1035], [75, 1035]], '모나는 또다시-바람버섯올찾아있다_', 0.1425575896409953), ([[74, 1006], [1446, 1006], [1446, 1103], [74, 1103]], '주민에계 틀길 위험음알관서로- 알몸이되어간량이에서', 0.16131972141453058), ([[73, 1084], [495, 1084], [495, 1168], [73, 1168]], '애액올 분비한다.', 0.9210637444794512), ([[73, 1359], [869, 1359], [869, 1449], [73, 1449]], '들키기 전에빨리끝내야해요:', 0.44197912873755174), ([[1254, 2303], [1648, 2303], [1648, 2543], [1254, 2543]], '뇌', 0.001640145002853366)]
[([[42, 1106], [1384, 1106], [1384, 1202], [42, 1202]], '오늘은 분명 근위병이근처까지순회]오워날이없조:: ', 0.07706387372357723), ([[44, 1316], [1611, 1316], [1611, 1414], [44, 1414]], '모나는 치태름 다른_림에계들키지안으레주변에신경올 쓰미', 0.09100138594053594), ([[47, 1391], [593, 1391], [593, 1479], [47, 1479]], '안절부절 못하고있다', 0.6210423874530945), ([[1263, 2319], [1641, 2319], [1641, 2527], [1263, 2527]], '사조', 0.00482612287889748)]
[([[76, 1100], [250, 1100], [250, 1174], [76, 1174]], '차악: ', 0.4298549294471741), ([[71, 1158], [1234, 1158], [1234, 1254], [71, 1254]], '모나는 바로 버섯?끝붐붐에음순올들이민만', 0.033262393593104664), ([[72, 1441], [779, 1441], [779, 1527], [72, 1527]], '신경쓰고 있어도 소용없조', 0.6836459984566763), ([[74, 1515], [434, 1515], [434, 1596], [74, 1596]], '바로 시작해요', 0.9898055008055904), ([[1244, 2278], [1654, 2278], [1654, 2544], [1244, 2544]], '무', 0.007283594802599824)]
[([[1409, 807], [1453, 807], [1453, 885], [1409, 885]], '중', 0.4127168505676906), ([[1411, 881], [1453, 881], [1453, 919], [1411, 919]], '@', 0.41215285145287694), ([[331, 1029], [369, 1029], [369, 1105], [331, 1105]], '중', 0.615019674810867), ([[328, 1110], [370, 1110], [370, 1142], [328, 1142]], '9', 0.7749001505391426), ([[91, 1176], [743, 1176], [743, 1268], [91, 1268]], '찌꺼9 찌적 : 움질움질 ', 0.09806412227727475), ([[96, 1460], [276, 1460], [276, 1536], [96, 1536]], '하으옷', 0.3280208255034897), ([[90, 1586], [1706, 1586], [1706, 1714], [90, 1714]], '모나는 현리블 좌육로움집이폐미져입운산으로음순-올렉첫는다', 0.008170755196762022), ([[1281.9866332444258, 2262.017710790576], [1683.032990740323, 2371.573599111752], [1609.0133667555742, 2605.982289209424], [1207.967009259677, 2497.426400888248]], '7', 0.07369451021033058)]
[([[1107, 49], [1181, 49], [1181, 109], [1107, 109]], '너', 0.2906921701036289), ([[1250, 612], [1336, 612], [1336, 734], [1250, 734]], '뷰,', 0.03044424071069452), ([[61, 1123], [240, 1123], [240, 1208], [61, 1208]], '미골.', 0.21536185619491943), ([[288, 1130], [414, 1130], [414, 1208], [288, 1208]], '움질', 0.5060421038984292), ([[464, 1130], [593, 1130], [593, 1211], [464, 1211]], '움질', 0.9285842074873922), ([[334, 1284], [413, 1284], [413, 1452], [334, 1452]], '틈', 0.900768441423466), ([[59, 1407], [295, 1407], [295, 1491], [59, 1491]], '아아아양', 0.93320631980896), ([[58, 1536], [1778, 1536], [1778, 1637], [58, 1637]], '우산의 오돌토돌한 부분이음책음스치자-모마늄가업계 절정해버로다', 0.03815153122606176), ([[91, 1737], [171, 1737], [171, 1801], [91, 1801]], '~', 0.2589478940012704), ([[1263, 2313], [1637, 2313], [1637, 2541], [1263, 2541]], '싸끊', 0.0034215341797308625)]
[([[102, 1062], [274, 1062], [274, 1138], [102, 1138]], '미꼴:.', 0.3242050111293793), ([[98, 1340], [229, 1340], [229, 1419], [98, 1419]], '하앗', 0.2986590677114264), ([[328, 1340], [473, 1340], [473, 1417], [328, 1417]], '하앗', 0.5029271786397423), ([[98, 1470], [1596, 1470], [1596, 1570], [98, 1570]], '스친 것만으로 절정한 모마눈보지름이달품듯이움질런리면', 0.021084069423859257), ([[99, 1547], [467, 1547], [467, 1635], [99, 1635]], '애액올흘린다', 0.4674763095405713), ([[1251, 2301], [1653, 2301], [1653, 2537], [1251, 2537]], "'", 0.01053659914162669)]
[([[36, 1008], [628, 1008], [628, 1088], [36, 1088]], '찌적: 0 움질: 움질:', 0.11487096525662381), ([[36, 1285], [382, 1285], [382, 1362], [36, 1362]], '하아 하아;', 0.8228370836870537), ([[37, 1353], [617, 1353], [617, 1439], [37, 1439]], '또: 버섯이 들어와0', 0.7411532447470852), ([[36, 1484], [868, 1484], [868, 1585], [36, 1585]], '모나는 번섯의 끝부분-로천천히', 0.09393542372180559), ([[798, 1479], [1358, 1479], [1358, 1655], [798, 1655]], '핸플알럿히-롬-', 7.541781299628553e-05), ([[1098, 1488], [1353, 1488], [1353, 1579], [1098, 1579]], '염현간다?', 0.4450596496480622), ([[35, 1561], [819, 1561], [819, 1649], [35, 1649]], '우산의 돌기가 질입구름스치자', 0.2780242067505891), ([[37, 1627], [967, 1627], [967, 1719], [37, 1719]], '질흘 움질움질거리명주물시경번켜다', 0.013248716091440826), ([[1245, 2283], [1651, 2283], [1651, 2543], [1245, 2543]], '무', 0.013761989783348305)]
[([[65, 1217], [303, 1217], [303, 1301], [65, 1301]], '푸꾸꾸푹-', 0.6556406099534486), ([[403, 1215], [765, 1215], [765, 1299], [403, 1299]], '운질 @움질 ', 0.07634149498803226), ([[66, 1496], [197, 1496], [197, 1575], [66, 1575]], '흐웃', 0.339256945489488), ([[292, 1496], [433, 1496], [433, 1575], [292, 1575]], '흐웃;', 0.25052935104299534), ([[67, 1628], [1496, 1628], [1496, 1726], [67, 1726]], '모나는 호흡이 건칠어지폐어섯^운산율서서히안쪽흐콩', 0.026111816069366536), ([[66, 1704], [413, 1704], [413, 1789], [66, 1789]], '끌어당겨간다', 0.9973612715755038)]
[([[1286, 654], [1362, 654], [1362, 819], [1286, 819]], '틈', 0.470920044113484), ([[84, 1190], [268, 1190], [268, 1266], [84, 1266]], '찌적:<', 0.09837455302476883), ([[88, 1320], [1384, 1320], [1384, 1413], [88, 1413]], '버섯의 우산은 모나의미골미골한 질내에어려움없이', 0.39531834284275624), ([[87, 1397], [435, 1397], [435, 1481], [87, 1481]], '들어가버려다', 0.3764369353836704), ([[86, 1676], [270, 1676], [270, 1754], [86, 1754]], '하으옷', 0.5007744833835119), ([[367, 1671], [817, 1671], [817, 1761], [367, 1761]], "'들어와번트다0", 0.12470020258058477), ([[1291, 2317], [1648, 2317], [1648, 2544], [1291, 2544]], '"', 0.016944268365302273)]
[([[1101, 141], [1199, 141], [1199, 205], [1101, 205]], '', 0.0), ([[1254, 709], [1335, 709], [1335, 826], [1254, 826]], '류;', 0.06580813563016841), ([[90, 1075], [619, 1075], [619, 1162], [90, 1162]], '찌꺼찌꺼찌적어움질', 0.049397039618152935), ([[664, 1080], [844, 1080], [844, 1156], [664, 1156]], '울질:', 0.46988473952266746), ([[95, 1355], [329, 1355], [329, 1439], [95, 1439]], '하으으웃', 0.9159886240959167), ([[432, 1432], [462, 1432], [462, 1466], [432, 1466]], '<', 0.8506337368772989), ([[93, 1489], [1053, 1489], [1053, 1581], [93, 1581]], '모나는 더욱더 자궁다까지당울정도로', 0.15193269082506428), ([[1353, 1483], [1413, 1483], [1413, 1575], [1353, 1575]], '3', 0.7254961637300426), ([[95, 1563], [697, 1563], [697, 1651], [95, 1651]], '버섯올 깊숙이 넣어간다', 0.8597009995068101), ([[91, 1831], [171, 1831], [171, 1895], [91, 1895]], '~', 0.09037373996683673), ([[1592, 1794], [1702, 1794], [1702, 1870], [1592, 1870]], '뇌', 0.026744061393630725), ([[1258, 2304], [1660, 2304], [1660, 2544], [1258, 2544]], '13', 0.27945083814539107)]
[([[96, 1394], [298, 1394], [298, 1468], [96, 1468]], '하으옷:;', 0.592782658473785), ([[376, 1392], [529, 1392], [529, 1470], [376, 1470]], '하아_', 0.2153360831708303), ([[96, 1456], [1106, 1456], [1106, 1552], [96, 1552]], '이 버섯 : 너무 기분증아세못잡짚어요다', 0.0409018266673734), ([[97, 1597], [1327, 1597], [1327, 1689], [97, 1689]], '모나는 버섯올 십입한켓만으로몇번인가 절정하여', 0.191564910936601), ([[94, 1670], [524, 1670], [524, 1750], [94, 1750]], '그 여운에 젖심다', 0.3897942238198988), ([[1252, 2294], [1654, 2294], [1654, 2544], [1252, 2544]], '대주', 0.0018979959215890683)]
[([[84, 1210], [316, 1210], [316, 1286], [84, 1286]], '찌꺼찌적', 0.13006249070167542), ([[85, 1273], [1577, 1273], [1577, 1365], [85, 1365]], '모나는 허리가 빠질듯한쾌감에두려워하면서되하리흘 들어', 0.10404558361416867), ([[85, 1344], [739, 1344], [739, 1435], [85, 1435]], '버섯과의 성교름 신작한다', 0.5385222046328733), ([[86, 1628], [334, 1628], [334, 1702], [86, 1702]], '앗 . 아앗', 0.22787804189629626), ([[85, 1689], [1067, 1689], [1067, 1781], [85, 1781]], '천천히 움직이지않으면큰일나번려 0', 0.3568370583648408), ([[1281, 2312], [1657, 2312], [1657, 2544], [1281, 2544]], '한', 0.0041105912262274225), ([[638.875975774423, 262.08690444795985], [879.7969783005558, 211.34920155122882], [911.124024225577, 435.91309555204015], [669.2030216994442, 486.6507984487712]], ' >', 0.22550059810197817)]
[([[357, 333], [399, 333], [399, 379], [357, 379]], '2', 0.8950271587402767), ([[1406, 862], [1454, 862], [1454, 980], [1406, 980]], '홍', 0.41846742333905596), ([[75, 985], [771, 985], [771, 1072], [75, 1072]], '찌적: 찌적: . 질퍽 이질퍽스:', 0.06426192704823126), ([[329, 1087], [369, 1087], [369, 1165], [329, 1165]], '중', 0.06044016208750258), ([[329, 1165], [371, 1165], [371, 1201], [329, 1201]], '9', 0.9971116210570621), ([[73, 1265], [257, 1265], [257, 1341], [73, 1341]], '응흐웃', 0.24328829645035638), ([[357, 1257], [722, 1257], [722, 1361], [357, 1361]], '이거 중아앗;', 0.06451837677224322), ([[74, 1466], [1342, 1466], [1342, 1562], [74, 1562]], '모나는 버섯의 우산이 뒤집헤안쪽이금히눈자금에', 0.2312110857155773), ([[73, 1539], [624, 1539], [624, 1638], [73, 1638]], '몸올 떨려 느껴버린다', 0.3464750497015527), ([[698, 1784], [752, 1784], [752, 1962], [698, 1962]], '콩', 0.22843996936370647), ([[1281, 2309], [1629, 2309], [1629, 2539], [1281, 2539]], '내트', 0.017171383120910478)]
[([[62, 1392], [300, 1392], [300, 1468], [62, 1468]], '찌학찌적', 0.10818734019994736), ([[60, 1451], [1326, 1451], [1326, 1551], [60, 1551]], '모나는 천천히 쾌감에찢리늄듯이경권올반복하다', 0.2591917077276801), ([[64, 1736], [468, 1736], [468, 1816], [64, 1816]], '하아: 9 하아::', 0.210844793502401), ([[516, 1731], [856, 1731], [856, 1823], [516, 1823]], '리분콩아보0', 0.04121491646468067), ([[1247, 2294], [1661, 2294], [1661, 2544], [1247, 2544]], '13', 0.009463941560368517)]
[([[53, 1080], [721, 1080], [721, 1165], [53, 1165]], '찌꺼9 찌꺼9 찌꺼이찌적', 0.0676695383173168), ([[53, 1355], [945, 1355], [945, 1445], [53, 1445]], '시컷9 앗0 가버려이가버려없어어(', 0.12837270175576646), ([[54, 1559], [1464, 1559], [1464, 1655], [54, 1655]], '모나는 허리흘 상하되운회용황문진하켓움직이페트렬한', 0.024587746968829507), ([[54, 1628], [1566, 1628], [1566, 1727], [54, 1727]], '성교흘 반복하여다 어느새신음-권제모마의교성음 주변에', 0.047231683658583164), ([[54, 1708], [345, 1708], [345, 1786], [54, 1786]], '울려퍼진다', 0.7597726963422583)]
[([[1295, 741], [1335, 741], [1335, 877], [1295, 877]], '북', 0.22285268160410343), ([[91, 983], [617, 983], [617, 1095], [91, 1095]], '서풍기사 근위병', 0.8556241394590671), ([[1153, 911], [1206, 911], [1206, 1052], [1153, 1052]], '춤', 0.09651467509753786), ([[87, 1081], [629, 1081], [629, 1172], [87, 1172]], '무슨 소리가 들리듬데:', 0.5305426786647686), ([[675, 1085], [997, 1085], [997, 1173], [675, 1173]], '의주인가 -3', 0.2716864334542287), ([[90, 1366], [336, 1366], [336, 1442], [90, 1442]], '!!?(덜경)', 0.5400062669870896), ([[85, 1567], [759, 1567], [759, 1658], [85, 1658]], '모나가 한껏 빠져신음하관_', 0.40398289748264493), ([[737, 1556], [1683, 1556], [1683, 1739], [737, 1739]], "'균장번 워전터출외당넉다다앉다", 4.004423900761922e-05), ([[86, 1634], [886, 1634], [886, 1730], [86, 1730]], '심장이 멈출 듯한 돌림에 모과늄', 0.5133016091806076), ([[1055, 1637], [1543, 1637], [1543, 1729], [1055, 1729]], '버섯올과학 조인다', 0.3673331509062817), ([[727, 1819], [765, 1819], [765, 1855], [727, 1855]], '4', 0.6427039608397536), ([[1258, 2302], [1656, 2302], [1656, 2544], [1258, 2544]], '내예', 0.0052870726494539675)]
[([[84, 1081], [462, 1081], [462, 1157], [84, 1157]], '야  야오오용:', 0.6775883033150062), ([[80, 1210], [1352, 1210], [1352, 1311], [80, 1311]], '모나는 바로 고양이소리롭흉내내어위기름 넘켜다:', 0.06620405520623675), ([[82, 1379], [612, 1379], [612, 1484], [82, 1484]], '서풍기사 근위병', 0.9819779151056293), ([[80, 1494], [603, 1494], [603, 1581], [80, 1581]], '뛰야 : 고양이인가이', 0.7115920464858784), ([[81, 1631], [1617, 1631], [1617, 1723], [81, 1723]], '최근 여성의 비명소리가 틀린다늄보고가 외터니만켓양이현군', 0.024227973023696912), ([[1254, 2304], [1636, 2304], [1636, 2544], [1254, 2544]], '소_', 0.011121682211935437)]
[([[44, 1091], [758, 1091], [758, 1172], [44, 1172]], '찌적9 찌적9 찌꺼이숫꺼9-', 0.04387593019000775), ([[46, 1366], [298, 1366], [298, 1446], [46, 1446]], '야0 나앗', 0.5010246941432088), ([[349, 1363], [827, 1363], [827, 1451], [349, 1451]], '나맛이 마하하항이_', 0.017614890693657112), ([[45, 1502], [1523, 1502], [1523, 1594], [45, 1594]], '모나는 고양이 울음소리름 흉내내체결렬하제 허리지 흔들어', 0.10366193312106672), ([[48, 1576], [458, 1576], [458, 1656], [48, 1656]], '버섯올 문지르다', 0.6086845534191989), ([[45, 1743], [575, 1743], [575, 1853], [45, 1853]], '서풍기사 근위병', 0.8554375594241531), ([[43, 1849], [1145, 1849], [1145, 1941], [43, 1941]], '고양이가 발정난 젓갑춘 방해한지말아야지', 0.12034349209794888)]
[([[1101, 141], [1203, 141], [1203, 205], [1101, 205]], '', 0.0), ([[1254, 708], [1335, 708], [1335, 826], [1254, 826]], '류;', 0.04915944340709255), ([[57, 1111], [455, 1111], [455, 1195], [57, 1195]], '부르르르르로릇', 0.7787429663615659), ([[56, 1387], [473, 1387], [473, 1477], [56, 1477]], '나아아아아아입(', 0.22066219416033137), ([[56, 1523], [1468, 1523], [1468, 1619], [56, 1619]], '모나에게 겪렬하게지극당한 바람버섯임장여있데포액과', 0.03168267842624673), ([[54, 1592], [1373, 1592], [1373, 1691], [54, 1691]], '기생충올 질내에 방출해모마되오 동지에절정하다', 0.10433922231120961), ([[1399, 1609], [1435, 1609], [1435, 1663], [1399, 1663]], '9', 0.28134285281126736), ([[1595, 1795], [1699, 1795], [1699, 1863], [1595, 1863]], '너', 0.070002408943318), ([[91, 1831], [171, 1831], [171, 1895], [91, 1895]], '~', 0.09217935603750593), ([[1262, 2304], [1654, 2304], [1654, 2544], [1262, 2544]], '13', 0.014433558334034372)]
[([[58, 1067], [466, 1067], [466, 1148], [58, 1148]], '부릇: . 부르로릇', 0.4636785672622778), ([[515, 1067], [1089, 1067], [1089, 1153], [515, 1153]], '미골미골 - 꿈을급틀 "', 0.08066003278931017), ([[60, 1242], [232, 1242], [232, 1342], [60, 1342]], '모나', 0.9926322764720922), ([[60, 1342], [307, 1342], [307, 1423], [60, 1423]], '나  나앗', 0.6966775461311122), ([[59, 1412], [654, 1412], [654, 1500], [59, 1500]], '안쪽에 잔뜩 들어올다과', 0.2691069017675366), ([[56, 1548], [1426, 1548], [1426, 1646], [56, 1646]], '모나는 고양이소리흉내내문것음슬만듬분주로일은채', 0.008007973661685526), ([[58, 1617], [1380, 1617], [1380, 1714], [58, 1714]], '안족에 방출되고 %드포액과 리생중음쓰찌고있없다', 0.015326259385905093), ([[1257, 2301], [1661, 2301], [1661, 2544], [1257, 2544]], '다', 0.013846437463458428)]
[([[38, 1249], [838, 1249], [838, 1349], [38, 1349]], '찌적  . 미끌미골스꿈들꿈들0', 0.04789075281724962), ([[44, 1536], [210, 1536], [210, 1614], [44, 1614]], '나뭇: .', 0.22881168737088217), ([[270, 1534], [457, 1534], [457, 1619], [270, 1619]], '나흐웃:', 0.18576472997665405), ([[41, 1672], [1427, 1672], [1427, 1765], [41, 1765]], '모나는 버섯올 빼내레하지만 허리에결천있에러리가 잘 ', 0.07302517822180542), ([[41, 1743], [1481, 1743], [1481, 1833], [41, 1833]], '들리지 않사다 권런늄사이에되 질내에눕포액과 기생충이', 0.01672931350983734), ([[40, 1810], [592, 1810], [592, 1906], [40, 1906]], '계속 배출되고있없다', 0.5992991621504852), ([[1272, 2318], [1644, 2318], [1644, 2542], [1272, 2542]], '눕*', 0.0004836150322163644)]
[([[357, 335], [399, 335], [399, 379], [357, 379]], '2', 0.7134208858197191), ([[1406, 864], [1454, 864], [1454, 980], [1406, 980]], '홍', 0.11188539512989237), ([[331, 1085], [369, 1085], [369, 1163], [331, 1163]], '중', 0.39082082579449207), ([[329, 1165], [371, 1165], [371, 1201], [329, 1201]], '9', 0.9956086314639521), ([[94, 1302], [224, 1302], [224, 1378], [94, 1378]], '찌적-', 0.40936725214148684), ([[266, 1291], [1144, 1291], [1144, 1388], [266, 1388]], '찌쩍  . 부룻@미골미골@ 꿈들꿈틀', 0.01940932485030677), ([[95, 1573], [226, 1573], [226, 1660], [95, 1660]], '나뭇-', 0.46494348285416887), ([[326, 1580], [510, 1580], [510, 1660], [326, 1660]], '흐유옷', 0.8145951711190009), ([[605, 1575], [905, 1575], [905, 1661], [605, 1661]], '느으으웃-', 0.05572525298920541), ([[694, 1790], [722, 1790], [722, 1820], [694, 1820]], '0', 0.2671788349782709), ([[681, 1819], [723, 1819], [723, 1901], [681, 1901]], '8', 0.0330117569685493), ([[1287, 2307], [1633, 2307], [1633, 2543], [1287, 2543]], '"선', 0.006193421758144833)]
[([[863, 0], [977, 0], [977, 41], [863, 41]], '서너', 0.02685935459354076), ([[1108, 40], [1186, 40], [1186, 96], [1108, 96]], '너', 0.24702867917011506), ([[366, 340], [398, 340], [398, 374], [366, 374]], '5', 0.3021018361807961), ([[1250, 598], [1336, 598], [1336, 721], [1250, 721]], '유,', 0.04050945457185295), ([[42, 1298], [278, 1298], [278, 1378], [42, 1378]], '부르르릇', 0.9177517294883728), ([[1358, 1384], [1408, 1384], [1408, 1464], [1358, 1464]], '5', 0.6639764954106262), ([[43, 1572], [279, 1572], [279, 1663], [43, 1663]], '나히이익', 0.9963688850402832), ([[1600, 1690], [1704, 1690], [1704, 1764], [1600, 1764]], '뇌', 0.1283121390545796), ([[91, 1727], [169, 1727], [169, 1791], [91, 1791]], '~', 0.07252480886120427), ([[344.8418973634698, 1373.1359689265732], [379.6608186004551, 1357.0438604965868], [410.1581026365302, 1424.8640310734268], [374.3391813995449, 1441.9561395034132]], '늘', 0.030634152678929105), ([[1299.8673246665007, 2285.022919262566], [1650.7548390267134, 2350.014178833238], [1596.1326753334993, 2587.977080737434], [1245.2451609732866, 2522.985821166762]], '~)', 0.06689078208586327)]
[([[67, 1197], [823, 1197], [823, 1285], [67, 1285]], '꿈들꿈틀  미골-움질움질', 0.14799942028997848), ([[67, 1473], [198, 1473], [198, 1558], [67, 1558]], '나뭇', 0.7456261520369628), ([[300, 1474], [632, 1474], [632, 1558], [300, 1558]], '나하아*   0', 0.10829726321492791), ([[67, 1613], [1333, 1613], [1333, 1705], [67, 1705]], '뒤집히 우산이 질에세빠짐관 동신에절정한모나분', 0.1770517708697864), ([[69, 1685], [1305, 1685], [1305, 1773], [69, 1773]], '어중간하계고양이소리블 흉내내-여운에적폭다', 0.04388824966867865), ([[1262, 2304], [1632, 2304], [1632, 2544], [1262, 2544]], '소_', 0.0027756862637974724)]
[([[85, 911], [444, 911], [444, 996], [85, 996]], '찌적 . 찌적로 드', 0.013761904423908783), ([[84, 1188], [268, 1188], [268, 1268], [84, 1268]], '나하앗', 0.4773777163009424), ([[84, 1321], [1630, 1321], [1630, 1425], [84, 1425]], '버섯이 질예서 빠질자 울산 골분분인세배출렉진못한 기생충이', 0.001994080481439547), ([[82, 1387], [1334, 1387], [1334, 1488], [82, 1488]], '모나의 가랑이예 걸려롭들꿈등보지름 되어다마다', 0.022294415037488854)]
[([[77, 917], [1123, 917], [1123, 1007], [77, 1007]], '꿈지꿈들.. 미끌미골어 움질움질하 움질다', 0.03453890534723412), ([[82, 1198], [298, 1198], [298, 1276], [82, 1276]], '흐나앗;: ', 0.24798930723181378), ([[363, 1193], [993, 1193], [993, 1285], [363, 1285]], '미끌미골기분콩다과 0', 0.07379493206948869), ([[81, 1331], [1509, 1331], [1509, 1423], [81, 1423]], '모나는 몸되표정도-껍소리-전분상스런워제다랑이와', 0.09779605949963872), ([[80, 1399], [1444, 1399], [1444, 1497], [80, 1497]], '질내름 기어다니늄-생충올마라보데여움에 젖어있다', 0.09655021127574032)]
[([[88, 995], [501, 995], [501, 1083], [88, 1083]], '미끌미골  . 꿈틀', 0.3982137852917589), ([[536, 990], [729, 990], [729, 1086], [536, 1086]], '꿈지다', 0.010100599322322755), ([[88, 1276], [282, 1276], [282, 1354], [88, 1354]], '흐나앗', 0.9445396004479907), ([[82, 1343], [1081, 1343], [1081, 1434], [82, 1434]], '그렇게 움직이면안순다과 "으과아양3(', 0.03417440531901161), ([[1249, 2294], [1641, 2294], [1641, 2544], [1249, 2544]], '가', 0.010973773776728424)]
[([[79, 1005], [1100, 1005], [1100, 1094], [79, 1094]], '흐웃 . 제가 무슨 짓율하고있든 걸까오요', 0.05235644252950091), ([[79, 1072], [1163, 1072], [1163, 1164], [79, 1164]], '성욕에 콤쓸려 이런전속한최태름 보이다마:', 0.11888015183717947), ([[78, 1214], [731, 1214], [731, 1301], [78, 1301]], '모나는 여운에 젖으면서되_', 0.15545350076730094), ([[655, 1199], [1279, 1199], [1279, 1381], [655, 1381]], ' 음름잘등등름답:다', 0.0021505598151015503), ([[78, 1284], [675, 1284], [675, 1371], [78, 1371]], '냉정하게 자신의 한심한', 0.6578315853533985), ([[848, 1276], [1574, 1276], [1574, 1374], [848, 1374]], '범뵙모과흉분끄런움관 쾌감에', 0.06324751856353991), ([[77, 1353], [663, 1353], [663, 1444], [77, 1444]], '사고가 혼란라스러워진다', 0.18184395183737737)]
[([[72, 1060], [250, 1060], [250, 1134], [72, 1134]], '찌적:-', 0.492470920085907), ([[299, 1051], [1057, 1051], [1057, 1139], [299, 1139]], '찌먹9 꿈지꿈틀 . 미끌미골-드', 0.07041484706057698), ([[70, 1325], [1278, 1325], [1278, 1423], [70, 1423]], '하지만 . 이렇계-기분증음결만만물순문없어오:', 0.015479628706053464), ([[71, 1468], [1573, 1468], [1573, 1559], [71, 1559]], '바람버섯은 더욱데모나위마체에 포액관 리생풍지 부어없다 .', 0.06764494653353657), ([[71, 1538], [1261, 1538], [1261, 1630], [71, 1630]], '음란한 냄새가 모과의사고름 성옥으로터워간다 ', 0.08233833433986287)]
[([[50, 1064], [463, 1064], [463, 1145], [50, 1145]], '꿈지꿈틀:  미골', 0.24916973289568206), ([[51, 1339], [759, 1339], [759, 1428], [51, 1428]], '미끌미골한게 너무-콩아요하(', 0.2695468253254665), ([[791, 1351], [879, 1351], [879, 1415], [791, 1415]], '앗:', 0.1373799706035235), ([[53, 1413], [807, 1413], [807, 1497], [53, 1497]], '아앗:  0 좀더 움직여주세요3', 0.11691866425735749), ([[51, 1545], [1533, 1545], [1533, 1635], [51, 1635]], '이후 모나는 바람버섯음사용한 지위행위 험올집필하여고', 0.0803805924017633), ([[51, 1619], [1517, 1619], [1517, 1707], [51, 1707]], '그것은 욕구불만인 부인들까지이용하눈인기책자가되없다', 0.34073729719851586), ([[47, 1685], [1602, 1685], [1602, 1781], [47, 1781]], '그리고 밤이면 밤마다 바람버스으로지위하눈사람이온드 내에', 0.09936501753234415), ([[49, 1758], [287, 1758], [287, 1846], [49, 1846]], '늘어갖다', 0.12725913524627686), ([[1624, 2016], [1730, 2016], [1730, 2088], [1624, 2088]], '( `', 0.20787514361025664)]
[([[705, 1395], [749, 1395], [749, 1493], [705, 1493]], '(', 0.9862101753298056)]
[([[1257, 2311], [1643, 2311], [1643, 2544], [1257, 2544]], '43', 0.007723122073701682)]
[([[627, 1437], [763, 1437], [763, 1575], [627, 1575]], '0', 0.029337638665298593)]
