2080394
19
[([[34, 44], [810, 44], [810, 142], [34, 142]], '은원 철중에계붙잡렉줄이야 .', 0.06601711164301609), ([[35, 121], [1019, 121], [1019, 214], [35, 214]], '@라운나 노움 병장흥음문사하켓조 ?', 0.13430431199426934), ([[1246, 661], [1383, 661], [1383, 718], [1246, 718]], '0 0 0', 0.9873606887507689)]
[([[33, 48], [774, 48], [774, 139], [33, 139]], '웃미? 지금무슨 짓올하려눈 .', 0.11955621439225966), ([[33, 123], [616, 123], [616, 211], [33, 211]], '떼설마 귀에넣으려늄', 0.20792794877048695), ([[31, 192], [782, 192], [782, 288], [31, 288]], '속의의이이익:? 멈취어어없!?', 0.009887901227279549), ([[37, 600], [320, 600], [320, 858], [37, 858]], '@집', 0.0739317695957924), ([[1522.027393097861, 767.0163143162587], [1836.2466386934445, 897.4328543093673], [1736.972606902139, 1122.9836856837412], [1422.7533613065555, 993.5671456906327]], '@질', 0.02113559462062914), ([[155.2712275501983, 1680.0415330441242], [517.9631158735276, 1649.0617439635853], [525.7287724498017, 1959.9584669558758], [162.03688412647233, 1990.9382560364147]], '%필', 0.14832300336071122)]
[([[35, 47], [959, 47], [959, 138], [35, 138]], '끄오욕 ! 뇌 뇌가앗. 잇!? 가 각하]?', 0.3156002760986766), ([[35, 123], [862, 123], [862, 213], [35, 213]], '아 아낮 ! 저건 철충 .. 끄이익. !?', 0.13097327497040429), ([[35, 198], [945, 198], [945, 287], [35, 287]], '그 그만. ! 뇌름 맘대로 건들지마아앗!', 0.4463822332880662), ([[24, 592], [336, 592], [336, 863], [24, 863]], '', 0.0), ([[1524.0527932387117, 764.0154731045792], [1833.4933610299954, 906.602928829973], [1726.9472067612883, 1127.9845268954207], [1417.5066389700046, 985.397071170027]], '@', 0.920085955597699), ([[138.16044084070327, 1689.0483759733622], [509.9517519411693, 1644.4559564238825], [525.8395591592968, 1948.9516240266378], [154.04824805883072, 1994.5440435761175]], '끓델', 0.0032538790174557945)]
[([[1306, 519], [1543, 519], [1543, 607], [1306, 607]], '으학학 .', 0.16847437373306365), ([[1580, 517], [1893, 517], [1893, 610], [1580, 610]], '으히이익 9', 0.4664253419053465), ([[77, 991], [174, 991], [174, 1103], [77, 1103]], '0', 0.6723657756392107), ([[192, 1099], [367, 1099], [367, 1220], [192, 1220]], '거뻐', 0.0009057760509014527), ([[1464.810460027752, 605.0235926993506], [1798.8167866031138, 663.5515816438117], [1744.189539972248, 916.9764073006494], [1410.1832133968862, 858.4484183561883]], '양예', 0.019651989164314123)]
[([[31, 49], [380, 49], [380, 135], [31, 135]], '@에이헤', 0.17593051493167877), ([[418, 51], [679, 51], [679, 137], [418, 137]], '추 충성.@', 0.23476777337049407), ([[44, 123], [592, 123], [592, 211], [44, 211]], '일병레프리롬 오늘로', 0.08031169345738932), ([[32, 190], [1122, 190], [1122, 289], [32, 289]], '사랗관센하의아이름잔몸출산 예정입니타앗', 0.009455659666283225), ([[1462.7560228673258, 606.0249693964092], [1798.1990458140926, 656.1268057632907], [1748.2439771326742, 916.9750306035908], [1412.8009541859074, 866.8731942367093]], '%필', 0.1876004320400849)]
[([[28, 73], [1234, 73], [1234, 172], [28, 172]], '으제이익하다 나온탓; 각히의아이가 나외아아아앗', 0.03619571850276456), ([[286, 1105], [363, 1105], [363, 1191], [286, 1191]], '쇼', 0.07619743319000705)]
[([[30, 43], [923, 43], [923, 140], [30, 140]], '으레요으 오 오늘도 소 잔뜩 낭앗 ..', 0.03254321493889606), ([[1411, 594], [1446, 594], [1446, 627], [1411, 627]], '0', 0.8772093432995156), ([[1335, 601], [1412, 601], [1412, 649], [1335, 649]], '0', 0.4212120492935014), ([[1527, 825], [1825, 825], [1825, 1090], [1527, 1090]], '@)', 0.026301120036341923), ([[180.05893743395472, 1192.015272965805], [489.55473280122965, 1337.937665098951], [380.9410625660453, 1557.984727034195], [71.44526719877034, 1412.062334901049]], '@@', 0.03579248985247534)]
[]
[]
[([[25, 593], [338, 593], [338, 863], [25, 863]], '무합', 0.014322284861552483), ([[146, 1692], [371, 1692], [371, 1966], [146, 1966]], "93'", 0.5679519352267813), ([[1525.0589374339547, 764.0152729658051], [1835.5435133774092, 908.8747835095812], [1726.9410625660453, 1129.984727034195], [1416.4564866225908, 984.1252164904188]], '@주', 0.02379716475798361), ([[322.5462308203374, 1681.0480853870952], [485.27263956871354, 1651.5456206397814], [514.4537691796626, 1875.9519146129048], [351.72736043128646, 1904.4543793602186]], '@', 0.010318613239379326)]
[([[75, 988], [174, 988], [174, 1103], [75, 1103]], '0', 0.5887551589768378), ([[1463.7814941526879, 608.02475615612], [1791.6004546303627, 662.1285972786452], [1739.2185058473121, 913.97524384388], [1412.3995453696373, 859.8714027213548]], '@식', 0.029147431596171308), ([[117.11942999941867, 1138.4777199976747], [348.34517899325965, 1073.717849778925], [375.8805700005813, 1209.5222800023253], [145.65482100674035, 1275.282150221075]], '부', 0.014901939731481129)]
[]
[]
[]
[([[1246, 661], [1383, 661], [1383, 718], [1246, 718]], '0 0 0', 0.9927104414873975)]
[([[37, 600], [320, 600], [320, 858], [37, 858]], '@집', 0.06804976127328541), ([[1522.0208288964745, 767.0165353356432], [1834.1985085392778, 894.2291716784221], [1735.9791711035255, 1120.983464664357], [1423.8014914607222, 992.7708283215779]], '@절', 0.03361749645482493), ([[156.31991654600995, 1677.0381640122189], [519.5938825769173, 1650.2751985530474], [523.68008345399, 1970.9618359877811], [160.40611742308275, 1997.7248014469526]], '%결', 0.02839322097229242)]
[([[1462.765919264311, 604.0245735342062], [1799.252319466633, 655.2246460723075], [1748.234080735689, 916.9754264657938], [1412.747680533367, 864.7753539276925]], '%필', 0.5858831053185155)]
[([[785.0558940650569, 1987.023470707645], [915.1881876129189, 1946.2693977741017], [990.9441059349431, 2225.976529292355], [860.8118123870811, 2265.7306022258986]], '푹', 0.9961984592891895), ([[1369.0330403861838, 2440.069173483808], [1509.6728825393625, 2303.0080863625185], [1785.9669596138162, 2637.930826516192], [1645.3271174606375, 2774.9919136374815]], '돌', 0.15196935220313978), ([[591.8474850334655, 2520.027688696083], [898.9196065044107, 2570.2260115259023], [857.1525149665345, 2775.972311303917], [550.0803934955893, 2725.7739884740977]], '사높', 0.007986349896166723)]
[([[1411, 594], [1446, 594], [1446, 627], [1411, 627]], '0', 0.8937645923875301), ([[1335, 601], [1412, 601], [1412, 649], [1335, 649]], '0', 0.5975624534244197), ([[1543, 835], [1817, 835], [1817, 1082], [1543, 1082]], '@필', 0.5031460939548131), ([[180.05279323871173, 1192.0154731045793], [489.5245901639344, 1335.7704918032787], [381.94720676128827, 1555.9845268954207], [72.47540983606558, 1412.2295081967213]], '@@', 0.051712461075083184)]
