2081042
21
[([[84, 54], [324, 54], [324, 310], [84, 310]], '{ (', 0.23971396858525848), ([[738, 374], [814, 374], [814, 404], [738, 404]], '저기"\'', 0.6444352269172668), ([[739, 401], [815, 401], [815, 445], [739, 445]], '선생님', 0.2849086941446312)]
[]
[([[25, 111], [86, 111], [86, 152], [25, 152]], '죄', 0.588736041955574), ([[19, 155], [77, 155], [77, 195], [19, 195]], '어쪽', 0.35424203835236734)]
[([[102, 280], [170, 280], [170, 308], [102, 308]], '그렇게나', 0.5544662475585938), ([[78, 306], [192, 306], [192, 332], [78, 332]], '아저씨의 가슴이', 0.7036076069908228), ([[90, 332], [182, 332], [182, 358], [90, 358]], '보고 싶어; ?', 0.7209915134974384), ([[96, 356], [176, 356], [176, 382], [96, 382]], '어 ; 어절수', 0.1542464919437004), ([[100, 382], [152, 382], [152, 408], [100, 408]], '업구런', 0.1285286690402443), ([[100, 408], [150, 408], [150, 432], [100, 432]], '"보는', 0.9921383596765498), ([[106, 432], [164, 432], [164, 458], [106, 458]], '만이야?', 0.9978740811347961), ([[207.3947281234448, 166.03677061224738], [248.04764544365437, 158.11098792961295], [265.6052718765552, 257.9632293877526], [224.95235455634563, 265.889012070387]], '@', 0.19886218042542225), ([[160.42904663687753, 526.0327057408344], [197.45679723899428, 515.0209100949625], [227.57095336312247, 622.9672942591656], [191.54320276100572, 633.9790899050375]], '%', 0.14007914241006691)]
[([[330, 140], [382, 140], [382, 210], [330, 210]], '1', 0.6372827441314399), ([[556, 198], [624, 198], [624, 230], [556, 230]], '보 복면', 0.6511520743370056), ([[104, 244], [128, 244], [128, 268], [104, 268]], '그', 0.9987824261781775), ([[546, 228], [636, 228], [636, 260], [546, 260]], '수영복단의', 0.8945861227216197), ([[88, 270], [154, 270], [154, 300], [88, 300]], '마음예', 0.6516637206077576), ([[540, 258], [644, 258], [644, 290], [540, 290]], '스레설 노상', 0.71401769768933), ([[538, 288], [642, 288], [642, 318], [538, 318]], '떠도언스야;', 0.4300192609028095), ([[82, 300], [162, 300], [162, 332], [82, 332]], '들없다면', 0.5246636867523193), ([[50, 356], [104, 356], [104, 388], [50, 388]], '응원도', 0.8165897121363216), ([[46, 388], [106, 388], [106, 416], [46, 416]], '자; 잘', 0.7646282911300659), ([[44, 416], [110, 416], [110, 448], [44, 448]], '부탁해', 0.9793439867779333), ([[181, 389], [219, 389], [219, 461], [181, 461]], '~', 0.30563871574816304), ([[115, 599], [151, 599], [151, 673], [115, 673]], '퍽', 0.45437374070758096), ([[277, 937], [333, 937], [333, 975], [277, 975]], '감사', 0.9999632481459069), ([[405, 937], [487, 937], [487, 975], [405, 975]], '합니다.', 0.9537521600723267)]
[([[110, 94], [154, 94], [154, 126], [110, 126]], '돈이', 0.981265787470792), ([[112, 126], [150, 126], [150, 156], [112, 156]], '필요', 0.9689281796680744), ([[108, 156], [150, 156], [150, 184], [108, 184]], '해요', 0.9596018988025556), ([[330, 136], [384, 136], [384, 214], [330, 214]], '1', 0.7732253008594512), ([[588, 188], [636, 188], [636, 220], [588, 220]], '좀 더', 0.6734784245491028), ([[581, 217], [645, 217], [645, 253], [581, 253]], '응원해', 0.8871704225494469), ([[520, 333], [586, 333], [586, 366], [520, 366]], '준다면', 0.5540067508776968), ([[56, 374], [108, 374], [108, 404], [56, 404]], '부다', 0.9664712423066487), ([[181, 387], [217, 387], [217, 463], [181, 463]], '지', 0.006577586157194892), ([[94, 486], [136, 486], [136, 516], [94, 516]], '부탁', 0.9990659007880954), ([[86, 516], [142, 516], [142, 546], [86, 546]], '드려요', 0.7308688543791643), ([[610, 608], [656, 608], [656, 638], [610, 638]], '좀 더', 0.9716866773167517), ([[115, 599], [151, 599], [151, 673], [115, 673]], '퍽', 0.449616024739953), ([[614, 638], [654, 638], [654, 670], [614, 670]], '빗올', 0.5014250263051102), ([[594, 669], [669, 669], [669, 698], [594, 698]], '테니까;', 0.7524723410606384), ([[278, 938], [332, 938], [332, 970], [278, 970]], '감사', 0.8928175769062467), ([[405, 937], [487, 937], [487, 973], [405, 973]], '합니다.', 0.9680078029632568)]
[([[122, 156], [184, 156], [184, 182], [122, 182]], '아저씨', 0.9882216575411639), ([[596, 162], [658, 162], [658, 194], [596, 194]], '알앉어', 0.1947208233043389), ([[124, 184], [180, 184], [180, 212], [124, 212]], '마스크', 0.9982283663242502), ([[586, 192], [668, 192], [668, 222], [586, 222]], '알앉다고"', 0.6703941155070638), ([[116, 212], [190, 212], [190, 244], [116, 244]], '빗올 떼니', 0.1860407589851492), ([[78, 322], [144, 322], [144, 354], [78, 354]], '부탁해"', 0.9731738567352295), ([[591, 605], [659, 605], [659, 667], [591, 667]], '아', 0.9515813871421983), ([[278, 938], [334, 938], [334, 970], [278, 970]], '감사', 0.9580147672837009), ([[405, 937], [485, 937], [485, 975], [405, 975]], '합니다.', 0.9473477005958557)]
[([[372, 42], [404, 42], [404, 66], [372, 66]], "와'", 0.6021845030441809), ([[180, 208], [216, 208], [216, 238], [180, 238]], '전부', 0.999946811091495), ([[163, 233], [230, 233], [230, 264], [163, 264]], "'반아라,", 0.4545617370020226), ([[170, 260], [228, 260], [228, 290], [170, 290]], "맞이여'", 0.6080785989761353), ([[638, 540], [688, 540], [688, 566], [638, 566]], '맞이여', 0.4673804481414876), ([[114, 836], [164, 836], [164, 860], [114, 860]], '빛이여', 0.7131267241799143), ([[477, 915], [505, 915], [505, 931], [477, 931]], '0^', 0.8703161846395059), ([[301.53675894538793, 470.0543875706293], [317.407908508224, 467.0420391605248], [325.46324105461207, 515.9456124293707], [309.592091491776, 518.9579608394752]], '오', 0.2078963468994779)]
[([[202, 284], [322, 284], [322, 460], [202, 460]], '4', 0.6188060348324917), ([[780, 532], [820, 532], [820, 562], [780, 562]], '109', 0.032337880984978244)]
[]
[]
[([[564, 104], [624, 104], [624, 136], [564, 136]], '코하루', 0.9941673943544637), ([[1074, 102], [1124, 102], [1124, 134], [1074, 134]], '오늘올', 0.4442062687464398), ([[574, 134], [612, 134], [612, 166], [574, 166]], '오늘', 0.6908484212971943), ([[1070, 134], [1128, 134], [1128, 162], [1070, 162]], '위해서', 0.9997121084216475), ([[486, 172], [552, 172], [552, 202], [486, 202]], '묘하게', 0.49018633783258303), ([[1086, 164], [1112, 164], [1112, 194], [1086, 194]], '산', 0.9974960285859567), ([[1078, 196], [1120, 196], [1120, 220], [1078, 220]], '그게', 0.9038246947121993), ([[496, 202], [542, 202], [542, 234], [496, 234]], '양전', 0.6140301698851074), ([[490, 232], [540, 232], [540, 260], [490, 260]], '하네', 0.997596105722317), ([[1078, 222], [1120, 222], [1120, 254], [1078, 254]], '도착', 0.6945141253804817), ([[1072, 252], [1126, 252], [1126, 282], [1072, 282]], '해어"', 0.30001066105893), ([[504, 402], [532, 402], [532, 428], [504, 428]], '4', 0.6179932720798185), ([[546, 468], [592, 468], [592, 492], [546, 492]], "'", 0.8180615003390166), ([[1006, 400], [1038, 400], [1038, 484], [1006, 484]], '불', 0.9301894446099404), ([[1128, 470], [1152, 470], [1152, 498], [1128, 498]], '집', 0.9999078533420267), ([[1118, 502], [1162, 502], [1162, 526], [1118, 526]], '가고', 0.9997245393116145), ([[1116, 530], [1164, 530], [1164, 560], [1116, 560]], '싶다!', 0.865045127358219), ([[1175, 569], [1195, 569], [1195, 595], [1175, 595]], '호', 0.8203399391891821), ([[1158, 594], [1182, 594], [1182, 624], [1158, 624]], '^', 0.14569319062572106), ([[1040, 656], [1080, 656], [1080, 684], [1040, 684]], '빨리', 0.1518641548391955), ([[1129, 613], [1156, 613], [1156, 676], [1129, 676]], '월', 0.01195427860583248), ([[1058, 686], [1082, 686], [1082, 712], [1058, 712]], '집', 0.9998359747442009), ([[1172, 636], [1228, 636], [1228, 740], [1172, 740]], '삶', 0.4519136950421512), ([[1048, 716], [1090, 716], [1090, 740], [1048, 740]], '가고', 0.9996529804874722), ([[1042, 744], [1098, 744], [1098, 772], [1042, 772]], '싶어"', 0.8532576701640674), ([[636, 758], [662, 758], [662, 788], [636, 788]], '뜨', 0.12199999496285674), ([[672.3641784200731, 45.04059167657075], [709.0112679612835, 38.10333408220639], [725.6358215799269, 132.95940832342924], [687.9887320387165, 139.89666591779363]], '얇', 0.010226059569249435), ([[663.341306738663, 750.1993576285181], [751.5293808033725, 743.7074543763292], [752.658693261337, 804.8006423714819], [664.4706191966275, 811.2925456236708]], '[@문', 0.024133607745170593), ([[1137.172509771504, 799.0490820806353], [1190.8153241691953, 787.2394824043764], [1211.827490228496, 896.9509179193647], [1158.1846758308047, 908.7605175956236]], '잘', 0.5834598619003373)]
[]
[]
[]
[]
[]
[]
[([[331, 478], [438, 478], [438, 535], [331, 535]], '7;-그', 0.00458955904468894), ([[358, 556], [396, 556], [396, 582], [358, 582]], '이', 0.7280906371015341), ([[328.9153477109067, 583.1190646990802], [430.8507125007267, 596.7873218748183], [423.0846522890933, 637.8809353009198], [321.1492874992733, 624.2126781251817]], '가서형다', 0.000861902313772589)]
[([[130, 128], [188, 128], [188, 154], [130, 154]], '학생에제', 0.6907206177711487), ([[138, 152], [182, 152], [182, 176], [138, 176]], '고추틀', 0.8439156967963656), ([[132, 174], [188, 174], [188, 200], [132, 200]], '들이대고', 0.9985942244529724), ([[138, 198], [182, 198], [182, 222], [138, 222]], '이렇제', 0.7025089098828419), ([[223, 159], [259, 159], [259, 241], [223, 241]], '%', 0.3143462575627929), ([[144, 222], [176, 222], [176, 246], [144, 246]], '흥분', 0.9992994226893157), ([[44, 232], [100, 232], [100, 256], [44, 256]], '교사로씨', 0.8814246654510498), ([[136, 244], [182, 244], [182, 268], [136, 268]], '하다니', 0.9993923642632394), ([[48, 256], [96, 256], [96, 280], [48, 280]], '문제가', 0.9996102512833637), ([[50, 280], [94, 280], [94, 304], [50, 304]], '있다고', 0.6617512106895447), ([[54, 302], [90, 302], [90, 326], [54, 326]], '생각', 0.9962678323757872), ([[596, 310], [646, 310], [646, 334], [596, 334]], '도박에', 0.9969096177855523), ([[51, 329], [93, 329], [93, 347], [51, 347]], '해요오.', 0.8531519770622253), ([[600, 334], [648, 334], [648, 364], [600, 364]], '이켜다', 0.36939121687962473), ([[602, 360], [638, 360], [638, 386], [602, 386]], '지만', 0.9992589702589829), ([[114, 540], [148, 540], [148, 564], [114, 564]], '꿀욕', 0.3873036799349154), ([[106, 564], [156, 564], [156, 588], [106, 588]], '이에요', 0.9706669699832294), ([[113.28285463840554, 375.05169700499823], [151.03585220952291, 367.1084756772529], [168.71714536159445, 453.94830299500177], [130.96414779047709, 461.8915243227471]], '%', 0.011402787861528374), ([[538.4290466368775, 373.03270574083444], [577.6050077489956, 378.7322213473901], [563.5709533631225, 469.96729425916556], [525.3949922510044, 464.2677786526099]], '@', 0.16030790346000945)]
[([[144, 186], [194, 186], [194, 212], [144, 212]], '선생님', 0.996889391500572), ([[223, 159], [261, 159], [261, 241], [223, 241]], '%', 0.22763414970072304), ([[144, 212], [194, 212], [194, 236], [144, 236]], '주제에', 0.9997219500971849), ([[102, 232], [152, 232], [152, 260], [102, 260]], '까불지', 0.7180276243116958), ([[100, 260], [152, 260], [152, 284], [100, 284]], '마세요', 0.9995173422685226), ([[602, 274], [650, 274], [650, 300], [602, 300]], '개처럼', 0.9942680078835072), ([[600, 297], [651, 297], [651, 326], [600, 326]], '냄새틀', 0.20520433221173887), ([[608, 324], [646, 324], [646, 350], [608, 350]], '맡아', 0.9176090799618338), ([[600, 348], [650, 348], [650, 374], [600, 374]], '달라니', 0.9961404385054579), ([[123, 543], [155, 543], [155, 563], [123, 563]], '할"\'', 0.9253051844512508), ([[110, 564], [160, 564], [160, 588], [110, 588]], '리가 ', 0.8121951155443595), ([[114.27253004752585, 375.05320432317575], [151.04764544365437, 367.110987929613], [167.72746995247417, 452.94679567682425], [130.95235455634563, 460.889012070387]], '앗', 0.0453001195641376), ([[538.4224957091271, 373.0334630984937], [577.6050077489956, 378.7322213473901], [563.5775042908729, 468.9665369015063], [525.3949922510044, 464.2677786526099]], '%', 0.03213118286646832)]
