2081067
9
[]
[]
[]
[]
[]
[]
[]
[]
[([[427, 753], [477, 753], [477, 793], [427, 793]], '향문', 0.5398716907802793), ([[271, 789], [379, 789], [379, 849], [271, 849]], '산어 기', 0.02924787751820392), ([[419, 789], [467, 789], [467, 827], [419, 827]], '노데', 0.18816542056160845), ([[293, 825], [331, 825], [331, 867], [293, 867]], '9', 0.1611515807732724), ([[565, 903], [603, 903], [603, 939], [565, 939]], '의교', 0.2278445197629204), ([[530.234300746846, 760.0367277671977], [681.9902631943229, 815.6054191015149], [655.765699253154, 879.9632722328023], [504.0097368056771, 824.3945808984851]], '표소-', 0.03949313225868118), ([[576.1504654174618, 856.0726994212782], [656.891524322747, 879.9641477904771], [642.8495345825382, 923.9273005787218], [562.108475677253, 900.0358522095229]], '교통린이', 0.21795886754989624)]
