2082354
73
[([[1312, 205], [1995, 205], [1995, 397], [1312, 397]], '배오는 날은', 0.7111657494233886), ([[1403, 397], [1888, 397], [1888, 574], [1403, 574]], '희미하계', 0.5536169409751892), ([[1466, 582], [1841, 582], [1841, 758], [1466, 758]], '비치닐', 0.26003350208289294), ([[1461, 765], [1830, 765], [1830, 951], [1461, 951]], '젖꼭지', 0.5798288290188914)]
[]
[([[791, 674], [963, 674], [963, 742], [791, 742]], '일기예보', 0.6904869763921502), ([[791, 744], [943, 744], [943, 810], [791, 810]], '틀럿네:', 0.5618181228637695), ([[208, 998], [392, 998], [392, 1064], [208, 1064]], '헌 구두름', 0.41234623230883577), ([[220, 1068], [371, 1068], [371, 1134], [220, 1134]], '신율 걸.', 0.22121496362014867), ([[251, 1576], [396, 1576], [396, 1645], [251, 1645]], '계기능', 0.562637391785073), ([[223, 1645], [422, 1645], [422, 1718], [223, 1718]], '비가 맞당', 0.23177932757671185), ([[187, 1715], [462, 1715], [462, 1787], [187, 1787]], '그날이없다고', 0.9863542885921944), ([[208, 1786], [437, 1786], [437, 1854], [208, 1854]], '생각한다  .', 0.32286504484796197)]
[([[679, 1405], [851, 1405], [851, 1472], [679, 1472]], '아저씨도', 0.9604693872313445), ([[699, 1473], [830, 1473], [830, 1539], [699, 1539]], '우산을', 0.8258381835778523), ([[692, 1543], [835, 1543], [835, 1607], [692, 1607]], '안 가져', 0.8260801579298592), ([[679, 1610], [817, 1610], [817, 1679], [679, 1679]], '왕구나:', 0.18246613442897797), ([[1540, 1984], [1764, 1984], [1764, 2048], [1540, 2048]], '비가 그칠 거', 0.8194980526233038), ([[1547, 2049], [1748, 2049], [1748, 2113], [1547, 2113]], '같지 않아  ', 0.8547515375126555)]
[([[642, 783], [721, 783], [721, 883], [642, 883]], '화', 0.1621508541120642), ([[631, 1648], [671, 1648], [671, 1697], [631, 1697]], '날', 0.5031954502541311), ([[625, 1700], [794, 1700], [794, 1760], [625, 1760]], '본건가 ?', 0.9172199284839031), ([[319, 1790], [387, 1790], [387, 1964], [319, 1964]], '숙', 0.12858824640807143), ([[889, 2410], [977, 2410], [977, 2557], [889, 2557]], '값', 0.03179456482644927)]
[([[1535, 315], [1608, 315], [1608, 366], [1535, 366]], "'눈이", 0.5377399767565219), ([[1505, 367], [1642, 367], [1642, 420], [1505, 420]], '마주천어.', 0.10771637602831081), ([[833, 1172], [890, 1172], [890, 1225], [833, 1225]], '아', 0.9994786465375824)]
[([[1437, 231], [1530, 231], [1530, 293], [1437, 293]], '교복', 0.9999904748255235), ([[1435, 294], [1571, 294], [1571, 360], [1435, 360]], '비치고', 0.9998408082805464), ([[1435, 359], [1649, 359], [1649, 428], [1435, 428]], '있엇구나 .', 0.4143741800301677), ([[1603, 1320], [1818, 1320], [1818, 1384], [1603, 1384]], '그래서 날', 0.6085342874547148)]
[([[1144, 255], [1346, 255], [1346, 401], [1144, 401]], '가00', 0.011582136597725242), ([[1085, 709], [1184, 709], [1184, 829], [1085, 829]], '*4', 0.03824717448463295)]
[([[469, 321], [592, 321], [592, 385], [469, 385]], '굉장한', 0.96096104520977), ([[450, 385], [604, 385], [604, 442], [450, 442]], '비웃네:', 0.24433585352457557), ([[1689, 1675], [1841, 1675], [1841, 1737], [1689, 1737]], '속옷까지', 0.9401013255119324), ([[1690, 1737], [1819, 1737], [1819, 1792], [1690, 1792]], '젖없어:', 0.9264775514602661)]
[([[249, 1387], [461, 1387], [461, 1456], [249, 1456]], '아저씨는 ', 0.36756908800180804), ([[289, 1457], [389, 1457], [389, 1523], [289, 1523]], '이걸:', 0.27899546149075094), ([[243, 1526], [471, 1526], [471, 1598], [243, 1598]], '보고 싶,단', 0.15160099686898262), ([[292, 1601], [392, 1601], [392, 1667], [292, 1667]], '걸까:', 0.8414878249168396)]
[([[290, 245], [364, 245], [364, 298], [290, 298]], '옛 ', 0.27176832909237264), ([[295, 308], [370, 308], [370, 357], [295, 357]], '"아', 0.9422070822729398), ([[834, 276], [950, 276], [950, 338], [834, 338]], '명하니', 0.8766452552186966), ([[832, 334], [950, 334], [950, 396], [832, 396]], '있는데', 0.3536816262448599), ([[827, 395], [954, 395], [954, 455], [827, 455]], '무슨 일', 0.6427303610396138), ([[841, 454], [943, 454], [943, 515], [841, 515]], '있니?', 0.9281046667366057), ([[524, 1112], [620, 1112], [620, 1165], [524, 1165]], '그래?', 0.9999801782778809), ([[887, 1116], [1030, 1116], [1030, 1167], [887, 1167]], '아무것도 ;', 0.2863123771294947), ([[923, 1166], [1043, 1166], [1043, 1216], [923, 1216]], '"아니야', 0.999300479888916), ([[411, 2139], [500, 2139], [500, 2203], [411, 2203]], '왼지', 0.09646882424437243), ([[373, 2204], [500, 2204], [500, 2268], [373, 2268]], '이상한', 0.4927699785863726), ([[375, 2269], [500, 2269], [500, 2333], [375, 2333]], '생각을', 0.5696719996178603), ([[350, 2334], [520, 2334], [520, 2398], [350, 2398]], '해버로어.', 0.41474320026409545), ([[698, 2361], [833, 2361], [833, 2460], [698, 2460]], '유물', 0.5415064662783089), ([[683, 2461], [792, 2461], [792, 2545], [683, 2545]], '유물', 0.9350056438042489)]
[([[215, 604], [398, 604], [398, 664], [215, 664]], '응  나중에', 0.9772842193033695), ([[1066, 598], [1156, 598], [1156, 663], [1066, 663]], '어머,', 0.7335147507205422), ([[1692, 599], [1772, 599], [1772, 655], [1692, 655]], '다녀', 0.999541725931371), ([[218, 662], [339, 662], [339, 719], [218, 719]], '먹울게.', 0.8537205457687378), ([[1068, 661], [1231, 661], [1231, 722], [1068, 722]], '어서오럼.', 0.8977815094820861), ([[1672, 657], [1788, 657], [1788, 712], [1672, 712]], '앉어요', 0.141012922942093), ([[852, 886], [977, 886], [977, 947], [852, 947]], '옥수수', 0.9915180981111671), ([[816, 949], [974, 949], [974, 1013], [816, 1013]], '삶앗는데', 0.6595107316970825), ([[834, 1009], [977, 1009], [977, 1073], [834, 1073]], '먹울래?', 0.5407484769821167)]
[([[1366, 362], [1421, 362], [1421, 445], [1366, 445]], '속', 0.9357150648412613)]
[([[1502, 676], [1717, 676], [1717, 738], [1502, 738]], '어머; 아오이', 0.7633401412021831), ([[895, 710], [1031, 710], [1031, 774], [895, 774]], '아응', 0.9920890450096503), ([[1520, 737], [1699, 737], [1699, 799], [1520, 799]], '외출하게?', 0.9879571825519932), ([[372, 1385], [417, 1385], [417, 1431], [372, 1431]], '그', 0.9994878232808482), ([[736, 1373], [904, 1373], [904, 1426], [736, 1426]], '그래 그럼', 0.9992418010388368), ([[296, 1441], [464, 1441], [464, 1503], [296, 1503]], '가루 같이', 0.9836946369623831), ([[744, 1430], [909, 1430], [909, 1492], [744, 1492]], '가능 김에', 0.5914674133601783), ([[337, 1502], [423, 1502], [423, 1564], [337, 1564]], '생긴', 0.7850836528564505), ([[745, 1492], [906, 1492], [906, 1547], [745, 1547]], '큰소메 좀', 0.6983936864309258), ([[1684, 1464], [1782, 1464], [1782, 1530], [1684, 1530]], "'잠깐", 0.7794415048404785), ([[293, 1564], [467, 1564], [467, 1621], [293, 1621]], '큰소메:?', 0.7004113254410788), ([[778, 1550], [901, 1550], [901, 1605], [778, 1605]], '사오럼.', 0.23219355940818787), ([[224, 1970], [423, 1970], [423, 2032], [224, 2032]], '그래 과립형;', 0.44730768288401773), ([[225, 2030], [454, 2030], [454, 2087], [225, 2087]], '그리고 순무도', 0.9756938701053998), ([[224, 2083], [428, 2083], [428, 2147], [224, 2147]], '좀 부탁할게.', 0.5269501272511576), ([[894, 2303], [955, 2303], [955, 2470], [894, 2470]], '#', 0.6467039804540633), ([[1079, 2366], [1177, 2366], [1177, 2430], [1079, 2430]], '산책.', 0.9324718325615787), ([[175, 2416], [333, 2416], [333, 2482], [175, 2482]], '응 갚다', 0.651072434944799), ([[179, 2485], [322, 2485], [322, 2549], [179, 2549]], '올게요', 0.927458516095957)]
[([[1301, 403], [1374, 403], [1374, 516], [1301, 516]], '항', 0.13430690801109169), ([[1628, 829], [1789, 829], [1789, 891], [1628, 891]], "'굉장해", 0.49490317702293396), ([[814, 1486], [880, 1486], [880, 1577], [814, 1577]], "'솟", 0.15610755996213288), ([[1484, 1570], [1714, 1570], [1714, 1660], [1484, 1660]], '(#부부 []', 0.00294012673985645), ([[287, 1853], [437, 1853], [437, 1919], [287, 1919]], '굉장해', 0.9982487338654791), ([[814.3765016118952, 1212.021623211291], [876.4705596918067, 1189.0123098864922], [940.6234983881048, 1373.978376788709], [879.5294403081933, 1397.9876901135078]], '@', 0.35018304805909395)]
[([[1637, 215], [1823, 215], [1823, 281], [1637, 281]], '늘 다니면', 0.6248882157432131), ([[1090, 251], [1258, 251], [1258, 313], [1090, 313]], '하지만  .', 0.5812328648643281), ([[1585, 280], [1823, 280], [1823, 347], [1585, 347]], '길이 아난 거', 0.518204952077308), ([[1131, 316], [1224, 316], [1224, 380], [1131, 380]], '엄청', 0.8863722685610036), ([[1689, 346], [1789, 346], [1789, 407], [1689, 407]], '같아:', 0.8222359835113874), ([[377, 737], [461, 737], [461, 880], [377, 880]], '향', 0.2703461765373163), ([[1748, 927], [1831, 927], [1831, 976], [1748, 976]], '"나', 0.8618760970394175), ([[339, 922], [405, 922], [405, 1035], [339, 1035]], '향', 0.4638232605266559), ([[233, 1153], [329, 1153], [329, 1215], [233, 1215]], '두근', 0.9990492152446849), ([[213, 1216], [342, 1216], [342, 1280], [213, 1280]], '거려:.', 0.3222755193710327), ([[1374, 1540], [1559, 1540], [1559, 1607], [1374, 1607]], '나뿐 짓율', 0.2688668032097281), ([[1374, 1606], [1559, 1606], [1559, 1672], [1374, 1672]], '하고 있든', 0.5837006181838015), ([[1374, 1671], [1499, 1671], [1499, 1735], [1374, 1735]], '걸까:', 0.6983815695413279)]
[([[683, 1136], [772, 1136], [772, 1235], [683, 1235]], ')및', 0.0033758210846681113), ([[1666, 1468], [1772, 1468], [1772, 1565], [1666, 1565]], "대'", 0.5038124546599689), ([[265, 1520], [355, 1520], [355, 1618], [265, 1618]], '대', 0.09632467048763615), ([[913, 1510], [1109, 1510], [1109, 1644], [913, 1644]], '셋', 0.0026840549277127312), ([[419, 1972], [554, 1972], [554, 2098], [419, 2098]], '#>', 0.19039009930947626), ([[673.4633436854001, 1060.0483902697003], [699.5366563145999, 1055.0483902697003], [712.5366563145999, 1120.9516097302997], [686.4633436854001, 1126.9516097302997]], '8', 0.9999372968966469), ([[1664.8833494318526, 1935.056824432156], [1782.6195406291608, 1956.66479259223], [1761.1166505681474, 2054.943175567844], [1644.3804593708392, 2033.33520740777]], '#9', 0.5685253774655351)]
[([[1049, 343], [1162, 343], [1162, 446], [1049, 446]], '#>', 0.13799600001465528), ([[1696, 433], [1797, 433], [1797, 585], [1696, 585]], '#', 0.7792247879359628), ([[1602, 654], [1712, 654], [1712, 780], [1602, 780]], '#)', 0.0205683588860376), ([[898, 792], [946, 792], [946, 856], [898, 856]], '거', 0.816302808985828), ([[599, 824], [654, 824], [654, 908], [599, 908]], '속', 0.975304487616313), ([[1499, 1170], [1578, 1170], [1578, 1304], [1499, 1304]], '향', 0.534955744260742), ([[342.314855964253, 1271.0392468890013], [387.4152202993309, 1263.1692923667567], [404.685144035747, 1369.9607531109987], [359.5847797006691, 1377.8307076332433]], '향', 0.061023337405112565), ([[754.9580569325292, 2717.186753717829], [774.4703026326022, 2699.0370934146067], [820.0419430674708, 2749.813246282171], [800.5296973673978, 2767.9629065853933]], '"', 0.16099312396080112)]
[([[821, 1678], [942, 1678], [942, 1795], [821, 1795]], '퓨의', 0.0036946357182419043), ([[655, 1845], [703, 1845], [703, 1909], [655, 1909]], '~', 0.3931685083978529), ([[1329, 2002], [1417, 2002], [1417, 2108], [1329, 2108]], '거', 0.3750604011252676)]
[([[1074, 282], [1250, 282], [1250, 386], [1074, 386]], '#-', 0.03378245186892557), ([[912, 557], [1094, 557], [1094, 678], [912, 678]], '#여 -', 0.03329750522971153), ([[1008, 1274], [1088, 1274], [1088, 1327], [1008, 1327]], '하아', 0.9998454088597379), ([[308, 2012], [391, 2012], [391, 2067], [308, 2067]], '하아', 0.9999489184017407), ([[1216, 2219], [1360, 2219], [1360, 2316], [1216, 2316]], '#려;', 0.0007564874652852617), ([[1495.0087166897933, 46.0196605827922], [1806.1618485325216, 146.58088203165846], [1734.9912833102067, 347.9803394172078], [1422.8381514674784, 248.41911796834154]], '=늘:', 0.005620889487889462), ([[1609.1507801450518, 310.0138724385883], [1944.9152496138192, 471.9024210495342], [1844.8492198549482, 667.9861275614118], [1510.0847503861808, 507.0975789504658]], '{여->', 0.03956805542111397), ([[1168.945256169098, 922.0934345469491], [1270.719781639578, 938.1877919557772], [1260.054743830902, 989.9065654530509], [1158.280218360422, 973.8122080442228]], '하아', 0.9999617308760305), ([[1187.8709031195572, 2341.0639474521026], [1333.221201798104, 2361.130964280516], [1317.1290968804428, 2448.9360525478974], [1171.778798201896, 2428.869035719484]], '}-', 0.23914015931458213)]
[([[725, 682], [809, 682], [809, 735], [725, 735]], '"나', 0.6934333907251525), ([[697, 742], [830, 742], [830, 803], [697, 803]], '아까 ', 0.48140002520939973), ([[679, 807], [851, 807], [851, 871], [679, 871]], '여기서: .', 0.8440302863974121), ([[243, 846], [332, 846], [332, 901], [243, 901]], '그런', 0.6682488203932954), ([[224, 906], [324, 906], [324, 972], [224, 972]], '짓율:', 0.35690187379044797)]
[([[1023, 298], [1208, 298], [1208, 364], [1023, 364]], '진짜? 바다', 0.9992003624847676), ([[1316, 295], [1426, 295], [1426, 346], [1316, 346]], '난 딱히', 0.9929544925689697), ([[764, 330], [884, 330], [884, 392], [764, 392]], '수영복', 0.9995316570635588), ([[1316, 347], [1426, 347], [1426, 397], [1316, 397]], '없는데.', 0.5762710571289062), ([[985, 361], [1251, 361], [1251, 423], [985, 423]], '가고 싶지 않아?', 0.8178321232687672), ([[759, 390], [889, 390], [889, 452], [759, 452]], '입자구!', 0.8416852355003357), ([[1069, 423], [1162, 423], [1162, 476], [1069, 476]], '바다!', 0.7278109359898316), ([[766, 451], [882, 451], [882, 511], [766, 511]], '비키니', 0.998755325554807), ([[761, 513], [886, 513], [886, 568], [761, 568]], '라던가.', 0.7045127749443054), ([[222, 539], [407, 539], [407, 599], [222, 599]], '비키니는" ', 0.5325812874204973), ([[222, 598], [464, 598], [464, 659], [222, 659]], '좀 부끄러운데.', 0.48373035027122707), ([[1696, 674], [1829, 674], [1829, 734], [1696, 734]], '이제 곧', 0.9029772768438968), ([[1670, 734], [1834, 734], [1834, 802], [1670, 802]], '여름방학', 0.9986879229545593), ([[1707, 800], [1834, 800], [1834, 864], [1707, 864]], '이잡아', 0.8063546723278107), ([[1171, 872], [1409, 872], [1409, 934], [1171, 934]], '바다는 머니까', 0.939569818528618), ([[279, 905], [397, 905], [397, 958], [279, 958]], '내일 화', 0.8820572521191196), ([[1241, 933], [1406, 933], [1406, 995], [1241, 995]], '좀 그렇고', 0.9366696580646728), ([[261, 961], [409, 961], [409, 1014], [261, 1014]], '아외이장', 0.5228807926177979), ([[1099, 991], [1409, 991], [1409, 1055], [1099, 1055]], '수영장이라도 가자', 0.8673574907349364), ([[1553, 1024], [1723, 1024], [1723, 1079], [1553, 1079]], '아외이장은', 0.8367494497823614), ([[1207, 1054], [1406, 1054], [1406, 1114], [1207, 1114]], '모처럼이니:', 0.6052603841604307), ([[1582, 1080], [1696, 1080], [1696, 1133], [1582, 1133]], '뭐 할지', 0.7609025534707877), ([[1550, 1134], [1727, 1134], [1727, 1187], [1550, 1187]], '생각해문 거', 0.7216843142452305), ([[1593, 1186], [1684, 1186], [1684, 1241], [1593, 1241]], '있어?', 0.9803846106312978), ([[778, 1369], [909, 1369], [909, 1429], [778, 1429]], '응 안녕', 0.9966574763256821), ([[1004, 1361], [1054, 1361], [1054, 1419], [1004, 1419]], '응', 0.999373891635603), ([[1003, 1421], [1161, 1421], [1161, 1483], [1003, 1483]], '수영장은', 0.9995424747467041), ([[1003, 1484], [1179, 1484], [1179, 1544], [1003, 1544]], '가고 싶네.', 0.9605580036672169), ([[1640, 1764], [1741, 1764], [1741, 1793], [1640, 1793]], '댁%대', 0.00011624863854446992)]
[]
[([[551, 2320], [622, 2320], [622, 2373], [551, 2373]], "'아", 0.7515081589022947)]
[([[1162, 464], [1342, 464], [1342, 590], [1162, 590]], '군우&', 0.002350564553241612), ([[1679, 498], [1787, 498], [1787, 595], [1679, 595]], '두스"드', 0.0007093466119840741), ([[166, 1372], [266, 1372], [266, 1438], [166, 1438]], '속옷:', 0.978886697251544), ([[158, 1443], [309, 1443], [309, 1515], [158, 1515]], '입어야:', 0.6513420343399048), ([[1511, 2350], [1647, 2350], [1647, 2417], [1511, 2417]], '비치고', 0.9997589769368156), ([[1511, 2418], [1643, 2418], [1643, 2480], [1511, 2480]], '있어:', 0.8605783374777313), ([[146, 2547], [326, 2547], [326, 2686], [146, 2686]], "'(에", 0.01236567493382896), ([[1248.9140743953178, 221.0368936111703], [1519.3822234598715, 267.59691001334534], [1490.0859256046822, 399.9631063888297], [1219.6177765401285, 353.40308998665466]], '4구구? ', 0.04340564683143281), ([[563.2800093598174, 262.01620778794813], [834.9777393616182, 396.15629099080564], [771.7199906401826, 515.9837922120519], [500.0222606383818, 381.84370900919436]], '대규?? "', 0.08221614119400447), ([[1389.7147216997125, 518.2024415183897], [1519.0691382767523, 488.8074042819971], [1537.2852783002875, 599.7975584816103], [1407.9308617232477, 629.1925957180028]], '갑@0', 0.0025055455322674494)]
[([[326, 450], [350, 450], [350, 485], [326, 485]], '0', 0.6703312307144758), ([[1480, 427], [1541, 427], [1541, 518], [1480, 518]], '럿', 0.00652623529728974), ([[1829, 542], [1919, 542], [1919, 745], [1829, 745]], '#', 0.664333037501482), ([[241, 1064], [310, 1064], [310, 1115], [241, 1115]], '후우:', 0.47958539744658585), ([[1552.2968374460654, 2420.062289697966], [1588.4169082504393, 2415.2593622188406], [1596.7031625539346, 2483.937710302034], [1560.5830917495607, 2488.7406377811594]], '용', 0.9670906576483027)]
[([[708, 1718], [846, 1718], [846, 1778], [708, 1778]], '"그때', 0.8603792139099949), ([[726, 1781], [828, 1781], [828, 1845], [726, 1845]], '처럼.', 0.990134899979997), ([[991, 2452], [1168, 2452], [1168, 2516], [991, 2516]], '처: 처다', 0.2555696312981844), ([[994, 2515], [1217, 2515], [1217, 2581], [994, 2581]], '보고 있어:', 0.8080811524599688)]
[([[1314, 572], [1468, 572], [1468, 625], [1314, 625]], '"그:때', 0.7636890411376953)]
[([[1684, 170], [1746, 170], [1746, 232], [1684, 232]], "'저", 0.49402043905744475), ([[1652, 232], [1745, 232], [1745, 285], [1652, 285]], '저기', 0.9996229751136629), ([[804, 276], [855, 276], [855, 320], [804, 320]], '에', 0.9963100679853056), ([[194, 758], [361, 758], [361, 807], [194, 807]], '"아; 아뇨\'', 0.4123098644602222), ([[844, 767], [989, 767], [989, 818], [844, 818]], '"아 아니', 0.7863207769930124), ([[251, 816], [313, 816], [313, 855], [251, 855]], '그:', 0.3778063053844298), ([[842, 821], [980, 821], [980, 874], [842, 874]], '난그냥 .', 0.5473664862201907), ([[1351, 836], [1472, 836], [1472, 898], [1351, 898]], '저기', 0.999809754426654), ([[221, 954], [296, 954], [296, 1003], [221, 1003]], '그게', 0.9995322863177727), ([[189, 1006], [310, 1006], [310, 1059], [189, 1059]], '아니라;', 0.5080586075782776), ([[1189, 982], [1258, 982], [1258, 1042], [1189, 1042]], '저:', 0.9743029924727785), ([[1169, 1052], [1262, 1052], [1262, 1112], [1169, 1112]], '저지', 0.34184912511693216), ([[317, 1492], [400, 1492], [400, 1545], [317, 1545]], '그 ', 0.2929238218598698), ([[296, 1556], [396, 1556], [396, 1620], [296, 1620]], '보단:', 0.9945276287242266), ([[296, 1624], [428, 1624], [428, 1688], [296, 1688]], '저기: .', 0.2976993145765592), ([[1659, 1846], [1818, 1846], [1818, 1890], [1659, 1890]], '보  보서도', 0.7386698537885991), ([[1218, 1887], [1310, 1887], [1310, 1931], [1218, 1931]], '어:?', 0.9644788665495282), ([[1629, 1895], [1801, 1895], [1801, 1945], [1629, 1945]], '괜찮   아요:', 0.45670102268091217), ([[183, 1947], [325, 1947], [325, 2023], [183, 2023]], '화주석', 0.11441459309135708), ([[188, 2022], [286, 2022], [286, 2086], [188, 2086]], '으면:', 0.9057843138611278), ([[188, 2089], [288, 2089], [288, 2158], [188, 2158]], '종켓:', 0.20076094211212783), ([[188, 2159], [284, 2159], [284, 2221], [188, 2221]], '어요:', 0.6694057956557556)]
[([[1361, 302], [1417, 302], [1417, 355], [1361, 355]], '에', 0.9966928928456333)]
[([[347, 295], [433, 295], [433, 352], [347, 352]], '혹시', 0.9991430935561946), ([[289, 357], [441, 357], [441, 419], [289, 419]], '이런 걸::', 0.27107594072437413), ([[285, 417], [466, 417], [466, 481], [285, 481]], '좋아하니?', 0.7371492794365336), ([[938, 797], [1030, 797], [1030, 852], [938, 852]], '속옷:', 0.6008549989970551), ([[938, 853], [1160, 853], [1160, 910], [938, 910]], '안 입엇구나 ', 0.6437184674967563), ([[1077, 1554], [1274, 1554], [1274, 1618], [1077, 1618]], '지:  진짜?', 0.9292013026359744), ([[1108, 1623], [1242, 1623], [1242, 1687], [1108, 1687]], '음란한', 0.8339870805006211), ([[1102, 1691], [1247, 1691], [1247, 1755], [1102, 1755]], '애구나', 0.9952929956501213), ([[1410, 1909], [1495, 1909], [1495, 2050], [1410, 2050]], '품', 0.7323197336897955)]
[([[1550, 205], [1671, 205], [1671, 262], [1550, 262]], '자위: ', 0.832568347454071), ([[1585, 269], [1676, 269], [1676, 329], [1585, 329]], '해도', 0.9998707802079313), ([[1538, 332], [1674, 332], [1674, 396], [1538, 396]], '괜찮아', 0.9981670576088186), ([[591, 406], [711, 406], [711, 466], [591, 466]], "'그치만", 0.6285529136657715), ([[554, 468], [712, 468], [712, 521], [554, 521]], '누가 보면', 0.9955442502838957), ([[559, 526], [713, 526], [713, 587], [559, 587]], '흥분하는', 0.9334371089935303), ([[585, 587], [685, 587], [685, 643], [585, 643]], '거지?', 0.9998758398029048), ([[214, 716], [321, 716], [321, 771], [214, 771]], '아니면', 0.9997089425707375), ([[214, 770], [395, 770], [395, 825], [214, 825]], '아직 자위틀', 0.38237010158644197), ([[577, 766], [754, 766], [754, 835], [577, 835]], '아저씨가', 0.9922587275505066), ([[214, 828], [364, 828], [364, 881], [214, 881]], '해본 적이', 0.9735495590761853), ([[593, 834], [736, 834], [736, 900], [593, 900]], '화줄게.', 0.5016306638717651), ([[954, 837], [1014, 837], [1014, 886], [954, 886]], "'에?", 0.5240500287068863), ([[216, 882], [307, 882], [307, 937], [216, 937]], '없니?', 0.998472298813428), ([[215, 1140], [282, 1140], [282, 1184], [215, 1184]], '이', 0.9725759303744361), ([[164, 1190], [310, 1190], [310, 1246], [164, 1246]], '있어: 요:', 0.4477689391935953), ([[1197, 1310], [1320, 1310], [1320, 1360], [1197, 1360]], '아: 에:', 0.2817550615524999), ([[1610, 1603], [1814, 1603], [1814, 1670], [1610, 1670]], '아저씨한데', 0.6053699522720759), ([[1603, 1663], [1817, 1663], [1817, 1737], [1603, 1737]], '자위하는 거', 0.924786931044404), ([[1644, 1734], [1780, 1734], [1780, 1796], [1644, 1796]], '보여쥐.', 0.9618860483169556)]
[([[1264, 215], [1350, 215], [1350, 277], [1264, 277]], '여긴', 0.9913143402855427), ([[1225, 280], [1388, 280], [1388, 342], [1225, 342]], '지나가는', 0.7839398980140686), ([[1653, 269], [1784, 269], [1784, 325], [1653, 325]], '여기서: ', 0.9174986952395779), ([[999, 306], [1156, 306], [1156, 361], [999, 361]], '누가 오면', 0.9861296612290635), ([[1645, 324], [1799, 324], [1799, 377], [1645, 377]], '말인가요?', 0.9989824790723185), ([[1019, 365], [1135, 365], [1135, 422], [1019, 422]], '가리면', 0.9998594596207051), ([[1243, 343], [1368, 343], [1368, 405], [1243, 405]], '사람이', 0.9837632473638722), ([[1016, 422], [1143, 422], [1143, 484], [1016, 484]], '되니까', 0.998246050301119), ([[1243, 406], [1370, 406], [1370, 470], [1243, 470]], '적잖아', 0.9282802000894231), ([[1116, 903], [1191, 903], [1191, 1029], [1116, 1029]], '향', 0.1311250685920493), ([[88, 1098], [163, 1098], [163, 1227], [88, 1227]], '향', 0.14563233816258592), ([[1423.4671989601802, 1499.0203063783597], [1479.1288208441972, 1488.091616433513], [1507.5328010398198, 1643.9796936216403], [1451.8711791558028, 1654.908383566487]], '늘', 0.9514199869236108)]
[([[1283, 320], [1345, 320], [1345, 375], [1283, 375]], '내', 0.9999889135667992), ([[188, 400], [362, 400], [362, 461], [188, 461]], '부끄러운', 0.9985254406929016), ([[222, 463], [322, 463], [322, 527], [222, 527]], '곳을:', 0.2690198982577024), ([[1456, 1265], [1561, 1265], [1561, 1320], [1456, 1320]], '"보여', 0.7673165384335993), ([[1449, 1323], [1529, 1323], [1529, 1374], [1449, 1374]], '주고', 0.9999596235578764), ([[1483, 1377], [1567, 1377], [1567, 1432], [1483, 1432]], '있어:', 0.34164341258924846), ([[447, 1651], [621, 1651], [621, 1717], [447, 1717]], "'지금부터", 0.8366273276211144), ([[377, 1716], [655, 1716], [655, 1782], [377, 1782]], '더 창피한 곳도', 0.9610190801480272), ([[187, 2161], [284, 2161], [284, 2262], [187, 2262]], '선0', 0.0013293002543668755), ([[324, 2466], [357, 2466], [357, 2513], [324, 2513]], '응', 0.9994861547789391), ([[1300, 2409], [1406, 2409], [1406, 2500], [1300, 2500]], '8', 0.2809933588338396), ([[1489.393592685446, 494.02631588263023], [1546.040212877176, 487.3039167108073], [1558.606407314554, 622.9736841173698], [1502.959787122824, 628.6960832891926]], '둘', 0.9979785178249045), ([[1463.3486328543988, 619.0303715420669], [1518.1258886299806, 605.0911379523918], [1549.6513671456012, 739.9696284579331], [1493.8741113700194, 753.9088620476082]], '둘', 0.9978926566910253)]
[([[1247, 176], [1318, 176], [1318, 231], [1247, 231]], '응웃', 0.8806458328431548), ([[365, 1024], [436, 1024], [436, 1081], [365, 1081]], '응웃', 0.39587465913224884), ([[860, 1919], [955, 1919], [955, 1970], [860, 1970]], '응  으', 0.8016130328178406), ([[629, 2194], [792, 2194], [792, 2408], [629, 2408]], '퍽퍽', 0.013319314603871864), ([[1165, 2308], [1300, 2308], [1300, 2447], [1165, 2447]], '&', 0.06877068905177808), ([[1796, 2522], [1867, 2522], [1867, 2578], [1796, 2578]], '응웃', 0.7805958556352897), ([[744.0470742199867, 1596.0413535298476], [817.569184671843, 1557.0147358334295], [901.9529257800133, 1732.9586464701524], [827.430815328157, 1771.9852641665705]], '춤', 0.022850260638227704), ([[1676.4205594980183, 1890.0186722192839], [1742.797892928174, 1872.035438277575], [1789.5794405019817, 2062.981327780716], [1724.202107071826, 2080.964561722425]], '7', 0.02862972522415519)]
[([[695, 168], [783, 168], [783, 324], [695, 324]], '둘', 0.9989040518135539), ([[924, 107], [990, 107], [990, 259], [924, 259]], '둘', 0.9975310325176565), ([[826, 252], [899, 252], [899, 404], [826, 404]], '둘', 0.9948496547804666), ([[202, 562], [335, 562], [335, 626], [202, 626]], '그렇게', 0.8525197253421002), ([[181, 627], [356, 627], [356, 693], [181, 693]], '돼버리는', 0.8048374056816101), ([[184, 692], [353, 692], [353, 754], [184, 754]], '거구나: .', 0.7409611243866157), ([[205, 761], [330, 761], [330, 816], [205, 816]], '나로:.', 0.552320659160614), ([[506, 1220], [559, 1220], [559, 1295], [506, 1295]], '(', 0.9663718115294984), ([[618, 1376], [657, 1376], [657, 1431], [618, 1431]], '1}', 0.8583224345422168), ([[392, 2087], [410, 2087], [410, 2118], [392, 2118]], "'", 0.3311912073809822), ([[156, 2147], [176, 2147], [176, 2179], [156, 2179]], '2', 0.9997912754266203), ([[329.9563638994289, 1993.0683656356596], [385.6379617782631, 1969.025477771711], [432.0436361005711, 2084.9316343643404], [376.3620382217369, 2109.974522228289]], '탑', 0.007442887770271744), ([[127.544786249782, 2089.179144999128], [168.7010474854044, 2067.041096374063], [205.455213750218, 2140.820855000872], [165.2989525145956, 2163.958903625937]], '국', 0.13524809904915092)]
[([[864, 140], [964, 140], [964, 197], [864, 197]], '자지:', 0.9867239993711511), ([[1141, 122], [1196, 122], [1196, 190], [1141, 190]], '선0', 0.01721550426970073), ([[838, 199], [1019, 199], [1019, 263], [838, 263]], '넣어불래?', 0.7244379596084974), ([[441, 571], [497, 571], [497, 600], [441, 600]], '음0', 0.044191246235323285), ([[1161, 603], [1192, 603], [1192, 645], [1161, 645]], '응', 0.9983572559409737), ([[1721, 815], [1887, 815], [1887, 872], [1721, 872]], '그런 쪽도', 0.6553308186785379), ([[1068, 883], [1229, 883], [1229, 947], [1068, 947]], '아저씨랑', 0.9831891059875488), ([[1725, 874], [1883, 874], [1883, 938], [1725, 938]], '흥미있는', 0.5931702852249146), ([[327, 907], [401, 907], [401, 1056], [327, 1056]], '%', 0.032252889844182286), ([[1070, 946], [1202, 946], [1202, 1008], [1070, 1008]], '하는 건', 0.22770175337791443), ([[1753, 941], [1855, 941], [1855, 996], [1753, 996]], '거지?', 0.9998685444231992), ([[515, 932], [568, 932], [568, 1144], [515, 1144]], '7', 0.02108596512588634), ([[1070, 1009], [1175, 1009], [1175, 1069], [1070, 1069]], '어때?', 0.9999351666460607), ([[371, 1400], [422, 1400], [422, 1558], [371, 1558]], '낡', 0.10298985073955524), ([[173, 1791], [332, 1791], [332, 1842], [173, 1842]], '넣어 보고', 0.688659404587094), ([[196, 1841], [301, 1841], [301, 1891], [196, 1891]], '싶어요', 0.9678641557693481), ([[515.8674325266986, 396.129959864804], [570.3362654841741, 404.51066240723344], [563.1325674733014, 448.870040135196], [507.663734515826, 440.48933759276656]], "'에", 0.7338603620539588)]
[([[221, 916], [307, 916], [307, 969], [221, 969]], "아'", 0.42858242367064897), ([[794, 961], [827, 961], [827, 1001], [794, 1001]], '응', 0.997839665185495), ([[220, 978], [353, 978], [353, 1042], [220, 1042]], '아저씨', 0.9999311059770284), ([[225, 1049], [310, 1049], [310, 1102], [225, 1102]], '거:.', 0.6153395771980286), ([[1328, 1411], [1774, 1411], [1774, 1657], [1328, 1657]], '7"자"', 0.14769674837589264), ([[352, 1862], [446, 1862], [446, 1926], [352, 1926]], '들어', 0.9991441890993177), ([[1727, 1860], [1863, 1860], [1863, 1924], [1727, 1924]], '아저씨', 0.9998565001798564), ([[335, 1933], [427, 1933], [427, 1984], [335, 1984]], '오고', 0.9999448723672177), ([[1753, 1931], [1840, 1931], [1840, 1984], [1753, 1984]], '게:', 0.9575756153755014), ([[348, 1993], [448, 1993], [448, 2057], [348, 2057]], '있어', 0.9911631703487761), ([[365, 2203], [422, 2203], [422, 2294], [365, 2294]], '응', 0.3943915875952406), ([[405, 2261], [438, 2261], [438, 2303], [405, 2303]], "'웃", 0.8377599765312167), ([[1708, 2383], [1736, 2383], [1736, 2414], [1708, 2414]], '야', 0.8951560697689764), ([[1529, 2440], [1676, 2440], [1676, 2502], [1529, 2502]], '내 안에', 0.8268088862686253), ([[1249.1803126334526, 2304.016003416386], [1433.780902624609, 2468.9744279703636], [1315.8196873665474, 2601.983996583614], [1131.219097375391, 2437.0255720296364]], '488', 0.24572939236065516), ([[999.3302206766053, 2425.024957066512], [1071.5912073651982, 2438.94745434617], [1044.6697793233946, 2576.975042933488], [972.4087926348017, 2564.05254565383]], '', 0.0), ([[1338.178858198043, 2497.0259595290795], [1468.9991109287364, 2589.8479636148686], [1403.821141801957, 2680.9740404709205], [1272.0008890712636, 2588.1520363851314]], '스고', 0.010626596504865414)]
[([[1018, 321], [1094, 321], [1094, 365], [1018, 365]], '하잇', 0.3513444662717683), ([[1666, 274], [1800, 274], [1800, 362], [1666, 362]], '들어', 0.9999385504478752), ([[1635, 368], [1822, 368], [1822, 459], [1635, 459]], "옷어:'", 0.23943160474300385), ([[254, 1530], [339, 1530], [339, 1581], [254, 1581]], '아아', 0.9981519397860825), ([[1293, 1970], [1406, 1970], [1406, 2061], [1293, 2061]], '던', 0.004320490431869439), ([[457, 2383], [638, 2383], [638, 2631], [457, 2631]], '선', 0.6882552081394557), ([[577, 2605], [644, 2605], [644, 2675], [577, 2675]], '애', 0.4327596001985654), ([[1093.5700966641712, 469.8551449962567], [1278.409872554435, 379.22589956653326], [1336.4299033358288, 513.1448550037434], [1150.590127445565, 603.7741004334667]], "다새'", 0.013393738205432973), ([[1176.8266969114231, 556.0430779953546], [1285.8557230885506, 516.2569111785037], [1350.1733030885769, 723.9569220046454], [1241.1442769114494, 762.7430888214963]], '{', 0.6780984176271012), ([[1710.5835471862235, 1648.0066722101728], [1805.865118236997, 1635.1344905284702], [1848.4164528137765, 1985.9933277898272], [1753.134881763003, 1998.8655094715298]], '둘', 0.22119278801732012), ([[930.422756617837, 2614.0560587509685], [982.9804402145788, 2645.657982270458], [967.577243382163, 2670.9439412490315], [916.0195597854212, 2639.342017729542]], '7~', 0.29451624798965076)]
[([[1012, 217], [1087, 217], [1087, 277], [1012, 277]], '응웃', 0.6359743008228796), ([[1131, 164], [1222, 164], [1222, 277], [1131, 277]], '건', 0.053646374268861985), ([[266, 308], [332, 308], [332, 361], [266, 361]], '응웃', 0.6445577072722368), ([[1851, 240], [1939, 240], [1939, 353], [1851, 353]], '팬', 0.06859434590339308), ([[189, 441], [215, 441], [215, 476], [189, 476]], '"', 0.6836657381923636), ([[335, 432], [368, 432], [368, 481], [335, 481]], '0', 0.9999972581882197), ([[638, 404], [727, 404], [727, 470], [638, 470]], '역시', 0.9975527361671691), ([[888, 409], [965, 409], [965, 470], [888, 470]], '응웃', 0.361997376255981), ([[559, 472], [729, 472], [729, 538], [559, 538]], '젊은애는', 0.9787501692771912), ([[598, 537], [727, 537], [727, 603], [598, 603]], '포임이', 0.5467466934191418), ([[562, 604], [722, 604], [722, 671], [562, 671]], '종구만  .', 0.7050708253251109), ([[596, 669], [730, 669], [730, 738], [596, 738]], '자지에', 0.9752855227421857), ([[548, 735], [725, 735], [725, 801], [548, 801]], '취감겨와', 0.5539025664329529), ([[1251, 725], [1336, 725], [1336, 782], [1251, 782]], '설마', 0.9997918009169262), ([[1214, 782], [1415, 782], [1415, 844], [1214, 844]], '같은 애한터', 0.4596456488983688), ([[1633, 766], [1708, 766], [1708, 826], [1633, 826]], '응웃', 0.8096198454008031), ([[1210, 843], [1373, 843], [1373, 905], [1210, 905]], '아저씨 걸', 0.8817183786033026), ([[1189, 904], [1400, 904], [1400, 965], [1189, 965]], '넣계 돌 줄은', 0.25878985310825275), ([[1162, 964], [1418, 964], [1418, 1026], [1162, 1026]], '생각도 못 햇어.', 0.7888326655691975), ([[222, 1122], [270, 1122], [270, 1164], [222, 1164]], '아:', 0.6280135049770513), ([[1530, 1028], [1691, 1028], [1691, 1194], [1530, 1194]], '몹', 0.0016598652293851046), ([[1752, 1495], [1899, 1495], [1899, 1674], [1752, 1674]], ':', 0.00538458954025961), ([[1061, 1621], [1213, 1621], [1213, 1814], [1061, 1814]], '8', 0.9164839022787419), ([[1754, 1646], [1904, 1646], [1904, 1859], [1754, 1859]], '셋', 0.08305480292548939), ([[541, 1932], [632, 1932], [632, 2000], [541, 2000]], "'33", 0.887398203853289), ([[1223, 2393], [1314, 2393], [1314, 2545], [1223, 2545]], '쭉', 0.21344335055972863), ([[591.308436776643, 939.0843677664302], [701.4498853732891, 886.1774537700816], [776.691563223357, 1072.9156322335698], [666.5501146267109, 1125.8225462299185]], '48', 0.05553864508219496), ([[1075.001725626825, 1793.029335656025], [1201.994516015913, 1763.7502366242832], [1247.998274373175, 1996.970664343975], [1121.005483984087, 2027.2497633757168]], '또', 0.07749919464581367), ([[1629.0914642881057, 2054.015878639827], [1814.9446931287057, 2013.944636555258], [1884.9085357118943, 2391.984121360173], [1699.0553068712943, 2432.055363444742]], '7', 0.14424649443702808), ([[492.25375417511066, 2133.0154756201664], [632.0374525801708, 2163.6171850726337], [577.7462458248893, 2409.9845243798336], [437.9625474198292, 2379.3828149273663]], '약', 0.15082695693262682), ([[809.3558839970619, 2362.0082990860014], [997.4898144906279, 2433.1736290275603], [860.6441160029381, 2799.9917009139986], [671.5101855093721, 2729.8263709724397]], '{', 0.9813153824755751)]
[([[1198, 28], [1320, 28], [1320, 218], [1198, 218]], '개', 0.061857556780510414), ([[1018, 258], [1152, 258], [1152, 326], [1018, 326]], '아저씨', 0.9998837546097076), ([[159, 294], [342, 294], [342, 360], [159, 360]], '내 안을:.', 0.6098339676774016), ([[1021, 325], [1107, 325], [1107, 385], [1021, 385]], '게:', 0.9698414913239547), ([[163, 361], [335, 361], [335, 425], [163, 425]], '문질러:.', 0.6249708589553984), ([[1042, 889], [1142, 889], [1142, 969], [1042, 969]], '응웃', 0.5495859248342829), ([[1552, 1045], [1618, 1045], [1618, 1139], [1552, 1139]], '0', 0.9996837627602737), ([[1148, 1152], [1243, 1152], [1243, 1227], [1148, 1227]], '응옷', 0.30362049792581636), ([[1154, 1338], [1262, 1338], [1262, 1449], [1154, 1449]], '새', 0.13793215913199575), ([[280, 1437], [362, 1437], [362, 1503], [280, 1503]], '응웃', 0.7438500546594073), ([[1213, 1710], [1264, 1710], [1264, 1781], [1213, 1781]], '0', 0.6531852899164231), ([[152, 2285], [308, 2285], [308, 2351], [152, 2351]], '아저씨:', 0.9368219375610352), ([[1296, 2453], [1396, 2453], [1396, 2530], [1296, 2530]], '응웃', 0.8561892760159886), ([[308, 2570], [359, 2570], [359, 2650], [308, 2650]], '<', 0.00970203540229253), ([[1068, 2546], [1183, 2546], [1183, 2635], [1068, 2635]], '응웃', 0.6538132342700836), ([[199.8492070888625, 21.095242533174993], [287.21649407646885, 32.78205012512199], [277.1507929111375, 94.904757466825], [189.78350592353112, 83.217949874878]], '하맛', 0.16565444841451246), ([[705.4814867952695, 1929.1666905787124], [798.4660816661012, 1921.627134667119], [800.5185132047305, 1987.8333094212876], [707.5339183338988, 1994.372865332881]], '>', 0.7701352306014542)]
[([[227, 268], [280, 268], [280, 474], [227, 474]], '%', 0.008077422810448598), ([[1058, 205], [1111, 205], [1111, 422], [1058, 422]], '%', 0.05707401019714453), ([[1240, 218], [1295, 218], [1295, 388], [1240, 388]], '옛', 0.1418727924837846), ([[949, 805], [1181, 805], [1181, 873], [949, 873]], '"아저:" 씨', 0.5745416726101429), ([[1773, 2183], [1842, 2183], [1842, 2233], [1773, 2233]], '아', 0.9998422923283421), ([[1017, 2266], [1142, 2266], [1142, 2323], [1017, 2323]], '"보면', 0.7590287923812866), ([[1784, 2459], [1873, 2459], [1873, 2515], [1784, 2515]], '그런', 0.9997654187007238), ([[862, 2547], [926, 2547], [926, 2598], [862, 2598]], '아:', 0.8076092895667927), ([[1744, 2525], [1912, 2525], [1912, 2580], [1744, 2580]], '눈으로:', 0.8757486343383789), ([[1206, 2567], [1257, 2567], [1257, 2625], [1206, 2625]], '날', 0.9998939065464043), ([[176, 2669], [229, 2669], [229, 2717], [176, 2717]], '아', 0.9993446947174931), ([[1413.071126156452, 135.03928864613377], [1494.5120627788326, 113.29067973234511], [1532.928873843548, 274.96071135386626], [1451.4879372211674, 296.7093202676549]], '#', 0.026511840964534628), ([[1072.4816015659756, 1220.0451289260611], [1120.7854300726558, 1261.8858279709377], [1103.5183984340244, 1282.9548710739389], [1055.2145699273442, 1240.1141720290623]], '~스', 0.49208441817265264), ([[326.190371129775, 1631.0218659008374], [433.8927360127754, 1610.513916804918], [472.809628870225, 1845.9781340991626], [365.1072639872246, 1866.486083195082]], '"', 0.6485774950072631)]
[([[1653, 230], [1794, 230], [1794, 525], [1653, 525]], '향', 0.252384120834904), ([[1185, 798], [1271, 798], [1271, 860], [1185, 860]], '금방', 0.9973004670048564), ([[1126, 861], [1325, 861], [1325, 925], [1126, 925]], '가버튼지도', 0.2239943927511036), ([[1428, 834], [1562, 834], [1562, 898], [1428, 898]], '그렇게', 0.5209435289407454), ([[1752, 841], [1843, 841], [1843, 905], [1752, 905]], '엄청', 0.9980047616379528), ([[1121, 925], [1336, 925], [1336, 982], [1121, 982]], '모르는데: ?', 0.850953375253254), ([[1406, 897], [1584, 897], [1584, 971], [1406, 971]], '포여대면', 0.9037890434265137), ([[1723, 908], [1868, 908], [1868, 972], [1723, 972]], '포이네.', 0.2428811490535736), ([[1812, 1373], [1889, 1373], [1889, 1459], [1812, 1459]], '0', 0.41439074891812666), ([[674, 1615], [758, 1615], [758, 1683], [674, 1683]], '응웃', 0.3754590528589802), ([[1662, 1488], [1814, 1488], [1814, 1665], [1662, 1665]], '110', 0.5500367833938428), ([[229, 1648], [313, 1648], [313, 1715], [229, 1715]], '응웃', 0.6964216275292916), ([[1766, 1904], [1819, 1904], [1819, 1963], [1766, 1963]], "'죄", 0.9186974795907583), ([[208, 1939], [419, 1939], [419, 2003], [208, 2003]], '조   조여:', 0.4765625184499973), ([[616, 1925], [702, 1925], [702, 1994], [616, 1994]], '쇼', 0.09785863801461403), ([[1459, 1943], [1530, 1943], [1530, 2003], [1459, 2003]], '저:', 0.9358975699255876), ([[867, 1974], [912, 1974], [912, 2023], [867, 2023]], '"', 0.08333045690151497), ([[1752, 1972], [1847, 1972], [1847, 2034], [1752, 2034]], "'죄송", 0.9230083063155484), ([[208, 2008], [419, 2008], [419, 2075], [208, 2075]], '조여버려:  ', 0.3083121344595123), ([[1413, 2008], [1564, 2008], [1564, 2076], [1413, 2076]], '안 돼요:', 0.9343288556800408), ([[254, 2079], [355, 2079], [355, 2134], [254, 2134]], '요오:', 0.7910315083638975), ([[844, 2034], [919, 2034], [919, 2148], [844, 2148]], '_', 0.016650403220879406), ([[1727, 2040], [1825, 2040], [1825, 2102], [1727, 2102]], '해요', 0.9999881146094074), ([[499, 2058], [612, 2058], [612, 2232], [499, 2232]], '%', 0.04282234848535982), ([[1266, 2103], [1352, 2103], [1352, 2167], [1266, 2167]], '참을', 0.13329171240803564), ([[1264, 2168], [1388, 2168], [1388, 2228], [1264, 2228]], '수가.', 0.42120461354635585), ([[1266, 2229], [1424, 2229], [1424, 2293], [1266, 2293]], '없어:  서', 0.4775206600782069), ([[829, 2316], [929, 2316], [929, 2526], [829, 2526]], '"', 0.9574783640528608), ([[1122, 2254], [1215, 2254], [1215, 2479], [1122, 2479]], '"', 0.021578103475295762), ([[1645.5481185503547, 1224.0439560808513], [1818.898478896488, 1178.710606259282], [1871.4518814496453, 1436.9560439191487], [1698.101521103512, 1481.289393740718]], '"요', 0.02744465108948294), ([[1105.55504180254, 2434.0141562998797], [1163.5298402147512, 2444.955148632239], [1135.44495819746, 2604.9858437001203], [1076.4701597852488, 2594.044851367761]], '@', 0.0033865394999885723)]
[([[1131, 186], [1215, 186], [1215, 290], [1131, 290]], '1', 0.2882963476228184), ([[1679, 295], [1747, 295], [1747, 343], [1679, 343]], '앗 ', 0.23460570109558532), ([[1636, 347], [1790, 347], [1790, 400], [1636, 400]], '안돼: 요', 0.8402197700681827), ([[1347, 575], [1537, 575], [1537, 752], [1347, 752]], '넥;', 0.1254400056444316), ([[396, 734], [471, 734], [471, 827], [396, 827]], '(', 0.9993779434865111), ([[517, 1241], [704, 1241], [704, 1307], [517, 1307]], '네 거기가', 0.9996712423451335), ([[859, 1216], [999, 1216], [999, 1278], [859, 1278]], '그렇게:', 0.6272501945495605), ([[265, 1311], [423, 1311], [423, 1373], [265, 1373]], '이렇게나', 0.5650845170021057), ([[517, 1309], [704, 1309], [704, 1375], [517, 1375]], '나뿐 거야', 0.5851305714677486), ([[881, 1279], [997, 1279], [997, 1339], [881, 1339]], '겪렬: .', 0.34673848658336465), ([[1445, 1285], [1518, 1285], [1518, 1365], [1445, 1365]], '4', 0.9999302637814402), ([[880, 1343], [998, 1343], [998, 1399], [880, 1399]], '하게: .', 0.4852428786301092), ([[242, 1372], [441, 1372], [441, 1433], [242, 1433]], '포여대니까', 0.6952876355790379), ([[1080, 1598], [1149, 1598], [1149, 1655], [1080, 1655]], '맛:', 0.4458065869761523), ([[925, 2342], [1025, 2342], [1025, 2398], [925, 2398]], '안 돼:', 0.8525677888344018), ([[320, 2513], [431, 2513], [431, 2564], [320, 2564]], '안  돼.', 0.3251289717297362), ([[688, 2497], [792, 2497], [792, 2558], [688, 2558]], '잠까.', 0.7911579683148812), ([[1715.1757279044557, 558.0199948317879], [1944.9757817033349, 670.0928971608905], [1878.8242720955443, 797.9800051682121], [1649.0242182966651, 685.9071028391095]], '스석화', 0.009835671033112134), ([[1741.2661826942394, 786.0128250552447], [1984.714272400475, 972.5476212665875], [1875.7338173057606, 1113.9871749447552], [1631.285727599525, 927.4523787334125]], '산:4', 0.008491996111882298), ([[1847.9140743953178, 1938.0368936111704], [1966.692768727931, 1914.046994141301], [2000.0859256046822, 2116.9631063888296], [1880.307231272069, 2140.9530058586993]], '닿', 0.056339472787208855)]
[([[1746, 148], [1860, 148], [1860, 434], [1746, 434]], '북', 0.24666096635428403), ([[1221, 827], [1587, 827], [1587, 1193], [1221, 1193]], '', 0.0), ([[1435, 1152], [1701, 1152], [1701, 1374], [1435, 1374]], '게', 0.4604928006984643), ([[852, 1875], [894, 1875], [894, 1917], [852, 1917]], '소', 0.07873415867593181), ([[480, 2354], [581, 2354], [581, 2474], [480, 2474]], '이', 0.3518638568677943), ([[623.4406669054329, 278.0676694124777], [718.6224648419957, 191.01076606632512], [908.5593330945671, 428.9323305875223], [813.3775351580043, 515.9892339336749]], '줄', 0.06952882990027831), ([[921.0562059881074, 816.0318486239905], [1078.6427673568783, 879.857564822292], [1030.9437940118926, 991.9681513760095], [873.3572326431217, 927.142435177708]], '사,', 0.06240280690642908), ([[598.2777582324028, 2034.0104348411355], [902.7181772009912, 2257.256777342931], [774.7222417675972, 2429.9895651588645], [470.28182279900875, 2206.743222657069]], '스녹', 0.005684994943488781), ([[883.767481795836, 2346.0585588562785], [969.6557298843684, 2299.0165482895054], [1054.2325182041639, 2476.9414411437215], [968.3442701156316, 2522.9834517104946]], '벽', 0.0153783554612002), ([[416.1254269334238, 2382.013661869562], [724.9415960486094, 2556.192457398473], [605.8745730665762, 2757.986338130438], [298.05840395139063, 2583.807542601527]], '스*', 0.308746210763638)]
[([[1748, 104], [1817, 104], [1817, 154], [1748, 154]], '하아', 0.999530432111027), ([[1044, 182], [1113, 182], [1113, 231], [1044, 231]], '하아', 0.9998021684251082), ([[1418, 362], [1489, 362], [1489, 411], [1418, 411]], '하아', 0.9998145589030192), ([[596, 1100], [672, 1100], [672, 1156], [596, 1156]], '후우', 0.9939080646239398), ([[1246, 1192], [1312, 1192], [1312, 1325], [1246, 1325]], '푹', 0.9655582310825963), ([[603, 1310], [658, 1310], [658, 1399], [603, 1399]], '향', 0.3488632942890604), ([[667, 1471], [731, 1471], [731, 1575], [667, 1575]], '향', 0.2156890558650595), ([[274, 1716], [335, 1716], [335, 1820], [274, 1820]], '향', 0.5554465837604425), ([[1284.2583527229992, 1473.0211726524883], [1423.7581045131803, 1589.5038491169864], [1353.7416472770008, 1673.9788273475117], [1214.2418954868197, 1558.4961508830136]], '시4', 0.008964219193448641), ([[1604.602912108512, 2156.0046382443197], [1724.3728996864033, 2136.0555275546544], [1802.397087891488, 2617.9953617556803], [1683.6271003135967, 2638.9444724453456]], '5', 0.03520084468180418)]
[([[705, 235], [797, 235], [797, 441], [705, 441]], '펼', 0.024768318924693666), ([[1110, 345], [1152, 345], [1152, 412], [1110, 412]], '속', 0.9446104381323153), ([[215, 692], [349, 692], [349, 756], [215, 756]], '이결로', 0.8628203197669231), ([[213, 757], [387, 757], [387, 824], [213, 824]], '아기가  .', 0.609626793979862), ([[1680, 936], [1793, 936], [1793, 1129], [1680, 1129]], '향', 0.6450518344496494), ([[956, 1557], [1005, 1557], [1005, 1615], [956, 1615]], '아', 0.7406028047464588), ([[907, 2289], [1108, 2289], [1108, 2390], [907, 2390]], '"이게', 0.9139233229231691), ([[897, 2394], [1113, 2394], [1113, 2502], [897, 2502]], '남자의', 0.9997032302779284)]
[([[1655, 67], [1721, 67], [1721, 146], [1655, 146]], '선0', 0.40399254587917083), ([[1016, 258], [1172, 258], [1172, 320], [1016, 320]], '아저씨네', 0.985030472278595), ([[1726, 275], [1795, 275], [1795, 330], [1726, 330]], '더:', 0.8279014331981497), ([[1013, 320], [1174, 320], [1174, 377], [1013, 377]], '집에 오럼', 0.682252481437084), ([[1720, 341], [1814, 341], [1814, 407], [1720, 407]], '하고', 0.9999505199583973), ([[788, 372], [957, 372], [957, 449], [788, 449]], '더 박아', 0.8978282689013645), ([[1700, 411], [1816, 411], [1816, 477], [1700, 477]], '싶지?', 0.9970810618376184), ([[795, 455], [948, 455], [948, 528], [795, 528]], '줄게:.', 0.8287407159805298), ([[849, 2217], [918, 2217], [918, 2262], [849, 2262]], '하잇', 0.45917016681997447), ([[223.00019994002, 2352.100979706098], [292.56084348055344, 2363.950925392795], [282.99980005998003, 2410.899020293902], [214.43915651944656, 2399.049074607205]], '하앗', 0.18794419572908178), ([[482.01941932430907, 2383.0970966215455], [549.5240935110049, 2394.8710148183504], [540.9805806756909, 2442.9029033784545], [472.475906488995, 2431.1289851816496]], '하맛', 0.27365092286038034)]
[([[656, 260], [729, 260], [729, 322], [656, 322]], '응웅', 0.3398426145136569), ([[232, 344], [301, 344], [301, 400], [232, 400]], '응웅', 0.47913649715669504), ([[197, 780], [281, 780], [281, 927], [197, 927]], '항', 0.04585116521197108), ([[1792, 741], [1895, 741], [1895, 921], [1792, 921]], '향', 0.061699015413589686), ([[1543, 920], [1629, 920], [1629, 1075], [1543, 1075]], '합', 0.1758386993860519), ([[296, 1034], [385, 1034], [385, 1188], [296, 1188]], '향', 0.35724407849935247), ([[1666, 1119], [1871, 1119], [1871, 1333], [1666, 1333]], '4', 0.7166626249118622), ([[1419, 1621], [1593, 1621], [1593, 1838], [1419, 1838]], '4', 0.6633834098393123), ([[1409, 1805], [1599, 1805], [1599, 1992], [1409, 1992]], '숲', 0.1891930341751058), ([[139.4204588953642, 1220.0069982680775], [317.94337865231415, 1244.1828026293776], [257.57954110463584, 1681.9930017319225], [80.05662134768583, 1658.8171973706224]], '"\'', 0.3865484757109042), ([[1725.0367731803524, 1307.0244316529408], [1912.4761173385284, 1393.569075932389], [1840.9632268196476, 1541.9755683470592], [1654.5238826614716, 1455.430924067611]], '서*', 0.1071848712505409), ([[455.167794652962, 1841.0216573368712], [624.9913667315584, 1948.474462126193], [549.832205347038, 2064.978342663129], [380.00863326844154, 1956.525537873807]], ',', 0.0619049371503364), ([[214.69965821236377, 2271.077128983856], [279.6384567365506, 2227.0185441313297], [370.3003417876362, 2376.922871016144], [306.3615432634494, 2420.9814558686703]], '농', 0.014787877838351948)]
[([[1132, 119], [1291, 119], [1291, 370], [1132, 370]], "넷'", 0.3125092212155473), ([[857, 322], [992, 322], [992, 470], [857, 470]], '8', 0.09594551830369724), ([[363, 795], [484, 795], [484, 934], [363, 934]], '영웅', 0.0034319095010625703), ([[666, 857], [715, 857], [715, 951], [666, 951]], '햇', 0.0440840520616812), ([[699, 989], [738, 989], [738, 1033], [699, 1033]], '아', 0.9981875295040687), ([[702, 1030], [733, 1030], [733, 1068], [702, 1068]], '0', 0.7539816722333512), ([[173, 1026], [301, 1026], [301, 1138], [173, 1138]], '요승', 0.17694448099736917), ([[469, 1257], [507, 1257], [507, 1308], [469, 1308]], '웃', 0.9182837031471855), ([[496, 2537], [550, 2537], [550, 2653], [496, 2653]], '둘', 0.581619677755274), ([[1663.356673520169, 189.8126899685746], [1888.1626023416686, 98.40493118538599], [1940.643326479831, 262.1873100314254], [1715.8373976583314, 354.595068814614]], '*', 0.147896104022621), ([[1313.4248714877917, 638.0150454168237], [1392.5959706091082, 629.3107092566136], [1415.5751285122083, 850.9849545831763], [1336.4040293908918, 860.6892907433864]], '품', 0.5885184590751038), ([[558.4756975137109, 2490.0229516563045], [605.7840419680233, 2495.6850107883192], [592.5243024862891, 2615.9770483436955], [545.2159580319767, 2611.3149892116808]], '동', 0.04150258654848771)]
[([[493, 106], [521, 106], [521, 143], [493, 143]], '이', 0.2797047235823271), ([[1771, 176], [1849, 176], [1849, 229], [1771, 229]], '하잇', 0.3903444276680641), ([[733, 229], [812, 229], [812, 293], [733, 293]], '응웃', 0.3397857148242197), ([[663, 328], [740, 328], [740, 392], [663, 392]], '응웃', 0.6048724706388149), ([[236, 1006], [314, 1006], [314, 1059], [236, 1059]], '하잇', 0.5592282729629849), ([[1738, 1086], [1807, 1086], [1807, 1195], [1738, 1195]], '10', 0.984856975658223), ([[271, 1415], [355, 1415], [355, 1476], [271, 1476]], '하잇', 0.38502174468471), ([[1737, 1645], [1808, 1645], [1808, 1696], [1737, 1696]], '양0', 0.26475015025132376), ([[220, 1687], [286, 1687], [286, 1775], [220, 1775]], '영', 0.8837974505092383), ([[1033, 1692], [1207, 1692], [1207, 1747], [1033, 1747]], '"아오이장', 0.7639307765483985), ([[1127, 1748], [1203, 1748], [1203, 1801], [1127, 1801]], '한테', 0.3063450476334333), ([[1019, 1805], [1205, 1805], [1205, 1860], [1019, 1860]], '아저씨 정액', 0.7469863961332455), ([[1035, 1859], [1205, 1859], [1205, 1914], [1035, 1914]], '싸도 돌까?', 0.4935341841948266), ([[1706, 2048], [1779, 2048], [1779, 2098], [1706, 2098]], '양0', 0.5439048165522304), ([[328, 2166], [423, 2166], [423, 2230], [328, 2230]], '안에', 0.9841919088783895), ([[206, 2310], [290, 2310], [290, 2372], [206, 2372]], '말인', 0.9996948704533454), ([[205, 2372], [346, 2372], [346, 2425], [205, 2425]], '가요 ?', 0.9305225014686584), ([[422.6714329397258, 134.09860069616275], [478.59082801661424, 92.01941414746322], [564.3285670602742, 218.90139930383725], [508.40917198338576, 261.98058585253676]], '품', 0.007040592323189154), ([[1684.0605564022142, 377.02323932472723], [1815.2304391193106, 336.2766385737916], [1890.9394435977858, 616.9767606752728], [1759.7695608806894, 657.7233614262084]], '""', 0.29859877858806055), ([[188.5288257747717, 374.01110642515994], [262.74027468692367, 364.15259201545643], [292.4711742252283, 605.9888935748401], [218.25972531307636, 615.8474079845436]], '"', 0.30335072761014104), ([[1549.0864997216088, 573.0379966593064], [1631.6216032187197, 552.3169668837171], [1667.9135002783912, 714.9620033406936], [1586.3783967812803, 736.6830331162829]], '"', 0.5687358892675185), ([[630.3892283525809, 721.0133292741014], [729.4422849102799, 695.0744905214359], [796.6107716474191, 977.9866707258986], [697.5577150897201, 1002.9255094785641]], '"', 0.9996639772453229), ([[943.3145485392434, 1239.0167902005674], [1044.5344261624628, 1210.0843420438719], [1113.6854514607564, 1470.9832097994326], [1012.4655738375372, 1500.9156579561281]], '"', 0.8862021850182487), ([[299.3088020879675, 1906.0601719014148], [330.03782604538424, 1901.1369808310699], [340.6911979120325, 1970.9398280985852], [309.96217395461576, 1975.8630191689301]], '5', 0.468004433905719)]
[([[172, 204], [306, 204], [306, 270], [172, 270]], '아저씨', 0.9999002036698248), ([[849, 183], [894, 183], [894, 291], [849, 291]], '적', 0.825057584023714), ([[1499, 128], [1572, 128], [1572, 261], [1499, 261]], "'", 0.00321532709839957), ([[196, 272], [267, 272], [267, 328], [196, 328]], '의:', 0.38121642161581), ([[1646, 305], [1832, 305], [1832, 367], [1646, 367]], '아오이장의', 0.7920108353545616), ([[1676, 364], [1799, 364], [1799, 420], [1676, 420]], '첫 질내', 0.9418268203735352), ([[1680, 422], [1798, 422], [1798, 482], [1680, 482]], '사정은', 0.9997342005925616), ([[1308, 476], [1384, 476], [1384, 639], [1308, 639]], '발', 0.0074315380737504655), ([[1473, 505], [1672, 505], [1672, 567], [1473, 567]], '아저씨 걸로', 0.8633096233116171), ([[1468, 566], [1676, 566], [1676, 626], [1468, 626]], '하고 싶거든.', 0.8779523074915507), ([[1295, 709], [1373, 709], [1373, 848], [1295, 848]], '8', 0.002523946313198744), ([[936, 1024], [1021, 1024], [1021, 1077], [936, 1077]], '"저', 0.9065055038966814), ([[720, 1141], [874, 1141], [874, 1198], [720, 1198]], '느껴보고', 0.9750490784645081), ([[928, 1086], [1024, 1086], [1024, 1152], [928, 1152]], "'정액", 0.8169155228814652), ([[1663, 1033], [1775, 1033], [1775, 1241], [1663, 1241]], '품', 0.2802730596727656), ([[717, 1203], [844, 1203], [844, 1264], [717, 1264]], '싶어요:', 0.9889374375343323), ([[718, 1267], [856, 1267], [856, 1324], [718, 1324]], '안에서 :', 0.3301019689739959), ([[824, 1564], [874, 1564], [874, 1617], [824, 1617]], '1다', 0.1950329088417239), ([[1651, 1792], [1742, 1792], [1742, 1856], [1651, 1856]], '갖고', 0.9994753963422758), ([[1075, 1873], [1188, 1873], [1188, 1933], [1075, 1933]], '갖고', 0.9996765804050126), ([[1639, 1860], [1755, 1860], [1755, 1926], [1639, 1926]], '싶니?', 0.9749370677238713), ([[958, 1966], [1094, 1966], [1094, 2030], [958, 2030]], '싶어요', 0.9999316565760897), ([[284, 2093], [334, 2093], [334, 2148], [284, 2148]], '@', 0.22045748456886205), ([[277, 2157], [309, 2157], [309, 2226], [277, 2226]], '8', 0.9994853205285068), ([[135, 2432], [168, 2432], [168, 2495], [135, 2495]], '용', 0.9472550711207219), ([[950.4218059153723, 699.0209216321368], [1010.7988760535901, 690.204870434443], [1031.5781940846277, 852.9790783678632], [971.2011239464099, 861.795129565557]], '뿐', 0.0027971360530844175), ([[93.2135462705664, 2296.034427484457], [153.75219773887798, 2275.0314884979935], [199.7864537294336, 2427.965572515543], [139.24780226112202, 2447.9685115020065]], '약', 0.006576755931027245)]
[([[1127, 642], [1355, 642], [1355, 1058], [1127, 1058]], '"', 0.7292298285037759), ([[860, 1060], [964, 1060], [964, 1189], [860, 1189]], '응유', 0.08169136694534357), ([[519, 1179], [630, 1179], [630, 1302], [519, 1302]], '영족', 0.005237292660125863), ([[972, 1239], [1080, 1239], [1080, 1370], [972, 1370]], '응', 0.0583138535746599), ([[1049, 1571], [1104, 1571], [1104, 1626], [1049, 1626]], '그', 0.5368589710447544), ([[1708, 1363], [1952, 1363], [1952, 1671], [1708, 1671]], '주', 0.26305863968420695), ([[1818, 1915], [1891, 1915], [1891, 2080], [1818, 2080]], '야', 0.7405417652709936), ([[1166.949287553481, 89.01492188253849], [1810.8088927041335, 208.6874706280272], [1737.050712446519, 514.9850781174615], [1093.1911072958665, 395.3125293719728]], '오저씨', 0.031713840819465884), ([[1512.138916134151, 617.0309342646982], [1600.4499595916154, 593.2527578555879], [1645.861083865849, 779.9690657353018], [1556.5500404083846, 803.7472421444121]], '응', 0.5980941006689058), ([[938.6031139291521, 1648.1805519324037], [1030.7265225746985, 1571.0165033566352], [1157.3968860708478, 1745.8194480675963], [1065.2734774253015, 1822.9834966433648]], '중', 0.1858121722782471), ([[1567.5871292045438, 1851.0085267499603], [1642.7118063610021, 1842.1476033888991], [1669.4128707954562, 2112.9914732500397], [1594.2881936389979, 2120.852396611101]], '합', 0.03654143095755402), ([[884.1824104518503, 2550.656677626661], [982.8173378965357, 2458.0185662762146], [1114.8175895481497, 2621.343322373339], [1017.1826621034643, 2713.9814337237854]], '', 0.0), ([[418.17138628370094, 2477.01908235631], [593.9518695677727, 2610.684561281672], [501.82861371629906, 2729.98091764369], [326.0481304322273, 2596.315438718328]], '서4', 0.0029199675540179946)]
[([[699, 348], [759, 348], [759, 387], [699, 387]], '하잇', 0.12456464882563434), ([[1172, 355], [1311, 355], [1311, 515], [1172, 515]], '7"', 0.9893423473573358), ([[755, 692], [875, 692], [875, 752], [755, 752]], '임신', 0.9999144429695523), ([[553, 728], [626, 728], [626, 788], [553, 788]], '응웃', 0.6911509967068166), ([[746, 757], [875, 757], [875, 817], [746, 817]], '하는" ', 0.16865400969982147), ([[735, 820], [891, 820], [891, 887], [735, 887]], '걸까  :?', 0.3992524470266096), ([[492, 874], [567, 874], [567, 934], [492, 934]], '응웃', 0.6078217623482142), ([[256, 971], [351, 971], [351, 1033], [256, 1033]], '해도', 0.9999844057016644), ([[235, 1036], [367, 1036], [367, 1098], [235, 1098]], '좋아 ', 0.866513994815144), ([[1266, 1347], [1404, 1347], [1404, 1413], [1266, 1413]], '아기가', 0.9996326872633365), ([[1246, 1412], [1411, 1412], [1411, 1476], [1246, 1476]], '생겨도: ', 0.3736034709753965), ([[208, 2443], [344, 2443], [344, 2509], [208, 2509]], '그치만', 0.990117609500885), ([[168, 2508], [360, 2508], [360, 2574], [168, 2574]], '이렇게나', 0.25948652625083923), ([[1367, 2449], [1512, 2449], [1512, 2655], [1367, 2655]], "'판", 0.06377325312677), ([[1783.98607703195, 585.0257175294115], [1930.6761151425908, 563.5317229737669], [1961.01392296805, 821.9742824705885], [1814.3238848574092, 843.4682770262331]], '채', 0.04342287597547401), ([[1068.4646896293598, 699.0491582180124], [1237.563676257457, 646.2230203610668], [1303.5353103706402, 902.9508417819876], [1134.436323742543, 956.7769796389332]], '채', 0.04835526163163295)]
[([[1682, 269], [1814, 269], [1814, 333], [1682, 333]], '나한터', 0.19643726167850217), ([[1662, 334], [1838, 334], [1838, 401], [1662, 401]], '사정하고', 0.999950647354126), ([[1702, 400], [1793, 400], [1793, 464], [1702, 464]], '싶어', 0.9999290254448385), ([[1662, 463], [1834, 463], [1834, 527], [1662, 527]], '하니까 ', 0.8916626572608948), ([[135, 727], [228, 727], [228, 804], [135, 804]], '항', 0.0119962778203489), ([[1507, 926], [1681, 926], [1681, 1143], [1507, 1143]], "8'", 0.023404393929043536), ([[784, 1155], [808, 1155], [808, 1175], [784, 1175]], '9', 0.8732944440329362), ([[746, 1149], [783, 1149], [783, 1202], [746, 1202]], '응', 0.9995281061067693), ([[778, 1170], [807, 1170], [807, 1196], [778, 1196]], "'겁", 0.06527327668575975), ([[400, 1277], [504, 1277], [504, 1361], [400, 1361]], '응움', 0.33838941469675243), ([[243, 1647], [316, 1647], [316, 1702], [243, 1702]], '아움', 0.34120129218784795), ([[565, 1945], [667, 1945], [667, 2057], [565, 2057]], '숲', 0.8768043210666612), ([[1132, 1948], [1268, 1948], [1268, 2085], [1132, 2085]], '틈4', 0.04535807476679002), ([[560, 2124], [596, 2124], [596, 2150], [560, 2150]], '9', 0.9883420103599327), ([[730, 2053], [829, 2053], [829, 2161], [730, 2161]], '낙', 0.011850778820543306), ([[166, 2119], [333, 2119], [333, 2183], [166, 2183]], '"나한데', 0.18328670883929848), ([[556, 2129], [627, 2129], [627, 2179], [556, 2179]], '응웅', 0.5520029011493234), ([[743, 2142], [793, 2142], [793, 2211], [743, 2211]], '3', 0.9844822823844801), ([[966, 2262], [1188, 2262], [1188, 2410], [966, 2410]], '7', 0.3018868314247811), ([[484, 2334], [838, 2334], [838, 2546], [484, 2546]], '진', 0.11090611279320228), ([[1001.0660838501253, 1371.4916431653635], [1103.2666675807884, 1338.7019034951932], [1123.9339161498747, 1417.5083568346365], [1022.7333324192116, 1450.2980965048068]], ' 관', 0.016022221732406847), ([[1214.887552844813, 1685.1040300775092], [1290.3665631459994, 1696.3167184270003], [1281.112447155187, 1749.8959699224908], [1205.6334368540006, 1738.6832815729997]], '하움', 0.7751662105398871), ([[1649.887552844813, 1865.1040300775092], [1725.4091383448097, 1876.4036135944914], [1715.112447155187, 1929.8959699224908], [1639.5908616551903, 1917.5963864055086]], '하움', 0.7919420322892182), ([[1698.0972437676933, 2169.0145567984882], [2047.7592792850467, 2322.336338774562], [1946.9027562323067, 2534.9854432015118], [1598.2407207149533, 2381.663661225438]], '스{히', 0.003036000800217507), ([[1613.5578467220232, 2454.013978207966], [1672.1477311316605, 2461.747657341222], [1651.4421532779768, 2625.986021792034], [1592.8522688683395, 2619.252342658778]], '움', 0.9902462355456443)]
[([[1402, 151], [1536, 151], [1536, 402], [1402, 402]], '4', 0.029636233349195074), ([[181, 307], [362, 307], [362, 653], [181, 653]], '쌀', 0.10305772927613166), ([[909, 2014], [977, 2014], [977, 2217], [909, 2217]], '움', 0.7345251014881207), ([[134, 2123], [471, 2123], [471, 2579], [134, 2579]], '팩', 0.3661635818260187), ([[1513.4791036288311, 683.0084814051165], [1636.1713160457775, 720.6491162301272], [1542.5208963711689, 1021.9915185948835], [1419.8286839542225, 983.3508837698728]], '3', 0.05775082902879114), ([[1454.4779152187057, 1835.036219592818], [1646.686537222503, 1707.0073654313667], [1875.5220847812943, 2108.963780407182], [1682.313462777497, 2236.9926345686335]], '괴', 0.022791220133427936), ([[323.77951462706005, 1945.0232832289737], [535.3008507480155, 1858.2903377053099], [679.22048537294, 2270.9767167710265], [467.6991492519845, 2356.70966229469]], '$', 0.0025786048225347052)]
[([[1072, 280], [1265, 280], [1265, 342], [1072, 342]], "아 안에:'", 0.7911596989816492), ([[1406, 28], [1697, 28], [1697, 376], [1406, 376]], '84', 0.01364216385958061), ([[1527, 341], [1615, 341], [1615, 436], [1527, 436]], '2', 0.94676632986722), ([[306, 619], [359, 619], [359, 683], [306, 683]], '양', 0.977818895118844), ([[1121, 709], [1279, 709], [1279, 883], [1121, 883]], '4', 0.15305679870267852), ([[351, 907], [404, 907], [404, 969], [351, 969]], '양', 0.9834783349377041), ([[1172, 1062], [1228, 1062], [1228, 1129], [1172, 1129]], '양', 0.9810446199868608), ([[843, 1317], [952, 1317], [952, 1549], [843, 1549]], '향', 0.7244796192106016), ([[784, 1713], [828, 1713], [828, 1764], [784, 1764]], "'웃", 0.31253338438033973), ([[706, 1774], [830, 1774], [830, 1838], [706, 1838]], '응  웃', 0.4206177698245619), ([[716, 2070], [764, 2070], [764, 2123], [716, 2123]], '양', 0.9690100998343496), ([[1526.1173993504044, 907.3161360374672], [1648.8076231482144, 789.0135924980319], [1830.8826006495956, 1015.6838639625328], [1707.1923768517856, 1133.986407501968]], '중', 0.27810563817139666), ([[1395.8540360601378, 1630.0506074795558], [1554.9911119554338, 1660.978721868662], [1530.1459639398622, 1768.9493925204442], [1371.0088880445662, 1738.021278131338]], '셋? ', 0.1680501205528559), ([[1413.031776043262, 1800.021316182046], [1756.477533907007, 1891.23391803749], [1700.968223956738, 2070.9786838179543], [1357.522466092993, 1979.76608196251]], '{', 0.5191798485799524), ([[1360.3575592280818, 2238.0064495584725], [2066.7796806407528, 2560.251413816949], [1946.6424407719182, 2799.9935504415275], [1240.2203193592472, 2477.748586183051]], '사"오스버', 0.008741294555058616)]
[([[1223, 217], [1267, 217], [1267, 266], [1223, 266]], '하', 0.9995222662385004), ([[1430, 226], [1474, 226], [1474, 275], [1430, 275]], '하', 0.9987766909930009), ([[1227, 307], [1265, 307], [1265, 351], [1227, 351]], '앗', 0.2796708687128593), ([[1434, 316], [1472, 316], [1472, 360], [1434, 360]], '맛', 0.19262891434779306), ([[1443, 577], [1488, 577], [1488, 624], [1443, 624]], '하', 0.9998899728524044), ([[1450, 622], [1488, 622], [1488, 662], [1450, 662]], '아', 0.9996696983379572), ([[1621, 591], [1847, 591], [1847, 655], [1621, 655]], '질내사정으로', 0.9853337376852214), ([[582, 647], [624, 647], [624, 732], [582, 732]], '하', 0.9363019896240452), ([[1637, 652], [1832, 652], [1832, 713], [1637, 713]], '가버려구나', 0.3789001173662669), ([[435, 748], [480, 748], [480, 797], [435, 797]], '하', 0.9998996282969443), ([[440, 795], [477, 795], [477, 833], [440, 833]], '아', 0.9998308491717331), ([[1714, 874], [1861, 874], [1861, 934], [1714, 934]], "'굉장한데", 0.9144839177647262), ([[1692, 932], [1844, 932], [1844, 987], [1692, 987]], '아오이장.', 0.7281953684188541), ([[631, 966], [669, 966], [669, 1013], [631, 1013]], '하', 0.9993889073595632), ([[633, 1007], [669, 1007], [669, 1047], [633, 1047]], '아', 0.9997668402220938), ([[1030, 1254], [1107, 1254], [1107, 1424], [1030, 1424]], '국', 0.2902790433175859), ([[1070, 1425], [1090, 1425], [1090, 1459], [1070, 1459]], '?', 0.058303224470004134), ([[1226, 1614], [1358, 1614], [1358, 1798], [1226, 1798]], '울율', 0.21428803114373507), ([[771, 2470], [916, 2470], [916, 2534], [771, 2534]], '더 갖고', 0.9980871087641936), ([[769, 2533], [898, 2533], [898, 2594], [769, 2594]], '싶어 ', 0.4179125428199768), ([[1766, 2540], [1819, 2540], [1819, 2607], [1766, 2607]], '1+', 0.6184984386098566), ([[959.393190603224, 239.01674991835367], [1040.3367260876414, 226.2510599968492], [1070.606809396776, 441.98325008164636], [990.6632739123585, 454.74894000315084]], '$', 0.10729905340266388), ([[501.5980051761525, 634.02025124391], [536.7703504822048, 630.0748808763851], [549.4019948238474, 740.97974875609], [514.2296495177952, 744.9251191236149]], '#', 0.19152656224925924), ([[1763.5031021395037, 1347.0123530040237], [1841.558348089727, 1364.6870723259835], [1794.4968978604963, 1567.9876469959763], [1717.441651910273, 1550.3129276740165]], '술', 0.2581696409894363)]
[([[1351, 163], [1454, 163], [1454, 352], [1351, 352]], '향', 0.9528270011514905), ([[1655, 242], [1795, 242], [1795, 326], [1655, 326]], '좀더', 0.4377139920794512), ([[1608, 330], [1798, 330], [1798, 416], [1608, 416]], '나한터', 0.17641408876283932), ([[1572, 420], [1888, 420], [1888, 508], [1572, 508]], '성욕을 쏟아', 0.29381671663821735), ([[1610, 512], [1843, 512], [1843, 598], [1610, 598]], '부어쥐: ', 0.962066956146675), ([[657, 614], [742, 614], [742, 757], [657, 757]], '양', 0.95856360766442), ([[1699, 889], [1796, 889], [1796, 1054], [1699, 1054]], '양', 0.30776736413287153), ([[1413, 1369], [1516, 1369], [1516, 1606], [1413, 1606]], '퍽', 0.822157016114943), ([[437, 2255], [559, 2255], [559, 2406], [437, 2406]], '떼', 0.02997113528646822), ([[1481, 2417], [1644, 2417], [1644, 2494], [1481, 2494]], '주세요', 0.9998790745490187), ([[385.168139040221, 254.02473587571257], [488.96718270966255, 240.91080231913242], [508.831860959779, 449.97526412428743], [405.03281729033745, 462.0891976808676]], '향', 0.40516298186549093)]
[([[397, 154], [538, 154], [538, 275], [397, 275]], '40', 0.998406209856519), ([[315, 554], [366, 554], [366, 658], [315, 658]], '꿀', 0.11541571995730138), ([[677, 862], [751, 862], [751, 913], [677, 913]], '하잇', 0.1440237465451325), ([[1731, 874], [1776, 874], [1776, 925], [1731, 925]], '하', 0.9991915668460969), ([[1736, 962], [1773, 962], [1773, 1006], [1736, 1006]], '맛', 0.11113931252006992), ([[197, 1095], [257, 1095], [257, 1137], [197, 1137]], '하잇', 0.2486606143636374), ([[454, 1413], [483, 1413], [483, 1453], [454, 1453]], '응', 0.9991515291197892), ([[1600, 1427], [1675, 1427], [1675, 1477], [1600, 1477]], '아어', 0.04465818189185106), ([[211, 1543], [324, 1543], [324, 1689], [211, 1689]], '개', 0.009917474292252315), ([[179, 2384], [272, 2384], [272, 2488], [179, 2488]], '110', 0.1493721620596942), ([[605, 2385], [656, 2385], [656, 2447], [605, 2447]], '100', 0.0511631365959402), ([[1057, 2540], [1141, 2540], [1141, 2680], [1057, 2680]], '퍽', 0.1004816700588842), ([[1222.2895901820684, 292.01577909654065], [1340.0403505050538, 265.2915223905555], [1397.7104098179316, 548.9842209034593], [1279.9596494949462, 575.7084776094445]], '눈', 0.1637021924767943), ([[577.140954575654, 1753.0284140923745], [674.0447410007557, 1744.0187401232051], [688.859045424346, 1929.9715859076255], [591.9552589992443, 1938.9812598767949]], '꿀', 0.044691258800444444), ([[151.34352442598416, 1860.0215712749591], [224.30877292467923, 1848.2701712459948], [250.65647557401584, 2031.9784287250409], [177.69122707532077, 2044.7298287540052]], '죽', 0.07352256110007094), ([[1496.5541134434163, 1831.0052326895363], [1637.354931028576, 1859.4626100774462], [1549.4458865565837, 2294.9947673104634], [1407.645068971424, 2265.5373899225538]], '초', 0.006820421202605509), ([[384.3385485057395, 1978.0199051952754], [468.5650383113048, 1963.3032444890266], [500.6614514942605, 2165.9800948047246], [416.4349616886952, 2180.696755510973]], '줄', 0.17954965188806682)]
[([[197, 314], [259, 314], [259, 470], [197, 470]], '퍽', 0.1425051006638336), ([[1735, 266], [1810, 266], [1810, 406], [1735, 406]], '항', 0.2782444004724347), ([[829, 545], [909, 545], [909, 685], [829, 685]], '향', 0.07406225385878518), ([[1663, 761], [1738, 761], [1738, 899], [1663, 899]], '향', 0.9288109697188851), ([[1038, 878], [1110, 878], [1110, 1007], [1038, 1007]], '향', 0.4627128821182538), ([[493, 1281], [593, 1281], [593, 1488], [493, 1488]], '물', 0.6346754275873536), ([[801, 1465], [960, 1465], [960, 1664], [801, 1664]], '재', 0.2681068746588302), ([[1654, 1557], [1804, 1557], [1804, 1815], [1654, 1815]], '계', 0.008071555352245297), ([[696, 1783], [822, 1783], [822, 1922], [696, 1922]], '사', 0.7905590398510789), ([[1158, 1878], [1305, 1878], [1305, 2023], [1158, 2023]], '재', 0.7668162446009319), ([[1643, 2150], [1783, 2150], [1783, 2278], [1643, 2278]], '@인', 0.08338826668512349), ([[134, 2242], [176, 2242], [176, 2318], [134, 2318]], '0', 0.9997683897627816), ([[1069, 2309], [1142, 2309], [1142, 2362], [1069, 2362]], '양0', 0.5971459561269352), ([[70, 2457], [125, 2457], [125, 2539], [70, 2539]], '"5', 0.1297080151628081), ([[1522, 2474], [1562, 2474], [1562, 2561], [1522, 2561]], '휴', 0.03316897363401328), ([[1459, 2532], [1509, 2532], [1509, 2625], [1459, 2625]], '푹', 0.7116373859994418), ([[1022, 2594], [1106, 2594], [1106, 2650], [1022, 2650]], '양0', 0.4327785503811676), ([[517.2718515713218, 142.0147338116498], [649.8069688708811, 113.40718930880735], [709.7281484286782, 424.98526618835024], [576.1930311291189, 453.59281069119265]], '%', 0.15291484338784134), ([[232.37244136287515, 757.0067909648316], [667.1806822164303, 1074.1553561220055], [517.6275586371248, 1276.9932090351683], [83.81931778356966, 959.8446438779945]], '수들"', 0.005124703678199665), ([[1269.6837256251122, 2206.045649001614], [1395.467032171623, 2152.160845234879], [1483.3162743748878, 2387.954350998386], [1357.532967828377, 2441.839154765121]], '@', 0.034695507585828844), ([[1215.6517228401535, 2486.045498034272], [1356.9618221446476, 2437.625265911376], [1425.3482771598465, 2673.954501965728], [1284.0381778553524, 2722.374734088624]], "'용", 0.3194696669186972)]
[([[128, 160], [267, 160], [267, 321], [128, 321]], '사', 0.07723391514058964), ([[818, 258], [880, 258], [880, 331], [818, 331]], '하', 0.9994569562209676), ([[824, 380], [872, 380], [872, 496], [824, 496]], '양', 0.9751880579800378), ([[209, 439], [325, 439], [325, 634], [209, 634]], '8', 0.781544950006495), ([[704, 569], [757, 569], [757, 636], [704, 636]], '으', 0.9730124919769878), ([[1750, 523], [1814, 523], [1814, 603], [1750, 603]], '"', 0.2015077978939397), ([[78, 589], [279, 589], [279, 819], [78, 819]], '8', 0.015888297064243995), ([[711, 664], [760, 664], [760, 787], [711, 787]], '흙', 0.7575064305476644), ([[151, 797], [248, 797], [248, 905], [151, 905]], '대', 0.8701981193501105), ([[1756, 1153], [1816, 1153], [1816, 1217], [1756, 1217]], '양:', 0.9787957827740955), ([[1844, 1160], [1881, 1160], [1881, 1209], [1844, 1209]], '0', 0.6816614672567454), ([[214, 1663], [422, 1663], [422, 2010], [214, 2010]], '유원', 0.030877046238057503), ([[1465, 2136], [1712, 2136], [1712, 2578], [1465, 2578]], '{"\'', 0.08301082452379022), ([[378, 2407], [595, 2407], [595, 2837], [378, 2837]], '""', 0.023460541202035105), ([[1657.4967283712895, 563.009048721844], [1760.4176686501214, 548.2103343659746], [1803.5032716287105, 868.990951278156], [1701.5823313498786, 883.7896656340254]], '푹', 0.1117765638345567), ([[639.5297731996558, 918.0092165912215], [733.6133502942765, 939.9868287797925], [672.4702268003442, 1196.9907834087785], [578.3866497057235, 1175.0131712202076]], '"', 0.1797532007999516), ([[1319.531478714334, 999.0073188586938], [1431.763358218709, 1015.6113112813308], [1383.468521285666, 1348.992681141306], [1271.236641781291, 1333.388688718669]], '"', 0.9999670985067155), ([[1204.4253927853572, 1633.0055033956414], [1427.9198598137377, 1662.9731334360354], [1351.5746072146428, 2214.9944966043586], [1128.0801401862623, 2186.0268665639646]], '"', 0.8880703116939372), ([[1331.4406877351016, 2407.010431300723], [1441.0712277391342, 2454.879332218266], [1329.5593122648984, 2704.989568699277], [1220.9287722608658, 2656.120667781734]], '닭', 0.05316569428204332)]
[([[1030, 94], [1075, 94], [1075, 197], [1030, 197]], '올', 0.10948545059005799), ([[754, 180], [887, 180], [887, 444], [754, 444]], '북', 0.10306188153572293), ([[1805, 117], [1970, 117], [1970, 355], [1805, 355]], '체', 0.8618239313364029), ([[1790, 575], [1872, 575], [1872, 637], [1790, 637]], '씨', 0.046374821145303224), ([[1487, 1637], [1744, 1637], [1744, 1829], [1487, 1829]], '항0', 0.16999814513229722), ([[182, 1890], [242, 1890], [242, 1943], [182, 1943]], '춤', 0.0375241873251122), ([[218, 2173], [310, 2173], [310, 2311], [218, 2311]], '항', 0.07190469515720466), ([[389, 2394], [422, 2394], [422, 2429], [389, 2429]], '야', 0.8925038181394171), ([[1573, 2374], [1666, 2374], [1666, 2645], [1573, 2645]], '향', 0.08071826051514108), ([[1599.6076623484303, 227.14359749197047], [1720.0156370535983, 150.0258046125668], [1825.3923376515697, 349.85640250802953], [1705.9843629464017, 425.9741953874332]], '호"', 0.025689288534565074), ([[719.2731154101688, 344.0240426935476], [798.9348140842078, 331.3987327978616], [823.7268845898312, 516.9759573064524], [744.0651859157922, 529.6012672021384]], '북', 0.40838018808643994), ([[405.6613376883303, 523.1616313559782], [496.72275018262184, 442.01537070838697], [639.3386623116697, 628.8383686440218], [548.2772498173782, 710.984629291613]], '중', 0.04663072656046907), ([[169.28199365153841, 766.1121231836148], [783.9635981075858, 672.4775235518085], [801.7180063484616, 952.8878768163852], [187.0364018924142, 1046.5224764481914]], '모현', 0.002956622572059839), ([[1110.5562398430197, 1432.0123171743567], [1174.1804964634343, 1446.1791899807124], [1134.4437601569803, 1627.9876828256433], [1070.8195035365657, 1614.8208100192876]], '움', 0.9693864701611155), ([[1037.5467533236238, 1511.0171438718323], [1088.6479179328148, 1516.6159002032766], [1073.4532466763762, 1654.9828561281677], [1023.3520820671852, 1649.3840997967234]], '움', 0.9907045427132886), ([[158.34953165479376, 2574.023536836154], [224.36064909966166, 2558.10344819452], [261.6504683452062, 2729.976463163846], [195.63935090033834, 2745.89655180548]], '#', 0.2702115669583236)]
[([[518, 99], [591, 99], [591, 251], [518, 251]], '꿀', 0.2230139399504063), ([[1053, 612], [1183, 612], [1183, 665], [1053, 665]], '자; 이거', 0.9381673566280047), ([[1441, 562], [1505, 562], [1505, 668], [1441, 668]], '향', 0.3913744404918731), ([[1660, 559], [1721, 559], [1721, 662], [1660, 662]], '향', 0.4840664010500859), ([[899, 667], [1186, 667], [1186, 727], [899, 727]], '아저씨의 정액이량', 0.746579962615522), ([[869, 724], [1183, 724], [1183, 780], [869, 780]], '아오이장의 애액으로', 0.8872394702328307), ([[944, 778], [1188, 778], [1188, 839], [944, 839]], '더러워적으니까', 0.2354007448825115), ([[1320, 728], [1382, 728], [1382, 833], [1320, 833]], '향', 0.3166389073300344), ([[1470, 764], [1515, 764], [1515, 833], [1470, 833]], '&', 0.004431757192592478), ([[889, 835], [1180, 835], [1180, 890], [889, 890]], '깨끗하게 청소해쥐.', 0.8700257502795228), ([[1310, 896], [1385, 896], [1385, 1007], [1310, 1007]], '끝"', 0.11447163839204379), ([[1018, 1108], [1078, 1108], [1078, 1190], [1018, 1190]], '(', 0.40592866482470313), ([[1579, 1403], [1760, 1403], [1760, 1463], [1579, 1463]], '질내사정이', 0.9738811072965038), ([[1554, 1457], [1780, 1457], [1780, 1517], [1554, 1517]], '아니면 못 가게', 0.9847909202051645), ([[1577, 1517], [1761, 1517], [1761, 1572], [1577, 1572]], '되버길 수도', 0.2682560281565533), ([[230, 1555], [303, 1555], [303, 1639], [230, 1639]], '(', 0.94828575035638), ([[1593, 1573], [1743, 1573], [1743, 1630], [1593, 1630]], '있젠는길.', 0.029195755603832297), ([[1691, 1833], [1782, 1833], [1782, 1924], [1691, 1924]], '4', 0.4409423524679177), ([[1485, 2176], [1534, 2176], [1534, 2240], [1485, 2240]], '(', 0.5679250001163041), ([[958, 2501], [1022, 2501], [1022, 2610], [958, 2610]], '찢', 0.041574016730683505), ([[394, 2587], [427, 2587], [427, 2630], [394, 2630]], '응', 0.9998601723916387), ([[1187.048949337899, 83.02514248629166], [1321.1259964051328, 66.47062689531046], [1343.951050662101, 307.97485751370834], [1209.8740035948672, 324.52937310468957]], '놈', 0.006850401333677925), ([[1769.243176992231, 183.02606638734719], [1850.0138080437373, 169.42091870361588], [1875.756823007769, 349.9739336126528], [1794.9861919562627, 362.5790812963841]], '켓', 0.01109579596055671)]
[([[1745, 249], [1782, 249], [1782, 297], [1745, 297]], '응', 0.9993154982258865), ([[625, 784], [698, 784], [698, 846], [625, 846]], '응우', 0.9500402622549133), ([[1651, 636], [1827, 636], [1827, 936], [1651, 936]], '뿐', 0.01708359030481632), ([[493, 907], [541, 907], [541, 960], [493, 960]], '하', 0.9994770972214475), ([[1406, 938], [1462, 938], [1462, 1014], [1406, 1014]], '넷', 0.1350617314894862), ([[498, 996], [536, 996], [536, 1040], [498, 1040]], '아', 0.9997217848717952), ([[1338, 959], [1508, 959], [1508, 1129], [1338, 1129]], '8화', 0.027716663704034666), ([[179, 1111], [227, 1111], [227, 1246], [179, 1246]], '흙', 0.0654115231522292), ([[469, 1500], [538, 1500], [538, 1589], [469, 1589]], '꿀', 0.9932993027623525), ([[1498, 1994], [1607, 1994], [1607, 2113], [1498, 2113]], '통픽', 0.020699772142030344), ([[319, 2082], [371, 2082], [371, 2200], [319, 2200]], '움', 0.331439188673599), ([[266, 2192], [327, 2192], [327, 2334], [266, 2334]], '움', 0.1579636597667653), ([[836, 2501], [896, 2501], [896, 2603], [836, 2603]], '#', 0.9107141742345313), ([[569, 2572], [622, 2572], [622, 2674], [569, 2674]], '#', 0.4642520268005548), ([[1538.0970211931326, 1001.0239984308922], [1652.685382755647, 959.0837508599877], [1736.9029788068674, 1222.9760015691077], [1622.314617244353, 1263.9162491400123]], '""', 0.857073324025966)]
[([[1095, 1025], [1132, 1025], [1132, 1067], [1095, 1067]], '0', 0.9999884367323411), ([[453, 1990], [493, 1990], [493, 2046], [453, 2046]], '응', 0.99889821376863), ([[462.33764978591506, 229.0099728923791], [617.4581937951641, 186.13776582173227], [720.662350214085, 604.9900271076209], [565.5418062048359, 647.8622341782677]], '$', 0.07593950119088788), ([[275.2443641891487, 371.0158677017389], [393.523034864955, 318.0076006455492], [524.7556358108513, 644.9841322982611], [407.476965135045, 697.9923993544508]], '#', 0.05820954029925418), ([[1011.0396680883009, 1052.0355191920628], [1098.636620342337, 1021.103431702385], [1157.960331911699, 1212.9644808079372], [1070.363379657663, 1243.896568297615]], '4', 0.07051413680915974), ([[1396.0928196703592, 1527.0294229235328], [1497.3954987505088, 1502.4180049979655], [1540.9071803296408, 1708.9705770764672], [1439.6045012494912, 1733.5819950020345]], '곁', 0.015813952022842637), ([[1083.236613714631, 2239.022433148725], [1168.4883768130067, 2191.0091767740255], [1293.763386285369, 2434.977566851275], [1207.5116231869933, 2482.9908232259745]], '3', 0.07164077050001438)]
[([[764, 163], [853, 163], [853, 223], [764, 223]], '양0', 0.38605270000531344), ([[928, 57], [1184, 57], [1184, 338], [928, 338]], '1"', 0.009046905943635298), ([[1007, 354], [1147, 354], [1147, 420], [1007, 420]], '><소', 0.013171827393734398), ([[987, 548], [1024, 548], [1024, 597], [987, 597]], '0', 0.6411689941665522), ([[278, 719], [369, 719], [369, 783], [278, 783]], '양어', 0.3925530545542824), ([[635, 1259], [956, 1259], [956, 1491], [635, 1491]], '10>0', 0.31045249104499817), ([[1659, 1711], [1741, 1711], [1741, 1771], [1659, 1771]], '하잇', 0.28346702835314785), ([[570, 1768], [758, 1768], [758, 1841], [570, 1841]], '내안에서', 0.6031625614870219), ([[1527, 1824], [1571, 1824], [1571, 1868], [1527, 1868]], '아', 0.9949535777625584), ([[528, 1835], [756, 1835], [756, 1901], [528, 1901]], '아저씨 거랑', 0.68480281731236), ([[519, 1903], [758, 1903], [758, 1967], [519, 1967]], '내 게 섞이고', 0.9123957309629904), ([[1530, 1906], [1563, 1906], [1563, 1948], [1530, 1948]], '양', 0.9767819460045679), ([[1711, 1857], [1808, 1857], [1808, 1974], [1711, 1974]], '주"', 0.022811063424585925), ([[625, 1968], [752, 1968], [752, 2030], [625, 2030]], '있어:', 0.9651132065661121), ([[871, 2172], [951, 2172], [951, 2229], [871, 2229]], '하잇', 0.329155899979019), ([[1638, 2394], [1782, 2394], [1782, 2502], [1638, 2502]], '쿠', 0.008160713135670017), ([[862, 2437], [996, 2437], [996, 2587], [862, 2587]], '등루', 0.0449506222908249), ([[1679, 2563], [1754, 2563], [1754, 2652], [1679, 2652]], '비', 0.026337630384208666), ([[416, 2547], [580, 2547], [580, 2791], [416, 2791]], '1"', 0.0031487324759176642), ([[1263.5744309105646, 96.04623602269427], [1405.5217303756729, 30.145003410835116], [1509.4255690894354, 293.9537639773057], [1367.4782696243271, 359.8549965891649]], '기용', 0.08421102179638806), ([[1196.5145340003946, 741.0441712066296], [1365.7653638777786, 671.45837602944], [1465.4854659996054, 958.9558287933704], [1296.2346361222214, 1029.5416239705598]], '#', 0.007257121252708443), ([[883.2214851534112, 899.4980099142103], [1085.2403419158106, 873.5974349466682], [1089.7785148465887, 941.5019900857897], [887.7596580841894, 966.4025650533318]], '사좌<', 0.2797271916986769), ([[1689.7449427231866, 989.0790710499512], [1761.704510104654, 1036.0774494580578], [1671.2550572768134, 1174.9209289500488], [1599.295489895346, 1127.9225505419422]], '표', 0.44719035385825023), ([[1383.9537501526008, 1300.0188792270412], [1656.2745012883724, 1402.1459866312978], [1565.0462498473992, 1634.9811207729588], [1291.7254987116276, 1533.8540133687022]], '씨@', 0.012125736069070131), ([[1543.0788768543894, 1998.0386345672348], [1627.539709687423, 1981.585084958159], [1653.9211231456106, 2138.9613654327654], [1568.460290312577, 2155.4149150418407]], '채', 0.09702095114008902)]
[([[1040, 252], [1138, 252], [1138, 307], [1040, 307]], '응앗0', 0.058486842168639565), ([[1781, 269], [1845, 269], [1845, 398], [1781, 398]], '필', 0.1976707111354168), ([[948, 444], [1047, 444], [1047, 566], [948, 566]], '응', 0.3185760421444037), ([[1193, 509], [1362, 509], [1362, 575], [1193, 575]], "예스는' ", 0.09838220746146946), ([[959, 543], [1034, 543], [1034, 624], [959, 624]], '영', 0.11737266887951492), ([[830, 670], [938, 670], [938, 805], [830, 805]], '응', 0.6581354132949855), ([[1609, 638], [1665, 638], [1665, 745], [1609, 745]], '약', 0.5297139399523623), ([[1411, 786], [1484, 786], [1484, 901], [1411, 901]], '0', 0.7476811506622042), ([[1337, 808], [1472, 808], [1472, 1091], [1337, 1091]], "@'", 0.06055057003395748), ([[1690, 844], [1970, 844], [1970, 1049], [1690, 1049]], '기"', 0.40435092212142076), ([[192, 1015], [293, 1015], [293, 1126], [192, 1126]], '영웅', 0.15590613840482645), ([[1130, 986], [1317, 986], [1317, 1221], [1130, 1221]], '"', 0.03248565376361512), ([[231, 1279], [410, 1279], [410, 1343], [231, 1343]], '이렇게나', 0.666640043258667), ([[226, 1345], [414, 1345], [414, 1409], [226, 1409]], '기분 종은', 0.8313026888051708), ([[213, 1410], [428, 1410], [428, 1474], [213, 1474]], '거엿구나  .', 0.5096446040755509), ([[928, 1572], [1073, 1572], [1073, 1636], [928, 1636]], '이런 걸', 0.5780955710594113), ([[1256, 1544], [1385, 1544], [1385, 1617], [1256, 1617]], '응웃0', 0.5306189597530148), ([[1497, 1500], [1829, 1500], [1829, 1698], [1497, 1698]], '1칙', 0.004732808402912139), ([[433, 1607], [716, 1607], [716, 1704], [433, 1704]], '응웃0 용웃0', 0.4210638386669425), ([[888, 1637], [1109, 1637], [1109, 1701], [888, 1701]], '알게 되면: .', 0.9124241195284918), ([[842, 2013], [1127, 2013], [1127, 2185], [842, 2185]], '및4', 0.0477394946725432), ([[1418, 2036], [1509, 2036], [1509, 2193], [1418, 2193]], '올울', 0.10366561871862928), ([[1169, 2266], [1470, 2266], [1470, 2472], [1169, 2472]], '제;', 0.053236371909109105), ([[1626, 2369], [1876, 2369], [1876, 2503], [1626, 2503]], '제', 0.06994832768192882), ([[491, 2466], [613, 2466], [613, 2544], [491, 2544]], '나: ', 0.38332582300826434), ([[892, 2449], [1013, 2449], [1013, 2516], [892, 2516]], '응웃어', 0.4689045102209517), ([[468, 2556], [640, 2556], [640, 2634], [468, 2634]], '더는: .', 0.36039221432661306), ([[1211, 2540], [1473, 2540], [1473, 2703], [1211, 2703]], '재보', 0.013544011732313791), ([[772.8753549101061, 187.0422203044109], [874.206837253516, 142.04862735921796], [956.1246450898939, 349.9577796955891], [853.793162746484, 394.95137264078204]], '@', 0.01533864235524618), ([[1835.4828982013928, 536.019125718803], [1890.1580148272574, 526.0964500682727], [1916.5171017986072, 684.980874281197], [1861.8419851727426, 694.9035499317273]], '$', 0.03394259255248144), ([[223.02174868228045, 833.0435852415409], [375.65571325245014, 877.2694734790597], [346.9782513177196, 966.9564147584591], [194.34428674754986, 923.7305265209403]], '>내', 0.0020212869652036767), ([[1383.1137830891848, 927.2802937548427], [1467.7453467907444, 852.0185295060355], [1587.8862169108152, 1007.7197062451573], [1503.2546532092556, 1082.9814704939645]], '등', 0.14333292876609338), ([[1186.1878904958928, 1275.04132685975], [1377.9540091220535, 1321.1434144022403], [1357.8121095041072, 1388.95867314025], [1167.0459908779465, 1343.8565855977597]], '시단"', 0.10270310601011759), ([[970.9120750480483, 2307.3186401537546], [1074.6305624366335, 2292.8410618365774], [1079.0879249519517, 2352.6813598462454], [975.3694375633665, 2366.1589381634226]], '4<', 0.3230761229959936)]
[([[458, 224], [581, 224], [581, 460], [458, 460]], '움', 0.06286731528362921), ([[1570, 409], [1656, 409], [1656, 497], [1570, 497]], '0', 0.9956532371844027), ([[1344, 611], [1497, 611], [1497, 862], [1344, 862]], '자"', 0.037093708670328664), ([[389, 1066], [511, 1066], [511, 1299], [389, 1299]], '"', 0.012840090235926915), ([[436, 1781], [738, 1781], [738, 2104], [436, 2104]], '새', 0.2774387171727746), ([[564, 2058], [714, 2058], [714, 2208], [564, 2208]], '이', 0.11060814817306497), ([[583, 2527], [658, 2527], [658, 2715], [583, 2715]], '올', 0.21292194761074157), ([[1324, 2510], [1423, 2510], [1423, 2738], [1324, 2738]], '움', 0.545362264588821), ([[1610.4071545639656, 220.09795196812132], [1691.7054806231554, 169.01915653394002], [1779.5928454360344, 326.9020480318787], [1699.2945193768446, 378.98084346606]], '등', 0.5162744816460787), ([[1562.3645969687384, 922.005937827499], [1821.915733477002, 961.7476544862727], [1731.6354030312616, 1524.994062172501], [1472.084266522998, 1484.2523455137273]], '뇨', 0.023874829409153087), ([[280.8710458402999, 2360.0335701170384], [402.6503036960885, 2298.011132074216], [522.1289541597001, 2565.9664298829616], [399.3496963039115, 2627.988867925784]], '숨', 0.013697531653738493)]
[([[174, 404], [219, 404], [219, 468], [174, 468]], '웃', 0.6864375877754014), ([[389, 387], [440, 387], [440, 447], [389, 447]], '웃', 0.1280917014888452), ([[802, 110], [949, 110], [949, 488], [802, 488]], "'", 0.014349321662727788), ([[1898, 328], [1982, 328], [1982, 412], [1898, 412]], '9', 0.21196422229196177), ([[157, 576], [290, 576], [290, 821], [157, 821]], '유', 0.05939331306660045), ([[1099, 1113], [1143, 1113], [1143, 1166], [1099, 1166]], '웃', 0.7332600958798139), ([[1073, 1274], [1144, 1274], [1144, 1329], [1073, 1329]], '후우', 0.9756300838128603), ([[1599, 1545], [1683, 1545], [1683, 1660], [1599, 1660]], '뉴', 0.19699251442075738), ([[1547, 1646], [1670, 1646], [1670, 1801], [1547, 1801]], '불', 0.1312124101931369), ([[1641, 1738], [1679, 1738], [1679, 1796], [1641, 1796]], '유', 0.996595067376095), ([[1149, 1932], [1186, 1932], [1186, 2012], [1149, 2012]], '움', 0.21851431604324034), ([[1232, 2350], [1390, 2350], [1390, 2641], [1232, 2641]], '몇', 0.01185135793856601), ([[556, 2583], [631, 2583], [631, 2697], [556, 2697]], '울움', 0.32135084051724877), ([[1165.2391071850625, 0.009983750881122688], [1530.9465279140807, 231.239738167387], [1395.7608928149375, 438.99001624911887], [1029.0534720859193, 207.760261832613]], '&사"', 0.008884328657592873), ([[1660.010439766754, 391.0163249326441], [2033.183409268756, 518.0481208689812], [1944.989560233246, 753.9836750673559], [1571.816590731244, 627.9518791310188]], '표모앞', 0.005530775244572842), ([[540.9608360198254, 1104.0360386854848], [746.4151363990304, 1155.8522484889581], [710.0391639801746, 1277.9639613145152], [505.5848636009696, 1225.1477515110419]], '시훨', 0.05046756288871594), ([[245.90368662641373, 1797.0501842279098], [485.64459445623993, 1831.1011347134256], [466.09631337358627, 1929.9498157720902], [225.35540554376007, 1895.8988652865744]], '사"< "', 0.5001349358190369), ([[1191.5668519181759, 1894.0187970590216], [1235.2867400631037, 1899.5535609884093], [1221.4331480818241, 2018.9812029409784], [1176.7132599368963, 2013.4464390115907]], '움', 0.7392972115536054), ([[551.1859838963591, 1950.0221036930077], [771.9920744991495, 2052.512452861816], [715.8140161036409, 2163.977896306992], [496.0079255008505, 2061.487547138184]], '시스', 0.25532569636078795)]
[([[304, 281], [388, 281], [388, 337], [304, 337]], '하하', 0.9996692475560166), ([[1398, 235], [1495, 235], [1495, 338], [1398, 338]], '샌', 0.01930606455251027), ([[249, 341], [441, 341], [441, 403], [249, 403]], '아오이장의', 0.6445227046338858), ([[304, 403], [388, 403], [388, 460], [304, 460]], '안이', 0.9986858614331425), ([[269, 463], [423, 463], [423, 524], [269, 524]], '질칙질척', 0.34215936064720154), ([[297, 523], [392, 523], [392, 580], [297, 580]], '하네.', 0.9928864276549692), ([[258, 881], [324, 881], [324, 950], [258, 950]], '선', 0.04431969903031163), ([[601, 901], [703, 901], [703, 1011], [601, 1011]], '샌', 0.02512596792886601), ([[622, 994], [720, 994], [720, 1171], [622, 1171]], '"', 0.76100748231568), ([[212, 1560], [288, 1560], [288, 1717], [212, 1717]], '꿀', 0.3195831475730735), ([[421, 2045], [469, 2045], [469, 2101], [421, 2101]], '하', 0.9998170221115323), ([[1245, 1947], [1398, 1947], [1398, 2115], [1245, 2115]], '직교', 0.05861276524254948), ([[1799, 2067], [1843, 2067], [1843, 2118], [1799, 2118]], '하', 0.9978518114287596), ([[426, 2100], [466, 2100], [466, 2142], [426, 2142]], '아', 0.9941294773995111), ([[1803, 2121], [1843, 2121], [1843, 2160], [1803, 2160]], '아', 0.9914556458304311), ([[1105, 2331], [1156, 2331], [1156, 2425], [1105, 2425]], '하', 0.8262933159514638), ([[1573, 2345], [1621, 2345], [1621, 2402], [1573, 2402]], '하', 0.9997744687416912), ([[1578, 2400], [1618, 2400], [1618, 2439], [1578, 2439]], '아', 0.9981878868077274), ([[1013, 2520], [1287, 2520], [1287, 2667], [1013, 2667]], '{22"', 0.04868942126631737), ([[231.1465817537794, 707.0280426574469], [323.5607223475616, 676.0940267413177], [386.8534182462206, 884.9719573425531], [294.4392776524384, 916.9059732586823]], ':', 0.11899263426775608), ([[1578.914249429668, 878.0740208365764], [1632.6089154740798, 849.0232072895539], [1690.085750570332, 966.9259791634236], [1636.3910845259202, 995.9767927104461]], '$', 0.011214798330133613), ([[144.15261937282273, 2497.0514788571463], [193.56268932944218, 2476.022652314917], [237.84738062717727, 2592.9485211428537], [188.43731067055782, 2613.977347685083]], '8', 0.3680444656584001)]
[([[1415, 317], [1516, 317], [1516, 368], [1415, 368]], '저녁은', 0.9980637766151226), ([[515, 366], [640, 366], [640, 431], [515, 431]], '상점가', 0.9991031886028575), ([[1328, 369], [1513, 369], [1513, 418], [1328, 418]], '고기감자조림', 0.9986377483818951), ([[483, 427], [637, 427], [637, 488], [483, 488]], '슈퍼에서', 0.9950785040855408), ([[1364, 416], [1516, 416], [1516, 469], [1364, 469]], '이면 되지?', 0.9911308508294607), ([[297, 450], [465, 450], [465, 501], [297, 501]], '감자루 싸게', 0.7248526511086546), ([[311, 500], [447, 500], [447, 550], [311, 550]], '팔더라구.', 0.8095295556004367), ([[833, 536], [886, 536], [886, 598], [833, 598]], '응', 0.9996829284273758), ([[996, 854], [1181, 854], [1181, 920], [996, 920]], '그렇구나.', 0.6870683552033919), ([[1729, 2062], [1834, 2062], [1834, 2129], [1729, 2129]], '어머!', 0.9506546748699832), ([[1458, 2118], [1605, 2118], [1605, 2193], [1458, 2193]], '아오이', 0.9792774813903142), ([[1669, 2130], [1834, 2130], [1834, 2198], [1669, 2198]], '비오니?', 0.9996311664581299), ([[1455, 2197], [1613, 2197], [1613, 2266], [1455, 2266]], '빨래 좀', 0.8296424684485558), ([[1425, 2268], [1641, 2268], [1641, 2343], [1425, 2343]], '걷어줄래?', 0.8683705321648216), ([[1268, 2512], [1330, 2512], [1330, 2588], [1268, 2588]], '응', 0.9997281020951654), ([[1722, 2401], [1801, 2401], [1801, 2557], [1722, 2557]], '#', 0.017969309739385153)]
[([[1636, 669], [1713, 669], [1713, 759], [1636, 759]], '푹', 0.5448107802314475), ([[697, 1052], [794, 1052], [794, 1112], [697, 1112]], '엄마', 0.9972797472297353), ([[1027, 1039], [1118, 1039], [1118, 1105], [1027, 1105]], '빨래', 0.999876764839143), ([[1007, 1108], [1141, 1108], [1141, 1172], [1007, 1172]], '여기다', 0.9999573283024219), ([[1021, 1176], [1118, 1176], [1118, 1240], [1021, 1240]], '둘게.', 0.9808702766006575), ([[361, 1378], [437, 1378], [437, 1445], [361, 1445]], '응?', 0.9985068952625987), ([[870, 1412], [999, 1412], [999, 1476], [870, 1476]], '고마원.', 0.45736998319625854), ([[521, 2105], [695, 2105], [695, 2171], [521, 2171]], '나   잠깐', 0.563924276969764), ([[496, 2173], [720, 2173], [720, 2241], [496, 2241]], '나뭇다올게.', 0.5050047222559236)]
