2086406
136
[([[13, 51], [201, 51], [201, 253], [13, 253]], '예', 0.9756116644658199), ([[14, 502], [44, 502], [44, 552], [14, 552]], '대', 0.1161348405686482), ([[9, 555], [51, 555], [51, 827], [9, 827]], "'", 0.9986071671576155), ([[31, 241], [224, 241], [224, 994], [31, 994]], '"', 0.9825847916119734), ([[702, 1128], [828, 1128], [828, 1160], [702, 1160]], '[@@ /', 0.005005207746431665), ([[760, 1154], [832, 1154], [832, 1182], [760, 1182]], '6괴고형3', 0.0003440207693970583)]
[([[470, 752], [1450, 752], [1450, 856], [470, 856]], '폐러가} 텔 되에 담} 물중', 0.031778394112948354), ([[552, 840], [1372, 840], [1372, 940], [552, 940]], '습집_ 춤정되백 문언기블', 0.0042216093312058564), ([[553, 923], [1373, 923], [1373, 1031], [553, 1031]], '말견합 오르로호 타)템', 0.002218359921651376), ([[342, 1096], [1580, 1096], [1580, 1201], [342, 1201]], '이후 탑새템렉의 모중의 돼래로 _잡움', 0.002337580594095913), ([[417, 1182], [1505, 1182], [1505, 1290], [417, 1290]], ')령관의 솜에 몹어오레 되움데히 ', 0.0072982547759894816)]
[([[937, 29], [1079, 29], [1079, 95], [937, 95]], '구설~', 0.009815195714052592), ([[56, 117], [375, 117], [375, 225], [56, 225]], '10805', 0.6219374319409057), ([[1456, 117], [1675, 117], [1675, 225], [1456, 225]], '5꾸8', 0.05055726184700003), ([[1722, 122], [1856, 122], [1856, 222], [1722, 222]], '30', 0.9999936779785765), ([[783, 449], [1037, 449], [1037, 791], [783, 791]], '국', 0.9266314503303228), ([[492, 1068], [1428, 1068], [1428, 1170], [492, 1170]], "[-')1콤,-항-리시_", 5.418304013259908e-05), ([[782, 1297], [1188, 1297], [1188, 1397], [782, 1397]], '해당 잠품음', 0.4598945558441897), ([[436, 1382], [1532, 1382], [1532, 1486], [436, 1486]], '실제와 문종합 허문의 이야기이면', 0.10565139750826726), ([[468, 1470], [1496, 1470], [1496, 1572], [468, 1572]], '등장히눈 여매운움 인개이 @관', 0.019506592179254895), ([[517, 1556], [1456, 1556], [1456, 1660], [517, 1660]], '@이오로이득데울 밝리내트', 0.026792772768673995), ([[1558, 2244], [1675, 2244], [1675, 2325], [1558, 2325]], '4*', 0.20628226684304), ([[1705, 2239], [1837, 2239], [1837, 2327], [1705, 2327]], '작', 0.11827893178971127), ([[566, 2292], [1310, 2292], [1310, 2396], [566, 2396]], '3..2..1.01..2..3', 0.40879271338350986), ([[927.0583572160833, 462.00806141926347], [1346.4003745554594, 580.2152772921572], [1177.9416427839167, 1155.9919385807366], [758.5996254445405, 1037.7847227078428]], '3', 0.01521900408244492)]
[([[937, 31], [1077, 31], [1077, 95], [937, 95]], '유드~', 0.0009065811666620828), ([[56, 120], [376, 120], [376, 222], [56, 222]], '10805', 0.39609656654132147), ([[1456, 118], [1677, 118], [1677, 229], [1456, 229]], '다:8', 0.004668887834206183), ([[1722, 121], [1856, 121], [1856, 223], [1722, 223]], '30', 0.465944967140929), ([[57, 237], [673, 237], [673, 304], [57, 304]], '설마 햇는데 진짜로 재생되데:', 0.6564578908772558), ([[59, 295], [751, 295], [751, 363], [59, 363]], '응:? 근데 살컷이 주인공이라고3', 0.5632558213176478), ([[56, 338], [786, 338], [786, 414], [56, 414]], '이거 ^버가 아니라 시대극이없나53', 0.12437627941451307), ([[1558, 2230], [1841, 2230], [1841, 2329], [1558, 2329]], '4*후)', 0.06071013957262039), ([[563, 2281], [1312, 2281], [1312, 2403], [563, 2403]], '3..2..1.5,1.2.3', 0.4654141987092292)]
[([[36, 38], [664, 38], [664, 94], [36, 94]], '특 당신들 어서 이거 풀지 못해요? !', 0.6345239476488325), ([[36, 82], [739, 82], [739, 144], [36, 144]], '명예로운 결투라면서 이런짓올 하다니 !', 0.5291544436629925), ([[38, 130], [650, 130], [650, 186], [38, 186]], '당신들이 그러고도 기사들인가요? !', 0.6567950633582947), ([[37, 218], [625, 218], [625, 281], [37, 281]], '흐흐 총사대장이라더니 생각보다', 0.7023905276700839), ([[38, 268], [316, 268], [316, 322], [38, 322]], '쉽게 잡아는결?', 0.2976983400515654), ([[37, 357], [709, 357], [709, 417], [37, 417]], '말햇장나. 명천한년이라 결투라고하면', 0.4637741834968028), ([[38, 406], [340, 406], [340, 458], [38, 458]], '분명 혼자 온다고', 0.7981548520460136), ([[352, 406], [452, 406], [452, 454], [352, 454]], '크크.', 0.9693079261348946)]
[([[35, 37], [803, 37], [803, 98], [35, 98]], '극 ! {이런 한심한 사내들에게 명예틀 기대한', 0.20048833747144823), ([[34, 86], [338, 86], [338, 140], [34, 140]], '제가 잘못이조: !', 0.563364498353585), ([[38, 175], [584, 175], [584, 231], [38, 231]], '명예? 아직도 정신올 못차렇균;', 0.18419827713098716), ([[35, 219], [771, 219], [771, 279], [35, 279]], '니년 같은 미천한 암컷 상대로명예틀지길', 0.4567623625194511), ([[37, 264], [317, 264], [317, 325], [37, 325]], '필요가 있젯나?', 0.2741130854195726), ([[35, 354], [811, 354], [811, 416], [35, 416]], '인간이 돼지랑 싸우거랑 갈은 경운리고길길;', 0.10864375680680756), ([[38, 450], [720, 450], [720, 506], [38, 506]], '홍 돼지논 당신들같이비경과 욕심으로', 0.2623258675850861), ([[35, 493], [699, 493], [699, 553], [35, 553]], '뒤록뒤록 살진 인간들에게 어울리는거', 0.3629573284701353), ([[38, 542], [178, 542], [178, 594], [38, 594]], '갈네요', 0.5700431740763199)]
[([[33, 37], [803, 37], [803, 100], [33, 100]], '이런 건방진 암개년이! 어디 누가 돼지인지', 0.6483093609793343), ([[36, 85], [354, 85], [354, 140], [36, 140]], '확인이나 해불까?', 0.4611011472286945), ([[34, 178], [218, 178], [218, 232], [34, 232]], '그 그건?', 0.6757533757712512)]
[([[108, 120], [246, 120], [246, 218], [108, 218]], '옛?', 0.9963932948224167)]
[([[31, 36], [875, 36], [875, 96], [31, 96]], '가 가슴이다 보이장아요 ! 잘도 이런 수치름 .!', 0.3680527170061771), ([[36, 130], [734, 130], [734, 186], [36, 186]], '오, 하는 짓이항은 다르게 유두분 암전한', 0.30951776517850293), ([[38, 176], [518, 176], [518, 232], [38, 232]], '함물이구만 . 귀엽군 귀여워.', 0.27425213764746825)]
[([[33, 37], [677, 37], [677, 97], [33, 97]], '이제 시작인데 벌써 놀라면 곤란하지', 0.9741700646914785), ([[37, 83], [823, 83], [823, 143], [37, 143]], '잘나신 총사님 입에서 돼지소리가 나올때까지', 0.7622541254072824), ([[36, 132], [584, 132], [584, 188], [36, 188]], '계속 때려줄거니까 각오하라고;', 0.6560182195751794), ([[34, 224], [122, 224], [122, 274], [34, 274]], '그런', 0.9998819908637115), ([[150, 222], [364, 222], [364, 276], [150, 276]], '야만적인]', 0.29186043665408357), ([[37, 265], [503, 265], [503, 325], [37, 325]], '적어도 포로로저 대우릎: !', 0.3348937130530758)]
[([[35, 85], [758, 85], [758, 140], [35, 140]], '전쟁도 아년 결투에서 처발려 농고 포로는', 0.3462671279607558), ([[36, 132], [568, 132], [568, 188], [36, 188]], '무슨 포로야! 이 명칭한 년아]', 0.6088810006750399), ([[1108.9581210524973, 594.0388221034631], [1335.5750228565796, 642.5767333666016], [1305.0418789475027, 755.9611778965369], [1078.4249771434204, 707.4232666333984]], '끼60', 0.08187536397729217), ([[1321.080735117976, 623.0183779493989], [1785.7736180760555, 733.7809442803888], [1730.919264882024, 918.9816220506011], [1266.2263819239445, 807.2190557196112]], '5아아야!', 0.16732640765948417)]
[([[36, 40], [602, 40], [602, 94], [36, 94]], '으으욕옷: ! 그, 그만 그만 !', 0.30988886589461573), ([[34, 132], [544, 132], [544, 186], [34, 186]], '그만이라니? 고작 이정도로?', 0.6555641322113435), ([[35, 173], [777, 173], [777, 238], [35, 238]], '감히 나한터 돼지라고 한 짓값원치료야지5', 0.21015701620536661), ([[34, 267], [539, 267], [539, 324], [34, 324]], '아; 알젠어오 알젯다구오 !', 0.2689326657900732), ([[36, 314], [856, 314], [856, 370], [36, 370]], '돼, 돼지 소리 벌계요 ! 빨테니까 용서해주세요드', 0.12314793040870059), ([[1173, 935], [1187, 935], [1187, 959], [1173, 959]], '"', 0.6209166451186299), ([[295, 2097], [399, 2097], [399, 2183], [295, 2183]], '4 .', 0.2660595178604126)]
[([[36, 38], [430, 38], [430, 94], [36, 94]], '부짓 부짓_! 부히잇_!', 0.14104032537382455), ([[32, 86], [594, 86], [594, 140], [32, 140]], '가슴만 근 미전한 암돼지 주제에', 0.22444198493976492), ([[34, 127], [1119, 127], [1119, 189], [34, 189]], '인간남들한터 감히 대들어서 죄송합니다앗! 용서해주세요오_', 0.47594771423719867), ([[38, 222], [180, 222], [180, 276], [38, 276]], '푸하하!', 0.9097139835357666), ([[33, 262], [811, 262], [811, 325], [33, 325]], '고작 이정도에 자존심마저 버리논 꼴하고는 `', 0.6243948914617942), ([[35, 312], [812, 312], [812, 372], [35, 372]], '진짜 돼지; 아니 돼지보다 못한 암캐년이구만', 0.5036029483790382), ([[624, 374], [736, 374], [736, 454], [624, 454]], '(', 0.4940259176720616), ([[298, 2100], [396, 2100], [396, 2180], [298, 2180]], '4', 0.6651912679598446)]
[([[33, 38], [370, 38], [370, 93], [33, 93]], '이 이제 된거조 ?', 0.4388525698908375), ([[36, 84], [524, 84], [524, 140], [36, 140]], '하, 하라논데로 햇으니 끝난.', 0.5467634140771616), ([[33, 175], [697, 175], [697, 237], [33, 237]], '그말을 믿다니. 역시 네년은 돼지가다', 0.7410107028053604), ([[34, 222], [392, 222], [392, 278], [34, 278]], '어울리논구만 . 크크.', 0.6252865173086807), ([[36, 314], [288, 314], [288, 366], [36, 366]], '옛그그런: .', 0.4671684326610399), ([[1173, 935], [1187, 935], [1187, 959], [1173, 959]], '"', 0.5992860956530563)]
[([[36, 40], [312, 40], [312, 90], [36, 90]], '자 잠깐만요 !', 0.7266759434462423), ([[35, 82], [621, 82], [621, 143], [35, 143]], '돼지 소리블 대면 안때린다고햇 .', 0.3780545236328389), ([[34, 175], [506, 175], [506, 230], [34, 230]], '그래서 잠깐 쉬계해쥐잖나.', 0.1851892456417663), ([[37, 218], [777, 218], [777, 282], [37, 282]], '맛기 실없으면 처음부터 잘 처신햇어야자', 0.47113395890331405)]
[([[35, 36], [625, 36], [625, 100], [35, 100]], '원입 아랫입 둘다 존나 시끄러네:', 0.3441841305683788), ([[35, 84], [345, 84], [345, 144], [35, 144]], '좀 닥치고있어보!', 0.6866141815465998), ([[36, 178], [260, 178], [260, 228], [36, 228]], '자; 잠깐_?', 0.4635021391887508), ([[32, 215], [414, 215], [414, 284], [32, 284]], '어디틀 때리려는 . !?', 0.2823005282582472), ([[1121.2909450629643, 583.0119738637416], [1802.9999125459135, 750.9393941917867], [1749.7090549370357, 920.9880261362584], [1068.0000874540865, 753.0606058082133]], '@이이이야:?', 0.06531389618816535)]
[([[36, 42], [232, 42], [232, 92], [36, 92]], '아; 안대신', 0.25540483753216053), ([[37, 82], [477, 82], [477, 146], [37, 146]], '오오퉁이 나외버려엇 !', 0.3814772784588455), ([[299, 2095], [385, 2095], [385, 2179], [299, 2179]], '4', 0.9873371623844065), ([[1117.9098448547495, 568.0313004726396], [1360.8455892327456, 622.4781179912455], [1320.0901551452505, 779.9686995273604], [1076.1544107672544, 726.5218820087545]], '교5', 0.10280266260804989), ([[1343.120703156325, 617.0175789081206], [1713.83607452937, 737.3193565795146], [1649.879296843675, 910.9824210918794], [1279.16392547063, 790.6806434204854]], '에익!!', 0.06579320132732391)]
[([[34, 40], [520, 40], [520, 94], [34, 94]], '아 아랫쪽에 . 가 감각이 .', 0.3148258465307892), ([[34, 130], [644, 130], [644, 186], [34, 186]], '크크 그 잘난 총사대장의 분수소홀', 0.5709287436546202), ([[36, 178], [380, 178], [380, 230], [36, 230]], '우리만 본게 아깝군_', 0.49123330724140185), ([[35, 219], [801, 219], [801, 279], [35, 279]], '다른 녀석들 앞에서 시청어야햇든데말이야', 0.16742478233908437), ([[33, 310], [783, 310], [783, 372], [33, 372]], '이 이런 수치라니__다_당신들주저금절대로', 0.11753840245765104), ([[36, 359], [409, 359], [409, 411], [36, 411]], '용서치않켓:어:으에', 0.4440103644574949), ([[426, 362], [507, 362], [507, 410], [426, 410]], '에:', 0.9904567632294198), ([[36, 450], [732, 450], [732, 506], [36, 506]], '어림도 없지. 적당히 혼만 내주례햇는데', 0.35237004161838514), ([[36, 494], [815, 494], [815, 555], [36, 555]], '적당히 나)어야지. 앞으로 지목월보여주마 |', 0.3741106439753661)]
[]
[([[502, 952], [1573, 952], [1573, 1076], [502, 1076]], '@걸들이레 붙넣 쓸컷음', 0.0035650333311301103), ([[691, 1058], [1372, 1058], [1372, 1185], [691, 1185]], '콤로움에 팔려', 0.058422180882411946), ([[484, 1166], [1621, 1166], [1621, 1294], [484, 1294]], '눈예 수문 때운렉 돕타', 0.0030917273086221355), ([[391, 1385], [1712, 1385], [1712, 1511], [391, 1511]], '미립 쓸#에레 필으빛 [래늄 미._', 0.0009796647824285428)]
[([[1015, 32], [1164, 32], [1164, 99], [1015, 99]], '장과', 0.0014511631192862069), ([[63, 125], [407, 125], [407, 241], [63, 241]], '10805', 0.5918979058504358), ([[1574, 127], [1808, 127], [1808, 238], [1574, 238]], '558', 0.03260923364558363), ([[1854, 126], [2004, 126], [2004, 240], [1854, 240]], '30', 0.9999875245556333), ([[566, 465], [1395, 465], [1395, 1193], [566, 1193]], ']', 0.4002631649587194), ([[535, 1148], [1473, 1148], [1473, 1253], [535, 1253]], '[-묘_묘,-스리_', 0.00034519561686064646), ([[824, 1378], [1231, 1378], [1231, 1478], [824, 1478]], '해당 잘품음', 0.42307245099180935), ([[482, 1464], [1575, 1464], [1575, 1566], [482, 1566]], '실제와 문관합 헤문의 @어이편', 0.05523741083941308), ([[513, 1550], [1542, 1550], [1542, 1652], [513, 1652]], '등장하늄 여매운백 인잡이 @네', 0.016132457501932127), ([[561, 1636], [1500, 1636], [1500, 1741], [561, 1741]], '@이외로이블입움 밝리내생 ', 0.018630208464770003), ([[1684, 2651], [1808, 2651], [1808, 2738], [1684, 2738]], '41', 0.28286547255620903), ([[1843, 2651], [1982, 2651], [1982, 2742], [1843, 2742]], '너', 0.061253912986753756), ([[611, 2702], [1415, 2702], [1415, 2812], [611, 2812]], '3..2.10.1..2..3', 0.5860931345886651)]
[([[1015, 32], [1164, 32], [1164, 99], [1015, 99]], '지격(', 0.0007224252231447134), ([[66, 125], [413, 125], [413, 240], [66, 240]], '10805', 0.15215154075047937), ([[1569, 126], [1812, 126], [1812, 246], [1569, 246]], '5:$', 0.017346298693999), ([[1856, 130], [2002, 130], [2002, 240], [1856, 240]], '30', 0.9999409479413761), ([[56, 264], [965, 264], [965, 349], [56, 349]], '올음요 이레 명망접 예야의 순위. ?', 0.0029944607174894875), ([[54, 333], [704, 333], [704, 417], [54, 417]], '진짜 장난없장아요(이뤄', 0.05304841207993036), ([[1684, 2651], [1808, 2651], [1808, 2738], [1684, 2738]], '4*', 0.23025583221110454), ([[1843, 2651], [1982, 2651], [1982, 2740], [1843, 2740]], '너', 0.02463471883718449), ([[611, 2702], [1415, 2702], [1415, 2815], [611, 2815]], '3..2.1.0.1..2..3', 0.7105819992379788)]
[([[1154, 36], [1994, 36], [1994, 104], [1154, 104]], '튀야; 총사대장 출신이라길레 기대햇터니', 0.23942131349018408), ([[1154, 94], [1395, 94], [1395, 159], [1154, 159]], '별거없구만_', 0.7754367189943631), ([[1155, 195], [1941, 195], [1941, 269], [1155, 269]], '옷내 이런 복장으로 결투에 집중 활 수', 0.08056878751694263), ([[1154, 254], [1849, 254], [1849, 322], [1154, 322]], '있율리가 없장아요 내원래 장비만', 0.1319317317861106), ([[1154, 308], [1601, 308], [1601, 373], [1154, 373]], '있없어도당신들 좀은', 0.7849242595274701), ([[1150, 413], [1845, 413], [1845, 486], [1150, 486]], '울리야말로쓰린야합 몸뚱아리가', 0.03509976089287088), ([[1138, 458], [1363, 458], [1363, 603], [1138, 603]], '흉올렉적튼', 0.0049941677005165865), ([[1345, 468], [1829, 468], [1829, 540], [1345, 540]], '털렇거리드데 집중활수', 0.08397055279148465), ([[1348, 522], [1519, 522], [1519, 590], [1348, 590]], '없장내]', 0.8803946375846863)]
[([[1151, 37], [1980, 37], [1980, 105], [1151, 105]], '자 그러면 슬슬 메인 소로 넘어가 볼까?', 0.40637517979293364), ([[1155, 142], [1873, 142], [1873, 218], [1155, 218]], '무;무슨 짓율 하련고 [: 설마 .?', 0.17841644577122373), ([[1156, 253], [1846, 253], [1846, 318], [1156, 318]], '괜히 알몸으로 싸우씨시켜올리가', 0.2639373855337644), ([[1153, 306], [1876, 306], [1876, 378], [1153, 378]], '없잖아3 당연히 자람물보는앞에서', 0.3587643313629219), ([[1150, 357], [1461, 357], [1461, 432], [1150, 432]], '따먹어쥐야지6', 0.32739712192401116), ([[1155, 465], [1851, 465], [1851, 538], [1155, 538]], '뭐; 뭐리고요 !? 특 이거움이거', 0.07945106961291862), ([[1152, 521], [1444, 521], [1444, 595], [1152, 595]], '놓지못해오? ', 0.4952546803310577)]
[([[1148, 35], [1904, 35], [1904, 107], [1148, 107]], '걱정말리고 유리도 하루이틀 하는거', 0.3091291392745731), ([[1149, 92], [1848, 92], [1848, 159], [1149, 159]], '아니니까 기분중게 끝내출테니까:', 0.5235333705440166), ([[1157, 203], [1213, 203], [1213, 262], [1157, 262]], '흥', 0.5181590566285763), ([[1230, 196], [1768, 196], [1768, 268], [1230, 268]], '딱_도 희접한 물건일렌데', 0.22577079622668), ([[1154, 248], [1953, 248], [1953, 322], [1154, 322]], '관심없으짜 어서이거 놓지 못해요?', 0.1449555596737968), ([[1151, 359], [1992, 359], [1992, 428], [1151, 428]], '너같이 기 팬철하분년이 한물있없논줄', 0.08953170443024062), ([[1151, 416], [1830, 416], [1830, 484], [1151, 484]], '아냐? 근래6 어텔 한번직접 보고', 0.19260043241821967), ([[1154, 469], [1563, 469], [1563, 537], [1154, 537]], '판단해보라고크크6', 0.06502160382891597)]
[([[1151, 36], [1879, 36], [1879, 102], [1151, 102]], '히익 !? 무 무슨 크기가 이렇게. !', 0.23038328171814135), ([[1150, 143], [1976, 143], [1976, 211], [1150, 211]], '모작 이정도 크기름 보괴놀라다니 그런', 0.4644418827579974), ([[1154, 198], [1903, 198], [1903, 265], [1154, 265]], '커다라 가슴을 달고외으면서도 꽤나', 0.3271735071407514), ([[1154, 255], [1649, 255], [1649, 322], [1154, 322]], '암전하게살아나보금만|', 0.051008036665884326), ([[1154, 359], [1945, 359], [1945, 428], [1154, 428]], '앞으로 당할 일들울생각하면 이정도면', 0.6626918983526636), ([[1153, 414], [1687, 414], [1687, 487], [1153, 487]], '약한편인데 말이지 크크', 0.22405046805605006)]
[([[1150, 35], [1962, 35], [1962, 108], [1150, 108]], '잔 근러면 총사대장남의 보지맛좀 한번', 0.22284086871704256), ([[1154, 92], [1393, 92], [1393, 157], [1154, 157]], '보 불까나~', 0.41224660654022843), ([[1154, 198], [1980, 198], [1980, 265], [1154, 265]], '그더러운거 넣기만 해반오! 절대로 용서', 0.5680552283970937), ([[1157, 258], [1216, 258], [1216, 315], [1157, 315]], '못', 0.9996215463192506)]
[([[1142.1163591893935, 257.0122026560466], [1850.8287342050432, 429.6936910451825], [1773.8836408106065, 682.9877973439534], [1065.1712657949568, 511.3063089548175]], '끗99?', 0.12920497357845306)]
[([[1155, 40], [1205, 40], [1205, 90], [1155, 90]], '턱', 0.8862203650128464), ([[1228, 37], [1709, 37], [1709, 106], [1228, 106]], '커억 . 너 너무 커서 .', 0.37801709880159595), ([[1151, 94], [1539, 94], [1539, 155], [1151, 155]], '자 자궁에: 다:당.', 0.5337502175824109), ([[1561, 95], [1615, 95], [1615, 151], [1561, 151]], '당', 0.9254307210978965), ([[1151, 200], [2014, 200], [2014, 265], [1151, 265]], '크웃_ 역쇠 단련되몸이라 그런지 웬만한', 0.16584272178376586), ([[1154, 253], [1897, 253], [1897, 320], [1154, 320]], '암컷물 보지보다 훨씬 조이논구만. !', 0.22253496709294263), ([[1150, 360], [1939, 360], [1939, 432], [1150, 432]], '크국 그 맛에목숨결과 검투사짓 하지', 0.15619426214659074), ([[1150, 466], [1993, 466], [1993, 538], [1150, 538]], '빼;때 빼짓0 매가 꽉치서 속이이상해앗', 0.07634740067138711)]
[([[1147, 35], [1948, 35], [1948, 110], [1147, 110]], '이렇계야한 가슴이랑 꽉조이는 보지가', 0.22394387238341235), ([[1150, 88], [1818, 88], [1818, 162], [1150, 162]], '눈앞에 외논데 어떻 빼젯나고!', 0.12649791050691692), ([[1155, 200], [1700, 200], [1700, 266], [1155, 266]], '욕!? 오오욕 !? 자5 잠깐', 0.44624900359199354), ([[1745, 200], [1899, 200], [1899, 263], [1745, 263]], '거기름', 0.7319923043251038), ([[1153, 251], [1666, 251], [1666, 327], [1153, 327]], '그렇게 납독하게 찌르면-_', 0.11160138508318715), ([[1701, 255], [1978, 255], [1978, 320], [1701, 320]], '끄오오옷. !?', 0.5198042666064977), ([[574, 1340], [600, 1340], [600, 1366], [574, 1366]], '이', 0.1977383192547144), ([[585, 1366], [613, 1366], [613, 1401], [585, 1401]], '~', 0.039994237630488705)]
[([[1152, 42], [1211, 42], [1211, 94], [1152, 94]], '자', 0.9969954443251403), ([[1229, 39], [1588, 39], [1588, 102], [1229, 102]], '잠깐 지금 가슴올', 0.4368654667523218), ([[1154, 94], [1729, 94], [1729, 163], [1154, 163]], '만져버리펴어언언 !! 오오욕', 0.1488534282590821), ([[1804, 97], [1865, 97], [1865, 149], [1804, 149]], '!?', 0.9967757733275965), ([[1154, 198], [1901, 198], [1901, 267], [1154, 267]], '자지없이는 못사분임돼지 육변기로', 0.24703512040768383), ([[1154, 251], [1461, 251], [1461, 325], [1154, 325]], '만들어줌마혼', 0.13860078310647606)]
[([[1151, 36], [1753, 36], [1753, 102], [1151, 102]], '이! 이런건 시 싫엇. ! 싫은넷', 0.2656306639152639), ([[1151, 94], [1506, 94], [1506, 157], [1151, 157]], '기분이. 앗아앗_', 0.4435487036106616), ([[1591, 89], [1786, 89], [1786, 157], [1591, 157]], "으히이익'", 0.8124139283334747), ([[1151, 147], [1391, 147], [1391, 210], [1151, 210]], '극만뒤어엇', 0.1522417036645863), ([[1149, 251], [1884, 251], [1884, 323], [1149, 323]], '그런말 하편서 보지름 조이논결보면', 0.08249459913241432), ([[1152, 304], [1874, 304], [1874, 377], [1152, 377]], '총사대보답 창녀에 재능이 외는결? ', 0.11617025389177765), ([[1153, 414], [1789, 414], [1789, 483], [1153, 483]], '그 그럴리가 _마나는 자랑스러운', 0.14323578807626944), ([[1153, 465], [1739, 465], [1739, 540], [1153, 540]], '종자대 대장인데옛내은직6(', 0.020829624860918026), ([[1081, 1536], [1329, 1536], [1329, 1808], [1081, 1808]], '@', 0.4263046142965301)]
[([[1151, 39], [2009, 39], [2009, 104], [1151, 104]], '스끄럽고 이용의 귀한 정자나니까 자궁에', 0.28540210694392404), ([[1154, 94], [1495, 94], [1495, 159], [1154, 159]], '잘 받아두라고,', 0.1440559572879008), ([[1151, 198], [1693, 198], [1693, 265], [1151, 265]], '아; 안대! 시, 싫엇: 멈취', 0.24559112255488552), ([[1712, 200], [1958, 200], [1958, 265], [1712, 265]], '멈추어엇 !', 0.4145087575744651), ([[914, 880], [1055, 880], [1055, 1039], [914, 1039]], '0', 0.003279670462744702), ([[261.3624523128373, 1438.008130663222], [930.7659106948123, 913.5980397907015], [1026.6375476871626, 1095.991869336778], [357.2340893051877, 1619.4019602092985]], ':-1악맛', 0.0006992372067991931)]
[([[1152, 40], [1211, 40], [1211, 94], [1152, 94]], '에', 0.9601577573960327), ([[1232, 40], [1370, 40], [1370, 94], [1232, 94]], '에: 에_', 0.47301552028480853), ([[1151, 147], [1980, 147], [1980, 212], [1151, 212]], '크의 이닷이지: 단에 교볕 명품보지라', 0.04138039792017272), ([[1148, 197], [1668, 197], [1668, 270], [1148, 270]], '그런지 성능 확실하다만;', 0.22172722496362077), ([[1150, 304], [1917, 304], [1917, 376], [1150, 376]], '아야 여키기라리늄사람이 몇입데 다', 0.04379800371224881), ([[1150, 360], [1622, 360], [1622, 432], [1150, 432]], '씻으면 어서 비키라되', 0.07327455958614683), ([[1155, 475], [1211, 475], [1211, 525], [1155, 525]], '에', 0.9724245147063506), ([[1228, 469], [1510, 469], [1510, 537], [1228, 537]], '에: 지뇨싫엇', 0.07569797940523815), ([[1544, 469], [1709, 469], [1709, 534], [1544, 534]], '싫어없}', 0.21778396625430088)]
[]
[([[1148, 33], [1337, 33], [1337, 102], [1148, 102]], '및그만_', 0.2378544599650264), ([[1355, 39], [1797, 39], [1797, 104], [1355, 104]], '더_더이상. 더이상은_', 0.3461464510521602), ([[1819, 42], [1955, 42], [1955, 98], [1819, 98]], '못버,', 0.46407157392390685), ([[1152, 95], [1286, 95], [1286, 151], [1152, 151]], '터엇 ', 0.3584652245044708), ([[1154, 198], [1919, 198], [1919, 267], [1154, 267]], '크오랜만에 괜찮은년이 들어외서 잘', 0.5166127364279597), ([[1156, 255], [1323, 255], [1323, 318], [1156, 318]], '씻구만;', 0.2136267125606537), ([[1149, 356], [1964, 356], [1964, 429], [1149, 429]], "야야하다 씻으 정리해서 '거기'로 보날", 0.1693230894977639), ([[1153, 413], [2013, 413], [2013, 486], [1153, 486]], '준비하라되 오늘균경오신 관객분들도맛', 0.20271021885587265), ([[1154, 469], [1517, 469], [1517, 537], [1154, 537]], '보게해드마야지5', 0.11661144839210238), ([[1409, 1811], [1513, 1811], [1513, 1944], [1409, 1944]], '샌', 0.022443599029703387), ([[1014, 1959], [1166, 1959], [1166, 2284], [1014, 2284]], '{', 0.1273137826947277), ([[1468, 2188], [1540, 2188], [1540, 2273], [1468, 2273]], '소', 0.13823969844050854)]
[([[1408, 1810], [1516, 1810], [1516, 1943], [1408, 1943]], '2', 0.01735973194357232), ([[1017, 1958], [1168, 1958], [1168, 2279], [1017, 2279]], '{', 0.11241074071674095), ([[1466, 2188], [1540, 2188], [1540, 2273], [1466, 2273]], '{', 0.060932663436265244)]
[([[700, 1055], [2381, 1055], [2381, 1184], [700, 1184]], '활로세움어 패뱃 흉 등월올 텅합 댁#', 0.001022054129180999), ([[865, 1164], [2219, 1164], [2219, 1292], [865, 1292]], '이출 운렉- 몰려기페 되{데분', 0.002104444837815248)]
[([[1477, 33], [1691, 33], [1691, 122], [1477, 122]], '구설~', 0.006810894561870202), ([[88, 160], [579, 160], [579, 311], [88, 311]], '10805', 0.5232769759213878), ([[2302, 161], [2641, 161], [2641, 311], [2302, 311]], '다:8', 0.035952454991570335), ([[2722, 164], [2927, 164], [2927, 308], [2722, 308]], '30', 0.999982635542571), ([[1079, 490], [1897, 490], [1897, 1194], [1079, 1194]], ']', 0.06419083819601301), ([[1046, 1161], [1984, 1161], [1984, 1266], [1046, 1266]], '퍽-묘_슬,-항-리1', 0.00028310479023118627), ([[760, 1387], [2272, 1387], [2272, 1499], [760, 1499]], '해당 작품음 실제와 문수합 허문의 @야리이맣', 0.045654094261406215), ([[531, 1477], [2505, 1477], [2505, 1588], [531, 1588]], '등장하듣 예매움블 인초이 이예 마이오로이트입올 밝리내터', 0.011461370841695065), ([[2461, 2280], [2637, 2280], [2637, 2390], [2461, 2390]], '4*', 0.30000288852556445), ([[2694, 2275], [2893, 2275], [2893, 2392], [2694, 2392]], '너', 0.10167245625897081), ([[889, 2343], [1254, 2343], [1254, 2487], [889, 2487]], '3..2', 0.9926815629005432), ([[1589, 2346], [2058, 2346], [2058, 2486], [1589, 2486]], '1..2..3', 0.9054759881303939)]
[([[1480, 33], [1694, 33], [1694, 122], [1480, 122]], '유~', 0.007285184614953806), ([[88, 161], [580, 161], [580, 323], [88, 323]], '10805', 0.520012960031335), ([[2300, 157], [2643, 157], [2643, 315], [2300, 315]], '5:-', 0.010521042839770707), ([[2722, 164], [2925, 164], [2925, 310], [2722, 310]], '30', 0.99999527955623), ([[57, 400], [1190, 400], [1190, 487], [57, 487]], '어 음 . 이거 살컷이 배우인거는 맞켓지.?', 0.2280307314295849), ([[56, 470], [524, 470], [524, 555], [56, 555]], '너무 리엌한데:.?', 0.48623330635756273), ([[2461, 2280], [2642, 2280], [2642, 2390], [2461, 2390]], '4*', 0.5417582774730091), ([[2694, 2275], [2893, 2275], [2893, 2392], [2694, 2392]], '작)', 0.023191650289229985), ([[892, 2349], [1215, 2349], [1215, 2484], [892, 2484]], '3..2', 0.9858090281486511), ([[1595, 2359], [1659, 2359], [1659, 2471], [1595, 2471]], '1', 0.8894830971755461), ([[1725, 2346], [2058, 2346], [2058, 2486], [1725, 2486]], '2.3', 0.6730767488479614)]
[([[44, 75], [1118, 75], [1118, 143], [44, 143]], '야야; 제대로 안움직이나? 좀 더 화곤하게 흔들어보!', 0.6348569764976038), ([[46, 183], [1172, 183], [1172, 252], [46, 252]], '붙잡혀올 때륙 대비해서 엉덩이 흔드는거는 총사대에서', 0.41212713596897216), ([[46, 239], [685, 239], [685, 306], [46, 306]], '안알려주나? 드럽게 재미없네.', 0.4483265442906173), ([[46, 347], [320, 347], [320, 407], [46, 407]], '으으. 이런 .', 0.7142321247359551), ([[316, 332], [587, 332], [587, 428], [316, 428]], '수치라니>', 0.3473162971478248)]
[([[44, 77], [741, 77], [741, 141], [44, 141]], '야야; 너무 부끄러워하는거 아냐?', 0.46247851033427956), ([[46, 131], [1294, 131], [1294, 197], [46, 197]], '앞으로 홀로세움에서 질때마다 여기 와야할렌데 말이야. 필필', 0.16951929244902852), ([[43, 232], [1189, 232], [1189, 308], [43, 308]], '그래도 임마! 니 년 보려고 돈을 얼마나 넷는데 최소한의', 0.4059892433036044), ([[46, 293], [969, 293], [969, 357], [46, 357]], '성의논 보여야 활거 아니나? 똑바로 좀 해라!', 0.5562898014173526), ([[45, 397], [1086, 397], [1086, 470], [45, 470]], '특. 당신들 같은 무회한들올 만족시길 생각 따위는', 0.6073741264737695), ([[44, 456], [341, 456], [341, 522], [44, 522]], '없없다고요 !', 0.8065679336710686)]
[([[44, 74], [1074, 74], [1074, 147], [44, 147]], '무회한? 허 참. 이년 주제파악을 못하네 뭐 좋아.', 0.4311668775627782), ([[46, 131], [800, 131], [800, 197], [46, 197]], '우리도 억지로 시키논건 재미없거든;', 0.6003256869742646), ([[43, 234], [444, 234], [444, 309], [43, 309]], '무슨 짓율 하려는 .', 0.4297523741580342)]
[([[46, 76], [1280, 76], [1280, 143], [46, 143]], '자, 생각해보자고. 우리논 니년이 빵당이 흔드는컵 보고싶고,', 0.37304479107122407), ([[46, 129], [1365, 129], [1365, 197], [46, 197]], '니년은 빨리 이짓 그만두고 싶은거잖아? 그러니까 화곤하게 한번', 0.5533951197087655), ([[46, 185], [405, 185], [405, 249], [46, 249]], '흔들고 끝내라고', 0.9987129201689434), ([[48, 290], [1037, 290], [1037, 362], [48, 362]], '특_일단 알켓 . 자, 잠깐 어; 엉덩이에 월 가져다', 0.39241832118033926), ([[44, 347], [336, 347], [336, 412], [44, 412]], '대는거에요?', 0.8824571463504869)]
[([[46, 77], [875, 77], [875, 143], [46, 143]], '말햇장나 . 화곤하게 한번 하고 끝내자고', 0.5071428803819837), ([[44, 185], [626, 185], [626, 249], [44, 249]], '그 그래도 저건 너무 근데 .', 0.7761523162792135), ([[44, 291], [1066, 291], [1066, 360], [44, 360]], '이정도는 보여쥐야 우리도 만족버거 아냐? 싫으면', 0.768604487190382), ([[46, 347], [557, 347], [557, 412], [46, 412]], '하루종일 여기에 있던가', 0.7123799150647003), ([[44, 453], [887, 453], [887, 520], [44, 520]], '으욕: 알계어요 넣울게요 . 넣는다고요 .', 0.10198241309654765)]
[([[46, 77], [929, 77], [929, 141], [46, 141]], '끄. 끄끄욕 . 너 너무 커 커서. 배. 배가 .', 0.2325478934337182), ([[46, 183], [1096, 183], [1096, 252], [46, 252]], '역시 단련원 보지라 그런지 존득하게 들어가눈구만.', 0.695329567884284), ([[43, 288], [1114, 288], [1114, 362], [43, 362]], '카 좋아; 좋아 이제 한번 시원하게 흔들어 보라고쎄', 0.36428638975597294), ([[44, 399], [725, 399], [725, 466], [44, 466]], '알려다고요 알켓으니까: 끄웃 !', 0.09777640860203095)]
[([[46, 77], [847, 77], [847, 143], [46, 143]], '내 의지로 이런 짓율 하게되다니 . 크욕', 0.7426758993422325), ([[43, 182], [1086, 182], [1086, 255], [43, 255]], '칸; 보지즘 나오는거좀 바라. 맥주대신 저거 마서도', 0.1755474432585891), ([[46, 239], [294, 239], [294, 303], [46, 303]], '괜찮젯구만.', 0.7607201007065804), ([[46, 347], [619, 347], [619, 412], [46, 412]], '아까보다 훨씬 낫구만 길길', 0.5902609613459248), ([[44, 456], [372, 456], [372, 517], [44, 517]], '저질저질들. !', 0.6455801105275861)]
[([[46, 77], [793, 77], [793, 141], [46, 141]], '하아 하아 . 이 이정도면 된거조 .?', 0.39623356992600217), ([[46, 185], [1339, 185], [1339, 252], [46, 252]], '약간 아쉽긴한데 아까보다 훨씬 낫네. 진작 이렇게 하지 그쨌나.', 0.39084460370328705), ([[44, 293], [517, 293], [517, 357], [44, 357]], '그 그러면 이제 끝난:', 0.3934768232750596)]
[([[46, 77], [1042, 77], [1042, 143], [46, 143]], '끝나긴 뭐가 끝나? 이제부터 시작이지 암키년아!', 0.5729333374374811), ([[43, 192], [504, 192], [504, 292], [43, 292]], '끄이이이익!?', 0.7313163354843599), ([[259.36821402543455, 366.0468141147112], [1262.644801598696, 169.2182815489063], [1328.6317859745654, 794.9531858852888], [324.35519840130416, 991.7817184510936]], '실쎄!', 0.03987403494897528)]
[([[43, 72], [629, 72], [629, 145], [43, 145]], '다 당신들. ! 잘도 거짓말올', 0.6286628969248645), ([[46, 183], [1308, 183], [1308, 252], [46, 252]], '니년이야 말로 그정도만 보여주고 끝날 생각이없나? 화곤하게', 0.4913386769930065), ([[48, 236], [581, 236], [581, 308], [48, 308]], '보여달라햇잖아 화곤하게.', 0.48515337038719), ([[42, 345], [1094, 345], [1094, 414], [42, 414]], '이정도 햇으면 된거 아니에요? 도대체 월 원하는 .', 0.8034858669816219)]
[([[48, 71], [1053, 71], [1053, 147], [48, 147]], '보지 구멍말고도 동 구멍이 비없으여기도 쓰란', 0.6853530974021811), ([[49, 131], [501, 131], [501, 197], [49, 197]], '말이장나 명칭한년아!', 0.5263251987853986), ([[46, 196], [313, 196], [313, 297], [46, 297]], '끄욕!?', 0.15477003157138824), ([[391.2643169024498, 519.0061507664994], [706.6778467346003, 684.2760068332177], [432.7356830975502, 1204.9938492335007], [117.32215326539969, 1039.7239931667823]], '싹', 0.4098263770949906)]
[([[46, 77], [409, 77], [409, 141], [46, 141]], '모 몸이 몸이 뜨', 0.8331737810848078), ([[430, 77], [1223, 77], [1223, 141], [430, 141]], '뜨것. 다, 당신 . 어. 엉덩이에 월 넣은', 0.5515426374461604), ([[42, 133], [233, 133], [233, 193], [42, 193]], '거조 !?', 0.5313125119111258), ([[45, 236], [1097, 236], [1097, 309], [45, 309]], '하도 망기적 거리길레 미악도 같이 발라켓는데; 왜?', 0.7142861994178192), ([[46, 293], [273, 293], [273, 357], [46, 357]], '불만이나?', 0.9767156398364052), ([[44, 402], [875, 402], [875, 466], [44, 466]], '그 . 그런 으욕:.아 아랫쪽이 가: 간질', 0.18456170536122307), ([[896, 402], [1101, 402], [1101, 466], [896, 466]], '간지컷: !', 0.3676815645402686)]
[([[46, 77], [456, 77], [456, 139], [46, 139]], '욕: ! 오욕. !오오옷.', 0.506244219595264), ([[559, 75], [1153, 75], [1153, 144], [559, 144]], '어 엉덩이 구멍에 넣다 빼면_', 0.884919218041829), ([[46, 131], [186, 131], [186, 193], [46, 193]], '안빛 .', 0.10648124825457032), ([[227, 131], [449, 131], [449, 193], [227, 193]], '오오옷: !', 0.5795700822687536), ([[49, 239], [1459, 239], [1459, 306], [49, 306]], '역시 이런 년들은 엉덩이 약점이라니간, 알아서 잘 움직이논구만 길길', 0.48865391356009386), ([[43, 345], [1207, 345], [1207, 414], [43, 414]], '야야; 몸만 움직이지말고 아가리도 술맛나게 털어보라고.', 0.7328753008261351)]
[([[46, 77], [230, 77], [230, 139], [46, 139]], '욕 오옷', 0.9708141088485718), ([[286, 77], [901, 77], [901, 143], [286, 143]], '어: 엉덩이 기분 종와. 좋앗  .!', 0.1876731357108269), ([[978, 77], [1099, 77], [1099, 143], [978, 143]], '더더', 0.9995626280258292), ([[44, 131], [449, 131], [449, 197], [44, 197]], '수섯수서어어엇!!', 0.1657968778416153), ([[46, 238], [1190, 238], [1190, 306], [46, 306]], '카. 진작 이렇게 흔들없어야지. 이제야 술맛좀 나네 길필_', 0.3486001651988752), ([[1201, 524], [1238, 524], [1238, 560], [1201, 560]], '9', 0.6760773351403238), ([[907.9266873708001, 75.09678053940056], [984.3808353086501, 87.34545458106592], [974.0733126291999, 141.90321946059944], [898.6191646913499, 129.65454541893408]], '더;', 0.5352605332202675)]
[([[43, 76], [481, 76], [481, 151], [43, 151]], '가 간닷 . 간닷 .', 0.7366692155309473), ([[41, 147], [793, 147], [793, 245], [41, 245]], '엉덩이 자위로 간다아아앗', 0.8792546837398137), ([[1395.4658713162696, 1277.1109330054726], [2496.9128084229, 980.979771137262], [2531.5341286837306, 1220.8890669945274], [1430.0871915771, 1517.020228862738]], '으요신-)9 !.', 0.00034887278526185756)]
[([[45, 78], [138, 78], [138, 135], [45, 135]], '에 .', 0.7355536222457886), ([[180, 77], [445, 77], [445, 139], [180, 139]], '에헤:에에 .', 0.281471418543387), ([[49, 185], [1296, 185], [1296, 252], [49, 252]], '좋아. 좋아. 이정도면 아주 좋다구. 진작 이렇게 하지 그램나?', 0.4365504702180238)]
[([[60, 75], [758, 75], [758, 141], [60, 141]], '넷:_네옛:가:감사합니. 자; 잠깐.', 0.20368400182715413), ([[782, 74], [1104, 74], [1104, 146], [782, 146]], '그런데 왜 다들', 0.9907590727660558), ([[44, 131], [1026, 131], [1026, 197], [44, 197]], '여기로 오는.? 지: 진짜로 끝내주신다면서요 !', 0.4422409143969497), ([[46, 239], [1216, 239], [1216, 304], [46, 304]], '이제 오프님 끝내으니 슬슬 본선으로 들어가야지 않젯어?', 0.267639663973568), ([[45, 345], [1129, 345], [1129, 414], [45, 414]], '설마 보기만 활거라고 생각햇던거나? 존나 명청하네.', 0.6718390707572323), ([[46, 453], [536, 453], [536, 520], [46, 520]], '으으옷그그런: !', 0.37046244677220297)]
[([[1081, 33], [1240, 33], [1240, 101], [1081, 101]], ':설~', 0.0011087015257061662), ([[72, 130], [434, 130], [434, 245], [72, 245]], '10805', 0.32850146211340386), ([[1676, 130], [1923, 130], [1923, 245], [1676, 245]], '5:8', 0.05832942111320021), ([[1977, 132], [2130, 132], [2130, 245], [1977, 245]], '30', 0.9999983984201323), ([[662, 730], [1444, 730], [1444, 1397], [662, 1397]], '#', 0.448546746016806), ([[622, 1366], [1524, 1366], [1524, 1468], [622, 1468]], '퍽-묘1--시이리시1', 0.000792903502096215), ([[370, 1587], [1821, 1587], [1821, 1689], [370, 1689]], '해당 작품음 실제와 문종합 허문의 이야기[이면', 0.09309443479439138), ([[151, 1669], [2046, 1669], [2046, 1774], [151, 1774]], '등장해듣 예배움움 인되이 이네 @이오로이블입울 밝리내터', 0.003991561177213929), ([[1795, 2717], [1924, 2717], [1924, 2803], [1795, 2803]], '41', 0.21767919559939602), ([[1961, 2717], [2108, 2717], [2108, 2808], [1961, 2808]], '너)', 0.206297583224691), ([[654, 2769], [1021, 2769], [1021, 2880], [654, 2880]], '3..2.1', 0.6887986239437333), ([[1154, 2767], [1505, 2767], [1505, 2880], [1154, 2880]], '1..2..3', 0.4264285237101005)]
[([[442, 1124], [1760, 1124], [1760, 1249], [442, 1249]], '콤로움에에 예속 망문 패뱃로', 0.007959351985493402), ([[212, 1228], [2001, 1228], [2001, 1353], [212, 1353]], '쓸컷음  제의 된올 질세기} 상미라터 [넘.히', 0.0002789735483125222)]
[([[1080, 32], [1241, 32], [1241, 105], [1080, 105]], '유투느', 0.0005277509613660038), ([[74, 130], [436, 130], [436, 245], [74, 245]], '1080', 0.9942548871040344), ([[1674, 128], [1925, 128], [1925, 249], [1674, 249]], '5:$', 0.06504086292802821), ([[1977, 132], [2133, 132], [2133, 245], [1977, 245]], '30', 0.8196801212988241), ([[1469, 229], [1597, 229], [1597, 339], [1469, 339]], '"', 0.007817712322921722), ([[62, 341], [169, 341], [169, 407], [62, 407]], '원 .', 0.456587016582489), ([[53, 400], [712, 400], [712, 485], [53, 485]], '이게 멸망전 연출 수준 3', 0.5320273030208189), ([[53, 467], [527, 467], [527, 552], [53, 552]], '진짜 너무하잡아.', 0.622412343523382), ([[1795, 2717], [1924, 2717], [1924, 2806], [1795, 2806]], '41', 0.424494242580368), ([[1961, 2717], [2108, 2717], [2108, 2808], [1961, 2808]], '너)', 0.2419870649793479), ([[654, 2769], [1107, 2769], [1107, 2880], [654, 2880]], '3..2.1.0', 0.4095623730144156), ([[1152, 2767], [1505, 2767], [1505, 2880], [1152, 2880]], '1..2..3', 0.869508912193728)]
[([[1506, 287], [1562, 287], [1562, 331], [1506, 331]], '87', 0.10307465886575325), ([[82, 373], [151, 373], [151, 450], [82, 450]], '@', 0.007701059387045461), ([[44, 2139], [169, 2139], [169, 2207], [44, 2207]], '으옷', 0.4287967801547552), ([[199, 2139], [650, 2139], [650, 2207], [199, 2207]], '또. 여기에 오다니 )', 0.6560359079365694), ([[44, 2258], [603, 2258], [603, 2327], [44, 2327]], '야; 야! 몇번째 오느거나', 0.6088188126775977), ([[634, 2260], [1143, 2260], [1143, 2329], [634, 2329]], '슬술 한번 이길때 되지', 0.7965738804078363), ([[42, 2315], [1043, 2315], [1043, 2394], [42, 2394]], '않앗나? 이래서는 여기서 나가기 글렉구만~', 0.3066951154387112), ([[45, 2433], [1052, 2433], [1052, 2511], [45, 2511]], '벌써 10연패인데 이정도 되면 우리랑 놀려고', 0.8122782496423239), ([[46, 2499], [740, 2499], [740, 2567], [46, 2567]], '일부러 지논거 아니나? 길길길', 0.6097737497426268), ([[45, 2616], [1090, 2616], [1090, 2690], [45, 2690]], '뱃살도 나온거 보면 여기 생활도 만족스러운거', 0.8437654696999585), ([[49, 2679], [414, 2679], [414, 2747], [49, 2747]], '같은데? 크크크', 0.8047527780556857)]
[([[1509, 287], [1562, 287], [1562, 331], [1509, 331]], '87', 0.24302661505940687), ([[43, 2138], [1146, 2138], [1146, 2211], [43, 2211]], '특시끄러워오 일부러 지논 경기에만 보내농고', 0.5515243251760211), ([[44, 2200], [486, 2200], [486, 2268], [44, 2268]], '잘도 그런소리블 !', 0.36048661684040934), ([[41, 2316], [1093, 2316], [1093, 2391], [41, 2391]], '허어 이년좀 바라. 몇번 놀아짚다고 또 목소리', 0.1990614985247441), ([[42, 2377], [227, 2377], [227, 2451], [42, 2451]], '커지네:', 0.6661624908447266), ([[41, 2496], [582, 2496], [582, 2570], [41, 2570]], '하긴 슬슬 맞울때 독지', 0.23289602698679263), ([[41, 2557], [827, 2557], [827, 2631], [41, 2631]], '이참에 현실 파악도 좀 시켜주자고_', 0.8612900868503682)]
[([[1511, 291], [1562, 291], [1562, 331], [1511, 331]], '9', 0.8509738353835736), ([[83, 401], [148, 401], [148, 449], [83, 449]], '(', 0.03794063270672532), ([[45, 2136], [1134, 2136], [1134, 2211], [45, 2211]], '암돼지년이 몇번 놀아주다고 주제파악울 못하네.', 0.30586662730269226), ([[44, 2198], [575, 2198], [575, 2271], [44, 2271]], '적당히 좀 기어오르지?', 0.9546814062635536), ([[43, 2318], [622, 2318], [622, 2391], [43, 2391]], '특_ 이거 놓지 못해외?', 0.5342736556808309), ([[41, 2376], [1146, 2376], [1146, 2451], [41, 2451]], '이젠 당신들 장단 맞최주는넉도 못해먹젯다고외', 0.11795115259218857), ([[43, 2437], [1000, 2437], [1000, 2512], [43, 2512]], '이렇계 수치만 줄거면 차라리 죽이라고요', 0.5267239902391742)]
[([[1509, 289], [1562, 289], [1562, 331], [1509, 331]], '9)', 0.4854505726512951), ([[45, 2138], [633, 2138], [633, 2211], [45, 2211]], '하 이정도로 죽여달라니;', 0.612721546159906), ([[43, 2194], [1392, 2194], [1392, 2271], [43, 2271]], '이 바닥에서 이정도 취급이면 얼마나 양반인지 모르는거나?', 0.7082421822791768), ([[43, 2318], [282, 2318], [282, 2391], [43, 2391]], '그게 무슨:', 0.6026608050672518), ([[45, 2434], [1322, 2434], [1322, 2510], [45, 2510]], "다른 년들이없으면 한두번 젊' 때 반좀 죽여농고 팔다리", 0.2983915188453943), ([[45, 2496], [1376, 2496], [1376, 2571], [45, 2571]], '잘라서 오나홀로 팔리논거 모르지? 너도 똑같이 되고싶나?', 0.5434040512532946), ([[44, 2618], [286, 2618], [286, 2687], [44, 2687]], '그 그런 .', 0.44201529562693626)]
[([[384, 143], [423, 143], [423, 183], [384, 183]], '9', 0.9386989978612661), ([[1611, 284], [1799, 284], [1799, 474], [1611, 474]], '15', 0.2597413061172178), ([[1751, 635], [1963, 635], [1963, 863], [1751, 863]], '기', 0.10294949389308616), ([[44, 2139], [772, 2139], [772, 2207], [44, 2207]], '지금 다들 니년이 주태 부리논게', 0.42430239555502236), ([[45, 2195], [1243, 2195], [1243, 2273], [45, 2273]], '마음에 들어서 뵈주는거니까 알아세 잘하라고오 응?', 0.5515812694687164), ([[42, 2324], [274, 2324], [274, 2412], [42, 2412]], '으!?', 0.3632492304732778), ([[58.774734279973536, 351.07534766778565], [128.4800241028514, 329.31240584823684], [161.22526572002647, 451.92465233221435], [91.51997589714863, 473.68759415176316]], '9', 0.03928868128664309)]
[([[1508, 281], [1570, 281], [1570, 334], [1508, 334]], '9', 0.99147867355342), ([[0, 1144], [91, 1144], [91, 1290], [0, 1290]], '~', 0.016886387205659936), ([[44, 2141], [250, 2141], [250, 2207], [44, 2207]], '꼬에: 에', 0.49523997305635303), ([[269, 2141], [333, 2141], [333, 2203], [269, 2203]], '액', 0.7667347187684506), ([[45, 2253], [1149, 2253], [1149, 2334], [45, 2334]], '한 대 맞고 퍽히 거튼거면서 괜히 가오잡고 있어;', 0.11377395899137581), ([[46, 2321], [378, 2321], [378, 2389], [46, 2389]], '진짜 뒤질라고', 0.6602400572221049)]
[([[83, 401], [148, 401], [148, 449], [83, 449]], '@', 0.021313197332006872), ([[43, 2136], [795, 2136], [795, 2210], [43, 2210]], '야야; 엄살 그만부리고 잘들어라;', 0.6640721320991346), ([[44, 2196], [1322, 2196], [1322, 2273], [44, 2273]], '한번만 더 기어오르면 또 바주는거없이 팔다리 다 잘라서', 0.4712713307565684), ([[43, 2255], [1041, 2255], [1041, 2332], [43, 2332]], '창녀)에다가 팔아버길거니까 알아서 잘 해:', 0.3367279678884983), ([[43, 2376], [932, 2376], [932, 2451], [43, 2451]], '으에: 에: 넷_네앗:.아; 알계습니다앗 .', 0.11326674865828441)]
[([[1505, 284], [1565, 284], [1565, 332], [1505, 332]], '9)', 0.6061146644990224), ([[0, 1163], [46, 1163], [46, 1277], [0, 1277]], "'", 0.5278637050077215), ([[41, 2138], [451, 2138], [451, 2211], [41, 2211]], '제-제송합니다앗_', 0.6192863232594559), ([[41, 2196], [1396, 2196], [1396, 2274], [41, 2274]], '잠깐 주제파악을 못해서 손님들에계 실레가 많있습니다아앗.', 0.39063085532891195), ([[45, 2317], [1007, 2317], [1007, 2391], [45, 2391]], '역시 이런 년들은 맞아야 말을 듣는다니간.', 0.42449581339491005), ([[45, 2436], [957, 2436], [957, 2511], [45, 2511]], '알앗으면 평소 하던거처럼 춤이나 취 화 .', 0.3257374778120822), ([[49, 2560], [270, 2560], [270, 2628], [49, 2628]], '넷 . 네옛', 0.4585875770256295), ([[303, 2557], [639, 2557], [639, 2626], [303, 2626]], '그럼 평소처럼_', 0.5628098628212166), ([[48, 2615], [1360, 2615], [1360, 2690], [48, 2690]], '복종 암돼지 민스로 손님들올 즐겁게 만들어드리켓습니다', 0.4217603013645369)]
[([[1505, 284], [1567, 284], [1567, 334], [1505, 334]], '9)', 0.6776792748187616), ([[41, 2138], [1022, 2138], [1022, 2213], [41, 2213]], '옷으옷 구속구 때문에 몸올 움직이기가 .', 0.4990410488370428), ([[44, 2263], [216, 2263], [216, 2324], [44, 2324]], '야; 야!', 0.9172691545636904), ([[45, 2316], [1225, 2316], [1225, 2393], [45, 2393]], '빵디가 안보이게 빠퀴빠켓하게 흔들어야지. 뭐하나?', 0.3734235283661194), ([[46, 2440], [891, 2440], [891, 2509], [46, 2509]], '누가 때륙나? 웃으면서 춤추라고 응?', 0.6260716506574133), ([[46, 2562], [263, 2562], [263, 2626], [46, 2626]], '넷.. 네옛:', 0.20480582526297447), ([[286, 2556], [640, 2556], [640, 2631], [286, 2631]], '알켓습니다앗.`', 0.05330259500530684)]
[([[1505, 284], [1567, 284], [1567, 332], [1505, 332]], '9)', 0.4677433426443198), ([[44, 2137], [627, 2137], [627, 2212], [44, 2212]], '(으으옷 이대론 위험해_', 0.4958123632059874), ([[660, 2138], [1482, 2138], [1482, 2211], [660, 2211]], '어떻계든 반름올 찾아서 탈출해야 )', 0.3309774253341376), ([[44, 2260], [756, 2260], [756, 2329], [44, 2329]], '흙. .이정도로는 원가 허전한데:', 0.31664037530246625), ([[46, 2382], [191, 2382], [191, 2446], [46, 2446]], '그래?', 0.8315231204032898), ([[45, 2437], [1169, 2437], [1169, 2510], [45, 2510]], '아; 맞아 괜찮은게 있없지. 야; 야; 잠깐 일로 와화', 0.5596012032385456)]
[([[78, 355], [155, 355], [155, 455], [78, 455]], '9', 0.052700161990870464), ([[45, 2136], [1068, 2136], [1068, 2213], [45, 2213]], '넷 네옛 . 크히히익!? 자 잠깐 무슨짓올:!?', 0.14066794406528005), ([[45, 2257], [1207, 2257], [1207, 2330], [45, 2330]], '돼지처럼 춤을 추는데 얼굴도 돼지 같이 해쥐야하지', 0.38501298935484063), ([[46, 2321], [614, 2321], [614, 2390], [46, 2390]], '않젯나? 얼굴 좀 들어화!', 0.3481591457072203), ([[41, 2437], [237, 2437], [237, 2517], [41, 2517]], '으직?', 0.22196711204172476)]
[([[1503, 281], [1570, 281], [1570, 332], [1503, 332]], '9', 0.9941305471295756), ([[44, 2141], [680, 2141], [680, 2210], [44, 2210]], '이제 좀 불만해적구만 . 크크', 0.6346482910120578), ([[44, 2256], [1059, 2256], [1059, 2335], [44, 2335]], '그 그럼 다시 춤추러 . 자, 잠깐, 맥주는 왜.', 0.2744145333194858), ([[45, 2317], [316, 2317], [316, 2391], [45, 2391]], '크히이익!?', 0.8818082168044089), ([[42, 2436], [1108, 2436], [1108, 2512], [42, 2512]], '아아; 아까 때려서 미안하니까 힘내라는 의미로', 0.8619679568416498), ([[43, 2496], [946, 2496], [946, 2571], [43, 2571]], '주논거야 남김 없이 다 마시라구. 크크.', 0.5583721228714452), ([[41, 2617], [901, 2617], [901, 2692], [41, 2692]], '크크액. 그,그만 . 수 숨막혀여엇 !', 0.26454253960292334)]
[]
[([[1505, 284], [1567, 284], [1567, 334], [1505, 334]], '9', 0.9678719277276429), ([[43, 2138], [845, 2138], [845, 2211], [43, 2211]], '고끄육 . 더 더는 안들어갖: 가앗', 0.3296337575316893), ([[42, 2257], [1011, 2257], [1011, 2330], [42, 2330]], '이야; 어지간한 남자들보다 잘 마시논구만;', 0.4031136183642592), ([[46, 2321], [392, 2321], [392, 2390], [46, 2390]], '마음에 들없어.', 0.5479051649211841), ([[44, 2440], [911, 2440], [911, 2509], [44, 2509]], '카; 내일 숙취로 고생좀 하켓는결 필필', 0.20321038928714838)]
[([[384, 141], [421, 141], [421, 183], [384, 183]], "6'", 0.009071382528541425), ([[45, 2138], [692, 2138], [692, 2211], [45, 2211]], '빵빵하게 주유 시켜주으니까', 0.3133370547330373), ([[45, 2195], [830, 2195], [830, 2273], [45, 2273]], '다시 한번 화곤하게 흔들어보라고!', 0.8655186540891425), ([[43, 2320], [300, 2320], [300, 2420], [43, 2420]], '구액!?', 0.1678846925497055), ([[1272.9179213996329, 182.0361363094247], [1973.736635055892, 74.92559490403173], [2011.0820786003671, 589.9638636905753], [1311.263364944108, 697.0744050959682]], '랗밖', 0.008746024907067572)]
[([[1505, 284], [1567, 284], [1567, 332], [1505, 332]], '9)', 0.7428189390796347), ([[43, 2136], [512, 2136], [512, 2213], [43, 2213]], '꼬 끄육 배 배갖 .', 0.1719876752666778), ([[44, 2260], [794, 2260], [794, 2329], [44, 2329]], '어주? 표정 안펴? 또 맞고 싶어?', 0.5000394766860204), ([[46, 2380], [160, 2380], [160, 2446], [46, 2446]], '으핵_', 0.43995049595832825), ([[178, 2379], [622, 2379], [622, 2451], [178, 2451]], '제_제송합니다앗 .', 0.4369017655579796), ([[43, 2434], [1226, 2434], [1226, 2512], [43, 2512]], '그 그럼 술에 절여진 암돼지 총사대장의 변태 민스 .', 0.3278680873845417), ([[41, 2495], [597, 2495], [597, 2573], [41, 2573]], '다시 시작하켓습니다앗.', 0.6037295124281238)]
[([[1511, 291], [1560, 291], [1560, 331], [1511, 331]], '9', 0.8217471880643643), ([[46, 2141], [630, 2141], [630, 2207], [46, 2207]], '크크. 이제야 불만하구만.', 0.9594510512822503), ([[46, 2260], [776, 2260], [776, 2329], [46, 2329]], '역시 춤 다음은 술이지. 안그래?', 0.6599618953181912), ([[48, 2374], [888, 2374], [888, 2453], [48, 2453]], '넷 .네앗 . 손님들 말씀이 맞습니다앗드', 0.22388486812279934), ([[47, 2434], [1137, 2434], [1137, 2514], [47, 2514]], '(옷;탄산이 . 배 안쪽에서 흔들어저서이거 위협', 0.5430994234260973)]
[([[43, 2138], [1162, 2138], [1162, 2211], [43, 2211]], '아냐, 더 홍은 생각이 낫어 이젠 답스는 그만해도', 0.208627381478956), ([[45, 2196], [678, 2196], [678, 2273], [45, 2273]], '좋다. 더 재방는결 활거니까', 0.16693974595858027), ([[48, 2318], [696, 2318], [696, 2391], [48, 2391]], '부친.!? 지금 뭐하시논 !?', 0.2465277690575009)]
[([[67, 348], [142, 348], [142, 416], [67, 416]], '2', 0.052709528523004145), ([[1633, 198], [1910, 198], [1910, 447], [1633, 447]], '무', 0.0035916478198434604), ([[88, 396], [150, 396], [150, 447], [88, 447]], '"기자', 2.8431871836420172e-05), ([[829, 1124], [880, 1124], [880, 1168], [829, 1168]], '10', 0.9975831444967944), ([[789, 1218], [842, 1218], [842, 1263], [789, 1263]], '90', 0.5287841318670659), ([[786, 1322], [837, 1322], [837, 1359], [786, 1359]], '106', 0.16608025961255674), ([[44, 2141], [745, 2141], [745, 2210], [44, 2210]], '그럼 배에 힘 꽉주고 있으라고:', 0.6421939176853858), ([[45, 2257], [624, 2257], [624, 2330], [45, 2330]], '예:자 잠깐. 서 . 설마?', 0.5382915485364834), ([[1236, 2648], [1353, 2648], [1353, 2733], [1236, 2733]], ';1', 0.01532348507448998)]
[([[191, 479], [460, 479], [460, 762], [191, 762]], '1울', 0.002458613955523488), ([[909, 1118], [967, 1118], [967, 1169], [909, 1169]], '10', 0.6238628901558922), ([[874, 1218], [925, 1218], [925, 1263], [874, 1263]], '90', 0.828807623728522), ([[870, 1322], [923, 1322], [923, 1359], [870, 1359]], '160', 0.025070672171054048), ([[45, 2136], [332, 2136], [332, 2209], [45, 2209]], '소소 손님', 0.7015406803490962), ([[369, 2136], [819, 2136], [819, 2212], [369, 2212]], '지금 배름 때리시면 ', 0.7619820252199954), ([[861, 2139], [1089, 2139], [1089, 2207], [861, 2207]], '안에 -있는', 0.1366134338885862), ([[43, 2199], [350, 2199], [350, 2271], [43, 2271]], '내용물들이.', 0.9893581738381905), ([[43, 2316], [1014, 2316], [1014, 2394], [43, 2394]], '야; 또 개겨? 팔다리 다 잘리고 싶나? 자세', 0.6525083811748273), ([[46, 2382], [243, 2382], [243, 2448], [46, 2448]], '안잡아?', 0.8033700635646928), ([[42, 2499], [452, 2499], [452, 2567], [42, 2567]], '제: 제송합니다 ..', 0.47989941825902765), ([[41, 2556], [951, 2556], [951, 2634], [41, 2634]], '그 그럼 마음의 준비름 할 시간이라도 .', 0.4956036873204831)]
[([[956, 1006], [1009, 1006], [1009, 1059], [956, 1059]], '10', 0.9996109224675476), ([[1712, 767], [1981, 767], [1981, 1070], [1712, 1070]], '기', 0.9244989634663661), ([[946, 1122], [1008, 1122], [1008, 1166], [946, 1166]], '50', 0.8914907927653511), ([[1810.091215594933, 93.0118004049207], [2065.9172526811285, 224.63723629349207], [1897.908784405067, 547.9881995950793], [1642.0827473188713, 415.3627637065079]], '리', 0.3092702922379118), ([[58.868629150101526, 359.0804040507107], [112.63796177826312, 331.025477771711], [165.13137084989847, 444.9195959492893], [110.36203822173688, 471.974522228289]], '>', 0.9106751539334823), ([[423.8393134156055, 461.0187158837708], [898.5122072781917, 545.8496401819754], [831.1606865843945, 842.9812841162292], [357.4877927218083, 758.1503598180246]], '끄내!?', 0.016299135982990265), ([[1690.2127772401163, 2650.0193779743618], [1811.3662939901283, 2690.847425304401], [1746.7872227598837, 2884.9806220256382], [1624.6337060098717, 2844.152574695599]], '세', 0.196514475015249)]
[([[1504, 238], [1571, 238], [1571, 335], [1504, 335]], '덕', 0.020576211541199152), ([[86, 401], [150, 401], [150, 449], [86, 449]], '~', 0.09647209009250446), ([[956, 1006], [1009, 1006], [1009, 1059], [956, 1059]], '10', 0.999467558242211), ([[943, 1118], [1009, 1118], [1009, 1167], [943, 1167]], '90', 0.3406117712236772), ([[41, 2134], [395, 2134], [395, 2231], [41, 2231]], '꾸애애액진', 0.18972999138743202), ([[45, 2257], [1513, 2257], [1513, 2330], [45, 2330]], '으앗]? 한대 맞고 토하느거야!? 망할 돼지년이 옷에 다 튀잡아!!', 0.20294541638763494), ([[46, 2380], [628, 2380], [628, 2448], [46, 2448]], '카; 화곤하게 지리논구만!', 0.8762526061254646), ([[44, 2436], [793, 2436], [793, 2510], [44, 2510]], '이정도는 되야 술맛 나지! 길길길', 0.7496027146818806)]
[([[1505, 281], [1556, 281], [1556, 330], [1505, 330]], "'", 0.3224747359116833), ([[956, 1006], [1007, 1006], [1007, 1061], [956, 1061]], '10', 0.9998683357841162), ([[943, 1118], [1009, 1118], [1009, 1167], [943, 1167]], '90', 0.3051704628663474), ([[147, 2271], [686, 2271], [686, 2351], [147, 2351]], '엉덩이에 힘이 푸 풀럿', 0.5031804112711507), ([[62, 2345], [631, 2345], [631, 2444], [62, 2444]], '아 안돼에앗 !', 0.5572054906302519), ([[67.94525616909806, 2277.093434546949], [147.35294294893131, 2288.2896491397814], [137.05474383090194, 2344.906565453051], [57.647057051068685, 2333.7103508602186]], '어;', 0.6045275633582627)]
[]
[([[1505, 281], [1570, 281], [1570, 334], [1505, 334]], '9', 0.9944236748507116), ([[81, 365], [159, 365], [159, 456], [81, 456]], '9', 0.798510284313636), ([[46, 2139], [234, 2139], [234, 2205], [46, 2205]], '에임 쫓.', 0.15732938160867077), ([[43, 2199], [1126, 2199], [1126, 2271], [43, 2271]], '이정도도 못버티네: 이년도 슬슬 맛가버린건가?', 0.7432513586481136), ([[48, 2316], [1140, 2316], [1140, 2389], [48, 2389]], '솜; 좀 튼튼해서 더 가지고 놀아별까 햇는데 슬슬', 0.28754623154720294), ([[46, 2380], [628, 2380], [628, 2448], [46, 2448]], '다른년으로 바뀌야켓구만', 0.9972143934258997)]
[([[1505, 281], [1570, 281], [1570, 334], [1505, 334]], '9', 0.8681943069810869), ([[60, 342], [186, 342], [186, 459], [60, 459]], '익', 0.04639165033923498), ([[42, 2141], [250, 2141], [250, 2210], [42, 2210]], '크액:.객', 0.17992043815868225), ([[269, 2141], [333, 2141], [333, 2203], [269, 2203]], '객', 0.9734542090359923), ([[46, 2260], [925, 2260], [925, 2327], [46, 2327]], '냄새나니까 아가리 열지마 동돼지년아:', 0.7993877266825038), ([[43, 2317], [1028, 2317], [1028, 2393], [43, 2393]], '아야; 점원종 불러와보 이 참에 처리하자고.', 0.597359437173365), ([[46, 2440], [718, 2440], [718, 2507], [46, 2507]], '어차피 이런 년들은 많으니까:', 0.8154138083152125), ([[45, 2495], [843, 2495], [843, 2570], [45, 2570]], '뭐, 이번엔 어떤년올 대려와볼까나.', 0.3989234829148426)]
[]
[([[939, 31], [1077, 31], [1077, 95], [939, 95]], '장설~', 0.0042686998609435785), ([[56, 117], [375, 117], [375, 225], [56, 225]], '10805', 0.6527916400890633), ([[1456, 117], [1675, 117], [1675, 225], [1456, 225]], '5구8', 0.07042770220774038), ([[1722, 120], [1856, 120], [1856, 222], [1722, 222]], '30', 0.999991992108174), ([[1246, 1804], [1420, 1804], [1420, 1982], [1246, 1982]], '그', 0.8174675148707742), ([[1558, 2244], [1675, 2244], [1675, 2325], [1558, 2325]], '4*', 0.27368125804830074), ([[1705, 2241], [1837, 2241], [1837, 2327], [1705, 2327]], '너', 0.11528488505590762), ([[566, 2292], [1310, 2292], [1310, 2396], [566, 2396]], '3..2..1.01..2..3', 0.5847268003834079)]
[([[937, 31], [1077, 31], [1077, 95], [937, 95]], '유드~', 0.0009205514747805017), ([[58, 120], [374, 120], [374, 224], [58, 224]], '10805', 0.422997838634941), ([[1457, 119], [1675, 119], [1675, 227], [1457, 227]], '다:8', 0.008687329262129895), ([[1722, 122], [1856, 122], [1856, 224], [1722, 224]], '30', 0.9999971340155042), ([[1558, 2229], [1843, 2229], [1843, 2332], [1558, 2332]], '4*-뉘0', 0.001510912936793355), ([[564, 2283], [1311, 2283], [1311, 2400], [564, 2400]], '3..2..1.2,1.2.3', 0.3193876196146475)]
[]
[]
[]
[]
[]
[]
[([[290, 2094], [402, 2094], [402, 2192], [290, 2192]], '4 ', 0.7436786013055867)]
[([[624, 372], [730, 372], [730, 452], [624, 452]], '[', 0.3807613587294014), ([[290, 2094], [404, 2094], [404, 2192], [290, 2192]], '4 |', 0.6030495166778564)]
[]
[([[294, 2102], [378, 2102], [378, 2174], [294, 2174]], '7:', 0.000603068761787099)]
[]
[]
[]
[]
[]
[([[1015, 32], [1161, 32], [1161, 99], [1015, 99]], '구~', 0.024746562038161342), ([[63, 125], [407, 125], [407, 241], [63, 241]], '10805', 0.674339805449033), ([[1574, 127], [1808, 127], [1808, 238], [1574, 238]], '5:8', 0.05862206343474482), ([[1856, 130], [2002, 130], [2002, 238], [1856, 238]], '30', 0.9999646811236316), ([[1684, 2651], [1808, 2651], [1808, 2738], [1684, 2738]], '41', 0.267674790117417), ([[1840, 2648], [1980, 2648], [1980, 2738], [1840, 2738]], '너', 0.04619416098138629), ([[611, 2702], [1413, 2702], [1413, 2812], [611, 2812]], '3..2.1.0.1..2..3', 0.3231000413577316)]
[([[1015, 32], [1164, 32], [1164, 99], [1015, 99]], '지격(', 0.000523318604367838), ([[66, 125], [415, 125], [415, 240], [66, 240]], '10805', 0.16923710035673925), ([[1569, 126], [1812, 126], [1812, 246], [1569, 246]], '5:$', 0.030839009244153847), ([[1856, 130], [2002, 130], [2002, 240], [1856, 240]], '30', 0.9983150663789093), ([[1684, 2651], [1808, 2651], [1808, 2738], [1684, 2738]], '4*', 0.17869093729699212), ([[1843, 2651], [1980, 2651], [1980, 2738], [1843, 2738]], '작)', 0.09139364123292072), ([[611, 2702], [1415, 2702], [1415, 2815], [611, 2815]], '3..2..1.0.1..2..3', 0.5320716391678358)]
[]
[]
[]
[]
[]
[]
[]
[([[569.184182983552, 1342.0840783210497], [597.5656854249493, 1331.0402020253553], [619.815817016448, 1397.9159216789503], [591.4343145750507, 1408.9597979746447]], '5', 0.4599065797437021)]
[]
[([[1089, 1541], [1323, 1541], [1323, 1805], [1089, 1805]], '0', 0.12615380289940337)]
[]
[([[1408, 1810], [1516, 1810], [1516, 1947], [1408, 1947]], '2', 0.004865908023732324), ([[1017, 1958], [1168, 1958], [1168, 2281], [1017, 2281]], '{', 0.47731212792724875), ([[1469, 2191], [1537, 2191], [1537, 2272], [1469, 2272]], '과', 0.014488730775304381)]
[([[1477, 33], [1691, 33], [1691, 122], [1477, 122]], '구설~', 0.004196128713967209), ([[88, 161], [579, 161], [579, 311], [88, 311]], '10805', 0.17820168988232982), ([[2302, 160], [2641, 160], [2641, 311], [2302, 311]], '다:8', 0.02743064898542246), ([[2719, 164], [2927, 164], [2927, 308], [2719, 308]], '30', 0.9999788423476044), ([[2462, 2278], [2641, 2278], [2641, 2394], [2462, 2394]], '4*', 0.23146547607418708), ([[2694, 2275], [2893, 2275], [2893, 2392], [2694, 2392]], '너', 0.03942154067557713), ([[892, 2346], [1234, 2346], [1234, 2484], [892, 2484]], '3..2', 0.6430717918842055), ([[1597, 2362], [1666, 2362], [1666, 2473], [1597, 2473]], '1', 0.8004107493153612), ([[1718, 2346], [2060, 2346], [2060, 2486], [1718, 2486]], '2..3', 0.8033676564264282)]
[([[1480, 33], [1694, 33], [1694, 122], [1480, 122]], ':~', 0.005856341100260404), ([[89, 162], [581, 162], [581, 315], [89, 315]], '1080', 0.9720898270606995), ([[2302, 160], [2641, 160], [2641, 311], [2302, 311]], '::', 0.052070404183132586), ([[2722, 164], [2925, 164], [2925, 310], [2722, 310]], '30', 0.9999960381985386), ([[565, 325], [641, 325], [641, 410], [565, 410]], '9', 0.9990002032933241), ([[1130, 516], [1203, 516], [1203, 594], [1130, 594]], '인', 0.006003135892680922), ([[2461, 2280], [2644, 2280], [2644, 2390], [2461, 2390]], '4*', 0.47144207182649267), ([[2694, 2275], [2893, 2275], [2893, 2392], [2694, 2392]], '+)', 0.025954328701676493), ([[890, 2346], [1060, 2346], [1060, 2484], [890, 2484]], '3.', 0.6052571462385099), ([[1591, 2349], [2058, 2349], [2058, 2486], [1591, 2486]], '1..2.3', 0.7679684491371171), ([[1021.0138035075107, 2424.72622666427], [1146.5066224271882, 2322.415638541467], [1221.9861964924894, 2432.27377333573], [1095.4933775728118, 2534.584361458533]], '9', 0.9222304071458076)]
[]
[]
[]
[]
[([[263.5740855665438, 349.03924400620315], [1267.708116316776, 168.91650436447108], [1326.4259144334562, 807.9607559937969], [321.29188368322383, 988.083495635529]], '실씩', 0.17934961720280704)]
[([[384.25629993160027, 515.0061458618151], [708.416003017601, 680.5647549159036], [437.74370006839973, 1209.993854138185], [113.58399698239893, 1043.4352450840963]], '', 0.0)]
[([[584, 341], [632, 341], [632, 399], [584, 399]], '9', 0.9854892271552131), ([[1135, 516], [1243, 516], [1243, 591], [1135, 591]], "인'", 0.017495221602232602), ([[1938, 1465], [1981, 1465], [1981, 1527], [1938, 1527]], '1', 0.2940792544615114)]
[]
[([[1080, 30], [1241, 30], [1241, 102], [1080, 102]], '구격~', 0.001487923264176247), ([[74, 130], [434, 130], [434, 245], [74, 245]], '10805', 0.38874609258165027), ([[1676, 130], [1923, 130], [1923, 247], [1676, 247]], '5:8', 0.024078631302180353), ([[1977, 132], [2130, 132], [2130, 245], [1977, 245]], '30', 0.9999987355947788), ([[1793, 2717], [1924, 2717], [1924, 2803], [1793, 2803]], '41', 0.09684563302465543), ([[1961, 2717], [2106, 2717], [2106, 2805], [1961, 2805]], '너)', 0.16069057513916624), ([[652, 2769], [1055, 2769], [1055, 2880], [652, 2880]], '3.2.1.', 0.6792805442310104), ([[1154, 2767], [1505, 2767], [1505, 2880], [1154, 2880]], '1.2..3', 0.5752243492590932)]
[([[1503, 284], [1570, 284], [1570, 334], [1503, 334]], '9', 0.9840399620913765), ([[84, 404], [144, 404], [144, 448], [84, 448]], '@', 0.061700932723703694)]
[([[1505, 284], [1567, 284], [1567, 334], [1505, 334]], '9', 0.9550268431617184)]
[([[83, 401], [148, 401], [148, 449], [83, 449]], '여', 0.06225028295493562)]
[([[1511, 289], [1557, 289], [1557, 331], [1511, 331]], '8', 0.2777199640732455), ([[61.75799343151285, 343.0703421973131], [142.64711408952095, 329.02982795339136], [160.24200656848714, 452.9296578026869], [78.35288591047903, 466.97017204660864]], '2', 0.06477334544041558)]
[([[1505, 281], [1570, 281], [1570, 334], [1505, 334]], '9', 0.9794095039071635), ([[58.774734279973536, 349.07534766778565], [130.78810194863956, 327.39653773246374], [162.22526572002647, 449.92465233221435], [89.21189805136045, 470.60346226753626]], '2', 0.12198469347255525)]
[]
[([[1645, 198], [1905, 198], [1905, 447], [1645, 447]], '하느', 0.0028982576718214075), ([[829, 1124], [880, 1124], [880, 1168], [829, 1168]], '10', 0.9983086447437061), ([[789, 1218], [840, 1218], [840, 1263], [789, 1263]], '90', 0.30832177687684664), ([[786, 1322], [837, 1322], [837, 1359], [786, 1359]], '106', 0.23402008605300545), ([[56.72835684014635, 349.0811833531415], [126.06395720875003, 324.2153139733332], [164.27164315985365, 446.9188166468585], [94.93604279124997, 471.7846860266668]], '>', 0.1038842552265038)]
