2087420
11
[([[16, 15], [210, 15], [210, 68], [16, 68]], '3-거:--어-', 0.02068195267138051), ([[115, 66], [207, 66], [207, 82], [115, 82]], '11-저77', 0.10369112525887623)]
[([[126, 86], [154, 86], [154, 144], [126, 144]], '{', 0.546417603393369), ([[224, 114], [254, 114], [254, 140], [224, 140]], '파', 0.9994039231963292), ([[212, 140], [268, 140], [268, 170], [212, 170]], '파수!', 0.9782140951066877), ([[72, 244], [144, 244], [144, 270], [72, 270]], '이제 한계-', 0.8056093858223897), ([[424, 470], [480, 470], [480, 494], [424, 494]], '여기서', 0.9999103208921711), ([[30, 482], [120, 482], [120, 510], [30, 510]], '혼자서 낭울', 0.6294035932719552), ([[30, 502], [120, 502], [120, 528], [30, 528]], '수밖에 없어', 0.9250177976897332), ([[114.40011996401199, 136.06058782365878], [139.64553259310983, 131.07027515434763], [150.599880035988, 190.93941217634122], [125.35446740689015, 195.92972484565237]], '#', 0.9966877753358858)]
[([[150, 28], [222, 28], [222, 52], [150, 52]], '부탁이야', 0.9960744380950928), ([[423, 37], [475, 37], [475, 57], [423, 57]], '리미트', 0.9999373002188106), ([[406, 56], [476, 56], [476, 80], [406, 80]], '브레이크', 0.9892243146896362), ([[157, 139], [203, 139], [203, 175], [157, 175]], "' ^", 0.22336246073246002), ([[8, 174], [64, 174], [64, 198], [8, 198]], '나와쥐', 0.45624818214348534), ([[384, 428], [420, 428], [420, 454], [384, 454]], '으극', 0.992350178849921), ([[4, 596], [84, 596], [84, 622], [4, 622]], '으아아아', 0.9944387674331665), ([[31, 621], [55, 621], [55, 641], [31, 641]], '아', 0.9994380071809452)]
[([[6, 336], [72, 336], [72, 362], [6, 362]], '머리가!', 0.928255021572113), ([[422, 346], [462, 346], [462, 370], [422, 370]], '크혹', 0.9506355318853162), ([[414, 526], [488, 526], [488, 598], [414, 598]], '관#', 0.15006700203127307)]
[([[164, 86], [228, 86], [228, 116], [164, 116]], '짐승이:', 0.9117150902748108), ([[19, 191], [39, 191], [39, 225], [19, 225]], '7', 0.9999660256410472), ([[162, 396], [260, 396], [260, 420], [162, 420]], '아기블 노리고', 0.32497266145070297), ([[148, 412], [276, 412], [276, 436], [148, 436]], '있어  대가 지키지', 0.6143879749385851), ([[178, 430], [234, 430], [234, 454], [178, 454]], '않으면 ', 0.512956440448761), ([[43, 588], [138, 588], [138, 612], [43, 612]], '아이블 엄마인', 0.2889384724999222), ([[38, 604], [122, 604], [122, 628], [38, 628]], '내가 반트시', 0.5369514147450445), ([[47, 625], [115, 625], [115, 645], [47, 645]], '지키켓어!', 0.6406725042637629)]
[([[215, 383], [251, 383], [251, 403], [215, 403]], '카학', 0.999737688092638), ([[188, 470], [276, 470], [276, 494], [188, 494]], '태, 태어나!', 0.5071756544227773), ([[179.08647461900404, 102.05232918533511], [230.5286433380591, 70.01748559530735], [306.91352538099596, 204.9476708146649], [254.4713566619409, 236.98251440469267]], '%', 0.022648419911636353)]
[([[244, 40], [290, 40], [290, 64], [244, 64]], '안돼!', 0.7095339207251842), ([[238, 60], [292, 60], [292, 88], [238, 88]], '멈추지', 0.9947644246032868), ([[242, 82], [290, 82], [290, 110], [242, 110]], '않아!', 0.9430985199763608), ([[117, 133], [181, 133], [181, 197], [117, 197]], "<'", 0.02595106344243369), ([[59, 455], [115, 455], [115, 491], [59, 491]], '*보', 0.004710571001300708), ([[266, 516], [314, 516], [314, 542], [266, 542]], '안돼 ', 0.47200678104546984), ([[276, 538], [310, 538], [310, 564], [276, 564]], '힘이', 0.993912608347245), ([[257, 554], [332, 554], [332, 584], [257, 584]], '들어가지', 0.9998279213905334), ([[266, 578], [314, 578], [314, 606], [266, 606]], '않아 .', 0.6318267583847046), ([[0, 610], [70, 610], [70, 638], [0, 638]], '아이만은', 0.9987888336181641), ([[58.9266873708001, 47.096780539400555], [99.53359162784703, 19.02377376811323], [161.0733126291999, 113.90321946059944], [120.46640837215297, 142.97622623188678]], '개', 0.03805771109915668)]
[([[293, 23], [355, 23], [355, 97], [293, 97]], '참', 0.9995861481738757), ([[406, 378], [500, 378], [500, 410], [406, 410]], '와 쥐구나', 0.3562941692307836), ([[300, 578], [330, 578], [330, 602], [300, 602]], '우~', 0.7035870504465713), ([[1.4913427360585385, 446.0324733412566], [36.78446454055273, 440.07767729723633], [53.50865726394146, 531.9675266587434], [17.215535459447263, 537.9223227027637]], '#', 0.9927367019563462)]
[([[152, 64], [258, 64], [258, 94], [152, 94]], '임신한 몸이', 0.9781839217824123), ([[164, 88], [244, 88], [244, 114], [164, 114]], '걱정되서', 0.9996668696403503), ([[169, 108], [241, 108], [241, 140], [169, 140]], '말이야!', 0.9458591341972351), ([[170, 364], [236, 364], [236, 394], [170, 394]], '년 정말', 0.9997739791870117), ([[182, 388], [222, 388], [222, 414], [182, 414]], '좋은', 0.4016875979297054), ([[278, 384], [338, 384], [338, 412], [278, 412]], '열심히', 0.899960994720459), ([[174, 408], [234, 408], [234, 434], [174, 434]], '여자야', 0.9993518294457899), ([[275, 406], [340, 406], [340, 436], [275, 436]], '햇구나', 0.974965876364401)]
[([[394, 20], [496, 20], [496, 48], [394, 48]], '그래서 잠깐', 0.9936029673064221), ([[39, 35], [55, 35], [55, 59], [39, 59]], '응', 0.9987961103128242), ([[417, 45], [471, 45], [471, 65], [417, 65]], '부탁이', 0.9807168507241338), ([[408, 64], [464, 64], [464, 90], [408, 90]], '있는데', 0.19515441593044908), ([[232, 278], [308, 278], [308, 302], [232, 302]], '나도 모유', 0.9958035704045669), ([[231, 301], [309, 301], [309, 321], [231, 321]], '마시게 해', 0.9987033710998076), ([[259, 323], [283, 323], [283, 343], [259, 343]], "쥐'", 0.7148034957563152), ([[6, 346], [84, 346], [84, 398], [6, 398]], '꼴발직품', 0.005284237675368786), ([[436, 500], [496, 500], [496, 524], [436, 524]], '정달 무슨', 0.6708291014710138), ([[174, 510], [254, 510], [254, 560], [174, 560]], '필현젯안 ', 0.020786596518212762), ([[437, 519], [465, 519], [465, 539], [437, 539]], '말', 0.9993011980590758), ([[447, 533], [485, 533], [485, 551], [447, 551]], "'거야?", 0.9257949590682983), ([[465, 519], [495, 519], [495, 539], [465, 539]], '하는', 0.6138138117154852), ([[170, 552], [256, 552], [256, 576], [170, 576]], '것도 아니고', 0.9983494448107612), ([[7, 647], [41, 647], [41, 663], [7, 663]], '규모끼', 0.028804328196450422)]
[([[23, 212], [477, 212], [477, 252], [23, 252]], '이딴거 작업할 시간에 다른 작품 하나라도 더', 0.6099628869068252), ([[40, 243], [460, 243], [460, 279], [40, 279]], '번역하지 라고 생각하시는 분들 있을렌데', 0.13476069697297344), ([[9, 266], [491, 266], [491, 307], [9, 307]], '이거 한 폐이지당 작업 속도가 초단위라 가성비', 0.8394192783068193), ([[211, 297], [289, 297], [289, 333], [211, 333]], '개꿀임', 0.4064216848650584)]
