2087537
27
[([[799, 63], [913, 63], [913, 127], [799, 127]], '오델', 0.0031864105987118555), ([[758, 625], [955, 625], [955, 850], [758, 850]], '9', 0.007573881301006724), ([[503.9973506193548, 128.0843686541932], [630.7777841182851, 144.38222044688018], [622.0026493806453, 198.9156313458068], [494.22221588171493, 182.61777955311982]], '@어 ?', 0.09072574973106384), ([[973.3022506247456, 551.2090024989827], [1090.9103059412805, 541.2492289218796], [1092.6977493752543, 604.7909975010173], [975.0896940587195, 614.7507710781204]], '@팎', 0.5759041537530096)]
[([[749, 105], [868, 105], [868, 161], [749, 161]], '예다센', 0.01873155268235098), ([[1011, 623], [1097, 623], [1097, 683], [1011, 683]], '면', 0.6474975116998429), ([[800, 682], [884, 682], [884, 738], [800, 738]], '@혀', 0.1889487800087426)]
[]
[([[45, 117], [214, 117], [214, 196], [45, 196]], '때체', 0.022000070566472834), ([[1017, 511], [1107, 511], [1107, 571], [1017, 571]], '@어', 0.07849617674139006), ([[759, 647], [975, 647], [975, 855], [759, 855]], '9', 0.35481740512779325), ([[665.1736368240006, 94.24245624880214], [796.0161353735474, 81.42143671745887], [798.8263631759994, 144.75754375119786], [667.9838646264526, 157.57856328254113]], '데타해(', 0.25830167531967163), ([[924.3516732326158, 659.2308563141551], [1018.0110251889192, 651.7000565829068], [1019.6483267673842, 705.7691436858449], [925.9889748110808, 712.2999434170932]], '어레<', 0.002136160165116471)]
[([[941, 631], [1050, 631], [1050, 698], [941, 698]], '@퍼드', 0.03304969494308446), ([[863, 735], [970, 735], [970, 802], [863, 802]], '나아', 0.17155130477122113)]
[([[511, 43], [581, 43], [581, 85], [511, 85]], '이데', 0.33188610960799114), ([[240, 98], [320, 98], [320, 152], [240, 152]], '유 드', 0.07517382502555847), ([[444, 87], [605, 87], [605, 144], [444, 144]], '공인히다', 0.04744155704975128), ([[869, 687], [1017, 687], [1017, 747], [869, 747]], '넷로임6;', 0.014331379666526993), ([[1031.00019994002, 595.100979706098], [1150.8809353009199, 609.9153477109068], [1143.99980005998, 653.899020293902], [1024.1190646990801, 638.0846522890932]], '예`)', 0.006518436551260785)]
[([[313, 69], [422, 69], [422, 138], [313, 138]], '@어', 0.4071501506375929), ([[779, 49], [935, 49], [935, 117], [779, 117]], '어떠', 0.5348783724009188), ([[612, 104], [710, 104], [710, 160], [612, 160]], '@', 0.993086883224862), ([[1046, 600], [1202, 600], [1202, 674], [1046, 674]], '(망', 0.042531670870745046), ([[1006, 706], [1104, 706], [1104, 838], [1006, 838]], '1', 0.7613476817880382)]
[([[605, 47], [702, 47], [702, 108], [605, 108]], '예레', 0.012518083624430236), ([[857, 45], [943, 45], [943, 105], [857, 105]], '동야', 0.2018769505208675), ([[1079, 487], [1180, 487], [1180, 553], [1079, 553]], '모습드', 0.023721160367131233), ([[735, 729], [835, 729], [835, 791], [735, 791]], '용디', 0.34754459986817193), ([[681, 789], [831, 789], [831, 855], [681, 855]], '돕물증편', 0.036342721432447433)]
[([[798, 52], [882, 52], [882, 108], [798, 108]], '다3', 0.32891233151274857), ([[25, 87], [184, 87], [184, 164], [25, 164]], '대력', 0.0030463294486027847), ([[283, 129], [478, 129], [478, 192], [283, 192]], '피전피권해', 0.01160410468714692), ([[212, 244], [346, 244], [346, 312], [212, 312]], '대표8', 0.04246893101191458), ([[62, 367], [187, 367], [187, 429], [62, 429]], '예터', 0.12809275352486696), ([[34, 735], [181, 735], [181, 804], [34, 804]], '유내체', 0.048059799293487894), ([[855, 753], [935, 753], [935, 813], [855, 813]], '우우', 0.4656923486158108), ([[725, 817], [821, 817], [821, 877], [725, 877]], '나앗', 0.5462174378129857)]
[([[322, 42], [380, 42], [380, 94], [322, 94]], '0', 0.34921297024994047)]
[([[367, 49], [457, 49], [457, 93], [367, 93]], '@%', 0.14602095765771878), ([[89, 69], [175, 69], [175, 131], [89, 131]], '원', 0.3166479631777861), ([[259, 119], [355, 119], [355, 179], [259, 179]], '좋다', 0.08874204415667256), ([[499, 127], [571, 127], [571, 169], [499, 169]], '점애', 0.023171817952244576), ([[1017, 627], [1183, 627], [1183, 695], [1017, 695]], '대표86느', 0.024705929520501227), ([[951, 753], [1011, 753], [1011, 789], [951, 789]], '댐애', 0.07584324387598133), ([[783, 783], [855, 783], [855, 827], [783, 827]], '동다', 0.46014900808326786)]
[([[1005, 33], [1081, 33], [1081, 93], [1005, 93]], '@ ', 0.027630549662746896), ([[429, 87], [515, 87], [515, 153], [429, 153]], '덕임', 0.012865980025040039), ([[1050, 708], [1106, 708], [1106, 780], [1050, 780]], '흡', 0.07788475009505991), ([[805, 797], [843, 797], [843, 851], [805, 851]], '알', 0.11239719192348563)]
[([[799, 63], [913, 63], [913, 127], [799, 127]], '오켓', 0.0014199358066984793), ([[495, 129], [631, 129], [631, 198], [495, 198]], '0어물?', 0.008088259026408195), ([[774, 632], [948, 632], [948, 846], [774, 846]], '9', 0.012376083015824213), ([[973.3022506247456, 551.2090024989827], [1089.8938204881504, 541.2233771629327], [1092.6977493752543, 604.7909975010173], [975.1061795118495, 614.7766228370673]], '@팎', 0.4027441283832253)]
[([[749, 108], [867, 108], [867, 160], [749, 160]], '데다리', 0.059119690551142405), ([[1011, 623], [1097, 623], [1097, 683], [1011, 683]], '면', 0.3944770122201504), ([[800, 682], [884, 682], [884, 738], [800, 738]], '@혀', 0.1582984908420175)]
[([[763, 645], [971, 645], [971, 853], [763, 853]], '9', 0.07444546739121538)]
[([[45, 117], [214, 117], [214, 196], [45, 196]], '떼{', 0.0633865072438547), ([[1018, 512], [1108, 512], [1108, 568], [1018, 568]], '@어', 0.10230371958612268), ([[775, 647], [993, 647], [993, 857], [775, 857]], '9', 0.029018513373474386), ([[665.1736368240006, 94.24245624880214], [796.0161353735474, 81.42143671745887], [798.8263631759994, 144.75754375119786], [667.9838646264526, 157.57856328254113]], '데타해(', 0.2800551652908325), ([[926.5086250343203, 660.2276001098248], [1015.2093956948194, 653.3016694263979], [1016.4913749656797, 701.7723998901752], [928.7906043051806, 708.6983305736021]], '어', 0.3634461130844535)]
[([[945, 635], [1047, 635], [1047, 695], [945, 695]], '@퍼디', 0.01488974235669345), ([[863, 735], [970, 735], [970, 802], [863, 802]], '나아', 0.07550472943826934)]
[([[511, 43], [581, 43], [581, 85], [511, 85]], '이데', 0.34230025136812325), ([[238, 98], [320, 98], [320, 152], [238, 152]], '및;드', 0.021971813041494856), ([[442, 85], [608, 85], [608, 148], [442, 148]], '공려붙다(', 0.0002405981040660201), ([[867, 683], [1018, 683], [1018, 748], [867, 748]], '넷로임60(', 0.011459956362765658), ([[1031.00019994002, 595.100979706098], [1150.8809353009199, 609.9153477109068], [1143.99980005998, 653.899020293902], [1024.1190646990801, 638.0846522890932]], '예`)', 0.010016503127599288)]
[([[317, 71], [421, 71], [421, 135], [317, 135]], '@어', 0.14520031735716266), ([[779, 49], [935, 49], [935, 117], [779, 117]], '어떠', 0.4666947261871027), ([[612, 104], [710, 104], [710, 160], [612, 160]], '@', 0.9947627393835923), ([[1045, 596], [1202, 596], [1202, 676], [1045, 676]], '[하|3', 0.00032879726495593786), ([[970.8288110747561, 738.3638876214512], [1052.8368244189064, 676.0250322042617], [1139.171188925244, 808.6361123785488], [1057.1631755810936, 870.9749677957383]], '9', 0.45459924678665686)]
[([[605, 47], [703, 47], [703, 108], [605, 108]], '예', 0.04858441932911206), ([[857, 45], [943, 45], [943, 105], [857, 105]], '동야', 0.09093165166147808), ([[1081, 489], [1177, 489], [1177, 551], [1081, 551]], '오맣느', 0.010124595258001278)]
[([[798, 52], [880, 52], [880, 108], [798, 108]], '다3', 0.5156014985599343), ([[26, 88], [184, 88], [184, 163], [26, 163]], '대계', 0.01575818045445427), ([[283, 129], [480, 129], [480, 192], [283, 192]], "피전피권해'", 0.01955790828663318), ([[212, 244], [346, 244], [346, 312], [212, 312]], '대표8', 0.05281847288872901), ([[62, 367], [187, 367], [187, 428], [62, 428]], '예터', 0.013777618487520333), ([[33, 735], [181, 735], [181, 803], [33, 803]], '드내체', 0.022510228563562357), ([[853, 749], [937, 749], [937, 813], [853, 813]], '유운', 0.11792610343826619), ([[725, 817], [821, 817], [821, 877], [725, 877]], '나앗', 0.4472579480680139)]
[([[322, 42], [380, 42], [380, 94], [322, 94]], '@', 0.27753108962032513)]
[([[367, 49], [457, 49], [457, 93], [367, 93]], '@데', 0.14918016999459813), ([[89, 71], [177, 71], [177, 131], [89, 131]], '원해', 0.9037381158173581), ([[259, 119], [355, 119], [355, 179], [259, 179]], '볶다', 0.11084075479226307), ([[501, 131], [569, 131], [569, 169], [501, 169]], '정애', 0.057651218906199564), ([[1017, 629], [1182, 629], [1182, 694], [1017, 694]], '대다있6어느', 0.0006878072757065709), ([[951, 753], [1011, 753], [1011, 789], [951, 789]], '텅애', 0.13884484901954128), ([[782, 780], [856, 780], [856, 828], [782, 828]], '동디', 0.16111016010391022)]
[([[1006, 36], [1080, 36], [1080, 90], [1006, 90]], '@의', 0.22951695353872573), ([[429, 87], [515, 87], [515, 153], [429, 153]], '덕임', 0.009573818490633962), ([[1050, 708], [1106, 708], [1106, 780], [1050, 780]], '흡', 0.07996710250035566), ([[805, 797], [843, 797], [843, 851], [805, 851]], '알', 0.10296003181373692)]
[]
[([[0, 1645], [225, 1645], [225, 1786], [0, 1786]], '', 0.0)]
[([[257, 263], [1021, 263], [1021, 348], [257, 348]], '너무날먹같아 신음 좀 넣엇는데', 0.42172016154939834), ([[450, 328], [827, 328], [827, 405], [450, 405]], '그래도 날먹이네', 0.8103607023109013)]
