2087515
35
[([[364, 168], [432, 168], [432, 216], [364, 216]], '낙승', 0.9850092899347823), ([[0, 52], [307, 52], [307, 693], [0, 693]], '철', 0.05088192941841019), ([[939, 55], [1221, 55], [1221, 679], [939, 679]], '뭐', 0.07334864968824206), ([[336.3070020560507, 319.24380699057235], [371.6930051490474, 293.04015571819247], [420.6929979439493, 364.75619300942765], [386.3069948509526, 390.95984428180753]], '4', 0.4205511231706538)]
[]
[]
[]
[([[1006, 192], [1112, 192], [1112, 240], [1006, 240]], '위험해', 0.9998381241431795), ([[160, 238], [266, 238], [266, 286], [160, 286]], '버릇이', 0.9808824272437187), ([[916, 230], [1203, 230], [1203, 280], [916, 280]], '노출한 채로 낭느거', 0.7012971634932634), ([[143, 279], [281, 279], [281, 323], [143, 323]], '되어버려', 0.9975742101669312), ([[916, 270], [1204, 270], [1204, 320], [916, 320]], '상상 이상으로 기분', 0.9693032172221723), ([[1024, 310], [1098, 310], [1098, 360], [1024, 360]], '좋아', 0.9822429460728169), ([[539, 783], [559, 783], [559, 809], [539, 809]], '5', 0.4503279578315791), ([[903, 857], [963, 857], [963, 917], [903, 917]], "7'", 0.8376515318095428), ([[293.21553545944727, 856.0776772972363], [326.52181805028556, 843.0341828178298], [350.78446454055273, 913.9223227027637], [318.47818194971444, 926.9658171821702]], ';"', 0.0102434927150088)]
[([[1006, 192], [1112, 192], [1112, 240], [1006, 240]], '위험해', 0.9998381241431795), ([[160, 238], [266, 238], [266, 286], [160, 286]], '버릇이', 0.9814602582188948), ([[916, 230], [1203, 230], [1203, 280], [916, 280]], '노출한 채로 낭느거', 0.7012971634932634), ([[143, 279], [281, 279], [281, 323], [143, 323]], '되어버려', 0.9975742101669312), ([[916, 270], [1204, 270], [1204, 318], [916, 318]], '상상 이상으로 기분', 0.9986606595102134), ([[1024, 310], [1098, 310], [1098, 360], [1024, 360]], '좋아', 0.9854554468137707), ([[904, 858], [958, 858], [958, 914], [904, 914]], '7', 0.7762143217079576), ([[293.200159952016, 856.0807837648783], [325.52181805028556, 843.0341828178298], [351.799840047984, 912.9192162351217], [318.47818194971444, 926.9658171821702]], ';"', 0.03301065372699816)]
[([[1649, 288], [1817, 288], [1817, 449], [1649, 449]], '@', 0.5574407114849897), ([[1367, 2044], [1418, 2044], [1418, 2086], [1367, 2086]], '9', 0.8070294033471761), ([[2669, 2755], [2791, 2755], [2791, 2876], [2669, 2876]], '그', 0.984887908832718)]
[([[958, 35], [1195, 35], [1195, 86], [958, 86]], '미안 좀 산기가', 0.9875557965502713), ([[210, 64], [504, 64], [504, 114], [210, 114]], '금방 따라칼 테니까', 0.8913456844356525), ([[1006, 78], [1144, 78], [1144, 126], [1006, 126]], '올라와서', 0.8494868874549866), ([[258, 104], [450, 104], [450, 152], [258, 152]], '아까 노래방', 0.9990533905659613), ([[927, 109], [1225, 109], [1225, 173], [927, 173]], '저기 참목림에서 속', 0.482126146149739), ([[288, 144], [422, 144], [422, 192], [288, 192]], '가있어~', 0.8766943425853809), ([[998, 154], [1154, 154], [1154, 208], [998, 208]], '남고 올게', 0.3857793317096064), ([[1139, 325], [1225, 325], [1225, 431], [1139, 431]], "스'", 0.08200232157750663), ([[145, 661], [189, 661], [189, 711], [145, 711]], '알', 0.0664394280265066), ([[659, 705], [869, 705], [869, 773], [659, 773]], '어--4-', 0.05141459454002099), ([[336, 803], [393, 803], [393, 998], [336, 998]], '8', 0.7635859880857119), ([[749, 903], [900, 903], [900, 1005], [749, 1005]], "후와여'", 0.0003207279078196734), ([[565, 993], [621, 993], [621, 1190], [565, 1190]], '8', 0.3018449137598509), ([[210.5798976692803, 286.009810122599], [272.34457476519646, 263.0065986283726], [363.42010233071966, 517.990189877401], [301.65542523480354, 541.9934013716274]], '표', 0.0477417955811108), ([[1156.6717513848516, 444.0059879449351], [1225.195819990753, 452.5865147182215], [1190.3282486151484, 735.9940120550649], [1120.804180009247, 727.4134852817784]], '{', 0.1048743287562992), ([[58.26912441760916, 530.0334561519398], [110.46165713496787, 498.01333156505586], [197.73087558239084, 654.9665438480602], [145.53834286503212, 686.9866684349441]], '품', 0.13708509675049996), ([[870.5912052259251, 897.3283388133306], [984.1837847764974, 871.4608252938189], [998.4087947740749, 950.6716611866694], [884.8162152235026, 976.5391747061811]], '나[>', 0.03671239204886795)]
[]
[([[737, 137], [961, 137], [961, 181], [737, 181]], '0,사 신인 연수', 0.7291863951193035), ([[734, 172], [878, 172], [878, 220], [734, 220]], '최종 검정', 0.986554972749564), ([[751, 211], [993, 211], [993, 255], [751, 255]], '검정 시간: 3시간', 0.9754751796455502), ([[750, 246], [1148, 246], [1148, 294], [750, 294]], '안장다리 자세로 출산하면서', 0.9866456984104752), ([[735, 287], [807, 287], [807, 329], [735, 329]], '계속', 0.9997977011209739), ([[876, 283], [1150, 283], [1150, 332], [876, 332]], '얼굴올 하고 접객올', 0.647082338620586), ([[736, 322], [836, 322], [836, 370], [736, 370]], '실시활', 0.6528934778116569), ([[801, 283], [885, 283], [885, 373], [801, 373]], '울늦', 0.0585489952364544), ([[740, 359], [1172, 359], [1172, 408], [740, 408]], '소리틀 지르거나 무릎올 끓으면', 0.26148006925201883), ([[735, 399], [807, 399], [807, 443], [735, 443]], '안독', 0.11236432845304882), ([[146, 830], [174, 830], [174, 860], [146, 860]], "2'", 0.9048687425812642), ([[159, 845], [207, 845], [207, 887], [159, 887]], "' {", 0.7786150159202937), ([[173, 891], [193, 891], [193, 913], [173, 913]], ')', 0.998852463150147), ([[190, 916], [220, 916], [220, 944], [190, 944]], '10', 0.915073497153158)]
[]
[([[812, 74], [1126, 74], [1126, 124], [812, 124]], '어때? 보여? 힘내서', 0.9963944109219827), ([[820, 116], [1120, 116], [1120, 168], [820, 168]], '낭울테니까 나중에', 0.6671641224016659), ([[829, 159], [1108, 159], [1108, 214], [829, 214]], '자궁에 포상 정액', 0.822113066388977), ([[910, 201], [1027, 201], [1027, 257], [910, 257]], '부탁해', 0.9992834231396485), ([[280, 613], [335, 613], [335, 698], [280, 698]], '쭉', 0.2697528944461034), ([[306, 694], [330, 694], [330, 718], [306, 718]], '0', 0.9842472725704852), ([[297.31215814362656, 713.0475386341112], [387.99900029990005, 754.900019994002], [368.68784185637344, 794.9524613658888], [278.00099970009995, 753.099980005998]], '잘99', 0.0006055427159666521), ([[754.400778482288, 852.045137983101], [782.4961389383568, 845.0308884931453], [801.599221517712, 925.954862016899], [772.5038610616432, 932.9691115068547]], '꿀', 0.17201537044412873)]
[([[925, 97], [1089, 97], [1089, 141], [925, 141]], '자, 머리가', 0.8977275556139365), ([[192, 122], [270, 122], [270, 172], [192, 172]], '후후', 0.9993213346226761), ([[880, 137], [1132, 137], [1132, 186], [880, 186]], '나용어요 서방님', 0.8172145781423503), ([[145, 165], [322, 165], [322, 216], [145, 216]], '남자애일까', 0.9735022546619599), ([[144, 206], [324, 206], [324, 254], [144, 254]], '여자애일까', 0.9535109128984544)]
[([[925, 97], [1089, 97], [1089, 141], [925, 141]], '자, 머리가', 0.8931367795092302), ([[192, 122], [270, 122], [270, 172], [192, 172]], '후후', 0.9993703841528013), ([[880, 137], [1132, 137], [1132, 186], [880, 186]], '나용어요 서방님', 0.6679226209820058), ([[145, 165], [322, 165], [322, 214], [145, 214]], '남자애일까', 0.978325605848158), ([[144, 206], [322, 206], [322, 254], [144, 254]], '여자애일까', 0.9629644503265423)]
[([[129, 1097], [1173, 1097], [1173, 1165], [129, 1165]], '남자친구와 데이트 중에 산기가 있어서 러브호텔에서', 0.9581005399984887), ([[333, 1149], [968, 1149], [968, 1218], [333, 1218]], '낳고 갈게어 늦어저도 밥 남겨쥐', 0.23248055806226514)]
[]
[([[631, 491], [669, 491], [669, 603], [631, 603]], '7', 0.9912640750383481), ([[955, 1311], [975, 1311], [975, 1333], [955, 1333]], '(', 0.1347116077000443), ([[918, 1330], [942, 1330], [942, 1382], [918, 1382]], '5', 0.37016998192270023), ([[952, 1334], [980, 1334], [980, 1366], [952, 1366]], '2', 0.7967714261433712), ([[296, 1392], [368, 1392], [368, 1470], [296, 1470]], '+"', 0.11943958211395508), ([[303, 1443], [403, 1443], [403, 1598], [303, 1598]], '+5', 0.7552491110683849), ([[831, 1485], [873, 1485], [873, 1537], [831, 1537]], "='", 0.5074826382343908), ([[1623, 1446], [1716, 1446], [1716, 1647], [1623, 1647]], '모', 0.3798909167706057), ([[352, 1572], [402, 1572], [402, 1642], [352, 1642]], '5', 0.5478432495302208), ([[1100, 1776], [1126, 1776], [1126, 1814], [1100, 1814]], '5', 0.08875194471804036), ([[642.1847338820494, 844.0207840881687], [781.9125226672755, 966.329185119936], [689.8152661179506, 1071.9792159118313], [550.0874773327245, 948.670814880064]], '+1', 0.02603508718546279), ([[1128.1170986264233, 1491.1756479396352], [1219.546421490446, 1434.9648616741533], [1247.8829013735767, 1487.8243520603648], [1155.453578509554, 1544.0351383258467]], '))', 0.15498536595761872), ([[840.4606843142319, 1685.1494900025828], [892.6430735193625, 1648.0258883599051], [957.5393156857681, 1751.8505099974172], [904.3569264806375, 1787.9741116400949]], '#', 0.29379423427741713)]
[([[634, 494], [666, 494], [666, 600], [634, 600]], '7', 0.297874250264929), ([[955, 1311], [975, 1311], [975, 1333], [955, 1333]], '6', 0.7314930403279654), ([[919, 1329], [981, 1329], [981, 1367], [919, 1367]], '6 ?', 0.1515665054321289), ([[918, 1354], [942, 1354], [942, 1382], [918, 1382]], '5', 0.7109392458153287), ([[287, 1382], [412, 1382], [412, 1598], [287, 1598]], '뭐', 0.007477432070691903), ([[828, 1482], [906, 1482], [906, 1578], [828, 1578]], '(', 0.5798372265009135), ([[1623, 1446], [1716, 1446], [1716, 1647], [1623, 1647]], '모', 0.37750358255710026), ([[352, 1572], [402, 1572], [402, 1642], [352, 1642]], '5', 0.532970518632979), ([[642.1805639684295, 844.0209973843746], [781.9125226672755, 966.329185119936], [689.8194360315705, 1070.9790026156254], [550.0874773327245, 948.670814880064]], '+1', 0.01844758019500203), ([[1122.878524802684, 1489.854229763221], [1221.8907412882334, 1430.0098546346992], [1254.121475197316, 1490.145770236779], [1155.1092587117666, 1549.9901453653008]], ')자', 0.03428606612261098), ([[840.4310709188945, 1685.1553545944726], [892.6430735193625, 1648.0258883599051], [957.5689290811055, 1750.8446454055274], [904.3569264806375, 1787.9741116400949]], '#', 0.1754251406768823)]
[]
[([[524, 878], [584, 878], [584, 988], [524, 988]], '확', 0.07324240465563037)]
[]
[([[89, 157], [335, 157], [335, 193], [89, 193]], '여고생올 위한 잡지 촬영', 0.8914534173261096), ([[1183, 321], [1255, 321], [1255, 339], [1183, 339]], '카메라맨', 0.33682024478912354), ([[1009, 393], [1137, 393], [1137, 437], [1009, 437]], '오 쫓네~', 0.662892457885776), ([[999, 429], [1113, 429], [1113, 517], [999, 517]], '작시만', 0.19728178327566587), ([[1035, 433], [1103, 433], [1103, 477], [1035, 477]], '시만', 0.9996040111791864), ([[1099, 431], [1140, 431], [1140, 510], [1099, 510]], '제', 0.1677085589194327), ([[1021, 507], [1121, 507], [1121, 551], [1021, 551]], '립해쥐', 0.6703296900679915), ([[312, 892], [338, 892], [338, 940], [312, 940]], '군', 0.430052747110782), ([[306, 944], [334, 944], [334, 980], [306, 980]], '>', 0.8812410969210447), ([[328, 960], [356, 960], [356, 996], [328, 996]], '10', 0.7112224070776169), ([[339, 999], [382, 999], [382, 1068], [339, 1068]], '<', 0.19639300216698885), ([[336.14840399737545, 536.0363267692927], [461.9461840889078, 595.9639391574054], [423.85159600262455, 672.9636732307073], [298.0538159110922, 613.0360608425946]], '04', 0.43752705584183915), ([[667.0557630317494, 688.0899677650967], [733.7501587452025, 706.4392335551478], [720.9442369682506, 749.9100322349033], [654.2498412547975, 732.5607664448522]], '845', 0.48178576585669314)]
[]
[([[71, 117], [291, 117], [291, 207], [71, 207]], '유다지', 0.9969651371564912), ([[891, 85], [1238, 85], [1238, 182], [891, 182]], '시라즈유급', 0.8332753054107741), ([[953, 156], [1174, 156], [1174, 261], [953, 261]], '구축함', 0.6492656978548771), ([[965, 241], [1163, 241], [1163, 331], [965, 331]], '4[합', 0.1314472211955055)]
[([[116, 228], [334, 228], [334, 326], [116, 326]], '후부키', 0.9096336364746094), ([[991, 323], [1270, 323], [1270, 420], [991, 420]], '후부키급_', 0.6528438358969375), ([[1017, 403], [1237, 403], [1237, 495], [1017, 495]], '구축합', 0.5642095693794318), ([[1035, 481], [1219, 481], [1219, 571], [1035, 571]], '1변합', 0.5504358252516398)]
[]
[]
[([[631, 791], [790, 791], [790, 919], [631, 919]], '/ ', 0.8808103480891394)]
[]
[]
[([[1050, 1802], [1167, 1802], [1167, 1930], [1050, 1930]], '애', 0.01718171289671333)]
[([[937, 57], [1209, 57], [1209, 146], [937, 146]], '무춧키급', 0.7647990812966105), ([[92, 150], [306, 150], [306, 246], [92, 246]], '무춧키', 0.7024187201682928), ([[962, 129], [1181, 129], [1181, 227], [962, 227]], '구축함', 0.6944208924071144), ([[977, 209], [1161, 209], [1161, 301], [977, 301]], '1법합', 0.3932133281290927), ([[700.6476663110633, 921.0351931724157], [889.0382747022569, 871.6215342893253], [950.3523336889367, 1164.9648068275842], [761.9617252977431, 1214.3784657106746]], '"', 0.1436083878042247)]
[([[767.200788954827, 1985.0177514836082], [909.2090857040549, 2022.7721606625319], [848.799211045173, 2245.982248516392], [707.7909142959451, 2209.227839337468]], '7', 0.2858598938610726)]
[([[719, 2020], [887, 2020], [887, 2221], [719, 2221]], '>', 0.5227037326490205)]
[]
