2087418
43
[([[918, 182], [1092, 182], [1092, 816], [918, 816]], '륙', 0.018160809775565667), ([[921, 805], [1083, 805], [1083, 995], [921, 995]], '녀', 0.8271234693091998)]
[([[821, 211], [1163, 211], [1163, 277], [821, 277]], '예로부터 사람을', 0.45186435303690464), ([[847, 265], [1139, 265], [1139, 331], [847, 331]], '흘리는 귀신올', 0.3312474945621874), ([[835, 311], [1147, 311], [1147, 451], [835, 451]], '통립하물 스흘', 0.03671926910557212), ([[1042, 324], [1090, 324], [1090, 384], [1042, 384]], '일', 0.9999755622449449), ([[805, 435], [1185, 435], [1185, 499], [805, 499]], '일족 "아버 가(죽)"', 0.24978722555116098), ([[1032, 956], [1120, 956], [1120, 1012], [1032, 1012]], '알켓', 0.36861870254116336), ([[214, 988], [342, 988], [342, 1036], [214, 1036]], '그 의로', 0.8453630536874887), ([[1014, 1004], [1136, 1004], [1136, 1058], [1014, 1058]], '습니다', 0.5675999548785616), ([[218, 1032], [340, 1032], [340, 1084], [218, 1084]], '받도록', 0.6526937882513153), ([[178, 1074], [381, 1074], [381, 1136], [178, 1136]], '하켓습니다', 0.9283841892714083), ([[814, 1186], [948, 1186], [948, 1236], [814, 1236]], '아버 가', 0.534099382470748), ([[842, 1232], [926, 1232], [926, 1286], [842, 1286]], '당주', 0.9993204075764908), ([[840, 1276], [922, 1276], [922, 1328], [840, 1328]], '아베', 0.39238140865032506), ([[822, 1324], [942, 1324], [942, 1372], [822, 1372]], '미코토', 0.9936924041361299)]
[([[73, 287], [141, 287], [141, 331], [73, 331]], '그럼', 0.9998599067499019), ([[63, 323], [159, 323], [159, 367], [63, 367]], '준비틀', 0.27447691559791565), ([[690, 228], [740, 228], [740, 460], [690, 460]], '#', 0.050758820576889185), ([[591, 757], [639, 757], [639, 801], [591, 801]], '네', 0.9997619532170212), ([[558, 798], [680, 798], [680, 854], [558, 854]], '가주님', 0.9532341105782242), ([[402, 1268], [502, 1268], [502, 1320], [402, 1320]], '뭐  월', 0.7304309010505676), ([[384, 1312], [518, 1312], [518, 1362], [384, 1362]], '하려고!', 0.9470350742340088), ([[372, 1358], [496, 1358], [496, 1414], [372, 1414]], '너희들', 0.9260381915652687), ([[822.995262402155, 1280.0388849878], [925.693602502636, 1267.3131317051154], [941.004737597845, 1434.9611150122], [838.306397497364, 1446.6868682948846]], '닭', 0.008353036150525961), ([[610.1964385806513, 1331.0269348517043], [702.0690235967006, 1311.3990908044716], [737.8035614193487, 1503.9730651482957], [645.9309764032994, 1523.6009091955284]], '필', 0.27468219040656905)]
[([[246, 104], [466, 104], [466, 280], [246, 280]], '히', 0.0071546404721867796), ([[821, 1027], [887, 1027], [887, 1071], [821, 1071]], '준비', 0.9532784927750502), ([[823, 1067], [887, 1067], [887, 1107], [823, 1107]], '완료', 0.9546566229132007), ([[436, 1046], [484, 1046], [484, 1190], [436, 1190]], '곁', 0.3037339585635124), ([[804, 1100], [905, 1100], [905, 1145], [804, 1145]], "'입니다'", 0.9049990439546904)]
[([[316, 338], [420, 338], [420, 418], [316, 418]], '그해', 0.9994799475054139), ([[763, 399], [961, 399], [961, 581], [763, 581]], '미익', 0.001220168932947757), ([[191, 595], [323, 595], [323, 685], [191, 685]], '[신 ', 0.04357038318205254), ([[98, 714], [148, 714], [148, 792], [98, 792]], '벼', 0.04232400769712186), ([[939, 725], [1041, 725], [1041, 773], [939, 773]], "'가만히", 0.6607955806653327), ([[943, 765], [1041, 765], [1041, 805], [943, 805]], '계세요', 0.999709974913278), ([[411, 1229], [475, 1229], [475, 1271], [411, 1271]], '금방', 0.9997059119585381), ([[377, 1265], [507, 1265], [507, 1309], [377, 1309]], '끝날니다', 0.7680307030677795), ([[118.00019994002, 814.100979706098], [153.72557093714138, 801.0529254285815], [176.99980005998, 872.899020293902], [141.27442906285862, 885.9470745714185]], '(콩', 0.08834746742225265)]
[([[1014, 252], [1157, 252], [1157, 307], [1014, 307]], '아; 안돼', 0.4225088852133692), ([[1010, 300], [1164, 300], [1164, 350], [1010, 350]], '나 나와!', 0.6558391694652369), ([[128, 530], [198, 530], [198, 582], [128, 582]], '웃!', 0.3972019018397631), ([[465.3351388442811, 753.1751525681213], [510.5998107146101, 710.0225174956859], [601.6648611557189, 815.8248474318787], [556.40018928539, 858.9774825043141]], '@', 0.005389153447357353), ([[668.762416589447, 722.0451072754228], [853.933622109419, 749.8767659954259], [827.237583410553, 892.9548927245772], [642.066377890581, 865.1232340045741]], '1"7', 0.3491077636590316), ([[155.23303501115262, 741.0294551449842], [287.9967560114308, 813.7453055793266], [243.76696498884738, 890.9705448550158], [111.0032439885692, 818.2546944206734]], '(()', 0.3033735209055974), ([[656.564390161027, 916.079511449243], [730.6303257201221, 858.0152901654849], [851.435609838973, 1031.920488550757], [777.3696742798779, 1089.9847098345151]], '궁', 0.29077026671872375)]
[([[354, 318], [402, 318], [402, 502], [354, 502]], '불', 0.03714560902524178), ([[1067, 855], [1132, 855], [1132, 982], [1067, 982]], '#', 0.06692915087172935), ([[285, 959], [463, 959], [463, 1117], [285, 1117]], '', 0.0), ([[213, 1275], [351, 1275], [351, 1391], [213, 1391]], '의몽록', 0.041967193908785824), ([[201, 1375], [364, 1375], [364, 1427], [201, 1427]], '내보내다', 0.9999468326568604), ([[245, 1427], [303, 1427], [303, 1469], [245, 1469]], '니:', 0.7370395205854308), ([[510.4401749825663, 212.01205959553803], [731.374419033177, 379.01581205371195], [663.5598250174337, 469.98794040446194], [442.625580966823, 301.98418794628805]], '문3움', 0.001787921836759013)]
[([[776, 252], [856, 252], [856, 334], [776, 334]], '00', 0.035352800501984055), ([[927, 259], [1057, 259], [1057, 323], [927, 323]], '네놈:!', 0.4600818455219269), ([[459, 855], [499, 855], [499, 897], [459, 897]], '07', 0.02301281819218952), ([[204, 990], [276, 990], [276, 1134], [204, 1134]], '9', 0.06464943760173814), ([[204, 1205], [276, 1205], [276, 1569], [204, 1569]], '@', 0.028764527287549413)]
[([[1034, 206], [1088, 206], [1088, 262], [1034, 262]], '뭐', 0.9999978542339392), ([[335, 317], [477, 317], [477, 431], [335, 431]], '또', 0.2570923661649118), ([[1035, 313], [1095, 313], [1095, 587], [1035, 587]], '%', 0.08910863829165638), ([[153, 959], [251, 959], [251, 1021], [153, 1021]], '봉인', 0.9670271888741881), ([[743, 889], [887, 889], [887, 1029], [743, 1029]], '서', 0.11446251085900006), ([[129, 1015], [231, 1015], [231, 1077], [129, 1077]], '완료', 0.9426957730300449), ([[343, 1213], [379, 1213], [379, 1259], [343, 1259]], '9', 0.4938927027696991), ([[418, 1468], [481, 1468], [481, 1597], [418, 1597]], '봄', 0.22310461357393763), ([[249, 1659], [317, 1659], [317, 1695], [249, 1695]], '/ /', 0.812178828024706), ([[798.2315555082349, 289.01737673199233], [991.9491090684678, 424.6855792967311], [906.7684444917651, 543.9826232680077], [713.0508909315322, 408.3144207032689]], '갑각', 0.005384408341233104), ([[784.9788635073722, 965.0137224742483], [1149.0843469635333, 1108.0869859306995], [1023.0211364926278, 1412.9862775257516], [658.9156530364668, 1269.9130140693005]], '[굶', 0.031433931534393784), ([[306.14471515106385, 1128.0458509048938], [394.89905950084125, 1172.7331697026952], [360.85528484893615, 1236.9541490951062], [273.10094049915875, 1192.2668302973048]], "*'", 0.41399456768925924), ([[123.8233031891709, 1656.1165159458544], [163.6699416710901, 1637.037519127298], [199.1766968108291, 1717.8834840541456], [158.3300583289099, 1737.962480872702]], '용', 0.9660215690766485)]
[([[316, 274], [348, 274], [348, 322], [316, 322]], '~', 0.9876263251805462), ([[979, 307], [1137, 307], [1137, 369], [979, 369]], '아버 가', 0.7181210953024547), ([[982, 358], [1131, 358], [1131, 430], [982, 430]], '비전의', 0.9997949716057268), ([[999, 419], [1111, 419], [1111, 479], [999, 479]], '오의', 0.9999645125379857), ([[845, 437], [881, 437], [881, 551], [845, 551]], '춤', 0.010535600353822616), ([[973, 463], [1135, 463], [1135, 599], [973, 599]], '자승위', 0.13907409780881183), ([[984, 474], [1038, 474], [1038, 530], [984, 530]], '자', 0.9998873503940366), ([[330, 554], [360, 554], [360, 584], [330, 584]], '0', 0.9256884216560799), ([[1005, 583], [1109, 583], [1109, 647], [1005, 647]], '귀틀', 0.321488341522753), ([[985, 639], [1131, 639], [1131, 703], [985, 703]], '봉한다', 0.4414942916515811), ([[239, 1247], [341, 1247], [341, 1311], [239, 1311]], '사흘', 0.9984879375321141), ([[210, 1301], [274, 1301], [274, 1419], [210, 1419]], '발', 0.3787740372895456), ([[202, 1287], [383, 1287], [383, 1492], [202, 1492]], '끓월', 0.019933283486980532), ([[259, 1300], [321, 1300], [321, 1419], [259, 1419]], '위', 0.4385667498043091), ([[264, 1468], [316, 1468], [316, 1524], [264, 1524]], '다', 0.9999982118614561), ([[321.4262837107244, 483.04135760399856], [351.91051746815276, 479.1050086084577], [362.5737162892756, 559.9586423960014], [332.08948253184724, 563.8949913915424]], '금', 0.008151500191516448)]
[([[1036, 108], [1178, 108], [1178, 156], [1036, 156]], '아아 또', 0.897436515276243), ([[1016, 152], [1202, 152], [1202, 208], [1016, 208]], '오고있어]', 0.292577725157928), ([[114, 340], [200, 340], [200, 392], [114, 392]], '기분', 0.9993142553672794), ([[92, 386], [222, 386], [222, 438], [92, 438]], '중은 게', 0.39407093623029354), ([[666, 686], [769, 686], [769, 739], [666, 739]], '(가주님', 0.8255102038383484), ([[132, 734], [340, 734], [340, 788], [132, 788]], '귀가 자궁에', 0.7408197572478047), ([[665, 729], [773, 729], [773, 773], [665, 773]], "'힘내요", 0.9493703842163086), ([[146, 772], [242, 772], [242, 884], [146, 884]], '대7', 0.028779544157063977), ([[153, 779], [195, 779], [195, 831], [153, 831]], '잎', 0.6176901462163329), ([[237, 775], [328, 775], [328, 836], [237, 836]], '동안', 0.9999904748255235), ([[117, 825], [159, 825], [159, 923], [117, 923]], '불', 0.8825579512040385), ([[147, 815], [364, 815], [364, 926], [147, 926]], "'핸품 택할품", 0.0019782120775629266), ([[237, 865], [362, 865], [362, 928], [237, 928]], '저항해', 0.9183015122463948), ([[178, 918], [268, 918], [268, 972], [178, 972]], '온다:', 0.9867137627222252), ([[1146, 1320], [1190, 1320], [1190, 1456], [1146, 1456]], '굶', 0.015690544295367204), ([[503.8113490115474, 899.0644109062359], [620.5961551790175, 918.622844080723], [602.1886509884527, 1012.9355890937641], [485.4038448209825, 994.377155919277]], '[', 0.018047624797291384), ([[624.0536468300227, 1436.6482821470204], [769.0628744810516, 1391.7806558815294], [786.9463531699773, 1456.3517178529796], [641.9371255189484, 1501.2193441184706]], '6577//1', 0.1968480917844537)]
[([[377, 183], [415, 183], [415, 219], [377, 219]], '제', 0.9999970197699817), ([[380, 218], [412, 218], [412, 258], [380, 258]], '부', 0.9999957084701805), ([[409, 183], [445, 183], [445, 255], [409, 255]], '발', 0.8507676569825549), ([[349, 253], [475, 253], [475, 297], [349, 297]], '드립니다', 0.45568493008613586), ([[1094, 304], [1216, 304], [1216, 358], [1094, 358]], '수일이', 0.9985629928159523), ([[1109, 348], [1202, 348], [1202, 408], [1109, 408]], '지난', 0.9994421056113186), ([[1114, 392], [1162, 392], [1162, 446], [1114, 446]], '후', 0.9995694623967779), ([[573, 547], [671, 547], [671, 589], [573, 589]], '새로운', 0.9645995497703552), ([[557, 583], [683, 583], [683, 627], [557, 627]], '의회인이', 0.5468312501907349), ([[557, 619], [687, 619], [687, 663], [557, 663]], '찾아용다', 0.5080447196960449), ([[181, 1413], [217, 1413], [217, 1507], [181, 1507]], '(1', 0.25710694598995315), ([[662, 1442], [760, 1442], [760, 1490], [662, 1490]], '알깊습', 0.38762945765963397), ([[673, 1481], [747, 1481], [747, 1521], [673, 1521]], '니다:', 0.7858774408849283), ([[662, 1514], [759, 1514], [759, 1559], [662, 1559]], '받도록', 0.642229603202098), ([[479, 1563], [575, 1563], [575, 1607], [479, 1607]], '감사합', 0.9998057769226281), ([[662, 1552], [760, 1552], [760, 1600], [662, 1600]], '하켓습', 0.8122704166714995), ([[487, 1603], [573, 1603], [573, 1643], [487, 1643]], '니다!!', 0.4406861662864685), ([[675, 1593], [747, 1593], [747, 1633], [675, 1633]], '니다:', 0.7400969050683112)]
[([[1082, 198], [1156, 198], [1156, 356], [1082, 356]], '굶', 0.7045439186751459), ([[78, 972], [178, 972], [178, 1104], [78, 1104]], '[꾸', 0.07277460183006747), ([[158, 1572], [224, 1572], [224, 1624], [158, 1624]], '70', 0.9961798552038845), ([[186, 1628], [242, 1628], [242, 1682], [186, 1682]], '70', 0.3897200016291065), ([[316.3756770666054, 882.0656822130455], [362.99554712379285, 909.8366065205204], [348.6243229333946, 934.9343177869545], [302.00445287620715, 907.1633934794796]], '5801', 0.23734219372272491)]
[([[539, 169], [677, 169], [677, 211], [539, 211]], '여느 때와', 0.8594515409822976), ([[422, 153], [498, 153], [498, 331], [422, 331]], '푹', 0.894167989111395), ([[527, 243], [685, 243], [685, 287], [527, 287]], '여기까지는', 0.5513204768439108), ([[573, 207], [641, 207], [641, 249], [573, 249]], '같이', 0.9990059006291201), ([[542, 278], [674, 278], [674, 358], [542, 358]], '숨짓교울', 0.03160785138607025), ([[575, 319], [657, 319], [657, 361], [575, 361]], '엿다:', 0.8243019624659467), ([[134, 445], [170, 445], [170, 563], [134, 563]], '한', 0.8527999607986771), ([[177, 1159], [219, 1159], [219, 1207], [177, 1207]], '뒷', 0.2623092731119101), ([[1044, 1218], [1140, 1218], [1140, 1332], [1044, 1332]], '낯올', 0.047010405803889724), ([[1036, 1314], [1145, 1314], [1145, 1368], [1036, 1368]], '대귀!!', 0.7306546568870544), ([[760.0293498376011, 803.0790340093668], [840.791716265671, 826.4328297163479], [824.9706501623989, 875.9209659906332], [744.208283734329, 852.5671702836521]], '[내17', 0.2603839635848999)]
[([[478, 174], [676, 174], [676, 228], [478, 228]], '미코토에렌', 0.26292727912130104), ([[472, 218], [680, 218], [680, 274], [472, 274]], '대귀의 봉인', 0.8403846002888183), ([[474, 264], [680, 264], [680, 320], [474, 320]], '경험은 아직', 0.9994778368954944), ([[536, 312], [622, 312], [622, 366], [536, 366]], '없다', 0.9999146115527259), ([[693, 447], [811, 447], [811, 491], [693, 491]], '내 이름은', 0.9958156867263143), ([[719, 485], [789, 485], [789, 521], [719, 521]], '시키', 0.9802160937878808), ([[695, 515], [809, 515], [809, 551], [695, 551]], '네녀석이', 0.7159054898423048), ([[723, 549], [781, 549], [781, 587], [723, 587]], '나름', 0.3917097783542556), ([[711, 579], [797, 579], [797, 619], [711, 619]], '끌어번', 0.16103050927764023), ([[715, 611], [791, 611], [791, 651], [715, 651]], '건가?', 0.951309084892273), ([[1037, 867], [1079, 867], [1079, 919], [1037, 919]], '당', 0.9999072573231302), ([[1022, 852], [1168, 852], [1168, 1022], [1022, 1022]], '탤만뭄', 0.0016731817174114336), ([[1061, 1005], [1129, 1005], [1129, 1049], [1061, 1049]], '다!!', 0.7425322382551054), ([[464, 1060], [594, 1060], [594, 1138], [464, 1138]], '오의', 0.9999780837091168), ([[468, 1128], [600, 1128], [600, 1208], [468, 1208]], '자궁', 0.7830162964348469), ([[451, 1200], [622, 1200], [622, 1286], [451, 1286]], '봉인!', 0.8985170849436627), ([[952, 1362], [1174, 1362], [1174, 1418], [952, 1418]], '처음이지만:', 0.8467514154170953), ([[988, 1408], [1156, 1408], [1156, 1462], [988, 1462]], '할 수밖에', 0.7400423601163773), ([[1024, 1454], [1122, 1454], [1122, 1510], [1024, 1510]], '없어!', 0.94261437875306)]
[([[580, 46], [640, 46], [640, 102], [580, 102]], '=7', 0.1657814412023401), ([[1051, 127], [1209, 127], [1209, 341], [1051, 341]], '4', 0.03778944141595275), ([[116, 350], [148, 350], [148, 382], [116, 382]], '이', 0.9999271644503871), ([[101, 385], [165, 385], [165, 427], [101, 427]], '기술', 0.9999887046632835), ([[104, 418], [162, 418], [162, 466], [104, 466]], '은]', 0.31811463412317886), ([[159, 953], [301, 953], [301, 1015], [159, 1015]], '네놈:.', 0.21238406002521515), ([[189, 1007], [287, 1007], [287, 1067], [189, 1067]], '아버', 0.3546622701655706), ([[190, 1062], [286, 1062], [286, 1118], [190, 1118]], '가의', 0.9999843214083535), ([[141, 1113], [337, 1113], [337, 1181], [141, 1181]], '사람인가', 0.9951531887054443), ([[213, 1177], [265, 1177], [265, 1221], [213, 1221]], '!!!', 0.9405573892638224)]
[([[235, 193], [345, 193], [345, 259], [235, 259]], '앗!?', 0.5314055360194693), ([[676, 368], [744, 368], [744, 418], [676, 418]], '극!!', 0.3262833569226311), ([[552, 734], [600, 734], [600, 826], [552, 826]], '약', 0.8082394544636031), ([[218, 906], [340, 906], [340, 960], [218, 960]], '위험해', 0.9999133491790778), ([[200, 952], [324, 952], [324, 1006], [200, 1006]], '위험해', 0.9998587713785425), ([[121.78119921509908, 520.6717988226486], [200.4617379799694, 476.8472478502146], [218.2188007849009, 512.3282011773514], [138.5382620200306, 556.1527521497853]], '#471', 0.09229331463575363)]
[([[1056, 120], [1142, 120], [1142, 174], [1056, 174]], '과연', 0.9979620499939961), ([[760, 172], [792, 172], [792, 208], [760, 208]], '극', 0.9993028664065982), ([[1072, 166], [1156, 166], [1156, 216], [1072, 216]], '아버', 0.5698806340504188), ([[766, 216], [792, 216], [792, 242], [766, 242]], '느', 0.4551107404182062), ([[1051, 208], [1180, 208], [1180, 270], [1051, 270]], '가여던', 0.12872575188924343), ([[737, 241], [818, 241], [818, 285], [737, 285]], '놔라!', 0.8629203909315457), ([[1076, 258], [1162, 258], [1162, 310], [1076, 310]], '건가', 0.9991190759684405), ([[127, 311], [257, 311], [257, 359], [127, 359]], '하마타면', 0.9449126720428467), ([[136, 345], [253, 345], [253, 437], [136, 437]], '통잎물', 0.004330940274125959), ([[57, 995], [79, 995], [79, 1013], [57, 1013]], '"', 0.002468936979088454), ([[289, 912], [363, 912], [363, 1200], [289, 1200]], '물', 0.16290383957912358), ([[627, 1069], [723, 1069], [723, 1113], [627, 1113]], '더러운', 0.9865052542115945), ([[641, 1107], [711, 1107], [711, 1151], [641, 1151]], '일족', 0.9776696521205988), ([[627, 1145], [725, 1145], [725, 1189], [627, 1189]], '같으니', 0.8693896411515167), ([[1042.930985278494, 1067.448167612687], [1106.6069366051547, 1055.5373408590515], [1113.069014721506, 1098.551832387313], [1049.3930633948453, 1110.4626591409485]], '떼', 0.007538399192796641)]
[([[77, 293], [233, 293], [233, 521], [77, 521]], '시', 0.3941788523647496), ([[500, 189], [741, 189], [741, 643], [500, 643]], '}', 0.07776906778076409), ([[1027, 689], [1151, 689], [1151, 733], [1027, 733]], '꼭두각시', 0.8477105498313904), ([[1027, 727], [1123, 727], [1123, 769], [1027, 769]], '주제에', 0.9971872875818609), ([[267, 827], [395, 827], [395, 867], [267, 867]], '아아! 우', 0.8638366081508803), ([[285, 863], [381, 863], [381, 907], [285, 907]], '움직일', 0.9998657914515785), ([[265, 901], [403, 901], [403, 945], [265, 945]], '수가 없어', 0.9084309916955936), ([[401, 1351], [467, 1351], [467, 1395], [401, 1395]], '틈백', 0.06097596456483589), ([[385, 1389], [483, 1389], [483, 1429], [385, 1429]], '사례해', 0.9918273286492616), ([[387, 1425], [469, 1425], [469, 1467], [387, 1467]], '주지:', 0.9900677470111426), ([[1012, 1510], [1142, 1510], [1142, 1558], [1012, 1558]], "'바보같은", 0.602929008353455), ([[1045, 1549], [1111, 1549], [1111, 1593], [1045, 1593]], '짓율', 0.7834322768422137), ([[1028, 1582], [1130, 1582], [1130, 1630], [1028, 1630]], '햇구나', 0.987779962064875), ([[1031, 1625], [1125, 1625], [1125, 1663], [1031, 1663]], '아베의', 0.34500573780402527), ([[1031, 1659], [1127, 1659], [1127, 1701], [1031, 1701]], '딸이여', 0.9325383121191037), ([[216.97158397316787, 526.0311355572697], [331.78999408918304, 481.094500268827], [415.02841602683213, 724.9688644427303], [301.21000591081696, 769.905499731173]], '}', 0.07794714146712867)]
[([[407, 297], [451, 297], [451, 347], [407, 347]], '웃', 0.9546346351961041), ([[877, 297], [919, 297], [919, 341], [877, 341]], '앗', 0.5016773989423342), ([[363, 361], [407, 361], [407, 411], [363, 411]], '웃', 0.9581305333155257), ([[242, 390], [296, 390], [296, 456], [242, 456]], '옷', 0.28296401406212013), ([[788, 374], [820, 374], [820, 448], [788, 448]], '햇', 0.16308147851021548), ([[720, 640], [776, 640], [776, 690], [720, 690]], '57,', 0.4124929827582162), ([[1146, 588], [1172, 588], [1172, 682], [1146, 682]], '흙', 0.3381247743256246), ([[563, 687], [627, 687], [627, 723], [563, 723]], '+,0', 0.18867543061591804), ([[1115, 665], [1161, 665], [1161, 709], [1115, 709]], '_', 0.11666675985344543), ([[1088, 724], [1143, 724], [1143, 841], [1088, 841]], '봄', 0.43374497383865673), ([[1006, 812], [1058, 812], [1058, 927], [1006, 927]], '흙', 0.43922334912736005), ([[1030, 1268], [1082, 1268], [1082, 1388], [1030, 1388]], '3', 0.030954823132064213), ([[599, 1641], [663, 1641], [663, 1703], [599, 1703]], "사'", 0.19618678329166248), ([[501.5982463119958, 1195.027022708769], [526.3276976556066, 1186.0179513339804], [556.4017536880042, 1274.972977291231], [531.6723023443934, 1282.9820486660196]], '}', 0.06150392407991845)]
[([[485, 1161], [551, 1161], [551, 1297], [485, 1297]], '앗', 0.18140803229648927), ([[964, 1256], [1036, 1256], [1036, 1328], [964, 1328]], '0', 0.5006855254541485), ([[764.431145444232, 96.02702716443629], [816.0632325249326, 101.84087153695559], [803.568854555768, 212.97297283556372], [752.9367674750674, 208.1591284630444]], '지', 0.0018427814385102992), ([[1013.0136060761679, 1279.081636457007], [1092.8042333402814, 1302.4798436489739], [1076.986393923832, 1350.918363542993], [997.1957666597185, 1327.5201563510261]], '@교3', 0.000256699760714664), ([[110.83036444253857, 1551.0402844168093], [362.9671061556145, 1589.1646318869039], [334.16963555746145, 1729.9597155831907], [82.03289384438553, 1691.8353681130961]], '사7시', 0.04445341242586951)]
[([[547, 209], [615, 209], [615, 343], [547, 343]], '앗', 0.14697055528645198), ([[46, 360], [120, 360], [120, 438], [46, 438]], '2 "', 0.19078064596876854), ([[425, 475], [469, 475], [469, 523], [425, 523]], '그', 0.9999567274960306), ([[414, 518], [494, 518], [494, 570], [414, 570]], '그만', 0.9999704130405446), ([[1067, 679], [1199, 679], [1199, 791], [1067, 791]], '칠]칠', 0.010549197886636575), ([[254, 894], [462, 894], [462, 948], [254, 948]], '이 구멍으로', 0.9716374027136442), ([[256, 940], [462, 940], [462, 996], [256, 996]], '수많은 귀름', 0.33295227057285487), ([[810, 966], [840, 966], [840, 1000], [810, 1000]], "(0'", 0.9054319587824833), ([[836, 980], [862, 980], [862, 1012], [836, 1012]], '0', 0.9522334065718638), ([[259, 983], [457, 983], [457, 1043], [259, 1043]], '봉인햇켓지', 0.34829189350633705), ([[87, 1139], [215, 1139], [215, 1183], [87, 1183]], '더렵혀진', 0.5838128924369812), ([[119, 1177], [187, 1177], [187, 1221], [119, 1221]], '일족', 0.9728764223038133), ([[103, 1215], [201, 1215], [201, 1259], [103, 1259]], '같으니', 0.9670903548145976), ([[949, 1399], [1045, 1399], [1045, 1461], [949, 1461]], '닥처', 0.9731314655267708), ([[101, 1486], [235, 1486], [235, 1596], [101, 1596]], '네놓이', 0.21686651059907672), ([[116, 1584], [224, 1584], [224, 1636], [116, 1636]], '알아!!', 0.3941055238246918), ([[962.6471377565017, 205.06551889196743], [1044.6003057437435, 140.01287617077662], [1181.3528622434983, 335.93448110803257], [1098.3996942562565, 400.9871238292234]], '종', 0.10303792587093596)]
[([[104, 135], [165, 135], [165, 290], [104, 290]], '뭐', 0.007534399362701061), ([[1072, 484], [1154, 484], [1154, 534], [1072, 534]], '나의', 0.9997198192487303), ([[1034, 530], [1194, 530], [1194, 586], [1034, 586]], '어머니는', 0.5308403372764587), ([[112, 568], [188, 568], [188, 652], [112, 652]], '[1"\'', 0.05602404475212097), ([[1070, 574], [1154, 574], [1154, 626], [1070, 626]], '대귀', 0.9498061040829822), ([[1052, 620], [1174, 620], [1174, 674], [1052, 674]], '봉인에', 0.963086542080941), ([[1034, 666], [1192, 666], [1192, 720], [1034, 720]], '실패하여', 0.999930739402771), ([[1033, 711], [1193, 711], [1193, 767], [1033, 767]], '범해젓다', 0.6122393012046814), ([[557, 921], [623, 921], [623, 963], [557, 963]], '귀의', 0.999634269240261), ([[541, 959], [639, 959], [639, 1003], [541, 1003]], '아이틀', 0.9743147603435324), ([[1137, 924], [1173, 924], [1173, 1013], [1137, 1013]], '통', 0.00970014650237655), ([[528, 994], [654, 994], [654, 1042], [528, 1042]], '임신하여', 0.9067108156082946), ([[523, 1026], [655, 1026], [655, 1078], [523, 1078]], '나중에는', 0.6840214133262634), ([[546, 1070], [639, 1070], [639, 1110], [546, 1110]], '스스로', 0.6752002239227295), ([[543, 1105], [639, 1105], [639, 1149], [543, 1149]], '목숨올', 0.9679494116282324), ([[526, 1140], [656, 1140], [656, 1188], [526, 1188]], '끊으쇄다', 0.18310777842998505), ([[144, 1478], [240, 1478], [240, 1526], [144, 1526]], '그것이', 0.997011231620558), ([[155, 1517], [226, 1517], [226, 1558], [155, 1558]], '아버', 0.20033119141522607), ([[159, 1553], [223, 1553], [223, 1591], [159, 1591]], '가의', 0.9999847428749291), ([[158, 1588], [224, 1588], [224, 1636], [158, 1636]], '운명', 0.9997646601096635), ([[358.88334943185265, 703.0568244321561], [524.1958969032688, 725.8716000268973], [506.11665056814735, 822.9431755678439], [340.80410309673124, 800.1283999731027]], '(0', 0.0929952634089552), ([[718.4913427360585, 962.0324733412566], [751.8262333955497, 956.0862628631858], [764.5086572639415, 1047.9675266587435], [731.1737666044503, 1053.9137371368142]], '@', 0.29836951176959303), ([[1103.5600113417836, 1025.016154248258], [1148.1376047728425, 1021.1088324263516], [1162.4399886582164, 1172.983845751742], [1117.8623952271575, 1177.8911675736483]], '톱', 0.02493868497029461), ([[411.5073592749357, 1048.024328676851], [453.1817578957375, 1043.1416619841903], [465.4926407250643, 1158.975671323149], [423.8182421042625, 1163.8583380158097]], '봄', 0.10551162187590535)]
[([[641, 357], [695, 357], [695, 399], [641, 399]], '90', 0.07040937673169272), ([[594, 742], [714, 742], [714, 798], [594, 798]], '극극극', 0.983832597732544), ([[610, 790], [692, 790], [692, 840], [610, 840]], '아베', 0.3942447932828659), ([[610, 834], [692, 834], [692, 882], [610, 882]], '가의', 0.9999837313552349), ([[594, 880], [698, 880], [698, 932], [594, 932]], '"구멍\'', 0.9973251819610596), ([[589, 926], [711, 926], [711, 980], [589, 980]], '차분히', 0.9020887017250061), ([[574, 972], [732, 972], [732, 1028], [574, 1028]], '즐겨주지', 0.928278668917777), ([[391, 1143], [521, 1143], [521, 1185], [391, 1185]], '이러다가', 0.9799142039263968), ([[421, 1181], [492, 1181], [492, 1222], [421, 1222]], '저도', 0.9999512785907602), ([[395, 1219], [523, 1219], [523, 1259], [395, 1259]], '어머니와', 0.9686336453952944), ([[406, 1252], [506, 1252], [506, 1300], [406, 1300]], '똑같은', 0.9741358902603151), ([[393, 1291], [493, 1291], [493, 1335], [393, 1335]], '운명에', 0.9962391526202578), ([[81, 1373], [149, 1373], [149, 1524], [81, 1524]], '', 0.0), ([[174.80043986804398, 34.22215535341552], [344.6306197393882, 6.179999786357575], [354.199560131956, 104.77784464658447], [184.3693802606118, 132.82000021364243]], '배로로', 0.019099141766860252)]
[([[183, 206], [409, 206], [409, 366], [183, 366]], '50', 0.06322734782610802), ([[305, 535], [401, 535], [401, 577], [305, 577]], '이것이', 0.9994048206775318), ([[299, 569], [405, 569], [405, 609], [299, 609]], '아베 가', 0.48330259515496765), ([[305, 605], [401, 605], [401, 649], [305, 649]], '비전의', 0.6303507089614868), ([[301, 641], [353, 641], [353, 685], [301, 685]], '"구\'', 0.19185251208988896), ([[285, 679], [353, 679], [353, 723], [285, 723]], '기분', 0.9996907404338645), ([[385, 673], [421, 673], [421, 723], [385, 723]], '군', 0.9999909401145146), ([[1138, 1070], [1192, 1070], [1192, 1122], [1138, 1122]], '맛;', 0.24367042543034068), ([[1124, 1116], [1208, 1116], [1208, 1168], [1124, 1168]], '안돼', 0.5172581318065268), ([[1112, 1162], [1222, 1162], [1222, 1216], [1112, 1216]], '안돼!!', 0.11372815817594528), ([[57, 1183], [101, 1183], [101, 1263], [57, 1263]], '가', 0.3081875873481863), ([[57, 1259], [101, 1259], [101, 1325], [57, 1325]], '0', 0.2466630681455948), ([[345.4180240380207, 645.0425634585406], [378.83143502328016, 639.0873645963286], [393.5819759619793, 720.9574365414594], [360.16856497671984, 726.9126354036714]], '몇', 0.2586631038794316), ([[183.3935926854461, 696.0263158826302], [236.07041806712976, 716.1739394300813], [196.6064073145539, 824.9736841173698], [142.92958193287024, 804.8260605699187]], '9', 0.060461433589708236), ([[143.09847993315887, 985.0582954853234], [198.3543547789871, 975.4078066188362], [214.90152006684113, 1075.9417045146768], [158.6456452210129, 1086.592193381164]], '6', 0.013241130687102809), ([[469.65936159895017, 1212.014530707717], [503.63720290739855, 1217.3504018522574], [486.34063840104983, 1336.985469292283], [452.36279709260145, 1331.6495981477426]], '품', 0.04695846486782451)]
[([[594, 438], [620, 438], [620, 494], [594, 494]], '온', 0.005856114811637392), ([[386, 534], [506, 534], [506, 588], [386, 588]], '싸주지', 0.9591366999832033), ([[386, 581], [506, 581], [506, 633], [386, 633]], '아베의', 0.4380863060473985), ([[388, 628], [506, 628], [506, 680], [388, 680]], '딸이여', 0.9352104290459263), ([[595, 597], [759, 597], [759, 689], [595, 689]], '@', 0.918844796079398), ([[969, 993], [1104, 993], [1104, 1629], [969, 1629]], '#', 0.6089124008946243)]
[([[1751, 219], [1879, 219], [1879, 392], [1751, 392]], '(', 0.43693922002617924), ([[841, 297], [1062, 297], [1062, 564], [841, 564]], '혼"', 0.03273129767264326), ([[928, 1962], [1037, 1962], [1037, 2035], [928, 2035]], '#하', 0.18044904376926266), ([[369.13808917803567, 292.0082550934621], [766.9488794317585, 608.8556497885767], [528.8619108219643, 903.9917449065379], [132.05112056824143, 587.1443502114233]], '당', 0.01856711730857108), ([[1503.5241286692506, 566.0087126705407], [1599.6815239752732, 585.8484423792975], [1540.4758713307494, 864.9912873294593], [1444.3184760247268, 845.1515576207025]], '{', 0.8540810767133031), ([[927.0248357320592, 2039.2844414890012], [1039.7596172083834, 2026.0217077014258], [1043.975164267941, 2086.715558510999], [931.2403827916166, 2100.978292298574]], '#아', 0.5828146094325216)]
[([[157, 101], [297, 101], [297, 269], [157, 269]], '(', 0.014838045572242164), ([[167, 283], [321, 283], [321, 415], [167, 415]], '(위야', 0.0013701068448699885), ([[997, 339], [1095, 339], [1095, 399], [997, 399]], '이제', 0.9995540311811578), ([[975, 395], [1119, 395], [1119, 457], [975, 457]], '이렇게', 0.42127712904581643), ([[975, 451], [1077, 451], [1077, 511], [975, 511]], '되면-', 0.734954777856676), ([[953, 505], [1141, 505], [1141, 569], [953, 569]], '이판사판', 0.9904194474220276), ([[997, 559], [1099, 559], [1099, 619], [997, 619]], '이다', 0.9992904894030195), ([[636, 930], [668, 930], [668, 1000], [636, 1000]], '싸', 0.004527222268495612), ([[363, 1135], [403, 1135], [403, 1173], [363, 1173]], '07', 0.33541069134885776), ([[52, 1082], [203, 1082], [203, 1445], [52, 1445]], '처', 0.007014965162408737), ([[1005, 1289], [1153, 1289], [1153, 1349], [1005, 1349]], '대귀가', 0.9292898757605761), ([[1008, 1346], [1060, 1346], [1060, 1406], [1008, 1406]], '절', 0.9999016547541864), ([[1016, 1400], [1068, 1400], [1068, 1458], [1016, 1458]], '직', 0.999039403923291), ([[1045, 1337], [1157, 1337], [1157, 1467], [1045, 1467]], '{정환', 0.042526047514392255), ([[62.18568707225101, 1371.0555156274324], [107.55760636521504, 1361.2057043214002], [125.81431292774899, 1455.9444843725676], [79.44239363478496, 1465.7942956785998]], '8', 0.023032670653959864)]
[([[107, 179], [207, 179], [207, 243], [107, 243]], '지금', 0.9999114084738541), ([[101, 233], [213, 233], [213, 293], [101, 293]], '이다!', 0.9049388419381761), ([[100, 384], [257, 384], [257, 556], [100, 556]], '101', 0.35281223568400366), ([[959, 719], [1051, 719], [1051, 817], [959, 817]], '오', 0.592134766034611), ([[954, 810], [1052, 810], [1052, 916], [954, 916]], '의', 0.9999976158156301), ([[247, 1109], [315, 1109], [315, 1187], [247, 1187]], '영', 0.9999799729396273), ([[241, 1271], [317, 1271], [317, 1517], [241, 1517]], '혀', 0.005003763829014796), ([[960, 1018], [1056, 1018], [1056, 1426], [960, 1426]], '출', 0.018166211995868986), ([[249, 1517], [313, 1517], [313, 1603], [249, 1603]], '형', 0.9999066613044114)]
[([[231, 243], [313, 243], [313, 305], [231, 305]], '뒷!!', 0.42473292680881153), ([[215, 289], [327, 289], [327, 421], [215, 421]], '약전', 0.24366423793093409), ([[211, 407], [337, 407], [337, 471], [211, 471]], '힘이!!', 0.20884065330028534), ([[406, 748], [570, 748], [570, 896], [406, 896]], '시', 0.06402372951930602), ([[720, 942], [798, 942], [798, 1310], [720, 1310]], '%', 0.025677944676672837), ([[552, 1302], [702, 1302], [702, 1472], [552, 1472]], '시', 0.15151587209574302)]
[([[164, 286], [212, 286], [212, 334], [164, 334]], '돼', 0.741629978638688), ([[129, 327], [226, 327], [226, 388], [129, 388]], '뜻다:', 0.07236099099209249), ([[191, 379], [231, 379], [231, 429], [191, 429]], '인', 0.9999837876023321), ([[139, 369], [247, 369], [247, 483], [139, 483]], '홍다;', 0.014696962215698918), ([[887, 435], [927, 435], [927, 497], [887, 497]], '[?', 0.11329926572322987), ([[789, 537], [811, 537], [811, 557], [789, 557]], '7', 0.7943700429131049), ([[956, 1378], [1172, 1378], [1172, 1604], [956, 1604]], '57', 0.7922524001806148), ([[162, 1562], [216, 1562], [216, 1690], [162, 1690]], '통', 0.00954854550621409), ([[158, 1684], [198, 1684], [198, 1716], [158, 1716]], '(9', 0.9972114402462323), ([[758.4631245078068, 230.02061860148893], [812.6014702879927, 238.9975495200122], [791.5368754921932, 373.97938139851107], [736.3985297120073, 366.00245047998783]], '중', 0.24888410794719906), ([[735.1777649698103, 416.0376381709323], [805.0809502822847, 406.54377475713363], [821.8222350301897, 542.9623618290676], [751.9190497177153, 552.4562252428664]], "'", 0.27536174327935115), ([[1089.228115598632, 580.0599398312445], [1128.7694604870794, 575.3235687127186], [1136.771884401368, 653.9400601687555], [1097.2305395129206, 658.6764312872814]], '지', 0.06941106709804501), ([[1039.25097310286, 879.0564224788761], [1080.6170274018596, 873.2686976019667], [1091.74902689714, 954.9435775211239], [1050.3829725981404, 961.7313023980333]], "'", 0.1078113789181181), ([[592.8895271748007, 1315.1063190305276], [709.7415866378068, 1223.0130981500693], [864.1104728251993, 1455.8936809694724], [747.2584133621932, 1547.9869018499307]], '"', 0.2673228568173869)]
[([[1680, 1198], [1722, 1198], [1722, 1240], [1680, 1240]], '88', 0.10356633540111494), ([[797, 1479], [874, 1479], [874, 1563], [797, 1563]], '5', 0.0364364887197246), ([[801, 1557], [909, 1557], [909, 1712], [801, 1712]], '{', 0.021494834869857593), ([[71, 2071], [115, 2071], [115, 2133], [71, 2133]], '(', 0.9999218002349153), ([[1574, 2080], [1616, 2080], [1616, 2127], [1574, 2127]], '당', 0.18326679451320516), ([[78, 2258], [169, 2258], [169, 2542], [78, 2542]], '8', 0.7941011515100058), ([[841.4748195407873, 704.0172570199674], [901.7868443531486, 730.47619402654], [841.5251804592127, 871.9827429800326], [780.2131556468514, 846.52380597346]], '8', 0.17188101404650524), ([[898.4290466368775, 866.0327057408344], [936.7880434523084, 883.7364548718574], [902.5709533631225, 962.9672942591656], [864.2119565476916, 946.2635451281426]], '8', 0.49696833340522417), ([[678.5694580670755, 1065.0154671323492], [727.7164644076199, 1081.289597436854], [683.4305419329245, 1215.9845328676508], [634.2835355923801, 1199.710402563146]], ';', 0.5864623282759887), ([[1463.5072216723086, 1253.0110432924796], [1551.5455792905273, 1267.5001815631838], [1513.4927783276914, 1497.9889567075204], [1425.4544207094727, 1483.4998184368162]], '틈', 0.02457773645103689), ([[89.46024741984999, 1968.014577267225], [164.77243355934397, 1955.1583294468007], [197.53975258015, 2172.985422732775], [123.22756644065603, 2185.8416705531995]], '@', 0.011303619458814806)]
[([[165, 87], [201, 87], [201, 123], [165, 123]], '0', 0.4269094442527468), ([[243, 113], [285, 113], [285, 157], [243, 157]], '-', 0.33038751934226696), ([[320, 128], [350, 128], [350, 160], [320, 160]], '0', 0.9817120880399131), ([[567, 181], [663, 181], [663, 225], [567, 225]], '네놈의', 0.4639306134511712), ([[581, 219], [621, 219], [621, 257], [581, 257]], '자', 0.9999830723525207), ([[580, 218], [652, 218], [652, 376], [580, 376]], '풀', 0.005000131117149975), ([[1089, 395], [1155, 395], [1155, 437], [1089, 437]], '대귀', 0.9895709155260903), ([[1077, 433], [1165, 433], [1165, 469], [1077, 469]], '"시키"', 0.9997707009315491), ([[1091, 461], [1181, 461], [1181, 556], [1091, 556]], '[온출', 0.1055996934357563), ([[1057, 543], [1191, 543], [1191, 587], [1057, 587]], '속에서 몇', 0.9871736626879688), ([[1075, 579], [1175, 579], [1175, 623], [1075, 623]], '번이나', 0.8298255034468461), ([[1061, 619], [1187, 619], [1187, 657], [1061, 657]], '시키에게', 0.9721398949623108), ([[1056, 652], [1160, 652], [1160, 696], [1056, 696]], '안격다', 0.709864305245181), ([[1034, 1200], [1170, 1200], [1170, 1248], [1034, 1248]], '결정햇다,', 0.232884903566547), ([[1069, 1241], [1137, 1241], [1137, 1283], [1069, 1283]], '나는', 0.9904000250385594), ([[1052, 1273], [1152, 1273], [1152, 1321], [1052, 1321]], '네놈의', 0.8102970331217111), ([[1054, 1314], [1150, 1314], [1150, 1350], [1054, 1350]], '아이로', 0.9983946084976196), ([[93, 1323], [263, 1323], [263, 1387], [93, 1387]], '아니; 꼭', 0.5307570033629536), ([[1034, 1348], [1174, 1348], [1174, 1392], [1034, 1392]], '환생한다!', 0.7854123830067428), ([[84, 1375], [275, 1375], [275, 1442], [84, 1442]], '낳아쥐야', 0.5866327881813049), ([[356, 1396], [470, 1396], [470, 1444], [356, 1444]], '무 무슨', 0.8707482443381194), ([[127, 1435], [231, 1435], [231, 1497], [127, 1497]], '켓다', 0.18351539280230414), ([[343, 1435], [479, 1435], [479, 1479], [343, 1479]], '바보 같은', 0.9442497422730255), ([[398, 1474], [428, 1474], [428, 1516], [398, 1516]], '올', 0.9447921165793218), ([[109, 1487], [231, 1487], [231, 1551], [109, 1551]], '"나름\'', 0.30709662662239756), ([[353, 1461], [489, 1461], [489, 1595], [353, 1595]], '물쥐', 0.20307591714044732), ([[413, 1509], [449, 1509], [449, 1553], [413, 1553]], '짓', 0.9977361869538903), ([[372, 1580], [454, 1580], [454, 1628], [372, 1628]], '않아!', 0.9849753190778395), ([[373.2648405679841, 309.0452086006714], [414.5583146962296, 296.026032750343], [445.7351594320159, 401.9547913993286], [404.4416853037704, 414.973967249657]], '~', 0.13872283867883173), ([[1065.400778482288, 471.0451379831009], [1099.202024012885, 467.1848803069303], [1107.599221517712, 544.954862016899], [1073.797975987115, 547.8151196930696]], '봄', 0.42747510806038136), ([[276.8713347040338, 649.1625379937149], [331.64381672088774, 656.3499697867678], [326.1286652959662, 690.8374620062851], [271.35618327911226, 683.6500302132322]], '시"', 0.02901069947368033), ([[116.21854690504249, 895.2304782391615], [221.64483497098993, 883.8604543546073], [225.7814530949575, 946.7695217608385], [120.35516502901007, 958.1395456453927]], '{미(?', 0.0019836120773106813), ([[908.6345622088046, 1265.01672807597], [944.6579268016208, 1269.3597694138327], [931.3654377911954, 1381.98327192403], [895.3420731983792, 1377.6402305861673]], '@', 0.4541156748384765), ([[343.4421259126164, 1509.0390939795766], [377.1181330715667, 1505.1594559715752], [385.5578740873836, 1587.9609060204234], [351.8818669284333, 1591.8405440284248]], '콩', 0.7854205021524194)]
[([[1045, 175], [1145, 175], [1145, 223], [1045, 223]], '대귀의', 0.8673844822233701), ([[1045, 212], [1146, 212], [1146, 260], [1045, 260]], '정화는', 0.8584359924372775), ([[1025, 243], [1169, 243], [1169, 377], [1025, 377]], '둘질미합', 0.009577292948961258), ([[1058, 282], [1136, 282], [1136, 368], [1058, 368]], "'화해", 0.5952493195479767), ([[1063, 361], [1105, 361], [1105, 444], [1063, 444]], '윗', 0.04967473977759429), ([[1095, 361], [1135, 361], [1135, 405], [1095, 405]], '다', 0.9999898672360565), ([[1122, 323], [1165, 323], [1165, 408], [1122, 408]], '칼', 0.07162151573095432), ([[1096, 400], [1128, 400], [1128, 442], [1096, 442]], '올', 0.987634025710804), ([[93, 435], [225, 435], [225, 475], [93, 475]], '아버 가의', 0.5094282015743475), ([[1030, 432], [1162, 432], [1162, 480], [1030, 480]], "'깨달앉다'", 0.6151310347665468), ([[113, 471], [211, 471], [211, 515], [113, 515]], "'규칙에", 0.9591283798217773), ([[129, 511], [197, 511], [197, 547], [129, 547]], '따라', 0.9998786192340419), ([[93, 545], [229, 545], [229, 589], [93, 589]], '자해틀 할', 0.2982126057024054), ([[115, 582], [198, 582], [198, 624], [115, 624]], "'수도:", 0.9831159710884094), ([[506, 854], [615, 854], [615, 903], [506, 903]], '내 안의', 0.6499715955655198), ([[501, 897], [623, 897], [623, 941], [501, 941]], '"시키"논', 0.808518519652814), ([[462, 930], [630, 930], [630, 978], [462, 978]], '당연히 그것', 0.999509555722211), ([[626, 934], [658, 934], [658, 1006], [626, 1006]], '울', 0.35706241085842194), ([[463, 967], [591, 967], [591, 1009], [463, 1009]], '허락하지', 0.9998470544815063), ([[463, 1041], [529, 1041], [529, 1085], [463, 1085]], '강력', 0.9979353449580721), ([[494, 1002], [592, 1002], [592, 1052], [494, 1052]], '싫다는', 0.9011783224066072), ([[523, 1041], [599, 1041], [599, 1085], [523, 1085]], '한요', 0.9995529355064322), ([[594, 971], [630, 971], [630, 1079], [594, 1079]], '올', 0.8408263558477671), ([[1093, 985], [1137, 985], [1137, 1111], [1093, 1111]], '$', 0.06272013463564008), ([[461, 1074], [592, 1074], [592, 1123], [461, 1123]], '발산하다', 0.5134242177009583), ([[590, 1038], [662, 1038], [662, 1120], [590, 1120]], '가회', 0.09142329782951185), ([[479, 1115], [645, 1115], [645, 1159], [479, 1159]], '몸과 마음을', 0.8496822006772419), ([[496, 1150], [628, 1150], [628, 1198], [496, 1198]], '조종햇다', 0.3910547196865082), ([[241, 1209], [283, 1209], [283, 1257], [241, 1257]], '마', 0.01782689197149523), ([[836, 1190], [920, 1190], [920, 1244], [836, 1244]], '안돼', 0.5447992650472144), ([[684, 1220], [748, 1220], [748, 1274], [684, 1274]], '4', 0.006716972645326502), ([[812, 1236], [982, 1236], [982, 1292], [812, 1292]], '시키 너는', 0.843505362298246), ([[676, 1272], [758, 1272], [758, 1320], [676, 1320]], '*40', 0.21855773039393211), ([[816, 1280], [976, 1280], [976, 1336], [816, 1336]], '태어나서', 0.9971662759780884), ([[811, 1325], [983, 1325], [983, 1387], [811, 1387]], '눈 안되는', 0.59800602625033), ([[813, 1371], [940, 1371], [940, 1427], [813, 1427]], '(아이야', 0.7389365434646606), ([[203.7275335036018, 1158.1646273136869], [235.6279009320807, 1138.0395826365625], [276.27246649639824, 1205.8353726863131], [245.3720990679193, 1226.9604173634375]], '(', 0.2976519102785211), ([[72.49767925433544, 1656.03166610925], [105.81042241614381, 1652.0829583219715], [118.50232074566456, 1742.96833389075], [86.18957758385619, 1746.9170416780285]], '낮', 0.004487940008994551)]
[([[127, 205], [149, 205], [149, 219], [127, 219]], '4', 0.013861073726278761), ([[1083, 239], [1151, 239], [1151, 281], [1083, 281]], '결국', 0.9999071096095654), ([[1071, 277], [1163, 277], [1163, 315], [1071, 315]], '시키의', 0.9998372982549533), ([[1066, 310], [1166, 310], [1166, 358], [1066, 358]], '막강한', 0.9943107157473975), ([[1069, 349], [1163, 349], [1163, 389], [1069, 389]], '요기에', 0.9911998062718893), ([[1049, 385], [1185, 385], [1185, 429], [1049, 429]], '거스틀 수', 0.4252109157951459), ([[1069, 423], [1165, 423], [1165, 467], [1069, 467]], '없없던', 0.030180833756047593), ([[1079, 457], [1150, 457], [1150, 502], [1079, 502]], '나는', 0.989673776247265), ([[225, 535], [319, 535], [319, 579], [225, 579]], '시키틀', 0.7356904886181517), ([[224, 568], [320, 568], [320, 616], [224, 616]], '출산해', 0.9983785094390272), ([[224, 607], [324, 607], [324, 655], [224, 655]], '버려다', 0.1657430537854569), ([[765, 1151], [825, 1151], [825, 1237], [765, 1237]], '7', 0.16470841132434444), ([[477, 1273], [569, 1273], [569, 1531], [477, 1531]], '@', 0.3513416253454693), ([[143, 1412], [264, 1412], [264, 1671], [143, 1671]], '출', 0.017017076892891447), ([[389, 1447], [490, 1447], [490, 1683], [389, 1683]], '푹', 0.039145750237423727), ([[736.338026112608, 64.018272638204], [826.4793610025562, 103.6418946064074], [754.661973887392, 268.981727361796], [664.5206389974438, 229.35810539359258]], '7', 0.810806322391727)]
[([[484, 130], [514, 130], [514, 214], [484, 214]], '7', 0.45549869280350563), ([[583, 187], [619, 187], [619, 223], [583, 223]], '꼭', 0.9999451644785609), ([[551, 219], [649, 219], [649, 261], [551, 261]], '착하게', 0.9966364987830818), ([[1062, 208], [1142, 208], [1142, 292], [1062, 292]], '_짝', 0.0007109196300329192), ([[1111, 211], [1149, 211], [1149, 251], [1111, 251]], '국', 0.9996117730312939), ([[565, 259], [633, 259], [633, 301], [565, 301]], '자락', 0.8607135878214511), ([[553, 295], [647, 295], [647, 335], [553, 335]], '거라고', 0.9399369082949909), ([[1055, 283], [1137, 283], [1137, 323], [1055, 323]], '"시키\'', 0.9997234344482422), ([[567, 331], [633, 331], [633, 373], [567, 373]], '믿고', 0.6133852659188431), ([[1051, 321], [1177, 321], [1177, 361], [1051, 361]], '키우기로', 0.9867563843727112), ([[1080, 354], [1150, 354], [1150, 402], [1080, 402]], '햇다', 0.8988696388645564), ([[364, 672], [484, 672], [484, 720], [364, 720]], '시키의', 0.9997518881410306), ([[315, 711], [533, 711], [533, 823], [315, 823]], '몸질웃늘이', 0.0364105611509788), ([[485, 809], [529, 809], [529, 861], [485, 861]], '국', 0.9999583963906709), ([[407, 857], [451, 857], [451, 901], [407, 901]], '키', 0.9998446763275446), ([[447, 811], [491, 811], [491, 909], [447, 909]], '결', 0.2055100436118531), ([[346, 898], [507, 898], [507, 958], [346, 958]], '넘어서게', 0.9310081601142883), ([[366, 948], [490, 948], [490, 1004], [366, 1004]], '되있다', 0.472480954244268), ([[1124.2619071887366, 249.05477816453487], [1159.8689266695453, 240.07608220591032], [1178.7380928112634, 325.94522183546513], [1143.1310733304547, 334.9239177940897]], '날', 0.10465246688520224), ([[415.57845852759834, 690.1843072583766], [518.2014689141741, 773.0084728938533], [388.42154147240166, 930.8156927416234], [286.79853108582586, 848.9915271061467]], '월', 0.4616250546876053)]
[([[1162, 134], [1216, 134], [1216, 166], [1162, 166]], '안되', 0.3741211177502881), ([[816, 162], [904, 162], [904, 210], [816, 210]], '까아', 0.8036774116440737), ([[1158, 162], [1216, 162], [1216, 190], [1158, 190]], '시키!', 0.7248252071032643), ([[971, 429], [1217, 429], [1217, 589], [971, 589]], ',"5', 0.12536384165287018), ([[377, 757], [501, 757], [501, 813], [377, 813]], '엄마을', 0.2805648262197196), ([[1047, 791], [1175, 791], [1175, 831], [1047, 831]], '기다리고', 0.9998534917831421), ([[351, 803], [524, 803], [524, 856], [351, 856]], '기쁘게 할', 0.7679722762843046), ([[1063, 827], [1161, 827], [1161, 871], [1063, 871]], '있있다', 0.5278594660129035), ([[372, 852], [504, 852], [504, 904], [372, 904]], '수 잎는', 0.19775869761110404), ([[1061, 863], [1161, 863], [1161, 905], [1061, 905]], '이때가', 0.9990702867507935), ([[364, 896], [492, 896], [492, 950], [364, 950]], '이때틀!', 0.20588527619838715), ([[1049, 901], [1145, 901], [1145, 945], [1049, 945]], '오기틀', 0.7236249175505479), ([[968, 1206], [1137, 1206], [1137, 1258], [968, 1258]], '아베 가의', 0.5391653438437294), ([[972, 1254], [1132, 1254], [1132, 1306], [972, 1306]], '저주에서', 0.9814006686210632), ([[970, 1296], [1133, 1296], [1133, 1356], [970, 1356]], '해방시켜', 0.9990462064743042), ([[1000, 1346], [1108, 1346], [1108, 1398], [1000, 1398]], '줄게!!', 0.6122132539749146), ([[110.08828035654085, 21.015990161414067], [365.7386868351903, 163.32304473782995], [254.91171964345915, 357.98400983858596], [-0.7386868351903324, 215.67695526217005]], '`빠', 0.030980602289947125), ([[472.6546544120074, 241.52011985320812], [504.57870443475264, 236.77211877297015], [507.3453455879926, 255.47988014679188], [474.42129556524736, 260.22788122702985]], '하', 0.019204043160300444), ([[130.73934855975583, 1343.0305803309698], [369.80163548929613, 1380.8335364331156], [328.2606514402442, 1600.9694196690302], [89.19836451070387, 1563.1664635668844]], '', 0.0)]
[([[841, 53], [891, 53], [891, 97], [841, 97]], '+', 0.4291752055962661), ([[942, 58], [1070, 58], [1070, 216], [942, 216]], '1', 0.6362934148373967), ([[1139, 211], [1185, 211], [1185, 253], [1139, 253]], '(?', 0.5039512059954957), ([[745, 175], [909, 175], [909, 371], [745, 371]], '5', 0.528924264199361), ([[1186, 862], [1215, 862], [1215, 921], [1186, 921]], "'3", 0.12218399766152639), ([[299, 911], [468, 911], [468, 1010], [299, 1010]], '@ 업', 0.0281625185161829), ([[336, 1016], [390, 1016], [390, 1066], [336, 1066]], '< ', 0.5195589471506953), ([[389, 1039], [413, 1039], [413, 1059], [389, 1059]], '0', 0.9905608579977674), ([[552, 1090], [621, 1090], [621, 1139], [552, 1139]], '그럼', 0.9994718565529204), ([[552, 1128], [620, 1128], [620, 1176], [552, 1176]], '나랑', 0.8771991652306628), ([[100, 1112], [226, 1112], [226, 1244], [100, 1244]], '!?', 0.9073874623520247), ([[539, 1167], [636, 1167], [636, 1210], [539, 1210]], "'하나가", 0.9867905974388123), ([[793, 1159], [857, 1159], [857, 1195], [793, 1195]], '가버', 0.9280404365396154), ([[553, 1205], [621, 1205], [621, 1245], [553, 1245]], '되자', 0.9933155815808564), ([[791, 1193], [859, 1193], [859, 1237], [791, 1237]], '뒷네', 0.09582483032894393), ([[779, 1231], [849, 1231], [849, 1273], [779, 1273]], '엄마:', 0.9925570759195589), ([[657, 1505], [725, 1505], [725, 1545], [657, 1545]], '안돼', 0.49948934372109705), ([[649, 1543], [735, 1543], [735, 1579], [649, 1579]], '시키!!', 0.766588568687439), ([[623, 1571], [754, 1571], [754, 1623], [623, 1623]], '그것만은', 0.9940931797027588), ([[876.9820268028815, 75.13170185094941], [908.5904742490108, 60.04382253162789], [934.0179731971185, 120.86829814905059], [901.4095257509892, 134.95617746837212]], '~', 0.8863509971241825), ([[675.5430712064641, 362.3775281716354], [725.5139942541225, 358.36298048568773], [727.4569287935359, 385.6224718283646], [677.4860057458775, 389.63701951431227]], '10', 0.09018114124171006), ([[472.1715728752538, 404.1715728752538], [569.4010605867514, 383.8945815415348], [575.8284271247462, 419.8284271247462], [478.59893941324856, 440.1054184584652]], "7'0", 0.6900091928280618), ([[1157.2844582472, 1463.0645203596005], [1189.2803261928252, 1466.7136475456343], [1182.7155417528, 1525.9354796403995], [1150.7196738071748, 1522.2863524543657]], '육', 0.022356643275345256)]
[([[238, 578], [265, 578], [265, 625], [238, 625]], '2', 0.07482185995719703), ([[1294, 214], [1844, 214], [1844, 750], [1294, 750]], '법늘', 0.02938873468337052), ([[1252, 652], [1319, 652], [1319, 731], [1252, 731]], '0', 0.9718955928720199), ([[1227, 721], [1371, 721], [1371, 873], [1227, 873]], '(', 0.2120613496756505), ([[1361, 682], [1520, 682], [1520, 989], [1361, 989]], '3', 0.08010144483364812), ([[1488, 980], [1528, 980], [1528, 1017], [1488, 1017]], '2', 0.9274431630896849), ([[243, 1296], [274, 1296], [274, 1334], [243, 1334]], '씨,', 0.0850843844597138), ([[685, 1747], [765, 1747], [765, 1964], [685, 1964]], '군', 0.10806091604539692), ([[1334, 2545], [1502, 2545], [1502, 2706], [1334, 2706]], '다#7', 0.026224222707574192), ([[1204.5607341562313, 351.00804246511444], [1293.9145512822356, 339.15371394116744], [1331.4392658437687, 647.9919575348855], [1242.0854487177644, 659.8462860588326]], '8', 0.2648016668993023), ([[1729.095655952785, 916.8765247622279], [1796.9792346208674, 888.984509858831], [1812.904344047215, 931.1234752377721], [1745.0207653791326, 959.015490141169]], '교-', 0.0016558962735155893), ([[1298.6546544120074, 1377.5201198532081], [1339.6714109594025, 1371.9016442266784], [1342.3453455879926, 1391.4798801467919], [1301.3285890405975, 1397.0983557733216]], '/1', 0.4724148286707401)]
[([[1053, 582], [1118, 582], [1118, 785], [1053, 785]], '{', 0.32899561959638746), ([[501, 935], [547, 935], [547, 973], [501, 973]], '8', 0.005727124478039025), ([[697, 1029], [831, 1029], [831, 1175], [697, 1175]], '행기', 0.000740007592545637), ([[181, 1349], [303, 1349], [303, 1405], [181, 1405]], '엄마름', 0.2616612965054292), ([[138, 1394], [340, 1394], [340, 1447], [138, 1447]], '"아버 가"의', 0.35674005246591756), ([[162, 1442], [322, 1442], [322, 1496], [162, 1496]], '사명에서', 0.6295937299728394), ([[160, 1488], [322, 1488], [322, 1542], [160, 1542]], '해방시켜', 0.9404383247187365), ([[887, 1497], [927, 1497], [927, 1539], [887, 1539]], '산', 0.2957534431406117), ([[188, 1536], [296, 1536], [296, 1588], [188, 1588]], '줄게!', 0.6520187915452103), ([[55.59000168554516, 321.01402460895935], [103.97423917272846, 315.079623488804], [124.40999831445484, 478.98597539104065], [76.02576082727154, 484.920376511196]], '늄', 0.10758191406879636)]
[([[527, 189], [723, 189], [723, 233], [527, 233]], '이걸로 엄마의', 0.5960849730434616), ([[553, 222], [696, 222], [696, 270], [553, 270]], '자궁은 내', 0.7242428073886613), ([[545, 263], [707, 263], [707, 303], [545, 303]], '거야: . 귀의', 0.39761294700820055), ([[543, 299], [709, 299], [709, 343], [543, 343]], '봉인 따위는', 0.8889861133265438), ([[554, 330], [696, 330], [696, 381], [554, 381]], '안해도 돼', 0.8195682806017105), ([[1055, 431], [1104, 431], [1104, 541], [1055, 541]], '@', 0.028253521982847474), ([[191, 613], [329, 613], [329, 657], [191, 657]], '엄마 안에', 0.9396621314380602), ([[160, 648], [358, 648], [358, 696], [160, 696]], '있,올 때부터', 0.2904663211406349), ([[1013, 653], [1079, 653], [1079, 689], [1013, 689]], '시키', 0.9988653425915639), ([[171, 687], [349, 687], [349, 731], [171, 731]], '느껴던 "아버', 0.28204442713041716), ([[164, 720], [354, 720], [354, 768], [164, 768]], '가"의 사명 그', 0.9151372333745311), ([[1024, 684], [1096, 684], [1096, 772], [1024, 772]], '물출', 0.16145324818975895), ([[1029, 727], [1065, 727], [1065, 769], [1029, 769]], '말', 0.9999583963906709), ([[164, 758], [354, 758], [354, 806], [164, 806]], '슬픔으로부터', 0.7185500263708603), ([[1103, 965], [1139, 965], [1139, 1017], [1103, 1017]], '@', 0.43677801217834045), ([[1091, 1241], [1157, 1241], [1157, 1305], [1091, 1305]], '손?', 0.2784218697580486), ([[621, 1295], [691, 1295], [691, 1333], [621, 1333]], '내가', 0.999916971718028), ([[591, 1331], [719, 1331], [719, 1375], [591, 1375]], '구해줄게', 0.9106594324111938), ([[607, 1367], [679, 1367], [679, 1411], [607, 1411]], '엄마:', 0.9759236913831346), ([[878.6138485656879, 135.01065903895233], [933.8677822392318, 142.61440488064375], [908.3861514343121, 329.9893409610477], [853.1322177607682, 322.38559511935625]], '?', 0.39420998806707885), ([[1019.5723575755319, 481.0229254524468], [1050.6010647738535, 484.3344043335461], [1040.427642424468, 581.9770745475531], [1009.3989352261466, 578.6655956664539]], '틈', 0.10421121811660683), ([[933.0593947347958, 1346.0741868292132], [973.6347163275611, 1331.0336665209254], [1003.9406052652042, 1420.9258131707868], [963.3652836724389, 1436.9663334790746]], '중', 0.3082233248360353), ([[220.93798788721148, 1380.04345222398], [438.5629651383393, 1421.6575597338363], [413.0620121127885, 1527.95654777602], [195.43703486166072, 1486.3424402661637]], '5771', 0.21835890412330627), ([[218.2454602204402, 1498.0219157915715], [365.91189301117674, 1606.4890337965644], [299.7545397795598, 1695.9780842084285], [152.08810698882323, 1587.5109662034356]], '{미르', 0.009892387973663694)]
[([[213, 100], [370, 100], [370, 451], [213, 451]], '"', 0.9006900370182258), ([[124.43986355904043, 379.0130801634653], [216.17841482528252, 370.4285835267058], [237.56013644095955, 616.9869198365348], [145.82158517471748, 626.5714164732942]], ';', 0.874275831269987)]
[([[382, 606], [898, 606], [898, 682], [382, 682]], '말풍선 거지끝네 진짜', 0.5681603049194875)]
