2087481
11
[]
[([[760, 98], [934, 98], [934, 150], [760, 150]], '당점 간판', 0.8986416226835441), ([[788, 142], [908, 142], [908, 190], [788, 190]], '소녀인', 0.7475777537637691), ([[766, 186], [926, 186], [926, 240], [766, 240]], '사오장의', 0.9787243008613586), ([[802, 230], [894, 230], [894, 282], [802, 282]], '출산', 0.9784506838008814), ([[759, 270], [938, 270], [938, 331], [759, 331]], '소입니다]', 0.5188162266687472), ([[233, 807], [297, 807], [297, 871], [233, 871]], '09', 0.9990533444877268), ([[20, 830], [223, 830], [223, 890], [20, 890]], '관매하시기', 0.11542423973557867), ([[52, 878], [188, 878], [188, 928], [52, 928]], '전우선', 0.9925215975664251), ([[36, 922], [208, 922], [208, 976], [36, 976]], '주문 부탁', 0.9975162192144827), ([[41, 964], [206, 964], [206, 1021], [41, 1021]], '드립니다', 0.873648464679718), ([[99, 1017], [143, 1017], [143, 1053], [99, 1053]], '~', 0.9990663324612257)]
[([[843, 308], [904, 308], [904, 419], [843, 419]], '물', 0.10611348530787623), ([[889, 363], [931, 363], [931, 407], [889, 407]], '1!', 0.11201633391729342), ([[754, 448], [880, 448], [880, 504], [754, 504]], '아앗]', 0.5546673536300659), ([[164, 662], [212, 662], [212, 710], [164, 710]], '오', 0.9999251379672955), ([[112, 706], [266, 706], [266, 760], [112, 760]], '파수다]!', 0.6832631376003865), ([[411, 719], [485, 719], [485, 787], [411, 787]], '교비', 0.06162098977326938), ([[56, 948], [146, 948], [146, 1000], [56, 1000]], '힘내', 0.8230404949699115), ([[29, 992], [165, 992], [165, 1044], [29, 1044]], '사오장!', 0.6470934152603149)]
[([[182, 46], [268, 46], [268, 98], [182, 98]], '99', 0.536679754040732), ([[35, 119], [211, 119], [211, 231], [35, 231]], '프팎임가', 0.019259490072727203), ([[391, 437], [483, 437], [483, 525], [391, 525]], '08', 0.23250893714294907), ([[428, 510], [460, 510], [460, 540], [428, 540]], '0', 0.6743776847925034), ([[805, 557], [847, 557], [847, 625], [805, 625]], '군', 0.949382383063412), ([[786.4913427360585, 468.0324733412566], [821.0334469595952, 464.1358070206441], [829.5086572639415, 553.9675266587434], [795.9665530404048, 557.864192979356]], '9', 0.26584547624498)]
[([[645, 0], [737, 0], [737, 63], [645, 63]], '0진', 0.0013157340136002807), ([[625, 95], [663, 95], [663, 131], [625, 131]], '터', 0.24753970243708423), ([[120, 318], [146, 318], [146, 354], [120, 354]], '씨1', 0.111137744346771), ([[412, 413], [579, 413], [579, 513], [412, 513]], ';>입', 0.0064452513878627314), ([[809, 451], [851, 451], [851, 503], [809, 503]], '0', 0.4430134442547029), ([[866, 420], [960, 420], [960, 520], [866, 520]], '야파', 0.21889721981346016), ([[796, 566], [844, 566], [844, 614], [796, 614]], '욕', 0.9771934071921216), ([[94, 806], [206, 806], [206, 856], [94, 856]], '오오~', 0.8646012544631958), ([[87, 799], [263, 799], [263, 909], [87, 909]], '원홀로록', 0.03341352194547653), ([[114, 894], [242, 894], [242, 944], [114, 944]], '아기가', 0.9991850815714467), ([[88, 938], [262, 938], [262, 992], [88, 992]], '나오는 겉', 0.7855005808176493), ([[114, 982], [238, 982], [238, 1034], [114, 1034]], '알계네', 0.36484921258211916)]
[([[207, 21], [325, 21], [325, 133], [207, 133]], '|둥"', 0.001647723340624133), ([[356, 420], [536, 420], [536, 544], [356, 544]], '가때때)', 0.0003631613217294216), ([[812, 550], [844, 550], [844, 610], [812, 610]], '4', 0.4423238889658023), ([[828, 612], [852, 612], [852, 662], [828, 662]], '4', 0.4715291209245187), ([[757, 580], [866, 580], [866, 842], [757, 842]], '"', 0.08901320642712562), ([[463, 917], [533, 917], [533, 981], [463, 981]], '리', 0.0027741675664554877), ([[874, 916], [946, 916], [946, 992], [874, 992]], '(훨)', 0.03052609506326288), ([[22.56253746138386, 93.00736260310065], [119.11774561287922, 81.17365392954288], [157.43746253861613, 415.99263739689934], [61.88225438712079, 427.82634607045713]], '7', 0.023834562732440112), ([[870.1752602674111, 343.030961556568], [952.3660226575402, 335.9035726044384], [961.8247397325889, 497.969038443432], [879.6339773424598, 504.0964273955616]], '떼', 0.019193550351120914)]
[([[239, 19], [325, 19], [325, 123], [239, 123]], '{하', 0.04555949670034721), ([[140, 94], [240, 94], [240, 250], [140, 250]], '씨', 0.11155026085033626), ([[880, 942], [954, 942], [954, 1022], [880, 1022]], '(5', 0.017280965692621435), ([[530.0769230769231, 199.3846153846154], [560.6201736729461, 171.03861061643167], [613.9230769230769, 232.6153846153846], [583.3798263270539, 260.96138938356836]], '초', 0.0443489095804781), ([[370.98668307976584, 399.0428603412368], [576.5212519955688, 436.6442955352712], [553.0133169202342, 540.9571396587631], [347.47874800443117, 503.3557044647288]], '대되', 0.007697350490866323), ([[653.1067444385466, 777.050025503064], [716.669541679819, 765.4585447545113], [734.8932555614534, 881.949974496936], [671.330458320181, 893.5414552454887]], '춤', 0.010382066600472806)]
[([[600, 2], [706, 2], [706, 100], [600, 100]], '[', 0.2860914946583968), ([[47, 177], [159, 177], [159, 393], [47, 393]], '', 0.0), ([[580, 260], [654, 260], [654, 346], [580, 346]], '|', 0.010742714734617076), ([[848.0217486822804, -20.95641475845908], [978.3674524985884, 16.32359840475589], [946.9782513177196, 112.95641475845908], [816.6325475014116, 73.67640159524412]], '내@', 0.0029042641036445046), ([[54.46312450780684, 340.02061860148893], [111.8979670684267, 334.26221690708525], [125.53687549219316, 483.97938139851107], [68.1020329315733, 489.73778309291475]], '무', 0.00968206963248286), ([[867.5031021395037, 397.01235300402374], [946.8358862132843, 408.2470459539555], [917.4968978604963, 617.9876469959763], [837.1641137867157, 606.7529540460446]], '7', 0.1103246799205273)]
[([[354, 8], [466, 8], [466, 112], [354, 112]], '|', 0.22163640410531116), ([[455, 63], [475, 63], [475, 91], [455, 91]], '<', 0.7514535488817273), ([[721, 11], [835, 11], [835, 123], [721, 123]], '[', 0.5124532486615898), ([[710, 310], [738, 310], [738, 342], [710, 342]], '씨', 0.6983473280560162), ([[827, 325], [937, 325], [937, 565], [827, 565]], '쥐', 0.012951665300797721), ([[802, 910], [924, 910], [924, 1010], [802, 1010]], '[가', 0.04642881807704015), ([[462, 1064], [518, 1064], [518, 1128], [462, 1128]], '4', 0.9933208073485709), ([[577, 1055], [675, 1055], [675, 1139], [577, 1139]], '12', 0.4906304947195168), ([[644.1964926239916, 253.05404541753805], [686.5289064337826, 234.02335729825654], [731.8035073760084, 338.9459545824619], [689.4710935662174, 358.97664270174346]], '빚', 0.0016722191373142042), ([[713.4457792105735, 428.01922063225857], [774.8139361232796, 412.04151346126537], [816.5542207894265, 587.9807793677414], [755.1860638767204, 603.9584865387346]], '{', 0.2527568226941277)]
[([[618, 0], [754, 0], [754, 124], [618, 124]], '씨교', 0.0007262092684778222), ([[128, 376], [178, 376], [178, 426], [128, 426]], '(', 0.7436616866161927), ([[151, 543], [191, 543], [191, 587], [151, 587]], '@', 0.9938985480389739), ([[804, 496], [860, 496], [860, 580], [804, 580]], '몇', 0.0075035166965964906), ([[813, 593], [855, 593], [855, 639], [813, 639]], '애', 0.16903607086737793), ([[739, 659], [855, 659], [855, 777], [739, 777]], '@', 0.016735229235145477), ([[642, 1036], [674, 1036], [674, 1074], [642, 1074]], '거', 0.014271268735248421), ([[656.5249075479514, 884.016140954887], [712.8611418375389, 896.161200148112], [679.4750924520486, 1044.983859045113], [623.1388581624611, 1031.838799851888]], '벼', 0.07809981439714253)]
[([[637, 71], [653, 71], [653, 107], [637, 107]], '8', 0.9372980720399937), ([[892, 32], [944, 32], [944, 104], [892, 104]], '(', 0.9089850014243552), ([[96, 96], [208, 96], [208, 148], [96, 148]], '아기 .', 0.5512515902519226), ([[76, 138], [244, 138], [244, 194], [76, 194]], '태어낫다', 0.8093653917312622), ([[12, 408], [174, 408], [174, 462], [12, 462]], '다음에도', 0.7697907090187073), ([[28, 452], [155, 452], [155, 504], [28, 504]], '방문해', 0.9999208510769341), ([[903, 469], [943, 469], [943, 523], [903, 523]], '못', 0.29528283614149586), ([[12, 494], [136, 494], [136, 548], [12, 548]], '주세요', 0.9959680530965543), ([[814, 612], [904, 612], [904, 668], [814, 668]], '하앗', 0.23374189977693982), ([[809, 783], [855, 783], [855, 819], [809, 819]], '-', 0.3225333626289739), ([[44, 928], [160, 928], [160, 978], [44, 978]], '이 이후', 0.9900153159813572), ([[48, 966], [154, 966], [154, 1014], [48, 1014]], '가게능', 0.3855902317957388), ([[64, 1004], [140, 1004], [140, 1052], [64, 1052]], '엄청', 0.7315494971493538), ([[32, 1040], [174, 1040], [174, 1090], [32, 1090]], '번장없다 ', 0.25811853863624545), ([[668.0446053670523, 108.07655327572412], [710.2291789247362, 96.1272562484828], [731.9553946329477, 181.9234467242759], [689.7708210752638, 193.87274375151722]], '{', 0.010707711814021081), ([[336.02871413764274, 791.2516854477569], [348.4850712500727, 780.0597149997093], [377.97128586235726, 812.7483145522431], [365.5149287499273, 823.9402850002907]], '8', 0.9889945286886359), ([[368.7355467831087, 803.0116786491283], [475.55569393809054, 898.4288766774033], [455.2644532168913, 921.9883213508717], [348.44430606190946, 826.5711233225967]], ">이 그'", 0.007557410031786638), ([[640.3675444679664, 808.102633403899], [654.8382900600361, 818.2121614028416], [637.6324555320336, 841.897366596101], [623.1617099399639, 831.7878385971584]], '8', 0.9863921406970491)]
