2087524
22
[([[554, 24], [1024, 24], [1024, 104], [554, 104]], '$나물여기서뷰터늄', 0.0561758502662328), ([[647, 83], [855, 83], [855, 151], [647, 151]], '음이야', 0.7658664403288314), ([[485, 130], [1097, 130], [1097, 218], [485, 218]], '@이맞흘없야(아마도', 0.0827563181290095)]
[([[462, 52], [1042, 52], [1042, 130], [462, 130]], '잡잠깐 근런용활으면)', 0.06301010108159251), ([[572, 110], [684, 110], [684, 186], [572, 186]], '하웃<', 0.3796936267650808), ([[720, 108], [890, 108], [890, 184], [720, 184]], '잔잠깐', 0.08662154610815376)]
[([[572, 38], [630, 38], [630, 92], [572, 92]], '앗', 0.11761481585992684), ([[671, 35], [777, 35], [777, 99], [671, 99]], '아양_', 0.45249243758583635), ([[824, 30], [1034, 30], [1034, 110], [824, 110]], '보잡안쪽', 0.08709508925676346), ([[607, 81], [942, 81], [942, 159], [607, 159]], '몰름탤름거력서', 0.08421162261274462), ([[550, 136], [1003, 136], [1003, 220], [550, 220]], '보지워어버레안되앗', 0.04319160658571426)]
[([[613, 19], [818, 19], [818, 103], [613, 103]], '흥아안앗_', 0.03647564673892122), ([[854, 26], [966, 26], [966, 98], [854, 98]], '자짓', 0.1508159541792146), ([[558, 68], [1069, 68], [1069, 224], [558, 224]], '뜨쳐다리오다요유금고', 1.2617619431010404e-05)]
[([[652, 14], [712, 14], [712, 70], [652, 70]], '앗', 0.17049482765249113), ([[750, 6], [904, 6], [904, 82], [750, 82]], '대단해', 0.9646069492764067), ([[600, 62], [852, 62], [852, 134], [600, 134]], '퍼음인데도', 0.07378518477580988), ([[628, 118], [924, 118], [924, 194], [628, 194]], '리분좋아아아', 0.7056660070577793)]
[([[574, 10], [820, 10], [820, 82], [574, 82]], '@아아앗', 0.47512245178222656), ([[863, 6], [1018, 6], [1018, 82], [863, 82]], '젖꼭지', 0.35672918816681043), ([[611, 69], [863, 69], [863, 135], [611, 135]], '젖꼭숙좋야', 0.009545306841214948), ([[909, 67], [1027, 67], [1027, 135], [909, 135]], '좀데', 0.22512341198525132), ([[620, 120], [968, 120], [968, 196], [620, 196]], '안쪽까지범해쥐', 0.4422465050218801), ([[800, 182], [898, 182], [898, 238], [800, 238]], '나앗', 0.908450943519078)]
[([[519, 25], [579, 25], [579, 85], [519, 85]], '앗', 0.33909808036334255), ([[618, 16], [1028, 16], [1028, 92], [618, 92]], '무권이짓3)짓3', 0.016800255992879716), ([[470, 74], [1074, 74], [1074, 150], [470, 150]], '안까체들어오)집운에직접', 0.01675479306780671), ([[530, 130], [1016, 130], [1016, 206], [530, 206]], '정액들어오버려어어)', 0.4912616420839699)]
[]
[([[806, 20], [1004, 20], [1004, 96], [806, 96]], '이렇균(', 0.021691109985113144), ([[811, 83], [913, 83], [913, 143], [811, 143]], '보제', 0.678028147302751), ([[448, 127], [887, 127], [887, 212], [448, 212]], '분서여버로어3이9', 0.005925266956607905), ([[916, 129], [1078, 129], [1078, 209], [916, 209]], '아앗이', 0.2500718867625406), ([[44, 194], [397, 194], [397, 298], [44, 298]], '(라걸리다)', 0.0006582092809622781), ([[511.3094885697508, -37.984098036408305], [831.9837068544341, 92.30105157530336], [778.6905114302492, 208.9840980364083], [459.01629314556595, 77.69894842469664]], '해하훌음어하드', 0.0020156929095099486)]
[]
[([[552, 24], [1024, 24], [1024, 104], [552, 104]], '나나물여기서뷰터늄', 0.04937893287947306), ([[647, 82], [856, 82], [856, 155], [647, 155]], '처음이야:', 0.4056906014441335), ([[485, 128], [1097, 128], [1097, 219], [485, 219]], '@이제맞흘터야오아마도요', 0.004488498941910446)]
[([[462, 52], [1042, 52], [1042, 132], [462, 132]], '잡잠깐악근런국활으면)', 0.05715916695486728), ([[572, 110], [684, 110], [684, 186], [572, 186]], '하웃<', 0.30181154350726586), ([[720, 108], [890, 108], [890, 184], [720, 184]], '잔잠깐', 0.10183836058259058)]
[([[570, 38], [630, 38], [630, 94], [570, 94]], '앗', 0.35605012268332814), ([[669, 33], [780, 33], [780, 102], [669, 102]], '아양', 0.9164329746194945), ([[824, 30], [1034, 30], [1034, 110], [824, 110]], '보잡안쪽', 0.10479167848825455), ([[605, 81], [942, 81], [942, 161], [605, 161]], '떨름펼름커력서', 0.05476013158134595), ([[550, 136], [1003, 136], [1003, 220], [550, 220]], '보지워어버레안돼앗', 0.029055274522891125)]
[([[615, 23], [816, 23], [816, 101], [615, 101]], '흩아아앗_', 0.058318827473466964), ([[854, 26], [966, 26], [966, 98], [854, 98]], '자짓', 0.1043593049784783), ([[556, 68], [1069, 68], [1069, 224], [556, 224]], '뜨뛰다리요중중멍고', 7.128615009722239e-05)]
[([[651, 13], [713, 13], [713, 73], [651, 73]], '앗', 0.616226725603358), ([[752, 6], [904, 6], [904, 82], [752, 82]], '대단해', 0.9962879254435929), ([[603, 65], [851, 65], [851, 133], [603, 133]], '엿음인데도_', 0.1257301671858585), ([[896, 72], [948, 72], [948, 122], [896, 122]], '안', 0.8383207437675289), ([[630, 118], [924, 118], [924, 194], [630, 194]], '리분좋아아아-', 0.7705499341534227)]
[([[574, 10], [820, 10], [820, 82], [574, 82]], '@아아앗', 0.5783745050430298), ([[862, 6], [1016, 6], [1016, 82], [862, 82]], '젖꼭지', 0.3956452872321773), ([[611, 69], [863, 69], [863, 135], [611, 135]], '젖꼭젠좋야', 0.008516792970974685), ([[909, 67], [1027, 67], [1027, 135], [909, 135]], '좀데', 0.261147439006819), ([[620, 119], [968, 119], [968, 197], [620, 197]], '안쪽까지범햇쥐', 0.192685005236369), ([[804, 182], [898, 182], [898, 236], [804, 236]], '나앗', 0.8971414729616446)]
[([[519, 25], [579, 25], [579, 85], [519, 85]], '앗', 0.32631392085278677), ([[618, 18], [878, 18], [878, 92], [618, 92]], '무런이간3', 0.015682113578020466), ([[914, 18], [1028, 18], [1028, 90], [914, 90]], '자궁', 0.31160945842141347), ([[470, 72], [1074, 72], [1074, 152], [470, 152]], '안까체들어오)손하에 직접', 0.010491058213871493), ([[530, 130], [1016, 130], [1016, 206], [530, 206]], '정액들어와버려어어)', 0.3970770174542374)]
[]
[([[745, 31], [791, 31], [791, 75], [745, 75]], '이', 0.9997776870321253), ([[804, 20], [1004, 20], [1004, 96], [804, 96]], '이렇에뇨(', 0.0457693656201735), ([[811, 83], [913, 83], [913, 143], [811, 143]], '보제', 0.611661312628271), ([[448, 127], [885, 127], [885, 212], [448, 212]], '분서여버워어표이9', 0.006955127298093303), ([[915, 128], [1079, 128], [1079, 212], [915, 212]], '아앗이', 0.34227378054843366), ([[44, 194], [397, 194], [397, 298], [44, 298]], '(라걸리다)', 0.00044186629997797347), ([[511.30629857907667, -37.983950691943996], [831.9875207965086, 91.38826445728536], [779.6937014209234, 207.983950691944], [459.01247920349135, 78.61173554271464]], '해하운-어하드', 0.004788328395471542)]
[]
[]
[]
