2087494
22
[([[139, 109], [373, 109], [373, 857], [139, 857]], '5', 0.5144378001714358), ([[1033, 1563], [1103, 1563], [1103, 1605], [1033, 1605]], '5이', 0.13993809261821138), ([[1038, 1594], [1240, 1594], [1240, 1642], [1038, 1642]], '오물이내거', 0.0020696715966937763), ([[1016, 1642], [1246, 1642], [1246, 1766], [1016, 1766]], '처18', 0.06439052707097775)]
[]
[([[1088, 164], [1138, 164], [1138, 358], [1088, 358]], '호', 0.01116336152153169), ([[182, 684], [1084, 684], [1084, 781], [182, 781]], '코이시장이 축수에 잡현습니다', 0.3048760921336674), ([[102, 1446], [150, 1446], [150, 1572], [102, 1572]], '흙', 0.08031216426618304)]
[([[549, 555], [647, 555], [647, 617], [549, 617]], '잠깐', 0.9999710030913613), ([[522, 608], [682, 608], [682, 662], [522, 662]], '이거 놔:', 0.3703525456245325), ([[57.29632375007146, 27.0085385029439], [258.8689483521046, -26.74075918706301], [382.70367624992855, 496.9914614970561], [181.13105164789536, 550.740759187063]], '국', 0.18554729338966158), ([[109.4597040961579, 1256.0292776846527], [150.02535414200045, 1250.1062643222706], [165.5402959038421, 1357.9707223153473], [125.97464585799953, 1364.8937356777294]], '7', 0.7847352075768868)]
[([[471, 235], [567, 235], [567, 297], [471, 297]], '싫엇:', 0.5872685324338326), ([[486, 290], [578, 290], [578, 346], [486, 346]], '그만', 0.9999940994463072), ([[88, 162], [256, 162], [256, 548], [88, 548]], '북', 0.004990761928226617), ([[343, 1011], [531, 1011], [531, 1295], [343, 1295]], '4', 0.1348937055536945), ([[1052, 1234], [1154, 1234], [1154, 1384], [1052, 1384]], '벼', 0.17643093230415818), ([[42, 1430], [170, 1430], [170, 1620], [42, 1620]], '>', 0.07846852521328529)]
[([[466, 1432], [558, 1432], [558, 1488], [466, 1488]], '가슴', 0.9990000860630699), ([[448, 1480], [576, 1480], [576, 1536], [448, 1536]], '안에서', 0.9831914837853001), ([[466, 1528], [558, 1528], [558, 1584], [466, 1584]], '알이', 0.9986982478574941), ([[448, 1576], [578, 1576], [578, 1630], [448, 1630]], '커지고', 0.9993443281200247), ([[435, 1625], [593, 1625], [593, 1685], [435, 1685]], '있어..!?', 0.4988217723765677), ([[938.1630303860264, 104.02697098341004], [1030.8130907839966, 75.12705543362411], [1089.8369696139735, 284.97302901659], [997.1869092160034, 313.8729445663759]], '콩', 0.004872697975161211)]
[([[171, 175], [355, 175], [355, 431], [171, 431]], '(', 0.2261665066790819), ([[953, 1177], [1161, 1177], [1161, 1471], [953, 1471]], '죽', 0.06009570963763289), ([[882.403400250775, 358.0111267207716], [998.3885542155806, 347.61362317187996], [1023.596599749225, 657.9888732792284], [906.6114457844194, 669.3863768281201]], '특', 0.047315267417360696), ([[9.245938841699314, 504.0624104092679], [225.70059895876832, 348.39173040558194], [321.75406115830066, 514.9375895907322], [105.29940104123168, 670.6082695944181]], '배', 0.06977427447876128)]
[([[584, 178], [618, 178], [618, 210], [584, 210]], '디', 0.1269559384855123), ([[564, 210], [640, 210], [640, 258], [564, 258]], '뛰야', 0.8149973699879578), ([[455, 736], [559, 736], [559, 901], [455, 901]], '숫', 0.02319824043282015), ([[827, 917], [970, 917], [970, 978], [827, 978]], '배 안에', 0.9929267764091492), ([[831, 965], [968, 965], [968, 1030], [831, 1030]], '들어와', 0.967995187004885), ([[897, 1021], [941, 1021], [941, 1065], [897, 1065]], '?!', 0.8222459194530272), ([[17, 1087], [77, 1087], [77, 1191], [17, 1191]], '무', 0.016539401424381595), ([[46, 1182], [94, 1182], [94, 1244], [46, 1244]], '0', 0.11492953823355467), ([[381, 1523], [469, 1523], [469, 1655], [381, 1655]], '지', 0.18729483754492549)]
[([[806, 40], [1122, 40], [1122, 358], [806, 358]], '(셈', 0.03466188662576994), ([[935, 1186], [1169, 1186], [1169, 1565], [935, 1565]], '기', 0.8524104095109841)]
[([[430, 482], [482, 482], [482, 538], [430, 538]], '웃', 0.334141133477317), ([[409, 529], [537, 529], [537, 589], [409, 589]], '그곳에', 0.8959439830808631), ([[409, 577], [539, 577], [539, 637], [409, 637]], '축수가', 0.5093072603173676), ([[118, 1227], [257, 1227], [257, 1543], [118, 1543]], '주', 0.6281894947382085), ([[796.8800492552466, 1404.025098391999], [1037.8489251785409, 1472.8547243415744], [974.1199507447534, 1676.974901608001], [733.1510748214591, 1608.1452756584256]], '귀', 0.004032389353466004)]
[([[994, 280], [1098, 280], [1098, 538], [994, 538]], '국', 0.36212151793367653), ([[825, 813], [933, 813], [933, 1001], [825, 1001]], '"', 0.01197596693853914), ([[655, 1391], [741, 1391], [741, 1601], [655, 1601]], '7', 0.024330059737348586), ([[23, 1579], [87, 1579], [87, 1689], [23, 1689]], '"', 0.08996485576462021), ([[80.5655566200314, 52.00858248679446], [166.59345101128076, 62.004990855083534], [134.4344433799686, 326.99141751320553], [49.406548988719244, 316.9950091449165]], '"', 0.639074336262869), ([[378.59263216024647, 1335.0450616998446], [508.6786891634227, 1251.0104711051042], [667.4073678397535, 1534.9549383001554], [536.3213108365773, 1618.9895288948958]], '품', 0.2781485143537452)]
[([[360, 190], [494, 190], [494, 244], [360, 244]], '귀 안에', 0.8289021849632263), ([[839, 189], [899, 189], [899, 261], [839, 261]], '판', 0.23828573862447744), ([[359, 235], [501, 235], [501, 295], [359, 295]], '들어와!', 0.7253052592277527), ([[501, 465], [557, 465], [557, 503], [501, 503]], '그런', 0.9998110187618839), ([[500, 496], [532, 496], [532, 532], [500, 532]], '건', 0.9999202505753466), ([[65, 503], [179, 503], [179, 619], [65, 619]], '개', 0.04177460380848452), ([[90, 1408], [120, 1408], [120, 1442], [90, 1442]], '앗', 0.5104778983077587), ([[244, 1580], [272, 1580], [272, 1642], [244, 1642]], '욕', 0.038572416302727675)]
[([[134, 1432], [180, 1432], [180, 1462], [134, 1462]], '아:', 0.6311634473302389), ([[199, 1429], [245, 1429], [245, 1471], [199, 1471]], '돼', 0.5576798908373917), ([[129, 1467], [279, 1467], [279, 1521], [129, 1521]], '이상하게', 0.9990447759628296), ([[600, 1682], [630, 1682], [630, 1706], [600, 1706]], '12', 0.8710652919268113), ([[914.2746492274255, 678.0071105987012], [1312.2363520516508, 1017.521578375832], [1103.7253507725745, 1261.9928894012987], [706.7636479483492, 922.478421624168]], '사', 0.03489011049354307)]
[([[993, 197], [1089, 197], [1089, 237], [993, 237]], '어라:.', 0.5541712685018845), ([[117, 215], [256, 215], [256, 259], [117, 259]], '그러니까', 0.9998456239700317), ([[1009, 235], [1063, 235], [1063, 271], [1009, 271]], '나:', 0.5319313724907497), ([[585, 1419], [679, 1419], [679, 1479], [585, 1479]], '언니', 0.9997387838266762), ([[628, 1676], [656, 1676], [656, 1700], [628, 1700]], '13', 0.9998556922405994)]
[([[603, 1687], [629, 1687], [629, 1707], [603, 1707]], '14', 0.9999971340155042)]
[([[122, 128], [226, 128], [226, 388], [122, 388]], '"', 0.10108000478238921), ([[1075, 359], [1183, 359], [1183, 511], [1075, 511]], '0', 0.6447594682106548), ([[678, 448], [986, 448], [986, 668], [678, 668]], '/새', 0.0833924200242795), ([[783, 1191], [1135, 1191], [1135, 1549], [783, 1549]], '4울', 0.08031989349474328), ([[627, 1677], [653, 1677], [653, 1697], [627, 1697]], '15', 0.9990286533741636)]
[([[734, 897], [928, 897], [928, 1149], [734, 1149]], '+', 0.006628413962357138), ([[691, 1423], [819, 1423], [819, 1535], [691, 1535]], '세', 0.19774621778202572), ([[605, 1685], [631, 1685], [631, 1705], [605, 1705]], '16', 0.9998548493393633)]
[([[547, 347], [765, 347], [765, 557], [547, 557]], '의', 0.2229251140021029), ([[363, 1452], [522, 1452], [522, 1736], [363, 1736]], '빚', 0.05597840203616067), ([[480, 1690], [556, 1690], [556, 1790], [480, 1790]], '성', 0.15711604698875536)]
[([[628, 181], [999, 181], [999, 442], [628, 442]], '0#:"', 0.0174704696983099), ([[1158, 946], [1260, 946], [1260, 1092], [1158, 1092]], '0', 0.9575484703462145), ([[140, 1140], [312, 1140], [312, 1314], [140, 1314]], '채', 0.3225800105556722), ([[224, 1360], [352, 1360], [352, 1504], [224, 1504]], '채', 0.07163893584130054), ([[881.213921804281, 554.0665521773653], [1206.4273993519182, 527.9082948362845], [1209.786078195719, 735.9334478226347], [883.5726006480817, 762.0917051637155]], '0위공', 0.5343652548980576), ([[413.65962103091647, 1345.0692852394293], [497.46039026598044, 1412.2934282120184], [399.34037896908353, 1534.9307147605707], [314.53960973401956, 1466.7065717879816]], ')', 0.003355968216299257)]
[([[539, 139], [751, 139], [751, 203], [539, 203]], '8 *0 .', 0.0651656504888128), ([[111, 334], [1038, 334], [1038, 378], [111, 378]], "초0 : ( (05*0  ( < 군 > 0+30 '71규처7 : | 3 5 {학.", 0.0003182166069012314), ([[113, 369], [425, 369], [425, 409], [113, 409]], '벼? 안 # ( * 학 ', 0.027744391404000496), ([[111, 460], [1042, 460], [1042, 508], [111, 508]], "속미나다 ##되* |#기#<# ( 귀스소+-0 $ $ 5 . [치줄 $ ! '? 빨금 7 #문록-", 0.0002553673695971093), ([[115, 497], [1140, 497], [1140, 539], [115, 539]], '노톱? <+-0간달7"   #습못습] |- 군 - * 문-소? 까((*0 +*731}', 0.0005441065312934016), ([[113, 526], [1054, 526], [1054, 575], [113, 575]], '닷5 #스 소요=7 7 7 ") 0튿 뉴 (속옥하* 7{량 {미름 > <소02', 0.00012048583696054543), ([[113, 563], [695, 563], [695, 603], [113, 603]], "#마느? 0틈:댁표) * (? 군20) 6'''", 0.006555109890987756), ([[113, 659], [1091, 659], [1091, 701], [113, 701]], '속없0후숲0화)   통그 ? , ##초흙 [ 가#로#73 > ~) 다}-}긋름등기탕]|', 4.338007960398224e-05), ([[113, 691], [1152, 691], [1152, 732], [113, 732]], '# ( 1소디 - 주 노문? < 300 * 72공 료 -7*7) 종 _ [7 <흐12 5 ;', 0.00038889016779050526), ([[115, 723], [477, 723], [477, 763], [115, 763]], '감 3 0 < #*7* < 국화', 0.015225131975058728), ([[113, 785], [1091, 785], [1091, 829], [113, 829]], '근차다 나 ? 3 0골표등7# 0눕#* 속미쑤 자  최 *## ( ( < +#한-2', 0.0001262618697403955), ([[111, 819], [249, 819], [249, 859], [111, 859]], '콤돈## __스로', 0.0002745404719716785), ([[269, 819], [313, 819], [313, 859], [269, 859]], '#*', 0.11618008390169915), ([[111, 851], [179, 851], [179, 891], [111, 891]], '솟5', 0.10063029311188451), ([[275, 853], [311, 853], [311, 891], [275, 891]], '#꽃', 0.13204501667569607), ([[113, 913], [475, 913], [475, 957], [113, 957]], '호59"5 5 -"한 : 루+?', 0.034757592180039695), ([[113, 1013], [247, 1013], [247, 1053], [113, 1053]], '맥? >', 0.07661756128072739), ([[625, 1679], [651, 1679], [651, 1699], [625, 1699]], '19', 0.9999928350432712)]
[([[111, 1201], [191, 1201], [191, 1245], [111, 1245]], '및시', 0.01096697436699202), ([[112, 1274], [270, 1274], [270, 1322], [112, 1322]], '-나템', 0.03370538427043239), ([[110, 1312], [466, 1312], [466, 1360], [110, 1360]], '쭉구타: 2016-5 *8타', 0.024189043675386115), ([[110, 1348], [494, 1348], [494, 1398], [110, 1398]], '쫓13 분플플구#- {스 ', 0.0021381057504807326), ([[108, 1386], [548, 1386], [548, 1434], [108, 1434]], "민듯다 : 소표주 ' [ :]뜻미구*", 0.0016890461927532338), ([[110, 1424], [582, 1424], [582, 1472], [110, 1472]], '#-) ):?"릇- ) >구저', 0.036421561606362875), ([[108, 1466], [534, 1466], [534, 1514], [108, 1514]], '되@마명라수_763@밥하}0어. %어. ;명', 5.3826124754062525e-05), ([[110, 1500], [358, 1500], [358, 1548], [110, 1548]], '쓸픔 : 지?>', 0.06288352938741856), ([[109, 1535], [488, 1535], [488, 1586], [109, 1586]], '티템] -횟추: + 4 {#터#*', 0.016942650670995603), ([[108, 1612], [344, 1612], [344, 1660], [108, 1660]], '뛰따#-축층-', 0.00020672497721663355), ([[604, 1682], [632, 1682], [632, 1706], [604, 1706]], '20', 0.9894522638413948)]
[([[330, 798], [783, 798], [783, 888], [330, 888]], '묘,.$.물+.어', 0.00022993066020791632), ([[820, 804], [930, 804], [930, 900], [820, 900]], '6리', 0.0727876705966438), ([[478, 888], [782, 888], [782, 990], [478, 990]], '후  &-', 0.03936991219444409), ([[380, 992], [864, 992], [864, 1090], [380, 1090]], '7 > ^ > 즈', 0.25169056986946897), ([[256, 1095], [663, 1095], [663, 1182], [256, 1182]], '붙5닦왕.어4', 0.00013470169873888908), ([[696, 1094], [999, 1094], [999, 1181], [696, 1181]], "0*;5'$", 0.035302483453934386), ([[526, 1186], [734, 1186], [734, 1276], [526, 1276]], '2016', 0.9999023675918579)]
