220558
48
[([[890, 120], [1046, 120], [1046, 146], [890, 146]], '회어신-.7-신타1', 0.00018035731543444318), ([[884, 146], [1046, 146], [1046, 172], [884, 172]], '씨시이 씨표장-바74', 8.365588615730784e-05), ([[851, 223], [1051, 223], [1051, 261], [851, 261]], '$ 미 [ [ [', 0.08055003215903676), ([[49, 283], [205, 283], [205, 327], [49, 327]], '프로직트거', 0.17850130444133985), ([[902, 302], [1046, 302], [1046, 326], [902, 326]], '5들8 서발신_. 0시', 0.0001075482124615203), ([[59, 325], [177, 325], [177, 345], [59, 345]], '19금 망가 한글화림', 0.4132396649296754), ([[601, 1423], [1069, 1423], [1069, 1507], [601, 1507]], '(척자: @이:', 0.03873334082257743), ([[10, 1538], [565, 1538], [565, 1586], [10, 1586]], '6오:[|>   5형미(;0오`_형첫|.(>`버4`감"싶3', 6.64285250499048e-08), ([[575, 1489], [1099, 1489], [1099, 1577], [575, 1577]], '식기: 라입보이 $', 0.2571861679247295), ([[156.46050308407604, 42.365710485858564], [362.87144794334614, 12.63647994444943], [368.53949691592396, 93.63428951414143], [163.1285520566539, 123.36352005555057]], '동책둥', 0.02404867671430111), ([[25.187892042717774, 69.20793578368642], [142.4, 56.2], [146.81210795728222, 127.79206421631358], [29.6, 140.8]], '7고', 0.04524519120593197)]
[]
[([[484, 792], [672, 792], [672, 820], [484, 820]], '미 [   [', 0.19556470968285783)]
[]
[]
[([[419, 1025], [745, 1025], [745, 1091], [419, 1091]], '담매의 키스는', 0.7758489698158888), ([[493, 1085], [697, 1085], [697, 1147], [493, 1147]], '이렇계는', 0.44500234723091125), ([[443, 1141], [763, 1141], [763, 1206], [443, 1206]], '하지 않듣다 ', 0.29822909526092994)]
[([[746, 1408], [1014, 1408], [1014, 1434], [746, 1434]], '모닷속지 <}. ++1-벼7다}', 0.001681316328338374), ([[536, 1430], [770, 1430], [770, 1454], [536, 1454]], '111 -0#* 1 -#슴+#하스논', 0.0099470538000306), ([[780, 1429], [1020, 1429], [1020, 1453], [780, 1453]], '#볶름#호(-내-내*( *0+"', 0.005733611223665357), ([[675, 1449], [1022, 1449], [1022, 1477], [675, 1477]], '화-0디버하속03꿈(+5-,00}', 0.00017525952014424274), ([[955, 1490], [1030, 1490], [1030, 1518], [955, 1518]], '활주*#2', 0.25100816467009096)]
[([[483, 79], [553, 79], [553, 115], [483, 115]], '이상?', 0.9997589769368156), ([[926, 86], [1016, 86], [1016, 110], [926, 110]], '저 저기', 0.594584418811834), ([[925, 111], [1033, 111], [1033, 147], [925, 147]], '궁금하게', 0.5297434329986572), ([[926, 144], [980, 144], [980, 170], [926, 170]], '이거', 0.9999297840724249), ([[262, 164], [404, 164], [404, 192], [262, 192]], '그게 . 모람까', 0.23459636105349796), ([[264, 192], [364, 192], [364, 224], [264, 224]], '요즘들 어', 0.8645517544524665), ([[376, 192], [432, 192], [432, 224], [376, 224]], '금방', 0.999960382192262), ([[150, 216], [184, 216], [184, 242], [150, 242]], '응?', 0.9948363726258221), ([[262, 220], [366, 220], [366, 252], [262, 252]], '끈적하제', 0.37980183959007263), ([[376, 222], [478, 222], [478, 246], [376, 246]], '되어버리', 0.9996789693832397), ([[904, 254], [1020, 254], [1020, 284], [904, 284]], '어떻하지?', 0.5289429185269869), ([[904, 282], [958, 282], [958, 312], [904, 312]], '오빠', 0.954365361683506), ([[106, 278], [134, 278], [134, 376], [106, 376]], '콩', 0.7276094832096902), ([[624, 666], [652, 666], [652, 690], [624, 690]], '내', 0.5938779785912942), ([[666, 664], [718, 664], [718, 690], [666, 690]], '거기', 0.4909398968018104), ([[626, 692], [726, 692], [726, 724], [626, 724]], '이상하지', 0.9998502731323242), ([[623, 719], [693, 719], [693, 755], [623, 755]], '않아?', 0.9869619195886428), ([[262, 762], [306, 762], [306, 792], [262, 792]], '비적', 0.9901884630229165), ([[94, 774], [124, 774], [124, 852], [94, 852]], '쥐', 0.01810119378662023), ([[964, 918], [1022, 918], [1022, 944], [964, 944]], '그야', 0.7446855241675974), ([[792, 1014], [906, 1014], [906, 1046], [792, 1046]], '모양.. 이냐', 0.5036974920030415), ([[920, 1014], [1000, 1014], [1000, 1046], [920, 1046]], '전보다', 0.9979223094366712), ([[792, 1046], [870, 1046], [870, 1070], [792, 1070]], '다르게', 0.7906495437255113), ([[884, 1044], [958, 1044], [958, 1070], [884, 1070]], '느껴저', 0.8155981194818399), ([[791, 1070], [956, 1070], [956, 1102], [791, 1102]], '버리거나. 해서', 0.4841412202345671), ([[158, 1216], [190, 1216], [190, 1270], [158, 1270]], '해', 0.07154119049875263), ([[183, 1133], [249, 1133], [249, 1259], [183, 1259]], '북움', 0.041439363831812875), ([[139, 1267], [199, 1267], [199, 1333], [139, 1333]], '아', 0.30511552724599156), ([[477, 1313], [552, 1313], [552, 1352], [477, 1352]], '부로로', 0.13213825163352502), ([[87, 1317], [147, 1317], [147, 1391], [87, 1391]], '탓', 0.8393337233902152)]
[([[640, 62], [670, 62], [670, 92], [640, 92]], '언', 0.9942124426175383), ([[770, 74], [800, 74], [800, 102], [770, 102]], '화', 0.9797537870074535), ([[640, 88], [672, 88], [672, 116], [640, 116]], '제', 0.9999737741282502), ([[224, 130], [256, 130], [256, 162], [224, 162]], '빵', 0.21447106522742843), ([[286, 102], [314, 102], [314, 134], [286, 134]], '오', 0.9999961853063724), ([[517, 129], [583, 129], [583, 165], [517, 165]], '나입', 0.7473283317921986), ([[638, 116], [668, 116], [668, 142], [638, 142]], '나', 0.9946747577601833), ([[669, 61], [705, 61], [705, 197], [669, 197]], '푹', 0.11539079426729248), ([[840, 78], [872, 78], [872, 160], [840, 160]], '#', 0.26830190072359983), ([[518, 160], [580, 160], [580, 186], [518, 186]], '나아', 0.9983775635061637), ([[248, 198], [300, 198], [300, 226], [248, 226]], '찌깊', 0.22257826808228265), ([[518, 186], [578, 186], [578, 214], [518, 214]], '리 도', 0.9693683774971632), ([[577, 129], [615, 129], [615, 241], [577, 241]], '꽃', 0.00999326908640713), ([[338, 212], [396, 212], [396, 238], [338, 238]], '찌4', 0.23011488578791361), ([[551, 215], [575, 215], [575, 235], [551, 235]], '이', 0.9983205699870865), ([[549, 241], [579, 241], [579, 261], [549, 261]], '뼈', 0.9993694822777712), ([[967, 262], [987, 262], [987, 311], [967, 311]], '축', 0.7182562944531448), ([[957, 323], [977, 323], [977, 347], [957, 347]], '*', 0.7916332197470553), ([[589, 565], [625, 565], [625, 665], [589, 665]], '꿀', 0.22356189365624246), ([[894, 578], [918, 578], [918, 610], [894, 610]], '문', 0.9990652600788827), ([[921, 575], [989, 575], [989, 663], [921, 663]], '불닮', 0.08983265708359228), ([[1010, 558], [1038, 558], [1038, 614], [1010, 614]], '움', 0.9357152954692083), ([[552, 672], [606, 672], [606, 754], [552, 754]], '움', 0.6832258054250282), ([[886, 602], [958, 602], [958, 764], [886, 764]], '꿀', 0.040851352374930094), ([[133, 781], [169, 781], [169, 867], [133, 867]], '시', 0.09849087021838532), ([[103, 877], [169, 877], [169, 947], [103, 947]], '중봇', 0.07871842114726994), ([[966, 826], [1022, 826], [1022, 922], [966, 922]], '양', 0.7830627321851722), ([[75, 884], [105, 884], [105, 994], [75, 994]], '~', 0.020812702945536055), ([[950, 920], [1004, 920], [1004, 1002], [950, 1002]], '양', 0.1145096629508382), ([[108, 1008], [136, 1008], [136, 1092], [108, 1092]], '닭', 0.026765880774348938), ([[135, 945], [171, 945], [171, 1073], [135, 1073]], '유', 0.049500101646954286), ([[746, 992], [774, 992], [774, 1056], [746, 1056]], '꿀', 0.556531639718262), ([[711, 1053], [748, 1053], [748, 1122], [711, 1122]], '경', 0.17298041381865747), ([[136, 1156], [168, 1156], [168, 1188], [136, 1188]], '빵', 0.19017328590325988), ([[750, 1156], [780, 1156], [780, 1188], [750, 1188]], '오', 0.9999930858731574), ([[960, 1156], [988, 1156], [988, 1180], [960, 1180]], '나', 0.9608223698189796), ([[710, 1182], [738, 1182], [738, 1238], [710, 1238]], '오', 0.7227624022751264), ([[925, 1155], [961, 1155], [961, 1239], [925, 1239]], '효', 0.10657016042981216), ([[113, 1229], [149, 1229], [149, 1341], [113, 1341]], '용', 0.0710828131117438), ([[924, 1250], [963, 1250], [963, 1333], [924, 1333]], '옛', 0.05121338334261183), ([[963.200159952016, 151.08078376487836], [992.9995120760871, 144.12689070516257], [1005.799840047984, 207.91921623512164], [975.0004879239129, 213.87310929483743]], '욕', 0.05525623294516979), ([[283.15028142267585, 1116.0912945443088], [349.88701481577687, 1133.056010687597], [339.84971857732415, 1169.9087054556912], [272.11298518422313, 1151.943989312403]], '달릿', 0.00953582600437504), ([[485.8669156380993, 1138.1079613181162], [577.6532881416748, 1151.9899419940712], [568.1330843619007, 1201.8920386818838], [476.34671185832514, 1188.0100580059288]], '짜핏', 0.170869203430228), ([[863.3425418378304, 1337.0309434810015], [919.4234688416069, 1325.146261133004], [944.6574581621696, 1456.9690565189985], [889.5765311583931, 1468.853738866996]], '올', 0.0053130637629622), ([[834.2272858360519, 1344.158379986357], [902.8821764315595, 1392.4057708112623], [808.7727141639481, 1524.841620013643], [740.1178235684405, 1476.5942291887377]], '2', 0.33808706616165196)]
[([[750, 102], [782, 102], [782, 132], [750, 132]], '안', 0.9994697081917856), ([[1006, 98], [1038, 98], [1038, 124], [1006, 124]], '안', 0.9999163168295269), ([[574, 92], [606, 92], [606, 174], [574, 174]], '#', 0.029823484442581538), ([[706, 128], [734, 128], [734, 158], [706, 158]], '오', 0.9999933242909265), ([[750, 130], [780, 130], [780, 154], [750, 154]], '대', 0.18593438894255598), ([[944, 126], [976, 126], [976, 156], [944, 156]], '안', 0.9999122638873814), ([[1006, 124], [1036, 124], [1036, 148], [1006, 148]], '대', 0.22273516580811759), ([[474, 160], [502, 160], [502, 186], [474, 186]], '그', 0.45141128476915776), ([[526, 160], [554, 160], [554, 184], [526, 184]], '그', 0.9997060514965739), ([[945, 183], [973, 183], [973, 201], [945, 201]], '대', 0.2811719661650045), ([[474, 186], [504, 186], [504, 214], [474, 214]], '거', 0.9999945163801982), ([[646, 188], [698, 188], [698, 238], [646, 238]], '빠', 0.11799160727493074), ([[121, 197], [157, 197], [157, 303], [121, 303]], '%', 0.323834063635676), ([[515, 343], [533, 343], [533, 385], [515, 385]], '덜', 0.9065222908755608), ([[974, 382], [1014, 382], [1014, 410], [974, 410]], '덜덜', 0.8094631178865229), ([[197, 537], [233, 537], [233, 575], [197, 575]], '아', 0.9976384293652387), ([[161, 603], [271, 603], [271, 715], [161, 715]], '아', 0.9154439678838777), ([[172, 824], [236, 824], [236, 856], [172, 856]], '나 팬', 0.49005427956581116), ([[172, 852], [202, 852], [202, 876], [172, 876]], '나', 0.9972195905425565), ([[204, 846], [236, 846], [236, 884], [204, 884]], '잠', 0.12439457460665526), ([[174, 878], [236, 878], [236, 904], [174, 904]], '리아', 0.9728526750133428), ([[176.49767925433545, 147.03166610925], [210.1382349840399, 163.51978202874264], [175.50232074566455, 233.96833389075], [141.8617650159601, 217.48021797125736]], '양', 0.6314434536101068), ([[148.61715037342296, 444.01836388359885], [178.39097598227127, 440.0191536350561], [195.38284962657704, 555.9816361164011], [166.60902401772873, 559.9808463649439]], '흉', 0.015786500453263352), ([[877.2155354594472, 461.07767729723633], [907.9995120760871, 455.12689070516257], [920.7844645405528, 518.9223227027637], [890.0004879239129, 524.8731092948374]], '춤', 0.9172110088432106)]
[([[970, 86], [998, 86], [998, 136], [970, 136]], '노', 0.07783741587616166), ([[314, 130], [344, 130], [344, 184], [314, 184]], '삶', 0.5413076554419263), ([[321, 187], [335, 187], [335, 209], [321, 209]], '2', 0.2727292459518402), ([[967, 151], [1003, 151], [1003, 275], [967, 275]], '유', 0.3566872532042318), ([[144, 360], [172, 360], [172, 412], [144, 412]], '군', 0.694927590982445), ([[84, 416], [112, 416], [112, 492], [84, 492]], '봄', 0.7057244302288836), ([[144, 444], [174, 444], [174, 488], [144, 488]], '첫', 0.8276965495966557), ([[430, 380], [486, 380], [486, 468], [430, 468]], '너', 0.02008721002857783), ([[481, 435], [511, 435], [511, 455], [481, 455]], '아', 0.9987640625795713), ([[988, 548], [1016, 548], [1016, 598], [988, 598]], '삶', 0.8335152122172076), ([[827, 581], [943, 581], [943, 617], [827, 617]], '오할어 고', 0.524752899144254), ([[826, 606], [912, 606], [912, 636], [826, 636]], '빠 뭐 명', 0.2069799229177999), ([[854, 634], [914, 634], [914, 658], [854, 658]], '예게', 0.5284625618811045), ([[858, 656], [882, 656], [882, 708], [858, 708]], '용', 0.996383723629922), ([[912, 624], [944, 624], [944, 702], [912, 702]], '딸', 0.05181755580299896), ([[245, 911], [285, 911], [285, 963], [245, 963]], '올', 0.4277508295321155), ([[558, 912], [588, 912], [588, 988], [558, 988]], '장', 0.9927924084821349), ([[558, 986], [586, 986], [586, 1040], [558, 1040]], '옛', 0.44013142373864866), ([[165, 1253], [201, 1253], [201, 1309], [165, 1309]], '화', 0.48635342179501606), ([[168, 1320], [198, 1320], [198, 1370], [168, 1370]], '삶', 0.34973418193553485), ([[100, 1366], [126, 1366], [126, 1390], [100, 1390]], '여', 0.9999551778093974), ([[721.9973506193547, 427.0843686541932], [802.7056990205127, 447.143929234291], [789.0026493806453, 497.9156313458068], [708.2943009794873, 477.856070765709]], '덜덜', 0.9334906847147796), ([[237.72479163353847, 558.0094786863081], [268.2320100556767, 561.1944578280209], [251.27520836646153, 710.9905213136919], [220.76798994432332, 707.8055421719791]], '흙', 0.005889328981013797)]
[([[985, 119], [1021, 119], [1021, 209], [985, 209]], '육', 0.15478364311940496), ([[954, 204], [986, 204], [986, 236], [954, 236]], '그', 0.9999166744424635), ([[548, 310], [576, 310], [576, 334], [548, 334]], '나', 0.9958721170655203), ([[146, 402], [174, 402], [174, 426], [146, 426]], '내', 0.9999645951543847), ([[470, 398], [534, 398], [534, 422], [470, 422]], '나 저', 0.992778681958348), ([[954, 344], [986, 344], [986, 414], [954, 414]], '꿀', 0.43806511507149537), ([[506, 424], [536, 424], [536, 454], [506, 454]], '기', 1.0), ([[472, 440], [500, 440], [500, 478], [472, 478]], '의', 0.9997564702499382), ([[920, 438], [950, 438], [950, 472], [920, 472]], '로', 0.9998034335420733), ([[108, 494], [138, 494], [138, 520], [108, 520]], '내', 0.9999206081889866), ([[80, 564], [108, 564], [108, 588], [80, 588]], '꺼', 0.9677228722723363), ([[78, 590], [110, 590], [110, 618], [78, 618]], '에', 0.9871315402091483), ([[201, 657], [245, 657], [245, 693], [201, 693]], '5', 0.0656595232377164), ([[922, 680], [954, 680], [954, 710], [922, 710]], '그', 0.40906368413843747), ([[113, 677], [149, 677], [149, 753], [113, 753]], '불', 0.9892554777454201), ([[207, 695], [245, 695], [245, 771], [207, 771]], '층', 0.12140596244155066), ([[920, 710], [956, 710], [956, 738], [920, 738]], '래', 0.979734081716007), ([[848, 737], [923, 737], [923, 834], [848, 834]], '넓용', 0.041626422204015426), ([[764, 932], [790, 932], [790, 956], [764, 956]], '이', 0.9996142759419513), ([[697, 965], [735, 965], [735, 1085], [697, 1085]], '~', 0.02451762806832769), ([[778, 1054], [828, 1054], [828, 1114], [778, 1114]], '2', 0.14452308297885796), ([[655, 1223], [691, 1223], [691, 1261], [655, 1261]], '아', 0.9851758845172895), ([[639, 1277], [675, 1277], [675, 1371], [639, 1371]], '하', 0.03999788525515502), ([[641.1914939927781, 727.0468483378912], [742.9128462786462, 766.8988386458794], [718.8085060072219, 826.9531516621088], [616.0871537213538, 787.1011613541206]], '#육.', 0.04258108878520761)]
[([[1014, 158], [1042, 158], [1042, 182], [1014, 182]], '이', 0.9992364910832663), ([[1012, 184], [1038, 184], [1038, 218], [1012, 218]], '팀', 0.526515174377554), ([[512, 396], [540, 396], [540, 432], [512, 432]], '0', 0.9990226035591299), ([[980, 402], [1012, 402], [1012, 426], [980, 426]], '게', 0.9948309872683616), ([[942, 462], [966, 462], [966, 490], [942, 490]], '덜', 0.9978015598040315), ([[101, 467], [143, 467], [143, 525], [101, 525]], '응', 0.9866024221683034), ([[465, 475], [507, 475], [507, 535], [465, 535]], '후', 0.9998101086172859), ([[934, 488], [958, 488], [958, 520], [934, 520]], '덜', 0.9851889000247525), ([[260, 516], [310, 516], [310, 568], [260, 568]], '트', 0.2406746357605849), ([[430, 618], [462, 618], [462, 644], [430, 644]], '^<', 0.19349506650354026), ([[944, 668], [976, 668], [976, 786], [944, 786]], '콩', 0.049722708694610596), ([[879, 801], [917, 801], [917, 919], [879, 919]], '품', 0.04271140535458273), ([[174, 972], [206, 972], [206, 1064], [174, 1064]], '휴', 0.19732341799772257), ([[796, 968], [854, 968], [854, 1024], [796, 1024]], '하', 0.978474416516292), ([[800, 1046], [830, 1046], [830, 1080], [800, 1080]], '0', 0.9998440803274775), ([[148, 1074], [180, 1074], [180, 1106], [148, 1106]], '그', 0.9958522503445835), ([[114, 1076], [146, 1076], [146, 1138], [114, 1138]], '옛', 0.6946284031820404), ([[884, 1240], [912, 1240], [912, 1294], [884, 1294]], '흙', 0.22029494323030363), ([[492, 1380], [540, 1380], [540, 1434], [492, 1434]], '오', 0.9356639814513734), ([[202, 1408], [250, 1408], [250, 1464], [202, 1464]], '오', 0.9081933396451838), ([[108, 1486], [164, 1486], [164, 1546], [108, 1546]], '오', 0.9547497148973072), ([[167, 1473], [233, 1473], [233, 1567], [167, 1567]], '뺨', 0.3918785957608293), ([[429, 1460], [504, 1460], [504, 1576], [429, 1576]], '빵', 0.031388974280830206), ([[108, 1544], [174, 1544], [174, 1598], [108, 1598]], '빠', 0.9856157379787511), ([[538.6012738885855, 255.01592360731937], [579.6249237345996, 264.74444182420973], [549.3987261114145, 389.9840763926806], [508.37507626540037, 380.25555817579027]], '응', 0.7713358404364499), ([[741.2006652916285, 281.0457880371682], [859.9945812876027, 328.72462278395267], [836.7993347083715, 381.9542119628318], [719.0054187123973, 334.27537721604733]], '필격~', 0.33194026350975037), ([[742.4437764224065, 1228.0520150387547], [769.7054539489031, 1223.0841236778667], [780.5562235775935, 1286.9479849612453], [753.2945460510969, 1290.9158763221333]], '적', 0.7479345668159887), ([[362.71914223619086, 1274.1744245352406], [470.988640344631, 1329.7897216797803], [317.28085776380914, 1628.8255754647594], [209.01135965536898, 1573.2102783202197]], '3', 0.08791314975873377)]
[([[990, 112], [1022, 112], [1022, 190], [990, 190]], '$', 0.03836957404685237), ([[992, 204], [1020, 204], [1020, 234], [992, 234]], '거', 0.9151777228205824), ([[945, 279], [989, 279], [989, 339], [945, 339]], '우', 0.5404076340988837), ([[262, 402], [288, 402], [288, 456], [262, 456]], '올', 0.5970274502769826), ([[658, 384], [702, 384], [702, 416], [658, 416]], '부로', 0.503432876624097), ([[790, 388], [820, 388], [820, 488], [790, 488]], '척', 0.11319371647202647), ([[984, 307], [1095, 307], [1095, 504], [984, 504]], '쫓', 0.3182836897148924), ([[98, 496], [128, 496], [128, 550], [98, 550]], '얇', 0.040420742353070915), ([[146, 432], [178, 432], [178, 534], [146, 534]], '양', 0.25176974302002364), ([[250, 508], [281, 508], [281, 563], [250, 563]], '잎', 0.02715615811646277), ([[875, 473], [967, 473], [967, 561], [875, 561]], '목', 0.040248962591588944), ([[580, 508], [726, 508], [726, 632], [580, 632]], '잠', 0.09456862502649788), ([[1005, 625], [1023, 625], [1023, 667], [1005, 667]], '옷', 0.5106815656795902), ([[411, 697], [485, 697], [485, 735], [411, 735]], '찌려', 0.044180761801999716), ([[978, 702], [1008, 702], [1008, 802], [978, 802]], '뚱', 0.006018640980576473), ([[747, 839], [777, 839], [777, 859], [747, 859]], '아', 0.9994919945417138), ([[908, 803], [940, 803], [940, 908], [908, 908]], '콩', 0.051454548760922814), ([[748, 870], [774, 870], [774, 908], [748, 908]], '0', 0.7683672083263815), ([[994, 896], [1024, 896], [1024, 940], [994, 940]], '검', 0.1597934579264484), ([[983, 951], [1025, 951], [1025, 1013], [983, 1013]], '놓', 0.016536661124737728), ([[636, 1014], [664, 1014], [664, 1038], [636, 1038]], '찌', 0.40095724839881086), ([[638, 1042], [674, 1042], [674, 1074], [638, 1074]], '깊', 0.6673011916307168), ([[818, 1232], [868, 1232], [868, 1306], [818, 1306]], '암', 0.16383051534791448), ([[344, 1312], [376, 1312], [376, 1414], [344, 1414]], '흙', 0.07841891078530594), ([[432, 1292], [464, 1292], [464, 1394], [432, 1394]], '움', 0.7518991061724059), ([[725, 1309], [767, 1309], [767, 1349], [725, 1349]], '더', 0.997420546007163), ([[827, 1357], [863, 1357], [863, 1395], [827, 1395]], '더', 0.9983395084310622), ([[286, 1366], [316, 1366], [316, 1418], [286, 1418]], '차', 0.2014801328308815), ([[666, 1394], [690, 1394], [690, 1418], [666, 1418]], '더', 0.9932820754993408), ([[762, 1388], [822, 1388], [822, 1440], [762, 1440]], '씨', 0.7466098545606314), ([[26, 1442], [58, 1442], [58, 1466], [26, 1466]], '아', 0.15619706714553505), ([[86, 1426], [114, 1426], [114, 1456], [86, 1456]], '히', 0.8453270057753457), ([[568, 1370], [648, 1370], [648, 1510], [568, 1510]], '와', 0.8555114491707094), ([[666, 1426], [692, 1426], [692, 1468], [666, 1468]], '터', 0.9241119296484754), ([[723, 1409], [771, 1409], [771, 1451], [723, 1451]], '어', 0.9999461181269567), ([[44, 1470], [70, 1470], [70, 1494], [44, 1494]], '마', 0.9886609529071535), ([[96, 1468], [130, 1468], [130, 1500], [96, 1500]], '야', 0.9995523000284834), ([[594, 1508], [626, 1508], [626, 1562], [594, 1562]], '9', 0.985111518180716), ([[567.1135155856441, 494.09946857683417], [625.8413849070145, 509.8847592205442], [614.8864844143559, 545.9005314231658], [556.1586150929855, 530.1152407794558]], '덜덜', 0.47778650407953654), ([[955.5347377531419, 873.0216939586192], [997.3268515498174, 878.5744196013277], [982.4652622468581, 989.9783060413808], [941.6731484501826, 984.4255803986723]], '철', 0.908523848031578), ([[863.200159952016, 1028.0807837648783], [931.8957581152165, 1047.0927686581003], [920.799840047984, 1084.9192162351217], [851.1042418847835, 1065.9072313418997]], '흥건 ~', 0.9405435220192402), ([[125.75812324866148, 1069.1566806697797], [158.5345530305851, 1042.0286568155586], [217.2418767513385, 1117.8433193302203], [184.4654469694149, 1144.9713431844414]], '춤', 0.9953236542350083), ([[843.2431769922308, 1156.026066387347], [924.4429826196051, 1139.2747104505142], [959.7568230077692, 1322.973933612653], [878.5570173803949, 1340.7252895494858]], '질', 0.31016372809000714), ([[438.4649861003862, 1473.2414569111972], [501.64466069580425, 1413.2782321959169], [530.5350138996138, 1451.7585430888028], [467.35533930419575, 1511.7217678040831]], '다시', 0.924911589722608), ([[654.1400565942996, 1496.8840339565797], [730.6006381480884, 1442.434507205561], [768.8599434057004, 1499.1159660434203], [692.3993618519116, 1553.565492794439]], '씨', 0.38946565707698255)]
[([[897, 59], [933, 59], [933, 123], [897, 123]], '양', 0.2975643110914916), ([[390, 142], [434, 142], [434, 174], [390, 174]], '호 아', 0.17486991712526875), ([[881, 139], [919, 139], [919, 237], [881, 237]], '양', 0.9671627562602367), ([[713, 227], [763, 227], [763, 267], [713, 267]], '#품', 0.1726346755912621), ([[30, 428], [102, 428], [102, 506], [30, 506]], '엇', 0.013966049088417698), ([[361, 495], [407, 495], [407, 537], [361, 537]], '하', 0.9999303829865767), ([[604, 518], [636, 518], [636, 554], [604, 554]], '오', 0.9999980926522767), ([[57, 484], [159, 484], [159, 644], [57, 644]], '쭉', 0.03839190659181568), ([[215, 549], [251, 549], [251, 589], [215, 589]], '양', 0.10174750424215873), ([[362, 542], [396, 542], [396, 568], [362, 568]], '0', 0.9649599807664941), ([[370, 564], [400, 564], [400, 618], [370, 618]], '8', 0.28767824052033575), ([[568, 542], [602, 542], [602, 572], [568, 572]], '거', 0.999994277962287), ([[568, 572], [602, 572], [602, 602], [568, 602]], '기', 0.9999997615814351), ([[156, 590], [234, 590], [234, 670], [156, 670]], '양', 0.9846698845828463), ([[601, 551], [639, 551], [639, 643], [601, 643]], '뺨', 0.06518144556445638), ([[104, 638], [154, 638], [154, 686], [104, 686]], '하', 0.9998688740802777), ([[116, 682], [164, 682], [164, 750], [116, 750]], '양', 0.9722686441201098), ([[992, 694], [1024, 694], [1024, 754], [992, 754]], '거', 0.24955876286300338), ([[961, 799], [999, 799], [999, 895], [961, 895]], '경', 0.5429801064770032), ([[891, 1125], [927, 1125], [927, 1195], [891, 1195]], '절', 0.24750850602902474), ([[825, 1161], [861, 1161], [861, 1253], [825, 1253]], '쥐', 0.03743814312598048), ([[967, 1263], [1007, 1263], [1007, 1363], [967, 1363]], '품', 0.1189681681659005), ([[332, 1306], [582, 1306], [582, 1454], [332, 1454]], '쭉야양_', 0.09844590723514557), ([[936, 1408], [972, 1408], [972, 1438], [936, 1438]], '아', 0.9807969698817932), ([[268, 1402], [426, 1402], [426, 1482], [268, 1482]], '품춤', 0.015531221334286544), ([[84, 1476], [132, 1476], [132, 1524], [84, 1524]], '야', 0.9999028467888174), ([[148, 1442], [270, 1442], [270, 1600], [148, 1600]], '팔', 0.5065208243340216), ([[87.32045951601917, 232.0779759188824], [109.74101111525009, 228.09295639401887], [118.67954048398083, 280.92202408111757], [95.25898888474991, 284.90704360598113]], '적', 0.41436358382052063), ([[914.4334578190496, 262.0539806590581], [938.4631306408209, 256.0359638987467], [954.5665421809504, 319.9460193409419], [930.5368693591791, 325.9640361012533]], '꿀', 0.09309946396990032), ([[105.28913145942698, 290.0854389836506], [132.49319696191608, 281.04081822850355], [150.71086854057302, 336.9145610163494], [124.50680303808393, 346.95918177149645]], '적', 0.8678810670102486), ([[18.829142911623553, 297.05725769856025], [97.67309593852706, 259.01889229421846], [168.17085708837644, 422.94274230143975], [89.32690406147294, 460.98110770578154]], '질', 0.3683855348748786), ([[199.9858196838319, 397.04685258538456], [288.1012317175532, 388.25436328586846], [299.0141803161681, 526.9531474146155], [210.89876828244675, 535.7456367141316]], '질', 0.14333924729401648), ([[218.47893962030983, 771.4141973545267], [264.2995614435405, 765.0733404121688], [267.5210603796902, 793.5858026454733], [222.70043855645952, 799.9266595878312]], '찌컷', 0.1505080904811383), ([[826.2446104253995, 874.0719742120774], [861.0235702412651, 866.1331790885539], [875.7553895746005, 933.9280257879226], [840.9764297587349, 941.8668209114461]], '쭉', 0.08951218605103861), ([[94.01985123916005, 902.601985123916], [141.78885438199984, 874.4222912360003], [159.98014876083997, 904.398014876084], [112.21114561800017, 933.5777087639997]], '찌컷', 0.2275587122292828), ([[786.9594617776758, 926.1094703550758], [823.652272562857, 912.0427285222872], [850.0405382223242, 982.8905296449242], [813.347727437143, 997.9572714777128]], '속', 0.2662771940100015), ([[945.0388386486181, 967.1941932430908], [1000.6651901052377, 917.0221484214339], [1096.9611613513819, 1036.8058067569093], [1042.3348098947622, 1086.977851578566]], '육', 0.4872804073209558), ([[912.3442701156316, 1022.0165482895054], [1001.1487148116596, 997.050851214019], [1065.6557298843684, 1245.9834517104946], [976.8512851883404, 1270.949148785981]], '꿀', 0.034759020127534734), ([[585.4062638600524, 1039.0097949595865], [722.8920468238425, 1061.961801649303], [667.5937361399476, 1377.9902050404135], [530.1079531761575, 1355.038198350697]], '쏟', 0.014694676782486482), ([[725.4153293554391, 1068.0142517865013], [814.8505044474648, 1056.3434728844743], [842.5846706445609, 1296.9857482134987], [753.1494955525352, 1308.6565271155257]], '퍽', 0.13901801208513476), ([[867.2155354594472, 1275.0776772972363], [898.5023207456645, 1261.03166610925], [928.7844645405528, 1332.9223227027637], [897.4976792543355, 1347.96833389075]], '불', 0.9358423757902443), ([[297.00649859892917, 1469.1253445358238], [359.7502648736397, 1479.6087727081658], [352.99350140107083, 1515.8746554641762], [290.2497351263603, 1505.3912272918342]], '질력', 0.15012598700965954)]
[([[943, 781], [963, 781], [963, 833], [943, 833]], '용', 0.19273731124723614), ([[99, 929], [165, 929], [165, 1103], [99, 1103]], '@', 0.271129211826576), ([[99, 1245], [165, 1245], [165, 1359], [99, 1359]], '음료', 0.028182656718554848), ([[102, 1350], [132, 1350], [132, 1408], [102, 1408]], '길', 0.03707542925921481), ([[182, 1424], [208, 1424], [208, 1484], [182, 1484]], '응', 0.9548076068022624)]
[([[838, 198], [922, 198], [922, 230], [838, 230]], '고마입', 0.3620598190865026), ([[242, 226], [272, 226], [272, 254], [242, 254]], '그', 0.9996946091196293), ([[838, 230], [920, 230], [920, 262], [838, 262]], '모두 들', 0.6327411071461323), ([[172, 220], [246, 220], [246, 394], [172, 394]], '몇', 0.0124946257609162), ([[242, 254], [274, 254], [274, 310], [242, 310]], '팩', 0.09542957534212437), ([[175, 359], [211, 359], [211, 421], [175, 421]], '옛', 0.3782234721437625), ([[208, 388], [242, 388], [242, 416], [208, 416]], '래', 0.9736978078274525), ([[784, 880], [816, 880], [816, 940], [784, 940]], '옆', 0.022899562994835643), ([[623, 945], [781, 945], [781, 985], [623, 985]], '언제없어오?', 0.3166855271150961), ([[938, 938], [970, 938], [970, 1018], [938, 1018]], '낡', 0.1912352750217714), ([[631, 985], [771, 985], [771, 1025], [631, 1025]], '얼 찍앗네요', 0.10815880675652345), ([[388, 1052], [418, 1052], [418, 1076], [388, 1076]], '나', 0.9957179469923325), ([[388, 1078], [420, 1078], [420, 1106], [388, 1106]], '나', 0.9504827874445851), ([[388, 1104], [416, 1104], [416, 1130], [388, 1130]], '리', 0.9997993808287085), ([[417, 1047], [455, 1047], [455, 1213], [417, 1213]], '물', 0.13295093926730317), ([[286, 1266], [366, 1266], [366, 1296], [286, 1296]], '데밀리', 0.13624498366282045), ([[286, 1300], [342, 1300], [342, 1332], [286, 1332]], '오면', 0.7136242228601585), ([[284, 1332], [440, 1332], [440, 1364], [284, 1364]], '안뒤나보네?', 0.21433867907598214), ([[147, 1371], [217, 1371], [217, 1407], [147, 1407]], '설마!', 0.9030188749772148)]
[([[199, 1251], [235, 1251], [235, 1335], [199, 1335]], '틀', 0.018671437711535788)]
[([[606, 44], [673, 44], [673, 76], [606, 76]], '저거.', 0.48430817111993135), ([[224, 90], [284, 90], [284, 120], [224, 120]], '라고', 0.9999633324386976), ([[603, 75], [719, 75], [719, 111], [603, 111]], '나나장이', 0.7780413627624512), ([[209, 119], [377, 119], [377, 155], [209, 155]], '하기에논 제법', 0.7759714247796807), ([[606, 112], [690, 112], [690, 138], [606, 138]], '그거라', 0.9974017388624646), ([[917, 117], [1001, 117], [1001, 153], [917, 153]], '정말로', 0.9765053838486284), ([[209, 151], [375, 151], [375, 189], [209, 189]], '착실하애라고', 0.5631742057865309), ([[606, 142], [734, 142], [734, 174], [606, 174]], '그런 거지?', 0.7085785449467628), ([[913, 145], [1017, 145], [1017, 183], [913, 183]], '"의애"?', 0.9394436877999545), ([[210, 182], [355, 182], [355, 223], [210, 223]], '생각되 논데.', 0.6883015732003874), ([[854, 272], [878, 272], [878, 314], [854, 314]], '착', 0.6115104911367695), ([[877, 277], [917, 277], [917, 297], [877, 297]], '저 우', 0.9452967889645614), ([[832, 274], [856, 274], [856, 350], [832, 350]], '%', 0.09499626101669012), ([[876, 292], [920, 292], [920, 316], [876, 316]], '컬리', 0.12566609284488967), ([[879, 313], [919, 313], [919, 333], [879, 333]], '게 도', 0.6937836408615112), ([[96, 330], [156, 330], [156, 354], [96, 354]], '아냐', 0.9999598764359862), ([[857, 321], [875, 321], [875, 347], [857, 347]], '붙', 0.4611210024575172), ([[838, 342], [876, 342], [876, 368], [838, 368]], '? 어', 0.9648253917694092), ([[96, 362], [156, 362], [156, 386], [96, 386]], '아냐', 0.9999426807671866), ([[929, 637], [1043, 637], [1043, 675], [929, 675]], '루루-가', 0.4342746138572693), ([[497, 665], [583, 665], [583, 703], [497, 703]], '귀여운', 0.9239620508896179), ([[461, 697], [521, 697], [521, 733], [461, 733]], '동생', 0.996504530834457), ([[531, 697], [619, 697], [619, 735], [531, 735]], '곁예서', 0.21091226378507424), ([[475, 729], [593, 729], [593, 767], [475, 767]], '하나부터', 0.9997663497924805), ([[900, 732], [960, 732], [960, 764], [900, 764]], '말야', 0.9910631227693728), ([[479, 763], [565, 763], [565, 799], [479, 799]], '열까지', 0.9944260488396696), ([[480, 798], [590, 798], [590, 830], [480, 830]], '돌화 주고', 0.6332656460081675), ([[466, 887], [568, 887], [568, 925], [466, 925]], '그리고 .', 0.532177804101353), ([[431, 921], [571, 921], [571, 957], [431, 957]], '동생에제서', 0.40488703545162186), ([[431, 953], [543, 953], [543, 991], [431, 991]], '전폭적인', 0.36822205781936646), ([[431, 987], [601, 987], [601, 1023], [431, 1023]], '신회클언 논다', 0.38402246273312945), ([[62, 1280], [116, 1280], [116, 1312], [62, 1312]], '라는', 0.468539682485246), ([[130, 1280], [208, 1280], [208, 1312], [130, 1312]], '오빠로', 0.9476925730705261), ([[62, 1310], [116, 1310], [116, 1342], [62, 1342]], '남고', 0.9999809496776212), ([[64, 1340], [194, 1340], [194, 1372], [64, 1372]], '싶어하는 거', 0.7956577532999917), ([[60, 1370], [156, 1370], [156, 1402], [60, 1402]], '아닐까?', 0.4585099220275879)]
[([[604, 94], [694, 94], [694, 124], [604, 124]], '시 거단', 0.9777420707559512), ([[983, 113], [1009, 113], [1009, 133], [983, 133]], '이', 0.9996941323553443), ([[1042, 110], [1070, 110], [1070, 140], [1042, 140]], '뭐', 0.9999499327250874), ([[597, 113], [697, 113], [697, 199], [597, 199]], '슬쩍춤', 0.05050000489602961), ([[949, 109], [985, 109], [985, 165], [949, 165]], '화', 0.8424882638596642), ([[980, 136], [1010, 136], [1010, 160], [980, 160]], '야', 0.998840549098535), ([[982, 160], [1012, 160], [1012, 188], [982, 188]], '기', 0.999999046325911), ([[1012, 110], [1040, 110], [1040, 210], [1012, 210]], '봄', 0.010792921930487864), ([[422, 162], [452, 162], [452, 216], [422, 216]], '뉴', 0.9114768874435555), ([[600, 166], [664, 166], [664, 222], [600, 222]], '입한', 0.2534149664619367), ([[840, 186], [926, 186], [926, 218], [840, 218]], '눈 뭐 그', 0.7671647316815715), ([[982, 184], [1008, 184], [1008, 212], [982, 212]], '도', 0.9999914169495696), ([[840, 212], [926, 212], [926, 240], [840, 240]], '이 가 사', 0.7968161360965296), ([[870, 236], [926, 236], [926, 266], [870, 266]], '의 이', 0.9934071898460388), ([[1010, 212], [1038, 212], [1038, 264], [1010, 264]], '칼', 0.05158113762069072), ([[420, 228], [452, 228], [452, 332], [420, 332]], '뜻', 0.02231043975229241), ([[898, 262], [928, 262], [928, 290], [898, 290]], '에', 0.9922762624562189), ([[832, 252], [904, 252], [904, 386], [832, 386]], '채출', 0.006736786429979822), ([[808, 962], [840, 962], [840, 1018], [808, 1018]], '종', 0.511819220523936), ([[838, 992], [868, 992], [868, 1016], [838, 1016]], '빠', 0.9936715669383922), ([[840, 964], [868, 964], [868, 996], [840, 996]], '오', 0.9999964237245109), ([[870, 966], [898, 966], [898, 1018], [870, 1018]], '목', 0.9338150795740638), ([[900, 964], [924, 964], [924, 990], [900, 990]], '키', 0.052942707428687896), ([[900, 988], [924, 988], [924, 1014], [900, 1014]], '퀴', 0.10090596575196287), ([[843, 1013], [863, 1013], [863, 1045], [843, 1045]], '틀', 0.9668869203275143), ([[805, 1013], [841, 1013], [841, 1095], [805, 1095]], '호', 0.22067370226697935), ([[680, 1186], [708, 1186], [708, 1222], [680, 1222]], '좀', 0.8194608591921337), ([[677, 1217], [707, 1217], [707, 1237], [677, 1237]], '아', 0.9997387103076107), ([[676, 1238], [710, 1238], [710, 1268], [676, 1268]], '해', 0.9999637607043041), ([[683, 1265], [701, 1265], [701, 1289], [683, 1289]], '2', 0.3857525596549891), ([[317, 1337], [347, 1337], [347, 1357], [317, 1357]], '네', 0.9973010179237463), ([[318, 1360], [348, 1360], [348, 1384], [318, 1384]], '에', 0.9950073249581379)]
[([[502, 92], [532, 92], [532, 148], [502, 148]], '귀', 0.18818017493649197), ([[960, 102], [990, 102], [990, 130], [960, 130]], '그', 0.9998720925226543), ([[960, 128], [992, 128], [992, 158], [960, 158]], '게', 0.9942212385599447), ([[452, 142], [482, 142], [482, 206], [452, 206]], '스', 0.4647048825000333), ([[649, 163], [685, 163], [685, 277], [649, 277]], '탑', 0.01874485172592788), ([[844, 152], [956, 152], [956, 254], [844, 254]], '햇얼물', 0.012993372908993812), ([[415, 263], [451, 263], [451, 375], [415, 375]], '낡', 0.013952999680043376), ([[882, 232], [954, 232], [954, 358], [882, 358]], '물율', 0.13455621381925192), ([[949, 779], [987, 779], [987, 871], [949, 871]], '표', 0.1892417000878801), ([[933, 887], [969, 887], [969, 925], [933, 925]], '그', 0.9998998667035721), ([[865, 891], [901, 891], [901, 955], [865, 955]], '낱', 0.18202545656340252), ([[902, 888], [930, 888], [930, 982], [902, 982]], '올', 0.444173271441187), ([[931, 939], [969, 939], [969, 997], [931, 997]], '약', 0.6030156386502803), ([[868, 964], [898, 964], [898, 1024], [868, 1024]], '저', 0.1431977456479041), ([[900, 994], [932, 994], [932, 1052], [900, 1052]], '말', 0.35830515539898045), ([[533, 1181], [607, 1181], [607, 1247], [533, 1247]], '부오', 0.048237963134399285), ([[528, 1250], [608, 1250], [608, 1394], [528, 1394]], '흥륙', 0.011331177564053106), ([[658, 1332], [690, 1332], [690, 1478], [658, 1478]], '물', 0.019915553025331656)]
[([[491, 95], [559, 95], [559, 231], [491, 231]], '색', 0.01553824326813591), ([[456, 284], [514, 284], [514, 308], [456, 308]], '이 나', 0.986117863136475), ([[514, 284], [544, 284], [544, 336], [514, 336]], '낮', 0.17973705314262034), ([[421, 283], [457, 283], [457, 385], [421, 385]], '&', 0.008325340581814056), ([[484, 308], [514, 308], [514, 362], [484, 362]], '넓', 0.49530527521870127), ([[446, 320], [548, 320], [548, 436], [446, 436]], '표혀유', 0.004598814278911968), ([[449, 439], [515, 439], [515, 551], [449, 551]], '통출', 0.13678727189535847), ([[972, 498], [1002, 498], [1002, 574], [972, 574]], '낡', 0.1731382884968049)]
[([[347, 153], [377, 153], [377, 173], [347, 173]], '마', 0.9992397085077052), ([[736, 150], [822, 150], [822, 182], [736, 182]], '지 원나', 0.4525914788246155), ([[350, 174], [378, 174], [378, 204], [350, 204]], '치', 0.9831151953347081), ([[699, 147], [767, 147], [767, 211], [699, 211]], '양질', 0.9298359030172659), ([[762, 180], [794, 180], [794, 204], [762, 204]], '래', 0.9526801559536722), ([[732, 204], [792, 204], [792, 232], [732, 232]], '과대', 0.9977025903692477), ([[794, 178], [824, 178], [824, 230], [794, 230]], '넓', 0.21169493991291066), ([[766, 228], [792, 228], [792, 258], [766, 258]], '로', 0.9998917608941724), ([[127, 247], [191, 247], [191, 329], [127, 329]], '국용', 0.15918934523473297), ([[729, 241], [795, 241], [795, 375], [729, 375]], '#', 0.008289818759178724), ([[796, 242], [820, 242], [820, 294], [796, 294]], '꿈', 0.051893042181126114), ([[377, 357], [405, 357], [405, 377], [377, 377]], '네', 0.9936580201950598), ([[124, 334], [196, 334], [196, 496], [124, 496]], '표', 0.0027123285153332066), ([[528, 422], [560, 422], [560, 478], [528, 478]], '햇', 0.018559451119905868), ([[560, 424], [586, 424], [586, 454], [560, 454]], '쭉', 0.9991751226828605), ([[160, 434], [192, 434], [192, 488], [160, 488]], '안', 0.9742105116793631), ([[528, 476], [558, 476], [558, 500], [528, 500]], '야', 0.9973591143445901), ([[558, 468], [586, 468], [586, 544], [558, 544]], '흙', 0.0911532370135184), ([[86, 880], [110, 880], [110, 932], [86, 932]], '입', 0.05549158145816713), ([[114, 864], [144, 864], [144, 942], [114, 942]], '%', 0.07399117412410305), ([[378, 930], [406, 930], [406, 958], [378, 958]], '처', 0.9809133260303184), ([[82, 932], [114, 932], [114, 986], [82, 986]], '로', 0.1884213107866941), ([[200, 980], [228, 980], [228, 1014], [200, 1014]], '쭉', 0.9961909634067787), ([[378, 954], [402, 954], [402, 984], [378, 984]], '럼', 0.6319729033477337), ([[401, 925], [469, 925], [469, 1063], [401, 1063]], '@', 0.005813110664703913), ([[165, 979], [201, 979], [201, 1135], [165, 1135]], "'", 0.00476006827586023), ([[200, 1020], [228, 1020], [228, 1076], [200, 1076]], '몇', 0.26133124033003696), ([[539, 1027], [577, 1027], [577, 1109], [539, 1109]], '혀', 0.0238656481204913), ([[572, 1056], [600, 1056], [600, 1080], [572, 1080]], '야', 0.9973498283276427), ([[574, 1030], [600, 1030], [600, 1054], [574, 1054]], '이', 0.9991933542632978), ([[600, 1056], [630, 1056], [630, 1108], [600, 1108]], '뺨', 0.4262363564905627), ([[602, 1028], [630, 1028], [630, 1060], [602, 1060]], '오', 0.9999988079074598), ([[574, 1078], [600, 1078], [600, 1134], [574, 1134]], '글', 0.08642552096562728), ([[537, 1115], [576, 1115], [576, 1174], [537, 1174]], '값', 0.046097215508212), ([[871, 1295], [937, 1295], [937, 1381], [871, 1381]], '발최', 0.05842379095814236), ([[904, 1364], [934, 1364], [934, 1396], [904, 1396]], '그', 0.9999582771838647), ([[188, 1354], [216, 1354], [216, 1458], [188, 1458]], ' ', 0.04057176090647463), ([[770, 1420], [800, 1420], [800, 1472], [770, 1472]], '탓', 0.9088628264297007), ([[871, 1387], [935, 1387], [935, 1463], [871, 1463]], '영업', 0.2017136449470833)]
[([[759, 325], [785, 325], [785, 343], [759, 343]], '네', 0.9796436995050648), ([[759, 347], [787, 347], [787, 367], [759, 367]], '에', 0.9959151821349543), ([[846, 1162], [874, 1162], [874, 1220], [846, 1220]], '중', 0.24248155359011836), ([[904, 1168], [962, 1168], [962, 1196], [904, 1196]], '거 단', 0.5763128852653866), ([[904, 1192], [960, 1192], [960, 1216], [904, 1216]], '기 지', 0.9946241974830627), ([[845, 1217], [873, 1217], [873, 1237], [845, 1237]], '다', 0.9999948740071183), ([[905, 1217], [931, 1217], [931, 1237], [905, 1237]], '에', 0.8959016951781165), ([[874, 1166], [902, 1166], [902, 1314], [874, 1314]], '@', 0.04581431924068036)]
[([[821, 495], [865, 495], [865, 571], [821, 571]], '와', 0.31887781840410767), ([[283, 997], [325, 997], [325, 1041], [283, 1041]], '안', 0.9999041580277321), ([[823, 959], [885, 959], [885, 1041], [823, 1041]], '7', 0.5950528634753063), ([[284, 1042], [326, 1042], [326, 1074], [284, 1074]], '아', 0.9998263196069992), ([[285, 1071], [325, 1071], [325, 1115], [285, 1115]], '쥐', 0.9612135459702955), ([[831.2420936151634, 1097.1557242449153], [887.6696345161239, 1050.0224457097536], [976.7579063848366, 1172.8442757550847], [920.3303654838761, 1218.9775542902464]], '유', 0.4231466822875838)]
[([[524, 84], [556, 84], [556, 112], [524, 112]], '내', 0.9999850988943173), ([[487, 77], [523, 77], [523, 149], [487, 149]], '팔', 0.16259420180085726), ([[369, 145], [407, 145], [407, 209], [369, 209]], '쌀', 0.6475214930252129), ([[486, 124], [562, 124], [562, 222], [486, 222]], '출륭', 0.005085277348356241), ([[371, 221], [407, 221], [407, 315], [371, 315]], '출', 0.04192643185924627), ([[412, 718], [488, 718], [488, 818], [412, 818]], '활꽃', 0.005178384718649875), ([[290, 790], [318, 790], [318, 824], [290, 824]], '오', 0.47244440144635064), ([[286, 822], [320, 822], [320, 850], [286, 850]], '빠', 0.9955674761388309), ([[319, 787], [359, 787], [359, 911], [319, 911]], '불', 0.00553559285898958), ([[412, 786], [490, 786], [490, 924], [412, 924]], '불사', 0.19684511932283152)]
[([[833, 345], [877, 345], [877, 453], [833, 453]], '응', 0.9829727711896794), ([[820, 462], [850, 462], [850, 494], [820, 494]], '0', 0.9992696188865011), ([[820, 504], [852, 504], [852, 530], [820, 530]], '~', 0.215319772903527), ([[236, 574], [292, 574], [292, 606], [236, 606]], '살살', 0.9985515516666011), ([[816, 526], [861, 526], [861, 657], [816, 657]], '흙', 0.5912333900055309), ([[938, 774], [970, 774], [970, 892], [938, 892]], '후', 0.5646542631732245), ([[1004, 840], [1036, 840], [1036, 874], [1004, 874]], '하', 0.9989928160266892), ([[707, 885], [743, 885], [743, 929], [707, 929]], '모', 0.1814456575193626), ([[443, 899], [511, 899], [511, 969], [443, 969]], '학', 0.16201532155457077), ([[633, 947], [693, 947], [693, 1013], [633, 1013]], '빠', 0.7960825168884753), ([[476, 1196], [534, 1196], [534, 1222], [476, 1222]], '소물락', 0.928147595678359), ([[606, 1254], [642, 1254], [642, 1284], [606, 1284]], '부비', 0.9811986418592838), ([[700, 1370], [750, 1370], [750, 1426], [700, 1426]], '쥐', 0.1787879186327359), ([[231, 1413], [275, 1413], [275, 1493], [231, 1493]], '전', 0.08792663467379302), ([[317, 1377], [353, 1377], [353, 1477], [317, 1477]], '팩', 0.09640856333135162), ([[831, 1427], [893, 1427], [893, 1487], [831, 1487]], '아', 0.9204592216474907), ([[749, 1475], [811, 1475], [811, 1573], [749, 1573]], '뼈', 0.1837101317228793), ([[698.3051384180819, 254.0815813559439], [723.5097207495229, 246.04361965276695], [740.6948615819181, 301.9184186440561], [715.4902792504771, 309.95638034723305]], "'", 0.12502933164848518), ([[276.49027925047704, 654.043619652767], [299.3631631259331, 642.0220623673484], [336.50972074952296, 717.956380347233], [313.6368368740669, 729.9779376326516]], '흙', 0.2260337810854276), ([[615.9230627620734, 660.1999631813908], [637.5562235775935, 647.0520150387546], [665.0769372379266, 691.8000368186092], [642.4437764224065, 705.9479849612454]], '퍽', 0.9976984407643528), ([[194.0, 959.0], [397.2896512907439, 871.3234983156881], [435.0, 959.0], [230.7103487092561, 1045.676501684312]], '(4아아', 0.4257165789604187), ([[949.4039600767729, 1290.0222348737307], [1008.5172413793103, 1316.2068965517242], [937.5960399232271, 1479.9777651262693], [877.4827586206897, 1453.7931034482758]], '야', 0.9015631997988329), ([[160.37567706660542, 1482.0656822130454], [188.79778699437745, 1476.1080221453817], [199.62432293339458, 1534.9343177869546], [171.20221300562255, 1539.8919778546183]], '고', 0.017810076164243904)]
[([[479, 27], [543, 27], [543, 87], [479, 87]], '없굴', 0.43735727845504907), ([[584, 54], [614, 54], [614, 110], [584, 110]], '삶', 0.24346327177078653), ([[858, 60], [888, 60], [888, 90], [858, 90]], '안', 0.9995059385340745), ([[591, 111], [605, 111], [605, 133], [591, 133]], '2', 0.23285081630228266), ([[479, 97], [515, 97], [515, 207], [479, 207]], '몇', 0.06877354952178028), ([[806, 112], [836, 112], [836, 160], [806, 160]], '댁', 0.09108177253242289), ([[840, 192], [870, 192], [870, 234], [840, 234]], '%', 0.8153971538172868), ([[760, 216], [820, 216], [820, 264], [760, 264]], '얼름', 0.09161562163578343), ([[135, 247], [201, 247], [201, 333], [135, 333]], '양', 0.5519792524206082), ([[792, 316], [820, 316], [820, 356], [792, 356]], '4', 0.9031288443304994), ([[210, 358], [242, 358], [242, 394], [210, 394]], '', 0.0), ([[718, 364], [778, 364], [778, 392], [718, 392]], '계거', 0.9996273579046215), ([[806, 356], [834, 356], [834, 392], [806, 392]], '뉴', 0.01340026169463654), ([[113, 359], [175, 359], [175, 445], [113, 445]], '양', 0.4864891082604714), ([[720, 388], [748, 388], [748, 422], [720, 422]], '속', 0.9979793514462507), ([[748, 390], [780, 390], [780, 446], [748, 446]], '만', 0.9019609934456163), ([[331, 481], [411, 481], [411, 525], [331, 525]], '찌핏', 0.1748786377651986), ([[653, 415], [689, 415], [689, 507], [653, 507]], '향', 0.03028498038976668), ([[220, 506], [252, 506], [252, 638], [220, 638]], '륙', 0.009557333584595762), ([[876, 1064], [916, 1064], [916, 1094], [876, 1094]], '부로', 0.06753287734710307), ([[975, 1053], [1017, 1053], [1017, 1089], [975, 1089]], '하', 0.999738471920196), ([[546, 1096], [638, 1096], [638, 1174], [546, 1174]], '아', 0.9313237687549645), ([[575, 1179], [611, 1179], [611, 1217], [575, 1217]], '0', 0.9930398403596428), ([[99, 1205], [135, 1205], [135, 1253], [99, 1253]], '오', 0.9999810458127776), ([[100, 1244], [132, 1244], [132, 1278], [100, 1278]], '~', 0.9998409811299922), ([[510, 1222], [602, 1222], [602, 1296], [510, 1296]], '아', 0.9932940751633055), ([[60, 1306], [112, 1306], [112, 1422], [60, 1422]], '맛', 0.24429122240479106), ([[416, 1352], [444, 1352], [444, 1376], [416, 1376]], '~', 0.4079134888858249), ([[496, 1344], [566, 1344], [566, 1394], [496, 1394]], '0', 0.6695468169141492), ([[506, 1398], [582, 1398], [582, 1494], [506, 1494]], '앞', 0.507329602351092), ([[368, 1510], [420, 1510], [420, 1542], [368, 1542]], '절썩', 0.811300985496607), ([[29.990717017341776, 504.126664437], [196.8078575412404, 476.20210970689027], [211.00928298265822, 614.873335563], [44.192142458759605, 642.7978902931097]], '0', 0.42716581652371133), ([[403.4088311299229, 585.029194412221], [482.76914368584494, 655.3516732326158], [445.5911688700771, 697.970805587779], [366.23085631415506, 628.6483267673842]], '차아', 0.14978808230392776), ([[510.24001230982435, 840.0321452559276], [635.9991556827225, 906.8767238947572], [597.7599876901756, 975.9678547440724], [472.00084431727754, 909.1232761052428]], '야릇', 0.6535524499534301), ([[603.0737387183583, 924.0719277974933], [702.8899897529344, 950.8563126693331], [687.9262612816417, 999.9280722025067], [588.1100102470656, 973.1436873306669]], '오르', 0.4510854513648013), ([[881.1385883402016, 1148.0413187380975], [1028.858440862945, 1193.410023434856], [1002.8614116597984, 1269.9586812619025], [855.1415591370551, 1224.589976565144]], '철썩 잘-', 0.5827385171937581), ([[387.289131459427, 1233.0854389836506], [409.48532508119945, 1223.0395170046834], [433.710868540573, 1279.9145610163494], [411.51467491880055, 1289.9604829953166]], '출', 0.30332223303731), ([[367.15350102802535, 1307.1219034952862], [386.46313064082085, 1292.0359638987468], [427.84649897197465, 1346.8780965047138], [407.53686935917915, 1361.9640361012532]], '#', 0.10706931555938581), ([[202.43114544423202, 1397.0270271644363], [328.9228108853522, 1466.0406714763162], [301.568854555768, 1513.9729728355637], [175.07718911464778, 1444.9593285236838]], '4격4척 ,', 0.09334659908483206)]
[([[660, 50], [708, 50], [708, 108], [660, 108]], '히', 0.9814028893742943), ([[649, 107], [685, 107], [685, 147], [649, 147]], '야', 0.9936218959976237), ([[380, 148], [438, 148], [438, 200], [380, 200]], '빠', 0.9858618005212207), ([[350, 452], [404, 452], [404, 520], [350, 520]], '올', 0.9263527365306459), ([[269, 585], [309, 585], [309, 627], [269, 627]], '빠', 0.7056713545718054), ([[420, 498], [512, 498], [512, 678], [420, 678]], '월', 0.9943868234926221), ([[490, 792], [528, 792], [528, 824], [490, 824]], '4각', 0.019942006480068882), ([[639, 875], [675, 875], [675, 959], [639, 959]], '약', 0.1525461702258326), ([[724, 876], [780, 876], [780, 932], [724, 932]], '호엎', 0.001494261628304935), ([[991, 903], [1031, 903], [1031, 1029], [991, 1029]], '거', 0.3742115259712051), ([[963, 1073], [1023, 1073], [1023, 1211], [963, 1211]], '%', 0.03277095641573968), ([[148, 1242], [174, 1242], [174, 1314], [148, 1314]], '안', 0.9666238988235456), ([[116, 1306], [148, 1306], [148, 1390], [116, 1390]], '말', 0.42049260371615915), ([[539, 1301], [599, 1301], [599, 1435], [539, 1435]], '흥', 0.10976167810726167), ([[940, 1334], [994, 1334], [994, 1408], [940, 1408]], '옷', 0.9850906942279067), ([[924, 1416], [948, 1416], [948, 1450], [924, 1450]], '양', 0.9828391028100079), ([[520, 1432], [568, 1432], [568, 1486], [520, 1486]], '아', 0.9997955665177507), ([[32, 1478], [64, 1478], [64, 1514], [32, 1514]], '하', 0.9994276389143266), ([[46, 1514], [72, 1514], [72, 1548], [46, 1548]], '면', 0.9991454520350231), ([[789.6960372667223, 363.2185080734949], [815.6270701768028, 346.04945788614214], [850.3039627332777, 399.7814919265051], [824.3729298231972, 416.95054211385786]], '춤', 0.5163363260819551), ([[684.0939460213589, 374.10396789184324], [745.8179199121402, 388.8069000274562], [736.9060539786411, 424.89603210815676], [674.1820800878598, 411.1930999725438]], '찌컷', 0.3068662469666799), ([[829.9563638994289, 438.1385464278869], [857.6270701768028, 425.04945788614214], [883.0436361005711, 482.8614535721131], [855.3729298231972, 495.95054211385786]], '출', 0.9074774254874143), ([[711.3756770666055, 504.0656822130455], [736.4631306408209, 495.0359638987467], [756.6243229333945, 556.9343177869545], [731.5368693591791, 564.9640361012533]], '없', 0.0072051623862565695), ([[372.1132466948843, 642.0437916183316], [435.77708706596235, 617.0336107773578], [484.8867533051157, 760.9562083816684], [421.22291293403765, 784.9663892226422]], '월', 0.4259574669106314), ([[828.3718912928917, 646.0329672824715], [938.9452700543037, 707.1914432726147], [912.6281087071083, 752.9670327175285], [802.0547299456963, 691.8085567273853]], "'쑤겨4건", 0.01941053227484484), ([[602.1218571837177, 757.0429432739202], [667.1053329084177, 742.2497100993891], [695.8781428162823, 876.9570567260798], [630.8946670915823, 892.7502899006109]], '필', 0.8307641889673647), ([[568.3051384180819, 810.0815813559439], [590.5562235775935, 804.0520150387546], [603.6948615819181, 857.9184186440561], [581.4437764224065, 862.9479849612454]], '쭉', 0.0416416403760389), ([[430.6525022057895, 1159.0075507331596], [492.44201152930793, 1148.0122202203643], [539.3474977942104, 1404.9924492668404], [477.55798847069207, 1416.9877797796357]], '벌', 0.0024369792547763863), ([[144.37202246627936, 1170.024685321748], [202.23974215076169, 1157.0966437888942], [232.62797753372064, 1312.975314678252], [175.76025784923831, 1325.9033562111058]], '즉', 0.06681145462152926), ([[958.5881808562937, 1210.0169883611538], [995.840576791891, 1206.0711633566393], [1009.4118191437063, 1340.9830116388462], [972.159423208109, 1344.9288366433607]], '푹', 0.7701348121418619), ([[75.67586621696495, 1332.0131544686687], [104.49235139407509, 1329.0304168852697], [116.32413378303505, 1462.9868455313313], [87.50764860592491, 1465.9695831147303]], '#', 0.005075173753867068), ([[50.58729488617594, 1437.0285231804667], [77.3425720178735, 1429.0196234445007], [100.41270511382406, 1514.9714768195333], [74.6574279821265, 1521.9803765554993]], '륙', 0.14203913346161645)]
[([[690, 48], [758, 48], [758, 102], [690, 102]], '백직', 0.17038075116950727), ([[873, 123], [937, 123], [937, 183], [873, 183]], '0', 0.9915148774730511), ([[537, 211], [587, 211], [587, 249], [537, 249]], '스', 0.07299579210294471), ([[830, 284], [854, 284], [854, 312], [830, 312]], '양', 0.9880398268870216), ([[932, 316], [982, 316], [982, 346], [932, 346]], '지컷', 0.23724843393393316), ([[859, 547], [1035, 547], [1035, 631], [859, 631]], '째래', 0.20276850029895288), ([[846, 608], [956, 608], [956, 706], [846, 706]], '아', 0.5533105948737536), ([[925, 717], [969, 717], [969, 759], [925, 759]], '야', 0.17764780215216902), ([[855, 737], [935, 737], [935, 805], [855, 805]], '야', 0.9964064515270934), ([[851, 817], [939, 817], [939, 885], [851, 885]], '아', 0.9998397891322384), ([[675, 983], [843, 983], [843, 1073], [675, 1073]], '아입', 0.3117979423261177), ([[402, 1120], [504, 1120], [504, 1194], [402, 1194]], '주육', 0.07745487628054537), ([[852, 1470], [892, 1470], [892, 1496], [852, 1496]], '찌갑', 0.04069320472800555), ([[497.96329530880314, -13.971695848902133], [728.202800783696, 54.55408009340242], [677.0367046911969, 206.97169584890213], [447.79719921630397, 138.44591990659757]], '후속', 0.34403973829065626), ([[385.1212331386742, 99.02760690492013], [575.787630274922, 171.57075085632326], [528.8787668613257, 285.9723930950799], [338.212369725078, 213.42924914367674]], '찌컷', 0.08261152165443712), ([[22.221123327070902, 346.03037858650754], [95.45421866970388, 331.30583625466966], [123.7788766729291, 493.96962141349246], [50.54578133029612, 508.69416374533034]], '찢', 0.9449103096412728), ([[651.2078167626688, 427.017440512583], [886.9881968748374, 552.3482537364189], [810.7921832373312, 689.982559487417], [575.0118031251626, 563.6517462635811]], '찌컷', 0.2516884784915861), ([[192.3527569522861, 579.0130967214665], [389.42652168826936, 749.7547168997398], [296.6472430477139, 857.9869032785335], [100.57347831173063, 687.2452831002602]], '{:', 0.02926091450424832), ([[202.91357104748977, 1405.0492815223874], [373.1326111441768, 1433.52060616684], [351.08642895251023, 1538.9507184776126], [181.8673888558232, 1510.47939383316]], '숲옷', 0.06499502787830155)]
[([[402, 96], [434, 96], [434, 158], [402, 158]], '참', 0.18568015868766796), ([[946, 104], [976, 104], [976, 138], [946, 138]], '앗', 0.4904998718359366), ([[365, 185], [403, 185], [403, 313], [365, 313]], '움', 0.008299957968793459), ([[910, 252], [946, 252], [946, 280], [910, 280]], '빠', 0.989976022825406), ([[912, 220], [944, 220], [944, 254], [912, 254]], '오', 0.9999952316341023), ([[945, 221], [983, 221], [983, 283], [945, 283]], '만', 0.9978387125420909), ([[508, 260], [540, 260], [540, 322], [508, 322]], '저', 0.9996524159205933), ([[945, 291], [985, 291], [985, 343], [945, 343]], '해', 0.9999543433632461), ([[90, 372], [133, 372], [133, 469], [90, 469]], '팬', 0.25028141307211627), ([[456, 450], [488, 450], [488, 484], [456, 484]], '서', 0.9998850855463957), ([[888, 480], [920, 480], [920, 516], [888, 516]], '완', 0.945275827899664), ([[87, 495], [123, 495], [123, 559], [87, 559]], '또', 0.08867477855578532), ([[87, 653], [123, 653], [123, 719], [87, 719]], '삶', 0.13591380150781962), ([[880, 702], [910, 702], [910, 726], [880, 726]], '찌', 0.9244047475955917), ([[890, 722], [922, 722], [922, 754], [890, 754]], '길', 0.022073988351174245), ([[407, 835], [455, 835], [455, 873], [407, 873]], '응?', 0.9634711999522582), ([[966, 982], [1034, 982], [1034, 1012], [966, 1012]], '이 게', 0.988585889339447), ([[962, 1006], [1038, 1006], [1038, 1080], [962, 1080]], '콜다', 0.09539600956887281), ([[882, 1066], [914, 1066], [914, 1136], [882, 1136]], '종', 0.6043950847477078), ([[913, 1069], [951, 1069], [951, 1189], [913, 1189]], '움', 0.007088280373901468), ([[411, 1173], [447, 1173], [447, 1187], [411, 1187]], '1^', 0.1056518400074096), ([[839, 1177], [875, 1177], [875, 1245], [839, 1245]], '엇', 0.07896484572944562), ([[918, 1188], [946, 1188], [946, 1222], [918, 1222]], '논', 0.9013509809763178), ([[792, 1234], [820, 1234], [820, 1290], [792, 1290]], '짓', 0.20633922495754664), ([[120, 1366], [200, 1366], [200, 1464], [120, 1464]], '햇째', 0.2690610940115389), ([[310, 1388], [348, 1388], [348, 1416], [310, 1416]], '아', 0.999628339974393), ([[124, 1432], [158, 1432], [158, 1456], [124, 1456]], '게', 0.59197590228246), ([[272, 1420], [352, 1420], [352, 1476], [272, 1476]], '요 1', 0.23823419213294983), ([[37, 1455], [87, 1455], [87, 1495], [37, 1495]], '아', 0.9931189585445424), ([[160, 1460], [194, 1460], [194, 1490], [160, 1490]], '게', 0.9956351568786239), ([[231, 1412], [315, 1412], [315, 1544], [231, 1544]], '몸음', 0.010018779628731116), ([[97, 1467], [133, 1467], [133, 1561], [97, 1561]], '북', 0.10623432761036611), ([[474.4290466368775, 340.03270574083444], [514.4598137389553, 336.21785154480153], [522.5709533631225, 436.96729425916556], [482.54018626104465, 440.78214845519847]], '#', 0.007006562046481479), ([[522.4116515945855, 812.0582579729272], [543.4428556867581, 804.032866898721], [569.5883484054145, 867.9417420270728], [548.5571443132419, 876.967133101279]], '불', 0.9749010750713047), ([[357.00019994001997, 1116.1009797060979], [426.762888214984, 1132.4785218202135], [415.99980005998003, 1174.8990202939021], [345.237111785016, 1158.5214781797865]], '지컷', 0.1442931455762579), ([[701.0789916602317, 1237.1448741467184], [721.5883484054145, 1228.0582579729273], [741.9210083397683, 1273.8551258532816], [721.4116515945855, 1283.9417420270727]], '흡', 0.14723407074939487), ([[627.8461538461538, 1277.2307692307693], [647.5462677805469, 1262.0501539850466], [682.1538461538462, 1306.7692307692307], [662.4537322194531, 1321.9498460149534]], '층', 0.033649397097203826), ([[582.2619071887366, 1295.0547781645348], [666.9816027891767, 1328.571475028888], [648.7380928112634, 1371.9452218354652], [564.0183972108233, 1337.428524971112]], '스루흡', 0.11486098601756413), ([[28.351644915389485, 1503.0351332215832], [75.36919995615682, 1518.8878118059702], [45.648355084610515, 1606.9648667784168], [-1.3691999561568178, 1591.1121881940298]], '삶', 0.21739520650376765)]
[([[430, 88], [456, 88], [456, 120], [430, 120]], '0', 0.9947487096207261), ([[428, 142], [458, 142], [458, 172], [428, 172]], '0', 0.99551323805008), ([[978, 114], [1008, 114], [1008, 190], [978, 190]], '꽃', 0.07501778286727134), ([[238, 150], [316, 150], [316, 242], [238, 242]], '개', 0.021921139655491695), ([[270, 236], [318, 236], [318, 302], [270, 302]], '육', 0.967869113041516), ([[907, 225], [973, 225], [973, 337], [907, 337]], ' 출', 0.0034962606675674585), ([[469, 305], [505, 305], [505, 413], [469, 413]], '옆', 0.09914640120516882), ([[910, 348], [940, 348], [940, 400], [910, 400]], '망', 0.7629915063916748), ([[910, 418], [938, 418], [938, 442], [910, 442]], '나', 0.898722333997771), ([[15, 294], [119, 294], [119, 628], [15, 628]], '여', 0.0135737077251466), ([[136, 496], [168, 496], [168, 596], [136, 596]], '꿀', 0.011997676559886372), ([[436, 526], [484, 526], [484, 578], [436, 578]], '오', 0.9999682905803553), ([[569, 411], [605, 411], [605, 493], [569, 493]], '뿐', 0.22198755611797427), ([[655, 519], [697, 519], [697, 587], [655, 587]], '약', 0.02362435695719345), ([[439, 573], [495, 573], [495, 617], [439, 617]], '빠', 0.9967474010902357), ([[884, 564], [964, 564], [964, 612], [884, 612]], '찌릿', 0.10206756167070584), ([[460, 616], [490, 616], [490, 646], [460, 646]], '앗', 0.30237663215817534), ([[963, 699], [1005, 699], [1005, 749], [963, 749]], '그', 0.9999693634472386), ([[960, 766], [1008, 766], [1008, 826], [960, 826]], '만', 0.999685431427114), ([[100, 944], [128, 944], [128, 996], [100, 996]], '빨', 0.7532608838410546), ([[826, 950], [884, 950], [884, 974], [826, 974]], '아 그', 0.7125313393138054), ([[828, 976], [884, 976], [884, 1000], [828, 1000]], '니 게', 0.3768729865550995), ([[826, 1000], [858, 1000], [858, 1052], [826, 1052]], '탑', 0.3039187313999179), ([[986, 1128], [1012, 1128], [1012, 1152], [986, 1152]], '이', 0.9995617154761796), ([[73, 1107], [243, 1107], [243, 1204], [73, 1204]], '민우', 0.020335826237994493), ([[984, 1152], [1012, 1152], [1012, 1176], [984, 1176]], '게', 0.9782579286848545), ([[978, 1184], [1008, 1184], [1008, 1252], [978, 1252]], '요', 0.10250399138481558), ([[755, 1259], [775, 1259], [775, 1297], [755, 1297]], '속', 0.6262004957370806), ([[938, 1246], [968, 1246], [968, 1296], [938, 1296]], '댐', 0.010769670122848574), ([[169, 1305], [207, 1305], [207, 1363], [169, 1363]], '원', 0.041783984856929246), ([[889, 1337], [913, 1337], [913, 1357], [889, 1357]], '이', 0.9987768101293568), ([[888, 1358], [916, 1358], [916, 1390], [888, 1390]], '것', 0.9999492174873836), ([[110, 1384], [134, 1384], [134, 1408], [110, 1408]], '니', 0.38604418299291865), ([[888, 1386], [914, 1386], [914, 1410], [888, 1410]], '이', 0.9996016422344525), ([[108, 1408], [138, 1408], [138, 1432], [108, 1432]], '까', 0.9959231528438437), ([[574, 1436], [602, 1436], [602, 1496], [574, 1496]], '흙', 0.4830766901254471), ([[464.6606482485368, 77.01152925349072], [505.2360679774998, 84.52786404500043], [475.3393517514632, 233.98847074650928], [434.7639320225002, 225.47213595499957]], '5', 0.16876889120435923), ([[793.9484287718934, 343.0616445610941], [855.0911282904416, 320.0663871220095], [897.0515712281066, 445.9383554389059], [836.9088717095584, 468.9336128779905]], '학', 0.4309692960710301), ([[681.0061162653263, 467.0550463879374], [745.0845847457543, 449.2447440678317], [775.9938837346737, 574.9449536120626], [710.9154152542457, 592.7552559321683]], '확', 0.6018551735344637), ([[540.2594976178453, 513.0392776077462], [585.4687441612867, 486.01571199682746], [661.7405023821547, 620.9607223922538], [616.5312558387133, 648.9842880031725]], '출', 0.8991858541523925), ([[905.4421259126165, 848.0390939795767], [936.1586313673984, 845.171478959901], [942.5578740873835, 926.9609060204233], [910.8413686326016, 928.828521040099]], '품', 0.06268229943441472), ([[710.388137237664, 1251.0630587407873], [735.493196961916, 1245.0408182285037], [748.611862762336, 1304.9369412592127], [724.506803038084, 1310.9591817714963]], '승', 0.565145974287816), ([[603.282292999454, 1314.0286624931748], [670.0871973821324, 1301.2453665360554], [695.717707000546, 1456.9713375068252], [629.9128026178676, 1469.7546334639446]], '꿈', 0.007517184540341282)]
[([[663, 59], [703, 59], [703, 113], [663, 113]], '옷', 0.8337049216656887), ([[136, 136], [164, 136], [164, 166], [136, 166]], '<', 0.3569292885062083), ([[168, 130], [200, 130], [200, 174], [168, 174]], '류', 0.050648643750239586), ([[614, 94], [646, 94], [646, 190], [614, 190]], '술', 0.008585856716325557), ([[990, 92], [1020, 92], [1020, 170], [990, 170]], '잎', 0.1580672479062537), ([[1000, 236], [1032, 236], [1032, 314], [1000, 314]], '읽', 0.21869908344712385), ([[538, 338], [564, 338], [564, 366], [538, 366]], '|', 0.02202735700542746), ([[1009, 341], [1025, 341], [1025, 363], [1009, 363]], '2', 0.2846204224463236), ([[608, 340], [632, 340], [632, 392], [608, 392]], '떡', 0.448870311131234), ([[188, 460], [214, 460], [214, 564], [188, 564]], '움', 0.7634985926788431), ([[146, 538], [176, 538], [176, 616], [146, 616]], '육', 0.044736878326086194), ([[749, 529], [864, 529], [864, 596], [749, 596]], '스우', 0.3669626934947278), ([[975, 643], [999, 643], [999, 663], [975, 663]], '이', 0.9945300721192893), ([[143, 631], [179, 631], [179, 741], [143, 741]], '용', 0.5947224135632645), ([[770, 676], [832, 676], [832, 704], [770, 704]], '끼싸', 0.9804406017784644), ([[942, 638], [970, 638], [970, 726], [942, 726]], '물', 0.1613595060219417), ([[800, 702], [832, 702], [832, 730], [800, 730]], '서', 0.9998769797969089), ([[770, 700], [800, 700], [800, 756], [770, 756]], '윗', 0.12205533815831249), ([[830, 676], [862, 676], [862, 810], [830, 810]], '흙', 0.028116121077844447), ([[767, 818], [797, 818], [797, 883], [767, 883]], '#', 0.027129438148008944), ([[140, 944], [170, 944], [170, 968], [140, 968]], '빠', 0.9881020373544658), ([[142, 916], [170, 916], [170, 948], [142, 948]], '오', 0.9999980926522767), ([[169, 911], [205, 911], [205, 973], [169, 973]], '종', 0.2248871595847115), ([[168, 968], [204, 968], [204, 998], [168, 998]], '하', 0.9997781638163339), ([[172, 1004], [200, 1004], [200, 1072], [172, 1072]], '총', 0.9357485061902935), ([[706, 970], [730, 970], [730, 1052], [706, 1052]], '별', 0.7684906215925515), ([[666, 1060], [694, 1060], [694, 1084], [666, 1084]], '거', 0.9973540357883086), ([[102, 1072], [130, 1072], [130, 1156], [102, 1156]], '중', 0.8625157408349793), ([[274, 1228], [304, 1228], [304, 1280], [274, 1280]], '와', 0.3183455662839698), ([[990, 1234], [1020, 1234], [1020, 1294], [990, 1294]], '"', 0.00858366562163071), ([[281, 1283], [297, 1283], [297, 1307], [281, 1307]], '2', 0.13749550467491733), ([[206, 1334], [238, 1334], [238, 1468], [206, 1468]], '#', 0.014515735835623156), ([[944, 1382], [972, 1382], [972, 1420], [944, 1420]], '좀', 0.1486594367746683), ([[90, 1482], [116, 1482], [116, 1516], [90, 1516]], '옷', 0.6925204164908791), ([[822, 1442], [872, 1442], [872, 1502], [822, 1502]], '욕', 0.9742455752933985), ([[942, 1440], [974, 1440], [974, 1516], [942, 1516]], '용', 0.6870070959871022), ([[589.0984799331588, 236.0582954853233], [639.5961172018372, 216.02542873850487], [679.9015200668412, 326.9417045146767], [630.4038827981628, 346.97457126149516]], '속', 0.9588960361272179), ([[773.1725097715042, 425.0490820806354], [824.6337502222976, 407.02874755472607], [863.8274902284958, 522.9509179193647], [812.3662497777024, 541.9712524452739]], '속', 0.8903967061138509)]
[([[640, 366], [664, 366], [664, 394], [640, 394]], '오', 0.9999930858731574), ([[639, 393], [665, 393], [665, 413], [639, 413]], '빠', 0.9810430850247407), ([[818, 466], [846, 466], [846, 494], [818, 494]], '앗', 0.5081374959692688), ([[829, 495], [845, 495], [845, 519], [829, 519]], '?', 0.8114509303146065), ([[688, 866], [712, 866], [712, 894], [688, 894]], '들', 0.9994164364798053), ([[687, 893], [713, 893], [713, 913], [687, 913]], '어', 0.9999823571029651), ([[626, 954], [654, 954], [654, 990], [626, 990]], '와', 0.5235813904213025), ([[621, 1137], [686, 1137], [686, 1178], [621, 1178]], '찌릿', 0.33696979116008124), ([[506, 1156], [581, 1156], [581, 1205], [506, 1205]], '찌컷', 0.19532169339321703), ([[809, 1171], [873, 1171], [873, 1239], [809, 1239]], '%', 0.40097408167136805), ([[122, 1476], [174, 1476], [174, 1560], [122, 1560]], '사', 0.9717830098667015), ([[607.1763617125874, 518.0339767223076], [855.9515333832796, 575.0166468988854], [831.8236382874126, 658.9660232776924], [583.0484666167204, 601.9833531011146]], '양*  우수(', 0.2012392199858311), ([[122.4281473238831, 1402.023397351374], [175.71718970447196, 1418.8281414083501], [136.5718526761169, 1537.976602648626], [83.28281029552804, 1520.1718585916499]], '0', 0.9770569508387474)]
[([[937, 147], [1015, 147], [1015, 215], [937, 215]], ',', 0.009396400777461622), ([[166, 204], [192, 204], [192, 236], [166, 236]], '승', 0.36479775020916705), ([[798, 554], [922, 554], [922, 684], [798, 684]], '탓', 0.0025051078186501125), ([[866, 642], [996, 642], [996, 764], [866, 764]], '찍', 0.026074306451242757), ([[854, 744], [884, 744], [884, 798], [854, 798]], '낮', 0.2681623069536023), ([[818, 854], [850, 854], [850, 878], [818, 878]], '에', 0.8665750580614275), ([[424, 942], [456, 942], [456, 1076], [424, 1076]], '푹', 0.07775035252311469), ([[374, 1036], [404, 1036], [404, 1172], [374, 1172]], '흙', 0.32649665064469957), ([[375, 1169], [401, 1169], [401, 1189], [375, 1189]], '어', 0.9999825955194552), ([[221, 1325], [263, 1325], [263, 1369], [221, 1369]], '오', 0.9999977350247811), ([[212, 1372], [260, 1372], [260, 1402], [212, 1402]], '빠', 0.9924072458517372), ([[835, 1317], [1001, 1317], [1001, 1481], [835, 1481]], '쓸요', 0.32068328836332666), ([[878, 1456], [930, 1456], [930, 1508], [878, 1508]], '오', 0.9419608246867064), ([[622, 1458], [835, 1458], [835, 1561], [622, 1561]], '속싹', 0.023292963892962218), ([[872.2502366067374, 17.02814686960727], [965.7704357079593, 105.86960424412916], [907.7497633932626, 169.97185313039273], [813.2295642920407, 81.13039575587084]], '릇;', 0.0008732345880014673), ([[815.2612831448469, 121.02732245543291], [942.9867070933637, 201.48455705324574], [895.7387168551531, 275.9726775445671], [768.0132929066363, 194.51544294675426]], '스움', 0.1449884024599662), ([[871.1633158022399, 432.0233528600952], [975.1059312243132, 393.04082501850155], [1057.83668419776, 640.9766471399048], [953.8940687756868, 679.9591749814984]], '숲', 0.6344818937044607), ([[287.98268547211705, 923.0649466825132], [348.22128740717454, 901.0937709956594], [387.01731452788295, 1016.9350533174868], [326.77871259282546, 1039.9062290043407]], '껍', 0.017128809435750014), ([[150.3410893700699, 968.027181377846], [211.62443754126463, 987.3109137513645], [174.6589106299301, 1104.972818622154], [113.37556245873539, 1086.6890862486355]], '퍽', 0.9883583651363246), ([[145.30265739077055, 1113.0488674744709], [218.99702999676794, 1151.8276886208012], [195.69734260922945, 1193.9511325255291], [122.00297000323206, 1155.1723113791988]], '찌격', 0.874738666154233), ([[860.2420229520397, 1164.0239626422274], [1040.0, 1255.0], [990.7579770479603, 1345.9760373577726], [812.0, 1255.0]], '음(꾸', 0.004829037786010966)]
[([[761, 101], [799, 101], [799, 277], [761, 277]], '#', 0.6303716851082442), ([[791, 100], [868, 100], [868, 271], [791, 271]], '굵', 0.04088243383696821), ([[590, 238], [664, 238], [664, 336], [590, 336]], '#습', 0.18670640638424507), ([[625, 315], [663, 315], [663, 379], [625, 379]], '몸', 0.038416406879548726), ([[593, 349], [629, 349], [629, 435], [593, 435]], '넓', 0.38767271889952326), ([[739, 763], [897, 763], [897, 957], [739, 957]], '7품', 0.004003636996400595), ([[584, 902], [656, 902], [656, 1004], [584, 1004]], '물물', 0.9181587818287035), ([[822, 880], [850, 880], [850, 942], [822, 942]], '숲', 0.9726454115400571), ([[586, 982], [618, 982], [618, 1042], [586, 1042]], '빚', 0.025233412228296892), ([[653, 909], [689, 909], [689, 1057], [653, 1057]], "'", 0.13882231275985735), ([[622, 1012], [652, 1012], [652, 1100], [622, 1100]], '출', 0.5711369817888432), ([[955, 1053], [1021, 1053], [1021, 1151], [955, 1151]], '팩', 0.03586395099276296), ([[262, 1208], [318, 1208], [318, 1280], [262, 1280]], '푸', 0.7573252875562417), ([[956, 1228], [1014, 1228], [1014, 1276], [956, 1276]], '질펴', 0.5888745302394124), ([[406, 1280], [458, 1280], [458, 1328], [406, 1328]], '해', 0.6454939559950077), ([[448, 1240], [503, 1240], [503, 1355], [448, 1355]], '쭉', 0.1234608397918544), ([[938, 1276], [1024, 1276], [1024, 1352], [938, 1352]], '질씬', 0.04521185443560833), ([[137, 1377], [155, 1377], [155, 1417], [137, 1417]], '사', 0.5909528457517723), ([[222, 1362], [252, 1362], [252, 1456], [222, 1456]], '둘', 0.14907808437854797), ([[891, 1358], [996, 1358], [996, 1431], [891, 1431]], '질픽', 0.018621071105671592), ([[222, 1452], [250, 1452], [250, 1476], [222, 1476]], '이', 0.9995074878725632), ([[477.49027925047704, 208.04361965276695], [503.727606875109, 205.089572499564], [512.5097207495229, 271.95638034723305], [486.272393124891, 274.910427500436]], '흉', 0.2464007390870373), ([[928.6098721207246, 225.0047569497112], [1048.495401175568, 211.1957925547349], [1094.3901278792753, 666.9952430502888], [974.5045988244318, 679.8042074452651]], '출', 0.5071605620409549), ([[544.1430466182295, 554.1017242258882], [814.5667025298271, 535.2358013824692], [813.8569533817705, 678.8982757741118], [544.4332974701729, 697.7641986175308]], '썩 셋', 0.02323494665324688), ([[438.3509913337619, 518.0105330798656], [735.515992670662, 727.6266683090954], [636.6490086662382, 865.9894669201344], [339.4840073293381, 656.3733316909046]], '표 4', 0.001381601692352258), ([[313.0197874239788, 1220.0602781342286], [366.6089154740799, 1195.023207289554], [417.9802125760212, 1316.9397218657714], [364.3910845259201, 1341.976792710446]], '죽', 0.20751088231703818), ([[283.2747574101838, 1261.0376711377646], [389.994128599393, 1312.7133553852707], [360.7252425898162, 1370.9623288622354], [254.00587140060702, 1318.2866446147293]], '%해', 0.11000971506245735)]
[([[177, 149], [327, 149], [327, 185], [177, 185]], '하다 어 내', 0.9651074673264246), ([[182, 182], [214, 182], [214, 216], [182, 216]], '고', 0.9999864101871623), ([[210, 172], [333, 172], [333, 322], [210, 322]], '합륭', 0.000475424263907828), ([[241, 467], [399, 467], [399, 577], [241, 577]], '셋출울줄', 0.008920270949602127), ([[960, 490], [988, 490], [988, 542], [960, 542]], '와', 0.03555259550406564), ([[282, 474], [362, 474], [362, 714], [282, 714]], '@', 0.06935668108134507), ([[927, 615], [963, 615], [963, 651], [927, 651]], '잇', 0.22548988041279827), ([[166, 846], [196, 846], [196, 900], [166, 900]], '웬', 0.40890996493523346), ([[854, 822], [992, 822], [992, 920], [854, 920]], '색물빛다', 0.023726994171738625), ([[106, 970], [134, 970], [134, 1024], [106, 1024]], '빨', 0.14661880011067296), ([[158, 952], [184, 952], [184, 986], [158, 986]], '5', 0.5031570291376717), ([[294, 942], [326, 942], [326, 1000], [294, 1000]], '제', 0.9918743410942312), ([[888, 824], [960, 824], [960, 1066], [888, 1066]], '#', 0.056572421879114154), ([[953, 925], [989, 925], [989, 1009], [953, 1009]], '유', 0.061509400911639256), ([[365, 1019], [401, 1019], [401, 1103], [365, 1103]], '시', 0.1250701168339141), ([[246, 1110], [308, 1110], [308, 1140], [246, 1140]], '아그', 0.9914566883393353), ([[246, 1138], [276, 1138], [276, 1162], [246, 1162]], '마', 0.9987485750117209), ([[516, 1114], [544, 1114], [544, 1164], [516, 1164]], '엔', 0.08040889778238025), ([[276, 1138], [306, 1138], [306, 1190], [276, 1190]], '팩', 0.06218896112828198), ([[448, 1224], [482, 1224], [482, 1252], [448, 1252]], '싸', 0.6047309917679655), ([[114, 1220], [166, 1220], [166, 1280], [114, 1280]], '쥐', 0.8161145515531167), ([[602, 1390], [626, 1390], [626, 1418], [602, 1418]], '농', 0.7862326167344555), ([[368.5296973673979, 790.0370934146066], [393.4884168150705, 793.3952705736266], [384.4703026326021, 858.9629065853934], [358.5115831849295, 854.6047294263734]], '옷', 0.21485321280735903)]
[([[282, 156], [340, 156], [340, 184], [282, 184]], '채 린', 0.36636167764663696), ([[694, 158], [744, 158], [744, 248], [694, 248]], '삶', 0.4210435589829018), ([[118, 218], [192, 218], [192, 384], [118, 384]], '용', 0.11624823177101096), ([[641, 247], [677, 247], [677, 345], [641, 345]], '중', 0.7357360825639923), ([[453, 589], [515, 589], [515, 693], [453, 693]], '까', 0.8229007387085439), ([[558, 618], [614, 618], [614, 672], [558, 672]], '아', 0.9840980257457801), ([[406, 698], [490, 698], [490, 778], [406, 778]], '까', 0.33487113877549746), ([[718, 678], [820, 678], [820, 838], [718, 838]], '퍽', 0.00767083243329858), ([[969, 601], [1079, 601], [1079, 773], [969, 773]], '필', 0.02553943824958882), ([[968, 868], [1018, 868], [1018, 956], [968, 956]], '화', 0.20862946999020338), ([[962, 986], [1034, 986], [1034, 1086], [962, 1086]], '아', 0.6723939276832347), ([[192, 1460], [242, 1460], [242, 1520], [192, 1520]], '욕', 0.28671836401219153), ([[923.3977448491555, 60.0151224981946], [1005.6281698111399, 36.016452833640095], [1074.6022551508445, 282.9848775018054], [991.3718301888601, 307.9835471663599]], '쭉', 0.04469645040046899), ([[388.07944680100655, 75.69533616120788], [441.2246073373713, 62.98726002809262], [447.92055319899345, 92.30466383879212], [394.7753926626287, 105.01273997190738]], '찌라', 0.07978717402336791), ([[174.48196957870272, 105.02690795554611], [215.51014432749284, 94.02609280694475], [243.51803042129728, 210.9730920444539], [202.48985567250716, 220.97390719305525]], '북', 0.020073328586907246), ([[835.178858198043, 191.02595952907967], [918.5411970812584, 150.01127004979944], [1018.821141801957, 374.97404047092033], [934.4588029187416, 415.9887299502006]], '썩', 0.06743302288438091), ([[642.0931237962774, 327.031670286767], [722.5134330854174, 272.0101429389389], [860.9068762037226, 495.968329713233], [780.4865669145826, 550.9898570610611]], '속', 0.11901239402294905), ([[786.1465817537794, 329.02804265744686], [866.5074255126245, 277.0099068768104], [999.8534182462206, 506.97195734255314], [918.4925744873755, 558.9900931231896]], '속', 0.053570305661541306), ([[672.4270420771214, 524.0091212216131], [806.5037585713667, 583.0983822760836], [677.5729579228786, 873.9908787783869], [543.4962414286333, 814.9016177239164]], '필', 0.5592585844241604), ([[88.92826276512066, 921.0302509426357], [288.6580774388468, 978.9862776527945], [239.07173723487935, 1135.9697490573642], [39.34192256115321, 1078.0137223472054]], '부자', 0.31689113892027754), ([[688.3516171456257, 1202.0123692153923], [1067.9482054625153, 1364.6739790347176], [1005.6483828543743, 1497.9876307846077], [625.0517945374847, 1335.3260209652824]], '부직부적다', 0.0877904463728869)]
[([[145, 123], [217, 123], [217, 185], [145, 185]], '상', 0.017953389233128725), ([[777, 123], [837, 123], [837, 269], [777, 269]], '철', 0.9969336686761068), ([[182, 234], [232, 234], [232, 400], [182, 400]], '응', 0.2296652077580461), ([[269, 265], [305, 265], [305, 355], [269, 355]], '틀', 0.3434321464551573), ([[517, 207], [585, 207], [585, 351], [517, 351]], '철', 0.9982383863680298), ([[980, 260], [1009, 260], [1009, 331], [980, 331]], '틀', 0.23760840671666816), ([[922, 506], [950, 506], [950, 570], [922, 570]], '산', 0.577470345525942), ([[588, 628], [638, 628], [638, 660], [588, 660]], '찌료', 0.2557071195943243), ([[888, 706], [936, 706], [936, 738], [888, 738]], '찌료', 0.3479107947049375), ([[166, 888], [268, 888], [268, 920], [166, 920]], '아마도', 0.9996986879759243), ([[178, 1126], [250, 1126], [250, 1154], [178, 1154]], '오빠가', 0.9970250129699707), ([[179, 1155], [241, 1155], [241, 1193], [179, 1193]], '곁에', 0.8432665951811298), ([[253, 1155], [363, 1155], [363, 1191], [253, 1191]], '잇는   한', 0.4722740910568329), ([[180, 1226], [208, 1226], [208, 1250], [180, 1250]], '이', 0.9998012879869158), ([[221, 1217], [286, 1217], [286, 1262], [221, 1262]], '눈은', 0.9979386304243865), ([[299, 1221], [417, 1221], [417, 1259], [299, 1259]], '원래대로', 0.9991864562034607), ([[433, 1223], [549, 1223], [549, 1259], [433, 1259]], '돌아오 지', 0.6164670991801411), ([[561, 1221], [629, 1221], [629, 1259], [561, 1259]], '않아', 0.9945413836824155), ([[241.33041051999302, 126.04503784794838], [277.4696129729783, 110.02210248642959], [318.66958948000695, 209.95496215205162], [281.5303870270217, 225.9778975135704]], '불', 0.7013875405247951)]
[([[608, 540], [686, 540], [686, 570], [608, 570]], '오빠가', 0.9698234796524048), ([[699, 537], [827, 537], [827, 573], [699, 573]], '누구데제도', 0.5329846622596125), ([[842, 540], [946, 540], [946, 572], [842, 572]], '보여주 지', 0.6923274026593289), ([[957, 537], [1013, 537], [1013, 575], [957, 575]], '않은', 0.4813518782770436), ([[608, 570], [686, 570], [686, 602], [608, 602]], '어둠고', 0.74701042860002), ([[700, 570], [778, 570], [778, 602], [700, 602]], '무거운', 0.9970923448110246), ([[792, 570], [822, 570], [822, 602], [792, 602]], '것', 0.9999201313708141), ([[610, 648], [690, 648], [690, 678], [610, 678]], '언젠가', 0.9874891776203031), ([[701, 645], [805, 645], [805, 681], [701, 681]], '모든 것올', 0.8829885483537889), ([[817, 645], [997, 645], [997, 681], [817, 681]], '걷어내다고해도', 0.7629056209611517), ([[608, 680], [662, 680], [662, 710], [608, 710]], '나는', 0.9310853681355128), ([[674, 678], [780, 678], [780, 710], [674, 710]], '아무것도', 0.9993024468421936), ([[792, 680], [872, 680], [872, 708], [792, 708]], '바뀌지', 0.9755158688980888), ([[884, 678], [966, 678], [966, 710], [884, 710]], '압논데', 0.2884724712796549)]
[([[935, 203], [971, 203], [971, 283], [935, 283]], '한', 0.6364824695248359), ([[284, 564], [314, 564], [314, 616], [284, 616]], '넷', 0.12044890243466799), ([[198, 662], [226, 662], [226, 718], [198, 718]], '굶', 0.12244989132810336), ([[284, 628], [314, 628], [314, 710], [284, 710]], '옛', 0.021199244583897325), ([[200, 728], [226, 728], [226, 782], [200, 782]], '곁', 0.7106297970409656), ([[865, 1083], [931, 1083], [931, 1218], [865, 1218]], '@물', 0.00491698473123298), ([[812, 1238], [844, 1238], [844, 1290], [812, 1290]], '와', 0.2006556296847215), ([[812, 1290], [844, 1290], [844, 1314], [812, 1314]], '아', 0.9969209328939463), ([[256.2370141040878, 1020.0487100118849], [331.99963775771994, 1064.9340699147504], [304.7629858959122, 1109.9512899881151], [229.00036224228003, 1064.0659300852496]], '애', 0.06897701410366608)]
[([[542, 1368], [594, 1368], [594, 1398], [542, 1398]], '~사', 0.04247311508881941)]
[([[585, 115], [649, 115], [649, 153], [585, 153]], '후기', 0.9999693172321554), ([[566, 178], [717, 178], [717, 222], [566, 222]], '안녕하세요', 0.9984372273274015), ([[571, 211], [919, 211], [919, 253], [571, 253]], '두번째 작품을 가지고 나온', 0.3102549963508542), ([[569, 247], [795, 247], [795, 285], [569, 285]], '라임보이입니다. .', 0.8937609087977079), ([[569, 313], [1071, 313], [1071, 351], [569, 351]], '최근 일본 동인지 행사인 (어제-1에서', 0.1380757404676577), ([[569, 343], [1067, 343], [1067, 383], [569, 383]], '갈은 작가의 작품을 식자해보앗습니다 .', 0.28556607176162924), ([[569, 411], [991, 411], [991, 449], [569, 449]], '그런게좋아하는 작가는 아니지만', 0.48888997310219046), ([[567, 441], [1001, 441], [1001, 481], [567, 481]], '이 행사 모든 작품올 식자해본다!', 0.5332018284952601), ([[567, 475], [909, 475], [909, 516], [567, 516]], '라는 생각에 시작올햇지만', 0.7806069970479251), ([[569, 507], [947, 507], [947, 549], [569, 549]], '의성어 의태어의 압박이 심히', 0.554351338857974), ([[569, 543], [793, 543], [793, 581], [569, 581]], '많있습니다 까 규', 0.048583060660983585), ([[567, 575], [1027, 575], [1027, 615], [567, 615]], '담번부터논 의성어 의태어는 자제들', 0.6759833113615692), ([[567, 609], [717, 609], [717, 647], [567, 647]], '해야활지도', 0.9361266700078626), ([[731, 609], [797, 609], [797, 647], [731, 647]], '굳럭_', 0.20257651364918752), ([[567, 671], [1055, 671], [1055, 711], [567, 711]], '100% 한글화들 목적으로 시작햇으나', 0.5681437465277107), ([[567, 705], [973, 705], [973, 745], [567, 745]], '몇군데 손음 못 ;끗이있네요 .', 0.17280966868529934), ([[567, 738], [925, 738], [925, 778], [567, 778]], '아직 포퉁이 서둘러서리.^^', 0.3290366750721646), ([[567, 803], [999, 803], [999, 845], [567, 845]], '저한테 번역원 작품이 없습관계로', 0.31919124972627344), ([[569, 837], [1013, 837], [1013, 878], [569, 878]], '다음 작품 예정일은 미지-이지만.', 0.7154067149988319), ([[569, 871], [975, 871], [975, 909], [569, 909]], '발논데로 최대한 빨리 식자하여', 0.5923886572161785), ([[569, 903], [823, 903], [823, 941], [569, 941]], '올려보도록할께요 ~', 0.6811023674854776), ([[569, 969], [895, 969], [895, 1007], [569, 1007]], '읽어주서서 감사드리고요', 0.8198025647485961), ([[567, 1003], [837, 1003], [837, 1043], [567, 1043]], '다시한번 번역애주신', 0.9639314544649257), ([[853, 1003], [999, 1003], [999, 1041], [853, 1041]], '"아마마야', 0.974018600188037), ([[1015, 1005], [1079, 1005], [1079, 1041], [1015, 1041]], '남께', 0.7240588800465686), ([[569, 1037], [961, 1037], [961, 1075], [569, 1075]], '감사하다눈말씀 전드립니다 !', 0.47987858262330746), ([[569, 1103], [721, 1103], [721, 1141], [569, 1141]], '라임보이.6', 0.7910390443928339), ([[557, 1251], [679, 1251], [679, 1293], [557, 1293]], '작업시간', 0.993840217590332), ([[556, 1320], [734, 1320], [734, 1356], [556, 1356]], '2007-06-19', 0.9999882466088401), ([[745, 1327], [769, 1327], [769, 1345], [745, 1345]], '세', 0.013726399237130649), ([[783, 1321], [959, 1321], [959, 1357], [783, 1357]], '2007-06-21', 0.9147524473517161)]
[([[70, 830], [722, 830], [722, 856], [70, 856]], "@손매( (8+0+80+품가+#술 ( < 한<니#; 숲@이'' -퍽-<+모< <", 0.00012243499970366286), ([[70, 853], [694, 853], [694, 880], [70, 880]], '635*226-7-<느++?<+5. #스홀스###코<내*(*내#', 0.001195909558517486), ([[70, 904], [390, 904], [390, 930], [70, 930]], '모:#+#다+0디륙권 55스0+논7)', 0.0004560579604789987), ([[69, 925], [740, 925], [740, 954], [69, 954]], '505083015**#"+도,오,\'규(내느카<찌습0(세((*30<<3;', 2.470575943847595e-06), ([[70, 974], [554, 974], [554, 1002], [70, 1002]], '모**(063631미표72 <50+3-<6110735.', 0.031087081503897555), ([[70, 1002], [204, 1002], [204, 1026], [70, 1026]], '표+003<}.', 0.02185041592123263), ([[68, 1050], [154, 1050], [154, 1074], [68, 1074]], '20070430', 0.999991064851581), ([[164, 1050], [240, 1050], [240, 1074], [164, 1074]], '홍주*#2', 0.050601957168638266)]
[([[586, 24], [756, 24], [756, 56], [586, 56]], '$ 예 [ [ [', 0.045209717986402664), ([[800, 30], [912, 30], [912, 54], [800, 54]], '다0발설 6."-$', 0.001432929751826414), ([[927, 31], [1079, 31], [1079, 51], [927, 51]], '50적 "-신네 0꼴내', 0.000390340533734625), ([[153, 91], [537, 91], [537, 117], [153, 117]], "#끝+07+}'-보50습숲(스 수+ >촌.", 0.004460360958120332), ([[154, 160], [496, 160], [496, 184], [154, 184]], '##다디중벼뉴디(규그7 ^ (# +-102', 0.0033913685765075796), ([[156, 182], [478, 182], [478, 208], [156, 208]], '저5 557572(?0 |미표( | 페굵', 0.012067757734133322), ([[154, 204], [450, 204], [450, 230], [154, 230]], '#손( 렉~손 료? <#(*; *', 0.0016070269593235363), ([[164, 248], [467, 248], [467, 272], [164, 272]], '[*5#한61-43] 논0) [소;스#해]', 0.0073738195741151705), ([[156, 270], [318, 270], [318, 296], [156, 296]], '묘**<호{ 운**5', 0.018840895073982247), ([[158, 292], [450, 292], [450, 318], [158, 318]], '그 다+스카로^ 미표# (-#끗: 내#@', 0.00022862953967058654), ([[563, 1438], [838, 1438], [838, 1466], [563, 1466]], '#손 +33 (#(+ 표포+ 물*지르(7', 0.001126730562707675), ([[562, 1462], [908, 1462], [908, 1488], [562, 1488]], '속없(다토(-11-+틈--#? <*내(디}', 0.0015303473839737819), ([[566, 1506], [902, 1506], [902, 1532], [566, 1532]], '-03+(+1+30눈채 <#(5+21"', 0.04712834051390703), ([[472.78057847830064, 252.4147520217908], [510.6873229754642, 248.92624901561368], [512.2194215216994, 268.5852479782092], [474.3126770245358, 272.0737509843863]], '압)', 0.304038714816023)]
[([[36, 20], [206, 20], [206, 50], [36, 50]], '$ 4 [ [ [', 0.035855228007112175), ([[249, 27], [361, 27], [361, 47], [249, 47]], '[0료설 5설큰--', 0.00034592948586468093), ([[377, 27], [529, 27], [529, 47], [377, 47]], '50: "-신네불 0시내', 0.00021197792185656262), ([[589, 87], [841, 87], [841, 113], [589, 113]], '흙물다난-5(:?+1?<307', 0.0014962118209264268), ([[592, 112], [772, 112], [772, 136], [592, 136]], '-(세(:촌괴-내쥐', 0.0005373854036596626), ([[592, 133], [841, 133], [841, 158], [592, 158]], '기마스니(끈30색호멘느+', 0.00031461636369836356), ([[592, 156], [878, 156], [878, 180], [592, 180]], "74문+ - 논(규0이 딴*<내*3  '", 0.002517536165751567), ([[590, 200], [858, 200], [858, 224], [590, 224]], '(((-끊?+#(+#(디잡병', 0.0005372160494923372), ([[589, 244], [919, 244], [919, 270], [589, 270]], '틈#출소 도#<))손# @퓨기니-값*내(', 0.00038229334693025625), ([[592, 266], [936, 266], [936, 292], [592, 292]], '논최 +(+ 농#+030*,4(73쉬6', 0.0003843961670838689), ([[590, 290], [728, 290], [728, 314], [590, 314]], '2315031613.', 0.034163573805723636), ([[590, 332], [816, 332], [816, 358], [590, 358]], '표화 51-1미<60101+161', 0.020866369806453913)]
[([[913, 1045], [1065, 1045], [1065, 1081], [913, 1081]], '$ - [ [', 0.023957060676499133), ([[843, 1111], [961, 1111], [961, 1127], [843, 1127]], "'2007 도 04 터 30 터", 0.08638367209497821), ([[971, 1109], [1059, 1109], [1059, 1127], [971, 1127]], "(어게펼1 국'", 0.0006350070512937382), ([[890, 1174], [948, 1174], [948, 1198], [890, 1198]], '표하스', 0.01429400852968786), ([[966, 1170], [1062, 1170], [1062, 1200], [966, 1200]], '홍-*#', 0.024891287088394165), ([[666, 1214], [726, 1214], [726, 1240], [666, 1240]], '#;7', 0.3977402654690514), ([[742, 1210], [822, 1210], [822, 1240], [742, 1240]], '#팀룹', 0.02497118086828967), ([[821, 1220], [1059, 1220], [1059, 1238], [821, 1238]], "훌0 !/ 무 5리도미 찍+처 10/닫 -':", 1.4846505277945395e-06), ([[846, 1254], [906, 1254], [906, 1278], [846, 1278]], '[친아;', 0.0016803962644189596), ([[924, 1250], [1062, 1250], [1062, 1280], [924, 1280]], '501그촌 티익', 0.006513699437325304), ([[790, 1417], [1060, 1417], [1060, 1447], [790, 1447]], '#밟# } " #물 . 7"77-%', 0.010222970803195973), ([[886, 1482], [1058, 1482], [1058, 1508], [886, 1508]], '후출히다마-미+<3', 0.0008985976026146515), ([[800, 1507], [1058, 1507], [1058, 1531], [800, 1531]], '초밤-롭이벌,#출 매트  %(*화', 4.9592677111510614e-05)]
[([[924, 1352], [1080, 1352], [1080, 1378], [924, 1378]], '어신후:-신터)', 0.00031375236848460995), ([[918, 1380], [1080, 1380], [1080, 1404], [918, 1404]], '시쪽1씨표장-바7^', 3.9783182129982796e-05), ([[885, 1457], [1085, 1457], [1085, 1493], [885, 1493]], '$ 4  [ [', 0.06225850651489479), ([[938, 1534], [1080, 1534], [1080, 1558], [938, 1558]], '508 서발신-- 0)내', 0.00044674787673853637)]
