321226
15
[([[40, 446], [236, 446], [236, 547], [40, 547]], '}라물궁라; ', 0.0002679917213716899), ([[104, 529], [155, 529], [155, 547], [104, 547]], '밥신;0', 0.0035322061739861965), ([[78, 536], [198, 536], [198, 584], [78, 584]], '[쪽들홍', 0.00016238423995673656)]
[([[405, 29], [501, 29], [501, 119], [405, 119]], '', 0.0), ([[70, 100], [104, 100], [104, 124], [70, 124]], '누가', 0.9945270767389864), ([[52, 124], [118, 124], [118, 150], [52, 150]], '윗나보네.', 0.7227596177237668), ([[52, 150], [122, 150], [122, 174], [52, 174]], '굉고인가?', 0.7334620988703191), ([[264, 388], [316, 388], [316, 414], [264, 414]], '후후후', 0.9979573319460855), ([[264, 414], [312, 414], [312, 438], [264, 438]], '타로님', 0.9986415768273659), ([[264, 438], [316, 438], [316, 462], [264, 462]], '또 다른', 0.9985848665237427), ([[258, 462], [322, 462], [322, 490], [258, 490]], '여성분께', 0.8595278263092041), ([[266, 488], [314, 488], [314, 512], [266, 512]], '눈길올', 0.8297956992321023), ([[258, 512], [320, 512], [320, 538], [258, 538]], '주석네요', 0.8470472693443298), ([[58, 628], [112, 628], [112, 654], [58, 654]], '아니야;', 0.6467104466952491), ([[44, 652], [130, 652], [130, 678], [44, 678]], '오토히메: !', 0.257588622495277), ([[58, 676], [98, 676], [98, 702], [58, 702]], '기다 ', 0.8270134637571274)]
[([[35, 295], [75, 295], [75, 331], [35, 331]], '허', 0.5524099487037262), ([[67, 293], [203, 293], [203, 353], [67, 353]], '들 높아!', 0.893008679695106), ([[80, 500], [128, 500], [128, 526], [80, 526]], '너무나', 0.9999424620908892), ([[80, 524], [128, 524], [128, 550], [80, 550]], '절망적', 0.999529179500914), ([[76, 550], [128, 550], [128, 574], [76, 574]], '이다   .', 0.2525824267781907)]
[([[148, 100], [196, 100], [196, 124], [148, 124]], '그렇게', 0.7975955188586358), ([[148, 124], [196, 124], [196, 148], [148, 148]], '격하게', 0.6613576757780586), ([[368, 444], [392, 444], [392, 472], [368, 472]], '슈', 0.07457780896203392), ([[331, 455], [367, 455], [367, 495], [331, 495]], '{대}', 0.23003500708282837), ([[237, 467], [305, 467], [305, 531], [237, 531]], '선', 0.012941951699143639), ([[60, 526], [136, 526], [136, 552], [60, 552]], '오토히메는', 0.8525608895290303), ([[560, 530], [588, 530], [588, 562], [560, 562]], '1', 0.14837416784276858), ([[48, 550], [146, 550], [146, 576], [48, 576]], '[가버리니다 " !', 0.30801746019578624)]
[([[105, 309], [141, 309], [141, 353], [105, 353]], '대', 0.007857010754280802), ([[284, 566], [332, 566], [332, 592], [284, 592]], '타로님', 0.9944096118732444), ([[284, 590], [332, 590], [332, 616], [284, 616]], '타로님', 0.9974832691221552), ([[516, 632], [550, 632], [550, 658], [516, 658]], '아양', 0.852506690199092)]
[([[181, 481], [201, 481], [201, 503], [181, 503]], '입', 0.7087974014280576), ([[408, 746], [444, 746], [444, 770], [408, 770]], '료시', 0.49903102026070484)]
[([[296, 80], [324, 80], [324, 116], [296, 116]], '혹.', 0.27011851324949787), ([[352, 92], [404, 92], [404, 116], [352, 116]], '그런 게', 0.9975216947963451), ([[539, 87], [561, 87], [561, 107], [539, 107]], '이;', 0.7270564861970722), ([[350, 116], [404, 116], [404, 142], [350, 142]], '아니야;', 0.7574996948242188), ([[522, 106], [562, 106], [562, 132], [522, 132]], '이건;', 0.34459648383806624), ([[249, 133], [291, 133], [291, 193], [249, 193]], '교', 0.017038333687541263), ([[350, 140], [386, 140], [386, 166], [350, 166]], '이건', 0.9727397104740411)]
[([[200, 110], [250, 110], [250, 134], [200, 134]], '하지만', 0.9998938029852192), ([[202, 134], [250, 134], [250, 160], [202, 160]], '지금은', 0.9986109551131892), ([[200, 158], [250, 158], [250, 184], [200, 184]], '무리야', 0.9999543688227654), ([[480, 186], [560, 186], [560, 214], [480, 214]], '지금의 나는', 0.9273673370366996), ([[302, 214], [352, 214], [352, 240], [302, 240]], '언젠가', 0.9996703330622826), ([[466, 212], [576, 212], [576, 238], [466, 238]], '너 외의 사람에권', 0.2742015861687355), ([[291, 237], [358, 237], [358, 265], [291, 265]], '너와 저런', 0.9067783141971556), ([[480, 236], [562, 236], [562, 262], [480, 262]], '몸도 마음도', 0.9316376900600478), ([[300, 264], [352, 264], [352, 288], [300, 288]], '관계가', 0.999946453941078), ([[496, 260], [546, 260], [546, 286], [496, 286]], '허락할', 0.9530438652228054), ([[284, 288], [366, 288], [366, 314], [284, 314]], '펼지도 몰라.', 0.6930377357323059), ([[486, 286], [554, 286], [554, 312], [486, 312]], '생각 없어.', 0.7867352891142874), ([[71, 321], [91, 321], [91, 343], [71, 343]], '네', 0.9997995000260431), ([[34, 346], [126, 346], [126, 370], [34, 370]], '어리버리함이', 0.7725043905702457), ([[50, 370], [112, 370], [112, 396], [50, 396]], '나아지면', 0.9958811402320862), ([[48, 394], [106, 394], [106, 420], [48, 420]], '언젠가"', 0.5718904733657837), ([[236, 572], [272, 572], [272, 598], [236, 598]], '방금', 0.9999048337424276), ([[496, 566], [550, 566], [550, 596], [496, 596]], '실습다:', 0.6858687996864319), ([[226, 596], [280, 596], [280, 620], [226, 620]], '제이름', 0.997679908645324), ([[212, 620], [296, 620], [296, 646], [212, 646]], '불러주석조?', 0.6970475883329926)]
[([[474, 136], [540, 136], [540, 166], [474, 166]], '사냥군은', 0.5870798826217651), ([[458, 162], [554, 162], [554, 190], [458, 190]], '사냥할 찬스홀', 0.39929546914063774), ([[482, 188], [530, 188], [530, 212], [482, 212]], '놓치지', 0.9508458133377526), ([[480, 212], [532, 212], [532, 238], [480, 238]], '않습다', 0.5474450050981028), ([[244, 390], [292, 390], [292, 416], [244, 416]], '열심히', 0.9997823768930343), ([[348, 388], [436, 388], [436, 412], [348, 412]], '그래도  아', 0.9663846318814863), ([[234, 414], [300, 414], [300, 440], [234, 440]], '하켓습다', 0.5381526947021484), ([[336, 412], [444, 412], [444, 438], [336, 438]], '마음의 준비가 "', 0.5441501654704324), ([[432.32037233396943, 508.0581595370226], [501.98791132225455, 537.6892536632009], [485.67962766603057, 573.9418404629774], [417.01208867774545, 544.3107463367991]], '신', 0.018752147995692248)]
[([[60, 564], [134, 564], [134, 784], [60, 784]], '알', 0.26040363694736257), ([[63, 793], [129, 793], [129, 855], [63, 855]], '천', 0.9999370584855569)]
[([[392, 458], [520, 458], [520, 490], [392, 490]], '*안 보입니다', 0.7462049995725468), ([[74, 604], [106, 604], [106, 628], [74, 628]], '부드', 0.9999340829652656), ([[62, 628], [114, 628], [114, 654], [62, 654]], '럽다 ', 0.9239078433919535)]
[([[376, 100], [412, 100], [412, 124], [376, 124]], '감다', 0.999784552108772), ([[59, 103], [183, 103], [183, 219], [59, 219]], '혼', 0.010631423296424636), ([[180, 544], [260, 544], [260, 660], [180, 660]], '사', 0.009677565875883198), ([[60, 740], [94, 740], [94, 766], [60, 766]], '미골', 0.963932907074813), ([[214, 738], [264, 738], [264, 762], [214, 762]], '뜨겁고', 0.862249275847668), ([[280, 734], [330, 734], [330, 760], [280, 760]], '법니까', 0.07667277168901432), ([[522, 738], [560, 738], [560, 764], [522, 764]], "우악'", 0.14847682696568418), ([[54, 764], [100, 764], [100, 790], [54, 790]], '거리고', 0.9999865102111692), ([[284, 760], [324, 760], [324, 784], [284, 784]], "이거'", 0.6187216551409431), ([[436.47818194971444, 723.0341828178298], [463.3902856961255, 710.0190858995201], [506.52181805028556, 806.9658171821702], [479.6097143038745, 819.9809141004799]], '"', 0.4152975299189201)]
[([[324, 78], [358, 78], [358, 102], [324, 102]], '보고', 0.9999991570631338), ([[526, 78], [574, 78], [574, 102], [526, 102]], '어떻게', 0.7134422683285081), ([[246, 90], [298, 90], [298, 120], [246, 120]], '보고', 0.9999994099441718), ([[322, 102], [358, 102], [358, 128], [322, 128]], '싶어', 0.9999099755184897), ([[524, 102], [574, 102], [574, 128], [524, 128]], '돼있는', 0.5793619992134881), ([[231, 115], [311, 115], [311, 155], [231, 155]], '싶습다 ', 0.9863329529762268), ([[530, 126], [568, 126], [568, 152], [530, 152]], '검까', 0.9872229467705286), ([[69, 263], [141, 263], [141, 299], [69, 299]], '보지마', 0.9995410855733694), ([[521, 257], [573, 257], [573, 293], [521, 293]], '안돼', 0.5056090868568912)]
[([[460, 46], [488, 46], [488, 72], [460, 72]], '스', 0.01149079301849959), ([[430, 140], [468, 140], [468, 164], [430, 164]], '시내^', 0.01872600112455613), ([[70, 264], [136, 264], [136, 294], [70, 294]], '아아아', 0.999423883849071), ([[518, 272], [548, 272], [548, 304], [518, 304]], '아', 0.999863986825833), ([[70, 286], [132, 286], [132, 314], [70, 314]], '동경하는', 0.9298145174980164), ([[68, 312], [116, 312], [116, 336], [68, 336]], '로코씨', 0.7504782276285356), ([[504, 754], [534, 754], [534, 778], [504, 778]], '안에', 0.9345556422049314), ([[117.22726851413617, 773.0499675588485], [151.44985803595756, 745.0168881217644], [240.77273148586383, 861.9500324411515], [205.55014196404244, 889.9831118782356]], '"', 0.05628547680515994)]
[([[349, 205], [567, 205], [567, 267], [349, 267]], '개등전# -&"\'', 0.0001294323704325296), ([[356, 232], [456, 232], [456, 262], [356, 262]], '599 주고; <5낮', 0.03142371409380787), ([[363, 265], [563, 265], [563, 309], [363, 309]], '{/버한화_{ #상터느스도', 0.0001067574820864229), ([[367, 303], [415, 303], [415, 317], [367, 317]], '채디버초', 0.01607789285480976), ([[367, 313], [403, 313], [403, 329], [367, 329]], '213', 0.6651434475608777), ([[400, 314], [440, 314], [440, 340], [400, 340]], "'361", 0.10187479108572006), ([[401, 334], [463, 334], [463, 350], [401, 350]], "나'끼잡씨", 0.00026242842893998893), ([[461, 321], [555, 321], [555, 363], [461, 363]], '중중문"-8 ?', 0.0034039447655969815), ([[506, 322], [556, 322], [556, 352], [506, 352]], "'<83?", 0.011751217592468024), ([[366, 336], [426, 336], [426, 362], [366, 362]], '표요나속', 0.014902864582836628), ([[457, 345], [495, 345], [495, 361], [457, 361]], '가심 7', 0.0330875925719738), ([[459, 357], [551, 357], [551, 373], [459, 373]], '34-가', 0.006010105833411217), ([[193, 365], [267, 365], [267, 385], [193, 385]], '근0*71', 0.1285099536254759), ([[385, 369], [423, 369], [423, 385], [385, 385]], '339', 0.43634749019739605), ([[429, 369], [557, 369], [557, 383], [429, 383]], '매(373+9 38', 0.07444404822530254), ([[71, 383], [267, 383], [267, 403], [71, 403]], '히금( 이추순히없다 소사채', 0.002109168926292498), ([[357, 381], [425, 381], [425, 395], [357, 395]], '3니:사디', 0.009866441132588421), ([[357, 391], [405, 391], [405, 405], [357, 405]], '750춤', 0.04698797203504685), ([[138, 401], [266, 401], [266, 421], [138, 421]], '7#?그+이충(', 0.01012043690752847), ([[366, 390], [416, 390], [416, 418], [366, 418]], '지소표등', 0.0014621031004935503), ([[406, 381], [566, 381], [566, 435], [406, 435]], '"액하-이 #이중', 0.0005465185106050481), ([[185, 431], [261, 431], [261, 445], [185, 445]], '(예신디어시"\'', 0.004005150838368352), ([[352, 409], [476, 409], [476, 453], [352, 453]], '#동  음균교', 0.0003210853360997801), ([[369, 435], [393, 435], [393, 451], [369, 451]], '45', 0.4430078913630733), ([[462, 420], [518, 420], [518, 450], [462, 450]], '@무', 0.003188949704692096), ([[508, 421], [557, 421], [557, 439], [508, 439]], "'30채촌", 0.3157633118964337), ([[515, 435], [559, 435], [559, 449], [515, 449]], "다청0'", 0.020365947857499123), ([[356, 436], [400, 436], [400, 462], [356, 462]], '#;', 0.01000946530081207), ([[127, 459], [263, 459], [263, 475], [127, 475]], '1 8적*7070초고유소', 0.02446515102629932), ([[357, 467], [539, 467], [539, 483], [357, 483]], '1??\' # < 8?-창" 창내+', 0.003153899652827678), ([[191, 475], [263, 475], [263, 489], [191, 489]], "'#버#니", 0.042609954382075474), ([[75, 489], [217, 489], [217, 505], [75, 505]], '{95-*"0+32시07"', 0.012010679081178215), ([[181, 503], [261, 503], [261, 519], [181, 519]], '8스내0주4', 0.005010494039527682), ([[215, 491], [249, 491], [249, 505], [215, 505]], '기7 -', 0.5025305009208437), ([[350, 482], [560, 482], [560, 532], [350, 532]], '철정동# @#소대창다?', 0.00024188257620283313), ([[402, 510], [451, 510], [451, 528], [402, 528]], '1내7{', 0.022222915664315224), ([[356, 556], [394, 556], [394, 582], [356, 582]], '흐출익', 0.0020994621812542935), ([[343, 516], [578, 516], [578, 641], [343, 641]], '1', 0.012506877896438562), ([[357, 591], [383, 591], [383, 605], [357, 605]], '7신', 0.041987180850976025), ([[356, 600], [384, 600], [384, 628], [356, 628]], ';3', 0.03928978892973645), ([[403, 601], [417, 601], [417, 625], [403, 625]], '7', 0.262614756077312), ([[408, 592], [565, 592], [565, 631], [408, 631]], '{요하#속 #하,보다니+', 0.002271049654225839), ([[357, 631], [439, 631], [439, 649], [357, 649]], '다 *속 -', 0.26658527781289737), ([[356, 652], [560, 652], [560, 682], [356, 682]], '후말 심요염 0#소7니,기1=', 0.0016416610041990814), ([[205, 719], [335, 719], [335, 737], [205, 737]], '#{ 1( ( 1 _ (표]버하[소)', 0.0015153939458938954), ([[249, 737], [283, 737], [283, 751], [249, 751]], '훌+ :;', 0.036210906024789685), ([[357, 735], [435, 735], [435, 751], [357, 751]], '"., 10/ ` 유하명01/', 0.0010955182924481015), ([[205, 749], [317, 749], [317, 765], [205, 765]], '수하];2010또8요15벼', 0.005650315206325423), ([[205, 765], [327, 765], [327, 781], [205, 781]], '#태]:그-> ~[이익기{앞', 0.0010645614623780123), ([[443.98198161801105, 301.78017977981216], [560.8662079229487, 292.1140811874522], [563.0180183819889, 317.21982022018784], [445.1337920770513, 327.8859188125478]], "'근주나한 손}3<", 0.02773400812031062), ([[329.47000105999683, 733.152001695995], [357.9453729816263, 736.6740093166806], [355.52999894000317, 750.847998304005], [327.0546270183737, 747.3259906833194]], '히어어<', 0.0016106426483020186)]
