374549
11
[([[432, 582], [860, 582], [860, 754], [432, 754]], '대인', 0.18777107713542707), ([[425, 735], [780, 735], [780, 908], [425, 908]], '@갑>`', 0.000479936134070158), ([[697, 1143], [860, 1143], [860, 1210], [697, 1210]], '싣4칭)', 0.00039870315231382847), ([[711, 1197], [813, 1197], [813, 1215], [711, 1215]], '정미하관릭터 무다', 0.00042367874338464543)]
[([[693, 141], [816, 141], [816, 179], [693, 179]], '다크 텍트!', 0.9122210744113933), ([[784, 1156], [816, 1156], [816, 1198], [784, 1198]], '6', 0.9691557336907444), ([[721, 1199], [777, 1199], [777, 1215], [721, 1215]], '민지번의튼', 0.07771143113341114)]
[([[70, 194], [146, 194], [146, 220], [70, 220]], '선플라워', 0.7258027195930481), ([[77, 219], [141, 219], [141, 239], [77, 239]], '이지스', 0.9879727363586426)]
[([[431, 315], [475, 315], [475, 335], [431, 335]], '마음의', 0.9999773564397761), ([[433, 335], [479, 335], [479, 351], [433, 351]], '나무가', 0.9999745346027383), ([[425, 349], [485, 349], [485, 369], [425, 369]], '메마르면', 0.881423830986023), ([[365, 415], [421, 415], [421, 435], [365, 435]], '인간들의', 0.9995439648628235), ([[349, 433], [441, 433], [441, 453], [349, 453]], '마음도 메말라', 0.584669629854018), ([[355, 449], [401, 449], [401, 469], [355, 469]], '사막화', 0.9980648087298956), ([[359, 897], [403, 897], [403, 915], [359, 915]], '그리고', 0.9999936680552679), ([[331, 913], [429, 913], [429, 933], [331, 933]], '네 마음의 꽃도', 0.7267242345191854), ([[350, 928], [412, 928], [412, 952], [350, 952]], '시틀켓지', 0.18130932748317719), ([[222, 1040], [274, 1040], [274, 1066], [222, 1066]], '3번째', 0.9958436161535177), ([[201, 1060], [296, 1060], [296, 1090], [201, 1090]], '프리루어 !', 0.33549463357697973), ([[400.6546544120074, 452.5201198532081], [434.6729222591595, 448.90394748537824], [436.3453455879926, 466.4798801467919], [402.3270777408405, 470.09605251462176]], '한다', 0.9943316667584535)]
[([[86, 80], [118, 80], [118, 104], [86, 104]], "'+0", 0.1982656298950685), ([[215, 117], [241, 117], [241, 133], [215, 133]], '아', 0.9781325983667877)]
[([[663, 77], [679, 77], [679, 115], [663, 115]], '전', 0.8601924719353384), ([[610, 274], [656, 274], [656, 300], [610, 300]], '저  ', 0.7002654971644952), ([[598, 304], [654, 304], [654, 334], [598, 334]], '저논.', 0.4679312072731625), ([[516, 338], [592, 338], [592, 364], [516, 364]], '태양빛올', 0.871254563331604), ([[534, 362], [574, 362], [574, 386], [534, 386]], '받는', 0.6954939455144313), ([[516, 382], [592, 382], [592, 408], [516, 408]], '한송이의', 0.9996179342269897), ([[70, 482], [122, 482], [122, 514], [70, 514]], '이런', 0.9999392247853806), ([[64, 512], [116, 512], [116, 542], [64, 542]], '걸로', 0.919007979918542), ([[722, 804], [782, 804], [782, 828], [722, 828]], '이런결로', 0.5345174670219421), ([[727, 825], [779, 825], [779, 841], [727, 841]], '마르지  ', 0.7166088113190635), ([[699, 1143], [859, 1143], [859, 1209], [699, 1209]], '싣나+)', 0.0007589441956952214), ([[711, 1199], [813, 1199], [813, 1215], [711, 1215]], '지민지번의트 : 두드다', 0.09556025335442161)]
[([[188, 52], [216, 52], [216, 132], [188, 132]], '옆', 0.04881225534206468), ([[263, 197], [283, 197], [283, 257], [263, 257]], '몇', 0.14004209074304086), ([[240, 296], [264, 296], [264, 358], [240, 358]], '햇', 0.16558904122476648), ([[260, 548], [312, 548], [312, 580], [260, 580]], '흩어', 0.9987253801823499), ([[252, 578], [314, 578], [314, 608], [252, 608]], '저라!', 0.9701456542818822)]
[([[134, 86], [162, 86], [162, 132], [134, 132]], '때', 0.9656643614007407), ([[709, 41], [729, 41], [729, 123], [709, 123]], '품', 0.10320643993418344), ([[655, 119], [713, 119], [713, 139], [655, 139]], '이런걸로', 0.6395813226699829), ([[663, 137], [695, 137], [695, 157], [663, 157]], '저논', 0.22012653903215937)]
[([[648, 76], [678, 76], [678, 100], [648, 100]], '아', 0.9992509099517157), ([[708, 1162], [738, 1162], [738, 1196], [708, 1196]], '[', 0.5916489670894975), ([[782, 1146], [858, 1146], [858, 1202], [782, 1202]], '()', 0.430943914881749), ([[711, 1199], [763, 1199], [763, 1213], [711, 1213]], '주민미번의', 0.16244755531419816), ([[783, 1199], [813, 1199], [813, 1213], [783, 1213]], '주드', 0.48008769712502447)]
[([[57.24965277415391, 248.01760408947817], [255.9696036808955, 377.01422199500644], [178.7503472258461, 492.98239591052186], [-18.969603680895496, 363.98577800499356]], '니', 0.1322020456360642)]
[([[199, 841], [407, 841], [407, 903], [199, 903]], '8 논+ 손', 0.17119717552174327), ([[360, 892], [390, 892], [390, 916], [360, 916]], '너', 0.012379103569716554), ([[203, 909], [574, 909], [574, 945], [203, 945]], '-@*춘=(-묘* ? <주한 2+-밥걀*', 0.0011615454901171944), ([[201, 939], [513, 939], [513, 975], [201, 975]], '#*(-8 ! +.갇 5 _한내 운화.', 0.0016239239996122007), ([[109, 989], [780, 989], [780, 1063], [109, 1063]], '499+ {9중 +시? "차륙', 0.0038291445875609726), ([[705, 1155], [817, 1155], [817, 1199], [705, 1199]], '[:', 0.027798830818219617), ([[711, 1199], [739, 1199], [739, 1213], [711, 1213]], '돕민', 0.22888718529030472), ([[751, 1199], [813, 1199], [813, 1215], [751, 1215]], '익튼 : 두드', 0.20413473656917575)]
