374540
27
[([[715, 28], [1082, 28], [1082, 97], [715, 97]], '{어드 1치교+ 이미-덧', 5.480554496820525e-05), ([[229, 861], [447, 861], [447, 921], [229, 921]], '[-)위', 0.005987666081637144), ([[8, 880], [635, 880], [635, 1152], [8, 1152]], '마라', 0.03564299334582646), ([[945, 1147], [993, 1147], [993, 1167], [945, 1167]], '-]]', 0.006507835927138939), ([[832, 1334], [1014, 1334], [1014, 1430], [832, 1430]], '@고현"적5', 0.0014150868923699252), ([[516, 1457], [1103, 1457], [1103, 1547], [516, 1547]], '역사식자:파도로@', 0.010079605223328795), ([[991.3051384180819, 1144.0815813559439], [1060.9988432619582, 1168.916698798279], [1052.694861581918, 1191.9184186440561], [983.0011567380418, 1167.083301201721]], ' 교]', 0.008826041650624157)]
[([[240, 740], [322, 740], [322, 814], [240, 814]], '4', 0.07969222735636183), ([[916, 770], [1024, 770], [1024, 824], [916, 824]], '앞머리', 0.9984650048065463), ([[920, 834], [1042, 834], [1042, 890], [920, 890]], '내략까?', 0.36323586106300354)]
[([[832, 224], [996, 224], [996, 280], [832, 280]], '어: 어때?', 0.8744014671894763), ([[78, 552], [212, 552], [212, 608], [78, 608]], '이상해?', 0.999214768409729), ([[231, 959], [341, 959], [341, 1001], [231, 1001]], '아주 아주', 0.9411625416118029), ([[241, 1009], [325, 1009], [325, 1053], [241, 1053]], '귀여워.', 0.9294578433036804), ([[481, 1307], [545, 1307], [545, 1351], [481, 1351]], '아니', 0.9996780132624035), ([[480, 1362], [546, 1362], [546, 1410], [480, 1410]], '전혀.', 0.9947339563976332), ([[834.1630303860264, 517.02697098341], [981.9599760289135, 599.9806760426698], [925.8369696139736, 697.97302901659], [778.0400239710865, 616.0193239573302]], '? *', 0.30251380562118557)]
[([[981, 439], [1053, 439], [1053, 475], [981, 475]], '아우  ', 0.31277957558631897), ([[743, 575], [759, 575], [759, 597], [743, 597]], '응', 0.9940318411869177), ([[279, 949], [327, 949], [327, 985], [279, 985]], "아'", 0.9027669293498257), ([[107.01941932430908, 741.0970966215453], [189.71388942062998, 755.3328927658748], [179.98058067569093, 800.9029033784547], [98.28611057937002, 787.6671072341252]], '57', 0.05098927885908214), ([[431.29323866215753, 908.01665963774], [650.9131057134878, 1041.3877723552987], [581.7067613378424, 1149.9833403622602], [362.08689428651223, 1016.6122276447014]], '(없 뭐', 0.0005706188385374844)]
[([[396, 734], [428, 734], [428, 770], [396, 770]], '응', 0.2574627807080674), ([[278, 794], [312, 794], [312, 826], [278, 826]], '야', 0.7132199242754531), ([[923.2947914216232, 492.0311430643421], [1012.839493298193, 566.4055267868082], [968.7052085783768, 620.968856935658], [879.160506701807, 545.5944732131918]], '5"', 0.1631137519875785)]
[([[805, 83], [847, 83], [847, 119], [805, 119]], '얘', 0.4653163520569912), ([[721, 189], [809, 189], [809, 225], [721, 225]], '거기난 "', 0.18302330515974086), ([[723, 233], [811, 233], [811, 269], [723, 269]], '안돼에:', 0.7662088871002197), ([[108, 584], [184, 584], [184, 634], [108, 634]], '싫어!', 0.279633655162413), ([[545, 1197], [597, 1197], [597, 1241], [545, 1241]], '아', 0.9970078234907795), ([[528, 1258], [626, 1258], [626, 1310], [528, 1310]], '이거:', 0.42279558758086355), ([[510, 1324], [652, 1324], [652, 1378], [510, 1378]], '안돼; 옛', 0.39011864201725766), ([[425.24635378995504, 462.03161010046483], [583.9816510478978, 524.425592084146], [552.753646210045, 598.9683898995352], [394.01834895210214, 536.574407915854]], '@없꼬', 0.016963668518744715), ([[869.219428607749, 1058.0381717990401], [1014.9836139273292, 1111.4882298764533], [988.780571392251, 1175.9618282009599], [843.0163860726708, 1122.5117701235467]], '0 %찌', 0.06766123324632645), ([[637.9286568319889, 1085.0720605567174], [769.6832761980976, 1108.7712633929182], [754.0713431680111, 1174.9279394432826], [623.3167238019024, 1151.2287366070818]], '-83', 0.013511298401305147)]
[([[222, 156], [286, 156], [286, 208], [222, 208]], '으응', 0.9985209661796091), ([[891, 159], [1005, 159], [1005, 225], [891, 225]], "''이제", 0.9369227290153503), ([[112, 282], [182, 282], [182, 336], [112, 336]], '넣어.', 0.7405529855984277), ([[854, 250], [1012, 250], [1012, 328], [854, 328]], '넣올게,', 0.2825320065021515), ([[940, 1322], [992, 1322], [992, 1370], [940, 1370]], '아', 0.31292131600494955), ([[170.00345424175512, 374.04145090106147], [350.69479883724193, 422.3108216577465], [321.9965457582449, 517.9585490989385], [140.3052011627581, 470.6891783422535]], '1(54', 0.20021718740463257), ([[-30.6731011264238, 923.0437684853055], [158.72543710082942, 798.0082238534222], [371.6731011264238, 1177.9562315146945], [181.27456289917058, 1302.9917761465776]], '군', 0.007138202751776568)]
[([[61, 233], [203, 233], [203, 323], [61, 323]], '이양', 0.7140869788736295), ([[864, 352], [1026, 352], [1026, 454], [864, 454]], '아해', 0.023772558123990168), ([[107, 1085], [235, 1085], [235, 1177], [107, 1177]], "'인쇄", 0.3355046743127628), ([[226, 1331], [383, 1331], [383, 1553], [226, 1553]], '%', 0.03610296061148355), ([[365.3684285832732, 1075.1579572411674], [482.72092409005677, 964.011815253269], [673.6315714167268, 1201.8420427588326], [557.2790759099432, 1312.9881847467311]], '틀', 0.006719151543667368), ([[895.1990564740082, 1080.0152796190139], [1053.0391670461843, 1066.5996960538362], [1072.800943525992, 1383.9847203809861], [915.9608329538156, 1397.4003039461638]], '클', 0.014424659405140261)]
[([[302, 98], [430, 98], [430, 238], [302, 238]], '왕', 0.020880483202750932), ([[219, 255], [370, 255], [370, 356], [219, 356]], '아아', 0.7765561022925933), ([[214, 374], [368, 374], [368, 470], [214, 470]], '(아얘', 0.11228056172082883), ([[302, 952], [406, 952], [406, 1058], [302, 1058]], '얘', 0.8517641422840825), ([[271, 1085], [447, 1085], [447, 1199], [271, 1199]], '인쇄', 0.08477699218165048), ([[6.352723425174799, 445.06795344461506], [118.67757691331514, 358.0114810572033], [283.6472765748252, 605.9320465553849], [171.32242308668486, 692.9885189427966]], '7', 0.03269418684966752), ([[106.68507134334756, 829.3016355523604], [301.330336028992, 724.817439629027], [374.31492865665246, 883.6983644476396], [180.66966397100796, 988.182560370973]], "74'", 0.11143657494153783)]
[([[43, 461], [245, 461], [245, 597], [43, 597]], '후어', 0.3018801100676422), ([[836, 608], [884, 608], [884, 662], [836, 662]], '웬', 0.004014133435701561), ([[29, 627], [247, 627], [247, 763], [29, 763]], '아애', 0.5100565282775353), ([[796, 782], [1022, 782], [1022, 1006], [796, 1006]], '얘', 0.9466232000070853), ([[748, 1000], [1100, 1000], [1100, 1184], [748, 1184]], '@)니', 0.049732022178106884), ([[-20.65061452249966, 1014.0358659825077], [187.6596228218549, 841.0057254611581], [526.6506145224996, 1319.9641340174924], [317.3403771781451, 1492.9942745388419]], '<', 0.9663620849704877), ([[883.3658482521658, 1139.0095771466908], [1041.7373693704808, 1202.095496941744], [919.6341517478342, 1511.9904228533092], [761.2626306295192, 1449.904503058256]], '아', 0.09833415864376605)]
[([[76, 90], [118, 90], [118, 118], [76, 118]], '하아', 0.9999224506794843), ([[68, 152], [112, 152], [112, 182], [68, 182]], '하아', 0.9999058452387459), ([[90, 268], [134, 268], [134, 298], [90, 298]], '하아', 0.9999411635064507), ([[51, 435], [101, 435], [101, 473], [51, 473]], '하양?', 0.6555416972531443)]
[([[764, 56], [908, 56], [908, 204], [764, 204]], '야', 0.6763596580413811), ([[782, 188], [1028, 188], [1028, 340], [782, 340]], '무슨:', 0.5575604438781738), ([[808, 335], [1001, 335], [1001, 480], [808, 480]], "'이직;", 0.47997424006462097), ([[809, 465], [925, 465], [925, 587], [809, 587]], '얘', 0.9969573550667441), ([[116, 782], [296, 782], [296, 952], [116, 952]], '얘', 0.9694975057368573), ([[260, 1326], [336, 1326], [336, 1414], [260, 1414]], "'0", 0.8232968832848633), ([[578, 1322], [724, 1322], [724, 1480], [578, 1480]], '>', 0.39003186109317767), ([[83.84620404502506, 920.0391994618684], [310.69641424709215, 957.4714029237758], [281.15379595497495, 1100.9608005381315], [53.30358575290786, 1064.528597076224]], '제뱀', 0.06374629314531295), ([[17.502941685500797, 1164.0058833710016], [360.20715037060955, 1021.340893913286], [413.4970583144992, 1177.9941166289984], [70.79284962939047, 1320.659106086714]], '멈침]]', 0.012024391791667399), ([[906.3309089861838, 1253.0159978112406], [1007.9146264015545, 1233.306755207791], [1051.6690910138163, 1489.9840021887594], [949.0853735984455, 1509.693244792209]], '~', 0.21191362277382186)]
[([[903, 415], [1037, 415], [1037, 585], [903, 585]], '나', 0.316955603484562), ([[876, 642], [1052, 642], [1052, 812], [876, 812]], '얘', 0.8807476558973235), ([[49, 1101], [261, 1101], [261, 1305], [49, 1305]], '애', 0.6532993931077868), ([[240, 1338], [316, 1338], [316, 1428], [240, 1428]], '질', 0.055102582624052765), ([[329.86281316503033, 178.17687899018213], [399.6941952876795, 115.01854812039257], [519.1371868349696, 263.8231210098179], [449.3058047123205, 327.98145187960745]], '평', 0.13227509039659768), ([[569.8276614510412, 367.0491712673897], [672.5339065600581, 334.4533581864442], [721.1723385489588, 513.9508287326103], [617.4660934399419, 545.5466418135558]], '존', 0.0729838757595127), ([[39.59067147316471, 887.0414150438], [178.63302507120716, 783.0083498012491], [387.4093285268353, 1104.9585849562], [248.36697492879284, 1209.991650198751]], '양', 0.42858055637640646), ([[879.2483364234995, 1246.0257117830922], [962.8082485110194, 1230.3645056391179], [993.7516635765005, 1413.9742882169078], [910.1917514889806, 1429.6354943608821]], '~', 0.08411603672652834), ([[789.1410254866037, 1312.0230740508277], [957.9850431879785, 1416.3083394774433], [886.8589745133963, 1529.9769259491723], [718.0149568120215, 1426.6916605225567]], '쇼:*', 0.008302204310894012)]
[([[366, 352], [446, 352], [446, 402], [366, 402]], '//11', 0.10107197481745667), ([[9, 453], [165, 453], [165, 645], [9, 645]], '좁', 0.03788888135596857), ([[266, 1246], [346, 1246], [346, 1322], [266, 1322]], '아', 0.9507544138365667), ([[102, 1305], [227, 1305], [227, 1374], [102, 1374]], '조금만', 0.9997940768986594), ([[103, 1381], [223, 1381], [223, 1445], [103, 1445]], '천천히', 0.9975607408965776)]
[([[843, 523], [997, 523], [997, 661], [843, 661]], '8 ', 0.05493739757225383), ([[195, 733], [283, 733], [283, 817], [195, 817]], '@', 0.7173327743189226), ([[77, 801], [153, 801], [153, 867], [77, 867]], '나', 0.7871354701931068), ([[2, 902], [258, 902], [258, 998], [2, 998]], '떼 이상은}', 0.14404226303314102), ([[860, 856], [1004, 856], [1004, 1000], [860, 1000]], '좁', 0.005046257757120254), ([[26, 1010], [233, 1010], [233, 1110], [26, 1110]], '맨돼-배', 0.007161873858422041)]
[([[767, 665], [1043, 665], [1043, 941], [767, 941]], '얘', 0.9923229309793555), ([[704, 1018], [992, 1018], [992, 1238], [704, 1238]], '아냐', 0.9978627285371201), ([[711, 1207], [827, 1207], [827, 1341], [711, 1341]], '아', 0.973832147188606), ([[696.1732535777604, 1332.0696218686617], [984.3754330939142, 1303.561623835031], [991.8267464222396, 1510.9303781313383], [703.6245669060858, 1539.438376164969]], '아애', 0.9098272935308842)]
[([[212, 892], [294, 892], [294, 948], [212, 948]], '하아', 0.9999197533435146), ([[463, 975], [527, 975], [527, 1019], [463, 1019]], "'하아", 0.9918478161442988), ([[251, 1393], [287, 1393], [287, 1435], [251, 1435]], '하', 0.9997768526600339), ([[249, 1447], [287, 1447], [287, 1487], [249, 1487]], '아', 0.9999400386262245), ([[390.14614294340396, 164.0906580227204], [494.6955042526338, 78.01273390309788], [652.853857056596, 303.9093419772796], [548.3044957473662, 388.9872660969021]], '톤', 0.44111248184334784), ([[762.210156211008, 286.0183585366729], [933.9633288325695, 416.88399152417304], [843.789843788992, 534.9816414633272], [672.0366711674305, 404.11600847582696]], '기대', 0.016824675159775735), ([[825.3226417108224, 806.014344375407], [1008.4289018184608, 968.7633753203407], [916.6773582891776, 1073.985655624593], [733.5710981815392, 910.2366246796593]], '쇼{', 0.00791992072431743), ([[625.200788954827, 1106.0177514836082], [755.7201354570111, 1080.629901518199], [801.799211045173, 1366.9822485163918], [671.2798645429889, 1391.370098481801]], "땀'", 0.051075768360758576), ([[966.235372136918, 1311.041886445954], [1020.9230478952817, 1300.2693323665142], [1039.764627863082, 1415.958113554046], [985.0769521047183, 1425.7306676334858]], '8', 0.9626208799682026)]
[([[987, 100], [1052, 100], [1052, 136], [987, 136]], '"어나', 0.7804948709472006), ([[369, 211], [501, 211], [501, 275], [369, 275]], '일어나', 0.9922773790949528), ([[525, 801], [693, 801], [693, 867], [525, 867]], '휴드디어', 0.9426636695861816), ([[525, 873], [697, 873], [697, 941], [525, 941]], '일어낫네!', 0.239922457321556), ([[527.2720097584981, 138.02653369142513], [594.5255883312276, 112.0138217066749], [660.7279902415019, 294.97346630857487], [593.4744116687724, 321.9861782933251]], '8', 0.045189728606800594)]
[([[592, 126], [654, 126], [654, 182], [592, 182]], '응?', 0.9983440307312986), ([[577, 189], [659, 189], [659, 249], [577, 249]], '리추', 0.2885376299292577), ([[565, 252], [676, 252], [676, 312], [565, 312]], '얼굴이', 0.9909246289215415), ([[580, 318], [658, 318], [658, 374], [580, 374]], '빨개.', 0.8954103305996759), ([[952, 974], [1004, 974], [1004, 1022], [952, 1022]], '음?', 0.9983254951681716), ([[947, 1027], [1009, 1027], [1009, 1071], [947, 1071]], '아마', 0.9997846363971505), ([[117, 1043], [209, 1043], [209, 1105], [117, 1105]], '우욕', 0.042053886363507), ([[890, 1078], [1064, 1078], [1064, 1126], [890, 1126]], '야한 굽이라도', 0.30415692566488217), ([[900, 1130], [1054, 1130], [1054, 1178], [900, 1178]], '꾸고있든 것', 0.23077546726355785), ([[927, 1183], [1029, 1183], [1029, 1227], [927, 1227]], '아날까?', 0.6055765151977539)]
[([[460, 158], [603, 158], [603, 226], [460, 226]], '시끄러', 0.7304805568532537), ([[485, 235], [575, 235], [575, 301], [485, 301]], '얼른', 0.9990776144254133), ([[100, 270], [198, 270], [198, 322], [100, 322]], '그러면', 0.9997210553988723), ([[82, 331], [220, 331], [220, 383], [82, 383]], '문앞에서', 0.8607915043830872), ([[481, 317], [581, 317], [581, 381], [481, 381]], '나자', 0.6711314287319006), ([[78, 390], [218, 390], [218, 444], [78, 444]], '기다큼게.', 0.17852975828380635)]
[([[464, 892], [574, 892], [574, 948], [464, 948]], '가끔은', 0.9721631246281631), ([[444, 953], [593, 953], [593, 1014], [444, 1014]], '이런 것도', 0.9865633201525802), ([[445, 1017], [591, 1017], [591, 1077], [445, 1077]], '괜찮켓지.', 0.6649892797379056), ([[64, 1402], [218, 1402], [218, 1482], [64, 1482]], '[ -', 0.0035597532891314043)]
[([[430, 1408], [1041, 1408], [1041, 1511], [430, 1511]], '    라도라담라', 0.0045286811386439)]
[([[32, 1341], [700, 1341], [700, 1487], [32, 1487]], "어'아|   33", 0.0011923105586975273)]
[([[31, 1387], [723, 1387], [723, 1495], [31, 1495]], '고우+5 (  장라', 0.0015755005810573063)]
[([[13, 1384], [216, 1384], [216, 1487], [13, 1487]], '하>', 0.0030794402634211214), ([[470, 1369], [969, 1369], [969, 1491], [470, 1491]], ',스 .  ', 0.011979548456509847)]
[([[376, 1389], [1077, 1389], [1077, 1497], [376, 1497]], '%9 |교0', 0.0029742550150021418)]
[([[34, 1392], [953, 1392], [953, 1500], [34, 1500]], '-튼가:`교', 0.00014291360594743193)]
