406053
22
[([[331, 349], [431, 349], [431, 439], [331, 439]], '{', 0.012761273623162817), ([[342, 428], [422, 428], [422, 460], [342, 460]], '벼00', 0.020098595724260863), ([[725, 631], [743, 631], [743, 655], [725, 655]], '(', 0.1231671385541313), ([[769, 635], [789, 635], [789, 659], [769, 659]], '0', 0.47697179865525996), ([[817, 631], [837, 631], [837, 657], [817, 657]], '*', 0.012886021617939614), ([[893, 633], [911, 633], [911, 657], [893, 657]], '힘', 0.058471698452359), ([[69, 649], [191, 649], [191, 667], [69, 667]], '4미신-족 예이-:0', 1.6661268332382625e-05), ([[185, 644], [402, 644], [402, 674], [185, 674]], '(54-0-묘--5-격-:"20) `입이정', 3.6077971007906845e-07)]
[]
[([[23, 317], [183, 317], [183, 479], [23, 479]], '가위', 0.0024429983653883247), ([[761, 809], [931, 809], [931, 973], [761, 973]], '셋', 0.9837270864288463)]
[([[230, 1150], [260, 1150], [260, 1206], [230, 1206]], '딸', 0.9911682965834103), ([[230, 1212], [260, 1212], [260, 1290], [230, 1290]], '월', 0.5949565877080119), ([[854, 1158], [882, 1158], [882, 1284], [854, 1284]], '9', 0.001450500611348604)]
[([[94, 858], [406, 858], [406, 914], [94, 914]], ', 국_)렁출', 9.223029234532541e-05), ([[440, 876], [574, 876], [574, 900], [440, 900]], '3머하$ #0', 0.004797491702185951), ([[583, 879], [795, 879], [795, 899], [583, 899]], '[굽쑤미 1로즐_]', 0.0007589797252295101)]
[([[165, 1117], [231, 1117], [231, 1201], [165, 1201]], '육분', 0.05485837391693252), ([[825, 1103], [921, 1103], [921, 1193], [825, 1193]], '앞발소', 0.007900853064612605), ([[198, 1180], [226, 1180], [226, 1236], [198, 1236]], '곁', 0.05813855770975351), ([[862, 1166], [890, 1166], [890, 1220], [862, 1220]], '놈', 0.06799273614689483), ([[830, 1194], [860, 1194], [860, 1270], [830, 1270]], '물', 0.28066593313255694), ([[198, 1242], [228, 1242], [228, 1320], [198, 1320]], '복', 0.2905962188325617), ([[789.0769521047183, 936.2693323665143], [865.8692795118877, 923.9710719795258], [871.9230478952817, 984.7306676334857], [795.1307204881123, 997.0289280204742]], '[', 0.7773886522164162)]
[([[54, 54], [84, 54], [84, 120], [54, 120]], '올', 0.28867417855295585), ([[874, 340], [906, 340], [906, 406], [874, 406]], '음', 0.7252535087315124), ([[764, 462], [838, 462], [838, 516], [764, 516]], '개;', 0.08630957489401041), ([[70, 526], [94, 526], [94, 556], [70, 556]], '옷', 0.34687099351282313), ([[43, 783], [63, 783], [63, 827], [43, 827]], '올', 0.4192475771994886), ([[869, 783], [889, 783], [889, 813], [869, 813]], '응', 0.998820652790755), ([[497, 899], [535, 899], [535, 945], [497, 945]], '싶', 0.11816949217298234), ([[886, 1086], [912, 1086], [912, 1122], [886, 1122]], '앗', 0.4538834621706975), ([[51, 1127], [87, 1127], [87, 1261], [51, 1261]], '혀', 0.009021970621688524), ([[882, 1133], [912, 1133], [912, 1212], [882, 1212]], '닭', 0.022239984062370155), ([[558, 1236], [584, 1236], [584, 1280], [558, 1280]], '와', 0.2907608174346912), ([[586, 1236], [610, 1236], [610, 1324], [586, 1324]], '불', 0.40630980169864017), ([[276.9973506193548, 1311.0843686541932], [361.7666357919791, 1332.3429207494312], [348.0026493806452, 1381.9156313458068], [263.2333642080209, 1360.6570792505688]], "'1멋히!", 0.0028752132816303407)]
[([[256, 114], [286, 114], [286, 144], [256, 144]], '앗', 0.42321244327027685), ([[597, 147], [617, 147], [617, 181], [597, 181]], '"', 0.032979855115673695), ([[757, 131], [799, 131], [799, 169], [757, 169]], '뿐"', 0.1490406314628111), ([[60, 600], [90, 600], [90, 666], [60, 666]], '응', 0.9381272559118123), ([[596, 768], [628, 768], [628, 836], [596, 836]], '흙', 0.9550213677708861), ([[859, 927], [917, 927], [917, 963], [859, 963]], '듯시', 0.28939520790862067), ([[61, 917], [127, 917], [127, 1005], [61, 1005]], '올올', 0.35572556926438237), ([[857, 949], [917, 949], [917, 1055], [857, 1055]], '형웅', 0.11143711642818782), ([[94, 1004], [120, 1004], [120, 1056], [94, 1056]], '둘', 0.012351706623716707), ([[96, 1164], [124, 1164], [124, 1276], [96, 1276]], '군', 0.2937656752476734)]
[([[429, 61], [462, 61], [462, 242], [429, 242]], '{', 0.45432560891541485), ([[530, 34], [562, 34], [562, 174], [530, 174]], '흙', 0.005943102843653014), ([[532, 248], [562, 248], [562, 312], [532, 312]], '웃', 0.38606181129649997), ([[688, 310], [716, 310], [716, 342], [688, 342]], '0', 0.015609595997730707), ([[672, 370], [754, 370], [754, 422], [672, 422]], '[)', 0.08420610110326524), ([[717, 425], [765, 425], [765, 465], [717, 465]], '버개', 0.004564318739827886), ([[758, 596], [784, 596], [784, 644], [758, 644]], '앗', 0.3130431612235043), ([[337, 696], [586, 696], [586, 761], [337, 761]], '대고쇼요_규_', 0.0008284373825945217), ([[212, 760], [336, 760], [336, 810], [212, 810]], "'*[-예", 0.008109383769777516), ([[30, 794], [56, 794], [56, 820], [30, 820]], '역', 0.22029446764212057), ([[782, 794], [806, 794], [806, 820], [782, 820]], '역', 0.12911010195897266), ([[390, 814], [418, 814], [418, 838], [390, 838]], '7', 0.2697195990460881), ([[158, 829], [414, 829], [414, 896], [158, 896]], '떠피대 더위', 0.00017667771260258), ([[407, 837], [443, 837], [443, 875], [407, 875]], '다', 0.10381368518921263), ([[432, 797], [796, 797], [796, 909], [432, 909]], '차"[상#  ', 0.0002821277937974758), ([[839, 815], [913, 815], [913, 881], [839, 881]], '(꽤', 0.03794702436004208), ([[623, 1009], [635, 1009], [635, 1047], [623, 1047]], '{', 0.7791016731580704), ([[609, 1065], [647, 1065], [647, 1157], [609, 1157]], '해', 0.003009340799081231), ([[614, 1164], [640, 1164], [640, 1242], [614, 1242]], ';', 0.6258428334861179), ([[682, 1168], [708, 1168], [708, 1222], [682, 1222]], '음', 0.6701955440533744), ([[682, 1220], [710, 1220], [710, 1246], [682, 1246]], '!?', 0.6493893971355492), ([[789, 1261], [877, 1261], [877, 1325], [789, 1325]], '둘', 0.0031015103104664044), ([[36.19706840864172, 823.1094462711102], [60.51839843402438, 813.045128926061], [81.80293159135829, 864.8905537288898], [57.48160156597562, 875.954871073939]], '자', 0.9923745882578636), ([[784.5723575755319, 826.0229254524469], [813.3654377911954, 818.0167280759699], [839.4276424244681, 926.9770745475531], [811.6345622088046, 934.9832719240301]], '내', 0.009591506198105615)]
[([[844, 184], [876, 184], [876, 250], [844, 250]], '켓', 0.18698585827500924), ([[78, 548], [110, 548], [110, 612], [78, 612]], '계', 0.13084818998610004), ([[66, 784], [96, 784], [96, 844], [66, 844]], '꽃', 0.6866868976076148), ([[511, 945], [573, 945], [573, 1009], [511, 1009]], '말젖', 0.16076856900382297), ([[608, 952], [632, 952], [632, 998], [608, 998]], '항', 0.4377319818641787), ([[250, 1190], [276, 1190], [276, 1216], [250, 1216]], '안', 0.9999793768992369), ([[49, 1277], [69, 1277], [69, 1333], [49, 1333]], '데', 0.28328674944916443), ([[629.3005628453517, 750.1825890886176], [746.5142228333488, 740.3561975841475], [748.6994371546483, 811.8174109113824], [632.4857771666512, 821.6438024158525]], "값내{'", 0.0023590559139847755)]
[]
[([[714, 22], [746, 22], [746, 56], [714, 56]], '이', 0.9964961757049338), ([[675, 11], [785, 11], [785, 161], [675, 161]], '^', 0.0008669139121065955), ([[686, 132], [716, 132], [716, 196], [686, 196]], '잠', 0.026920386264387197), ([[746, 118], [778, 118], [778, 238], [746, 238]], '섬', 0.025098972698928357), ([[715, 159], [751, 159], [751, 277], [715, 277]], '닭', 0.010082750037692156), ([[531, 377], [619, 377], [619, 467], [531, 467]], '{대 ,', 0.0717579796910286), ([[780, 348], [812, 348], [812, 440], [780, 440]], '푹', 0.011946545912579154), ([[54, 442], [86, 442], [86, 560], [54, 560]], '용', 0.05067424794104469), ([[708, 508], [762, 508], [762, 570], [708, 570]], '개;', 0.7522239169333395), ([[780, 444], [812, 444], [812, 576], [780, 576]], '푹', 0.668598440009248), ([[876, 526], [900, 526], [900, 562], [876, 562]], '응', 0.9756998587062213), ([[294, 546], [324, 546], [324, 600], [294, 600]], '하', 0.9936733494114947), ([[776, 583], [816, 583], [816, 650], [776, 650]], '끝', 0.1344111671114243), ([[876, 596], [900, 596], [900, 634], [876, 634]], '응', 0.9746360241982224), ([[780, 656], [810, 656], [810, 716], [780, 716]], '일', 0.494159150537655), ([[780, 728], [812, 728], [812, 792], [780, 792]], '텔', 0.04624154718161222), ([[780, 798], [812, 798], [812, 862], [780, 862]], '2', 0.024753349826966975), ([[780, 868], [812, 868], [812, 1004], [780, 1004]], '종', 0.045294182641344216), ([[855, 1313], [895, 1313], [895, 1333], [855, 1333]], '갚,어', 0.02243000495093514)]
[([[631, 469], [693, 469], [693, 505], [631, 505]], '희학', 0.2815489161773081), ([[297, 865], [335, 865], [335, 933], [297, 933]], '말', 0.6414701884423835), ([[298, 940], [330, 940], [330, 978], [298, 978]], '수', 0.9998914032856909), ([[325, 910], [366, 910], [366, 1009], [325, 1009]], '딱', 0.019129771598130896), ([[580, 910], [612, 910], [612, 1004], [580, 1004]], '굽', 0.18886544767974556), ([[291, 977], [403, 977], [403, 1113], [291, 1113]], '쓸출잡', 0.01412146268350987), ([[332, 1074], [362, 1074], [362, 1110], [332, 1110]], '틀', 0.9912643124132536)]
[([[93, 51], [175, 51], [175, 93], [93, 93]], '외따7야', 0.028622420504689217), ([[534, 68], [632, 68], [632, 98], [534, 98]], '해당포자', 0.5195667147636414), ([[556, 92], [584, 92], [584, 120], [556, 120]], '신', 0.9999837876023321), ([[83, 129], [99, 129], [99, 209], [83, 209]], '{', 0.10148383714068476), ([[112, 100], [156, 100], [156, 128], [112, 128]], '계필', 0.9623565990839321), ([[112, 118], [154, 118], [154, 142], [112, 142]], '속요', 0.997255742769869), ([[111, 137], [155, 137], [155, 193], [111, 193]], '환영', 0.30900036752023746), ([[281, 133], [317, 133], [317, 173], [281, 173]], '>', 0.11630148234576954), ([[527, 83], [637, 83], [637, 219], [527, 219]], '하', 0.018760482496734454), ([[838, 59], [913, 59], [913, 240], [838, 240]], '@', 0.0024224715633514027), ([[668, 228], [698, 228], [698, 292], [668, 292]], '핵', 0.0622175776892695), ([[88, 296], [166, 296], [166, 408], [88, 408]], '붙', 0.13966830177857847), ([[549, 297], [589, 297], [589, 379], [549, 379]], '퍽', 0.08560049784527823), ([[591, 301], [629, 301], [629, 433], [591, 433]], '륙', 0.008767231436702938), ([[90, 380], [164, 380], [164, 496], [90, 496]], '품?', 0.01501247542520567), ([[547, 373], [591, 373], [591, 457], [547, 457]], '없', 0.33622362408449646), ([[560, 454], [584, 454], [584, 480], [560, 480]], '2', 0.9264126510006268), ([[593, 515], [746, 515], [746, 618], [593, 618]], '4338', 0.2783995568752289), ([[840, 530], [914, 530], [914, 610], [840, 610]], '필자', 0.9782196884349955), ([[838, 577], [916, 577], [916, 721], [838, 721]], '뷰', 0.1039434534296726), ([[843, 617], [879, 617], [879, 685], [843, 685]], '뿐', 0.5779094227229145), ([[777, 891], [839, 891], [839, 1085], [777, 1085]], '%', 0.024336600749862214), ([[462, 1338], [488, 1338], [488, 1362], [462, 1362]], '23', 0.999996375372952), ([[324.58433440793016, 20.014415474193918], [371.71615415866336, 27.649999384450915], [348.41566559206984, 175.98558452580608], [300.28384584133664, 168.35000061554908]], '출', 0.07907856422959014), ([[282.5661390843627, 52.04762587963209], [303.65554540418776, 50.110486776164734], [307.4338609156373, 100.9523741203679], [285.34445459581224, 102.88951322383527]], '중', 0.04931959578096312), ([[211.26190718873656, 70.05477816453487], [249.48316508696368, 52.02339960427408], [292.73809281126347, 146.94522183546513], [254.51683491303632, 164.9766003957259]], '출', 0.40444115758261034), ([[115.19706840864171, 65.10944627111017], [177.95664667227925, 80.491826353202], [171.8029315913583, 106.89055372888983], [108.04335332772074, 92.508173646798]], '(로게야', 0.45984169840812683), ([[748.7873218748183, 229.14928749927333], [781.6052718765552, 208.03677061224738], [822.2126781251817, 278.8507125007267], [789.3947281234448, 299.9632293877526]], '승', 0.23961560496318057)]
[([[0, 12], [77, 12], [77, 180], [0, 180]], '5', 0.19388308031729196), ([[452, 44], [478, 44], [478, 96], [452, 96]], '8', 0.040295043852084156), ([[833, 17], [943, 17], [943, 127], [833, 127]], '슬말료', 0.010644269076371143), ([[244, 134], [268, 134], [268, 162], [244, 162]], '8', 0.444175893249227), ([[450, 98], [478, 98], [478, 148], [450, 148]], '묘', 0.05095981939325611), ([[838, 98], [876, 98], [876, 191], [838, 191]], '봄', 0.3999209850108265), ([[901, 127], [937, 127], [937, 191], [901, 191]], '묵', 0.004236636408414762), ([[380, 532], [452, 532], [452, 604], [380, 604]], '한하', 0.5682769841547478), ([[638, 588], [657, 588], [657, 637], [638, 637]], '속', 0.9878546290326682), ([[875, 563], [911, 563], [911, 699], [875, 699]], ';', 0.135691536131052), ([[148, 648], [178, 648], [178, 700], [148, 700]], '군', 0.9667074663947375), ([[179, 643], [209, 643], [209, 722], [179, 722]], '북', 0.015845219929534693), ([[286, 676], [314, 676], [314, 756], [286, 756]], '흙', 0.03437997096403933), ([[672, 730], [702, 730], [702, 760], [672, 760]], '아', 0.9996862657610563), ([[869, 727], [907, 727], [907, 769], [869, 769]], '자', 0.9999681713729593), ([[605, 725], [671, 725], [671, 857], [605, 857]], '월국', 0.0038745979796652097), ([[672, 776], [702, 776], [702, 830], [672, 830]], '와', 0.2096004333580206), ([[801, 722], [915, 722], [915, 877], [801, 877]], '표출', 0.3018545589485239), ([[22, 1200], [54, 1200], [54, 1262], [22, 1262]], '"', 0.05800592391489445), ([[15, 1273], [59, 1273], [59, 1335], [15, 1335]], '60', 0.4678987495186725), ([[51, 1199], [87, 1199], [87, 1351], [51, 1351]], '푹', 0.03607035663948466), ([[512, 1340], [538, 1340], [538, 1364], [512, 1364]], '25', 0.9889837612305263), ([[69.58557566296217, 62.02152636443689], [100.95314792889941, 68.50926753132872], [81.41442433703783, 165.97847363556312], [50.04685207110059, 159.4907324686713]], '$', 0.6555977973535541)]
[([[374, 18], [400, 18], [400, 92], [374, 92]], '흙', 0.16401790391729154), ([[34, 94], [60, 94], [60, 144], [34, 144]], ';', 0.0796863214418444), ([[53, 399], [73, 399], [73, 441], [53, 441]], '8', 0.02579254877782078), ([[55, 445], [73, 445], [73, 481], [55, 481]], '!', 0.09933135242821667), ([[94, 528], [124, 528], [124, 602], [94, 602]], '암', 0.18152813184187355), ([[153, 525], [190, 525], [190, 584], [153, 584]], '왜', 0.25551900024970564), ([[121, 523], [189, 523], [189, 679], [121, 679]], '혀', 0.13586963707506872), ([[92, 628], [124, 628], [124, 738], [92, 738]], '안', 0.01878457806135736), ([[126, 684], [156, 684], [156, 716], [126, 716]], '약', 0.8852975731188373), ([[882, 812], [906, 812], [906, 864], [882, 864]], '호', 0.02145741891656261), ([[36, 866], [62, 866], [62, 894], [36, 894]], '이', 0.999820955662031), ([[2, 866], [34, 866], [34, 918], [2, 918]], '#', 0.20535459589812266), ([[34, 900], [62, 900], [62, 978], [34, 978]], '일', 0.0885800583336982), ([[66, 864], [94, 864], [94, 986], [66, 986]], '앞', 0.06549899362891498), ([[557, 881], [665, 881], [665, 1001], [557, 1001]], '#졸', 0.013942489747460124), ([[593, 971], [661, 971], [661, 1077], [593, 1077]], '"물', 0.035128193746282774), ([[459, 1341], [485, 1341], [485, 1361], [459, 1361]], '26', 0.9996470805335846), ([[495, 1095], [619, 1095], [619, 1364], [495, 1364]], '올', 0.019533149860256893), ([[634.3613960003644, 5.014572407979463], [740.7020668300856, -8.501655497959481], [771.6386039996356, 251.98542759202053], [665.2979331699144, 266.50165549795946]], '@', 0.09274027838229415), ([[372.26197866260907, 622.0181668509639], [535.6954189224438, 757.9925654298255], [454.73802133739093, 854.9818331490361], [291.30458107755624, 720.0074345701745]], '7', 0.0012546901824759399), ([[674.6434881600948, 929.0106010895911], [722.3120770051393, 917.0081215013267], [769.3565118399052, 1108.989398910409], [721.6879229948607, 1120.9918784986733]], '출', 0.0016363145549563307)]
[([[27, 181], [69, 181], [69, 255], [27, 255]], '서', 0.4842789988923393), ([[802, 1048], [878, 1048], [878, 1122], [802, 1122]], '없아', 0.22048647607161057), ([[808, 1084], [840, 1084], [840, 1120], [808, 1120]], '니', 0.7128772675876895), ([[260, 1132], [334, 1132], [334, 1306], [260, 1306]], '다', 0.10951111084990828), ([[461, 1347], [487, 1347], [487, 1367], [461, 1367]], '28', 0.9998897456245891), ([[835.7300035099315, 1.0060779204805534], [882.6400914866379, 12.612058190534897], [826.2699964900685, 234.99392207951945], [779.3599085133621, 223.3879418094651]], '9', 0.045488278858564435), ([[886.694878656765, 12.005820807243406], [945.5164229118466, 25.814266223617786], [881.305121343235, 289.9941791927566], [823.4835770881534, 275.1857337763822]], '"', 0.28406675380962554)]
[([[824, 64], [854, 64], [854, 98], [824, 98]], '소', 0.4420985952596226), ([[829, 99], [853, 99], [853, 119], [829, 119]], '그', 0.7799189373584028), ([[309, 67], [347, 67], [347, 171], [309, 171]], '속', 0.9518382835865715), ([[802, 188], [826, 188], [826, 236], [802, 236]], '쇼', 0.18410983354475352), ([[72, 478], [100, 478], [100, 538], [72, 538]], '헌"', 0.03846078987847292), ([[511, 821], [553, 821], [553, 915], [511, 915]], '호', 0.14266929026419817), ([[466, 828], [514, 828], [514, 1030], [466, 1030]], '흙', 0.012391902736537619), ([[509, 947], [553, 947], [553, 1035], [509, 1035]], '총', 0.13565893318482924), ([[719, 1075], [767, 1075], [767, 1113], [719, 1113]], '이거', 0.001263462012548819), ([[779, 1071], [877, 1071], [877, 1113], [779, 1113]], '152', 0.9537656893530901), ([[772, 1202], [812, 1202], [812, 1232], [772, 1232]], '야', 0.8860474381694452), ([[81, 1333], [103, 1333], [103, 1353], [81, 1353]], '29', 0.8982536447466601)]
[([[30, 64], [58, 64], [58, 94], [30, 94]], '서', 0.9998340675529107), ([[32, 16], [56, 16], [56, 66], [32, 66]], '&', 0.010751703836722692), ([[56, 16], [84, 16], [84, 96], [56, 96]], '물', 0.8615109925818274), ([[78, 16], [110, 16], [110, 46], [78, 46]], '아', 0.997262565690594), ([[78, 42], [106, 42], [106, 92], [78, 92]], '약', 0.9997983080530162), ([[425, 17], [511, 17], [511, 105], [425, 105]], '염혀금', 0.001823681187896952), ([[877, 22], [915, 22], [915, 121], [877, 121]], '옛', 0.02357548348421923), ([[55, 97], [105, 97], [105, 133], [55, 133]], '볼이', 0.9224395880801736), ([[26, 96], [108, 96], [108, 170], [26, 170]], '깊훈일', 0.011204268514974284), ([[454, 78], [480, 78], [480, 182], [454, 182]], '출', 0.0330880688299493), ([[478, 106], [504, 106], [504, 160], [478, 160]], '잎', 0.13743658803538583), ([[548, 138], [574, 138], [574, 190], [548, 190]], '푹', 0.9574511854314984), ([[568, 136], [624, 136], [624, 216], [568, 216]], '비있', 0.0007401693638875353), ([[594, 164], [620, 164], [620, 214], [594, 214]], '정', 0.8334112784432115), ([[382, 194], [456, 194], [456, 226], [382, 226]], '것적이', 0.8196832040463452), ([[548, 186], [572, 186], [572, 228], [548, 228]], '원', 0.9872760420359015), ([[406, 218], [434, 218], [434, 246], [406, 246]], '서', 0.9197498064932006), ([[406, 242], [458, 242], [458, 274], [406, 274]], '서게', 0.9956861344372405), ([[432, 218], [456, 218], [456, 248], [432, 248]], '텅', 0.32779555071380173), ([[452, 192], [506, 192], [506, 272], [452, 272]], '빗록', 0.0069050234641677595), ([[570, 210], [600, 210], [600, 286], [570, 286]], '%', 0.057963561593405766), ([[61, 267], [103, 267], [103, 313], [61, 313]], '8', 0.4532915124182182), ([[162, 276], [196, 276], [196, 308], [162, 308]], '개', 0.9754675478782282), ([[382, 230], [412, 230], [412, 308], [382, 308]], '값', 0.10159046359870505), ([[406, 278], [436, 278], [436, 310], [406, 310]], '갈', 0.9590748803334215), ([[72, 322], [104, 322], [104, 348], [72, 348]], '그', 0.4825567499656245), ([[709, 671], [749, 671], [749, 743], [709, 743]], '내', 0.22542934280367266), ([[710, 752], [747, 752], [747, 853], [710, 853]], '흙', 0.12559005085899244), ([[711, 865], [749, 865], [749, 969], [711, 969]], '햇', 0.0550871440211973), ([[832, 1058], [882, 1058], [882, 1108], [832, 1108]], '약', 0.18828676985798953), ([[794, 1118], [846, 1118], [846, 1174], [794, 1174]], '안', 0.9999741317514612), ([[93, 1135], [155, 1135], [155, 1205], [93, 1205]], '$', 0.03237729360861952), ([[793, 1241], [835, 1241], [835, 1291], [793, 1291]], '돼', 0.5838379937724767), ([[707, 1333], [729, 1333], [729, 1353], [707, 1353]], '30', 0.9999949423819248)]
[([[117, 91], [159, 91], [159, 175], [117, 175]], '퍽', 0.1302244493841478), ([[84, 286], [108, 286], [108, 338], [84, 338]], '쇼', 0.727455336069184), ([[407, 244], [498, 244], [498, 361], [407, 361]], '86', 0.20596653694707365), ([[720, 288], [746, 288], [746, 314], [720, 314]], '6', 0.2572990664412522), ([[861, 257], [947, 257], [947, 345], [861, 345]], '맥경', 0.02662240227901545), ([[164, 350], [188, 350], [188, 398], [164, 398]], '6', 0.46172768024668187), ([[417, 357], [439, 357], [439, 377], [417, 377]], '그', 0.9795261852671935), ([[622, 346], [648, 346], [648, 402], [622, 402]], '쇼', 0.05374265516059773), ([[866, 322], [892, 322], [892, 412], [866, 412]], '출', 0.3201265499975001), ([[362, 352], [390, 352], [390, 448], [362, 448]], '흙', 0.01254141907236056), ([[477, 377], [513, 377], [513, 419], [477, 419]], '4', 0.2590982361026626), ([[912, 348], [944, 348], [944, 450], [912, 450]], '출', 0.2070603780719802), ([[196, 412], [222, 412], [222, 506], [196, 506]], '퍽', 0.025991820873978222), ([[396, 436], [420, 436], [420, 482], [396, 482]], '3', 0.2161457146621082), ([[451, 439], [495, 439], [495, 521], [451, 521]], '즉', 0.459462694599452), ([[24, 496], [52, 496], [52, 566], [24, 566]], '밝', 0.017338899493406723), ([[194, 507], [225, 507], [225, 598], [194, 598]], '#', 0.05553264452142792), ([[619, 483], [649, 483], [649, 556], [619, 556]], '통', 0.022679601861747223), ([[41, 579], [84, 579], [84, 686], [41, 686]], '약', 0.052389159488402726), ([[454, 618], [486, 618], [486, 700], [454, 700]], '%', 0.07405252155742037), ([[615, 477], [677, 477], [677, 673], [615, 673]], '#', 0.013918254516230633), ([[828, 636], [854, 636], [854, 690], [828, 690]], '@', 0.08894544795513415), ([[46, 796], [74, 796], [74, 850], [46, 850]], '옛', 0.22953357251707107), ([[87, 789], [175, 789], [175, 927], [87, 927]], '뼈', 0.11637088898667347), ([[238, 780], [277, 780], [277, 879], [238, 879]], '속', 0.08810788877352227), ([[624, 786], [722, 786], [722, 898], [624, 898]], '회속', 0.08718971861941259), ([[115, 851], [176, 851], [176, 933], [115, 933]], '지하', 0.08135503676847539), ([[594, 938], [626, 938], [626, 1004], [594, 1004]], ';', 0.12424382714090498), ([[5, 969], [48, 969], [48, 1098], [5, 1098]], '#', 0.7447608307166007), ([[203, 966], [265, 966], [265, 1085], [203, 1085]], '#', 0.2966122183406448), ([[752, 934], [808, 934], [808, 1142], [752, 1142]], '#', 0.826225699414497), ([[821, 1071], [865, 1071], [865, 1137], [821, 1137]], '약', 0.08314970190168935), ([[115, 1155], [181, 1155], [181, 1221], [115, 1221]], '불속', 0.020759095894323804), ([[360, 1212], [386, 1212], [386, 1240], [360, 1240]], '쇼', 0.4128158026055786), ([[365, 1243], [387, 1243], [387, 1261], [365, 1261]], '그', 0.905521375785213), ([[748, 1220], [778, 1220], [778, 1273], [748, 1273]], '5', 0.034643573371258896), ([[30, 1254], [78, 1254], [78, 1312], [30, 1312]], '0', 0.394623625728002), ([[42, 1310], [74, 1310], [74, 1340], [42, 1340]], '그', 0.6606246392960067), ([[67, 1212], [152, 1212], [152, 1355], [67, 1355]], '값', 0.04236135476990288), ([[293, 1278], [329, 1278], [329, 1359], [293, 1359]], '속', 0.9163053087562822), ([[114.42628371072443, 297.04135760399856], [146.15863136739839, 294.17147895990104], [152.57371628927558, 373.95864239600144], [120.84136863260163, 377.82852104009896]], '#', 0.40353961984369424), ([[95.46921803617705, 509.01281334886494], [178.50101749694088, 499.2880948715928], [204.53078196382296, 737.9871866511351], [120.49898250305912, 747.7119051284071]], '군', 0.10002727450251214), ([[758.0446053670523, 823.0765532757241], [796.563535567574, 801.0265229837155], [848.9553946329477, 896.9234467242759], [810.436464432426, 918.9734770162845]], '덜', 0.13373152497776175), ([[886.5982463119958, 982.027022708769], [910.4086550214362, 979.0279634804641], [922.4017536880042, 1061.972977291231], [898.5913449785638, 1064.9720365195358]], '?', 0.005376673732578274), ([[172.5522011418966, 1173.014337813587], [229.29490585719068, 1166.1208126336744], [251.4477988581034, 1342.985662186413], [194.70509414280932, 1349.8791873663256]], '국', 0.1277315433807127)]
[([[236, 1238], [452, 1238], [452, 1336], [236, 1336]], '없4설', 0.00112025852914744), ([[508, 1238], [730, 1238], [730, 1338], [508, 1338]], '0.:', 0.10377542342379804), ([[471, 1357], [495, 1357], [495, 1377], [471, 1377]], '32', 0.9999998314126102), ([[137.40026526552128, 551.5006631638032], [179.67643112174915, 512.0327594459837], [245.59973473447872, 589.4993368361968], [203.32356887825085, 628.9672405540163]], '콩', 0.016213123748116454)]
[([[14, 33], [113, 33], [113, 69], [14, 69]], '89+ 손', 0.2657388975147155), ([[14, 76], [182, 76], [182, 100], [14, 100]], '#/스<-한 총화 .', 0.04919470314604241), ([[14, 100], [108, 100], [108, 124], [14, 124]], '속미0*스', 0.2563935630421318), ([[116, 98], [210, 98], [210, 122], [116, 122]], '*3001-', 0.12536482362289647), ([[14, 122], [204, 122], [204, 146], [14, 146]], '1이*내+7내* 571.', 0.012712464837606059), ([[15, 142], [174, 142], [174, 171], [15, 171]], '759394-60', 0.19814102023316582), ([[12, 168], [208, 168], [208, 192], [12, 192]], '[찌뜨3+9/3] <', 0.005843336237542451), ([[12, 189], [203, 189], [203, 213], [12, 213]], "묘52 +5 ;'-제<버-", 0.010156580786063662), ([[14, 214], [208, 214], [208, 238], [14, 238]], '*화병 . *: 고60*360 ":', 0.011616186426488713), ([[13, 234], [206, 234], [206, 262], [13, 262]], '15+50< *다그-+-', 0.0839276446391871), ([[16, 260], [212, 260], [212, 284], [16, 284]], '의} # 0교총7*? 5', 0.004788416809039077), ([[16, 282], [172, 282], [172, 306], [16, 306]], '니-건속< 0148', 0.07976197962283943), ([[14, 306], [182, 306], [182, 330], [14, 330]], '[3+니 고가* (+-', 0.04072774625815692), ([[14, 328], [172, 328], [172, 352], [14, 352]], '360 |-(디(비죽병', 0.02276092877379401), ([[16, 350], [190, 350], [190, 376], [16, 376]], '속0*3+-8 . [(', 0.06575118437728239), ([[14, 373], [189, 373], [189, 399], [14, 399]], '룩묵타 초4721-9*+-0', 0.007228500608419233), ([[16, 398], [192, 398], [192, 422], [16, 422]], '} 50+ =#손 기1초01', 0.023025926818971972), ([[16, 420], [226, 420], [226, 444], [16, 444]], '*  . *10못다-15', 0.03285963307751858), ([[18, 444], [224, 444], [224, 468], [18, 468]], '그#0 85+ < 5+1-', 0.062772258087438), ([[14, 466], [226, 466], [226, 490], [14, 490]], '1.3+-0 내-*; 굳순주', 0.00862073474993439), ([[16, 490], [225, 490], [225, 514], [16, 514]], '695+1스0쫓7사 -', 0.014251150451105877), ([[14, 512], [184, 512], [184, 536], [14, 536]], '5. *417주31 "7 손 @', 0.035826383463618536), ([[14, 534], [216, 534], [216, 560], [14, 560]], '#출033 6 버(디< 차-', 0.007937320361037082), ([[16, 557], [225, 557], [225, 581], [16, 581]], '*? *콤@돌다/ 5+0', 0.01344581248673473), ([[14, 582], [118, 582], [118, 606], [14, 606]], '첫미-초- !', 0.205008440247191), ([[16, 626], [206, 626], [206, 650], [16, 650]], '8. 속미늄0 그* 손률5', 0.017163252805692537), ([[14, 650], [208, 650], [208, 674], [14, 674]], '*구*70+-3 " =-##', 0.1327696201051701), ([[16, 672], [208, 672], [208, 696], [16, 696]], '1+< ##-뜻(-+-', 0.11042771744946922), ([[16, 692], [208, 692], [208, 720], [16, 720]], "7화; 010'자나자주녀", 0.007767557380814149), ([[11, 716], [132, 716], [132, 744], [11, 744]], '1-+3니*내+=', 0.036269094786705695), ([[16, 763], [233, 763], [233, 787], [16, 787]], '논01561+<*+*미*<', 0.040365167030849025), ([[15, 832], [112, 832], [112, 862], [15, 862]], '8 < 3+', 0.19572147565044332), ([[16, 880], [66, 880], [66, 910], [16, 910]], '#순', 0.010201237427759842), ([[80, 880], [170, 880], [170, 908], [80, 908]], '* 만-어어퍽', 0.004356009553876051), ([[16, 904], [66, 904], [66, 934], [16, 934]], '출볶', 0.06101777348364829), ([[84, 904], [162, 904], [162, 932], [84, 932]], '뭐) +', 0.15051154240443457), ([[14, 928], [54, 928], [54, 952], [14, 952]], '4리;', 0.005821338782146396), ([[82, 926], [374, 926], [374, 954], [82, 954]], '+웬6^-*;나칭@하하라지;-"~+ 아. 스명', 3.247398519727328e-05), ([[14, 950], [46, 950], [46, 974], [14, 974]], '"?', 0.0016857003474160565), ([[57, 945], [499, 945], [499, 981], [57, 981]], '룹++명: //  맥`라지-"뱀+ 아,. 스명/+56}-*;나5/', 2.284936172844321e-06), ([[14, 972], [68, 972], [68, 1002], [14, 1002]], '초수', 0.02196716938346657), ([[85, 972], [177, 972], [177, 998], [85, 998]], '-< 5', 0.7694014326291809), ([[14, 996], [70, 996], [70, 1022], [14, 1022]], '{초', 0.3556396938857938), ([[82, 994], [180, 994], [180, 1020], [82, 1020]], '136-0071', 0.9967813009166039), ([[196, 994], [316, 994], [316, 1020], [196, 1020]], '2-32-1-601', 0.8803050461355529), ([[334, 994], [500, 994], [500, 1024], [334, 1024]], "뿐) '물비#하출", 0.18203931822822228), ([[14, 1018], [90, 1018], [90, 1048], [14, 1048]], '-구 타', 0.021164437755942345), ([[104, 1016], [286, 1016], [286, 1044], [104, 1044]], '2007 소 8 팀 19 타', 0.20881880472356162), ([[303, 1018], [557, 1018], [557, 1044], [303, 1044]], '그 = "47-\'" 7 2', 0.14396324346570227), ([[16, 1064], [70, 1064], [70, 1092], [16, 1092]], '티곁', 0.08172151177644725), ([[82, 1062], [246, 1062], [246, 1090], [82, 1090]], '17-기화', 0.14615761790874282), ([[14, 1200], [184, 1200], [184, 1230], [14, 1230]], '숫맛소#이~돌', 0.008196503364391896), ([[194, 1198], [624, 1198], [624, 1230], [194, 1230]], "#빛 . 소콤포#임 ' 값초( 소(-니중화 @", 0.0025243130819968687), ([[14, 1222], [932, 1222], [932, 1254], [14, 1254]], '#햇다소 렉숲(+-0 *"5-7 " >듭 3014+0<주메0   [스7갇(-[ 5 쨌   카# * [히*', 4.9981996444182315e-05), ([[18, 1248], [92, 1248], [92, 1274], [18, 1274]], '.화병 ', 0.003782441606745124), ([[106, 1244], [932, 1244], [932, 1276], [106, 1276]], '의"+7/병 시  름후표다{류<8 0 787 5 9+8073+ =+ 미\' 손 5+0 *,57버0<', 0.00013912454298983153), ([[16, 1268], [692, 1268], [692, 1300], [16, 1300]], '초타|-1#뉘(_+-(+ 390 57015 9 - (에움 8455(<8 필 중학 @', 0.000672556702621562)]
