407550
17
[([[518, 32], [688, 32], [688, 108], [518, 108]], '=못@', 0.008438119395861138), ([[677, 22], [1037, 22], [1037, 115], [677, 115]], "'오퓨오=9--슬-", 0.0024528660334936256), ([[870, 122], [1022, 122], [1022, 152], [870, 152]], "4)꺾--' (`깎쪽", 0.0002547561226640753), ([[754, 1054], [922, 1054], [922, 1130], [754, 1130]], '역자 누', 0.28513625264167786), ([[793, 1068], [1015, 1068], [1015, 1183], [793, 1183]], '자조-년책', 0.010631538658854954), ([[922, 1198], [972, 1198], [972, 1222], [922, 1222]], '@{', 0.024356713234800393), ([[772, 1398], [800, 1398], [800, 1430], [772, 1430]], '@@', 0.11088850137099435), ([[792, 1396], [1049, 1396], [1049, 1493], [792, 1493]], '오등@@.표', 0.00028508274053298745), ([[957, 1478], [1055, 1478], [1055, 1496], [957, 1496]], '버|오@@[|', 0.00010076333890367792), ([[857.7701175612585, 1209.9931058051327], [922.5101045506826, 1196.357022475917], [927.2298824387415, 1223.0068941948673], [862.4898954493174, 1235.642977524083]], '프로적', 0.10633530197254801)]
[([[20, 1458], [56, 1458], [56, 1484], [20, 1484]], '01', 0.9999993256504904)]
[([[44, 84], [100, 84], [100, 116], [44, 116]], '이름', 0.9846441668242393), ([[116, 84], [204, 84], [204, 116], [116, 116]], '바닐라', 0.9483051728124655), ([[1921, 77], [2081, 77], [2081, 115], [1921, 115]], '이름 문소콜라', 0.29898642284882115), ([[45, 125], [101, 125], [101, 161], [45, 161]], '종류', 0.999925148017585), ([[116, 124], [229, 124], [229, 161], [116, 161]], '흰고양이', 0.725823163986206), ([[1899, 119], [2085, 119], [2085, 157], [1899, 157]], '종류 문 흰고양이', 0.2633724775768797), ([[43, 169], [217, 169], [217, 205], [43, 205]], '신장 ; 1499 ', 0.20937161310939073), ([[1907, 163], [2083, 163], [2083, 199], [1907, 199]], '신장 문 152하', 0.1379844490368316), ([[43, 211], [277, 211], [277, 249], [43, 249]], '3512. : 70/52/75', 0.15429545084749066), ([[1849, 207], [2083, 207], [2083, 243], [1849, 243]], '35170: 75/54/76', 0.03024098661645658), ([[1745, 465], [1972, 465], [1972, 576], [1745, 576]], "'{화{`", 0.0006552973326625376), ([[16, 1460], [54, 1460], [54, 1486], [16, 1486]], '03', 0.842373125651445), ([[2070, 1456], [2106, 1456], [2106, 1482], [2070, 1482]], '02', 0.9999881146094074), ([[187.26455633745076, 528.1905035185284], [354.0691642443497, 514.2547474202121], [355.73544366254924, 588.8094964814716], [188.93083575565032, 601.7452525797879]], "'[[4", 0.003155057318508625)]
[([[458, 18], [652, 18], [652, 50], [458, 50]], '2010소소끝나* 0', 0.0441449450328002), ([[182, 62], [894, 62], [894, 94], [182, 94]], '토쪽0 요어:쪽;-름##++ -,)초스지 (디도시한중춘0*@', 4.654077433539224e-06), ([[387, 113], [685, 113], [685, 149], [387, 149]], '2010 -#영어*{@사"예 >-쪽5', 0.00010998886738402003), ([[89, 364], [197, 364], [197, 899], [89, 899]], '7', 0.06120184995961098), ([[526, 556], [558, 556], [558, 594], [526, 594]], '주', 0.009451613206014287), ([[899, 361], [1001, 361], [1001, 784], [899, 784]], '{', 0.29141633151627744), ([[528, 852], [556, 852], [556, 912], [528, 912]], '5', 0.7111626053550744), ([[1008, 1460], [1048, 1460], [1048, 1488], [1008, 1488]], '04', 0.6843109253190607)]
[([[354, 30], [756, 30], [756, 62], [354, 62]], '078 [회구#최] 논0그-7}권중터0', 0.001511738399394265), ([[1010, 1458], [1050, 1458], [1050, 1488], [1010, 1488]], '06', 0.9999980612455189)]
[([[119, 111], [442, 111], [442, 161], [119, 161]], '-라커어*교@토쪽0 내어맛플$', 4.4184343054944e-06), ([[0, 1208], [280, 1208], [280, 1472], [0, 1472]], '기', 0.025852613110327605)]
[([[118, 111], [442, 111], [442, 161], [118, 161]], '5라깥어*;@시토쪽0 내-맛플$', 8.838131141912099e-06), ([[0, 1208], [326, 1208], [326, 1472], [0, 1472]], '족', 0.005753446666632522)]
[([[1102, 1156], [1198, 1156], [1198, 1196], [1102, 1196]], '단양니', 0.08029435008626733)]
[([[1102, 1156], [1198, 1156], [1198, 1196], [1102, 1196]], '양니', 0.24985678686625157)]
[([[1103, 1155], [1199, 1155], [1199, 1197], [1103, 1197]], '군니', 0.16697875090462713)]
[([[1102, 1156], [1198, 1156], [1198, 1196], [1102, 1196]], '양니', 0.26845272225104544)]
[([[772, 152], [796, 152], [796, 194], [772, 194]], '음', 0.9944072699682671), ([[448, 581], [527, 581], [527, 634], [448, 634]], '콜라?', 0.16290388429176036), ([[752, 787], [848, 787], [848, 823], [752, 823]], '아하하', 0.9999326201245449), ([[753, 831], [847, 831], [847, 871], [753, 871]], '바닐라', 0.9734392442107656), ([[759, 869], [843, 869], [843, 911], [759, 911]], '껏나?', 0.27071939892570146), ([[34, 1052], [94, 1052], [94, 1102], [34, 1102]], '협적', 0.9729732528019946), ([[582, 1088], [693, 1088], [693, 1127], [582, 1127]], '기다리고', 0.9999650716781616), ([[806, 1092], [856, 1092], [856, 1120], [806, 1120]], '아-', 0.9998961517446875), ([[30, 1094], [96, 1094], [96, 1148], [30, 1148]], '활계', 0.2204012727988846), ([[579, 1125], [692, 1125], [692, 1167], [579, 1167]], '기다려도', 0.9998460412025452), ([[806, 1132], [862, 1132], [862, 1164], [806, 1164]], '그게', 0.9993540342310797), ([[748, 1154], [794, 1154], [794, 1186], [748, 1186]], '주인', 0.9984989751312636), ([[591, 1165], [675, 1165], [675, 1207], [591, 1207]], '주인이', 0.8885698129750237), ([[736, 1186], [810, 1186], [810, 1218], [736, 1218]], '상태가', 0.9942100328673402), ([[293, 1204], [350, 1204], [350, 1241], [293, 1241]], '@째', 0.06369910945364993), ([[578, 1205], [688, 1205], [688, 1248], [578, 1248]], '아무것도', 0.7036681217070682), ([[739, 1215], [783, 1215], [783, 1255], [739, 1255]], '조금', 0.9999567576072741), ([[601, 1246], [666, 1246], [666, 1282], [601, 1282]], '하러', 0.6779596173152149), ([[745, 1247], [802, 1247], [802, 1286], [745, 1286]], '신경', 0.9998869640235526), ([[589, 1287], [673, 1287], [673, 1323], [589, 1323]], '와주지', 0.9974684078437226), ([[737, 1281], [806, 1281], [806, 1311], [737, 1311]], '쓰여서', 0.8171314222811584), ([[575, 1323], [689, 1323], [689, 1363], [575, 1363]], '압으니까', 0.3425772488117218), ([[279.8800042399873, 1247.6080067839796], [374.44453202353253, 1231.966481094541], [379.1199957600127, 1270.3919932160204], [284.55546797646747, 1285.033518905459]], '무3"', 0.012538668027872589), ([[279.0, 1290.0], [383.8221665979856, 1251.776486001699], [398.0, 1290.0], [293.1778334020144, 1328.223513998301]], '적출히숙', 0.0035598857793956995), ([[356.1430466182295, 1308.257218647292], [407.62235275749475, 1293.830396849248], [412.8569533817705, 1313.742781352708], [361.37764724250525, 1327.169603150752]], '뜨6', 0.003186346040457918)]
[([[934, 20], [994, 20], [994, 52], [934, 52]], '잠깐!', 0.5145825817984604), ([[928, 52], [1000, 52], [1000, 82], [928, 82]], '바닐라', 0.9726780712022958), ([[914, 82], [1010, 82], [1010, 112], [914, 112]], '그건 너무', 0.998337565640203), ([[916, 112], [1008, 112], [1008, 144], [916, 144]], '직접적이', 0.9987996816635132), ([[934, 144], [994, 144], [994, 174], [934, 174]], '잡나!', 0.9383679302281522), ([[929, 171], [997, 171], [997, 207], [929, 207]], '일단은', 0.9976024356310277), ([[920, 204], [1006, 204], [1006, 236], [920, 236]], '방   안의', 0.7545292205632624), ([[929, 233], [997, 233], [997, 271], [929, 271]], '상태름', 0.334870256231947), ([[929, 263], [997, 263], [997, 301], [929, 301]], '살펴본', 0.9286800729471504), ([[930, 298], [974, 298], [974, 324], [930, 324]], '후에', 0.5844663842132074), ([[725, 927], [765, 927], [765, 1015], [725, 1015]], '요', 0.17227026279492552), ([[179, 1007], [217, 1007], [217, 1055], [179, 1055]], '잘', 0.9924990462573113), ([[226, 1008], [258, 1008], [258, 1034], [226, 1034]], '자', 0.9999514824076563), ([[725, 1019], [765, 1019], [765, 1157], [725, 1157]], '양', 0.7006642123679399), ([[10, 1458], [48, 1458], [48, 1488], [10, 1488]], '13', 0.9693881853663158)]
[([[37, 283], [145, 283], [145, 323], [37, 323]], '양대에!', 0.9539416432380676), ([[516, 312], [548, 312], [548, 338], [516, 338]], '바', 0.9995902004550459), ([[58, 320], [120, 320], [120, 368], [58, 368]], '귀논', 0.7184712560022638), ([[499, 345], [591, 345], [591, 381], [499, 381]], '바닐라/', 0.31753185391426086), ([[29, 363], [151, 363], [151, 407], [29, 407]], '양대에!!', 0.630281431994845), ([[370, 410], [424, 410], [424, 462], [370, 462]], '음부', 0.37732353593631957), ([[948, 504], [1026, 504], [1026, 558], [948, 558]], '오늘은', 0.9876117564319178), ([[912, 632], [976, 632], [976, 662], [912, 662]], '내가', 0.999899523391673), ([[910, 670], [972, 670], [972, 722], [910, 722]], '해죽', 0.38725204267071084), ([[902, 716], [988, 716], [988, 746], [902, 746]], '테니까', 0.9964646522176742), ([[544, 1078], [628, 1078], [628, 1117], [544, 1117]], "'골좌의", 0.22101017832756042), ([[526, 1120], [592, 1120], [592, 1168], [526, 1168]], '약점', 0.9999638381954854), ([[526, 1164], [594, 1164], [594, 1212], [526, 1212]], '함짝.', 0.4018325036464365), ([[486, 1252], [546, 1252], [546, 1280], [486, 1280]], '다 ^', 0.22717890177677597), ([[5, 1265], [73, 1265], [73, 1307], [5, 1307]], '(십어', 0.3554214537143707), ([[486, 1294], [550, 1294], [550, 1324], [486, 1324]], '아아', 0.9999441980285968), ([[60, 1378], [134, 1378], [134, 1410], [60, 1410]], '나아!', 0.811070395413851), ([[12, 1458], [52, 1458], [52, 1488], [12, 1488]], '15', 0.9999994942378553), ([[591, 1443], [631, 1443], [631, 1481], [591, 1481]], '야', 0.007724801253111702)]
[([[746, 44], [776, 44], [776, 128], [746, 128]], '출', 0.14602212745487364), ([[744, 130], [780, 130], [780, 162], [744, 162]], '라', 0.998110710702349), ([[753, 173], [769, 173], [769, 197], [753, 197]], '?', 0.49817694203289875), ([[658, 218], [714, 218], [714, 334], [658, 334]], '%', 0.025479391771782156), ([[293, 333], [337, 333], [337, 371], [293, 371]], '54', 0.9973220291811338), ([[655, 331], [717, 331], [717, 587], [655, 587]], '8', 0.19379044579190818), ([[806, 810], [854, 810], [854, 858], [806, 858]], '저', 0.0070497877511024876), ([[878, 814], [906, 814], [906, 842], [878, 842]], '5', 0.9742640486592791), ([[128, 1090], [152, 1090], [152, 1122], [128, 1122]], '주', 0.9999969005608733), ([[63, 1157], [117, 1157], [117, 1195], [63, 1195]], '인?', 0.9976504481086506), ([[728, 1176], [820, 1176], [820, 1224], [728, 1224]], '또 이', 0.826795740263202), ([[1014, 1460], [1054, 1460], [1054, 1490], [1014, 1490]], '16', 0.6727735745613761), ([[821.6076433315133, 1170.4975796624806], [1028.6590238050646, 1151.0061470531377], [1030.3923566684866, 1204.5024203375194], [824.3409761949353, 1222.9938529468623]], '패로6005?!', 0.16480218437995825)]
[([[624, 22], [686, 22], [686, 52], [624, 52]], '자아', 0.9856757774798368), ([[908, 30], [956, 30], [956, 56], [908, 56]], '하하아', 0.5944769382476807), ([[894, 82], [930, 82], [930, 110], [894, 110]], '아?', 0.999746201112493), ([[609, 121], [667, 121], [667, 141], [609, 141]], '차례야!', 0.7974113821983337), ([[314, 32], [364, 32], [364, 284], [314, 284]], '8', 0.37932977519302824), ([[440, 232], [466, 232], [466, 256], [440, 256]], '하', 0.9935235084213936), ([[434, 260], [472, 260], [472, 292], [434, 292]], '앗', 0.5461288736665324), ([[420, 408], [448, 408], [448, 434], [420, 434]], '하', 0.7900893485842211), ([[438, 418], [466, 418], [466, 450], [438, 450]], '앗', 0.4138469259501676), ([[308, 558], [338, 558], [338, 626], [308, 626]], '5', 0.34268134922175264), ([[962, 634], [996, 634], [996, 664], [962, 664]], '여', 0.9715481728914928), ([[931, 673], [995, 673], [995, 709], [931, 709]], '역시', 0.9887552837654082), ([[856, 720], [942, 720], [942, 768], [856, 768]], '주인은', 0.9888997816545337), ([[853, 765], [949, 765], [949, 807], [853, 807]], '덮치러', 0.720193272736866), ([[839, 805], [933, 805], [933, 849], [839, 849]], '(와구나', 0.49608173966407776), ([[782, 908], [812, 908], [812, 984], [782, 984]], '둑', 0.03355679198418304), ([[24, 1056], [72, 1056], [72, 1108], [24, 1108]], ':;', 0.009385314318218888), ([[174, 1130], [258, 1130], [258, 1180], [174, 1180]], '먹어어', 0.4158840294609687), ([[216, 1094], [248, 1094], [248, 1140], [216, 1140]], '잘', 0.9980671218131789), ([[718, 1020], [864, 1020], [864, 1316], [718, 1316]], '해', 0.009520292048709189), ([[817, 1205], [855, 1205], [855, 1243], [817, 1243]], '아', 0.48989284386027876), ([[818, 1246], [852, 1246], [852, 1276], [818, 1276]], '선', 0.4301173225416086), ([[972, 1338], [1012, 1338], [1012, 1366], [972, 1366]], '나는', 0.954833500071981), ([[960, 1362], [1026, 1362], [1026, 1390], [960, 1390]], '사간 할', 0.44104095033591856), ([[954, 1386], [1028, 1386], [1028, 1412], [954, 1412]], '생각으로', 0.9866769909858704), ([[958, 1408], [1026, 1408], [1026, 1436], [958, 1436]], '온건데;', 0.3777864873409271), ([[18, 1456], [58, 1456], [58, 1486], [18, 1486]], '23', 0.5539855119612135), ([[604.263428220882, 80.31125619638148], [635.7171453615945, 59.051697004998225], [670.736571779118, 116.68874380361852], [639.2828546384055, 137.94830299500177]], '%', 0.8603676118768)]
[([[458, 38], [676, 38], [676, 62], [458, 62]], '[꼴설쪽0 ?예^---긋 교]', 0.0008935463041624882), ([[464, 70], [528, 70], [528, 96], [464, 96]], '쫓스다', 0.009217169144617024), ([[539, 69], [670, 69], [670, 97], [539, 97]], '2011/08/13', 0.9995732972116533), ([[468, 102], [512, 102], [512, 128], [468, 128]], '쭉수', 0.05396098127127609), ([[524, 104], [668, 104], [668, 128], [524, 128]], '시.어0 "-지*-', 0.00011910464868846407), ([[418, 136], [452, 136], [452, 160], [418, 160]], '괜', 0.017363101168260897), ([[462, 136], [716, 136], [716, 162], [462, 162]], '룹+오:/|-3커어* -미-아,;<아<', 2.073799550356544e-06), ([[504, 168], [570, 168], [570, 192], [504, 192]], '물이구,', 0.0018399517284706235), ([[580, 168], [630, 168], [630, 192], [580, 192]], '답_-', 0.0032285426049177912), ([[417, 967], [567, 967], [567, 987], [417, 987]], '-시`3없 한*5<3;', 0.0009230621307258969), ([[333, 1013], [653, 1013], [653, 1029], [333, 1029]], '24516+74033그38)1-30*초버내쨌(', 0.017079367622358704), ([[306, 1032], [674, 1032], [674, 1051], [306, 1051]], '스미야되 -염( [,설쪽0 [^년^다--.| 0터강|+"익 ', 7.839931855571191e-07), ([[337, 1055], [647, 1055], [647, 1073], [337, 1073]], "-다 2 $'0요다+서<적하떤 (< <보7켜+시 (초)", 3.5060618535890326e-05), ([[293, 1097], [689, 1097], [689, 1117], [293, 1117]], '7675 [꼴설쪽0 ?장^4---.] 처-1(5움9 57엎0607016', 2.0687420437927607e-05), ([[329, 1119], [651, 1119], [651, 1139], [329, 1139]], '110염리 -킬어조+-13333느/-3<31 .', 0.00025458782162770475), ([[349, 1141], [635, 1141], [635, 1161], [349, 1161]], '-시: :40시#손7중 논묘이중+서<내@', 0.00012482412773831368), ([[337, 1185], [645, 1185], [645, 1203], [337, 1203]], '스미하다-46*0 손@가 --현남-:보소가', 0.0002222525464384284), ([[335, 1205], [647, 1205], [647, 1225], [335, 1225]], '\'변|*05`0하숨<6요}"주매3 551 <충:다6', 8.480688754229869e-07), ([[405, 1229], [579, 1229], [579, 1247], [405, 1247]], '초>하51 논32손03 .', 0.012985839647233696), ([[337, 1271], [654, 1271], [654, 1291], [337, 1291]], '-버; 초소 [꼴톤쪽0 묘^:서다--긋 피] <숲이초0*3~', 0.0001808334777708556), ([[475, 1317], [515, 1317], [515, 1333], [475, 1333]], '손*', 0.403729096477547), ([[1010, 1456], [1052, 1456], [1052, 1486], [1010, 1486]], '24', 0.9632175446964304)]
