412261
17
[([[699, 877], [867, 877], [867, 917], [699, 917]], '엔역안람갈화', 0.00731374562972885), ([[9, 925], [521, 925], [521, 945], [9, 945]], '* 본 번역본의 재배포에는 제한미 없므나 재배포시 반드시 본 [지루 철부해 주시길 바람니다;', 0.28719334474662644), ([[22, 956], [590, 956], [590, 1012], [22, 1012]], '동인문화육성프로적트 이스카', 0.9467388458058248), ([[681, 999], [757, 999], [757, 1041], [681, 1041]], '19*', 0.5441584608464224), ([[24, 1026], [252, 1026], [252, 1056], [24, 1056]], '동인문화 육성프로적트란?', 0.7760344170011997), ([[26, 1066], [556, 1066], [556, 1090], [26, 1090]], '국내 동인문화 발전올 위해 진행되논 아이즈걸의 새로운 프로적트 입니다', 0.7456121704443144), ([[628, 1036], [806, 1036], [806, 1112], [628, 1112]], '[8신쪽', 0.005176621023565531), ([[24, 1083], [554, 1083], [554, 1111], [24, 1111]], '게임제작 동인지제적 동인변의팀 훈영등의 다양한 형태로 운영되논 국내', 0.2545145174915481), ([[24, 1104], [430, 1104], [430, 1128], [24, 1128]], '최초 동인문화의 통합커유니티클 목표로 하고 있습니다:', 0.45214176806394896), ([[637, 1111], [797, 1111], [797, 1131], [637, 1131]], '2009년 동인지 번역프로적트', 0.5956402101578109), ([[653, 1125], [787, 1125], [787, 1145], [653, 1145]], '번역인원 질찬리 모집중', 0.8964493705992342), ([[573, 1191], [663, 1191], [663, 1215], [573, 1215]], "'4하5'라'$", 0.0012171677083126337), ([[174, 1220], [680, 1220], [680, 1252], [174, 1252]], '아이즈걸 9.0 동인문화 육성프로적트 ~18시쪽4(이스카)', 0.08561239985761518)]
[([[553, 1085], [607, 1085], [607, 1121], [553, 1121]], '0', 0.79807252777222), ([[695, 1047], [807, 1047], [807, 1137], [695, 1137]], '디', 0.10488969414939575), ([[511, 1147], [673, 1147], [673, 1189], [511, 1189]], '나주- / 근', 0.06033437255925406), ([[502, 1188], [668, 1188], [668, 1218], [502, 1218]], "{감0 9젠라,'서마5", 0.0008990266167756707), ([[689, 1143], [795, 1143], [795, 1229], [689, 1229]], '다', 0.03209789407234909)]
[([[770, 85], [796, 85], [796, 183], [770, 183]], '{', 0.8940259614430488), ([[737, 722], [803, 722], [803, 888], [737, 888]], '-', 0.2869664684725173), ([[612, 1036], [642, 1036], [642, 1102], [612, 1102]], '앞', 0.08160553398410286)]
[([[708, 98], [738, 98], [738, 148], [708, 148]], '남', 0.01641460589365895), ([[738, 108], [762, 108], [762, 232], [738, 232]], '#', 0.05016564291428072), ([[710, 144], [740, 144], [740, 360], [710, 360]], '{', 0.7920684642592768), ([[736, 502], [765, 502], [765, 553], [736, 553]], '{하', 0.9093216865552466), ([[709, 491], [740, 491], [740, 758], [709, 758]], "'", 0.9232425738924945), ([[530, 936], [571, 936], [571, 1059], [530, 1059]], '볶', 0.0524115359305064), ([[665, 943], [729, 943], [729, 1103], [665, 1103]], '#', 0.25853198089897944), ([[724, 978], [748, 978], [748, 1004], [724, 1004]], '역', 0.9959471841293634)]
[([[66, 32], [92, 32], [92, 138], [66, 138]], '"', 0.014412254293019233), ([[438, 92], [462, 92], [462, 138], [438, 138]], '혈', 0.05495823543095946), ([[462, 45], [489, 45], [489, 152], [462, 152]], '@', 0.8241563909795246), ([[756, 26], [849, 26], [849, 155], [756, 155]], '뼈', 0.4585099390435552), ([[38, 32], [66, 32], [66, 264], [38, 264]], "'", 0.18191281914351354), ([[65, 135], [90, 135], [90, 218], [65, 218]], '월', 0.3124710214400608), ([[435, 177], [464, 177], [464, 282], [435, 282]], '[', 0.24030683430487443), ([[436, 136], [462, 136], [462, 180], [436, 180]], '빠', 0.07082332117762746), ([[464, 150], [488, 150], [488, 240], [464, 240]], '@', 0.10295062224719231), ([[786, 139], [816, 139], [816, 268], [786, 268]], '{', 0.8020671550537237), ([[764, 688], [788, 688], [788, 786], [764, 786]], '{', 0.04646090550308202), ([[792, 688], [818, 688], [818, 932], [792, 932]], "'", 0.33516604168711694), ([[36, 920], [62, 920], [62, 1082], [36, 1082]], '(', 0.14777869631470342), ([[63, 961], [88, 961], [88, 1028], [63, 1028]], '올', 0.5215619247456197), ([[38, 1076], [64, 1076], [64, 1102], [38, 1102]], '(', 0.1000861366493524), ([[64, 1026], [88, 1026], [88, 1146], [64, 1146]], '@', 0.022199975417991347), ([[36, 1098], [62, 1098], [62, 1216], [36, 1216]], '{', 0.015852476065725263), ([[65.5032492994646, 922.0626722679119], [81.50671878367537, 920.0652555532395], [85.4967507005354, 964.9373277320881], [69.49328121632463, 965.9347444467605]], '희', 0.08973316449784363)]
[([[597, 39], [729, 39], [729, 401], [597, 401]], '1', 0.1611136339867878), ([[710, 50], [750, 50], [750, 207], [710, 207]], '5', 0.07429524110261898), ([[539, 703], [603, 703], [603, 823], [539, 823]], '@업', 0.004131784706079122), ([[810, 624], [853, 624], [853, 759], [810, 759]], '9', 0.011942349119443973), ([[570, 822], [598, 822], [598, 856], [570, 856]], '내', 0.9960834065489657), ([[348, 878], [374, 878], [374, 958], [348, 958]], '"', 0.040870172147152495), ([[542, 796], [574, 796], [574, 934], [542, 934]], '[', 0.0594280137114902), ([[346, 970], [374, 970], [374, 1078], [346, 1078]], '흙', 0.05831606299561387)]
[([[296, 46], [324, 46], [324, 192], [296, 192]], '[', 0.9208529255090667), ([[323, 96], [349, 96], [349, 285], [323, 285]], "'", 0.937187741924447)]
[([[78, 752], [119, 752], [119, 977], [78, 977]], "'", 0.4388037765240824), ([[179, 897], [199, 897], [199, 931], [179, 931]], '적', 0.9934743164600413), ([[148, 920], [172, 920], [172, 1000], [148, 1000]], '흙', 0.055218584658265124), ([[56, 1012], [80, 1012], [80, 1052], [56, 1052]], '옷', 0.10844354505208287), ([[176, 958], [200, 958], [200, 1038], [176, 1038]], '젊', 0.0402796645525163), ([[148, 1000], [172, 1000], [172, 1100], [148, 1100]], '푹', 0.04856528574471586), ([[28, 1056], [82, 1056], [82, 1208], [28, 1208]], ';', 0.004606589537295369), ([[148, 1114], [174, 1114], [174, 1154], [148, 1154]], '{?', 0.697745781647076), ([[616, 1195], [833, 1195], [833, 1236], [616, 1236]], '리/44-9729다', 0.06203752988008177)]
[([[722, 71], [777, 71], [777, 138], [722, 138]], "러올'", 0.04423454460841423), ([[691, 70], [751, 70], [751, 219], [691, 219]], '#', 0.07729947564914497), ([[725, 197], [745, 197], [745, 221], [725, 221]], '된', 0.905386389318906), ([[91, 197], [111, 197], [111, 255], [91, 255]], '유', 0.039921242656906), ([[226, 362], [274, 362], [274, 386], [226, 386]], '요 요', 0.8809068393158418), ([[687, 323], [773, 323], [773, 433], [687, 433]], '_영', 0.006993295042323571), ([[224, 378], [276, 378], [276, 426], [224, 426]], '심심', 0.23325733511322372), ([[178, 438], [226, 438], [226, 542], [178, 542]], '##', 0.06055465763671516), ([[679, 479], [697, 479], [697, 511], [679, 511]], '문', 0.07764114756884855), ([[695, 429], [715, 429], [715, 489], [695, 489]], '월', 0.4713721291823312), ([[207, 505], [223, 505], [223, 599], [207, 599]], '{', 0.1641572900373376), ([[154, 697], [232, 697], [232, 780], [154, 780]], '훨월물', 0.26475485506901514), ([[154, 775], [183, 775], [183, 848], [154, 848]], '흙', 0.7988233911208944), ([[202, 776], [226, 776], [226, 824], [202, 824]], '일', 0.7473801161140727), ([[707, 841], [725, 841], [725, 863], [707, 863]], '한', 0.9955508239368669), ([[646, 990], [670, 990], [670, 1018], [646, 1018]], '요', 0.9991103006328252), ([[644, 1016], [670, 1016], [670, 1070], [644, 1070]], '식', 0.9639233200815376), ([[669, 988], [697, 988], [697, 1096], [669, 1096]], '풀', 0.23243171271245533)]
[([[321, 329], [434, 329], [434, 361], [321, 361]], "음'+^", 0.0031047449447214603), ([[497, 337], [515, 337], [515, 361], [497, 361]], '화', 0.9964599999535864), ([[497, 361], [517, 361], [517, 385], [497, 385]], '안', 0.9999638799114372), ([[101, 331], [134, 331], [134, 444], [101, 444]], '품', 0.9859762614323166), ([[494, 352], [546, 352], [546, 432], [494, 432]], '@출', 0.24137961011347714), ([[476, 574], [524, 574], [524, 622], [476, 622]], '꽃마', 0.006942794348653813), ([[718, 518], [763, 518], [763, 614], [718, 614]], '8 ', 0.017954667577490882), ([[160, 578], [212, 578], [212, 650], [160, 650]], '철탓', 0.11223117821091233), ([[522, 578], [546, 578], [546, 638], [522, 638]], '꿈', 0.08008224857826463), ([[118, 644], [142, 644], [142, 728], [118, 728]], '움', 0.09792997097515244), ([[188, 640], [212, 640], [212, 684], [188, 684]], '휴', 0.24161319749076515), ([[476, 598], [526, 598], [526, 702], [476, 702]], '#', 0.032867890538582856), ([[603, 651], [621, 651], [621, 691], [603, 691]], '볼', 0.4584109809061978), ([[92, 642], [116, 642], [116, 768], [92, 768]], '#', 0.0972737771420249), ([[498, 678], [548, 678], [548, 728], [498, 728]], '올월', 0.27951237657233513), ([[578, 650], [602, 650], [602, 756], [578, 756]], '월', 0.03847104231647891), ([[354, 985], [381, 985], [381, 1062], [354, 1062]], '품', 0.3142093243173463), ([[740, 908], [766, 908], [766, 1004], [740, 1004]], '#', 0.026946372019059917), ([[766, 910], [792, 910], [792, 1056], [766, 1056]], '}', 0.09462200843357582), ([[110, 1017], [136, 1017], [136, 1078], [110, 1078]], '굽', 0.6938222782544337), ([[359, 1059], [377, 1059], [377, 1081], [359, 1081]], '니', 0.23271663217681837), ([[739, 1006], [765, 1006], [765, 1102], [739, 1102]], '%', 0.03179922011444436), ([[159, 1059], [243, 1059], [243, 1161], [159, 1161]], '@.', 0.04345233325155889), ([[279, 1057], [363, 1057], [363, 1149], [279, 1149]], '"뿐', 0.005440472205661707), ([[310, 1138], [334, 1138], [334, 1180], [310, 1180]], '닭', 0.3201788920102935), ([[189, 1139], [207, 1139], [207, 1219], [189, 1219]], '#', 0.026213674745225513), ([[525.5469730106795, 634.0519839459216], [546.0159700398885, 636.2772681932324], [541.4530269893205, 680.9480160540784], [520.9840299601115, 678.7227318067676]], '닭', 0.08702045581312579), ([[165.3859944401545, 1154.0965827644789], [182.15098681234923, 1156.3643871613986], [177.6140055598455, 1188.9034172355211], [160.84901318765077, 1186.6356128386014]], '사', 0.5242853241925651)]
[([[318, 0], [384, 0], [384, 26], [318, 26]], '7', 0.8055028947865139), ([[370, 108], [424, 108], [424, 138], [370, 138]], '아 아', 0.8980243387598632), ([[458, 78], [489, 78], [489, 138], [458, 138]], '엔', 0.9990790819398434), ([[734, 44], [812, 44], [812, 152], [734, 152]], '@#', 0.038376269417976054), ([[370, 142], [398, 142], [398, 172], [370, 172]], '안', 0.9999730588820199), ([[738, 144], [784, 144], [784, 172], [738, 172]], '아서', 0.9999886203698664), ([[785, 115], [805, 115], [805, 163], [785, 163]], '#', 0.18330841437291046), ([[66, 160], [120, 160], [120, 270], [66, 270]], '물출', 0.07339492026693885), ([[297, 185], [317, 185], [317, 243], [297, 243]], '출', 0.15604391474825263), ([[370, 170], [394, 170], [394, 238], [370, 238]], '헌', 0.47570336633361876), ([[738, 168], [764, 168], [764, 208], [738, 208]], '낮', 0.14430981909612584), ([[269, 341], [289, 341], [289, 365], [269, 365]], '그', 0.9999418267127567), ([[156, 390], [180, 390], [180, 434], [156, 434]], '군', 0.9074338187071049), ([[211, 391], [233, 391], [233, 411], [211, 411]], '그', 0.9999643567400405), ([[240, 340], [264, 340], [264, 418], [240, 418]], '흙', 0.2585617428383138), ([[710, 394], [734, 394], [734, 418], [710, 418]], '아', 0.9998067710768943), ([[185, 391], [205, 391], [205, 451], [185, 451]], '월', 0.2812885402547636), ([[151, 407], [239, 407], [239, 519], [151, 519]], '훌월륭', 0.003697676760879743), ([[631, 421], [717, 421], [717, 531], [631, 531]], '#', 0.019791143356898466), ([[665, 507], [685, 507], [685, 551], [665, 551]], '물', 0.9506206297924678), ([[718, 768], [770, 768], [770, 870], [718, 870]], '법', 0.009093412310168247), ([[454, 890], [480, 890], [480, 920], [454, 920]], '기', 0.9996987808119719), ([[649, 867], [735, 867], [735, 957], [649, 957]], '%#콩', 0.02850045779497496), ([[522, 908], [548, 908], [548, 956], [522, 956]], '앗', 0.47578114976546715), ([[706, 914], [730, 914], [730, 976], [706, 976]], '햇', 0.0772054761328036), ([[404, 920], [456, 920], [456, 1054], [404, 1054]], '#', 0.22341396018943271), ([[680, 944], [704, 944], [704, 990], [680, 990]], '한', 0.9701711326208375), ([[678, 974], [732, 974], [732, 1038], [678, 1038]], '지증', 0.011026390343702697)]
[([[149, 61], [169, 61], [169, 121], [149, 121]], '햇', 0.12358669908317044), ([[594, 80], [624, 80], [624, 116], [594, 116]], '양', 0.9799383419898646), ([[478, 202], [504, 202], [504, 254], [478, 254]], '햇', 0.17499436527401713), ([[444, 257], [470, 257], [470, 351], [444, 351]], '알', 0.114301766620728), ([[818, 402], [844, 402], [844, 428], [818, 428]], '아', 0.9999009395337488), ([[716, 374], [756, 374], [756, 506], [716, 506]], '물', 0.01638295253139077), ([[820, 428], [844, 428], [844, 476], [820, 476]], '아', 0.7837520453597371), ([[290, 502], [322, 502], [322, 534], [290, 534]], '아', 0.9999288333203573), ([[292, 528], [322, 528], [322, 622], [292, 622]], '양', 0.9590796668631043), ([[806, 516], [830, 516], [830, 596], [806, 596]], '못', 0.7810011422810845), ([[213, 659], [231, 659], [231, 717], [213, 717]], '흙', 0.03573640526080002), ([[237, 675], [257, 675], [257, 717], [237, 717]], '좀', 0.7743294976069279), ([[431, 665], [475, 665], [475, 749], [431, 749]], '#', 0.8964271803040482), ([[564, 668], [588, 668], [588, 740], [564, 740]], '술', 0.629822282367968), ([[584, 666], [634, 666], [634, 796], [584, 796]], '꿀', 0.048750039668768785), ([[676, 660], [726, 660], [726, 770], [676, 770]], '닭', 0.0042864851381945734), ([[493, 721], [513, 721], [513, 771], [493, 771]], '한', 0.10910297470687969), ([[126, 788], [156, 788], [156, 858], [126, 858]], '현', 0.01823078340866946), ([[471, 789], [491, 789], [491, 871], [471, 871]], '탑', 0.0054700615828920385), ([[663, 819], [679, 819], [679, 841], [663, 841]], '응', 0.9981475118989671), ([[239, 845], [307, 845], [307, 935], [239, 935]], '7', 0.0844530551391296), ([[381, 903], [401, 903], [401, 927], [381, 927]], '양', 0.970979135873197), ([[100, 1020], [124, 1020], [124, 1066], [100, 1066]], '운', 0.2601497851827652), ([[205, 1029], [225, 1029], [225, 1073], [205, 1073]], '향', 0.5769758360928599), ([[595, 1047], [611, 1047], [611, 1069], [595, 1069]], '응', 0.9983839370580796), ([[100, 1062], [130, 1062], [130, 1132], [100, 1132]], '올', 0.9345407301485444), ([[121, 1021], [150, 1021], [150, 1126], [121, 1126]], '#', 0.7089045925531536), ([[456, 1062], [480, 1062], [480, 1120], [456, 1120]], '통', 0.9849093221739658), ([[558, 1108], [610, 1108], [610, 1166], [558, 1166]], '눕썩', 0.05518741377841669), ([[587, 1151], [607, 1151], [607, 1195], [587, 1195]], '달', 0.9867183470434817), ([[193.22726851413617, 1151.0499675588485], [241.7517764867464, 1142.261421853762], [257.7727314858638, 1239.9500324411515], [209.2482235132536, 1248.738578146238]], '때', 0.04027945520851972)]
[([[59, 55], [77, 55], [77, 91], [59, 91]], '가', 0.17009512749951572), ([[174, 28], [222, 28], [222, 94], [174, 94]], '알나', 0.019840445982647358), ([[80, 66], [104, 66], [104, 110], [80, 110]], '햇', 0.17516575373724663), ([[179, 93], [197, 93], [197, 115], [179, 115]], '알', 0.9997455043608774), ([[199, 73], [217, 73], [217, 111], [199, 111]], '%', 0.2374622568159026), ([[57, 93], [77, 93], [77, 135], [57, 135]], '뼈', 0.4583819250802925), ([[687, 73], [731, 73], [731, 171], [687, 171]], '색', 0.01575431049383269), ([[640, 312], [666, 312], [666, 384], [640, 384]], '퍽', 0.0131989934660251), ([[424, 372], [448, 372], [448, 440], [424, 440]], '콩', 0.20794187107797146), ([[424, 442], [448, 442], [448, 492], [424, 492]], '몇', 0.5316884029332734), ([[255, 807], [295, 807], [295, 851], [255, 851]], '애', 0.07584866347337993), ([[261, 937], [279, 937], [279, 977], [261, 977]], '삶', 0.24754453627696993), ([[578, 886], [652, 886], [652, 990], [578, 990]], '얘꼴', 0.002515105648957481), ([[357, 959], [379, 959], [379, 979], [357, 979]], '야', 0.9997114151333086), ([[63, 981], [83, 981], [83, 1021], [63, 1021]], '압', 0.20315212931349436), ([[38, 986], [88, 986], [88, 1090], [38, 1090]], '양', 0.010884149498485707), ([[52, 1110], [76, 1110], [76, 1154], [52, 1154]], "'의", 0.5656424184188054), ([[357, 1071], [401, 1071], [401, 1137], [357, 1137]], '_모', 0.002967361405185162), ([[55, 1155], [75, 1155], [75, 1195], [55, 1195]], '와', 0.9950978185381452), ([[72, 1108], [122, 1108], [122, 1212], [72, 1212]], '협', 0.016440882201848916), ([[336, 1090], [360, 1090], [360, 1192], [336, 1192]], '팀', 0.003457401529833995), ([[378, 1136], [402, 1136], [402, 1178], [378, 1178]], '텍', 0.044031430895552726)]
[([[549, 17], [655, 17], [655, 59], [549, 59]], '441*', 0.034765757620334625), ([[758, 86], [826, 86], [826, 116], [758, 116]], '그렇계', 0.501243330627188), ([[738, 106], [846, 106], [846, 136], [738, 136]], '딱부러지게', 0.749887753939499), ([[748, 130], [836, 130], [836, 158], [748, 158]], '말해지면', 0.8499469757080078), ([[768, 154], [814, 154], [814, 178], [768, 178]], '역시', 0.9995322863177727), ([[758, 176], [824, 176], [824, 204], [758, 204]], '힘드네', 0.9854769505201374), ([[376, 380], [422, 380], [422, 410], [376, 410]], '나는', 0.9733028990235635), ([[332, 416], [462, 416], [462, 446], [332, 446]], '진심이앗논데', 0.1873984022793748), ([[366, 452], [432, 452], [432, 482], [366, 482]], '말이지', 0.9993965622789921), ([[761, 737], [833, 737], [833, 805], [761, 805]], '팔답월', 0.010249329955190048), ([[494, 782], [572, 782], [572, 806], [494, 806]], '그런 심정', 0.9986054721643413), ([[764, 784], [788, 784], [788, 846], [764, 846]], '탑', 0.06509201282950983), ([[787, 735], [807, 735], [807, 851], [787, 851]], '@', 0.16390369635864577), ([[628, 810], [652, 810], [652, 848], [628, 848]], '군', 0.9998856815586841), ([[741, 825], [759, 825], [759, 867], [741, 867]], '"', 0.3880926419151933), ([[246, 1094], [320, 1094], [320, 1120], [246, 1120]], '알고있어', 0.9961882829666138), ([[618, 1114], [676, 1114], [676, 1138], [618, 1138]], '그치만', 0.9997996516136742)]
[([[515, 61], [535, 61], [535, 101], [515, 101]], '길', 0.379510191319131), ([[105, 97], [125, 97], [125, 137], [105, 137]], '젖', 0.07298522837658172), ([[493, 53], [513, 53], [513, 149], [493, 149]], '%', 0.026771137084209196), ([[600, 136], [654, 136], [654, 162], [600, 162]], '타카시', 0.7676949141962812), ([[230, 348], [268, 348], [268, 372], [230, 372]], '오늘', 0.7990636034473444), ([[496, 322], [546, 322], [546, 424], [496, 424]], '월국', 0.04188293942344909), ([[803, 679], [823, 679], [823, 703], [803, 703]], '종', 0.9689922630795991), ([[238, 1114], [264, 1114], [264, 1204], [238, 1204]], '훨', 0.017150295897519152), ([[427, 1135], [445, 1135], [445, 1191], [427, 1191]], '흙', 0.15466768120313645), ([[558.3358994113244, 315.5038491169865], [611.6013166274123, 310.5056266182951], [612.6641005886756, 335.4961508830135], [559.3986833725877, 340.4943733817049]], '|염칸|', 4.0490918763680384e-05), ([[163.3947281234448, 1126.0367706122474], [205.50317593210465, 1121.23130393953], [214.6052718765552, 1217.9632293877526], [173.49682406789535, 1222.76869606047]], '푹', 0.7196454190405035)]
[([[678, 80], [752, 80], [752, 104], [678, 104]], '치아키장', 0.4448575973510742), ([[696, 106], [734, 106], [734, 130], [696, 130]], '그건', 0.9997403009974639), ([[582, 140], [622, 140], [622, 164], [582, 164]], '에리', 0.9959240553058613), ([[102, 400], [176, 400], [176, 424], [102, 424]], '치아키장', 0.4055348336696625), ([[396, 444], [420, 444], [420, 496], [396, 496]], '와', 0.9936287880635497), ([[701, 457], [717, 457], [717, 499], [701, 499]], '엉', 0.1006842967145225), ([[670, 444], [722, 444], [722, 572], [670, 572]], '물3', 0.0004883183311633919), ([[690, 640], [716, 640], [716, 666], [690, 666]], '앗', 0.44703922132984886), ([[157, 789], [175, 789], [175, 813], [157, 813]], '응', 0.9995117783546448), ([[119, 829], [139, 829], [139, 857], [119, 857]], '응', 0.999716540399632), ([[409, 783], [523, 783], [523, 901], [409, 901]], '끝', 0.016950025843570637), ([[726, 800], [750, 800], [750, 852], [726, 852]], '응', 0.10945657899672856), ([[116, 900], [140, 900], [140, 930], [116, 930]], '움', 0.7901484762217912), ([[529, 879], [549, 879], [549, 905], [529, 905]], '응', 0.9996820940948261), ([[802, 842], [880, 842], [880, 952], [802, 952]], '물', 0.8816572164665217), ([[509, 1035], [527, 1035], [527, 1057], [509, 1057]], '양', 0.8386242022617729)]
[([[704, 36], [728, 36], [728, 86], [704, 86]], '왜', 0.1526282428430017), ([[200, 66], [228, 66], [228, 122], [200, 122]], '햇', 0.0824240925192079), ([[244, 120], [270, 120], [270, 148], [244, 148]], '에', 0.9991995506553053), ([[395, 129], [415, 129], [415, 171], [395, 171]], '흥', 0.1898181807695245), ([[766, 134], [790, 134], [790, 186], [766, 186]], '햇', 0.13020048912109417), ([[244, 156], [272, 156], [272, 206], [244, 206]], '린', 0.041773617032143884), ([[120, 940], [148, 940], [148, 988], [120, 988]], '만', 0.9997977120667692), ([[346, 1148], [404, 1148], [404, 1180], [346, 1180]], '미안', 0.9999080368151306), ([[414, 1148], [492, 1148], [492, 1180], [414, 1180]], '타카시', 0.9669263254366424), ([[39.96969135218157, 393.06662341179805], [92.55041673292303, 359.0189573726161], [166.03030864781843, 485.93337658820195], [113.44958326707697, 519.9810426273839]], '익', 0.006222023387437936)]
