413851
10
[([[3919, 292], [4094, 292], [4094, 360], [3919, 360]], '7@해교', 0.0005751007702201605), ([[82, 119], [918, 119], [918, 678], [82, 678]], '볶 ', 0.01162157199205106), ([[3762, 338], [4264, 338], [4264, 486], [3762, 486]], '나@내', 0.0373927464033588), ([[3940, 472], [4066, 472], [4066, 496], [3940, 496]], '도7디맨 2811.81', 0.020172514416825296), ([[3695, 500], [3985, 500], [3985, 563], [3695, 563]], '역자 : 양파양파', 0.845651590297209), ([[3695, 557], [4129, 557], [4129, 621], [3695, 621]], '식자 : %어째교어3_-라|나,3', 8.36091049476855e-05), ([[221, 629], [637, 629], [637, 684], [221, 684]], '리,+즌-어고5 /,라<테', 0.00010211931294586581), ([[688, 621], [863, 621], [863, 681], [688, 681]], '+라+서라', 0.010946761826156923), ([[1760, 2750], [2067, 2750], [2067, 2923], [1760, 2923]], '여18)', 0.15599709749221802), ([[3778, 2580], [4269, 2580], [4269, 2904], [3778, 2904]], '유규하', 0.0014081082507321867), ([[1783, 2905], [2034, 2905], [2034, 2953], [1783, 2953]], '4-시설- 어`내', 0.00011423917382026095), ([[3272, 2888], [4229, 2888], [4229, 2978], [3272, 2978]], '벤리검머~-어고째 /,라<. ?,~째.,+$', 1.2751932342998921e-06)]
[([[27, 1379], [45, 1379], [45, 1405], [27, 1405]], '3', 0.9999982118614561)]
[([[32, 40], [384, 40], [384, 72], [32, 72]], '이번 책은 유키카제 그림이 제일 많네요~', 0.7243415781732289), ([[30, 68], [844, 68], [844, 100], [30, 100]], '개인적으로 여우귀 소녀라는 점 만으로도 완전히 꽃햇습니다만 거기에 솜가가 대박이없습니다!', 0.39665589906715965), ([[32, 96], [744, 96], [744, 126], [32, 126]], '기모노 모습도 그리고 싶엇지만 그건 2기1 때의 즐거움으로! (입고 나오면 좋젯네요)', 0.22309476504524098), ([[32, 122], [548, 122], [548, 154], [32, 154]], '이책속의 새유키카제 옷은 만화판에서 입어년 수영복이량', 0.3291315955331296), ([[32, 149], [521, 149], [521, 182], [32, 182]], '아마 밤이되면 주물러지고 있지 않울까 싶어서 그런 그림', 0.5658091654694776), ([[32, 178], [358, 178], [358, 210], [32, 210]], '그리고 어락때의 오중싸개 웃카-랑  ', 0.18868179490955939), ([[32, 204], [246, 204], [246, 236], [32, 236]], '원가 망상그림 뿐이군잎', 0.5577881053292063), ([[32, 232], [302, 232], [302, 264], [32, 264]], '하지만 그리면서 즐거워습니다', 0.8842526869145222)]
[]
[]
[([[39, 1291], [331, 1291], [331, 1327], [39, 1327]], '갈색 피부는 대체 몇년만일까요', 0.5467928128523131), ([[40, 1320], [244, 1320], [244, 1352], [40, 1352]], '그치만 귀도달려있되', 0.11303702319060763), ([[40, 1348], [272, 1348], [272, 1380], [40, 1380]], '칸 이유로 그려버로습니다:', 0.48702308300368097), ([[943, 1375], [981, 1375], [981, 1411], [943, 1411]], '14', 0.9999991570631338)]
[([[24, 60], [278, 60], [278, 92], [24, 92]], '아가씨는 틀림없이 이 정도의', 0.9446136323032401), ([[24, 86], [226, 86], [226, 118], [24, 118]], '헤드포올 쓰고 있올 테', 0.18697644685626133), ([[24, 114], [232, 114], [232, 146], [24, 146]], '처음으로 그런경니다만', 0.36991157806046443), ([[24, 142], [272, 142], [272, 174], [24, 174]], '07000이탑시고 그런경니다.', 0.29867745633988346), ([[26, 1380], [62, 1380], [62, 1410], [26, 1410]], '15', 0.99996965440393)]
[([[946, 1378], [982, 1378], [982, 1410], [946, 1410]], '20', 0.8898477369084368)]
[([[116, 82], [671, 82], [671, 149], [116, 149]], '이번 호의 표지 개스트오프', 0.5853051651853017), ([[115, 142], [894, 142], [894, 217], [115, 217]], '별로 원가 의식하고 그런 건 아남니다만', 0.3837958121120473), ([[116, 206], [361, 206], [361, 274], [116, 274]], '전원 거유로', 0.8055285977022894), ([[115, 266], [1005, 266], [1005, 339], [115, 339]], '4명 각각을 차이나게 그리논게 힘들없습니다 .', 0.5661644906453025), ([[115, 330], [897, 330], [897, 402], [115, 402]], '하지만 다양한 머리 색의 여우귀 소녀름', 0.56175940067168), ([[115, 390], [692, 390], [692, 466], [115, 466]], '그럴수 있어서 즐거워습니다:', 0.5682957938764404), ([[4186, 2921], [4263, 2921], [4263, 2988], [4186, 2988]], '22', 1.0)]
[([[38, 52], [243, 52], [243, 126], [38, 126]], '열숙운기', 0.012670975178480148), ([[50, 136], [284, 136], [284, 168], [50, 168]], '날로먹으면 배달나는데 ', 0.8052105776827752), ([[643, 0], [855, 0], [855, 225], [643, 225]], "'", 0.5768609337429211), ([[50, 196], [414, 196], [414, 226], [50, 226]], '이렇게 날로먹논 번역이면 안되논데 ', 0.466868897427403), ([[448, 194], [542, 194], [542, 226], [448, 226]], '종후번후', 0.046962518244981766), ([[50, 252], [431, 252], [431, 284], [50, 284]], '최근 일본에서 생활하고 있습니다마는', 0.7308867818617321), ([[48, 309], [928, 309], [928, 342], [48, 342]], '기숙사에서 사능데도 불구하고 집기류가 전혀  없어서   초기비용이 엄청 들/습니다 --;', 0.3969370358619803), ([[50, 367], [550, 367], [550, 400], [50, 400]], '거기다가 오기 직전인 9월초에   환율이 1400원인걸', 0.6019417264725849), ([[558, 368], [1062, 368], [1062, 398], [558, 398]], '보고 "와 비싸다 일본 가서 더 떨어지면 바뀌야지\'', 0.9223050849402189), ([[1076, 368], [1124, 368], [1124, 396], [1076, 396]], '라고', 0.9998723817279317), ([[48, 396], [628, 396], [628, 428], [48, 428]], '개격는데 (< 100엔당 800원 주고 일본여행 다뉘던 사람)', 0.20935463071160898), ([[52, 454], [608, 454], [608, 486], [52, 486]], '일본 오니까 지금 원달러 환율 대폭등으로 1500원 돌파', 0.5592833031256353), ([[668, 456], [700, 456], [700, 482], [668, 482]], "'')", 0.13212099915120443), ([[50, 512], [510, 512], [510, 542], [50, 542]], '허리  취젯습니다 음음음까 도시락 싸다녀야지', 0.06365836605913089), ([[49, 566], [511, 566], [511, 603], [49, 603]], '여튼 복날도 재도어보이니 언젠가 볼것갈네요', 0.3596729993619416), ([[526, 570], [572, 570], [572, 598], [526, 598]], '시)', 0.3670439870906857), ([[50, 626], [210, 626], [210, 658], [50, 658]], '그럼 이만 총총', 0.6685644624855845), ([[722, 614], [784, 614], [784, 646], [722, 646]], '역자', 0.9964865105220482), ([[893, 613], [1009, 613], [1009, 651], [893, 651]], '양파양파', 0.9994561672210693), ([[721, 649], [835, 649], [835, 685], [721, 685]], '번역완로', 0.6042488217353821), ([[891, 649], [1113, 649], [1113, 685], [891, 685]], '2011년 09월 22일', 0.7584137101876933), ([[1122, 650], [1196, 650], [1196, 682], [1122, 682]], '18:32', 0.9994147737951861), ([[36, 750], [244, 750], [244, 826], [36, 826]], '실숙흉-', 0.009140067733824253), ([[49, 863], [475, 863], [475, 903], [49, 903]], '풀컬러  쫓지? 나도 좋다고 생각해', 0.5310594160238556), ([[721, 1311], [783, 1311], [783, 1347], [721, 1347]], '식자', 0.9997830349183159), ([[891, 1313], [1077, 1313], [1077, 1349], [891, 1349]], '단코째;튜고_-라`나<?', 5.283703143556738e-05), ([[721, 1347], [835, 1347], [835, 1385], [721, 1385]], '식자완료', 0.5078098773956299), ([[891, 1347], [1113, 1347], [1113, 1385], [891, 1385]], '2017년 09월 22일', 0.5899695458068605), ([[1122, 1350], [1198, 1350], [1198, 1382], [1122, 1382]], '19:15', 0.9994689956872704), ([[42, 1428], [138, 1428], [138, 1460], [42, 1460]], '번역 요청', 0.9993958069748182), ([[151, 1426], [335, 1426], [335, 1462], [151, 1462]], '훌+~라-마나.,@+', 0.0002726150318767207), ([[42, 1457], [239, 1457], [239, 1490], [42, 1490]], '팀 문의 및 가입요청', 0.9668586568999384), ([[254, 1458], [434, 1458], [434, 1486], [254, 1486]], '훌++명:/-3-"나,]+', 5.1883084143721e-05), ([[39, 1513], [195, 1513], [195, 1549], [39, 1549]], '아마주어번역팀', 0.9314667503160876), ([[204, 1514], [358, 1514], [358, 1542], [204, 1542]], '\'7서3< +잠-시신"', 0.0003405869782219027), ([[42, 1572], [628, 1572], [628, 1604], [42, 1604]], '* "하누"칸? [ \'한가롭다(한가한 느낌이 있다) \'의 방언(평북)]', 0.5375878035163479), ([[972, 1612], [1028, 1612], [1028, 1642], [972, 1642]], '릇풍', 0.005344244376879421), ([[44, 1654], [70, 1654], [70, 1678], [44, 1678]], '*', 0.40738366635800516), ([[71, 1649], [639, 1649], [639, 1685], [71, 1685]], '팀 하누는 본 작품에 대한 어떤 권리도 주장하지 않습니다.', 0.5512126755289906), ([[43, 1679], [721, 1679], [721, 1715], [43, 1715]], '* 재배포시 팀명 및 역 식자명 삭제는 삼가해 주시면 감사하켓습니다.', 0.5270036540419974), ([[847, 1633], [1211, 1633], [1211, 1741], [847, 1741]], '위{묘내', 0.042030856013298035), ([[983, 1731], [1089, 1731], [1089, 1745], [983, 1745]], '도7디테 2811 31 81', 0.007075131780820922), ([[660.9163549958197, 969.6494389924754], [1010.9079751964799, 806.7526016828984], [1103.0836450041804, 1038.3505610075247], [752.0920248035201, 1201.2473983171017]], "'", 0.5768609337429211), ([[242.98881513776436, 1214.4362462852569], [676.3730010416886, 984.7797753067399], [766.0111848622356, 1214.5637537147431], [332.62699895831145, 1444.2202246932602]], '~', 0.22542175848683232)]
