416574
28
[([[548, 48], [962, 48], [962, 165], [548, 165]], ':-.^여.', 0.00038921772984228716), ([[34, 1194], [367, 1194], [367, 1293], [34, 1293]], '0*)57}', 0.009132801738640846), ([[109, 1287], [195, 1287], [195, 1325], [109, 1325]], '7이모', 0.01628255992690789), ([[213, 1287], [351, 1287], [351, 1325], [213, 1325]], '계디-7', 0.001197734149172902), ([[367, 1289], [479, 1289], [479, 1325], [367, 1325]], '이네%', 0.0037020293614404886)]
[]
[([[85, 1339], [103, 1339], [103, 1363], [85, 1363]], '5', 0.9999997615814351)]
[]
[([[395, 95], [471, 95], [471, 131], [395, 131]], '이번엔', 0.9940373484033983), ([[777, 83], [887, 83], [887, 119], [777, 119]], '도망치려고', 0.9784353258310441), ([[396, 128], [440, 128], [440, 156], [396, 156]], '너도', 0.9996617461520809), ([[777, 113], [855, 113], [855, 151], [777, 151]], '하느건', 0.6100664930834595), ([[395, 155], [519, 155], [519, 193], [395, 193]], '좋아할거얘', 0.616556322672685), ([[777, 145], [891, 145], [891, 183], [777, 183]], '아니카지?', 0.25641181169807137), ([[660, 404], [714, 404], [714, 434], [660, 434]], '내가', 0.9980625537875987), ([[657, 433], [757, 433], [757, 469], [657, 469]], '이것저것', 0.7308074235916138), ([[659, 461], [771, 461], [771, 499], [659, 499]], '준비햇거든', 0.592939675705375), ([[606.0242857596863, 57.0477147488002], [784.6886278591222, 92.52401732489098], [762.9757142403137, 178.9522852511998], [585.3113721408778, 143.475982675109]], '구다', 0.2962287420504903)]
[([[507, 53], [605, 53], [605, 89], [507, 89]], '도망가지', 0.9999491572380066), ([[627, 55], [675, 55], [675, 91], [627, 91]], '그럼', 0.9988449503598695), ([[119, 75], [215, 75], [215, 115], [119, 115]], '허녁지름', 0.20714189112186432), ([[507, 83], [583, 83], [583, 119], [507, 119]], '못하게', 0.9954020847411172), ([[121, 107], [199, 107], [199, 143], [121, 143]], '벌려서', 0.9889624569923262), ([[509, 113], [595, 113], [595, 149], [509, 149]], '사진 좀', 0.9952424308914544), ([[121, 137], [177, 137], [177, 173], [121, 173]], '한번', 0.9999850800482271), ([[509, 143], [609, 143], [609, 179], [509, 179]], '찍어둘까', 0.7683120965957642), ([[121, 167], [197, 167], [197, 205], [121, 205]], '찍올게', 0.09140256614700774), ([[81, 601], [274, 601], [274, 644], [81, 644]], "털이 '별로 없어서", 0.5286147098806723), ([[81, 635], [285, 635], [285, 671], [81, 671]], '보지가 잘 보이논데', 0.6565853396087304), ([[84.02985749985467, 570.1194299994187], [158.77384055860452, 579.6740560199497], [151.97014250014533, 617.8805700005813], [77.22615944139547, 608.3259439800503]], "흐음,'", 0.519163966178894)]
[]
[([[368, 52], [422, 52], [422, 84], [368, 84]], '빨리', 0.9999437765670263), ([[363, 78], [438, 78], [438, 116], [363, 116]], '보지에', 0.9849246976222655), ([[367, 111], [413, 111], [413, 147], [367, 147]], '넣고', 0.8439993684147196), ([[367, 139], [441, 139], [441, 179], [367, 179]], '심은결', 0.3658513559405436), ([[505, 133], [567, 133], [567, 169], [505, 169]], '좀 더', 0.9992230534553528), ([[823, 135], [933, 135], [933, 171], [823, 171]], '내 자지는', 0.6681882537450152), ([[505, 163], [601, 163], [601, 203], [505, 203]], '기다필수', 0.23682914674282074), ([[823, 163], [923, 163], [923, 201], [823, 201]], '참들성이', 0.46258410811424255), ([[503, 195], [557, 195], [557, 233], [503, 233]], '있어', 0.7952851069095433), ([[823, 195], [897, 195], [897, 231], [823, 231]], '많다고', 0.9958298587420934), ([[264, 538], [310, 538], [310, 568], [264, 568]], '나도', 0.9999908962928589), ([[84, 562], [114, 562], [114, 590], [84, 590]], '네', 0.9548125437438038), ([[264, 566], [346, 566], [346, 598], [264, 598]], '코스프레', 0.995383083820343), ([[84, 590], [190, 590], [190, 622], [84, 622]], '차례까지', 0.9291861057281494), ([[264, 598], [332, 598], [332, 628], [264, 628]], '시키고', 0.9999122479836968), ([[84, 620], [140, 620], [140, 652], [84, 652]], '다시', 0.9999473168458354), ([[263, 627], [337, 627], [337, 663], [263, 663]], '싶다고', 0.71265538329501), ([[83, 649], [159, 649], [159, 685], [83, 685]], '기달려', 0.9998083234008637), ([[489, 811], [579, 811], [579, 853], [489, 853]], '체육목올', 0.17740486562252045), ([[487, 841], [547, 841], [547, 917], [487, 917]], '햇', 0.005956678511531699), ([[489, 905], [567, 905], [567, 941], [489, 941]], '입어박', 0.5010989904403687), ([[26, 1362], [54, 1362], [54, 1388], [26, 1388]], '10', 0.9994185073152004)]
[([[858, 88], [946, 88], [946, 120], [858, 120]], '이이제', 0.9886169245801354), ([[859, 117], [927, 117], [927, 153], [859, 153]], '태어?', 0.2714170515537262), ([[244, 628], [290, 628], [290, 656], [244, 656]], '그래', 0.9999932565108979), ([[242, 656], [286, 656], [286, 686], [242, 686]], '보기', 0.9999993256504904), ([[239, 681], [309, 681], [309, 723], [239, 723]], '중은데', 0.9457883288715742), ([[325, 889], [399, 889], [399, 927], [325, 927]], '우리가', 0.9990231545789429), ([[323, 917], [443, 917], [443, 957], [323, 957]], '즐기기전에', 0.9629665354036857), ([[231, 937], [293, 937], [293, 1027], [231, 1027]], '코', 0.05275402578286048), ([[341, 1157], [425, 1157], [425, 1197], [341, 1197]], '네 몸을', 0.5015062604023788), ([[341, 1191], [443, 1191], [443, 1227], [341, 1227]], '깨끗하게', 0.9565786719322205), ([[341, 1219], [421, 1219], [421, 1257], [341, 1257]], '해불까', 0.485777149461424)]
[([[568, 236], [618, 236], [618, 268], [568, 268]], '미리', 0.9997983754306572), ([[423, 255], [487, 255], [487, 293], [423, 293]], '보지속', 0.9883548310312125), ([[568, 266], [644, 266], [644, 298], [568, 298]], '여기에', 0.9992000839102092), ([[425, 285], [497, 285], [497, 323], [425, 323]], '정액올', 0.7797919843796821), ([[567, 293], [639, 293], [639, 333], [567, 333]], '구멍을', 0.4496563516931079), ([[686, 296], [740, 296], [740, 328], [686, 328]], '헤혜', 0.3038300907467926), ([[423, 313], [467, 313], [467, 351], [423, 351]], '모두', 0.9999221135123715), ([[565, 323], [663, 323], [663, 363], [565, 363]], '둘어뒷지', 0.12953104078769684), ([[423, 345], [505, 345], [505, 381], [423, 381]], '빼불까', 0.2206590871287466), ([[441, 1331], [561, 1331], [561, 1440], [441, 1440]], '5', 0.920172403865763), ([[69.18517828561733, 993.0369611417907], [134.8478852357463, 976.1917470429426], [166.81482171438267, 1120.9630388582093], [101.15211476425368, 1136.8082529570574]], '#', 0.9230853132471886)]
[([[355, 135], [417, 135], [417, 241], [355, 241]], '#', 0.10075265998388261), ([[341, 303], [401, 303], [401, 341], [341, 341]], '손으로', 0.9713283777236938), ([[341, 333], [437, 333], [437, 371], [341, 371]], '해주논건', 0.44293802976608276), ([[74, 346], [150, 346], [150, 430], [74, 430]], '8', 0.02234273354412153), ([[340, 356], [540, 356], [540, 404], [340, 404]], '처음하야? 남자가', 0.6562026435601326), ([[832, 518], [862, 518], [862, 546], [832, 546]], '아', 0.9999332439119826), ([[618, 934], [648, 934], [648, 968], [618, 968]], '항', 0.8373778624208086), ([[687, 1127], [735, 1127], [735, 1165], [687, 1165]], '기분', 0.9541660406949674), ([[686, 1156], [817, 1156], [817, 1197], [686, 1197]], '좋아보이논데', 0.9183626489606279), ([[137, 1239], [247, 1239], [247, 1367], [137, 1367]], '유', 0.08330525189777305), ([[53.04460536705228, 119.07655327572412], [98.39271163323262, 106.16387506073949], [119.95539463294773, 192.9234467242759], [74.60728836676738, 205.83612493926051]], '닿', 0.05080088816118522)]
[([[469, 27], [527, 27], [527, 63], [469, 63]], '아양', 0.967084199347234), ([[50, 728], [82, 728], [82, 754], [50, 754]], '아', 0.9999166744424635), ([[306, 816], [406, 816], [406, 956], [306, 956]], '쭉', 0.6466803977275504), ([[797, 1087], [881, 1087], [881, 1123], [797, 1123]], '아아양', 0.978123239204942), ([[76, 1242], [134, 1242], [134, 1272], [76, 1272]], '아아', 0.9999565047293953), ([[939, 1359], [961, 1359], [961, 1379], [939, 1379]], '14', 0.9995111315642685)]
[([[845, 62], [906, 62], [906, 101], [845, 101]], '하양', 0.7840303473119973), ([[211, 95], [269, 95], [269, 133], [211, 133]], '아양', 0.9561737373110254), ([[485, 1141], [577, 1141], [577, 1313], [485, 1313]], '%', 0.05505120361337745)]
[([[117, 63], [175, 63], [175, 99], [117, 99]], '아양', 0.9769273138229481), ([[825, 485], [883, 485], [883, 523], [825, 523]], '하양', 0.8364344319947143), ([[781, 679], [855, 679], [855, 717], [781, 717]], '느낌이', 0.9958689986444226), ([[779, 707], [831, 707], [831, 743], [779, 743]], '너무', 0.9999272553144591), ([[779, 737], [861, 737], [861, 775], [779, 775]], '이상해', 0.9995322076331472), ([[837, 981], [913, 981], [913, 1019], [837, 1019]], '정액이', 0.9914032227388232), ([[837, 1011], [883, 1011], [883, 1047], [837, 1047]], '모두', 0.7649912991403419), ([[837, 1041], [949, 1041], [949, 1079], [837, 1079]], '나혼건가?', 0.6060108587745797), ([[829, 1250], [931, 1250], [931, 1286], [829, 1286]], '애액이랑', 0.9320579767227173), ([[2, 1296], [28, 1296], [28, 1324], [2, 1324]], '16', 0.9999565047293953), ([[831, 1281], [945, 1281], [945, 1317], [831, 1317]], '섞여서 다', 0.9320560523443355), ([[829, 1309], [903, 1309], [903, 1347], [829, 1347]], '나용거', 0.44160393828179223), ([[829, 1341], [901, 1341], [901, 1377], [829, 1377]], '맞아?', 0.9937745813886739), ([[563.1385883402016, 1113.0413187380975], [667.8833316408835, 1162.5555558307506], [632.8614116597984, 1234.9586812619025], [527.1166683591165, 1185.4444441692494]], '[ ', 0.05331286478681818)]
[([[790, 112], [840, 112], [840, 140], [790, 140]], '이제', 0.9999434393978074), ([[517, 139], [569, 139], [569, 177], [517, 177]], '슬슬', 0.4139238001488622), ([[789, 141], [833, 141], [833, 177], [789, 177]], '모두', 0.7502274903931797), ([[0, 109], [149, 109], [149, 293], [0, 293]], '히고', 0.0010240248416513004), ([[515, 167], [617, 167], [617, 207], [515, 207]], '즐겨불까', 0.7886382341384888), ([[789, 171], [913, 171], [913, 209], [789, 209]], '나앗으니까', 0.21543811809287747), ([[111, 1197], [199, 1197], [199, 1233], [111, 1233]], '이이건', 0.9677875555114961), ([[112, 1228], [180, 1228], [180, 1260], [112, 1260]], '뛰야?', 0.8089064745028108), ([[122.2498071556772, 593.0216637932158], [255.83449594931471, 704.9322200970548], [184.75019284432278, 791.9783362067842], [50.16550405068527, 680.0677799029452]], '*):', 0.002243836570206875), ([[770.4508442680275, 669.2738836329264], [832.7303508454067, 610.0222461353302], [939.5491557319725, 738.7261163670736], [877.2696491545933, 797.9777538646698]], '%', 0.04062567295568442)]
[([[331, 9], [453, 9], [453, 73], [331, 73]], '라민', 0.02262509478375273), ([[578, 110], [630, 110], [630, 140], [578, 140]], '여기', 0.9995133228872283), ([[576, 140], [644, 140], [644, 172], [576, 172]], '이 약', 0.9146081044656), ([[576, 170], [636, 170], [636, 202], [576, 202]], '보여?', 0.9999556764996783), ([[397, 255], [451, 255], [451, 293], [397, 293]], '약을', 0.9384326927291544), ([[460, 258], [534, 258], [534, 290], [460, 290]], '여기에', 0.9669100186261784), ([[893, 253], [969, 253], [969, 289], [893, 289]], '이번엔', 0.9961410576142891), ([[397, 285], [487, 285], [487, 323], [397, 323]], '넣은다음', 0.8531936407089233), ([[891, 281], [948, 281], [948, 320], [891, 320]], '이곁', 0.4404144978065142), ([[394, 311], [474, 311], [474, 354], [394, 354]], "해주면'", 0.5957170724868774), ([[895, 313], [945, 313], [945, 349], [895, 349]], '사용', 0.9998033484686858), ([[397, 345], [487, 345], [487, 383], [397, 383]], '끝내주지', 0.9927344918251038), ([[893, 341], [969, 341], [969, 379], [893, 379]], '해주지', 0.9995346163755741), ([[498, 500], [524, 500], [524, 528], [498, 528]], '힘', 0.24508823651331912), ([[72, 774], [126, 774], [126, 804], [72, 804]], '이제', 0.9999570104851716), ([[71, 800], [144, 800], [144, 836], [71, 836]], '보지에', 0.9925413994169909), ([[73, 829], [173, 829], [173, 869], [73, 869]], '비버올까', 0.5986740589141846), ([[133, 1225], [261, 1225], [261, 1263], [133, 1263]], '약이 조금씩', 0.9982370532810161), ([[133, 1257], [257, 1257], [257, 1293], [133, 1293]], '나오고 있어', 0.8614259428604247), ([[419.25558040502716, 590.0347103337907], [479.11003998213766, 579.2832823510394], [499.74441959497284, 712.9652896662093], [439.88996001786234, 722.7167176489606]], '#', 0.9932498787393342)]
[([[84, 58], [152, 58], [152, 90], [84, 90]], '보지에', 0.9985985000249862), ([[85, 85], [155, 85], [155, 125], [85, 125]], '덜도름', 0.5026233608747807), ([[229, 75], [279, 75], [279, 115], [229, 115]], '후후', 0.9988364395884924), ([[83, 115], [203, 115], [203, 153], [83, 153]], '비버주니까', 0.9023641340791708), ([[83, 147], [201, 147], [201, 185], [83, 185]], '기분 좋아?', 0.9376691053151677), ([[140, 294], [172, 294], [172, 326], [140, 326]], '하', 0.9997521792427086), ([[118, 576], [150, 576], [150, 606], [118, 606]], '하', 0.9957406672949674), ([[64, 644], [140, 644], [140, 790], [64, 790]], '%', 0.16518534979928745), ([[29.20130293246082, 834.0228013180644], [124.91234226469899, 799.0297590717968], [202.79869706753917, 1036.9771986819358], [107.08765773530101, 1071.970240928203]], '국', 0.9535723393105968)]
[([[50, 78], [102, 78], [102, 110], [50, 110]], '약의', 0.5781151064666615), ([[540, 78], [618, 78], [618, 110], [540, 110]], '거기가.', 0.700124204158783), ([[48, 104], [149, 104], [149, 142], [48, 142]], '효과인가', 0.9985380172729492), ([[539, 105], [611, 105], [611, 143], [539, 143]], '너무. .', 0.5890740569550363), ([[539, 135], [603, 135], [603, 171], [539, 171]], '중  아', 0.48345914483070374), ([[686, 340], [718, 340], [718, 374], [686, 374]], '양', 0.9936215395121053), ([[878, 292], [950, 292], [950, 400], [878, 400]], '자', 0.05006881495518223), ([[942, 418], [974, 418], [974, 448], [942, 448]], '하', 0.9988733129114422), ([[849, 617], [911, 617], [911, 697], [849, 697]], '벌', 0.0023556907554490025), ([[76, 772], [148, 772], [148, 804], [76, 804]], '싫다고', 0.9920033304550959), ([[442, 772], [476, 772], [476, 800], [442, 800]], '아', 0.9996093893097715), ([[75, 799], [173, 799], [173, 837], [75, 837]], '못하게어', 0.3291665017604828), ([[793, 999], [885, 999], [885, 1035], [793, 1035]], '이 약이', 0.9988086059136252), ([[794, 1028], [870, 1028], [870, 1060], [794, 1060]], '효과가', 0.9979216213733025), ([[793, 1059], [883, 1059], [883, 1095], [793, 1095]], '끝내주지', 0.9726001620292664), ([[511, 1225], [599, 1225], [599, 1261], [511, 1261]], '이걸로는', 0.4725320339202881), ([[512, 1256], [562, 1256], [562, 1288], [512, 1288]], '만족', 0.9998952245423502), ([[511, 1283], [621, 1283], [621, 1321], [511, 1321]], '못하켓지?', 0.6875458591636554), ([[512, 1316], [626, 1316], [626, 1348], [512, 1348]], '이제 진짜', 0.998215899683327), ([[677, 1341], [701, 1341], [701, 1359], [677, 1359]], '20', 0.9930514290903715), ([[511, 1343], [605, 1343], [605, 1381], [511, 1381]], '해복까?', 0.9076847434043884), ([[670.1563385122679, 249.0324006594826], [739.5282360263283, 210.0126906523713], [837.8436614877321, 400.9675993405174], [768.4717639736717, 439.9873093476287]], '', 0.0)]
[([[516, 208], [574, 208], [574, 240], [516, 240]], '헤헤.', 0.39708515571391306), ([[516, 236], [590, 236], [590, 273], [516, 273]], '싫다고', 0.893660745899945), ([[515, 267], [585, 267], [585, 303], [515, 303]], '안해?', 0.9999421867909549), ([[774, 614], [802, 614], [802, 640], [774, 640]], '아', 0.9999296677558647), ([[79, 1203], [237, 1203], [237, 1241], [79, 1241]], '기분 끝내주지?', 0.9745200433595198), ([[513, 1367], [535, 1367], [535, 1387], [513, 1387]], '2', 0.25725021021162675)]
[([[57, 357], [115, 357], [115, 393], [57, 393]], '아양', 0.9736512289518516), ([[877, 361], [949, 361], [949, 403], [877, 403]], '후후후.', 0.6500859260559082), ([[878, 398], [950, 398], [950, 428], [878, 428]], '보지가', 0.9960069873606185), ([[877, 423], [927, 423], [927, 463], [877, 463]], '움질', 0.6429746520716537), ([[879, 455], [973, 455], [973, 493], [879, 493]], '거리논게', 0.8915380239486694), ([[879, 485], [929, 485], [929, 523], [879, 523]], '너무', 0.9999486655244425), ([[877, 517], [963, 517], [963, 553], [877, 553]], '야한데', 0.9990146213373003), ([[303, 663], [347, 663], [347, 701], [303, 701]], '모두', 0.9999371174811182), ([[302, 696], [360, 696], [360, 728], [302, 728]], '안에', 0.995898629138948), ([[300, 720], [403, 720], [403, 764], [300, 764]], '들어가어', 0.4671775996685028), ([[393, 1180], [522, 1180], [522, 1219], [393, 1219]], '약이 박으로', 0.6845391077502163), ([[393, 1211], [539, 1211], [539, 1249], [393, 1249]], '넘처 흐르는겉', 0.34403535965637877), ([[50, 1226], [100, 1226], [100, 1310], [50, 1310]], '>', 0.23980108858299687), ([[11, 1341], [35, 1341], [35, 1359], [11, 1359]], '22', 0.9811201812768198), ([[51, 1353], [119, 1353], [119, 1443], [51, 1443]], '쥐', 0.024615577103518582), ([[385.0293498376011, 1336.0790340093668], [426.5911688700771, 1316.0291944122212], [466.9706501623989, 1408.9209659906332], [425.4088311299229, 1428.9708055877788]], '청', 0.017995894244823063)]
[([[380, 158], [434, 158], [434, 190], [380, 190]], '질접', 0.11238681350311265), ([[379, 187], [435, 187], [435, 223], [379, 223]], '질펴', 0.32801992212768444), ([[424, 311], [486, 311], [486, 350], [424, 350]], '안돼.', 0.3255222675474728), ([[425, 343], [543, 343], [543, 379], [425, 379]], '빨리 빼쥐', 0.6747154356156225), ([[362, 362], [390, 362], [390, 396], [362, 396]], '냉', 0.017335654259088784), ([[541, 1041], [633, 1041], [633, 1177], [541, 1177]], '}', 0.152809975393553), ([[722, 1206], [756, 1206], [756, 1234], [722, 1234]], '아:', 0.38820059620595887), ([[768, 1204], [800, 1204], [800, 1232], [768, 1232]], '아', 0.9999173896685285), ([[480, 1216], [534, 1216], [534, 1248], [480, 1248]], '이제', 0.9997590128259584), ([[479, 1243], [577, 1243], [577, 1281], [479, 1281]], '더이상은', 0.990851104259491), ([[721, 1229], [837, 1229], [837, 1269], [721, 1269]], '제발 멈균', 0.31256815498607005), ([[26, 1211], [136, 1211], [136, 1344], [26, 1344]], '장', 0.11525837487959567), ([[477, 1271], [538, 1271], [538, 1310], [477, 1310]], '안터', 0.19302648517227236), ([[912, 1330], [938, 1330], [938, 1354], [912, 1354]], '23', 0.9999984827137908), ([[330.360483865408, 356.02927413294736], [380.0564608657962, 345.08018132903464], [406.639516134592, 478.97072586705264], [357.9435391342038, 489.91981867096536]], '5', 0.010139386813495799)]
[([[905, 41], [963, 41], [963, 79], [905, 79]], '아양', 0.9847602198142189), ([[312, 114], [348, 114], [348, 144], [312, 144]], '아:', 0.9551032000788142), ([[267, 251], [383, 251], [383, 403], [267, 403]], '#', 0.9957382881935359), ([[49, 435], [133, 435], [133, 473], [49, 473]], '아아양', 0.982103360724647), ([[459, 480], [603, 480], [603, 711], [459, 711]], '중', 0.16122128912776645), ([[87, 908], [148, 908], [148, 948], [87, 948]], '하양', 0.7950130198144282), ([[101, 1087], [185, 1087], [185, 1123], [101, 1123]], '아아앗', 0.7803272303225516), ([[811, 1313], [872, 1313], [872, 1354], [811, 1354]], '하앗', 0.2336207310009794), ([[920, 1332], [948, 1332], [948, 1358], [920, 1358]], '4', 0.9010135196169813)]
[([[326, 72], [356, 72], [356, 100], [326, 100]], '아', 0.999932886296083), ([[657, 69], [709, 69], [709, 105], [657, 105]], '이런', 0.9955797236981854), ([[657, 97], [723, 97], [723, 137], [657, 137]], '기분은', 0.9535607946456036), ([[657, 129], [761, 129], [761, 167], [657, 167]], '처음이지?', 0.8956030979872884), ([[313, 187], [357, 187], [357, 237], [313, 237]], '초', 0.18300294632851788), ([[866, 474], [924, 474], [924, 506], [866, 506]], '하아', 0.9999720146072846), ([[39, 579], [113, 579], [113, 615], [39, 615]], '좋아서', 0.9464973218691067), ([[37, 609], [113, 609], [113, 645], [37, 645]], '미칠거', 0.635765178332661), ([[39, 639], [107, 639], [107, 675], [39, 675]], '같지?', 0.9357840357986642), ([[892, 868], [964, 868], [964, 942], [892, 942]], '모', 0.9983530870486312), ([[755, 1119], [813, 1119], [813, 1155], [755, 1155]], '하양', 0.8721102872923123), ([[427.39471087596763, 852.0152753441588], [522.4242631737086, 873.5723642238621], [476.60528912403237, 1073.984724655841], [381.5757368262914, 1052.4276357761378]], '##', 0.35669422020474195)]
[([[826, 78], [860, 78], [860, 108], [826, 108]], '아', 0.9998008111971934), ([[539, 75], [603, 75], [603, 157], [539, 157]], '<', 0.5209046805367876), ([[825, 105], [909, 105], [909, 141], [825, 141]], '안. 돼.', 0.48278149876882803), ([[80, 638], [132, 638], [132, 668], [80, 668]], '이제', 0.9999093854782204), ([[74, 659], [229, 659], [229, 704], [74, 704]], '참울 수 없어', 0.41400747577652874), ([[876, 970], [908, 970], [908, 998], [876, 998]], '하', 0.9993214566589224), ([[159, 1023], [217, 1023], [217, 1059], [159, 1059]], '아앗', 0.9193617706536377), ([[366, 1164], [390, 1164], [390, 1190], [366, 1190]], '조', 0.37323017968810746), ([[946, 1318], [972, 1318], [972, 1342], [946, 1342]], '26', 0.9997938238428794)]
[([[138, 39], [198, 39], [198, 78], [138, 78]], '약의', 0.9802975455747792), ([[783, 37], [867, 37], [867, 73], [783, 73]], '아아앗', 0.77296793177022), ([[28, 74], [94, 74], [94, 104], [28, 104]], '어때?', 0.9991570711135864), ([[138, 70], [219, 70], [219, 106], [138, 106]], '효과가', 0.9994902956394142), ([[279, 102], [361, 102], [361, 142], [279, 142]], '나   와', 0.16260941113570504), ([[188, 468], [258, 468], [258, 500], [188, 500]], '제대로', 0.9999211263760814), ([[187, 497], [273, 497], [273, 535], [187, 535]], '느껴어?', 0.5623297762243993), ([[226, 658], [254, 658], [254, 686], [226, 686]], '하', 0.9997707736738768), ([[137, 1175], [213, 1175], [213, 1211], [137, 1211]], '좀  더.', 0.18755992409860361), ([[139, 1203], [263, 1203], [263, 1241], [139, 1241]], '좀 더 해쥐', 0.967401668738252), ([[770.2525906813163, 533.0310881757961], [834.7655084899538, 511.03261483196974], [883.7474093186837, 670.9689118242039], [819.2344915100462, 692.9673851680302]], ';', 0.14209111955685305), ([[381.2879532910169, 636.028211466813], [448.68918342389316, 620.1599400816259], [482.7120467089831, 779.971788533187], [415.31081657610684, 794.8400599183741]], '%', 0.024680210856686813), ([[809.5388025347855, 788.0088659044243], [898.2165122993079, 777.2064817282112], [930.4611974652145, 1071.9911340955757], [840.7834877006921, 1082.7935182717888]], '#', 0.04584545391415085)]
[([[12, 1240], [44, 1240], [44, 1294], [12, 1294]], '#', 0.03972394338866625), ([[134, 1242], [192, 1242], [192, 1272], [134, 1272]], '이제', 0.9999566733146458), ([[131, 1267], [287, 1267], [287, 1307], [131, 1307]], '참을 수 없어', 0.4365452511495394), ([[21, 1385], [43, 1385], [43, 1403], [21, 1403]], '28', 0.9992694204242037)]
[([[452, 116], [498, 116], [498, 148], [452, 148]], '후기', 0.9990417994738129), ([[206, 397], [503, 397], [503, 437], [206, 437]], '@아쏘` 이이어치 곤밥2.<어값', 6.2025746371550815e-06), ([[159, 499], [433, 499], [433, 537], [159, 537]], '저의 25번째 작품입니다.', 0.4945917896982214), ([[159, 557], [505, 557], [505, 599], [159, 599]], '만은 오역과 의역 양해바갑니다.', 0.6057859082288547), ([[159, 619], [377, 619], [377, 657], [159, 657]], '작품 찾다가 코마켓', 0.869244237563607), ([[383, 619], [759, 619], [759, 657], [383, 657]], '63 02년도 겨울 단이량 햇갈려서', 0.4312264985404731), ([[161, 677], [401, 677], [401, 719], [161, 719]], '그버전올  할번 햇네요.', 0.6168531558499761), ([[159, 739], [713, 739], [713, 777], [159, 777]], '다행히 작업 들어가지 전에 폐이지 넘기다가 물가', 0.4410871538536337), ([[159, 797], [421, 797], [421, 840], [159, 840]], '이상한결 깨달앗습니다', 0.5194816062143153), ([[161, 857], [373, 857], [373, 899], [161, 899]], '스피드 번역중입니다.', 0.6158496102309856), ([[405, 921], [501, 921], [501, 961], [405, 961]], '34 대왕', 0.21274353933374318), ([[562, 984], [712, 984], [712, 1016], [562, 1016]], '2011.09.16', 0.6324153063110904)]
[([[192, 122], [273, 122], [273, 158], [192, 158]], '또주초', 0.02211221133242856), ([[196, 166], [244, 166], [244, 192], [196, 192]], '성차.', 6.889370529057721e-05), ([[254, 164], [522, 164], [522, 196], [254, 196]], '1 . 햇소 . 유톤시. ^류', 0.0251848741091607), ([[532, 164], [590, 164], [590, 190], [532, 190]], '[누*.', 0.00022532932052854449), ([[602, 162], [804, 162], [804, 194], [602, 194]], '01353*삼*"륙 1+', 0.008361976987587354), ([[193, 201], [547, 201], [547, 238], [193, 238]], '뭐. 073-지 1증701*33', 0.05170672857204712), ([[556, 202], [789, 202], [789, 234], [556, 234]], '7} ! 0봄 . 숲4워0출', 0.014911768044662682), ([[196, 244], [412, 244], [412, 276], [196, 276]], '01553 ""*#유 2 +.', 0.0055749362357813866), ([[427, 245], [502, 245], [502, 272], [427, 272]], '4-어미]', 0.0034713991085263966), ([[524, 246], [588, 246], [588, 270], [524, 270]], '^-+>어', 0.041195694396095994), ([[342, 312], [546, 312], [546, 338], [342, 338]], '7-4스-3*나즈', 0.04077716489077789), ([[362, 346], [594, 346], [594, 374], [362, 374]], '훌+명://름애헬 ,라`3깥어`;명', 5.991921994377889e-07), ([[157, 471], [335, 471], [335, 507], [157, 507]], '#수< 0 훌기_ .', 0.011480091041367036), ([[344, 472], [546, 472], [546, 504], [344, 504]], '719-수"+ ', 0.019616616791092417), ([[556, 470], [850, 470], [850, 502], [556, 502]], '[)  (마-:어어 숙시', 0.014988524728259952), ([[140, 513], [531, 513], [531, 553], [140, 553]], '#릎등로록즈 ( 후소록# 손놓1내 :화 ', 7.618288944086521e-05), ([[141, 561], [585, 561], [585, 599], [141, 599]], '똑특기 (< (금 @트|발목손 6 2+8 0 .학', 0.0001684995601152011), ([[157, 609], [389, 609], [389, 645], [157, 645]], '맛시습끊 0,<학', 0.0025553594957877985), ([[145, 650], [763, 650], [763, 691], [145, 691]], '18 놈* #0)50 < 물스  {#출륭움( < 초현 < +한@', 0.002701916222277319), ([[412, 788], [576, 788], [576, 884], [412, 884]], '및사', 0.08103967580008209), ([[277, 929], [403, 929], [403, 967], [277, 967]], '2003 $', 0.3620035556993295), ([[419, 927], [569, 927], [569, 967], [419, 967]], '8 팀 17 타', 0.15505751207697027), ([[589, 923], [662, 923], [662, 968], [589, 968]], '쭉수', 0.18050982048405198), ([[279, 975], [495, 975], [495, 1013], [279, 1013]], '포;주 : +그);7', 0.0009985264061547392), ([[277, 1025], [377, 1025], [377, 1065], [277, 1065]], '지구주', 0.0004622472459073177), ([[399, 1027], [585, 1027], [585, 1065], [399, 1065]], '그-99비#:', 0.031141764204333174), ([[279, 1079], [495, 1079], [495, 1117], [279, 1117]], '출# : 01353', 0.10726863432964565), ([[285, 1123], [385, 1123], [385, 1163], [285, 1163]], '출#습소', 0.009514053352177143), ([[406, 1130], [530, 1130], [530, 1158], [406, 1158]], '942-0145', 0.8443219397679482), ([[404, 1176], [776, 1176], [776, 1208], [404, 1208]], '꾸떠# 컴포## 소습옷면 1920-10', 0.011593791803739073), ([[554, 1216], [666, 1216], [666, 1248], [554, 1248]], "'저] 부", 0.05560412971385299), ([[466, 1322], [498, 1322], [498, 1346], [466, 1346]], '30', 0.999996375372952)]
