416567
23
[([[21, 1075], [447, 1075], [447, 1251], [21, 1251]], '4-0,.', 0.009961732830687374), ([[53, 1276], [324, 1276], [324, 1364], [53, 1364]], "5)2'83}", 0.10204497219642654)]
[]
[]
[]
[]
[([[812, 1007], [891, 1007], [891, 1045], [812, 1045]], '아스카', 0.9973559171843794), ([[552.365966225266, 583.0167616575278], [760.8286376253735, 707.9792744056654], [705.634033774734, 795.9832383424722], [497.17136237462654, 671.0207255943346]], '세7   새', 0.42511913304890897)]
[]
[([[338, 80], [402, 80], [402, 112], [338, 112]], '돼지?', 0.11017188429832458), ([[335, 107], [407, 107], [407, 143], [335, 143]], '교복 좀', 0.8463798267644015), ([[337, 137], [397, 137], [397, 173], [337, 173]], '화라', 0.21172214000736067), ([[47, 307], [127, 307], [127, 343], [47, 343]], '팬티가', 0.2866794926095027), ([[48, 338], [118, 338], [118, 370], [48, 370]], '다보여', 0.9985698052324792), ([[369, 455], [425, 455], [425, 491], [369, 491]], '남자', 0.9985265271568344), ([[367, 485], [445, 485], [445, 521], [367, 521]], '애들이', 0.9895035349648381), ([[367, 515], [493, 515], [493, 553], [367, 553]], '헤널레하여', 0.3178508211053263), ([[369, 545], [419, 545], [419, 583], [369, 583]], '좋아', 0.9559608496011417), ([[367, 575], [469, 575], [469, 613], [367, 613]], '하계는길', 0.2277107834815979), ([[35, 763], [85, 763], [85, 799], [35, 799]], '너무', 0.9999564204367732), ([[33, 793], [117, 793], [117, 829], [33, 829]], '야한거', 0.9949463605880737), ([[34, 826], [126, 826], [126, 858], [34, 858]], '아니야?', 0.9999505877494812), ([[205, 947], [257, 947], [257, 983], [205, 983]], '정말', 0.9999853329282224), ([[206, 980], [250, 980], [250, 1012], [206, 1012]], '입고', 0.9998529106673101), ([[203, 1005], [279, 1005], [279, 1045], [203, 1045]], '앞는길', 0.13528195009207294), ([[168, 1184], [244, 1184], [244, 1216], [168, 1216]], '신지가', 0.8987668301064996), ([[166, 1210], [258, 1210], [258, 1246], [166, 1246]], '중요하긴', 0.996883749961853), ([[165, 1241], [265, 1241], [265, 1279], [165, 1279]], '한가보네', 0.9974963068962097), ([[821.263428220882, 37.31125619638148], [906.3271314274057, 31.494818647291478], [907.736571779118, 73.68874380361852], [821.6728685725943, 80.50518135270852]], '2-^', 0.5716459468501233), ([[294.30537128835283, 1217.1245024785526], [311.46324105461207, 1209.0543875706292], [326.69462871164717, 1247.8754975214474], [309.53675894538793, 1254.9456124293708]], '3', 0.9318219718352481)]
[([[748, 130], [800, 130], [800, 160], [748, 160]], '이제', 0.9999587806309789), ([[747, 157], [847, 157], [847, 193], [747, 193]], '원하논게', 0.3508140742778778), ([[747, 187], [817, 187], [817, 223], [747, 223]], '뛰야?', 0.8421337451964089), ([[837, 1025], [893, 1025], [893, 1065], [837, 1065]], '우선.', 0.9735824359383881), ([[739, 1223], [849, 1223], [849, 1259], [739, 1259]], '우리가 왜', 0.581028634205003), ([[737, 1253], [817, 1253], [817, 1289], [737, 1289]], '이곳으로', 0.8797425031661987), ([[737, 1281], [853, 1281], [853, 1321], [737, 1321]], '불려올까?', 0.5752686242917338)]
[([[198, 82], [272, 82], [272, 114], [198, 114]], '여기서', 0.9994410200989998), ([[197, 109], [301, 109], [301, 145], [197, 145]], '자위해화', 0.9558312296867371), ([[258, 750], [300, 750], [300, 782], [258, 782]], '뭐?', 0.5839266374262754), ([[22, 846], [98, 846], [98, 878], [22, 878]], '신지가', 0.9785919415190206), ([[19, 875], [97, 875], [97, 911], [19, 911]], '어떻게', 0.5772855153613208), ([[20, 906], [66, 906], [66, 936], [20, 936]], '되도', 0.9961505418040406), ([[21, 935], [79, 935], [79, 971], [21, 971]], '상관', 0.9528804838368731), ([[19, 965], [127, 965], [127, 1001], [19, 1001]], '없나보지?', 0.2948423922858663), ([[66, 1242], [168, 1242], [168, 1386], [66, 1386]], '@', 0.0777200571961254)]
[([[397, 65], [481, 65], [481, 105], [397, 105]], '목소리름', 0.37121835350990295), ([[397, 97], [473, 97], [473, 135], [397, 135]], '들려증', 0.37994269624564886), ([[932, 108], [986, 108], [986, 140], [932, 140]], '헤헤', 0.5094123177713817), ([[533, 889], [587, 889], [587, 925], [533, 925]], '비겁', 0.9473162726105582), ([[530, 916], [617, 916], [617, 953], [530, 953]], '하자나', 0.9993839682388217), ([[826, 914], [858, 914], [858, 942], [826, 942]], '아', 0.9998049831111189), ([[825, 937], [929, 937], [929, 977], [825, 977]], '아스카.', 0.638791448182257), ([[804, 1132], [855, 1132], [855, 1163], [804, 1163]], '표흡', 0.23700441940768538), ([[809, 1191], [863, 1191], [863, 1209], [809, 1209]], '되무나', 0.018924221008966246)]
[([[421, 51], [519, 51], [519, 89], [421, 89]], '우리한터', 0.646304726600647), ([[419, 83], [487, 83], [487, 119], [419, 119]], '보지름', 0.9046793605299942), ([[416, 112], [489, 112], [489, 148], [416, 148]], '보여쥐', 0.4772722125053406), ([[55, 267], [107, 267], [107, 305], [55, 305]], '다른', 0.995267582300604), ([[55, 297], [149, 297], [149, 337], [55, 337]], '녀석들은', 0.9528538584709167), ([[54, 327], [161, 327], [161, 368], [54, 368]], '과학실에', 0.9774965047836304), ([[54, 354], [154, 354], [154, 398], [54, 398]], '잇으니까 ', 0.3814493057303022), ([[55, 389], [171, 389], [171, 427], [55, 427]], '걱정말라고', 0.946059685455775), ([[85, 623], [157, 623], [157, 661], [85, 661]], '학고의', 0.5098607444646153), ([[85, 655], [185, 655], [185, 693], [85, 693]], '아이돌이', 0.9887375831604004), ([[87, 685], [199, 685], [199, 723], [87, 723]], '자위 하는', 0.6712260405169637), ([[83, 713], [129, 713], [129, 753], [83, 753]], '모습', 0.9955346853459908), ([[86, 744], [112, 744], [112, 780], [86, 780]], '볼', 0.9983265254532512), ([[118, 712], [237, 712], [237, 787], [118, 787]], '륙 잇다니', 0.38694762699918883), ([[85, 771], [209, 771], [209, 813], [85, 813]], "너무' 중은결", 0.554305802632931), ([[686.3720990679193, 1257.0395826365625], [724.4609910528037, 1243.0212966297202], [760.6279009320807, 1345.9604173634375], [722.5390089471963, 1360.9787033702798]], ' ', 0.016500196532716283), ([[477.24651888150316, 1301.047499163875], [521.5066584601171, 1281.0214301706185], [564.7534811184968, 1391.952500836125], [520.4933415398829, 1410.9785698293815]], '%', 0.034412310594531315)]
[([[795, 51], [901, 51], [901, 89], [795, 89]], '10분안에', 0.5810373348870078), ([[77, 75], [175, 75], [175, 113], [77, 113]], '손가락올', 0.907477855682373), ([[795, 83], [943, 83], [943, 119], [795, 119]], '끝내지 않으면', 0.5126648165850277), ([[79, 107], [187, 107], [187, 143], [79, 143]], '집어 넣기', 0.9639991347284913), ([[233, 103], [253, 103], [253, 129], [233, 129]], '오', 0.9999315750383317), ([[793, 111], [949, 111], [949, 151], [793, 151]], '다른 녀석들이', 0.9743554437096817), ([[78, 132], [200, 132], [200, 176], [78, 176]], '시작하논데', 0.6380515129164971), ([[793, 143], [887, 143], [887, 181], [793, 181]], '올거라고', 0.9981563091278076), ([[160, 1000], [230, 1000], [230, 1030], [160, 1030]], '느끼기', 0.999392846002632), ([[160, 1030], [212, 1030], [212, 1062], [160, 1062]], '시작', 0.9998634469417369), ([[159, 1057], [255, 1057], [255, 1095], [159, 1095]], '한거야?', 0.9986185431480408), ([[468, 1140], [498, 1140], [498, 1166], [468, 1166]], '아', 0.9999762774920704), ([[355, 1197], [445, 1197], [445, 1237], [355, 1237]], '움직임이', 0.7958106141373484), ([[355, 1229], [459, 1229], [459, 1267], [355, 1267]], '빨라켓어', 0.5955731868743896), ([[591, 1206], [656, 1206], [656, 1343], [591, 1343]], '"', 0.06017118102050745), ([[691, 1333], [775, 1333], [775, 1369], [691, 1369]], '아아양', 0.9734975355217965)]
[([[327, 73], [401, 73], [401, 111], [327, 111]], '기분이', 0.7598123967615711), ([[427, 71], [471, 71], [471, 107], [427, 107]], '하.', 0.46764085598896354), ([[813, 73], [863, 73], [863, 111], [813, 111]], '너무', 0.9998948030868257), ([[329, 103], [411, 103], [411, 141], [329, 141]], '이상해', 0.9991177778726055), ([[429, 101], [497, 101], [497, 139], [429, 139]], '지만. [', 0.36087923115247417), ([[811, 103], [893, 103], [893, 141], [811, 141]], '창피해', 0.9981307267562535), ([[33, 123], [69, 123], [69, 167], [33, 167]], '주', 0.00618962109823068), ([[0, 151], [77, 151], [77, 279], [0, 279]], '7~', 0.04059009276341074), ([[377, 171], [421, 171], [421, 227], [377, 227]], "'조", 0.03470518881262611), ([[778, 510], [808, 510], [808, 536], [778, 536]], '아', 0.9999091645842242), ([[246, 616], [278, 616], [278, 646], [246, 646]], '하', 0.9994874657446076), ([[109, 651], [167, 651], [167, 687], [109, 687]], '하양', 0.8349768514322269), ([[245, 1227], [377, 1227], [377, 1383], [245, 1383]], '4', 0.1331378026517891), ([[836, 1212], [912, 1212], [912, 1354], [836, 1354]], '7', 0.32784817466268024), ([[929, 1291], [953, 1291], [953, 1311], [929, 1311]], '15', 0.9796724273581422), ([[59.420398517645914, 843.5828368870564], [121.70007684610441, 789.2458937516466], [154.5796014823541, 833.4171631129436], [92.29992315389559, 888.7541062483534]], '7@', 0.27707315505370456), ([[139.69545487428613, 1292.0854570445745], [208.6880209161538, 1258.0236967157703], [267.3045451257139, 1387.9145429554255], [198.3119790838462, 1422.9763032842297]], '특', 0.529922797268739), ([[508.9234480567936, 1312.0646188713868], [574.567956863465, 1288.1376351195456], [614.0765519432064, 1412.9353811286132], [548.432043136535, 1435.8623648804544]], '4', 0.16374989762789482)]
[([[390, 86], [420, 86], [420, 116], [390, 116]], '하', 0.9946175717914798), ([[707, 127], [789, 127], [789, 163], [707, 163]], '아아양', 0.9675863025617989), ([[66, 624], [96, 624], [96, 650], [66, 650]], '아', 0.9998441995274767), ([[454, 540], [576, 540], [576, 690], [454, 690]], '7', 0.1771946333543042), ([[107, 1017], [165, 1017], [165, 1053], [107, 1053]], '아양', 0.9247684019240763), ([[392, 1010], [424, 1010], [424, 1042], [392, 1042]], '히', 0.20741311977094146), ([[558, 1016], [590, 1016], [590, 1050], [558, 1050]], '하', 0.9994395564667826), ([[232, 1042], [262, 1042], [262, 1068], [232, 1068]], '아', 0.9999465949513251), ([[332, 1000], [430, 1000], [430, 1182], [332, 1182]], '9', 0.01093605076068016), ([[538, 1208], [568, 1208], [568, 1262], [538, 1262]], '낚', 0.03601536129104943), ([[679, 1299], [699, 1299], [699, 1331], [679, 1331]], '응', 0.9981473928001492), ([[607.3688094776052, 364.0110701117482], [746.3171467924192, 405.8741516505028], [661.6311905223948, 684.9889298882518], [523.6828532075808, 643.1258483494972]], '%', 0.5783988016077188), ([[529.3192797194155, 1044.019323061713], [619.7248213805361, 1034.5927345221082], [638.6807202805845, 1243.980676938287], [548.2751786194639, 1253.4072654778918]], '쥐', 0.2451500303821783)]
[([[21, 619], [129, 619], [129, 655], [21, 655]], '아아아앗', 0.9112147688865662), ([[21, 647], [199, 647], [199, 685], [21, 685]], '싸면안태애애애', 0.48976423221215115), ([[372, 877], [588, 877], [588, 1243], [372, 1243]], '#', 0.050774661033250235)]
[([[105, 1025], [329, 1025], [329, 1117], [105, 1117]], '커뿌터', 0.006849352703190434)]
[([[787, 443], [883, 443], [883, 481], [787, 481]], '언제든지', 0.5949520468711853), ([[787, 473], [877, 473], [877, 511], [787, 511]], '준비하고', 0.9997507929801941), ([[787, 505], [879, 505], [879, 541], [787, 541]], '잇으라고', 0.6766061782836914), ([[254, 706], [308, 706], [308, 738], [254, 738]], '이제', 0.9998960674535555), ([[140, 738], [192, 738], [192, 770], [140, 770]], '점심', 0.9999505199583973), ([[253, 735], [329, 735], [329, 771], [253, 771]], '시작일', 0.9996208498667226), ([[138, 764], [217, 764], [217, 802], [138, 802]], '시간에', 0.9978894200787456), ([[253, 763], [349, 763], [349, 801], [253, 801]], '뽑이니까', 0.32290735840797424), ([[137, 793], [213, 793], [213, 833], [137, 833]], '체육관', 0.9951929872603889), ([[138, 825], [266, 825], [266, 863], [138, 863]], '화장실에서', 0.9866734155268216), ([[140, 856], [230, 856], [230, 888], [140, 888]], '기다리고', 0.9998770356178284), ([[161, 885], [215, 885], [215, 923], [161, 923]], '올게', 0.9567304389727033)]
[([[85, 1317], [213, 1317], [213, 1355], [85, 1355]], '다음에 계속', 0.7548408390468485), ([[59, 1385], [81, 1385], [81, 1403], [59, 1403]], '20', 0.9549425250479233)]
[([[239, 776], [366, 776], [366, 826], [239, 826]], '고미구놈 .', 0.06657497939684512), ([[243, 835], [382, 835], [382, 886], [243, 886]], '4-4머0', 0.07405186568478879), ([[237, 888], [422, 888], [422, 943], [237, 943]], '#:(- ;국};', 0.0003179429974188629), ([[15, 1177], [285, 1177], [285, 1217], [15, 1217]], '저의 고3번째 작품입니다.', 0.6713510954682798), ([[15, 1206], [315, 1206], [315, 1247], [15, 1247]], '오래되 구작이지만 7런까지', 0.19677439987971718), ([[15, 1237], [441, 1237], [441, 1277], [15, 1277]], '번역되게 없논거 같아 보여 번역합니다.', 0.3337910807384034), ([[15, 1267], [127, 1267], [127, 1307], [15, 1307]], '이제 슬슬', 0.6453041837341604), ([[135, 1269], [383, 1269], [383, 1307], [135, 1307]], '사7닮의 시작이 덥니다.', 0.15358439620235545), ([[145, 1331], [241, 1331], [241, 1369], [145, 1369]], '84 대왕', 0.1567862600195), ([[304, 1330], [449, 1330], [449, 1366], [304, 1366]], '2011.0916', 0.911039661337188), ([[5, 1387], [29, 1387], [29, 1407], [5, 1407]], '21', 0.5016313530134886), ([[37, 1372], [334, 1372], [334, 1408], [37, 1408]], '@어어``] 이어9뉴투2.찮아값', 7.4129210795243165e-06)]
[([[391, 75], [672, 75], [672, 174], [391, 174]], '527"수', 0.03457900181885332), ([[208, 190], [296, 190], [296, 222], [208, 222]], '요" _ 피', 0.029958836461137357), ([[321, 199], [355, 199], [355, 217], [321, 217]], '((', 0.3482616607465672), ([[355, 187], [497, 187], [497, 223], [355, 223]], '""고러다"3.', 0.10945890727364543), ([[205, 249], [849, 249], [849, 293], [205, 293]], '; 4  주 #9 . [17"5< 7*} *9 닷고고 숨다 1= 25국#\'', 0.009824157255023145), ([[210, 290], [367, 290], [367, 330], [210, 330]], '2묘, 2 3..', 0.017614312755382205), ([[208, 336], [318, 336], [318, 364], [208, 364]], '-0 수 (&', 0.16501189389042642), ([[328, 340], [516, 340], [516, 368], [328, 368]], '7텍 7+_- * .', 0.11893120947917646), ([[524, 333], [789, 333], [789, 375], [524, 375]], '표2* 표*증 오 327 9', 0.019836423976660474), ([[208, 380], [475, 380], [475, 425], [208, 425]], "'쇼! (> 한' (''군교", 0.015972732602968574), ([[228, 430], [837, 430], [837, 473], [228, 473]], '157 시2 -;중 도 못조54 건다\'< <; 29,4 7" 1쇼 #친유', 0.001969976297069169), ([[227, 489], [469, 489], [469, 531], [227, 531]], '#\'77? , < 북 6" ( <', 0.19431008396404267), ([[506, 482], [816, 482], [816, 532], [506, 532]], '(""값 . 582*3도 00 (= ( 7', 0.023371934048723415), ([[232, 534], [774, 534], [774, 588], [232, 588]], "2049 =쇼고-토 > [ _,35, #307 '<", 0.02318515865674892), ([[237, 599], [431, 599], [431, 639], [237, 639]], '거닷 * 느면 (', 0.10523752480205888), ([[459, 599], [659, 599], [659, 637], [459, 637]], '-0 # (- ( 뻐0 7', 0.05193991795217322), ([[235, 649], [777, 649], [777, 692], [235, 692]], ';|교 " \'\' (7   쿠남1= 허:교\' . 804외 고4#금교.', 0.0012776151587042502), ([[242, 730], [302, 730], [302, 762], [242, 762]], '712', 0.4822918284625708), ([[314, 734], [404, 734], [404, 762], [314, 762]], '-0 ,"', 0.20659173508841674), ([[537, 735], [641, 735], [641, 773], [537, 773]], '(\'>"87', 0.16541537958495836), ([[304, 804], [400, 804], [400, 834], [304, 834]], '# 가제', 0.0705000028231516), ([[690, 802], [722, 802], [722, 828], [690, 828]], '?5', 0.026879891608472), ([[718, 796], [863, 796], [863, 845], [718, 845]], '용"다"#+괴유', 0.01619462440163382), ([[334, 833], [513, 833], [513, 876], [334, 876]], '*++ :11 ">써', 0.0341695494218444), ([[524, 838], [554, 838], [554, 864], [524, 864]], '"4', 0.7199973340722785), ([[551, 829], [671, 829], [671, 871], [551, 871]], '(@|;?', 0.0006355510377636684), ([[302, 878], [374, 878], [374, 902], [302, 902]], '6-맘롭;', 0.006156569112559815), ([[352, 914], [462, 914], [462, 940], [352, 940]], ';리6*고"', 0.00037867681902633427), ([[500, 899], [667, 899], [667, 944], [500, 944]], '#앞"!오_;?', 0.00030715676766875647), ([[315, 953], [387, 953], [387, 995], [315, 995]], ']서', 0.0642787595474032), ([[745, 973], [847, 973], [847, 1009], [745, 1009]], '터쥐초_', 0.10251964628696442), ([[195, 1011], [291, 1011], [291, 1049], [195, 1049]], '2001 숲', 0.49098077012993324), ([[307, 1008], [411, 1008], [411, 1047], [307, 1047]], '12.307', 0.4302049519262883), ([[425, 1005], [553, 1005], [553, 1043], [425, 1043]], '**꿀 4;', 0.010292962581112657), ([[716, 1028], [906, 1028], [906, 1060], [716, 1060]], '$:섞은 . )7 " #<', 0.007915923009260934), ([[206, 1054], [264, 1054], [264, 1086], [206, 1086]], '#4주', 0.1499214270859934), ([[308, 1052], [413, 1052], [413, 1090], [308, 1090]], "7}1 '리", 0.029140891069265505), ([[192, 1098], [282, 1098], [282, 1140], [192, 1140]], '[버다', 0.027571885675390543), ([[322, 1098], [408, 1098], [408, 1128], [322, 1128]], '그 =', 0.5788959234153772), ([[404, 1080], [523, 1080], [523, 1130], [404, 1130]], '표 #규규*', 0.02283272763838288), ([[708, 1066], [924, 1066], [924, 1109], [708, 1109]], '"^ 방시 ? 4움 @,*라', 0.0006633313360565555), ([[707, 1109], [893, 1109], [893, 1145], [707, 1145]], "9 니17'조가끗 섞*5 (+", 0.005627389135321436), ([[183, 1143], [271, 1143], [271, 1185], [183, 1185]], '기;%#', 0.011069223284721375), ([[310, 1139], [443, 1139], [443, 1175], [310, 1175]], '주349-0205', 0.7858254578559222), ([[704, 1139], [951, 1139], [951, 1184], [704, 1184]], "@#혹' 017수7' 9 327941759", 0.010937885077257483), ([[295, 1164], [634, 1164], [634, 1212], [295, 1212]], "그중조 [겪-조35 6 6속 '13-2", 0.0005767957284409678), ([[717, 1175], [885, 1175], [885, 1211], [717, 1211]], '거"이풍 9 주-쩐^', 0.00932395845976821), ([[328, 1197], [449, 1197], [449, 1233], [328, 1233]], '\'락"! 유', 0.017333878790184234), ([[706, 1212], [900, 1212], [900, 1244], [706, 1244]], '0니"궁거 초박 부수유 2+', 0.0018712406690552324), ([[197, 1223], [265, 1223], [265, 1265], [197, 1265]], '##', 0.604364068367483), ([[312, 1225], [421, 1225], [421, 1273], [312, 1273]], '니1?"자가', 0.035872228607045566), ([[721, 1245], [855, 1245], [855, 1283], [721, 1283]], '7*9가#옷', 0.028570466111500607), ([[204, 1266], [619, 1266], [619, 1318], [204, 1318]], '9 18*차차 4 차 (7 [*금 도 추간6', 0.0010283915111086877), ([[701, 1279], [876, 1279], [876, 1311], [701, 1311]], "아-- 뒷5비 ['3", 0.03147827875216055), ([[327, 1298], [619, 1298], [619, 1365], [327, 1365]], '욕 뻐 표# 쫓!', 0.01834531056109432), ([[708, 1310], [935, 1310], [935, 1352], [708, 1352]], '<"(< 1궁 급(?+궁7\'', 0.01716270073286128), ([[933, 1365], [957, 1365], [957, 1381], [933, 1381]], '22', 0.9999735318817311), ([[717.1970684086417, 829.1094462711102], [824.9867385081423, 844.718232216213], [819.8029315913583, 870.8905537288898], [713.0132614918577, 855.281767783787]], "'#남히 3스7.", 0.0154756999998862)]
[]
[([[82, 557], [976, 557], [976, 825], [82, 825]], '종*7', 0.004546045195589054)]
