416570
20
[([[26, 24], [262, 24], [262, 104], [26, 104]], '장-{0', 0.1301175206899643), ([[508, 864], [680, 864], [680, 912], [508, 912]], '01537', 0.4961971199657032), ([[510, 920], [692, 920], [692, 948], [510, 948]], '50 4퍽깎- 0내', 0.0008640396654859116)]
[]
[([[99, 247], [205, 247], [205, 307], [99, 307]], '나서', 0.0035600557489029504), ([[142, 590], [190, 590], [190, 620], [142, 620]], '남자', 0.9888905041004078), ([[51, 593], [145, 593], [145, 679], [51, 679]], '#쇼', 0.049006037538983874), ([[122, 804], [186, 804], [186, 830], [122, 830]], '어서와', 0.9629528711986107), ([[565, 821], [603, 821], [603, 859], [565, 859]], '다"', 0.12494817003077652), ([[572, 860], [600, 860], [600, 888], [572, 888]], '00', 0.15624927329675656), ([[347, 881], [385, 881], [385, 941], [347, 941]], '#', 0.14095114433401168), ([[196.09394602135887, 592.1039678918432], [266.9047482407358, 608.1322781687254], [257.9060539786411, 642.8960321081568], [187.0952517592642, 625.8677218312746]], '화장실', 0.9998934588625465)]
[([[250, 34], [310, 34], [310, 60], [250, 60]], '바이브', 0.9884456762463781), ([[250, 64], [330, 64], [330, 94], [250, 94]], '테이터는', 0.44881129264831543), ([[626, 74], [652, 74], [652, 100], [626, 100]], '하', 0.9970596705717271), ([[250, 94], [306, 94], [306, 120], [250, 120]], '어때?', 0.9999709556890053), ([[270, 320], [318, 320], [318, 350], [270, 350]], '제발', 0.9995158513385457), ([[40, 392], [82, 392], [82, 416], [40, 416]], '이제', 0.14600183809410813), ([[40, 420], [102, 420], [102, 450], [40, 450]], '그만해', 0.5632945399787462), ([[236, 514], [286, 514], [286, 546], [236, 546]], '물론..', 0.5836747288703918), ([[234, 546], [278, 546], [278, 574], [234, 574]], '이건', 0.9399055434457619), ([[234, 574], [300, 574], [300, 606], [234, 606]], '빼줄게', 0.8270608338919664), ([[646, 688], [676, 688], [676, 754], [646, 754]], '#', 0.05684669451000901), ([[312, 722], [344, 722], [344, 786], [312, 786]], '7', 0.21751411290616662), ([[595, 772], [679, 772], [679, 978], [595, 978]], '복', 0.18443711090970183)]
[([[390, 22], [416, 22], [416, 52], [390, 52]], '앗', 0.5530143758603714), ([[69, 389], [87, 389], [87, 417], [69, 417]], '릇', 0.06385164234581353), ([[140, 662], [222, 662], [222, 694], [140, 694]], '고실에서', 0.9900335073471069), ([[142, 686], [182, 686], [182, 718], [142, 718]], '계속', 0.999769548810565), ([[222, 662], [298, 662], [298, 692], [222, 692]], '해액으로', 0.7255274653434753), ([[224, 686], [268, 686], [268, 718], [224, 718]], '엄청', 0.9830022326403132), ([[480, 630], [576, 630], [576, 748], [480, 748]], '7', 0.2561988114312186), ([[140, 712], [180, 712], [180, 736], [140, 736]], '끼고', 0.9997037205119184), ([[222, 712], [304, 712], [304, 744], [222, 744]], '젖어는겉', 0.1588515043258667), ([[140, 738], [206, 738], [206, 768], [140, 768]], '있어서', 0.8587035019823794), ([[142, 762], [222, 762], [222, 794], [142, 794]], '그런건가', 0.797916054725647), ([[652, 754], [684, 754], [684, 796], [652, 796]], '0', 0.9998898536496768), ([[560, 768], [680, 768], [680, 896], [560, 896]], '{', 0.24875840113392744), ([[382, 876], [430, 876], [430, 906], [382, 906]], '아양', 0.8915322791329429)]
[([[217, 62], [276, 62], [276, 90], [217, 90]], '보지가', 0.9995979321696777), ([[320, 66], [356, 66], [356, 90], [320, 90]], '위?', 0.9999838999418298), ([[218, 90], [320, 90], [320, 120], [218, 120]], '젖없으니까', 0.5484578542748053), ([[564, 84], [628, 84], [628, 114], [564, 114]], '이번엔', 0.9916604161262512), ([[218, 114], [290, 114], [290, 144], [218, 144]], '이정도는', 0.7371633583497796), ([[564, 108], [628, 108], [628, 134], [564, 134]], '이거야', 0.9872230017275546), ([[218, 140], [300, 140], [300, 170], [218, 170]], '괜찮다고', 0.9973868131637573), ([[370, 126], [418, 126], [418, 178], [370, 178]], '7', 0.9977960822152596), ([[534, 498], [616, 498], [616, 546], [534, 546]], '7""', 0.12043601243553574), ([[192, 838], [218, 838], [218, 942], [192, 942]], '흙', 0.02474169469778431)]
[([[140, 44], [188, 44], [188, 74], [140, 74]], '아양', 0.9328538136818706), ([[503, 3], [599, 3], [599, 65], [503, 65]], '{', 0.14208539028572886), ([[578, 196], [642, 196], [642, 246], [578, 246]], ';스', 0.059200987521970186), ([[34, 468], [60, 468], [60, 496], [34, 496]], '항', 0.5335910385669109), ([[196, 838], [263, 838], [263, 871], [196, 871]], '입으로도', 0.997587263584137), ([[282, 834], [326, 834], [326, 858], [282, 858]], '어이', 0.9900947478867718), ([[198, 866], [244, 866], [244, 896], [198, 896]], '해쥐', 0.8612901602588344), ([[367, 913], [385, 913], [385, 941], [367, 941]], '옷', 0.9920917366025073), ([[491.21114561800016, 236.42229123600035], [562.4591557864403, 229.99145793045398], [564.7888543819998, 263.5777087639997], [493.54084421355964, 270.008542069546]], '4444^"', 0.007755428825879002), ([[519.2017718737147, 368.0265781057207], [610.7755301854746, 354.609417406534], [634.7982281262853, 541.9734218942793], [544.2244698145254, 555.390582593466]], '푹', 0.015564708570551034)]
[([[493, 515], [561, 515], [561, 555], [493, 555]], '7', 0.90420585697942), ([[417, 541], [431, 541], [431, 567], [417, 567]], '음', 0.24242444036070143), ([[19, 627], [135, 627], [135, 743], [19, 743]], '취', 0.3406308248309564), ([[371, 849], [389, 849], [389, 875], [371, 875]], '흐', 0.938817733235183), ([[375, 875], [391, 875], [391, 903], [375, 903]], '움', 0.7846080680579348)]
[([[122, 14], [172, 14], [172, 46], [122, 46]], '이곳도', 0.9900230016152867), ([[214, 18], [238, 18], [238, 42], [214, 42]], '하', 0.9992561532023991), ([[122, 40], [164, 40], [164, 70], [122, 70]], '끝내', 0.9970208448994708), ([[124, 64], [180, 64], [180, 96], [124, 96]], '주는곁', 0.2614749451065723), ([[180, 138], [199, 138], [199, 189], [180, 189]], '음', 0.3929173205688272), ([[429, 201], [443, 201], [443, 227], [429, 227]], '움', 0.8164358300428063), ([[15, 319], [31, 319], [31, 345], [15, 345]], '음', 0.9684602869430279), ([[382, 454], [432, 454], [432, 484], [382, 484]], '안태.', 0.2292221903575835), ([[492, 824], [532, 824], [532, 854], [492, 854]], '그럼', 0.9986248568432232), ([[489, 847], [555, 847], [555, 883], [489, 883]], '얼굴에', 0.9688207011160317), ([[490, 872], [540, 872], [540, 904], [490, 904]], '간다', 0.5138529940207015)]
[([[76, 32], [112, 32], [112, 64], [76, 64]], '흐옷', 0.11962880899167808), ([[155, 23], [253, 23], [253, 85], [155, 85]], '4시', 0.00460954429608227), ([[410, 68], [462, 68], [462, 100], [410, 100]], '이쪽도', 0.9320161749041203), ([[186, 76], [266, 76], [266, 130], [186, 130]], '#새', 0.024876523344414325), ([[410, 94], [458, 94], [458, 124], [410, 124]], '잊지', 0.9954215449032915), ([[410, 120], [472, 120], [472, 148], [410, 148]], '말라고', 0.9724476778061196), ([[334, 254], [382, 254], [382, 284], [334, 284]], '아앗', 0.9447800236227835), ([[74, 464], [124, 464], [124, 494], [74, 494]], '아앗', 0.9471923207867583), ([[45, 612], [116, 612], [116, 649], [45, 649]], '히아앗', 0.49218152677237864)]
[([[476, 84], [522, 84], [522, 114], [476, 114]], '완전', 0.9998108501838262), ([[475, 105], [561, 105], [561, 141], [475, 141]], '탤도에 병', 0.09281138383930575), ([[476, 134], [576, 134], [576, 166], [476, 166]], '가버럿는길', 0.10786944545601009)]
[([[358, 18], [406, 18], [406, 46], [358, 46]], '아악', 0.9984801017009733), ([[46, 36], [94, 36], [94, 66], [46, 66]], '헤헤', 0.4306959829663576), ([[574, 196], [650, 196], [650, 298], [574, 298]], '기', 0.6088107316629454), ([[516, 386], [596, 386], [596, 418], [516, 418]], '이제부터', 0.9859208464622498), ([[516, 412], [576, 412], [576, 438], [516, 438]], '제대로', 0.9999891255764863), ([[516, 436], [584, 436], [584, 466], [516, 466]], '해불까', 0.7407387604512247)]
[([[258, 32], [316, 32], [316, 58], [258, 58]], '보지가', 0.9983971571223164), ([[258, 56], [302, 56], [302, 88], [258, 88]], '너무', 0.9999172245929786), ([[258, 82], [320, 82], [320, 114], [258, 114]], '작은겉', 0.6951294682088145), ([[277, 229], [317, 229], [317, 275], [277, 275]], '*(', 0.02962640556900303), ([[358, 260], [402, 260], [402, 284], [358, 284]], '내가', 0.999297989990882), ([[294, 270], [324, 270], [324, 308], [294, 308]], '5', 0.354608101875872), ([[354, 280], [439, 280], [439, 318], [354, 318]], '처유이야', 0.5393240925625631), ([[528, 418], [624, 418], [624, 444], [528, 444]], '내 자지가', 0.6222673149622662), ([[526, 442], [626, 442], [626, 474], [526, 474]], '꽉 끼켓어', 0.14403291781397753), ([[561, 909], [611, 909], [611, 990], [561, 990]], '짚', 0.0132669457360573), ([[145.43431457505076, 297.0402020253553], [199.84410237249998, 344.89416233119863], [173.56568542494924, 374.9597979746447], [119.15589762750002, 326.10583766880137]], '+', 0.04083316324522546), ([[-49.52597179182438, 780.0974200237698], [17.605289124032385, 720.0152753441588], [143.5259717918244, 881.9025799762302], [75.39471087596762, 941.9847246558412]], '4', 0.05638021143838401)]
[([[94, 776], [118, 776], [118, 802], [94, 802]], '약', 0.9917120520597997), ([[56, 898], [126, 898], [126, 928], [56, 928]], '아아앗', 0.7518195908173572)]
[([[212, 60], [236, 60], [236, 88], [212, 88]], '앗', 0.5826935008526881), ([[540, 94], [692, 94], [692, 252], [540, 252]], '>', 0.016817542088409576), ([[379, 311], [517, 311], [517, 447], [379, 447]], '새', 0.2341071044074008), ([[170, 424], [196, 424], [196, 452], [170, 452]], '햇', 0.10753003426935326), ([[17, 507], [101, 507], [101, 543], [17, 543]], '신지갈은', 0.4364369511604309), ([[20, 534], [102, 534], [102, 566], [20, 566]], '얼간이름', 0.7492641806602478), ([[544, 528], [586, 528], [586, 560], [544, 560]], '너무', 0.9999612251195549), ([[18, 560], [120, 560], [120, 592], [18, 592]], '좋아하다니', 0.9941509288939521), ([[543, 551], [629, 551], [629, 587], [543, 587]], '명청한거', 0.5357709527015686), ([[542, 580], [620, 580], [620, 606], [542, 606]], '아니야?', 0.9993702017536601), ([[338.7894562468896, 828.0735412244948], [394.54862303828867, 778.015060703146], [518.2105437531104, 929.9264587755052], [461.45137696171133, 979.984939296854]], '쭉', 0.11460942423412135)]
[([[442, 4], [516, 4], [516, 34], [442, 34]], '모범생도', 0.9397510143015143), ([[442, 28], [502, 28], [502, 54], [442, 54]], '자지로', 0.998501406100653), ([[442, 54], [546, 54], [546, 84], [442, 84]], '질러주니까', 0.8095424003077463), ([[442, 78], [564, 78], [564, 110], [442, 110]], '별 수 업는길', 0.33606277802518675), ([[480, 200], [508, 200], [508, 238], [480, 238]], '씨', 0.045522036720630155), ([[230, 776], [278, 776], [278, 808], [230, 808]], '아양', 0.9606336719046235), ([[9, 832], [62, 832], [62, 870], [9, 870]], '하앗', 0.3040277413820578), ([[439.78449831361854, 198.04932925750808], [573.5234042351618, 221.74382980052297], [547.2155016863815, 350.9506707424919], [413.47659576483824, 327.256170199477]], '', 0.0)]
[([[596, 82], [638, 82], [638, 110], [596, 110]], '그럼', 0.998727739525149), ([[596, 106], [646, 106], [646, 134], [596, 134]], '쓰다', 0.06753360466176563), ([[10, 394], [62, 394], [62, 422], [10, 422]], '신지', 0.9906004201793727), ([[462, 426], [508, 426], [508, 452], [462, 452]], '내가', 0.9981421670274176), ([[462, 450], [540, 450], [540, 480], [462, 480]], '첫번째로', 0.7705710530281067), ([[462, 474], [530, 474], [530, 506], [462, 506]], '싸줄게', 0.730200635510786), ([[10, 598], [74, 598], [74, 628], [10, 628]], '이번엔', 0.9868318629125316), ([[12, 624], [88, 624], [88, 648], [12, 648]], '내가 더', 0.999143499173674), ([[7, 642], [98, 642], [98, 683], [7, 683]], '기분 조계', 0.43260152543849), ([[10, 672], [76, 672], [76, 704], [10, 704]], '해줄게', 0.5214517612255796), ([[536, 748], [652, 748], [652, 850], [536, 850]], '자이', 0.09417632756778023)]
[([[524, 52], [584, 52], [584, 84], [524, 84]], '우리랑', 0.91032011124236), ([[522, 78], [606, 78], [606, 110], [522, 110]], '재미핑게', 0.2570303678512573), ([[522, 104], [614, 104], [614, 132], [522, 132]], '놀아보자고', 0.9812161637504536), ([[619, 711], [681, 711], [681, 793], [619, 793]], '1', 0.012602307356974984), ([[11, 853], [54, 853], [54, 952], [11, 952]], '2', 0.291463890131368)]
[([[349, 57], [527, 57], [527, 93], [349, 93]], '고번째 작품입니다.', 0.4382607475315286), ([[346, 82], [553, 82], [553, 119], [346, 119]], '소스리드 번혀 중입니다.', 0.21045269475990472), ([[434, 112], [514, 112], [514, 144], [434, 144]], '84 대왕', 0.3521127945090586), ([[504, 138], [630, 138], [630, 164], [504, 164]], '2011.09.16', 0.8056771015659866), ([[332, 182], [630, 182], [630, 223], [332, 223]], '@어쏘``히퍽어/ {(2<어김', 6.471182573023142e-06), ([[175, 291], [431, 291], [431, 323], [175, 323]], '{-4시-7 묘나지', 0.03695067267062779), ([[208, 332], [506, 332], [506, 370], [208, 370]], '훌++아://요담 "교`라깥어;명', 6.559643809289875e-06), ([[180, 378], [258, 378], [258, 406], [180, 406]], '@-므리|', 0.001567299409812691), ([[205, 419], [461, 419], [461, 455], [205, 455]], ';2고*나가@,라`라덕어`스명', 1.5189581400001001e-06), ([[278, 496], [418, 496], [418, 576], [278, 576]], '못사', 0.049039778177851066), ([[156, 604], [260, 604], [260, 636], [156, 636]], '2002 소', 0.5704345295181036), ([[278, 606], [402, 606], [402, 636], [278, 636]], '8 팀 11 타', 0.31328157373206156), ([[421, 603], [531, 603], [531, 639], [421, 639]], '#]#표3{7', 0.025801049606206886), ([[160, 646], [342, 646], [342, 678], [160, 678]], '주수주 : +병토닦7', 0.005602610914342925), ([[160, 690], [242, 690], [242, 720], [160, 720]], '티구5', 0.0015471141233336248), ([[262, 690], [418, 690], [418, 722], [262, 722]], '그-;>버#', 0.13318624383675376), ([[160, 733], [342, 733], [342, 766], [160, 766]], '출# : 01583', 0.0936026298396587), ([[166, 772], [250, 772], [250, 804], [166, 804]], '##움숲', 0.01719643548130989), ([[263, 776], [369, 776], [369, 802], [263, 802]], '942-0145', 0.6295120939425451), ([[263, 814], [574, 814], [574, 842], [263, 842]], '다포움#젊또로# #] 소습*하면 1920-10', 0.0038381391811683993), ([[390, 850], [482, 850], [482, 876], [390, 876]], '[쥐] ;', 0.059774037677126315), ([[190, 880], [487, 880], [487, 934], [190, 934]], '#똑#-값층난 !', 0.0031641936146589765)]
[([[80, 374], [642, 374], [642, 522], [80, 522]], '#즐교라;7', 0.0011813549278209931)]
