416604
42
[([[483, 291], [523, 291], [523, 327], [483, 327]], '00', 0.2732746120159603), ([[222, 360], [258, 360], [258, 390], [222, 390]], '@민', 0.0113963874394015), ([[15, 955], [135, 955], [135, 995], [15, 995]], "0'383", 0.18458567924618757), ([[460, 856], [688, 856], [688, 1006], [460, 1006]], '1음', 0.006778592847937037)]
[([[460, 59], [660, 59], [660, 613], [460, 613]], '춤', 0.08122080214679173)]
[([[68, 60], [294, 60], [294, 208], [68, 208]], '디`', 0.012262065001266538), ([[288, 116], [454, 116], [454, 168], [288, 168]], "-고'-", 0.22952133417129517), ([[240, 182], [463, 182], [463, 305], [240, 305]], '팀%', 0.010375453492317914), ([[442, 318], [564, 318], [564, 342], [442, 342]], '=4그741-49', 0.5058923309706408), ([[161, 329], [181, 329], [181, 355], [161, 355]], '3', 0.9999523168526139), ([[313, 323], [389, 323], [389, 359], [313, 359]], '2+"5', 0.02516127936542034), ([[441, 340], [576, 340], [576, 368], [441, 368]], '7자1 *#2+6,+', 0.02354131344606403), ([[163, 407], [183, 407], [183, 435], [163, 435]], '5', 0.9800282946839064), ([[309, 393], [397, 393], [397, 442], [309, 442]], '-나"', 0.25854509843828055), ([[444, 394], [562, 394], [562, 420], [444, 420]], "777'~-비다", 0.03128733217479545), ([[442, 418], [592, 418], [592, 444], [442, 444]], '+377+ 손#1+7', 0.05591273600447866), ([[151, 473], [189, 473], [189, 509], [151, 509]], '36', 0.9998755847701863), ([[444, 468], [574, 468], [574, 494], [444, 494]], '#@손 ^ "오쑤+0}', 0.003309186825963024), ([[452, 494], [562, 494], [562, 518], [452, 518]], '훈 #코++', 0.021040765400859068), ([[448, 532], [556, 532], [556, 562], [448, 562]], '터(= 0< 낮#', 0.06115651091967844), ([[447, 557], [564, 557], [564, 584], [447, 584]], '## 1+01,7.', 0.24742071598997278), ([[208, 630], [310, 630], [310, 678], [208, 678]], '찾   #', 0.21384432083587177), ([[388, 638], [524, 638], [524, 662], [388, 662]], '7777-" 47자', 0.1407111922078292), ([[387, 656], [510, 656], [510, 688], [387, 688]], "문칼' 187", 0.03298023193471591), ([[206, 702], [314, 702], [314, 752], [206, 752]], '숲*#', 0.00322498065183829), ([[388, 706], [531, 706], [531, 742], [388, 742]], '7못[ /버+{', 0.008687181487234933), ([[387, 730], [516, 730], [516, 761], [387, 761]], '1구1151,7.', 0.06882171633811156), ([[437, 801], [619, 801], [619, 915], [437, 915]], '(가증', 0.41910591471473735), ([[309.9378517783448, 463.114118180386], [400.7846696420772, 476.54847100745974], [394.0621482216552, 518.885881819614], [302.2153303579228, 506.45152899254026]], '+주 7', 0.2924269139766693)]
[([[554, 78], [664, 78], [664, 106], [554, 106]], '그럴 순 없어요', 0.4323087953498926), ([[29, 373], [51, 373], [51, 393], [29, 393]], '왜', 0.994054241162079), ([[28, 392], [86, 392], [86, 418], [28, 418]], '1나한데', 0.2826217710971832), ([[30, 412], [78, 412], [78, 436], [30, 436]], '그러지', 0.9712704420089722), ([[194, 544], [250, 544], [250, 568], [194, 568]], '에바의', 0.9806331028327937), ([[194, 564], [264, 564], [264, 592], [194, 592]], '파일덧올', 0.20840689539909363), ([[194, 584], [294, 584], [294, 612], [194, 612]], '할 수 없으면', 0.9843132801785577), ([[194, 605], [286, 605], [286, 635], [194, 635]], '년 필요없어', 0.7944945542090063), ([[574, 648], [656, 648], [656, 672], [574, 672]], '제발 빼지', 0.665057496938775), ([[573, 665], [656, 665], [656, 696], [573, 696]], '말아주세요', 0.6853504221566471)]
[([[298, 198], [348, 198], [348, 222], [298, 222]], '게바에', 0.25965785404218467), ([[292, 220], [340, 220], [340, 246], [292, 246]], '달 수', 0.9855106472969055), ([[292, 240], [330, 240], [330, 270], [292, 270]], '앞는', 0.1142025347782715), ([[610, 240], [652, 240], [652, 266], [610, 266]], '제발', 0.9993906109684993), ([[292, 262], [346, 262], [346, 290], [292, 290]], '방번블', 0.22181199341856447), ([[610, 260], [686, 260], [686, 288], [610, 288]], '부탁드려요', 0.9577366119218117), ([[292, 282], [372, 282], [372, 308], [292, 308]], '알려주세요', 0.9993388518996861), ([[264, 346], [302, 346], [302, 372], [264, 372]], '정말', 0.9999667041520314), ([[264, 368], [322, 368], [322, 392], [264, 392]], '에바에', 0.9927425837185784), ([[264, 388], [300, 388], [300, 412], [264, 412]], '타고', 0.999982972715661), ([[264, 410], [334, 410], [334, 436], [264, 436]], '싶다는겉', 0.25448331236839294), ([[36, 492], [96, 492], [96, 518], [36, 518]], '나한터', 0.9365607207908458), ([[622, 504], [688, 504], [688, 528], [622, 528]], "'정그러면", 0.9906564877341537), ([[36, 514], [88, 514], [88, 538], [36, 538]], '보여박', 0.22404679017267953), ([[622, 524], [678, 524], [678, 552], [622, 552]], '방법올', 0.16782451733524642), ([[622, 546], [682, 546], [682, 570], [622, 570]], '한가지', 0.9996489293032059), ([[622, 568], [690, 568], [690, 592], [622, 592]], '알려주지', 0.9984301328659058)]
[([[560, 32], [586, 32], [586, 56], [560, 56]], '레', 0.9137688797718511), ([[560, 52], [598, 52], [598, 78], [560, 78]], '테이', 0.4275527798422585), ([[301, 441], [371, 441], [371, 501], [301, 501]], '[@', 0.025125662652638093), ([[128, 526], [196, 526], [196, 558], [128, 558]], "때'", 0.09447616310244), ([[272, 552], [328, 552], [328, 576], [272, 576]], '아스카', 0.9985072550964363), ([[18, 898], [54, 898], [54, 922], [18, 922]], '이건', 0.9320634777181089), ([[18, 918], [86, 918], [86, 944], [18, 944]], '필수니까', 0.9653343558311462), ([[18, 938], [102, 938], [102, 966], [18, 966]], "잘 '바두도록", 0.6835390960249921)]
[([[334, 26], [444, 26], [444, 54], [334, 54]], '역시 잘하눈데', 0.8196574583591987), ([[332, 48], [448, 48], [448, 74], [332, 74]], '이제 쌀테니까', 0.769511381361585), ([[332, 68], [408, 68], [408, 96], [332, 96]], '모두 삼켜', 0.9465532039218437), ([[207, 481], [245, 481], [245, 501], [207, 501]], '내가', 0.9540978693038178), ([[206, 500], [276, 500], [276, 526], [206, 526]], '원하는게', 0.23602037131786346), ([[206, 520], [244, 520], [244, 544], [206, 544]], '먼지', 0.4744289767384268), ([[206, 542], [282, 542], [282, 568], [206, 568]], '알고 잇지', 0.7749617210050757), ([[118, 644], [166, 644], [166, 696], [118, 696]], "'", 0.02158504723785004), ([[284, 816], [314, 816], [314, 872], [284, 872]], '규', 0.203842453041009)]
[]
[([[268, 14], [324, 14], [324, 38], [268, 38]], '에바의', 0.9882395238140183), ([[268, 36], [338, 36], [338, 60], [268, 60]], '파일없이', 0.4105725586414337), ([[268, 56], [320, 56], [320, 82], [268, 82]], '되려면', 0.9511980931053429), ([[613, 57], [633, 57], [633, 79], [613, 79]], '전', 0.9985548714223604), ([[612, 74], [686, 74], [686, 104], [612, 104]], '못보젯임요', 0.11160871255209591), ([[254, 354], [328, 354], [328, 380], [254, 380]], '잘 보라고', 0.651881264449822), ([[505, 859], [555, 859], [555, 897], [505, 897]], '743', 0.42975996225167745)]
[([[174, 10], [222, 10], [222, 38], [174, 38]], '기분이', 0.9747524893548761), ([[175, 35], [221, 35], [221, 55], [175, 55]], '어때?', 0.999897175388252), ([[614, 398], [648, 398], [648, 422], [614, 422]], '너무', 0.9999769036051378), ([[614, 418], [660, 418], [660, 444], [614, 444]], '좋아요', 0.9906578479645703), ([[641, 557], [659, 557], [659, 593], [641, 593]], '연', 0.028699154109196323), ([[350, 926], [392, 926], [392, 950], [350, 950]], '하아', 0.9999443666132395), ([[348, 945], [393, 945], [393, 972], [348, 972]], '하아', 0.9999298683643895), ([[253.3203723339694, 117.0581595370226], [283.31873133134684, 114.22363300568864], [288.67962766603057, 182.94184046297738], [258.68126866865316, 184.77636699431136]], '#', 0.13496641709230062), ([[635.551366475519, 595.0201678782602], [673.3021196385133, 610.2455352055259], [631.448633524481, 715.9798321217398], [593.6978803614867, 700.7544647944741]], '#', 0.12777922267169206)]
[([[583, 29], [619, 29], [619, 49], [583, 49]], '이제', 0.9998480218470212), ([[580, 46], [632, 46], [632, 72], [580, 72]], '준비가', 0.9981376763942718), ([[52, 44], [108, 44], [108, 96], [52, 96]], "'낮어오", 0.050715744495391846), ([[580, 68], [644, 68], [644, 94], [580, 94]], '되없나?', 0.4793330729007721), ([[20, 362], [144, 362], [144, 490], [20, 490]], '49', 0.0817400212439621), ([[562, 828], [620, 828], [620, 852], [562, 852]], '아아양', 0.8822007434093166), ([[399.21114561800016, 62.42229123600033], [478.5676027209722, 56.19107467669014], [479.78885438199984, 89.57770876399967], [400.4323972790278, 95.80892532330985]], "'세", 0.03368973731852937)]
[([[551, 481], [573, 481], [573, 499], [551, 499]], '"', 0.5087121019488485), ([[592, 422], [698, 422], [698, 522], [592, 522]], '자', 0.25568721070772327), ([[60, 544], [90, 544], [90, 570], [60, 570]], '으음', 0.812429768687718), ([[10, 836], [50, 836], [50, 862], [10, 862]], '하양', 0.7883668932484154), ([[522.2330350111527, 454.0294551449842], [636.9990488871958, 529.8620820843146], [586.7669649888473, 603.9705448550158], [472.0009511128041, 528.1379179156854]], '터', 0.009430245646374624), ([[271.16756942214056, 589.0875762840607], [371.96284631841763, 609.4560799170799], [363.83243057785944, 643.9124237159393], [262.03715368158237, 624.5439200829201]], '7_[', 0.01778407586081439), ([[598.203970247832, 854.0397024783201], [694.9952479948287, 913.7243017932818], [658.796029752168, 969.9602975216799], [563.0047520051713, 910.2756982067182]], '4관', 0.006138739227847209)]
[([[229, 11], [249, 11], [249, 33], [229, 33]], '양', 0.9869503356531482), ([[314, 170], [338, 170], [338, 194], [314, 194]], '항', 0.5018995719482042), ([[34, 312], [86, 312], [86, 338], [34, 338]], '안에는', 0.4300844398277225), ([[34, 332], [84, 332], [84, 358], [34, 358]], '안태옷', 0.49829451904861516), ([[560, 330], [590, 330], [590, 366], [560, 366]], '0', 0.05679291759938665), ([[504, 338], [578, 338], [578, 430], [504, 430]], '짓', 0.04478339145663668), ([[594, 468], [636, 468], [636, 494], [594, 494]], '밖에', 0.8582274834363625), ([[594, 490], [662, 490], [662, 516], [594, 516]], '싸주세요', 0.9936370253562927), ([[34, 890], [92, 890], [92, 916], [34, 916]], '하아양', 0.9276573357386285), ([[602, 822], [701, 822], [701, 918], [602, 918]], '44', 0.6676724399131027), ([[378, 915], [538, 915], [538, 1010], [378, 1010]], ',니', 0.010342333046361509)]
[([[612, 82], [678, 82], [678, 108], [612, 108]], '레레이', 0.6995788568383509)]
[([[638, 72], [678, 72], [678, 96], [638, 96]], '레이', 0.8301499729484524), ([[492, 448], [546, 448], [546, 478], [492, 478]], '중앉어', 0.4202174842724033), ([[530, 548], [586, 548], [586, 572], [530, 572]], '에바에', 0.9841734530123759), ([[528, 568], [584, 568], [584, 592], [528, 592]], '타려면', 0.3809380739949478), ([[528, 588], [588, 588], [588, 614], [528, 614]], '이정도는', 0.9888589382171631), ([[530, 610], [586, 610], [586, 634], [530, 634]], '되야해', 0.986350817447069), ([[624, 620], [678, 620], [678, 644], [624, 644]], '아스카', 0.9955080801525272), ([[624, 642], [688, 642], [688, 668], [624, 668]], '알걀지?', 0.2560444474220276)]
[([[594, 36], [642, 36], [642, 60], [594, 60]], '그러면', 0.9990660273843271), ([[592, 54], [650, 54], [650, 80], [592, 80]], '한가지', 0.9999176163127136), ([[592, 76], [646, 76], [646, 102], [592, 102]], '제안을', 0.6810216751521363), ([[592, 96], [632, 96], [632, 120], [592, 120]], '하지', 0.9989662943609179), ([[294, 356], [344, 356], [344, 384], [294, 384]], '신지름', 0.3718002411966037), ([[292, 378], [328, 378], [328, 402], [292, 402]], '만족', 0.9999044965770547), ([[612, 370], [646, 370], [646, 396], [612, 396]], '시', 0.9999693634472386), ([[292, 398], [348, 398], [348, 422], [292, 422]], '시켜화', 0.7331562390598736), ([[612, 392], [652, 392], [652, 416], [612, 416]], '산지', 0.9962966293872557), ([[322, 618], [352, 618], [352, 644], [322, 644]], '뭐?', 0.9995145871126528), ([[14, 902], [50, 902], [50, 926], [14, 926]], '저런', 0.9995806646134605), ([[14, 922], [82, 922], [82, 948], [14, 948]], '녀석올 ', 0.8603993058204651)]
[([[592, 52], [630, 52], [630, 78], [592, 78]], '빨리', 0.9999523743933595), ([[590, 74], [654, 74], [654, 98], [590, 98]], '해보라고', 0.9994500875473022), ([[624, 156], [660, 156], [660, 180], [624, 180]], '나는', 0.9855328336935043), ([[625, 179], [681, 179], [681, 199], [625, 199]], '에바에', 0.9739290429206037), ([[622, 198], [682, 198], [682, 222], [622, 222]], '타야해', 0.9981771724799814), ([[347, 311], [397, 311], [397, 353], [347, 353]], '#1"', 0.32207128405570984), ([[378, 472], [434, 472], [434, 496], [378, 496]], '아스카', 0.9957158795678545), ([[429.7701175612585, 552.9931058051327], [516.6336867187432, 537.5634436079583], [521.2298824387415, 566.0068941948673], [434.36631328125685, 582.4365563920417]], '런사내', 0.0313484170997663), ([[378.00649859892917, 541.1253445358238], [438.6923076923077, 550.4615384615385], [431.99350140107083, 587.8746554641762], [371.3076923076923, 578.5384615384615]], '사', 0.0022905963865591517)]
[([[250, 470], [290, 470], [290, 494], [250, 494]], '내가', 0.9970402997905193), ([[250, 490], [306, 490], [306, 516], [250, 516]], '빠는결', 0.34424970131829763), ([[251, 513], [305, 513], [305, 533], [251, 533]], '내려다', 0.9999872672905089), ([[250, 532], [322, 532], [322, 560], [250, 560]], '보고 있어', 0.638510740187726), ([[496, 606], [530, 606], [530, 638], [496, 638]], '0', 0.7152384756868493), ([[174, 866], [246, 866], [246, 918], [174, 918]], '77', 0.41936913407727044)]
[([[464, 12], [504, 12], [504, 36], [464, 36]], '뭐야', 0.5228719122619411), ([[86, 28], [196, 28], [196, 54], [86, 54]], '뭐하는 짓이야', 0.6710947224233098), ([[287, 569], [307, 569], [307, 591], [287, 591]], '난', 0.9962503363277051), ([[286, 588], [350, 588], [350, 614], [286, 614]], '삼켜주고', 0.8396144509315491), ([[360, 584], [400, 584], [400, 608], [360, 608]], '미안', 0.894115082094392), ([[284, 610], [338, 610], [338, 636], [284, 636]], '싶없어', 0.5630534505015301), ([[362, 604], [400, 604], [400, 630], [362, 630]], '단제', 0.9942761259226761), ([[546.6960372667223, 262.2185080734949], [574.5502734850987, 240.038030907289], [617.3039627332777, 298.7814919265051], [589.4497265149013, 319.961969092711]], '소', 0.7153027986402414)]
[([[615, 19], [665, 19], [665, 39], [615, 39]], '도대체', 0.9982276094234531), ([[618, 38], [650, 38], [650, 66], [618, 66]], '무슨', 0.9998185204938808), ([[618, 60], [686, 60], [686, 86], [618, 86]], '생각이지', 0.9997479319572449), ([[18, 80], [92, 80], [92, 104], [18, 104]], '가져가서', 0.9772673869964574), ([[19, 103], [53, 103], [53, 123], [19, 123]], '하고', 0.9999517000532567), ([[334, 106], [372, 106], [372, 130], [334, 130]], '신지', 0.9972090819531492), ([[18, 122], [82, 122], [82, 148], [18, 148]], '심은대로', 0.5162580609321594), ([[434, 122], [486, 122], [486, 148], [434, 148]], '이런건', 0.6940897107124329), ([[18, 142], [58, 142], [58, 168], [18, 168]], '해화', 0.9736380143292389), ([[614, 228], [686, 228], [686, 252], [614, 252]], '아스카개', 0.9990633726119995), ([[614, 250], [678, 250], [678, 274], [614, 274]], '이러논건', 0.5964325070381165), ([[614, 270], [680, 270], [680, 296], [614, 296]], '처음이야', 0.582436740398407), ([[438, 408], [488, 408], [488, 434], [438, 434]], '기분이', 0.7139753218924941), ([[438, 432], [494, 432], [494, 458], [438, 458]], '이상해', 0.9996218821970752), ([[276, 546], [330, 546], [330, 570], [276, 570]], '아스카', 0.9966581690682023), ([[64, 846], [124, 846], [124, 872], [64, 872]], '날 보미', 0.6191414823973826), ([[24, 866], [110, 866], [110, 894], [24, 894]], '비롯엇기다.', 0.05515576662101112), ([[24, 888], [100, 888], [100, 912], [24, 912]], '이제 너는', 0.6025989887272293), ([[24, 908], [102, 908], [102, 932], [24, 932]], '내 노예다', 0.9326699361841566), ([[24, 930], [114, 930], [114, 954], [24, 954]], '마구 가지고', 0.9323610292750988), ([[24, 950], [90, 950], [90, 978], [24, 978]], '놀아주지', 0.9827426671981812), ([[24.88582797093769, 843.2145699273442], [63.72603053188994, 848.7474994853478], [60.11417202906231, 873.7854300726558], [21.27396946811006, 868.2525005146522]], '매일', 0.9995402931311975)]
[([[326, 30], [362, 30], [362, 56], [326, 56]], '너무', 0.9999656083448327), ([[324, 49], [382, 49], [382, 79], [324, 79]], '재미어', 0.2632313380192563), ([[602, 192], [652, 192], [652, 218], [602, 218]], '(이결로', 0.6167784333229065), ([[604, 212], [676, 212], [676, 238], [604, 238]], '자위해나', 0.2851015329360962), ([[300, 542], [342, 542], [342, 568], [300, 568]], '하양', 0.8127651456389681), ([[269.8038311742151, 923.0717987459852], [392.00348952841944, 940.6483133945973], [376.1961688257849, 1025.9282012540148], [253.99651047158056, 1007.3516866054027]], ',구.', 0.14139303713036433)]
[([[619, 39], [639, 39], [639, 63], [619, 63]], '양', 0.9883039682513441), ([[576, 109], [627, 109], [627, 193], [576, 193]], '#', 0.01097941589355328), ([[243, 385], [265, 385], [265, 405], [243, 405]], '내', 0.997332685025313), ([[240, 404], [282, 404], [282, 428], [240, 428]], '내가', 0.9969153187913843), ([[124, 562], [162, 562], [162, 586], [124, 586]], '신지', 0.9927502867072708), ([[40, 588], [76, 588], [76, 614], [40, 614]], '너무', 0.9998219763534933), ([[122, 582], [178, 582], [178, 606], [122, 606]], '앞에서', 0.8859219978187205), ([[40, 608], [98, 608], [98, 636], [40, 636]], '창피해', 0.9229931901929377), ([[122, 602], [190, 602], [190, 626], [122, 626]], '자위하고', 0.9997859001159668), ([[122, 624], [160, 624], [160, 650], [122, 650]], '있어', 0.8868561197881687), ([[619, 661], [679, 661], [679, 733], [619, 733]], '%', 0.04178266901000982), ([[571, 763], [663, 763], [663, 853], [571, 853]], '&%"', 0.010386370224345727)]
[([[457, 59], [485, 59], [485, 77], [457, 77]], '어?', 0.9999847428749291), ([[354, 492], [390, 492], [390, 518], [354, 518]], '아옷', 0.7171139752644233), ([[634, 598], [674, 598], [674, 624], [634, 624]], '신지', 0.9971880258373098), ([[326, 926], [406, 926], [406, 952], [326, 952]], '너무 아파', 0.9928663577593634), ([[324, 946], [430, 946], [430, 974], [324, 974]], '너무 아프다고', 0.8193349672312852), ([[458, 956], [500, 956], [500, 980], [458, 980]], '안태', 0.6390992676767604)]
[([[193, 41], [233, 41], [233, 61], [193, 61]], '아아', 0.999613619559485), ([[588, 38], [672, 38], [672, 64], [588, 64]], '제발 빼쥐', 0.8892083053656645), ([[268, 298], [348, 298], [348, 326], [268, 326]], '너무 아파', 0.9983861531944364), ([[10, 316], [50, 316], [50, 342], [10, 342]], '아양', 0.9753405401751956), ([[570, 402], [648, 402], [648, 428], [570, 428]], '너무 빨리', 0.9996815604972344), ([[570, 424], [648, 424], [648, 450], [570, 450]], '움직이지마', 0.8815694020036788), ([[10, 942], [80, 942], [80, 968], [10, 968]], '찢어질거', 0.7709914445877075), ([[10, 964], [52, 964], [52, 990], [10, 990]], '같아', 0.9956505235105252)]
[([[88, 621], [147, 621], [147, 650], [88, 650]], '히아양', 0.5831025279905976), ([[296, 784], [336, 784], [336, 810], [296, 810]], '제발', 0.9990089343196898), ([[437, 731], [657, 731], [657, 817], [437, 817]], '5방가', 0.004124510697985888), ([[296, 804], [334, 804], [334, 828], [296, 828]], '빼쥐', 0.7170381934858072), ([[596.9580569325292, 51.18675371782889], [639.7808404396694, 57.87442172680045], [636.0419430674708, 83.81324628217111], [592.2191595603306, 77.12557827319955]], '하양', 0.8798524012946466)]
[([[188, 29], [249, 29], [249, 59], [188, 59]], '하지만', 0.9975973441822935), ([[192, 54], [238, 54], [238, 80], [192, 80]], '보지논', 0.7487917625250091), ([[192, 76], [246, 76], [246, 100], [192, 100]], '이렇게', 0.4449540004398942), ([[192, 96], [258, 96], [258, 122], [192, 122]], '젖없다고', 0.9402740001678467), ([[278, 208], [370, 208], [370, 234], [278, 234]], '너무 재미어', 0.5520077487946918), ([[276, 228], [362, 228], [362, 256], [276, 256]], "날 '중요하고", 0.49981304149531713), ([[278, 250], [340, 250], [340, 276], [278, 276]], '잇켓지?', 0.13378043472766876), ([[609, 599], [645, 599], [645, 671], [609, 671]], '흙', 0.14135140614094244), ([[365, 701], [401, 701], [401, 721], [365, 721]], '이제', 0.9999146115527259), ([[362, 720], [404, 720], [404, 746], [362, 746]], '앞에', 0.5551051403462238), ([[363, 738], [430, 738], [430, 768], [363, 768]], '넣어주길', 0.49107274413108826), ([[362, 762], [410, 762], [410, 788], [362, 788]], '원해?', 0.9999350289962269), ([[574, 858], [644, 858], [644, 886], [574, 886]], '우선 슈트', 0.6140357668956025), ([[572, 878], [662, 878], [662, 904], [572, 904]], '안의 속살이', 0.9157267442787587), ([[570, 900], [656, 900], [656, 926], [570, 926]], '보고 심은결', 0.510577652833086), ([[196, 900], [244, 900], [244, 950], [196, 950]], '#', 0.9941804685060482), ([[554.8178711021488, 75.07011725805056], [691.2266897383299, 95.14406996010091], [676.1821288978512, 178.92988274194943], [538.7733102616701, 158.8559300398991]], '시', 0.5865721570456941), ([[570.1758366163078, 232.11542815707753], [616.8845718429225, 245.17583661630786], [607.8241633836922, 272.88457184292247], [562.1154281570775, 260.8241633836921]], '1047-', 0.2827120253518142)]
[([[644, 176], [696, 176], [696, 204], [644, 204]], '자지름', 0.885134420883775), ([[587, 233], [609, 233], [609, 253], [587, 253]], '제', 0.9998265580048873), ([[586, 252], [654, 252], [654, 278], [586, 278]], '보지안에', 0.49781909584999084), ([[547, 269], [567, 269], [567, 291], [547, 291]], '제', 0.9999663832628727), ([[586, 274], [664, 274], [664, 300], [586, 300]], '넣어주세요', 0.9793747645813399), ([[547, 289], [567, 289], [567, 315], [547, 315]], '발', 0.9992970271963628), ([[39, 807], [77, 807], [77, 827], [39, 827]], '이건', 0.9212996915111709), ([[38, 824], [74, 824], [74, 850], [38, 850]], '너무', 0.9999638381954854), ([[38, 846], [92, 846], [92, 872], [38, 872]], '꼼직해.', 0.1234470084309578), ([[360, 884], [406, 884], [406, 914], [360, 914]], '짜,', 0.015275901563142003)]
[([[370, 26], [408, 26], [408, 50], [370, 50]], '이제', 0.999286107044709), ([[85, 47], [107, 47], [107, 63], [85, 63]], '아', 0.9911898967725961), ([[370, 46], [422, 46], [422, 74], [370, 74]], '넣울게', 0.5726139419583559), ([[82, 64], [124, 64], [124, 88], [82, 88]], '안태', 0.5715432787793232), ([[529, 243], [565, 243], [565, 263], [529, 263]], '이제', 0.9997857321462599), ([[526, 260], [588, 260], [588, 290], [526, 290]], '참을 수', 0.4168168526921776), ([[528, 284], [566, 284], [566, 308], [528, 308]], '없어', 0.7294061500690577), ([[609, 695], [666, 695], [666, 720], [609, 720]], '자지가', 0.9998405329843618), ([[610, 716], [650, 716], [650, 744], [610, 744]], '들어', 0.9997557256054171), ([[608, 735], [665, 735], [665, 765], [608, 765]], '가능건', 0.5738527231810029), ([[416, 752], [456, 752], [456, 778], [416, 778]], '제발', 0.9993432466967607), ([[414, 772], [468, 772], [468, 798], [414, 798]], '아무나', 0.9999199563547754), ([[18, 900], [70, 900], [70, 924], [18, 924]], '도와쥐', 0.8582258768143443), ([[491, 867], [511, 867], [511, 931], [491, 931]], '철', 0.7181745636086276), ([[7, 985], [29, 985], [29, 1005], [7, 1005]], '29', 0.9999980612455189), ([[154.8765247622279, 87.5012198097823], [255.0975115370708, 50.469106427027526], [267.12347523777214, 84.4987801902177], [166.9024884629292, 122.53089357297247]], '', 0.0)]
[([[84, 54], [145, 54], [145, 84], [84, 84]], '하아양', 0.9654809863384116), ([[625, 797], [645, 797], [645, 819], [625, 819]], '양', 0.9202103692032892), ([[590, 914], [630, 914], [630, 938], [590, 938]], '아양', 0.9415208534960989)]
[([[87, 15], [107, 15], [107, 39], [87, 39]], '양', 0.9833786776482754), ([[334, 36], [358, 36], [358, 60], [334, 60]], '양', 0.9573284781754445), ([[547, 201], [565, 201], [565, 223], [547, 223]], '양', 0.9625450913138742), ([[0, 313], [39, 313], [39, 342], [0, 342]], '하양', 0.7397158012165381), ([[638, 398], [676, 398], [676, 426], [638, 426]], '엄청', 0.9453750724816369), ([[636, 418], [694, 418], [694, 444], [636, 444]], '딱딱해', 0.6821808674890522), ([[2, 898], [72, 898], [72, 922], [2, 922]], '아스카의', 0.9104716181755066), ([[2, 920], [72, 920], [72, 946], [2, 946]], '보지 너무', 0.9966923343098346), ([[2, 940], [38, 940], [38, 966], [2, 966]], '좋아', 0.9359848746855877)]
[([[593, 35], [659, 35], [659, 55], [593, 55]], '이 이제', 0.8826189041137695), ([[590, 52], [676, 52], [676, 78], [590, 78]], '살거 같아', 0.9159006334713423), ([[358, 252], [398, 252], [398, 276], [358, 276]], '안태', 0.5734190478441071), ([[608, 506], [701, 506], [701, 636], [608, 636]], '73', 0.10787231694806257), ([[610, 634], [701, 634], [701, 748], [610, 748]], '도', 0.02805141446565873), ([[306, 934], [348, 934], [348, 958], [306, 958]], '안대', 0.6202217660421585), ([[402, 948], [434, 948], [434, 978], [402, 978]], '우움', 0.8550644227397243), ([[398.88582797093767, 115.21456992734423], [439.7500878941253, 120.80124373845821], [436.11417202906233, 145.78543007265577], [395.2499121058747, 140.19875626154177]], '히양', 0.6618854463123666)]
[([[311, 801], [355, 801], [355, 837], [311, 837]], '쇄0', 0.0007027120702805617)]
[([[544, 40], [631, 40], [631, 80], [544, 80]], '사르간실', 0.12848825752735138), ([[146, 80], [274, 80], [274, 128], [146, 128]], '#', 0.825659627851806), ([[636, 132], [686, 132], [686, 156], [636, 156]], '어때?', 0.9997350952924502), ([[372, 262], [420, 262], [420, 290], [372, 290]], '즐기고', 0.9957566009550706), ([[372, 286], [422, 286], [422, 312], [372, 312]], '있나?', 0.37410315263620736), ([[608, 356], [652, 356], [652, 382], [608, 382]], '오늘도', 0.9995242931992203), ([[352, 372], [388, 372], [388, 398], [352, 398]], '너무', 0.9999219449288276), ([[608, 378], [676, 378], [676, 404], [608, 404]], '재미는길', 0.16522999107837677), ([[352, 394], [400, 394], [400, 420], [352, 420]], '좋아요', 0.9258805622479165), ([[511, 397], [581, 397], [581, 433], [511, 433]], '2-^', 0.48105984926223755), ([[608, 398], [658, 398], [658, 426], [608, 426]], '햇어요', 0.9704210112336069), ([[486, 486], [556, 486], [556, 510], [486, 510]], '학교에서', 0.8766985535621643), ([[486, 508], [532, 508], [532, 534], [486, 534]], '소동이', 0.9980542811659213), ([[485, 527], [568, 527], [568, 557], [485, 557]], '일어낫어요', 0.9470105748447951), ([[578, 730], [612, 730], [612, 754], [578, 754]], '위지', 0.23949675816247357), ([[482, 780], [532, 780], [532, 806], [482, 806]], '저것좀', 0.37370909777952627), ([[482, 800], [524, 800], [524, 824], [482, 824]], '화라', 0.23742815305177897), ([[654, 848], [690, 848], [690, 872], [654, 872]], '이렇', 0.08711836831285925), ([[480, 878], [516, 878], [516, 902], [480, 902]], '이런', 0.9985896364581998), ([[654, 866], [690, 866], [690, 894], [654, 894]], '수가', 0.9475494211062756), ([[14, 892], [66, 892], [66, 918], [14, 918]], '뭐하는', 0.46039780017834364), ([[16, 912], [52, 912], [52, 936], [16, 936]], '거지', 0.9991505938200015), ([[394, 908], [450, 908], [450, 932], [394, 932]], '아스카', 0.9974010508471945), ([[394, 928], [434, 928], [434, 954], [394, 954]], '잡아', 0.9990987664911031)]
[([[552, 52], [662, 52], [662, 80], [552, 80]], '이제 아스카는', 0.9124353582078977), ([[552, 74], [652, 74], [652, 100], [552, 100]], '제 장난감이', 0.8694630905436771), ([[552, 94], [604, 94], [604, 120], [552, 120]], '태어요', 0.4251060221831392)]
[([[174, 8], [589, 8], [589, 183], [174, 183]], '그67', 0.2536034040711307)]
[([[344, 24], [390, 24], [390, 50], [344, 50]], '오늘도', 0.9996750129920613), ([[344, 44], [394, 44], [394, 68], [344, 68]], '보지에', 0.9935550085543565), ([[346, 64], [432, 64], [432, 94], [346, 94]], '넣제해줄게', 0.1619567019150548), ([[594, 114], [626, 114], [626, 174], [594, 174]], '1', 0.00368048407125543), ([[88.07351789077585, 314.10877514125855], [150.8698360907245, 329.9878890224259], [141.92648210922417, 363.89122485874145], [78.13016390927548, 349.0121109775741]], '7 제', 0.10852309316396713), ([[431.457124714834, 899.0370104182882], [466.17965875048833, 895.1779056484178], [473.542875285166, 979.9629895817118], [438.82034124951167, 983.8220943515822]], '죽', 0.319121685783049)]
[([[4, 502], [182, 502], [182, 630], [4, 630]], '다류', 0.01563776685790312), ([[73, 683], [119, 683], [119, 703], [73, 703]], '어때?', 0.9999510652189536), ([[72, 702], [144, 702], [144, 730], [72, 730]], '기분중아?', 0.8568644520247086), ([[545.5176948604782, 156.01941626992894], [594.0137828906651, 148.0862664711204], [616.4823051395218, 291.9805837300711], [567.9862171093349, 299.9137335288796]], '@', 0.00886826190885004), ([[260.46432841599443, 758.0360302783587], [290.35572775189803, 739.0158491787422], [351.53567158400557, 839.9639697216413], [320.64427224810197, 858.9841508212578]], '"', 0.19972214958844692), ([[310.3374108435509, 838.0366975919583], [354.94035240011436, 860.5951625350563], [314.6625891564491, 939.9633024080417], [271.05964759988564, 918.4048374649437]], '주', 0.47667430557780577)]
[([[196, 52], [254, 52], [254, 100], [196, 100]], '잠직로', 0.7026029229164124), ([[200, 92], [254, 92], [254, 118], [200, 118]], '질러쥐', 0.11746502115416944), ([[648, 344], [686, 344], [686, 368], [648, 368]], '이제', 0.999376873576441), ([[530, 478], [584, 478], [584, 508], [530, 508]], '참은수', 0.4666860312619549), ([[530, 502], [570, 502], [570, 526], [530, 526]], '없어', 0.9978116789403194), ([[451, 619], [489, 619], [489, 639], [451, 639]], '자지', 0.9997378566670825), ([[152, 886], [192, 886], [192, 912], [152, 912]], '아양', 0.9726068503631056), ([[21, 903], [59, 903], [59, 923], [21, 923]], '자지', 0.9999887046632835), ([[20, 922], [94, 922], [94, 950], [20, 950]], '너무 좋아', 0.9260589070136678), ([[379, 945], [479, 945], [479, 1010], [379, 1010]], '/', 0.06978043069839046)]
[([[621, 26], [665, 26], [665, 309], [621, 309]], '1', 0.02360558447401595), ([[22, 906], [62, 906], [62, 930], [22, 930]], '안에', 0.985486082404733), ([[5, 915], [19, 915], [19, 951], [5, 951]], '톤', 0.34028644699743893), ([[22.88582797093769, 923.2145699273442], [63.75008789412527, 928.8012437384582], [60.11417202906231, 953.7854300726558], [19.249912105874728, 948.1987562615418]], '싸취', 0.38426343841190175)]
[([[279, 27], [389, 27], [389, 111], [279, 111]], '후기', 0.9994211199756652), ([[106, 282], [294, 282], [294, 310], [106, 310]], '저의 3번째 작품입니다.', 0.6489048388268539), ([[106, 324], [348, 324], [348, 354], [106, 354]], '만은 오역과 의역 양해바람니다.', 0.6260057505399205), ([[104, 366], [312, 366], [312, 394], [104, 394]], '이번에도 에바 동인지입니다', 0.5471340383384903), ([[206, 408], [274, 408], [274, 436], [206, 436]], '묘4 대답', 0.09840583834589939), ([[254, 452], [360, 452], [360, 476], [254, 476]], '2011.09.17', 0.9027788880873848), ([[108, 480], [316, 480], [316, 508], [108, 508]], '@어어``] 6어9 뉴2.<아향', 1.2865358530696557e-05), ([[196, 716], [264, 716], [264, 748], [196, 748]], '옆 사', 0.08396311104297638), ([[473, 711], [618, 711], [618, 740], [473, 740]], "09'{4477*4-9-", 0.1360317752581527), ([[476, 740], [636, 740], [636, 768], [476, 768]], '+--#꾸"{{,2<+#잎', 0.0004321280312441504), ([[70, 750], [138, 750], [138, 782], [70, 782]], '1997 #', 0.9260355361099952), ([[164, 754], [250, 754], [250, 780], [164, 780]], '[2 | 291', 0.08899799791962042), ([[266, 754], [352, 754], [352, 782], [266, 782]], '#까끗 꿀|', 0.0130484893313195), ([[479, 767], [631, 767], [631, 787], [479, 787]], '+기저리-214지471소', 0.014320474714768825), ([[82, 786], [124, 786], [124, 810], [82, 810]], '*서주', 0.036038526380273966), ([[175, 787], [241, 787], [241, 807], [175, 807]], '예#5군', 0.0029224578756839037), ([[480, 779], [634, 779], [634, 810], [480, 810]], "똑대 . '- 설(시<7", 0.0008825046222509468), ([[479, 801], [638, 801], [638, 827], [479, 827]], '초하6* = +꿈(2주고"', 0.0016465549697124977), ([[485, 833], [556, 833], [556, 860], [485, 860]], '터키 *', 0.06286955806348252), ([[500, 878], [544, 878], [544, 902], [500, 902]], '출&쇼', 0.004365295031187353), ([[574, 882], [626, 882], [626, 908], [574, 908]], '패;추', 0.058152516060599985), ([[78, 898], [130, 898], [130, 930], [78, 930]], '춥철', 0.00123946576399657), ([[163, 897], [255, 897], [255, 935], [163, 935]], '0(2"궁러', 0.07427576811669655), ([[503, 901], [539, 901], [539, 919], [503, 919]], ')7', 0.9706841098198825), ([[513, 919], [531, 919], [531, 941], [513, 941]], '&', 0.035316857049414674), ([[86, 955], [334, 955], [334, 984], [86, 984]], '18가*축9 춤 1217 습찌둠 악*3히 <', 0.0017735863646519002), ([[9, 983], [31, 983], [31, 1001], [9, 1001]], '41', 0.9996523904916246), ([[501.2025477771711, 856.1658598874935], [540.8666912124061, 861.2820418413822], [537.797452222829, 882.8341401125065], [498.1333087875939, 877.7179581586178]], '툼없테', 0.0003204569340123866)]
[([[582, 12], [634, 12], [634, 38], [582, 38]], '자네군', 0.9925956485078894), ([[22, 36], [74, 36], [74, 62], [22, 62]], '신지논', 0.8944089232195501), ([[22, 56], [108, 56], [108, 82], [22, 82]], '도움이 많이', 0.9774457892543675), ([[22, 76], [106, 76], [106, 104], [22, 104]], '되고 있냐?', 0.5647332219348474), ([[615, 591], [659, 591], [659, 697], [615, 697]], '(', 0.3923321500135444), ([[306, 810], [366, 810], [366, 836], [306, 836]], '최고에요', 0.9898683428764343), ([[634, 808], [670, 808], [670, 838], [634, 838]], '엄청', 0.9493815071825008), ([[634, 828], [680, 828], [680, 854], [634, 854]], '좋아요', 0.9885795409771548), ([[77, 895], [113, 895], [113, 915], [77, 915]], '저기', 0.9896239421898309), ([[76, 914], [132, 914], [132, 940], [76, 940]], '할말이', 0.9971687805264278), ([[76, 934], [136, 934], [136, 962], [76, 962]], '잇는데요', 0.3076390027999878), ([[14, 954], [90, 954], [90, 1004], [14, 1004]], '타', 0.013809821969308855), ([[299.184182983552, 913.0840783210496], [365.9440640553752, 934.3333976244436], [353.815817016448, 968.9159216789504], [287.0559359446248, 947.6666023755564]], '4* 4*', 0.8612528811554282)]
[([[510, 956], [689, 956], [689, 1010], [510, 1010]], '++보7', 0.029530389234423637)]
