429946
12
[([[628, 10], [688, 10], [688, 60], [628, 60]], '4', 0.011708273237265365), ([[635, 55], [691, 55], [691, 69], [635, 69]], '00- 미내', 0.0012375510729111458), ([[575, 991], [605, 991], [605, 1007], [575, 1007]], '역자', 0.9918728363787568), ([[609, 985], [660, 985], [660, 1010], [609, 1010]], '엘 프란', 0.24578136340044338), ([[671, 991], [699, 991], [699, 1007], [671, 1007]], '5쇄(]', 0.00032249640207737684), ([[567, 1007], [659, 1007], [659, 1023], [567, 1023]], '식자 : 림고고이', 0.48843232746158116)]
[([[123, 421], [149, 421], [149, 439], [123, 439]], '후 .', 0.5468906628175213), ([[549, 597], [583, 597], [583, 617], [549, 617]], '하앗', 0.3278597791770843), ([[374, 766], [440, 766], [440, 790], [374, 790]], '회한하네', 0.8917239308357239), ([[74, 892], [150, 892], [150, 916], [74, 916]], '목욕탕에선', 0.8832117393442392), ([[79, 913], [145, 913], [145, 933], [79, 933]], '항상 소심', 0.9977105534997359), ([[80, 930], [142, 930], [142, 954], [80, 954]], '햇으면서', 0.9736840128898621)]
[([[73, 195], [117, 195], [117, 255], [73, 255]], '8', 0.007884827033568576), ([[88, 248], [114, 248], [114, 272], [88, 272]], '휴', 0.003239440209835076), ([[249, 671], [265, 671], [265, 697], [249, 697]], '응', 0.9924761254478796), ([[288.44377642240653, 245.05201503875458], [312.3863657429319, 233.02498377942428], [346.55622357759347, 303.9479849612454], [322.6136342570681, 315.97501622057575]], '줄', 0.029288318237476796)]
[([[339, 645], [355, 645], [355, 673], [339, 673]], '응', 0.9920150339930025), ([[38, 776], [74, 776], [74, 802], [38, 802]], '후웃', 0.3885892317466003)]
[([[358, 62], [392, 62], [392, 86], [358, 86]], '아양', 0.8803901026762476), ([[198, 858], [236, 858], [236, 882], [198, 882]], '잠깐.', 0.6262644635276573), ([[80.58916838004225, 215.20317249214364], [115.63582157992683, 193.04059167657076], [153.41083161995775, 258.79682750785634], [119.36417842007317, 280.9594083234293]], '5', 0.9692560760342985)]
[([[659, 151], [691, 151], [691, 171], [659, 171]], '어절', 0.9322981630678947), ([[653, 189], [689, 189], [689, 209], [653, 209]], '없네.', 0.9225070406957854)]
[([[436, 124], [484, 124], [484, 148], [436, 148]], '우릎미', 0.03249808648395453), ([[342, 280], [366, 280], [366, 318], [342, 318]], '4', 0.2769226314836146), ([[320, 307], [363, 307], [363, 437], [320, 437]], '물', 0.05115785171483389), ([[149, 691], [181, 691], [181, 711], [149, 711]], '역시', 0.9997669358833501), ([[139, 711], [189, 711], [189, 731], [139, 731]], '유리 건', 0.665149629135915), ([[132, 728], [194, 728], [194, 752], [132, 752]], '맛있어9', 0.8431892773797396), ([[481.2446104253995, 166.0719742120774], [510.48421750124413, 151.02941648979788], [544.7553895746005, 225.9280257879226], [514.5157824987558, 240.97058351020212]], '*', 0.42137747798291514), ([[429.16756942214056, 328.0875762840607], [460.49010628801057, 311.03013906711425], [495.83243057785944, 382.9124237159393], [464.50989371198943, 399.96986093288575]], '#', 0.9750738718622678), ([[574.1675694221406, 355.0875762840607], [605.5218180502856, 340.03418281782984], [636.8324305778594, 409.9124237159393], [605.4781819497144, 423.96581718217016]], '$', 0.0972086674801611)]
[([[354, 49], [404, 49], [404, 193], [354, 193]], '곁', 0.016540930725256198), ([[216, 216], [240, 216], [240, 252], [216, 252]], '의', 0.040572793414050956), ([[129, 243], [175, 243], [175, 261], [129, 261]], '더러워', 0.971295683427336), ([[126, 260], [178, 260], [178, 284], [126, 284]], '지면 좀', 0.9992717798834734), ([[528, 260], [552, 260], [552, 300], [528, 300]], '5', 0.3120789861556297), ([[123, 281], [183, 281], [183, 299], [123, 299]], '그러니까', 0.999922513961792), ([[109, 381], [141, 381], [141, 401], [109, 401]], '전부', 0.9999715931422801), ([[83, 399], [169, 399], [169, 419], [83, 419]], '마서주라구?', 0.9989300735820414), ([[70, 762], [96, 762], [96, 810], [70, 810]], '@', 0.7399617593519139), ([[432, 798], [492, 798], [492, 929], [432, 929]], '물', 0.019079660672738363)]
[([[343, 321], [381, 321], [381, 339], [343, 339]], '저기:', 0.5623835964529682), ([[318, 340], [402, 340], [402, 366], [318, 366]], '빨리 해쥐.', 0.9664844600949795), ([[456, 808], [484, 808], [484, 874], [456, 874]], '#', 0.2972130684196692), ([[218, 860], [258, 860], [258, 884], [218, 884]], '무슨?', 0.9998826534186932)]
[([[124, 684], [186, 684], [186, 738], [124, 738]], '01', 0.36728296485937567), ([[119, 743], [205, 743], [205, 931], [119, 931]], '옆', 0.026574830470199595), ([[43.50735927493574, 449.0243286768509], [83.53851584341697, 439.02908452230486], [109.49264072506426, 559.9756713231491], [69.46148415658303, 568.9709154776951]], '댐', 0.06881976295066128), ([[133.21177483989717, 564.0389258829615], [192.55740809890818, 549.1530591939626], [222.78822516010283, 680.9610741170385], [163.44259190109182, 695.8469408060374]], '다', 0.00832118878592164), ([[386.314855964253, 581.0392468890013], [429.52430248628906, 568.0229516563047], [461.685144035747, 679.9607531109987], [419.47569751371094, 693.9770483436953]], '""', 0.06637648974423901), ([[554.400119964012, 705.0605878236588], [577.5684587941034, 701.0543498851007], [588.599880035988, 759.9394121763412], [565.4315412058966, 763.9456501148993]], '국', 0.024285755572983625)]
[([[2, 2], [50, 2], [50, 30], [2, 30]], '@*#', 0.050449260638075574), ([[2, 34], [250, 34], [250, 60], [2, 60]], '087둘~$ 어 $서,~5 떨,6어기`', 4.9501868944067294e-05), ([[2, 52], [318, 52], [318, 80], [2, 80]], '2010 $신<굽목대 &어<<컨-버어위응령`/', 2.5765169690352064e-06)]
[([[722, 4], [768, 4], [768, 30], [722, 30]], '@*', 0.3545956330047121), ([[626, 10], [686, 10], [686, 58], [626, 58]], '{', 0.03698122396275849), ([[722, 33], [970, 33], [970, 60], [722, 60]], '08.7떨서$ 어 $서,.5 {떨,굵아기*', 1.216004971184676e-05), ([[635, 55], [691, 55], [691, 69], [635, 69]], '값 1 어어내"', 0.0017598207561789875), ([[722, 52], [1038, 52], [1038, 81], [722, 81]], '2010 -덧<<~대 |어<</ -&어위응떨|히', 1.220493266092699e-06), ([[671, 991], [699, 991], [699, 1007], [671, 1007]], '50썩', 0.003597765170435454)]
