440893
20
[]
[([[507, 538], [779, 538], [779, 580], [507, 580]], "' ", 0.1813225468831801), ([[507, 579], [739, 579], [739, 621], [507, 621]], '1고5,41', 0.001583838507471805)]
[([[552, 416], [730, 416], [730, 464], [552, 464]], '[느`리-니', 0.028480553341096383), ([[621, 467], [665, 467], [665, 503], [621, 503]], '5', 0.7823490488333142), ([[515, 503], [767, 503], [767, 547], [515, 547]], '[꼬리-누르머7', 0.026648665778279623)]
[]
[]
[]
[([[328, 58], [682, 58], [682, 82], [328, 82]], '이전에 그런 여자 엘프 기사의 느낌으로 그려본', 0.6938409993302387), ([[328, 78], [694, 78], [694, 102], [328, 102]], '것입니다. 라고 해도 몸올 지길 것든은 거의 없이', 0.5591278193617214), ([[328, 96], [710, 96], [710, 124], [328, 124]], '부출와 건들렉분인 매니약한 모습이군요(땀 사실은', 0.23188687835802257), ([[328, 115], [676, 115], [676, 143], [328, 143]], '처음 그렇때부터 설정해가여 그릇는데, 가급적', 0.21267839041182526), ([[328, 135], [708, 135], [708, 163], [328, 163]], '그림의 구성상, 잘 진행되지 않아서, 정작 완성하고', 0.7615729798303361), ([[326, 158], [706, 158], [706, 182], [326, 182]], '나자 어디에 서야 할지 모르켓네요(땀 사실은 등에', 0.336713862739078), ([[328, 178], [714, 178], [714, 202], [328, 202]], '박쥐 날개틀 달아서 악마턱하게 해보려고 햇답니다.', 0.1581641428276714), ([[330, 198], [668, 198], [668, 222], [330, 222]], '으으 이번에눈 좀 버거워습니다. 그랫답니다.', 0.6612686350301616), ([[761, 1163], [787, 1163], [787, 1177], [761, 1177]], '19', 0.12539883139157648)]
[([[446, 48], [476, 48], [476, 126], [446, 126]], '명', 0.03780821444196647), ([[446, 122], [478, 122], [478, 152], [446, 152]], '야', 0.9994929479739909), ([[98, 154], [130, 154], [130, 210], [98, 210]], '원', 0.046160673416954845), ([[650, 794], [702, 794], [702, 878], [650, 878]], '등', 0.022190016620184716), ([[95, 915], [169, 915], [169, 953], [95, 953]], '미', 0.8389599262503822), ([[69, 957], [183, 957], [183, 999], [69, 999]], '미프노', 0.3709623686983189), ([[69, 1003], [185, 1003], [185, 1047], [69, 1047]], '선배!?', 0.964363694190979), ([[648, 868], [704, 868], [704, 1088], [648, 1088]], '허', 0.0026672352206134203), ([[645, 1093], [707, 1093], [707, 1153], [645, 1153]], '1?', 0.30573328364655444), ([[469.6185070520439, 322.0243550059424], [496.6995864686612, 329.5278742274019], [476.3814929479561, 405.9756449940576], [449.3004135313388, 398.4721257725981]], '삶', 0.0191796428185933), ([[436.5635180285155, 327.03192259390545], [460.7437145811573, 333.5587995863798], [442.4364819714845, 400.96807740609455], [417.2562854188427, 394.4412004136202]], '약', 0.09775473423988856), ([[425.5370244950805, 784.008934422586], [512.6348712055428, 763.0168059953795], [582.4629755049194, 1066.991065577414], [495.3651287944572, 1088.9831940046206]], '#', 0.20554884717160693)]
[([[223, 7], [243, 7], [243, 43], [223, 43]], '빵', 0.09436415869146586), ([[698, 8], [726, 8], [726, 66], [698, 66]], '용', 0.7755164692430618), ([[94, 32], [124, 32], [124, 114], [94, 114]], '콩', 0.10395671337140389), ([[658, 370], [716, 370], [716, 396], [658, 396]], '코어', 0.9989414353424017), ([[56, 392], [130, 392], [130, 420], [56, 420]], '코우  ', 0.6294612832934355), ([[658, 394], [716, 394], [716, 422], [658, 422]], '우때', 0.9995667578902836), ([[62, 422], [120, 422], [120, 452], [62, 452]], '내가', 0.9994872799476816), ([[54, 452], [134, 452], [134, 482], [54, 482]], '전에도', 0.9572678648271237), ([[32, 482], [162, 482], [162, 514], [32, 514]], '말있없잡야', 0.13818483012558397), ([[178, 686], [236, 686], [236, 716], [178, 716]], '여기', 0.9999939308592087), ([[180, 716], [258, 716], [258, 746], [180, 746]], '느끼고', 0.9975383111525156), ([[194, 748], [250, 748], [250, 780], [194, 780]], '옆는', 0.11737071016221404), ([[584, 752], [628, 752], [628, 778], [584, 778]], '기분', 0.9999565890220194), ([[190, 778], [256, 778], [256, 806], [190, 806]], '거찌?', 0.5043608082305431), ([[570, 778], [648, 778], [648, 804], [570, 804]], '좋아 ?', 0.6318286657333374), ([[584, 802], [630, 802], [630, 830], [584, 830]], '으응', 0.9999206805525138), ([[681, 919], [763, 919], [763, 939], [681, 939]], '그  . 그게', 0.5663475175094466), ([[370, 930], [398, 930], [398, 956], [370, 956]], '팩', 0.08806668792027494), ([[642, 940], [764, 940], [764, 964], [642, 964]], '무근   모리예', 0.4975064481566155), ([[226, 948], [294, 948], [294, 974], [226, 974]], '이쪽은', 0.9967716811168171), ([[350, 956], [438, 956], [438, 982], [350, 982]], '저, 선배!', 0.6152653273278672), ([[673, 963], [747, 963], [747, 983], [673, 983]], '크으! 7', 0.2230225820800186), ([[232, 974], [278, 974], [278, 998], [232, 998]], '어때', 0.9998808950837037), ([[373, 983], [395, 983], [395, 1003], [373, 1003]], '그', 0.999805459901836), ([[642, 984], [746, 984], [746, 1010], [642, 1010]], '미프노 선배', 0.432645513312797), ([[266, 998], [292, 998], [292, 1026], [266, 1026]], '응', 0.9993439796962775), ([[350, 1004], [438, 1004], [438, 1030], [350, 1030]], '그러니까', 0.9994272589683533), ([[692, 1008], [762, 1008], [762, 1032], [692, 1032]], '전 그런', 0.9757336195631712), ([[350, 1030], [418, 1030], [418, 1056], [350, 1056]], '어째거', 0.4852751585963059), ([[680, 1030], [748, 1030], [748, 1054], [680, 1054]], '모리 안', 0.6846929023045939), ([[350, 1054], [432, 1054], [432, 1084], [350, 1084]], '이런  !!', 0.7963328731649407), ([[630, 1110], [660, 1110], [660, 1146], [630, 1146]], '욕', 0.6923121050982104), ([[531.6368368740668, -2.977937632651578], [558.4661777242296, -5.963558389745688], [570.3631631259332, 84.97793763265157], [543.5338222757704, 88.96355838974569]], '푹', 0.1319119733695695), ([[448.16756942214056, 1040.0875762840606], [508.94392354183236, 1061.3325667852284], [496.83243057785944, 1094.9124237159394], [436.05607645816764, 1073.6674332147716]], '(버', 0.016517083511018826)]
[([[210, 0], [238, 0], [238, 44], [210, 44]], '닫', 0.02388189845454769), ([[328, 8], [382, 8], [382, 38], [328, 38]], '시간', 0.5128099394415404), ([[302, 38], [382, 38], [382, 68], [302, 68]], '없다구', 0.9999026125310443), ([[299, 61], [382, 61], [382, 100], [299, 100]], '으으응', 0.9997951092529775), ([[734, 44], [764, 44], [764, 100], [734, 100]], '후', 0.7527382821593598), ([[316, 98], [372, 98], [372, 128], [316, 128]], '아응', 0.9975037127835992), ([[318, 126], [398, 126], [398, 158], [318, 158]], '후우어', 0.3024127738235499), ([[764, 43], [794, 43], [794, 171], [764, 171]], '틈', 0.13084536554244242), ([[531, 201], [575, 201], [575, 277], [531, 277]], '올', 0.8957592440356308), ([[114, 276], [140, 276], [140, 318], [114, 318]], '호', 0.06957020252185941), ([[504, 267], [557, 267], [557, 351], [504, 351]], '(', 0.08110321056278824), ([[64, 310], [96, 310], [96, 364], [64, 364]], '양', 0.947643671527576), ([[66, 358], [92, 358], [92, 390], [66, 390]], '응', 0.9995540877683062), ([[476, 384], [524, 384], [524, 434], [476, 434]], '날', 0.25096957333616743), ([[120, 570], [172, 570], [172, 632], [120, 632]], "'0", 0.03924958967412206), ([[226, 724], [342, 724], [342, 756], [226, 756]], '나도 같이', 0.7225022072586793), ([[212, 754], [370, 754], [370, 786], [212, 786]], '느껴도 되걸지', 0.26351328030473603), ([[266, 784], [322, 784], [322, 816], [266, 816]], '아응', 0.992257076650087), ([[240, 814], [274, 814], [274, 842], [240, 842]], '아', 0.9901868660616192), ([[300, 814], [330, 814], [330, 846], [300, 846]], '응', 0.9993735341197407), ([[193, 881], [281, 881], [281, 1046], [193, 1046]], '짧', 0.01645643480277048), ([[167, 1139], [203, 1139], [203, 1185], [167, 1185]], '2', 0.01779860761928398), ([[90.51467491880055, 18.0395170046834], [116.49995178166728, 13.041951958468605], [129.48532508119945, 84.9604829953166], [103.50004821833272, 89.9580480415314]], '"', 0.04176806815508005), ([[69.58916838004225, 540.2031724921436], [103.62790093208069, 517.0395826365625], [144.41083161995775, 583.7968275078564], [109.37209906791931, 605.9604173634375]], '월', 0.043471018784657645), ([[-3.386437537632678, 898.0149557645384], [32.563757849653236, 892.0318839499308], [53.38643753763268, 1036.9850442354616], [15.436242150346766, 1042.968116050069]], '꿀', 0.019416797905167593)]
[([[712, 58], [738, 58], [738, 86], [712, 86]], '으', 0.9991523632309054), ([[38, 82], [68, 82], [68, 140], [38, 140]], '콩', 0.1327027521726274), ([[712, 82], [738, 82], [738, 114], [712, 114]], '응', 0.999547771094754), ([[302, 106], [330, 106], [330, 162], [302, 162]], '용', 0.6490289861378393), ([[0, 194], [180, 194], [180, 294], [0, 294]], '정하오!', 0.0010443257633596659), ([[74, 292], [98, 292], [98, 324], [74, 324]], '응', 0.9997558742761612), ([[194, 316], [252, 316], [252, 340], [194, 340]], '하으', 0.9884555316807883), ([[196, 340], [254, 340], [254, 370], [196, 370]], '으으', 0.9987477940048524), ([[404, 314], [430, 314], [430, 396], [404, 396]], '응', 0.8013170093300381), ([[196, 364], [254, 364], [254, 396], [196, 396]], '으응', 0.9999429336440414), ([[198, 388], [222, 388], [222, 420], [198, 420]], '응', 0.9995446723565351), ([[0, 428], [22, 428], [22, 484], [0, 484]], '용', 0.5468631386756897), ([[322, 582], [354, 582], [354, 638], [322, 638]], '헌', 0.1096272606165849), ([[730, 568], [758, 568], [758, 638], [730, 638]], '햇', 0.02149298667313193), ([[0, 592], [120, 592], [120, 712], [0, 712]], '1명3', 0.007966346525077755), ([[20, 740], [44, 740], [44, 770], [20, 770]], '응', 0.999725122270334), ([[515, 655], [555, 655], [555, 755], [515, 755]], '올', 0.637926029867458), ([[639, 695], [677, 695], [677, 767], [639, 767]], '술', 0.6107057026980698), ([[8, 854], [32, 854], [32, 898], [8, 898]], '5', 0.05878883030987958), ([[32, 854], [58, 854], [58, 944], [32, 944]], '올', 0.16001802972084622), ([[120, 804], [220, 804], [220, 922], [120, 922]], '탓', 0.11539595736951824), ([[6, 922], [36, 922], [36, 968], [6, 968]], '파', 0.03143780739265001), ([[436, 952], [460, 952], [460, 998], [436, 998]], '후', 0.7958219497248962), ([[460, 952], [486, 952], [486, 1020], [460, 1020]], '%', 0.0900372042949904), ([[731, 1047], [773, 1047], [773, 1133], [731, 1133]], '흙', 0.23912279986863272), ([[268, 1120], [292, 1120], [292, 1168], [268, 1168]], '응', 0.15295717363681494), ([[622.2172729245717, 120.05127422674474], [672.271797074323, 114.44671826276594], [680.7827270754283, 207.94872577325526], [631.728202925677, 213.55328173723407]], '놈', 0.04613251714440936), ([[364.336336351604, 166.03153169184233], [416.4987293499154, 148.01778910118486], [458.663663648396, 284.96846830815764], [406.5012706500846, 301.98221089881514]], '%', 0.17779429556048854), ([[388.6530987749529, 663.1308037522599], [432.56723412031135, 627.0230203201704], [505.3469012250471, 727.8691962477401], [460.43276587968865, 763.9769796798296]], '출', 0.16151457376185707), ([[602.4417834440197, 646.0222930502471], [654.4204650413852, 661.5723403922233], [618.5582165559803, 784.9777069497529], [566.5795349586148, 769.4276596077767]], '꿀', 0.01264183656197937), ([[413.20963218369, 695.044763216472], [490.9985125371698, 744.8557007724295], [457.79036781631, 796.955236783528], [380.0014874628302, 747.1442992275705]], '벼', 0.02657302320903754), ([[350.0061162653264, 837.0550463879374], [413.77819559038375, 818.1774141861731], [447.9938837346736, 944.9449536120626], [384.22180440961625, 964.8225858138269]], '중', 0.028708681908434563), ([[0.2135462705664034, 1072.034427484457], [69.38356721485732, 1058.3213706535964], [93.7864537294336, 1203.965572515543], [25.61643278514268, 1217.6786293464036]], '중', 0.018853573215077413), ([[139.07801789439264, 1099.0425932594405], [254.7272587183939, 1144.6804229209984], [220.92198210560736, 1226.9574067405595], [105.27274128160609, 1180.3195770790016]], '()', 0.015536244530245415)]
[([[732, 74], [788, 74], [788, 124], [732, 124]], '후교', 0.07232401395162698), ([[758, 116], [782, 116], [782, 142], [758, 142]], '해', 0.9560918136877525), ([[60, 136], [86, 136], [86, 202], [60, 202]], '삶', 0.04353386194912989), ([[536, 242], [562, 242], [562, 288], [536, 288]], '속', 0.10824831211660868), ([[560, 242], [586, 242], [586, 356], [560, 356]], '"', 0.13152899164829623), ([[503, 389], [523, 389], [523, 415], [503, 415]], '응', 0.9994602931774352), ([[774, 400], [802, 400], [802, 448], [774, 448]], '8', 0.014223643807831587), ([[766, 444], [794, 444], [794, 498], [766, 498]], '응', 0.9929849584251684), ([[408, 466], [434, 466], [434, 552], [408, 552]], '품', 0.025033089975760925), ([[733, 483], [806, 483], [806, 549], [733, 549]], '93', 0.10790283408570066), ([[533, 529], [553, 529], [553, 561], [533, 561]], '흉', 0.09948477663155675), ([[747, 557], [802, 557], [802, 632], [747, 632]], ':울', 0.019432458502665593), ([[62, 668], [86, 668], [86, 692], [62, 692]], '너', 0.9983966821818093), ([[60, 666], [110, 666], [110, 714], [60, 714]], '보휴', 0.7606334969093826), ([[86, 688], [110, 688], [110, 712], [86, 712]], '우', 0.9999738933359801), ([[196, 686], [222, 686], [222, 712], [196, 712]], '양', 0.9713372076118141), ([[310, 560], [434, 560], [434, 738], [310, 738]], '혹', 0.034725940373508735), ([[675, 871], [715, 871], [715, 935], [675, 935]], '듭', 0.3090621617201492), ([[758, 798], [784, 798], [784, 934], [758, 934]], '#', 0.09307964153166726), ([[0, 877], [113, 877], [113, 1061], [0, 1061]], '꿀', 0.08285713778930504), ([[357, 908], [491, 908], [491, 1069], [357, 1069]], '콤출을', 0.021808823031745923), ([[397, 1025], [445, 1025], [445, 1134], [397, 1134]], '평', 0.060527286849776374), ([[437.01968112665674, 48.04010974521225], [510.52812215822075, -4.988372991611341], [636.9803188733432, 193.95989025478775], [563.4718778417792, 245.98837299161133]], '중', 0.9022142731830627), ([[709.6453613306446, 179.02103517741517], [736.1987562615418, 182.24991210587473], [727.3546386693554, 268.9789648225848], [699.8012437384582, 265.7500878941253]], '톱', 0.014465363694071698), ([[551.0735178907759, 768.1087751412585], [578.5656854249493, 754.0402020253554], [609.9264821092241, 817.8912248587415], [582.4343145750507, 831.9597979746446]], '{', 0.06902093126657238), ([[729.600079976008, 798.0403918824392], [747.8784202640098, 800.2032312781616], [742.399920023992, 850.9596081175608], [724.1215797359902, 848.7967687218384]], '능', 0.008253304746873802), ([[529.6107425767057, 841.2490049571052], [555.6082287370158, 822.0465132093975], [592.3892574232943, 875.7509950428948], [565.3917712629842, 894.9534867906025]], '독', 0.4491524477537645), ([[646.2891314594269, 898.0854389836506], [668.6325136167592, 893.067436867753], [678.7108685405731, 944.9145610163494], [656.3674863832408, 949.932563132247]], '좀', 0.07008596849715687), ([[231.30751429754818, 998.0199973475837], [324.5858857305796, 985.5483004087941], [348.6924857024518, 1194.9800026524163], [255.41411426942037, 1206.4516995912059]], '출', 0.29019388450254624), ([[-31.079591238098622, 1059.0449051428166], [48.587634023114454, 1008.0132880891706], [157.07959123809863, 1204.9550948571834], [77.41236597688555, 1254.9867119108294]], '월', 0.021584464899593536)]
[([[0, 0], [90, 0], [90, 186], [0, 186]], '(', 0.7872491698064756), ([[768, 52], [800, 52], [800, 134], [768, 134]], '%', 0.01946821424390155), ([[586, 176], [644, 176], [644, 208], [586, 208]], '좋아', 0.9139930076021301), ([[62, 134], [274, 134], [274, 296], [62, 296]], '1', 0.040497304952280766), ([[584, 206], [642, 206], [642, 238], [584, 238]], '아앗', 0.4097647919613907), ([[586, 236], [660, 236], [660, 268], [586, 268]], '아양!!', 0.7306753396987915), ([[452, 222], [504, 222], [504, 312], [452, 312]], '국', 0.1682372194540358), ([[26, 372], [160, 372], [160, 404], [26, 404]], '양앙 아아!', 0.5908295744504279), ([[496, 306], [544, 306], [544, 410], [496, 410]], '팔', 0.18212871695823285), ([[36, 404], [94, 404], [94, 434], [36, 434]], '코우', 0.9997814334402325), ([[105, 407], [129, 407], [129, 427], [105, 427]], '꼬', 0.4595099664129556), ([[28, 434], [84, 434], [84, 466], [28, 466]], '좀다', 0.1717465706038414), ([[107, 429], [168, 429], [168, 468], [107, 468]], '좀다', 0.19365517340553504), ([[42, 459], [143, 459], [143, 495], [42, 495]], '강하게!!', 0.7414997847902214), ([[60, 492], [134, 492], [134, 524], [60, 524]], '코우!!', 0.7496007084846497), ([[2, 548], [130, 548], [130, 626], [2, 626]], '(', 0.08310058753696481), ([[600, 438], [740, 438], [740, 697], [600, 697]], '술', 0.4064391417005595), ([[734, 582], [766, 582], [766, 636], [734, 636]], '와', 0.9540238272194443), ([[736, 522], [766, 522], [766, 576], [736, 576]], '말', 0.37208140196197803), ([[36, 676], [132, 676], [132, 706], [36, 706]], '코우 . !!', 0.6050553785873235), ([[18, 706], [100, 706], [100, 738], [18, 738]], '아으응', 0.9987827135899479), ([[697, 723], [725, 723], [725, 741], [697, 741]], '아이', 0.9603157009089324), ([[44, 738], [116, 738], [116, 766], [44, 766]], '교우!', 0.49906472176710637), ([[760, 742], [790, 742], [790, 770], [760, 770]], '아', 0.9999228730768586), ([[760, 766], [790, 766], [790, 798], [760, 798]], '양', 0.9943719642672164), ([[482, 828], [514, 828], [514, 880], [482, 880]], '딸', 0.2258303045153065), ([[562, 852], [592, 852], [592, 878], [562, 878]], '아', 0.9995505122902593), ([[649, 793], [759, 793], [759, 885], [649, 885]], '허리', 0.013211601984452885), ([[482, 886], [514, 886], [514, 942], [482, 942]], '와', 0.3986237968884012), ([[370, 942], [420, 942], [420, 972], [370, 972]], '양앙', 0.8035307466394785), ([[358, 966], [446, 966], [446, 992], [358, 992]], '거기  야', 0.4272996479845801), ([[370, 992], [434, 992], [434, 1020], [370, 1020]], '좀더  .', 0.4306278525125199), ([[280, 960], [360, 960], [360, 1102], [280, 1102]], ')', 0.01563456055692658), ([[370, 1016], [438, 1016], [438, 1042], [370, 1042]], '강하게', 0.982073631351524), ([[92, 1054], [118, 1054], [118, 1104], [92, 1104]], '딸', 0.19903661053086186), ([[351, 1089], [403, 1089], [403, 1133], [351, 1133]], '0', 0.21219172030664257), ([[619, 1101], [647, 1101], [647, 1121], [619, 1121]], '아', 0.9997323930507243), ([[90, 1112], [122, 1112], [122, 1168], [90, 1168]], '와', 0.7059775184009744), ([[294, 1128], [324, 1128], [324, 1156], [294, 1156]], '아', 0.9999457605087549), ([[488, 1088], [518, 1088], [518, 1170], [488, 1170]], '물', 0.2704180192134551), ([[618, 1122], [650, 1122], [650, 1150], [618, 1150]], '아', 0.9999666216774585), ([[294, 1152], [322, 1152], [322, 1196], [294, 1196]], '양', 0.9982461281588293), ([[490, 1164], [520, 1164], [520, 1188], [490, 1188]], '!!!', 0.9453969717337763), ([[402.13030284346536, 419.04211928769337], [493.9720833378812, 474.2916776312199], [453.86969715653464, 539.9578807123066], [362.0279166621188, 484.7083223687801]], '쿠없@', 0.00016653105280214298), ([[722.7904036539431, 823.1053008274758], [769.6829999682196, 801.0334003241601], [809.2095963460569, 893.8946991725242], [763.3170000317804, 916.9665996758399]], '용', 0.4190110317555451), ([[115.05783693933762, 1093.0494509237074], [174.55793103282832, 1060.017310371464], [247.94216306066238, 1205.9505490762926], [188.44206896717168, 1238.982689628536]], '출', 0.4670958142281769)]
[([[445, 79], [793, 79], [793, 139], [445, 139]], '제가페인 만세!', 0.9823995552456168), ([[458, 158], [780, 158], [780, 190], [458, 190]], '갑자기 이상한 망가로 눈올 버리게', 0.49307016466745934), ([[462, 184], [780, 184], [780, 214], [462, 214]], '해드럭 죄용합나다(땀 여러가지로', 0.7086527360909048), ([[478, 210], [772, 210], [772, 236], [478, 236]], '캐릭터지 과하게 그려내면 그포', 0.4845247048036709), ([[484, 230], [768, 230], [768, 263], [484, 263]], '일리가 월 무가 잃어거 까메한', 0.11537487758257622), ([[470, 260], [772, 260], [772, 290], [470, 290]], '얘기는 안 하깊습니다만 , 미프노', 0.1645511064212077), ([[450, 283], [796, 283], [796, 314], [450, 314]], '선배도 행복해지길 원해거(땀 마일은', 0.4542388870256821), ([[464, 310], [784, 310], [784, 336], [464, 336]], '코우 * 미즈노 , 코우 * 카미나기 틀', 0.5921680618696965), ([[472, 332], [788, 332], [788, 364], [472, 364]], '가지고 이야기름 풀어나가고 싶없', 0.4435250023293641), ([[492, 360], [766, 360], [766, 390], [492, 390]], '끝니다만 그렇계 되면 아무리', 0.416646745003179), ([[31, 344], [182, 344], [182, 432], [31, 432]], '낡다머', 0.011674343631133139), ([[478, 382], [772, 382], [772, 412], [478, 412]], '생각해도 타이망 오버. 2권때클', 0.30551403822160067), ([[464, 410], [776, 410], [776, 438], [464, 438]], '그리기에는 이미 늦어버]답니다', 0.33950244043853633), ([[476, 436], [560, 436], [560, 464], [476, 464]], '아, 안급', 0.2409742428095984), ([[578, 436], [626, 436], [626, 462], [578, 462]], '그럼', 0.9997025405027827), ([[634, 432], [771, 432], [771, 463], [634, 463]], '이제와저 하는', 0.6643712013662405), ([[458, 457], [775, 457], [775, 488], [458, 488]], '모리입니다만 , 이번 신작은 [폐가', 0.3977653573741732), ([[454, 483], [505, 483], [505, 513], [454, 513]], '폐인', 0.8991499715477762), ([[518, 484], [772, 484], [772, 512], [518, 512]], '동인지합니다. 라는 이유로', 0.45217993166869314), ([[472, 510], [602, 510], [602, 538], [472, 538]], '말씀해주세요', 0.4185151855331629), ([[608, 510], [764, 510], [764, 536], [608, 536]], '아뇨 - 오랜만에', 0.5127437709549081), ([[484, 532], [762, 532], [762, 564], [484, 564]], '멋진 로봇 애니데이면올 만남', 0.41542893763641775), ([[484, 560], [760, 560], [760, 588], [484, 588]], '음니다! 여러가지로 행각하게', 0.5650481667731386), ([[455, 582], [774, 582], [774, 612], [455, 612]], '해주는 의미로 보자면 에반계리온', 0.8130474290455801), ([[462, 610], [768, 610], [768, 640], [462, 640]], '이후 처음일지도. 고정적인 왕도', 0.6320628375998948), ([[492, 632], [746, 632], [746, 664], [492, 664]], '설정올 멋지게 그러년 인간', 0.46527531623250146), ([[458, 660], [778, 660], [778, 690], [458, 690]], '드라마가 뜻밖의 감동올 주는군요 .', 0.7000780489802759), ([[470, 684], [758, 684], [758, 712], [470, 712]], '아직 못 보신 분도 꼭 보섞으면', 0.6532796028089224), ([[476, 710], [758, 710], [758, 738], [476, 738]], '하는 짝품이합나다! 뭐 . 조금', 0.29465706641174544), ([[464, 732], [779, 732], [779, 765], [464, 765]], '메카 같은게 짙린다고 망각하미논', 0.12723383082942052), ([[458, 760], [780, 760], [780, 786], [458, 786]], '분들도 계미켓지만, 저에계능 이번', 0.1569220803566699), ([[478, 782], [774, 782], [774, 813], [478, 813]], '년도 로봇 애니데이면 최고봉이', 0.3734349698148552), ([[498, 810], [774, 810], [774, 836], [498, 836]], '아년가 하는 행각이 드는군요', 0.28108643811559647), ([[520, 834], [752, 834], [752, 864], [520, 864]], '그런 이유로 이 동인지름', 0.43784944173765705), ([[542, 860], [744, 860], [744, 886], [542, 886]], '보미고 원짝에 흥미름', 0.8001673395420933), ([[542, 884], [774, 884], [774, 914], [542, 914]], '가지게 되신 분은 반드미', 0.5650589084094293), ([[548, 910], [790, 910], [790, 940], [548, 940]], '꼭 한번 보미기 바람니다.', 0.49394329987588653), ([[546, 936], [660, 936], [660, 964], [546, 964]], '깨망다구요.', 0.23865698896437076), ([[17, 1157], [45, 1157], [45, 1171], [17, 1171]], '33', 0.9727045091341183), ([[40.12652114433654, 424.13795634330097], [124.46410989701988, 397.288812571514], [132.87347885566345, 422.86204365669903], [47.53589010298011, 450.711187428486]], '카미나기', 0.9989184737205505), ([[635.6750472251236, 980.745066115173], [704.2518603818487, 938.694077311754], [721.3249527748764, 973.254933884827], [652.7481396181513, 1014.305922688246]], '1231', 0.21939902007579803)]
[([[560, 157], [738, 157], [738, 232], [560, 232]], '꾸싸@@', 0.05382714420557022), ([[605, 230], [789, 230], [789, 286], [605, 286]], '예""_9버', 0.00019350216966001717), ([[11, 1159], [39, 1159], [39, 1175], [11, 1175]], '35', 0.9994866056994589)]
[([[62, 230], [232, 230], [232, 284], [62, 284]], '박싸_솔흡', 5.5879195838518855e-05), ([[135, 295], [155, 295], [155, 321], [135, 321]], '도', 0.22169867548037647), ([[771, 1153], [801, 1153], [801, 1171], [771, 1171]], '36', 0.9419631374655515), ([[48.03702140107718, 320.0665540877557], [252.91378483688752, 345.9047469565327], [241.9629785989228, 405.9334459122443], [37.0862151631125, 380.0952530434673]], '버3운$@', 0.0004710300376586363)]
[([[546, 654], [716, 654], [716, 706], [546, 706]], '}내솔9', 0.0007882462814450264)]
[([[594, 1063], [814, 1063], [814, 1172], [594, 1172]], '덕할네', 0.0017327899771737328), ([[27, 1167], [53, 1167], [53, 1181], [27, 1181]], '39', 0.9788529118191693), ([[608, 1152], [808, 1152], [808, 1190], [608, 1190]], '@신@)', 0.017305005341768265)]
[([[158, 1030], [656, 1030], [656, 1110], [158, 1110]], '72 서7--디좁컨', 0.00027133110900959143), ([[779, 1165], [807, 1165], [807, 1179], [779, 1179]], '40', 0.6175481478330489)]
[([[1, 53], [233, 53], [233, 143], [1, 143]], '엔랑글', 0.512133186091016), ([[3, 131], [237, 131], [237, 169], [3, 169]], '@신꺾', 0.00423312492474254), ([[4, 188], [250, 188], [250, 212], [4, 212]], '발행일 2006년 12월 31일 조판발행', 0.8851279767577178), ([[5, 207], [51, 207], [51, 227], [5, 227]], '발행원', 0.9957574951772258), ([[5, 225], [53, 225], [53, 245], [5, 245]], '발행까', 0.31143386820763125), ([[7, 347], [107, 347], [107, 367], [7, 367]], '인쇄 코신 술판', 0.4437426228486833), ([[769, 1161], [799, 1161], [799, 1177], [769, 1177]], '42', 0.9751838958457713)]
