450659
30
[([[224, 32], [574, 32], [574, 84], [224, 84]], '나---:', 0.00012816554374956048), ([[590, 32], [894, 32], [894, 82], [590, 82]], '9푸몽시-이-', 0.0005923700827398671), ([[770, 868], [1081, 868], [1081, 934], [770, 934]], "역자 어'드나이", 0.41091783530634857), ([[787, 921], [1061, 921], [1061, 987], [787, 987]], '식자 바하무트', 0.6823993194537823), ([[856, 1180], [1077, 1180], [1077, 1266], [856, 1266]], '{핵뇌@]@기', 9.583881729049915e-05), ([[1019, 1247], [1079, 1247], [1079, 1263], [1019, 1263]], '@@@무스줌', 0.003389363307827742), ([[61, 1271], [439, 1271], [439, 1409], [61, 1409]], '음 피 니도', 0.6433635692910604), ([[480, 1296], [860, 1296], [860, 1425], [480, 1425]], '[매 스거 테', 0.13256692096674325), ([[875, 1309], [1073, 1309], [1073, 1393], [875, 1393]], '이 도움', 0.05921697989106178), ([[168, 1444], [436, 1444], [436, 1546], [168, 1546]], '1 8 미', 0.05573167080239422), ([[564, 1440], [854, 1440], [854, 1540], [564, 1540]], '1(지 얼', 0.004558030524808771), ([[893, 1467], [1081, 1467], [1081, 1533], [893, 1533]], '성인양', 0.2989968127709121)]
[]
[([[41, 23], [248, 23], [248, 59], [41, 59]], '(출축판퇴닫< 3#문', 0.0020130105094181834), ([[44, 52], [230, 52], [230, 84], [44, 84]], '2011-05료음', 0.16047306177261988), ([[44, 78], [196, 78], [196, 110], [44, 110]], '초#우-자', 0.1041204695355748), ([[696, 1522], [826, 1522], [826, 1574], [696, 1574]], ';기트', 0.25194015032743805)]
[([[863, 49], [1055, 49], [1055, 85], [863, 85]], '[후축다 < 5#] 17', 0.005990040744578683), ([[868, 82], [1052, 82], [1052, 114], [868, 114]], '2011-12]음', 0.1076163874364643), ([[867, 111], [1019, 111], [1019, 147], [867, 147]], '축#구>자', 0.17543310330432327), ([[530.170867717451, 807.6221280326862], [609.2057311937277, 771.9665915557822], [619.829132282549, 799.3778719673138], [540.7942688062723, 835.0334084442178]], "'군", 0.030725211881168047), ([[483.07944680100655, 829.6953361612078], [542.4807795062086, 819.3130699357781], [546.9205531989934, 846.3046638387922], [487.5192204937914, 856.6869300642219]], '9', 0.6810144927860371)]
[([[39, 23], [234, 23], [234, 59], [39, 59]], '양춧국-지] 쓸픔', 0.00048649550389159195), ([[40, 52], [227, 52], [227, 84], [40, 84]], '201 -가기료웅', 0.17394440298526911), ([[43, 75], [195, 75], [195, 113], [43, 113]], '틈{다미유증', 0.002059578852630366), ([[688, 1524], [1066, 1524], [1066, 1576], [688, 1576]], '톤_-)무', 0.0902669330004823)]
[([[73, 53], [269, 53], [269, 91], [73, 91]], '스로물퇴치]쓸픔', 0.0021270425489857267), ([[74, 79], [367, 79], [367, 117], [74, 117]], '2011-08.095 삼 #름', 0.15415693781474027), ([[64, 106], [219, 106], [219, 144], [64, 144]], '초#하구=자', 0.13109037761361725), ([[16, 1526], [388, 1526], [388, 1580], [16, 1580]], '돌-', 0.03124933600130919), ([[654.2820418413822, 568.1333087875939], [709.9949173996615, 580.8575059000242], [705.7179581586178, 597.8666912124061], [650.0050826003385, 585.1424940999758]], '\' 1;5"', 0.03972557021991888)]
[([[35, 25], [229, 25], [229, 61], [35, 61]], "'최춧물-[트치]쓸픔", 0.0009864448395481141), ([[37, 51], [225, 51], [225, 87], [37, 87]], '2011-12]름', 0.1876354534552565), ([[38, 80], [188, 80], [188, 112], [38, 112]], '축#하구-자', 0.08294447746886568), ([[711, 1529], [1061, 1529], [1061, 1589], [711, 1589]], "'거다", 0.01729198913031658)]
[([[63, 77], [1077, 77], [1077, 189], [63, 189]], '(- 바어너-', 0.000362007854549783), ([[88, 182], [355, 182], [355, 220], [88, 220]], "' :: .", 0.05672193998284881), ([[92, 216], [196, 216], [196, 242], [92, 242]], '": ,', 0.41850826144218445), ([[260, 218], [348, 218], [348, 242], [260, 242]], ' : ;', 0.11821875721216202), ([[88, 240], [250, 240], [250, 268], [88, 268]], "' :'' ,", 0.200792061138114), ([[306, 242], [330, 242], [330, 266], [306, 266]], "'", 0.786111380537946), ([[51, 1521], [565, 1521], [565, 1585], [51, 1585]], '물기- 77지*0-쪽-', 0.0002541789641973696), ([[252.95805693252922, 239.18675371782888], [309.910427500436, 248.272393124891], [306.04194306747075, 271.8132462821711], [248.089572499564, 263.727606875109]], "'", 0.4807021770468545)]
[([[621, 69], [709, 69], [709, 153], [621, 153]], '9', 0.2891755814926569), ([[703, 34], [861, 34], [861, 229], [703, 229]], '군', 0.35882667933060475), ([[694, 192], [862, 192], [862, 674], [694, 674]], '정', 0.0633786588787757), ([[845, 19], [935, 19], [935, 697], [845, 697]], '[', 0.5158611099192036), ([[623, 981], [711, 981], [711, 1075], [623, 1075]], '팀', 0.04835343322800245), ([[800, 682], [936, 682], [936, 1259], [800, 1259]], '(', 0.045520294483126555), ([[910, 14], [1093, 14], [1093, 1600], [910, 1600]], '[', 0.07926031149558899), ([[618, 1460], [700, 1460], [700, 1536], [618, 1536]], '@', 0.34423188341623145), ([[697, 1305], [813, 1305], [813, 1569], [697, 1569]], '올', 0.2797868159623249), ([[811, 1349], [847, 1349], [847, 1541], [811, 1541]], '틈', 0.0315153050758854), ([[840, 1188], [927, 1188], [927, 1589], [840, 1589]], '물', 0.04855600603273502), ([[812, 1542], [844, 1542], [844, 1600], [812, 1600]], '문', 0.018816124501075615)]
[([[65, 119], [1025, 119], [1025, 377], [65, 377]], '손 ---', 0.0011896537325865161), ([[104, 428], [220, 428], [220, 458], [104, 458]], '더총 숫0촌', 0.0017089806695006868), ([[104, 476], [396, 476], [396, 506], [104, 506]], '<서(31 헤리,-거리금 <화.', 0.00031921099554842056), ([[102, 500], [410, 500], [410, 530], [102, 530]], ':*  *? . 냐*5 5 ! ! !', 0.04679833869989297), ([[101, 548], [280, 548], [280, 578], [101, 578]], '며벼굵:이~3 !', 0.01593934835926686), ([[102, 573], [345, 573], [345, 603], [102, 603]], '#소:**다(60 ( ;', 0.02103122821599375), ([[358, 574], [388, 574], [388, 600], [358, 600]], '버', 0.21064953098420247), ([[104, 622], [284, 622], [284, 652], [104, 652]], '"년른촌짝이트<', 0.0007449717448275801), ([[104, 670], [354, 670], [354, 700], [104, 700]], '우요0쪽  15 *03? !', 0.022742859412009413), ([[100, 718], [462, 718], [462, 750], [100, 750]], "':구 = 10/소요록:워논-#소", 0.008035560339323145), ([[102, 742], [354, 742], [354, 772], [102, 772]], '#이다 <6+097', 0.07474047560152355), ([[101, 789], [414, 789], [414, 822], [101, 822]], '셈문니 *6~? ! 561361<', 0.008623002222470946), ([[103, 813], [410, 813], [410, 846], [103, 846]], "스3신어'^>의<3*- !", 0.007917945375179244), ([[102, 862], [156, 862], [156, 892], [102, 892]], '유표', 0.5536361469320326), ([[167, 862], [461, 862], [461, 894], [167, 894]], '[니#표존# < 3<630*', 0.005170956831196816), ([[102, 888], [353, 888], [353, 918], [102, 918]], '호*0101310730', 0.04222985460558484), ([[104, 936], [526, 936], [526, 966], [104, 966]], '<0요돌그> (03 총 0((+(+5/0-', 0.002678660415886434), ([[102, 960], [327, 960], [327, 990], [102, 990]], '최1?3+0*0**', 0.004647034106738626), ([[100, 1008], [242, 1008], [242, 1038], [100, 1038]], '2 시0 다;.', 0.04563684591258909), ([[252, 1008], [542, 1008], [542, 1040], [252, 1040]], '유#총 <*?촌 56한1+*5', 0.007667293694920274), ([[102, 1031], [235, 1031], [235, 1059], [102, 1059]], '#(6규화 !', 0.028739913546143775), ([[702, 1422], [1036, 1422], [1036, 1500], [702, 1500]], '또깨', 0.00932520781252251), ([[47, 1511], [559, 1511], [559, 1577], [47, 1577]], '물기=|3자00-*--', 0.0013996330865563055), ([[303.101167723432, 530.0677069746514], [428.911952537753, 556.9758822375546], [415.898832276568, 607.9322930253486], [290.088047462247, 581.0241177624454]], '포춧업?', 0.03245985880494118)]
[([[824, 282], [852, 282], [852, 312], [824, 312]], '부', 0.3953490066972023), ([[714, 304], [814, 304], [814, 639], [714, 639]], '#', 0.010785707598209238), ([[849, 15], [939, 15], [939, 687], [849, 687]], '~', 0.02873656750273157), ([[822, 684], [850, 684], [850, 762], [822, 762]], '~', 0.03238899572365028), ([[721, 1052], [805, 1052], [805, 1357], [721, 1357]], '7', 0.05468802588297095), ([[825, 933], [843, 933], [843, 977], [825, 977]], "'", 0.07691957219503909), ([[850, 710], [940, 710], [940, 1157], [850, 1157]], "'", 0.19175270962387003), ([[913, 9], [1099, 9], [1099, 1600], [913, 1600]], "'", 0.16298932615785944), ([[822, 1344], [848, 1344], [848, 1416], [822, 1416]], '공', 0.06167590639762488), ([[838, 1176], [937, 1176], [937, 1581], [838, 1581]], '"', 0.9253631766857815)]
[([[728, 55], [1035, 55], [1035, 190], [728, 190]], '4구-입', 0.10513617175159122), ([[111, 211], [193, 211], [193, 249], [111, 249]], '까악!?', 0.34763678908348083), ([[590, 371], [719, 371], [719, 422], [590, 422]], '으으음"', 0.9213258028030396), ([[775, 367], [871, 367], [871, 405], [775, 405]], '어머어머', 0.9972670674324036), ([[741, 399], [905, 399], [905, 437], [741, 437]], '성급하시네요 ', 0.8494233507659765), ([[582, 416], [728, 416], [728, 466], [582, 466]], '#붐 합짝', 0.017233578902633905), ([[775, 431], [871, 431], [871, 467], [775, 467]], '몸가짐올', 0.48545658588409424), ([[603, 467], [703, 467], [703, 509], [603, 509]], '활짝 ', 0.2760725350070915), ([[748, 458], [897, 458], [897, 499], [748, 499]], '바로하는 것은', 0.9324519660456085), ([[762, 496], [888, 496], [888, 528], [762, 528]], '신사의 소양', 0.8058356220378964), ([[767, 525], [879, 525], [879, 563], [767, 563]], '아뇨가요?', 0.5273323192071692), ([[587, 649], [697, 649], [697, 823], [587, 823]], '병', 0.06502274810833342), ([[982, 872], [1060, 872], [1060, 962], [982, 962]], '쭉중', 0.03288519870631368), ([[576, 1032], [602, 1032], [602, 1064], [576, 1064]], '양', 0.9932688878334375), ([[575, 1061], [625, 1061], [625, 1097], [575, 1097]], '조금', 0.9999930036303156), ([[556, 1092], [642, 1092], [642, 1122], [556, 1122]], '쓰네요" \'', 0.4824995244198088), ([[561, 1121], [639, 1121], [639, 1157], [561, 1157]], '이런 걸', 0.544257413689158), ([[79, 1072], [179, 1072], [179, 1291], [79, 1291]], '터', 0.0972508756837307), ([[551, 1178], [647, 1178], [647, 1217], [551, 1217]], '하다니 ', 0.6799011826515198), ([[576, 1152], [624, 1152], [624, 1184], [576, 1184]], '활게', 0.6535419567017641), ([[576, 1212], [624, 1212], [624, 1244], [576, 1244]], '꿀욕', 0.1700934155397008), ([[566, 1242], [634, 1242], [634, 1274], [566, 1274]], '이에요', 0.9976638085031819), ([[221.07887685438948, 1329.0386345672348], [303.62453882174646, 1314.6143022223034], [325.9211231456105, 1469.9613654327652], [244.37546117825352, 1484.3856977776966]], '표', 0.12645530197034205)]
[([[706, 84], [752, 84], [752, 114], [706, 114]], '음란', 0.9452693535430836), ([[116, 122], [140, 122], [140, 156], [116, 156]], '슈', 0.5158497224887384), ([[676, 112], [782, 112], [782, 142], [676, 142]], '세실리야장', 0.5597015910479596), ([[690, 138], [762, 138], [762, 164], [690, 164]], '내 자9', 0.4704631338676318), ([[113, 155], [165, 155], [165, 193], [113, 193]], '#움', 0.30069521755707607), ([[672, 164], [784, 164], [784, 194], [672, 194]], '잔뜩 빨아서', 0.9497232073594745), ([[829, 143], [885, 143], [885, 181], [829, 181]], '후음', 0.9205631638335692), ([[116, 192], [156, 192], [156, 224], [116, 224]], '{딱', 0.06682923690749755), ([[678, 188], [780, 188], [780, 218], [678, 218]], '가게 해쥐!', 0.8393354133513371), ([[813, 179], [899, 179], [899, 215], [813, 215]], '아름! ?', 0.7444772852080672), ([[698, 216], [782, 216], [782, 246], [698, 246]], '입보지로', 0.8469411951072292), ([[140, 468], [220, 468], [220, 614], [140, 614]], '꼴', 0.020716652201244523), ([[491, 475], [581, 475], [581, 621], [491, 621]], '칠', 0.006363691331939203), ([[98, 718], [146, 718], [146, 746], [98, 746]], '아아', 0.9993326277509768), ([[108, 746], [150, 746], [150, 772], [108, 772]], '보이', 0.15960777933414683), ([[253, 685], [313, 685], [313, 799], [253, 799]], '@', 0.020364523784094368), ([[90, 770], [174, 770], [174, 802], [90, 802]], '질척질척', 0.4665054380893707), ([[104, 796], [158, 796], [158, 824], [104, 824]], '하네!', 0.9553496504778952), ([[76, 822], [166, 822], [166, 852], [76, 852]], '문가 나오', 0.5524682282711109), ([[98, 852], [164, 852], [164, 880], [98, 880]], '있는데', 0.3557874229623798), ([[104, 876], [158, 876], [158, 904], [104, 904]], '이거!', 0.6606562232189805), ([[568, 834], [640, 834], [640, 936], [568, 936]], '간', 0.02347837697138644), ([[396, 906], [428, 906], [428, 944], [396, 944]], '음', 0.06299088046563739), ([[347, 943], [475, 943], [475, 983], [347, 983]], '으으으움!', 0.7079596448974494), ([[351, 983], [475, 983], [475, 1027], [351, 1027]], '으급 #움', 0.3244284368663781), ([[343, 1023], [437, 1023], [437, 1067], [343, 1067]], '후우움', 0.9258475926983938), ([[150, 1128], [178, 1128], [178, 1202], [150, 1202]], '움', 0.8991074056186932), ([[984, 1186], [1054, 1186], [1054, 1214], [984, 1214]], '자 자!', 0.9621325105477521), ([[988, 1214], [1048, 1214], [1048, 1246], [988, 1246]], '좀 더', 0.5957758026660557), ([[982, 1244], [1056, 1244], [1056, 1276], [982, 1276]], '강하게', 0.9935596158724586), ([[972, 1274], [1064, 1274], [1064, 1306], [972, 1306]], '스트로크', 0.985306978225708), ([[978, 1304], [1060, 1304], [1060, 1336], [978, 1336]], '하라고', 0.9970463186427949), ([[82, 1322], [164, 1322], [164, 1348], [82, 1348]], '오~ 자9', 0.45814926628692715), ([[82, 1348], [168, 1348], [168, 1378], [82, 1378]], '당으니까', 0.876137375831604), ([[963, 1331], [1073, 1331], [1073, 1367], [963, 1367]], '좋아하지?', 0.9867129822433374), ([[92, 1374], [158, 1374], [158, 1402], [92, 1402]], '갑자기', 0.9996061219692474), ([[982, 1364], [1054, 1364], [1054, 1396], [982, 1396]], '우주주', 0.9369620930248101), ([[78, 1400], [170, 1400], [170, 1430], [78, 1430]], '표웃 유웃', 0.08664626373357773), ([[72, 1426], [158, 1426], [158, 1456], [72, 1456]], '나오는데', 0.9129778742790222), ([[98, 1452], [152, 1452], [152, 1482], [98, 1482]], '야해!', 0.8325490318388639), ([[13, 1557], [37, 1557], [37, 1577], [13, 1577]], '20', 0.9999733632956482), ([[124.67926818164894, 55.01719408933514], [151.2898990521782, 50.01403976256445], [169.32073181835105, 153.98280591066487], [142.7101009478218, 158.98596023743556]], '%', 0.1392914085294059), ([[971.6080523746393, 169.00640266396383], [1056.8499310914003, 153.03013712944585], [1117.3919476253607, 498.9935973360362], [1031.1500689085997, 514.9698628705542]], '"', 0.10095391190942848), ([[460.1911248646676, 632.0658616744723], [501.34482365811226, 638.2835292687641], [489.8088751353324, 702.9341383255277], [449.65517634188774, 695.7164707312359]], "''", 0.041174378610615965), ([[502.53982100669157, 1175.0176730869905], [552.6832815729997, 1180.6334368540006], [538.4601789933084, 1316.9823269130095], [487.31671842700024, 1311.3665631459994]], '"', 0.40940774351271614)]
[([[886, 138], [1010, 138], [1010, 190], [886, 190]], '음하아', 0.9632095324449301), ([[884, 194], [1012, 194], [1012, 248], [884, 248]], '아아아', 0.9810303646564761), ([[904, 252], [992, 252], [992, 300], [904, 300]], '아아', 0.999794666729047), ([[297, 267], [411, 267], [411, 427], [297, 427]], '@', 0.009597375196790381), ([[811, 305], [991, 305], [991, 397], [811, 397]], '\'섞어 아양"', 0.05791430019698571), ([[79, 379], [129, 379], [129, 423], [79, 423]], '자,', 0.5652666503888526), ([[819, 389], [893, 389], [893, 425], [819, 425]], '으우우', 0.6756297814803734), ([[51, 421], [155, 421], [155, 465], [51, 465]], '여기도', 0.9999525105454414), ([[819, 425], [895, 425], [895, 463], [819, 463]], '우우움', 0.9936726679775939), ([[51, 465], [154, 465], [154, 509], [51, 509]], '저기도', 0.9979603290557861), ([[67, 509], [137, 509], [137, 551], [67, 551]], '자0', 0.36500937164070646), ([[34, 549], [171, 549], [171, 597], [34, 597]], '투성이로', 0.9775124192237854), ([[50, 594], [156, 594], [156, 642], [50, 642]], '해출게', 0.362682547178284), ([[65, 641], [139, 641], [139, 683], [65, 683]], '자지', 0.9999772407776616), ([[24, 682], [184, 682], [184, 730], [24, 730]], '좋아요?', 0.9955007433891296), ([[52, 725], [155, 725], [155, 773], [52, 773]], '우주주', 0.7823801945211405), ([[797, 873], [853, 873], [853, 982], [797, 982]], '7', 0.12795983694611213), ([[176, 1202], [261, 1202], [261, 1386], [176, 1386]], '!', 0.008512283489547967), ([[915, 1263], [983, 1263], [983, 1307], [915, 1307]], '으은', 0.3181322634050039), ([[916, 1306], [986, 1306], [986, 1358], [916, 1358]], '으흡', 0.7807779730700816), ([[897, 1352], [1005, 1352], [1005, 1408], [897, 1408]], '음주품', 0.14370021925487844), ([[153, 1367], [219, 1367], [219, 1501], [153, 1501]], '곁', 0.006648278860169832), ([[788, 1410], [874, 1410], [874, 1460], [788, 1460]], '응히', 0.9895189821359625), ([[756, 1468], [898, 1468], [898, 1518], [756, 1518]], '아양  !', 0.5389164271882801), ([[16, 1498], [70, 1498], [70, 1592], [16, 1592]], '8', 0.17568004770869639), ([[871.2891314594269, 1089.0854389836506], [892.4428556867581, 1076.0328668987208], [927.7108685405731, 1135.9145610163494], [907.5571443132419, 1148.9671331012792]], '프', 0.036031227555375134)]
[([[985, 117], [1061, 117], [1061, 157], [985, 157]], '그러면', 0.9999290412309101), ([[998, 154], [1050, 154], [1050, 186], [998, 186]], '소개', 0.9999940994463072), ([[959, 183], [1087, 183], [1087, 223], [959, 223]], '하켓습니다', 0.5933410305775338), ([[983, 219], [1061, 219], [1061, 257], [983, 257]], '사흘르', 0.6360782381664387), ([[967, 249], [1079, 249], [1079, 289], [967, 289]], '양입니다!', 0.4387651066189539), ([[939, 549], [975, 549], [975, 597], [939, 597]], '내', 0.7999949695204158), ([[175, 645], [235, 645], [235, 685], [175, 685]], '이미', 0.9999399834152334), ([[145, 679], [265, 679], [265, 723], [145, 723]], '잔뜩 애틀', 0.7062439207215263), ([[137, 717], [273, 717], [273, 759], [137, 759]], '태워낚으니', 0.10288222309875537), ([[149, 755], [261, 755], [261, 797], [149, 797]], '준비완로', 0.3533349335193634), ([[149, 791], [259, 791], [259, 835], [149, 835]], '탑니다 0', 0.17400578069297293), ([[746, 864], [852, 864], [852, 914], [746, 914]], '대부수', 0.03218114767491613), ([[96, 1012], [170, 1012], [170, 1044], [96, 1044]], '하희]?', 0.4503607451915741), ([[264, 1024], [334, 1024], [334, 1056], [264, 1056]], '크크크', 0.9448679329214816), ([[389, 1019], [489, 1019], [489, 1057], [389, 1057]], '저,  저기', 0.2198787040430495), ([[87, 1041], [179, 1041], [179, 1077], [87, 1077]], '시, 심어', 0.8445351191306409), ([[286, 1054], [334, 1054], [334, 1086], [286, 1086]], '그럼', 0.999929952656356), ([[411, 1055], [469, 1055], [469, 1091], [411, 1091]], '여긴', 0.9574451130609356), ([[108, 1072], [158, 1072], [158, 1102], [108, 1102]], '이거', 0.9990542714613416), ([[258, 1084], [364, 1084], [364, 1116], [258, 1116]], '빨리 먹어', 0.9936054705308299), ([[397, 1085], [483, 1085], [483, 1125], [397, 1125]], '어디야', 0.9998026798556747), ([[516, 1062], [592, 1062], [592, 1114], [516, 1114]], '무엇', 0.2247285823027192), ([[93, 1099], [173, 1099], [173, 1135], [93, 1135]], '그런 !', 0.9822346944888464), ([[264, 1114], [316, 1114], [316, 1146], [264, 1146]], '볼가', 0.1640868603813061), ([[391, 1117], [487, 1117], [487, 1159], [391, 1159]], '이런 짓', 0.98069123638782), ([[399, 1155], [457, 1155], [457, 1193], [399, 1193]], '그만', 0.9999957010241584), ([[927, 1445], [1083, 1445], [1083, 1487], [927, 1487]], '자아; 마음껏', 0.6371229652008515), ([[935, 1483], [1075, 1483], [1075, 1525], [935, 1525]], '드서주서도', 0.9914870080126383), ([[13, 1541], [39, 1541], [39, 1561], [13, 1561]], '24', 0.9575170009435054), ([[916, 1519], [1065, 1519], [1065, 1564], [916, 1564]], '된답니다    ', 0.32429541381225996), ([[1075, 1527], [1091, 1527], [1091, 1555], [1075, 1555]], '?', 0.9974595965746289), ([[268.4290466368775, 1244.0327057408344], [307.4257980013123, 1229.0181633846464], [348.5709533631225, 1340.9672942591656], [308.5742019986877, 1355.9818366153536]], '속', 0.002741824163550302)]
[([[946, 86], [994, 86], [994, 118], [946, 118]], '하아:', 0.7126918867141759), ([[942, 114], [966, 114], [966, 144], [942, 144]], '옷', 0.9998447955275793), ([[972, 116], [996, 116], [996, 140], [972, 140]], '빠', 0.9973868536013732), ([[948, 140], [990, 140], [990, 170], [948, 170]], '밭면', 0.7613651745623911), ([[4, 194], [52, 194], [52, 304], [4, 304]], '태', 0.036324579966308335), ([[278, 624], [310, 624], [310, 658], [278, 658]], '아', 0.9996383517187866), ([[253, 655], [317, 655], [317, 691], [253, 691]], '아아', 0.9998765962578385), ([[243, 687], [329, 687], [329, 723], [243, 723]], "싫어어'", 0.19364283978939056), ([[152, 736], [188, 736], [188, 766], [152, 766]], '구,', 0.9186808700049073), ([[253, 719], [331, 719], [331, 755], [253, 755]], '느끼고', 0.9680038213150278), ([[133, 763], [209, 763], [209, 801], [133, 801]], '구해쥐', 0.6595962575105471), ([[267, 751], [321, 751], [321, 787], [267, 787]], '싶지', 0.4002664859987884), ([[109, 795], [211, 795], [211, 833], [109, 833]], '구해쥐어', 0.6047549843788147), ([[253, 779], [313, 779], [313, 819], [253, 819]], '않아:', 0.4015846027899303), ([[131, 827], [211, 827], [211, 863], [131, 863]], '이지카', 0.9923374703931456), ([[139, 859], [205, 859], [205, 895], [139, 895]], '아!', 0.9945248886235415), ([[405, 859], [473, 859], [473, 903], [405, 903]], '아히', 0.9301107778365829), ([[635, 783], [751, 783], [751, 953], [635, 953]], '셋', 0.5720978431500043), ([[391, 899], [487, 899], [487, 941], [391, 941]], '이이이', 0.9954697675548274), ([[378, 935], [500, 935], [500, 979], [378, 979]], '이이이이', 0.9817854762077332), ([[869, 939], [927, 939], [927, 975], [869, 975]], '옷호', 0.9950169976180495), ([[223, 979], [305, 979], [305, 1015], [223, 1015]], '뭐야 -', 0.3958338797092438), ([[381, 975], [449, 975], [449, 1017], [381, 1017]], '이이:', 0.41170126009068625), ([[883, 973], [967, 973], [967, 1011], [883, 1011]], '조인다', 0.9385861697503526), ([[225, 1011], [319, 1011], [319, 1049], [225, 1049]], '이럴 때', 0.3615087589522472), ([[892, 1008], [958, 1008], [958, 1040], [892, 1040]], '조여!', 0.8910504105285681), ([[243, 1045], [299, 1045], [299, 1083], [243, 1083]], '다른', 0.9998951402512412), ([[869, 1035], [977, 1035], [977, 1077], [869, 1077]], '엄청나게', 0.9961774945259094), ([[231, 1079], [311, 1079], [311, 1117], [231, 1117]], '남자의', 0.9998964871426114), ([[895, 1073], [951, 1073], [951, 1109], [895, 1109]], '보0', 0.6348611791577126), ([[229, 1113], [311, 1113], [311, 1149], [229, 1149]], '이름올', 0.875392876659633), ([[857, 1107], [941, 1107], [941, 1143], [857, 1143]], '박박해', 0.3277380567781421), ([[230, 1143], [312, 1143], [312, 1183], [230, 1183]], '부르는', 0.7675518910658529), ([[830, 1160], [862, 1160], [862, 1190], [830, 1190]], '자', 0.9999862909786863), ([[238, 1180], [308, 1180], [308, 1212], [238, 1212]], '거야?', 0.9997218124512837), ([[799, 1191], [889, 1191], [889, 1227], [799, 1227]], '간다 !', 0.751484215259552), ([[399, 1327], [443, 1327], [443, 1369], [399, 1369]], '거;', 0.7911672345887049), ([[887, 1255], [1023, 1255], [1023, 1415], [887, 1415]], '재', 0.3154257916108385), ([[4, 1382], [62, 1382], [62, 1414], [4, 1414]], '아아:', 0.7382519450774624), ([[218, 1388], [248, 1388], [248, 1420], [218, 1420]], '아;', 0.8621713453871388), ([[377, 1367], [473, 1367], [473, 1411], [377, 1411]], '거짓마', 0.37830890987575144), ([[2, 1434], [75, 1434], [75, 1471], [2, 1471]], '아아앗', 0.7080464598074421), ([[5, 1409], [73, 1409], [73, 1445], [5, 1445]], '으그욕', 0.568875504159996), ([[210, 1416], [260, 1416], [260, 1448], [210, 1448]], '아냐', 0.9960329895091905), ([[390, 1406], [460, 1406], [460, 1454], [390, 1454]], '심어', 0.9716335133202579), ([[879, 1381], [991, 1381], [991, 1491], [879, 1491]], '넷', 0.24672082650639382), ([[210, 1444], [252, 1444], [252, 1472], [210, 1472]], '아', 0.9999123830914449), ([[376, 1446], [472, 1446], [472, 1494], [376, 1494]], '심다구', 0.9975551678557016), ([[368, 1486], [480, 1486], [480, 1534], [368, 1534]], '이런거!', 0.5583259463310242), ([[30.555340310127473, 341.0198114734277], [66.6449725577573, 335.04177346224077], [85.44465968987252, 462.9801885265723], [49.3550274422427, 467.95822653775923]], '3', 0.7633313157788422), ([[649.3344889549734, 390.0317078814858], [702.434801346941, 411.5840479125854], [633.6655110450266, 581.9682921185142], [580.565198653059, 560.4159520874147]], '8', 0.09045989463652404), ([[825.5253021940113, 827.018807644542], [876.1549325852253, 835.8964325827237], [852.4746978059887, 964.981192355458], [801.8450674147747, 956.1035674172763]], '탑', 0.014707757612896444)]
[([[324, 48], [372, 48], [372, 80], [324, 80]], '어머', 0.9992797020696115), ([[312, 80], [382, 80], [382, 112], [312, 112]], '의외로', 0.9999962145976122), ([[981, 85], [1043, 85], [1043, 125], [981, 125]], '하앗', 0.7008381855615118), ([[319, 107], [374, 107], [374, 148], [319, 148]], '열심', 0.9986563701276967), ([[299, 141], [391, 141], [391, 177], [299, 177]], '이군요: ', 0.5319960257411754), ([[927, 179], [987, 179], [987, 219], [927, 219]], '아양', 0.790236873705401), ([[216, 250], [285, 250], [285, 286], [216, 286]], '하지만', 0.9996971050531483), ([[219, 279], [285, 279], [285, 315], [219, 315]], '경험이', 0.9992133658224639), ([[217, 307], [285, 307], [285, 343], [217, 343]], '풍부한', 0.9896779694146085), ([[197, 334], [303, 334], [303, 371], [197, 371]], '남자분들의', 0.9995259362975313), ([[218, 366], [284, 366], [284, 398], [218, 398]], '공격에', 0.9994060594381013), ([[215, 391], [287, 391], [287, 427], [215, 427]], '견달 수', 0.7489843717097986), ([[204, 422], [298, 422], [298, 454], [204, 454]], '있나요 ?', 0.9138340197893953), ([[938, 556], [992, 556], [992, 588], [938, 588]], '하아', 0.9999511100057761), ([[938, 586], [992, 586], [992, 618], [938, 618]], '하아', 0.999938634740056), ([[925, 613], [1003, 613], [1003, 649], [925, 649]], '하아아', 0.9995742575055102), ([[962, 644], [986, 644], [986, 674], [962, 674]], '욕', 0.9100975692575872), ([[131, 969], [191, 969], [191, 1005], [131, 1005]], "아'", 0.8398879247530918), ([[566, 974], [612, 974], [612, 1006], [566, 1006]], '아~', 0.9999067420092292), ([[109, 1005], [217, 1005], [217, 1045], [109, 1045]], '어라" ?', 0.31192446944956936), ([[559, 1007], [619, 1007], [619, 1045], [559, 1045]], '계속', 0.9999798538658501), ([[103, 1039], [219, 1039], [219, 1083], [103, 1083]], '움직일수', 0.9797359704971313), ([[545, 1039], [632, 1039], [632, 1082], [545, 1082]], '허리블', 0.07789730554010126), ([[131, 1077], [193, 1077], [193, 1119], [131, 1119]], '엇게', 0.07228752866992579), ([[450, 1094], [480, 1094], [480, 1128], [450, 1128]], '좀', 0.9996660034637586), ([[519, 1073], [657, 1073], [657, 1117], [519, 1117]], '흔들없터니', 0.5167711043283775), ([[103, 1113], [205, 1113], [205, 1157], [103, 1157]], "되없어:'", 0.42302094120324446), ([[427, 1127], [503, 1127], [503, 1165], [427, 1165]], '쉬자~', 0.9751502543642965), ([[537, 1113], [641, 1113], [641, 1151], [537, 1151]], '지청어~', 0.5787941217422485), ([[42, 1286], [154, 1286], [154, 1318], [42, 1318]], "아 아'", 0.8903685520716472), ([[663, 1289], [765, 1289], [765, 1325], [663, 1325]], '하지만  .', 0.5619758459843184), ([[59, 1317], [141, 1317], [141, 1353], [59, 1353]], '밑가가', 0.4913143878646599), ([[657, 1321], [771, 1321], [771, 1357], [657, 1357]], '원지 몹이', 0.2127502534248424), ([[933, 1303], [997, 1303], [997, 1343], [933, 1343]], '아아', 0.999911071307832), ([[30, 1345], [167, 1345], [167, 1386], [30, 1386]], '부족해애:  !', 0.6053019809443686), ([[653, 1353], [763, 1353], [763, 1391], [653, 1391]], '근질근질.', 0.16418860879491742), ([[963, 1341], [1015, 1341], [1015, 1381], [963, 1381]], '으으', 0.9223632747980065), ([[688, 1386], [742, 1386], [742, 1418], [688, 1418]], '해서', 0.9998417843968176), ([[962, 1376], [992, 1376], [992, 1414], [962, 1414]], '웃', 0.40815244088031477), ([[564, 1448], [614, 1448], [614, 1480], [564, 1480]], '아아', 0.999872044565764), ([[554, 1476], [620, 1476], [620, 1506], [554, 1506]], '아 욕', 0.9051303525376654), ([[564, 1504], [614, 1504], [614, 1536], [564, 1536]], '하아', 0.9997147620457405), ([[554, 1532], [604, 1532], [604, 1564], [554, 1564]], '하아:', 0.9264667516695745), ([[18.411651594585447, 234.05825797292724], [42.42426406871193, 224.0301515190165], [68.58834840541455, 289.94174202707273], [44.57573593128807, 299.9698484809835]], '용', 0.4800488776600673)]
[([[845, 77], [927, 77], [927, 115], [845, 115]], '아하아', 0.9990490296294277), ([[882, 110], [912, 110], [912, 146], [882, 146]], '양', 0.9919817892010521), ([[851, 141], [937, 141], [937, 177], [851, 177]], "좀 더 '", 0.645396978964137), ([[841, 173], [931, 173], [931, 209], [841, 209]], "좀 더어'", 0.5743855061605386), ([[869, 205], [925, 205], [925, 241], [869, 241]], '깊이', 0.7867332967613225), ([[841, 235], [921, 235], [921, 273], [841, 273]], '와주어:', 0.5053663849830627), ([[328, 278], [378, 278], [378, 350], [328, 350]], '@', 0.34414697953355144), ([[41, 409], [149, 409], [149, 445], [41, 445]], '아앗 으움', 0.8331509948154241), ([[60, 442], [134, 442], [134, 474], [60, 474]], '이렇게', 0.4716238415813951), ([[31, 468], [161, 468], [161, 506], [31, 506]], '기분 중은거', 0.6023056117792431), ([[37, 499], [141, 499], [141, 535], [37, 535]], '처음이야', 0.9236140847206116), ([[224, 654], [314, 654], [314, 686], [224, 686]], '아 아아', 0.9523159752988325), ([[217, 683], [307, 683], [307, 719], [217, 719]], '아아아', 0.9888335333014825), ([[359, 669], [401, 669], [401, 721], [359, 721]], '넷', 0.03493151708264808), ([[217, 715], [299, 715], [299, 751], [217, 751]], '가버려;', 0.34542015194892883), ([[213, 745], [325, 745], [325, 781], [213, 781]], '나 가버려', 0.9665275553350319), ([[231, 779], [307, 779], [307, 815], [231, 815]], '어어어', 0.9998368853108743), ([[439, 1035], [543, 1035], [543, 1071], [439, 1071]], '아아아" 여', 0.26997206041936966), ([[472, 1070], [530, 1070], [530, 1102], [472, 1102]], '꽤나', 0.9483212541796924), ([[439, 1099], [563, 1099], [563, 1135], [439, 1135]], '적극적으로', 0.9988904509764203), ([[474, 1132], [528, 1132], [528, 1164], [474, 1164]], '허리', 0.9933350993964846), ([[87, 1161], [151, 1161], [151, 1197], [87, 1197]], '아아', 0.9999800224522535), ([[439, 1161], [565, 1161], [565, 1199], [439, 1199]], '흔들잡아 "', 0.40291518503654583), ([[59, 1195], [201, 1195], [201, 1231], [59, 1231]], '나도 간다"', 0.9879392830702137), ([[89, 1229], [169, 1229], [169, 1265], [89, 1265]], '질내에', 0.9920647258192691), ([[87, 1261], [169, 1261], [169, 1299], [87, 1299]], '정액올', 0.9727289507295901), ([[101, 1295], [157, 1295], [157, 1331], [101, 1331]], '잔뜩', 0.9997606142935226), ([[59, 1327], [193, 1327], [193, 1365], [59, 1365]], '채워줄게"!', 0.5346131102181145), ([[449, 1372], [529, 1372], [529, 1411], [449, 1411]], '이래선', 0.9942733033701912), ([[958, 1390], [1008, 1390], [1008, 1422], [958, 1422]], '하앗', 0.32927132659129216), ([[429, 1405], [551, 1405], [551, 1443], [429, 1443]], '금방이라도', 0.999646320709363), ([[605, 1411], [657, 1411], [657, 1447], [605, 1447]], '아양', 0.8623023417031767), ([[321, 1389], [381, 1389], [381, 1531], [321, 1531]], '경', 0.005166949383264063), ([[411, 1437], [467, 1437], [467, 1473], [411, 1473]], '진한', 0.9919470908401345), ([[421, 1469], [523, 1469], [523, 1505], [421, 1505]], '임신시길', 0.9866843819618225), ([[467, 1437], [567, 1437], [567, 1473], [467, 1473]], '정액으로', 0.9905422329902649), ([[526, 1472], [556, 1472], [556, 1504], [526, 1504]], '것', 0.9995893661611923), ([[4, 1494], [114, 1494], [114, 1526], [4, 1526]], '자 간닷 ', 0.9111659975536692), ([[439, 1501], [541, 1501], [541, 1537], [439, 1537]], '같아아 ', 0.4784087836742401), ([[5, 1523], [113, 1523], [113, 1559], [5, 1559]], '간다앗 !', 0.5628630326853363), ([[866, 1520], [920, 1520], [920, 1552], [866, 1552]], '아앗', 0.8329663339366106), ([[1071, 1551], [1093, 1551], [1093, 1565], [1071, 1565]], '왜', 0.07957747981631602), ([[186.37747643417845, 11.027736062798768], [244.35774900470273, 6.409019827762845], [253.62252356582155, 136.97226393720123], [195.64225099529727, 142.59098017223715]], '입', 0.007854636071215282), ([[228.127036057031, 254.06384518781087], [275.455213750218, 242.179144999128], [296.87296394296897, 333.9361548121891], [249.544786249782, 345.820855000872]], '셋', 0.004441913064590075), ([[882.2379464145386, 620.0264283693555], [963.4611628478107, 595.0974772124898], [1015.7620535854614, 785.9735716306445], [934.5388371521893, 810.9025227875102]], '집', 0.03360498797305511), ([[890.6473957108116, 1337.015571532171], [923.5201361472008, 1333.0339618775943], [939.3526042891884, 1457.984428467829], [906.4798638527992, 1462.9660381224057]], '{', 0.0017397126422352138), ([[152.31497009166017, 1435.0261082007482], [221.9159367738452, 1428.4854646203719], [235.68502990833983, 1583.9738917992518], [166.0840632261548, 1591.5145353796281]], '@', 0.16757299191836328)]
[([[996, 182], [1038, 182], [1038, 214], [996, 214]], '아', 0.9996632621098946), ([[998, 212], [1028, 212], [1028, 250], [998, 250]], '또', 0.9997567086394987), ([[995, 245], [1053, 245], [1053, 281], [995, 281]], '자지', 0.9999870187953367), ([[985, 279], [1059, 279], [1059, 317], [985, 317]], '냄새: ', 0.5719561576843262), ([[879, 323], [961, 323], [961, 361], [879, 361]], '음슈유', 0.18150200861620827), ([[887, 361], [949, 361], [949, 399], [887, 399]], '음 움', 0.31285694663047614), ([[889, 395], [947, 395], [947, 435], [889, 435]], '#붐', 0.01374426928671474), ([[877, 433], [933, 433], [933, 473], [877, 473]], '휴흡', 0.009290735040650935), ([[297, 602], [380, 602], [380, 646], [297, 646]], '용추습;', 0.06259017437696457), ([[967, 597], [1035, 597], [1035, 633], [967, 633]], '자아;', 0.5395331120822564), ([[323, 639], [379, 639], [379, 677], [323, 677]], '으움', 0.2966159631549688), ([[959, 631], [1047, 631], [1047, 669], [959, 669]], '사르장', 0.9964265410673242), ([[288, 667], [401, 667], [401, 707], [288, 707]], '기다려어:;', 0.5275158827940066), ([[942, 662], [1055, 662], [1055, 705], [942, 705]], '기다리면', 0.22352494299411774), ([[959, 703], [1041, 703], [1041, 739], [959, 739]], '자이논', 0.16566003111402128), ([[957, 737], [1041, 737], [1041, 773], [957, 773]], '아직도', 0.999897863633956), ([[971, 771], [1031, 771], [1031, 809], [971, 809]], '잔뜩', 0.9998971632384335), ([[957, 803], [1043, 803], [1043, 845], [957, 845]], '있다고', 0.9992836984152771), ([[129, 839], [195, 839], [195, 913], [129, 913]], '백', 0.36743621413285155), ([[1014, 1086], [1104, 1086], [1104, 1118], [1014, 1118]], '순서대로', 0.9994604587554932), ([[753, 1079], [815, 1079], [815, 1197], [753, 1197]], '센', 0.005263643942439666), ([[1006, 1142], [1102, 1142], [1102, 1174], [1006, 1174]], '테니까아:', 0.8982144280829709), ([[1034, 1116], [1082, 1116], [1082, 1148], [1034, 1148]], '해줄', 0.666230932009038), ([[1012, 1167], [1086, 1167], [1086, 1205], [1012, 1205]], '음주움:', 0.5796271562576294), ([[1024, 1198], [1094, 1198], [1094, 1230], [1024, 1230]], '음주우', 0.8971184533182355), ([[1011, 1225], [1081, 1225], [1081, 1261], [1011, 1261]], '우우움:', 0.8867830038070679), ([[197, 1383], [289, 1383], [289, 1425], [197, 1425]], '맛 양0', 0.41861257897977366), ([[909, 1385], [1079, 1385], [1079, 1421], [909, 1421]], '내 자0 때문에', 0.5680800366895994), ([[200, 1418], [287, 1418], [287, 1458], [200, 1458]], '자0가', 0.4634239673614502), ([[943, 1417], [1047, 1417], [1047, 1453], [943, 1453]], '사르장의', 0.9990723729133606), ([[155, 1451], [333, 1451], [333, 1491], [155, 1491]], '바; 박혀서어: ', 0.6186898652021042), ([[820, 1460], [862, 1460], [862, 1484], [820, 1484]], '자0', 0.541255041487485), ([[954, 1450], [1036, 1450], [1036, 1482], [954, 1482]], '보(가', 0.19480448828376365), ([[189, 1483], [297, 1483], [297, 1523], [189, 1523]], '짙최질척', 0.0634828433394432), ([[800, 1484], [884, 1484], [884, 1516], [800, 1516]], '좋아라는', 0.9189342856407166), ([[915, 1478], [1073, 1478], [1073, 1515], [915, 1515]], '엄청 경권하고', 0.5738213269627152), ([[165, 1519], [281, 1519], [281, 1557], [165, 1557]], '해져어어:', 0.9005213644228267), ([[812, 1512], [878, 1512], [878, 1540], [812, 1540]], '소리가', 0.9999169968899376), ([[944, 1512], [1020, 1512], [1020, 1544], [944, 1544]], '있어" ', 0.33266934752464294), ([[820, 1538], [864, 1538], [864, 1568], [820, 1568]], '들린', 0.8698614555713484), ([[818, 1564], [870, 1564], [870, 1592], [818, 1592]], '다고!', 0.612841165301681), ([[149.455544456383, 660.0164835303193], [214.42207031453842, 636.0099023003314], [285.544455543617, 842.9835164696807], [221.57792968546158, 866.9900976996686]], '품', 0.05869825127837758), ([[320.2624143155141, 689.0340746075524], [385.93958347483374, 697.707105984116], [368.7375856844859, 812.9659253924476], [303.06041652516626, 803.292894015884]], '', 0.0), ([[443.11629720375794, 948.1187479096875], [525.6780392574398, 877.0153324105814], [659.8837027962421, 1056.8812520903125], [577.3219607425602, 1127.9846675894185]], '@', 0.02421819467052644), ([[438.18138082696214, 1459.0305030812924], [567.9620033406936, 1530.0864997216088], [519.8186191730379, 1614.9694969187076], [390.0379966593063, 1544.9135002783912]], '대;', 0.01668576196590385)]
[([[343, 5], [431, 5], [431, 99], [343, 99]], '(빨', 0.03126073000080316), ([[169, 129], [300, 129], [300, 245], [169, 245]], '꿀 줄', 0.1348242163658142), ([[208, 402], [262, 402], [262, 434], [208, 434]], '자앗', 0.15099951071922277), ([[186, 432], [282, 432], [282, 464], [186, 464]], '아저씨의', 0.8737468300815029), ([[182, 462], [286, 462], [286, 494], [182, 494]], '진한 정액', 0.997932729833014), ([[185, 489], [283, 489], [283, 525], [185, 525]], '사르장의', 0.9931304454803467), ([[198, 522], [272, 522], [272, 552], [198, 552]], '보지에', 0.7664542198181152), ([[100, 542], [152, 542], [152, 574], [100, 574]], '임신', 0.9999898004778953), ([[187, 549], [281, 549], [281, 585], [187, 585]], '질내사정', 0.9978584051132202), ([[76, 572], [174, 572], [174, 604], [76, 604]], '해버려~', 0.14989839494228363), ([[196, 582], [270, 582], [270, 614], [196, 614]], '해줄게', 0.9061126427347678), ([[75, 603], [175, 603], [175, 635], [75, 635]], '아저씨의', 0.9989234805107117), ([[98, 636], [154, 636], [154, 668], [98, 668]], '아기', 0.9993017824292239), ([[62, 663], [183, 663], [183, 703], [62, 703]], '임신해쥐{', 0.12983318559187443), ([[863, 967], [923, 967], [923, 1007], [863, 1007]], '하앗', 0.31502073068378494), ([[851, 1004], [937, 1004], [937, 1046], [851, 1046]], '하아아', 0.9987388102053636), ([[854, 1078], [920, 1078], [920, 1110], [854, 1110]], "저도''", 0.6067559123039246), ([[727, 1107], [811, 1107], [811, 1147], [727, 1147]], '같이이:', 0.6619941592216492), ([[751, 1141], [809, 1141], [809, 1183], [751, 1183]], '같이', 0.9997791576568802), ([[739, 1179], [821, 1179], [821, 1215], [739, 1215]], '가요오', 0.9964442207644123), ([[171, 1221], [239, 1221], [239, 1257], [171, 1257]], '간다!', 0.6371777060954716), ([[728, 1216], [808, 1216], [808, 1248], [728, 1248]], '오오" \'', 0.19199574845158843), ([[161, 1257], [247, 1257], [247, 1293], [161, 1293]], '질내에', 0.9931742614282131), ([[143, 1289], [265, 1289], [265, 1329], [143, 1329]], '잔뜩 사정', 0.9997505260218914), ([[157, 1325], [253, 1325], [253, 1365], [157, 1365]], '해출게!', 0.18260306119918823), ([[33, 1429], [103, 1429], [103, 1467], [33, 1467]], '산다!', 0.5999462285762572), ([[23, 1461], [111, 1461], [111, 1501], [23, 1501]], '간다앗', 0.8577037194414265), ([[718, 1486], [768, 1486], [768, 1566], [718, 1566]], '양', 0.008913430001901423), ([[1069, 1553], [1091, 1553], [1091, 1569], [1069, 1569]], '생', 0.013204501376606004), ([[367.4819695787027, 93.02690795554611], [410.7037879565675, 99.79410762311723], [394.5180304212973, 198.9730920444539], [351.2962120434325, 192.20589237688276]], '탑', 0.3819499704732152), ([[862.2173561659578, 209.02554933915397], [949.0585762143689, 185.1778908831954], [997.7826438340422, 385.974450660846], [909.9414237856311, 409.8221091168046]], '생', 0.6947726730163915), ([[727.1498374172081, 1387.0329026819845], [799.5811976268395, 1357.0153648527337], [867.8501625827919, 1537.9670973180155], [794.4188023731605, 1567.9846351472663]], '맨', 0.06653959034247237)]
[([[576, 752], [692, 752], [692, 804], [576, 804]], '후나아', 0.9866336562830378), ([[306, 738], [428, 738], [428, 926], [306, 926]], '@', 0.06978331209141064), ([[560, 858], [678, 858], [678, 908], [560, 908]], '아앗 ', 0.04812181148216729), ([[576, 806], [700, 806], [700, 858], [576, 858]], '아아아', 0.9965901314644214), ([[562, 910], [714, 910], [714, 960], [562, 960]], '하아아아', 0.9963818192481995), ([[582, 962], [702, 962], [702, 1016], [582, 1016]], '아아아', 0.9980246251669974), ([[1050, 920], [1098, 920], [1098, 1052], [1050, 1052]], '뿐', 0.014759302754534298), ([[584, 1016], [670, 1016], [670, 1064], [584, 1064]], '아양', 0.35918307515556896), ([[227, 1427], [309, 1427], [309, 1467], [227, 1467]], '후후"', 0.631730288615086), ([[225, 1463], [309, 1463], [309, 1503], [225, 1503]], '여러분', 0.9992007032734673), ([[390.4567855237449, 434.0246407611938], [435.204479356545, 428.12214074006044], [452.5432144762551, 555.9753592388063], [407.795520643455, 561.8778592599396]], '4', 0.04870377226488665), ([[809.1510605119538, 879.0212102390766], [934.8801230960813, 862.049321256607], [961.8489394880462, 1112.9787897609233], [836.1198769039187, 1129.9506787433932]], '@', 0.07689884374595923), ([[499.6186072593201, 1075.0121339713253], [550.159438035783, 1086.8992205205432], [511.3813927406799, 1243.9878660286747], [460.84056196421704, 1231.1007794794568]], '@', 0.5230988849956617)]
[([[671, 33], [835, 33], [835, 63], [671, 63]], '후#불-묘)품화', 0.0021235940966759063), ([[848, 36], [976, 36], [976, 62], [848, 62]], '20113105', 0.3002935755960796), ([[752, 58], [892, 58], [892, 88], [752, 88]], '초 {>자', 0.33415981315907134), ([[651, 1529], [1071, 1529], [1071, 1589], [651, 1589]], '러 {드바무주가', 0.012984889795830368)]
[([[110, 28], [452, 28], [452, 60], [110, 60]], '"출:-퇴: < 7 벼 20113035', 0.032688897861521654), ([[177, 52], [317, 52], [317, 82], [177, 82]], '초# {>자', 0.04966760970816462), ([[49, 1527], [467, 1527], [467, 1587], [49, 1587]], '창기르미주  -', 0.001470563072984778)]
[([[667, 31], [831, 31], [831, 61], [667, 61]], '부#속 터쭈측-', 0.0006426260301563934), ([[844, 34], [972, 34], [972, 60], [844, 60]], '20118045', 0.45046305061375713), ([[734, 56], [872, 56], [872, 84], [734, 84]], '초#{ >자', 0.0597920207393324), ([[303, 1063], [345, 1063], [345, 1113], [303, 1113]], '[', 0.27238533194890024), ([[646, 1534], [1062, 1534], [1062, 1588], [646, 1588]], '그_러 이다', 0.00016771850457470452)]
[([[118, 21], [412, 21], [412, 51], [118, 51]], '주#꾸 7#하  20113025', 0.01620713860485358), ([[182, 46], [322, 46], [322, 76], [182, 76]], '초{>자', 0.12180041521787643), ([[54, 1523], [465, 1523], [465, 1575], [54, 1575]], "'; ;   %다 째 0다리션", 0.00039303422652915015)]
[([[729, 23], [823, 23], [823, 115], [729, 115]], '7', 0.0626273057765383), ([[636, 70], [724, 70], [724, 150], [636, 150]], '0', 0.2612715830197523), ([[821, 69], [857, 69], [857, 187], [821, 187]], '틀', 0.19592133705224146), ([[711, 175], [821, 175], [821, 299], [711, 299]], '0', 0.1363103499975047), ([[711, 347], [821, 347], [821, 463], [711, 463]], '(', 0.04273762279493298), ([[821, 203], [859, 203], [859, 443], [821, 443]], "'", 0.02446363399855045), ([[851, 19], [941, 19], [941, 695], [851, 695]], '[', 0.5534539007723858), ([[819, 465], [855, 465], [855, 661], [819, 661]], '#', 0.03004528598315037), ([[710, 688], [814, 688], [814, 796], [710, 796]], '0', 0.05600000181188136), ([[633, 977], [721, 977], [721, 1067], [633, 1067]], '온', 0.21088316543006158), ([[807, 683], [941, 683], [941, 1255], [807, 1255]], '(', 0.057139823459211536), ([[909, 10], [1102, 10], [1102, 1600], [909, 1600]], '[', 0.2609194451363237), ([[820, 1344], [852, 1344], [852, 1420], [820, 1420]], '응', 0.019042070228828756), ([[820, 1420], [850, 1420], [850, 1534], [820, 1534]], '돌', 0.13147313983890374), ([[845, 1184], [933, 1184], [933, 1583], [845, 1583]], '물', 0.3969662365889235)]
[([[65, 119], [1025, 119], [1025, 375], [65, 375]], "'_ 매우", 0.003782206193848153), ([[122, 430], [232, 430], [232, 460], [122, 460]], '73논7촌', 0.007697279349963425), ([[118, 478], [340, 478], [340, 508], [118, 508]], '03*채손 *<(* !', 0.003674937934833632), ([[118, 525], [387, 525], [387, 557], [118, 557]], "2+1논79'701 독려", 0.00553008568132657), ([[118, 552], [364, 552], [364, 580], [118, 580]], '(스스+-*70* 37', 0.0025564143298821137), ([[118, 600], [386, 600], [386, 630], [118, 630]], '유#초 <츠춘촌 음 한신<', 0.0014066366109419953), ([[116, 624], [272, 624], [272, 652], [116, 652]], '#곰6-?9 !', 0.019458790504019156), ([[118, 671], [477, 671], [477, 703], [118, 703]], '유3 * ? 논프쓸7{속18 !?', 0.016488686675878755), ([[116, 695], [295, 695], [295, 723], [116, 723]], '#듯스<307', 0.05096397334084093), ([[116, 720], [490, 720], [490, 752], [116, 752]], '(버:오<: 0? 논 3터 5#/ !', 0.00196030332671472), ([[118, 746], [340, 746], [340, 774], [118, 774]], "논~?< 총: ( . 6'", 0.020216987537214584), ([[116, 794], [498, 794], [498, 824], [116, 824]], '축요:터 1 #츠?#초 #이4독-30', 0.0023086159415481623), ([[118, 818], [342, 818], [342, 848], [118, 848]], '우요0 5 52 #(*기', 0.02981316924117404), ([[116, 842], [256, 842], [256, 872], [116, 872]], '#에0<31', 0.22929810847480464), ([[267, 842], [451, 842], [451, 870], [267, 870]], '#017히^-저', 0.011451656582237534), ([[116, 866], [344, 866], [344, 896], [116, 896]], '1돕6하(-6+0-합하', 0.0014525449145162627), ([[116, 914], [384, 914], [384, 944], [116, 944]], '#육4-*서<창7630<', 0.0030335718369118914), ([[116, 940], [471, 940], [471, 970], [116, 970]], '포우다 0? 손뇨(움-#(+ 5*3', 0.008018451392520118), ([[116, 964], [250, 964], [250, 994], [116, 994]], '대멘 이 총화 !', 0.045155361463789005), ([[116, 1012], [481, 1012], [481, 1044], [116, 1044]], '릇:우0 (어제- ; 1 (-버5화채없논', 0.001043320088457944), ([[116, 1036], [320, 1036], [320, 1066], [116, 1066]], '변?<59*화07', 0.008144492551934411), ([[113, 1059], [428, 1059], [428, 1092], [113, 1092]], '#$하*30 < 3퓨>내총화 4', 0.0020660042640108264), ([[114, 1132], [336, 1132], [336, 1164], [114, 1164]], '존*-:트이운$촌 !', 0.016277813289931962), ([[114, 1183], [218, 1183], [218, 1207], [114, 1207]], '표라망-밑라7', 3.8019997884373104e-05), ([[698, 1422], [1037, 1422], [1037, 1507], [698, 1507]], '면엽%깨', 0.000259981257840991), ([[43, 1515], [555, 1515], [555, 1581], [43, 1581]], '풀기=7사3지*0-+ 용', 0.000381833757601557)]
[([[136, 300], [981, 300], [981, 456], [136, 456]], '표7-"사7자71-^', 0.050052005781373705), ([[140, 453], [979, 453], [979, 541], [140, 541]], '-::--4-신_신:,장-.', 2.8723125251090525e-05), ([[54, 647], [1051, 647], [1051, 735], [54, 735]], "^ 0 0 느- 0 히오' / 태 ^ [", 0.003630473679479529), ([[336, 845], [752, 845], [752, 913], [336, 913]], '2011.12.29 축교', 0.13236919605551417), ([[153, 969], [937, 969], [937, 1029], [153, 1029]], '출# : 표리,-헤고금 (떠스 -7) 헤리마-들리김)', 4.936188686487229e-05), ([[277, 1053], [815, 1053], [815, 1091], [277, 1091]], '시저니룹++오:/ / >>내 8심형<;+;서- ]명/듭고마_,고천명/', 2.314659351298657e-07), ([[364, 1174], [730, 1174], [730, 1226], [364, 1226]], '테템 : 그->>뼈;', 0.04325297309290964), ([[229, 1267], [862, 1267], [862, 1322], [229, 1322]], '@-김리;:카신;킬운고어4어@실어+작고;`-어천', 9.479050852779661e-08), ([[310, 1372], [780, 1372], [780, 1400], [310, 1400]], '탤도 팔코-7191: "573하7?<*9추스', 0.00010050674111696985), ([[104, 1406], [154, 1406], [154, 1434], [104, 1434]], '출# .', 0.23653749199184643), ([[164, 1404], [348, 1404], [348, 1432], [164, 1432]], '#-7 10#미+ <', 0.058101862516109895), ([[360, 1403], [686, 1403], [686, 1431], [360, 1431]], '*0-위. 총소:오10 찌버운물', 0.008683936654106156), ([[696, 1404], [746, 1404], [746, 1432], [696, 1432]], '#물', 0.1353378304057463), ([[756, 1402], [990, 1402], [990, 1432], [756, 1432]], '1#35<논 손#(:화', 0.0052992589573537295), ([[548, 1524], [1067, 1524], [1067, 1593], [548, 1593]], '[불7-9름3지7내다:', 0.00048311816721353294)]
[]
[([[332, 86], [622, 86], [622, 142], [332, 142]], '댐형!? 장너박+', 0.00010640845818316817), ([[675, 85], [1041, 85], [1041, 145], [675, 145]], '(*++6 진흥미니-', 7.075624763544982e-06), ([[346, 138], [694, 138], [694, 192], [346, 192]], '나,)괴-터', 5.010033574042447e-05), ([[710, 140], [1016, 140], [1016, 190], [710, 190]], '9주오시,이-', 0.0002866767061404602), ([[36, 658], [398, 658], [398, 782], [36, 782]], '{킬베 76-', 0.012800080868037302), ([[428, 712], [486, 712], [486, 760], [428, 760]], '" ', 0.1844850722222031), ([[602, 700], [656, 700], [656, 762], [602, 762]], '스', 0.031696495170605354), ([[654, 662], [1031, 662], [1031, 779], [654, 779]], "#내서'6", 0.0012172032078846592), ([[0, 1194], [248, 1194], [248, 1246], [0, 1246]], '5진, |{ 이미훨', 0.0005460064952930123), ([[322, 1192], [806, 1192], [806, 1246], [322, 1246]], '"형-(*과.벼 +0 +교0-형 18 ,차?,$', 1.7728279787209104e-06), ([[815, 1197], [955, 1197], [955, 1239], [815, 1239]], '05 `#쉽', 0.00019861130961728056), ([[0, 1300], [289, 1300], [289, 1388], [0, 1388]], '헤확-표김', 8.988981587575027e-05), ([[299, 1307], [833, 1307], [833, 1351], [299, 1351]], '0,오> > > 교|앙내 _벼류!형째 항%? _영?물미', 5.35131216966912e-07), ([[298, 1351], [805, 1351], [805, 1393], [298, 1393]], '{>교+팀대 > > >|>++형대 너시옷/#!?킬_들?어', 6.026332361779947e-07)]
