454860
27
[([[175, 37], [441, 37], [441, 193], [175, 193]], '타#', 0.002022043562969743), ([[241, 179], [513, 179], [513, 239], [241, 239]], '역차 : 씨무중집하와', 0.27205935728954467), ([[241, 227], [373, 227], [373, 287], [241, 287]], '식자 % 춤', 0.37614222093342314), ([[25, 265], [115, 265], [115, 329], [25, 329]], '[결', 0.10816003582248547), ([[66, 366], [157, 366], [157, 399], [66, 399]], "'완쪽 @문화", 0.08724518331834095), ([[1044, 378], [1229, 378], [1229, 522], [1044, 522]], ' 품키', 0.06696919374163542), ([[1060, 654], [1229, 654], [1229, 758], [1060, 758]], '?네', 0.029362236053989632), ([[1159, 921], [1219, 921], [1219, 987], [1159, 987]], '5', 0.9779726298557062), ([[1025, 840], [1229, 840], [1229, 1468], [1025, 1468]], '#', 0.0439417684046397), ([[1161, 1175], [1229, 1175], [1229, 1337], [1161, 1337]], '엔', 0.8541277890340417), ([[1106.2034212334008, 56.01442604186546], [1317.8206607515422, 231.19665122289217], [1197.7965787665992, 375.9855739581345], [986.179339248458, 199.80334877710783]], '천대', 0.020013948456902186), ([[212.5928435361255, 263.02775781371616], [237.62638060946628, 269.4791100553273], [219.4071564638745, 341.97224218628384], [194.37361939053372, 336.5208899446727]], '@', 0.01877360431152031), ([[-0.3184648776492409, 286.0255177585747], [19.260909025142773, 279.0170914089149], [45.31846487764924, 351.9744822414253], [25.739090974857227, 358.9829085910851]], '흉', 0.013134711246842734), ([[1103.0498150959029, 255.032281909774], [1264.6376571128576, 318.83546078044185], [1217.9501849040971, 429.96771809022596], [1056.3623428871424, 367.16453921955815]], '5사', 0.10555248299767167), ([[145.80382166575666, 369.2487898312403], [203.65477507323092, 326.4976572063337], [218.19617833424334, 351.7512101687597], [159.34522492676908, 393.5023427936663]], "'프렉의'", 0.367244265749245), ([[1072.8701568925812, 491.03549459204015], [1263.2453871493117, 533.2483939490594], [1224.1298431074188, 685.9645054079598], [1033.7546128506883, 642.7516060509406]], '후데', 0.46381642746106544)]
[]
[]
[]
[]
[]
[([[653, 307], [745, 307], [745, 349], [653, 349]], '삶다"  .', 0.3957004707887327), ([[823, 681], [877, 681], [877, 721], [823, 721]], '(헤혜', 0.1917673907702638), ([[112, 914], [210, 914], [210, 964], [112, 964]], '좋은 거', 0.37431199328367254), ([[98, 960], [220, 960], [220, 1008], [98, 1008]], '사용다고', 0.9551872611045837)]
[([[216, 30], [248, 30], [248, 62], [216, 62]], '0', 0.8768084511962257), ([[667, 189], [725, 189], [725, 231], [667, 231]], '미안', 0.9973570680087995), ([[143, 229], [201, 229], [201, 271], [143, 271]], '무슨', 0.9998379070686515), ([[526, 208], [608, 208], [608, 256], [526, 256]], '음성은', 0.9993543757690949), ([[661, 231], [731, 231], [731, 273], [661, 273]], '한데?', 0.9765252798007585), ([[119, 267], [221, 267], [221, 311], [119, 311]], '말하는지', 0.3089708089828491), ([[236, 238], [312, 238], [312, 312], [236, 312]], '@', 0.6140135018356349), ([[525, 253], [607, 253], [607, 291], [525, 291]], '야로', 0.2535288763872561), ([[129, 309], [211, 309], [211, 351], [129, 351]], '몰라;', 0.31612564143090915), ([[507, 293], [623, 293], [623, 335], [507, 335]], '해서 말야', 0.9836620069554551), ([[1109, 783], [1205, 783], [1205, 823], [1109, 823]], '그 대신:', 0.29131175939222703), ([[111, 939], [239, 939], [239, 983], [111, 983]], '신음소리는', 0.7806168640478652), ([[135, 985], [217, 985], [217, 1021], [135, 1021]], '씨서*로', 0.018680822104215622), ([[107, 1021], [243, 1021], [243, 1065], [107, 1065]], '해끗으니까', 0.6396973187590121), ([[487, 1533], [589, 1533], [589, 1573], [487, 1573]], '그래그래', 0.9987746477127075), ([[431, 1573], [591, 1573], [591, 1615], [431, 1615]], '야한 목소리로', 0.9983769270048003), ([[505, 1613], [587, 1613], [587, 1657], [505, 1657]], '혈떡여', 0.9237521013568266), ([[258.6137063320122, 33.01244814618925], [396.34697869360895, 155.2779017559809], [359.3862936679878, 199.98755185381074], [220.65302130639105, 76.72209824401911]], '@눕:@@ ', 0.01971012238820918), ([[233.5194032623757, 84.01284100642562], [397.2680226882203, 225.44475024406526], [344.4805967376243, 288.9871589935744], [180.73197731177967, 146.55524975593474]], '쓸픔 @퀴', 0.11198883884706763), ([[606.466647467589, 952.0129378323334], [689.0016785070724, 961.2028977696519], [664.533352532411, 1179.9870621676666], [581.9983214929276, 1170.797102230348]], '#', 0.6054789608717783)]
[([[285, 135], [363, 135], [363, 179], [285, 179]], '사양할', 0.8623160738317817), ([[273, 175], [377, 175], [377, 217], [273, 217]], '필요 없어', 0.9998752489664025), ([[1029, 219], [1127, 219], [1127, 287], [1029, 287]], "아'", 0.4277547592517844), ([[1017, 297], [1149, 297], [1149, 381], [1017, 381]], '아앗]', 0.3456596168547519), ([[245, 467], [299, 467], [299, 507], [245, 507]], '잔뜩', 0.9995202339919337), ([[434, 280], [506, 280], [506, 510], [434, 510]], '%', 0.6679270066325813), ([[233, 507], [309, 507], [309, 545], [233, 545]], '느끼고', 0.9945888386690911), ([[79, 743], [133, 743], [133, 783], [79, 783]], '잔뜩', 0.9994745535349533), ([[65, 781], [145, 781], [145, 821], [65, 821]], '혈떡여;', 0.6626924872398376), ([[376, 1168], [500, 1168], [500, 1218], [376, 1218]], '잃지만은', 0.32252979278564453), ([[1005, 1179], [1055, 1179], [1055, 1221], [1005, 1221]], '극극', 0.7579542043599113), ([[418, 1216], [500, 1216], [500, 1266], [418, 1266]], '않지?', 0.9990407716248373), ([[981, 1311], [1035, 1311], [1035, 1351], [981, 1351]], '그래,', 0.9578705688068997), ([[981, 1351], [1033, 1351], [1033, 1387], [981, 1387]], '그래', 0.9995368375567837), ([[53, 1523], [117, 1523], [117, 1567], [53, 1567]], '변너', 0.7771647664171917), ([[28, 1566], [116, 1566], [116, 1614], [28, 1614]], '[극극극-', 0.332927615967178), ([[922, 1574], [986, 1574], [986, 1622], [922, 1622]], '잔뜩', 0.998397700180249), ([[904, 1622], [984, 1622], [984, 1672], [904, 1672]], '젖어 ', 0.6532456846144785), ([[653, 1637], [691, 1637], [691, 1735], [653, 1735]], '6', 0.9719790354236615)]
[([[519, 205], [567, 205], [567, 245], [519, 245]], '말햇', 0.9796636296108812), ([[1089, 203], [1195, 203], [1195, 243], [1089, 243]], '이런 변너', 0.6764520074600803), ([[517, 243], [569, 243], [569, 281], [517, 281]], '잡아', 0.44495687431933545), ([[1067, 241], [1199, 241], [1199, 283], [1067, 283]], '네네 장에젠:', 0.09203267699469271), ([[662, 246], [746, 246], [746, 318], [662, 318]], '아', 0.9592246693503057), ([[425, 331], [503, 331], [503, 371], [425, 371]], '무슨 말', 0.8885309723725542), ([[674, 326], [756, 326], [756, 404], [674, 404]], '맛', 0.21955800682536974), ([[429, 371], [499, 371], [499, 407], [429, 407]], '하는지', 0.3062316864082518), ([[419, 405], [511, 405], [511, 443], [419, 443]], '모른다구;', 0.7002341240081601), ([[492, 696], [686, 696], [686, 772], [492, 772]], '빨리 자지', 0.9997461944149032), ([[1112, 686], [1168, 686], [1168, 748], [1112, 748]], '아;', 0.5481091417587809), ([[424, 768], [756, 768], [756, 844], [424, 844]], '넣어주세요구나?', 0.9937691087014878), ([[1045, 751], [1233, 751], [1233, 825], [1045, 825]], '그렇구나', 0.9397826790809631), ([[1077, 1313], [1127, 1313], [1127, 1349], [1077, 1349]], '이거', 0.9995442544037327), ([[775, 1325], [831, 1325], [831, 1367], [775, 1367]], '잔뜩', 0.9989869401241912), ([[1063, 1347], [1137, 1347], [1137, 1387], [1063, 1387]], '기쁨걸', 0.7486770235012393), ([[751, 1365], [851, 1365], [851, 1405], [751, 1405]], '맛보리고', 0.7785583734512329), ([[661, 1515], [725, 1515], [725, 1557], [661, 1557]], '자지', 0.9999655240519858), ([[7.372889087047616, 1650.0780465052953], [131.4900724938128, 1622.7389772938564], [159.6271109129524, 1787.9219534947047], [36.50992750618721, 1816.2610227061436]], '깨', 0.6233522233122955)]
[([[241, 307], [327, 307], [327, 463], [241, 463]], '국', 0.3282605075759335), ([[429, 337], [545, 337], [545, 451], [429, 451]], '거', 0.9989185874280935), ([[1112, 474], [1210, 474], [1210, 632], [1112, 632]], '꿀', 0.01832065619222356), ([[504, 620], [560, 620], [560, 714], [504, 714]], '^', 0.4342597623264943), ([[17, 993], [127, 993], [127, 1117], [17, 1117]], '아"', 0.9291901109956728), ([[0, 1205], [101, 1205], [101, 1385], [0, 1385]], '아', 0.8644283485819528), ([[896, 1226], [1018, 1226], [1018, 1368], [896, 1368]], '아', 0.24023221514753246), ([[0, 1436], [158, 1436], [158, 1668], [0, 1668]], '아', 0.9934945159103314), ([[608, 1496], [712, 1496], [712, 1604], [608, 1604]], '세', 0.4110476391381326), ([[1188, 1746], [1244, 1746], [1244, 1800], [1188, 1800]], '03', 0.1855444549764622), ([[840.7306170390035, 1320.2366408135592], [915.3128872224082, 1380.1732053703013], [810.2693829609965, 1507.7633591864408], [735.6871127775918, 1446.8267946296987]], '씨', 0.00481223639610584), ([[638.2747574101838, 1603.0376711377646], [689.0596494684615, 1630.4956244037812], [644.7252425898162, 1712.9623288622354], [593.9403505315385, 1685.5043755962188]], '^', 0.5194237337537153)]
[([[281, 163], [409, 163], [409, 203], [281, 203]], '야한 액체로', 0.9889295609558434), ([[295, 201], [395, 201], [395, 243], [295, 243]], '이곳저곳', 0.9922196269035339), ([[297, 241], [395, 241], [395, 283], [297, 283]], '빠짐없이', 0.8796809315681458), ([[297, 279], [395, 279], [395, 321], [297, 321]], '젖어있는', 0.4053640067577362), ([[309, 321], [365, 321], [365, 357], [309, 357]], "데도'", 0.8624367842704087), ([[498, 134], [550, 134], [550, 348], [498, 348]], '안', 0.47299085516785055), ([[1112, 177], [1166, 177], [1166, 422], [1112, 422]], '알', 0.0233503427452888), ([[516, 514], [578, 514], [578, 564], [516, 564]], '좋은', 0.5771797118463856), ([[486, 559], [608, 559], [608, 607], [486, 607]], '조임이다;', 0.6096802699852125), ([[77, 621], [157, 621], [157, 663], [77, 663]], '질벽은', 0.9249569294514455), ([[55, 663], [181, 663], [181, 705], [55, 705]], "'더;더 쥐_", 0.40777571438672305), ([[89, 707], [145, 707], [145, 743], [89, 743]], '하여', 0.659844375289781), ([[47, 743], [161, 743], [161, 787], [47, 787]], '먹고 있어:', 0.9789021087816471), ([[288, 938], [362, 938], [362, 1090], [288, 1090]], '국', 0.9847608532428609), ([[668, 1300], [696, 1300], [696, 1346], [668, 1346]], '우', 0.9947388412874716), ([[1100, 1348], [1172, 1348], [1172, 1396], [1100, 1396]], '간다', 0.9385793929754591), ([[49, 1367], [121, 1367], [121, 1433], [49, 1433]], '', 0.0), ([[331, 1373], [409, 1373], [409, 1433], [331, 1433]], '맘껏', 0.9799522915839968), ([[329, 1431], [447, 1431], [447, 1491], [329, 1491]], '가버려', 0.998889307679518)]
[([[485, 115], [527, 115], [527, 171], [485, 171]], '아', 0.9972068529342017), ([[667, 163], [709, 163], [709, 257], [667, 257]], '아', 0.8263613687211127), ([[166, 824], [232, 824], [232, 878], [166, 878]], '좋은', 0.40123116228186406), ([[132, 874], [262, 874], [262, 924], [132, 924]], '인형이다', 0.9521628022193909), ([[1038, 1250], [1140, 1250], [1140, 1298], [1038, 1298]], '걱정 마;', 0.7339862580731285), ([[992, 1294], [1142, 1294], [1142, 1344], [992, 1344]], '곧 익숙해질', 0.8264670805545107), ([[1074, 1340], [1140, 1340], [1140, 1388], [1074, 1388]], '거야;', 0.6559856133835316), ([[503, 1483], [627, 1483], [627, 1527], [503, 1527]], '고기로씨의', 0.8211547099305069), ([[30, 1469], [84, 1469], [84, 1613], [30, 1613]], ']', 0.03235397077009239), ([[523, 1525], [605, 1525], [605, 1567], [523, 1567]], '쾌감만', 0.999465176084428), ([[513, 1567], [617, 1567], [617, 1609], [513, 1609]], '생각하는', 0.8673036098480225), ([[264, 1596], [348, 1596], [348, 1644], [264, 1644]], '(극극극_', 0.5112073414796254), ([[537, 1607], [593, 1607], [593, 1651], [537, 1651]], '몸이', 0.9629993033477975), ([[521, 1649], [611, 1649], [611, 1691], [521, 1691]], '월 거야', 0.7269134822143659), ([[62.62779020251359, 1412.0173551668954], [93.33218191941496, 1406.0138169670204], [116.37220979748642, 1526.9826448331046], [85.66781808058504, 1533.9861830329796]], '흙', 0.033116031244858846)]
[([[1141, 51], [1161, 51], [1161, 95], [1141, 95]], '후', 0.993587079547197), ([[298, 116], [352, 116], [352, 220], [298, 220]], '후', 0.9957131888465973), ([[813, 211], [873, 211], [873, 321], [813, 321]], '후', 0.9984872106352363), ([[831, 449], [869, 449], [869, 527], [831, 527]], '유', 0.7035546644873172), ([[947, 545], [983, 545], [983, 617], [947, 617]], '후', 0.9905811464546019), ([[246, 634], [294, 634], [294, 728], [246, 728]], '후', 0.9963678975509538), ([[954, 676], [982, 676], [982, 728], [954, 728]], '유', 0.6861427020284196), ([[270, 808], [302, 808], [302, 876], [270, 876]], '유', 0.3914045702782829), ([[113, 1167], [151, 1167], [151, 1279], [113, 1279]], '후', 0.9379092753655449), ([[128, 1316], [158, 1316], [158, 1376], [128, 1376]], '유', 0.4635336895483993), ([[751, 1443], [805, 1443], [805, 1599], [751, 1599]], '#"', 0.1312666235036239), ([[573, 1575], [611, 1575], [611, 1635], [573, 1635]], '엇', 0.017418551776554603), ([[1155, 1519], [1221, 1519], [1221, 1695], [1155, 1695]], '#', 0.7640628446608844)]
[([[437, 87], [537, 87], [537, 131], [437, 131]], '하나하나', 0.9998700022697449), ([[1157, 101], [1209, 101], [1209, 139], [1157, 139]], '극극', 0.9831019573253446), ([[463, 129], [535, 129], [535, 167], [463, 167]], '스위치', 0.9999823806888501), ([[1147, 137], [1223, 137], [1223, 177], [1147, 177]], '오른쪽', 0.9999764617108438), ([[483, 165], [535, 165], [535, 209], [483, 209]], '넣올', 0.40243675289107306), ([[1125, 175], [1245, 175], [1245, 217], [1125, 217]], '유두만으로', 0.9827188415955486), ([[459, 205], [537, 205], [537, 245], [459, 245]], '테니까', 0.960638677587068), ([[1129, 215], [1239, 215], [1239, 255], [1129, 255]], '이 정도야', 0.9984752452249067), ([[332, 242], [453, 242], [453, 287], [332, 287]], '사랑스러운', 0.9199368322551594), ([[343, 283], [441, 283], [441, 323], [343, 323]], '목소리로', 0.9999851584434509), ([[349, 321], [439, 321], [439, 363], [349, 363]], '울어 쥐.', 0.8185704429082011), ([[523, 455], [828, 455], [828, 603], [523, 603]], '위_', 0.09874292509339523), ([[1020, 628], [1220, 628], [1220, 702], [1020, 702]], '왼쪽 유두.', 0.9611341843890634), ([[0, 942], [220, 942], [220, 1112], [0, 1112]], '이9', 0.5176066047679602), ([[851, 925], [952, 925], [952, 1140], [851, 1140]], '운', 0.46120470869050223), ([[1150, 1058], [1244, 1058], [1244, 1110], [1150, 1110]], '엉덩이', 0.9961861839079166), ([[1162, 1108], [1226, 1108], [1226, 1158], [1162, 1158]], '구멍', 0.9963456353882669), ([[0, 1110], [90, 1110], [90, 1246], [0, 1246]], '0', 0.9998353787467273), ([[449, 1121], [635, 1121], [635, 1301], [449, 1301]], '푹', 0.2951139833933816), ([[0, 1257], [101, 1257], [101, 1387], [0, 1387]], '이', 0.9893390693424777), ([[128, 1208], [230, 1208], [230, 1404], [128, 1404]], '7', 0.07978326668535729), ([[1081, 1297], [1121, 1297], [1121, 1349], [1081, 1349]], '1', 0.11447338039019783), ([[146, 1532], [246, 1532], [246, 1640], [146, 1640]], '이', 0.9949227807980812), ([[681, 1265], [747, 1265], [747, 1617], [681, 1617]], '푹', 0.003466428160099122), ([[801, 1577], [857, 1577], [857, 1619], [801, 1619]], '네네', 0.9784171809445131), ([[817, 1539], [897, 1539], [897, 1579], [817, 1579]], '그리고', 0.9999964210740566), ([[855, 1577], [913, 1577], [913, 1621], [855, 1621]], '장이', 0.6750537400748872), ([[1153, 1430], [1222, 1430], [1222, 1639], [1153, 1639]], '읽', 0.0692284465845896), ([[829, 1619], [885, 1619], [885, 1661], [829, 1661]], '너무', 0.9999771564845276), ([[793, 1659], [909, 1659], [909, 1703], [793, 1703]], '(좋아하는 ', 0.8253422313416727), ([[441.42534103880473, 447.0127074769867], [541.5444172129854, 477.20240159577673], [475.57465896119527, 698.9872925230134], [374.4555827870146, 668.7975984042233]], '우', 0.8525496426873502), ([[318.31788424801226, 443.01662708425147], [426.52885322640975, 471.7432482632395], [370.68211575198774, 675.9833729157485], [263.47114677359025, 647.2567517367605]], '7', 0.010093316462123136), ([[309.1759298285761, 658.2107273760818], [364.45280562103875, 692.2712264151166], [275.8240701714239, 831.7892726239182], [220.54719437896125, 797.7287735848834]], '1', 0.05968533333064929), ([[853.6674049473811, 1225.011074210717], [890.3099616849046, 1219.0096168730356], [916.3325950526189, 1384.988925789283], [879.6900383150954, 1389.9903831269644]], '용', 0.9957736181420707), ([[354.3448087826484, 1332.0238803222826], [422.0314240974643, 1351.320035677002], [384.6551912173516, 1486.9761196777174], [316.9685759025357, 1467.679964322998]], '1', 0.18504504911129516)]
[([[934, 62], [970, 62], [970, 90], [934, 90]], '시', 0.0533872904980095), ([[1050, 254], [1142, 254], [1142, 308], [1050, 308]], '옆구리', 0.9998386059113539), ([[732, 574], [798, 574], [798, 622], [732, 622]], '치골', 0.9274689714184513), ([[214, 972], [278, 972], [278, 1020], [214, 1020]], '극극', 0.987981426637198), ([[560, 1164], [654, 1164], [654, 1214], [560, 1214]], '허녁지', 0.6567351261938216), ([[10, 1468], [78, 1468], [78, 1518], [10, 1518]], '보지', 0.9979206867623451)]
[([[308, 128], [358, 128], [358, 308], [308, 308]], '올', 0.887024398959003), ([[1073, 211], [1133, 211], [1133, 343], [1073, 343]], '호', 0.8193198228268592), ([[456, 334], [528, 334], [528, 570], [456, 570]], '욕', 0.06489735672275643), ([[1063, 402], [1137, 402], [1137, 585], [1063, 585]], '요', 0.03662211586288322), ([[19, 749], [125, 749], [125, 791], [19, 791]], '그래그래,', 0.9783265679495816), ([[45, 791], [103, 791], [103, 833], [45, 833]], '맘껏', 0.9945957506172073), ([[29, 831], [113, 831], [113, 873], [29, 873]], '가버려', 0.9992071721816816), ([[1095, 1101], [1147, 1101], [1147, 1141], [1095, 1141]], '그럼', 0.9998064671572476), ([[600, 1130], [674, 1130], [674, 1184], [600, 1184]], '아아', 0.9989253402778945), ([[1049, 1139], [1149, 1139], [1149, 1179], [1049, 1179]], '계속해서', 0.9971898837574558), ([[606, 1180], [680, 1180], [680, 1234], [606, 1234]], '기분', 0.9992914164410758), ([[990, 1192], [1014, 1192], [1014, 1218], [990, 1218]], "'", 0.5462182851430194), ([[1029, 1177], [1151, 1177], [1151, 1219], [1029, 1219]], '넣어 볼까?', 0.8582176232510551), ([[49, 1249], [135, 1249], [135, 1291], [49, 1291]], '년 정말', 0.9997967721611922), ([[570, 1234], [646, 1234], [646, 1290], [570, 1290]], '좋아', 0.9965548871667259), ([[35, 1291], [147, 1291], [147, 1333], [35, 1333]], '최고구나', 0.9999424815177917)]
[([[1141, 109], [1183, 109], [1183, 267], [1141, 267]], '콩', 0.03610841963502609), ([[151, 263], [187, 263], [187, 305], [151, 305]], '1', 0.5092148933364946), ([[54, 306], [90, 306], [90, 338], [54, 338]], '41', 0.28140869011326514), ([[145, 419], [187, 419], [187, 641], [145, 641]], '흙', 0.03293880006608263), ([[1178, 842], [1210, 842], [1210, 936], [1178, 936]], '흙', 0.011722474518550463), ([[618, 928], [648, 928], [648, 1014], [618, 1014]], '올', 0.06382183925897156), ([[119, 961], [161, 961], [161, 1117], [119, 1117]], '콩', 0.02517348564694899), ([[516, 1078], [565, 1078], [565, 1177], [516, 1177]], '5', 0.8743034745421632), ([[1118, 1358], [1184, 1358], [1184, 1406], [1118, 1406]], '좋아', 0.9956051474801322), ([[1107, 1403], [1193, 1403], [1193, 1447], [1107, 1447]], '귀적어.', 0.058312445878982544), ([[540, 1548], [568, 1548], [568, 1642], [540, 1642]], '야', 0.05015019808105592), ([[993, 1615], [1089, 1615], [1089, 1659], [993, 1659]], '이리 와', 0.9710209918728364), ([[1009, 1661], [1075, 1661], [1075, 1701], [1009, 1701]], '네네,', 0.5067573834635628), ([[1110.31030298491, 650.0340601475913], [1162.6809653014218, 634.033201146993], [1199.68969701509, 764.9659398524087], [1148.3190346985782, 780.966798853007]], '좀', 0.03160885528643931)]
[([[1103, 177], [1211, 177], [1211, 243], [1103, 243]], '씨발!', 0.5046730374104027), ([[446, 268], [598, 268], [598, 324], [446, 324]], '이 새끼도', 0.9606988116383565), ([[89, 319], [247, 319], [247, 379], [89, 379]], '병신 취급', 0.6101538876456641), ([[446, 323], [600, 323], [600, 379], [446, 379]], '(저 새끼도', 0.9320270611061706), ([[89, 377], [259, 377], [259, 437], [89, 437]], '하고 말아', 0.9475496723867262), ([[734, 664], [800, 664], [800, 712], [734, 712]], '뭐가', 0.7979038792475409), ([[734, 710], [800, 710], [800, 760], [734, 760]], '안정', 0.999928519693208), ([[1098, 708], [1210, 708], [1210, 762], [1098, 762]], '쫓 까고', 0.5515646934509277), ([[700, 758], [834, 758], [834, 808], [700, 808]], '고용이야', 0.9962051510810852), ([[1110, 762], [1198, 762], [1198, 818], [1110, 818]], '있네!', 0.16303045515727685), ([[630, 854], [722, 854], [722, 906], [630, 906]], '한방에', 0.9742502897910766), ([[630, 902], [696, 902], [696, 954], [630, 954]], '짝로', 0.0032612234225886114), ([[630, 950], [706, 950], [706, 1002], [630, 1002]], '짙아', 0.3613110511427682), ([[97, 1255], [293, 1255], [293, 1339], [97, 1339]], '맘속으론', 0.6865445375442505), ([[1105, 1285], [1147, 1285], [1147, 1337], [1105, 1337]], '니', 0.8853948222567851), ([[98, 1333], [365, 1333], [365, 1411], [98, 1411]], '날 병신 취급', 0.9215709435424421), ([[1048, 1350], [1204, 1350], [1204, 1418], [1048, 1418]], '[새끼도!', 0.36930571763012593), ([[96, 1414], [356, 1414], [356, 1492], [96, 1492]], '하고 있지:?', 0.6391215929716243)]
[([[118, 938], [148, 938], [148, 1044], [118, 1044]], '유', 0.2957772361733966), ([[843, 1365], [925, 1365], [925, 1407], [843, 1407]], '성노예', 0.9020216259338673), ([[283, 1393], [323, 1393], [323, 1437], [283, 1437]], '하', 0.9998792446353697), ([[706, 1410], [782, 1410], [782, 1462], [706, 1462]], "'하지;", 0.5129523873329163), ([[845, 1405], [933, 1405], [933, 1449], [845, 1449]], '같은 게', 0.8542320131043889), ([[1139, 1393], [1197, 1393], [1197, 1435], [1139, 1435]], '하지', 0.9992095852338352), ([[285, 1443], [321, 1443], [321, 1487], [285, 1487]], '지', 0.9981850283802487), ([[845, 1445], [901, 1445], [901, 1489], [845, 1489]], '감히', 0.9999441137362786), ([[729, 1467], [809, 1467], [809, 1509], [729, 1509]], '마"!', 0.4696026646061955), ([[848, 1490], [878, 1490], [878, 1530], [848, 1530]], '날', 0.9999786616510029), ([[1081, 1519], [1143, 1519], [1143, 1607], [1081, 1607]], '동정', 0.11153392967099059), ([[1091, 1605], [1133, 1605], [1133, 1643], [1091, 1643]], '마!', 0.8008561002518457), ([[370, 1622], [444, 1622], [444, 1676], [370, 1676]], '(하지;', 0.5224114656448364)]
[([[194, 240], [238, 240], [238, 270], [194, 270]], '0', 0.9999587540111321), ([[341, 221], [389, 221], [389, 265], [341, 265]], '실', 0.9917677298299168), ([[116, 256], [194, 256], [194, 310], [116, 310]], '0월', 0.45598513363836474), ([[1026, 628], [1168, 628], [1168, 680], [1026, 680]], '흥 드디어', 0.8094773408676206), ([[98, 648], [304, 648], [304, 704], [98, 704]], '전기가 끊기면', 0.7277939693322963), ([[1016, 678], [1180, 678], [1180, 730], [1016, 730]], '마지막이네,', 0.7335577325014788), ([[100, 700], [312, 700], [312, 756], [100, 756]], '너랑도 끝이다', 0.37577666479471744), ([[706, 1218], [770, 1218], [770, 1268], [706, 1268]], '빨리', 0.9998652170390312), ([[1098, 1214], [1192, 1214], [1192, 1262], [1098, 1262]], '그러면', 0.9992049011813503), ([[326, 1258], [418, 1258], [418, 1308], [326, 1308]], '방해된', 0.25718647676009304), ([[638, 1264], [770, 1264], [770, 1316], [638, 1316]], '게임 속에', 0.9756093026978668), ([[1082, 1262], [1210, 1262], [1210, 1310], [1082, 1310]], '널 중고로', 0.9798431026515345), ([[327, 1309], [403, 1309], [403, 1353], [327, 1353]], '다고!', 0.638040303280482), ([[636, 1314], [770, 1314], [770, 1364], [636, 1364]], '처들어가!', 0.7538351399002503), ([[1092, 1310], [1200, 1310], [1200, 1358], [1092, 1358]], '팔 거야', 0.9994381070137024), ([[542, 1452], [664, 1452], [664, 1502], [542, 1502]], '언제까지', 0.6756367683410645), ([[536, 1498], [668, 1498], [668, 1552], [536, 1552]], '나와 있을', 0.22205645626277035), ([[820, 1526], [950, 1526], [950, 1580], [820, 1580]], '내 생활의', 0.9982899512688647), ([[554, 1548], [650, 1548], [650, 1598], [554, 1598]], '건데:?', 0.5815061926841736), ([[836, 1574], [932, 1574], [932, 1626], [836, 1626]], '양분이', 0.9988838712752542), ([[814, 1624], [952, 1624], [952, 1672], [814, 1672]], '되는 거다;', 0.5983963464203008), ([[818, 1672], [946, 1672], [946, 1720], [818, 1720]], '기뻐해라', 0.6611908691601623), ([[371.26537655636673, 202.9857635894567], [472.1316393547846, 158.34937558830927], [496.73462344363327, 218.0142364105433], [395.8683606452154, 262.6506244116907]], '경우엔', 0.9904611882376287), ([[208.29521600345194, 225.98856480103558], [310.229363693507, 175.4221435346502], [335.7047839965481, 227.01143519896442], [232.770636306493, 277.57785646534984]], '일까지', 0.9293386732066656), ([[280.82000635998094, 250.91201017596947], [345.9202129492916, 223.75859214229712], [366.17999364001906, 277.0879898240305], [301.0797870507084, 304.2414078577029]], '않으', 0.20770284746891368), ([[304.4871464448379, 301.4665807565786], [452.8651546779323, 229.96708136765622], [474.5128535551621, 288.5334192434214], [327.1348453220677, 360.0329186323438]], '정지하도록', 0.9904877265578507), ([[124.56879950923485, 327.43575867493405], [284.008088056728, 253.10928900710152], [305.43120049076515, 313.56424132506595], [145.99191194327196, 387.89071099289845]], '지급하시지', 0.9468635031667318), ([[222.05025253169416, 342.0502525316942], [309.66111353896815, 302.03374089945936], [334.9497474683058, 361.9497474683058], [248.33888646103188, 401.96625910054064]], '공급을', 0.4462820317959092), ([[344.88755284481306, 411.10403007750915], [542.6449609315849, 317.20206135593935], [561.1124471551869, 369.89596992249085], [363.355039068415, 463.79793864406065]], '0 0 0 0 전력', 0.7631858664959601), ([[155.1588936020131, 377.39067232241575], [228.24803755270034, 346.95517571601863], [248.8411063979869, 398.60932767758425], [174.75196244729966, 430.04482428398137]], '전기', 0.9998576309142323), ([[179.22148515341124, 426.49800991421034], [340.67899432403874, 351.36537281911785], [362.77851484658873, 414.50199008578966], [201.3210056759613, 489.63462718088215]], '하계습니다.', 0.5533418132920924)]
[([[7, 55], [121, 55], [121, 173], [7, 173]], '아', 0.9987034234800376), ([[10, 176], [106, 176], [106, 294], [10, 294]], '아', 0.9923979829159748), ([[970, 684], [1075, 684], [1075, 959], [970, 959]], '약', 0.04512512490240628), ([[4, 984], [226, 984], [226, 1262], [4, 1262]], '아', 0.25124848400105293), ([[341, 1145], [407, 1145], [407, 1227], [341, 1227]], '나', 0.9262313502138255), ([[1170, 1160], [1220, 1160], [1220, 1256], [1170, 1256]], '4', 0.15475398030508902)]
[([[1176, 134], [1248, 134], [1248, 298], [1176, 298]], '다', 0.3740452055022878), ([[1019, 833], [1107, 833], [1107, 959], [1019, 959]], '아', 0.9500388775001198), ([[70, 1008], [196, 1008], [196, 1186], [70, 1186]], '아', 0.9959699070472006), ([[83, 1181], [263, 1181], [263, 1379], [83, 1379]], '아', 0.9962239217035318), ([[406, 1440], [554, 1440], [554, 1642], [406, 1642]], '새', 0.18322926158646258), ([[822.6626585344392, 523.3120902325276], [987.0426341606917, 462.4362354349633], [1030.337341465561, 611.6879097674724], [864.9573658393083, 672.5637645650366]], '아이', 0.9936904778856286), ([[8.270166857559268, 553.0166541805479], [114.50768074935638, 505.00805639527414], [237.72983314244073, 803.9833458194521], [131.49231925064362, 851.9919436047259]], '아', 0.39156098040118437), ([[958.2344930378946, 599.0154273397854], [1103.307369240339, 655.7445814409272], [1013.7655069621054, 884.9845726602146], [868.6926307596609, 828.2554185590728]], '얘', 0.8083791052216363)]
[([[20, 248], [114, 248], [114, 304], [20, 304]], '후기', 0.9999625738036564), ([[19, 1535], [547, 1535], [547, 1595], [19, 1595]], '(음성 설정이 야인 경우', 0.6925911132130105), ([[19, 1587], [879, 1587], [879, 1651], [19, 1651]], '작가 후기가 안 들림니다. 양해해 주세요)', 0.6022180134292054)]
[([[55, 33], [151, 33], [151, 73], [55, 73]], '역자후기', 0.995018720626831), ([[981, 57], [1075, 57], [1075, 97], [981, 97]], '식자후기', 0.9989070892333984), ([[29, 105], [207, 105], [207, 145], [29, 145]], '망가역질하기전에', 0.912562822475126), ([[29, 141], [255, 141], [255, 181], [29, 181]], '망가분위기 파악하려고', 0.6459169786540447), ([[955, 131], [1133, 131], [1133, 169], [955, 169]], '표지에 낚엽네--', 0.6082082808031664), ([[31, 177], [281, 177], [281, 217], [31, 217]], '자기전에 0빠꾸_로 망가름', 0.029316882414575543), ([[29, 213], [325, 213], [325, 253], [29, 253]], '한번 흉어보논데 전기장판워에', 0.38385807144587714), ([[953, 201], [1203, 201], [1203, 241], [953, 241]], '뒤에 두 폐이지 더 있어요', 0.8967852825308916), ([[30, 249], [397, 249], [397, 292], [30, 292]], '올려놓고 잦더니 베터리가 [(감승천화', 0.028994807147000427), ([[29, 284], [353, 284], [353, 325], [29, 325]], '해서 0?0가 아작이 낫더라구요', 0.2162033890443262), ([[30, 321], [333, 321], [333, 362], [30, 362]], '그래서 검사경사 시-~틀 삶는데', 0.03916105699080696), ([[29, 359], [273, 359], [273, 397], [29, 397]], '(권-다-러브플러스아님?)', 0.0685078953832313), ([[31, 395], [253, 395], [253, 433], [31, 433]], '3개월이 지난 지금까지', 0.7972855720922162), ([[31, 429], [299, 429], [299, 471], [31, 471]], '러브플러스도 못해빛습니다', 0.7744911415253496), ([[29, 467], [159, 467], [159, 505], [29, 505]], '0논 있는데', 0.22928626482865255), ([[31, 539], [241, 539], [241, 577], [31, 577]], '그래서 미안한 마음에', 0.7536298153779618), ([[29, 573], [297, 573], [297, 615], [29, 615]], '네네동인지중에 고월위길래', 0.12245883227813616), ([[29, 611], [79, 611], [79, 649], [29, 649]], '해봄', 0.9929806834617386), ([[31, 681], [355, 681], [355, 721], [31, 721]], '시8가 소프트가 존나 병신같아서', 0.111594642298816), ([[27, 717], [235, 717], [235, 757], [27, 757]], '재방는계 없더리구요', 0.4456885254380457), ([[859, 727], [1085, 727], [1085, 765], [859, 765]], '이번에도 바뿐 와중에,', 0.4568531767159285), ([[31, 753], [233, 753], [233, 793], [31, 793]], '씨발 3마$살까햇는데', 0.2295121112557913), ([[860, 762], [1148, 762], [1148, 794], [860, 794]], '[:씨가 작화흘 그려 주서서;', 0.1276501006259266), ([[31, 791], [105, 791], [105, 829], [31, 829]], '보류중;', 0.7003099322319031), ([[121, 789], [355, 789], [355, 829], [121, 829]], '근데 러브플러스가 존나', 0.9400574342465355), ([[859, 791], [1117, 791], [1117, 827], [859, 827]], '제가 색울 입혀 뵙습나다.', 0.18125358539878167), ([[27, 825], [403, 825], [403, 865], [27, 865]], '재방으면 러브플러스3) 나올때 맞취서', 0.31604906624507095), ([[862, 824], [934, 824], [934, 856], [862, 856]], '고마위.', 0.5640520453453064), ([[31, 863], [367, 863], [367, 901], [31, 901]], '3[8도 사려고 하는 난 존나 호구임', 0.16906517307338495), ([[861, 885], [1097, 885], [1097, 921], [861, 921]], '그리고 이 책올 사 주신', 0.49414494219219474), ([[861, 915], [1217, 915], [1217, 953], [861, 953]], '모든 분들께 감사! 정말 감사합니다]', 0.5012097867640517), ([[486, 1492], [746, 1492], [746, 1524], [486, 1524]], '8- 벼목? 표구1급하', 0.007313868638023438), ([[73, 1539], [351, 1539], [351, 1575], [73, 1575]], '또하:*요5(1(#손)', 0.0025784891248768977), ([[366, 1542], [602, 1542], [602, 1574], [366, 1574]], '#;기:로_((귀심)', 0.0008341920672999431), ([[619, 1542], [855, 1542], [855, 1574], [619, 1574]], '태입해: 타#소리손홀', 0.00597230921698154), ([[872, 1542], [1156, 1542], [1156, 1574], [872, 1574]], '독;타:2011112팀31타', 0.007295118333182864), ([[95, 1589], [1137, 1589], [1137, 1625], [95, 1625]], '주속이유 니# . #옆 #물 #바소시0767 짝제707-293)^0비히금<없다7손나', 2.53036278867895e-05), ([[118, 1640], [272, 1640], [272, 1672], [118, 1672]], '*창8-09', 0.04253739810754823), ([[288, 1637], [743, 1637], [743, 1675], [288, 1675]], '화++오:/--]할;~]|31어839.+<2<안물/', 1.1606253144019109e-06), ([[753, 1637], [1115, 1637], [1115, 1675], [753, 1675]], '(워내<:[로록)[*워터]<#초)', 0.0002772795660246538), ([[230, 1666], [348, 1666], [348, 1696], [230, 1696]], "'4 3-", 0.1782433418771769), ([[364, 1663], [595, 1663], [595, 1699], [364, 1699]], "'요급중단73*072.", 0.010993560409106033), ([[608, 1666], [1002, 1666], [1002, 1698], [608, 1698]], '^++ ://->;++형, ]어교/^리`리683', 2.125463863413278e-05)]
[([[141, 771], [253, 771], [253, 881], [141, 881]], '하', 0.03965829349162697), ([[94, 1196], [206, 1196], [206, 1244], [94, 1244]], '정상적인', 0.998846173286438), ([[54, 1239], [247, 1239], [247, 1288], [54, 1288]], '생활로 돌리려니', 0.9091590362848808), ([[577, 1237], [681, 1237], [681, 1281], [577, 1281]], '\'"미안해;', 0.5881815777038828), ([[39, 1285], [259, 1285], [259, 1329], [39, 1329]], '시간이 걸려버로어 ', 0.5008615950737477), ([[540, 1556], [688, 1556], [688, 1604], [540, 1604]], '이제부터 또', 0.9964825734534878), ([[519, 1601], [689, 1601], [689, 1645], [519, 1645]], '조교할 테니까', 0.9349885988998416), ([[573, 1647], [643, 1647], [643, 1687], [573, 1687]], '각오 ', 0.7544108240166586)]
[]
