459670
10
[([[778, 72], [1044, 72], [1044, 956], [778, 956]], '푹', 0.07616318148565426), ([[47, 1257], [89, 1257], [89, 1317], [47, 1317]], '팀', 0.5000336166358608), ([[56, 1320], [160, 1320], [160, 1392], [56, 1392]], '[텔', 0.103560348050098), ([[266, 1324], [294, 1324], [294, 1364], [266, 1364]], '가', 0.027402379869329252), ([[604, 1348], [698, 1348], [698, 1402], [604, 1402]], '자:', 0.998107457111109), ([[691, 1337], [1055, 1337], [1055, 1421], [691, 1421]], '씨무소장고와', 0.19213474786965865), ([[105, 1433], [209, 1433], [209, 1473], [105, 1473]], '완집 @문화} 들', 0.13328786635209913), ([[545, 1412], [878, 1412], [878, 1498], [545, 1498]], '식자: 이스키', 0.47141127737711636), ([[40, 1504], [254, 1504], [254, 1534], [40, 1534]], '오_-박지', 0.0003671439845588667), ([[38, 1528], [170, 1528], [170, 1576], [38, 1576]], '[-', 0.3295669482380447), ([[24.653497425476306, 1327.0200778590963], [50.29271427209411, 1319.0143144246401], [77.3465025745237, 1418.9799221409037], [52.70728572790589, 1426.9856855753599]], '@', 0.36639654366139496), ([[193.4050955543422, 1437.331719774987], [262.24029561406377, 1390.6862294041973], [278.5949044456578, 1421.668280225013], [209.7597043859362, 1468.3137705958027]], "'프흰괜트'", 0.009820644243306628)]
[]
[([[511, 7], [569, 7], [569, 47], [511, 47]], '신경', 0.47824650909033856), ([[515, 45], [569, 45], [569, 81], [515, 81]], '쓰지', 0.9948484083820762), ([[1061, 29], [1099, 29], [1099, 117], [1061, 117]], '%', 0.020642479783195), ([[511, 81], [569, 81], [569, 121], [511, 121]], '말고', 0.9995466143129605), ([[501, 117], [585, 117], [585, 157], [501, 157]], '계속해', 0.9998635890750133), ([[1045, 209], [1113, 209], [1113, 247], [1045, 247]], '뭐야', 0.5149446946015643), ([[991, 249], [1051, 249], [1051, 289], [991, 289]], '지금', 0.9997411438704151), ([[59, 252], [95, 252], [95, 347], [59, 347]], '잎', 0.016233249767877433), ([[991, 293], [1053, 293], [1053, 333], [991, 333]], '게임', 0.9998809793744611), ([[991, 331], [1051, 331], [1051, 373], [991, 373]], '하는', 0.57282896232048), ([[62, 350], [94, 350], [94, 444], [62, 444]], '껏', 0.09914013278378153), ([[977, 375], [1067, 375], [1067, 415], [977, 415]], '중인데', 0.99993124362679), ([[69, 451], [85, 451], [85, 493], [69, 493]], '옷', 0.9903654587617439), ([[474, 530], [540, 530], [540, 586], [474, 586]], '앗기', 0.5738218260553583), ([[525, 983], [545, 983], [545, 1015], [525, 1015]], '으', 0.24690566315763363), ([[522, 1018], [548, 1018], [548, 1064], [522, 1064]], '옷', 0.9545098957025857), ([[529, 1065], [545, 1065], [545, 1089], [529, 1089]], '1', 0.9999617341841294), ([[67, 1205], [155, 1205], [155, 1301], [67, 1301]], '넷', 0.00945201594391798), ([[103, 1429], [123, 1429], [123, 1457], [103, 1457]], '중', 0.6688191413832669), ([[24, 1564], [64, 1564], [64, 1594], [24, 1594]], '03', 0.999999915706304), ([[668.3627110670069, 790.0684709082316], [722.0, 816.0], [708.6372889329931, 841.9315290917684], [656.0, 816.0]], ')', 0.10502075106995878), ([[417.3183180150092, 827.2912904420258], [536.5287904983545, 817.8810246292103], [537.6816819849907, 864.7087095579742], [418.47120950164543, 873.1189753707897]], '(-;', 0.01580292829891822), ([[327.45373221945306, 1138.0501539850466], [401.985474267813, 1171.7051383439198], [388.54626778054694, 1197.9498460149534], [315.014525732187, 1164.2948616560802]], '330', 0.18691519396917594)]
[([[1064, 1566], [1102, 1566], [1102, 1596], [1064, 1596]], '12', 0.999999915706304)]
[([[1068, 1564], [1106, 1564], [1106, 1594], [1068, 1594]], '14', 0.8793263480547335)]
[([[12, 1564], [52, 1564], [52, 1594], [12, 1594]], '15', 0.9999998314126102)]
[]
[([[16, 1562], [56, 1562], [56, 1592], [16, 1592]], '17', 0.999999915706304)]
[([[391, 191], [625, 191], [625, 251], [391, 251]], '역 / 식자 후기', 0.7842071230246896), ([[324, 316], [644, 316], [644, 370], [324, 370]], '역자:   서무 손잡고와', 0.4646304276624967), ([[338, 372], [664, 372], [664, 422], [338, 422]], '와 씨뜻  이건   개사기다', 0.3788129480378308), ([[341, 413], [435, 413], [435, 455], [341, 455]], '20분도', 0.6265161037445068), ([[451, 411], [695, 411], [695, 455], [451, 455]], '안되서   역질   다함', 0.38382312231120647), ([[341, 457], [477, 457], [477, 499], [341, 499]], '존나   날로', 0.8576682651594747), ([[489, 457], [553, 457], [553, 499], [489, 499]], '먹음', 0.9903493397264959), ([[324, 528], [414, 528], [414, 578], [324, 578]], '식자:', 0.9996271814951335), ([[426, 530], [540, 530], [540, 578], [426, 578]], '이초키', 0.8040376317851664), ([[339, 587], [535, 587], [535, 631], [339, 631]], '옛날   활동하다', 0.6474076409937508), ([[548, 592], [580, 592], [580, 626], [548, 626]], '그', 0.9999200121662888), ([[595, 587], [659, 587], [659, 629], [595, 629]], '녀석', 0.999439408654931), ([[673, 591], [761, 591], [761, 629], [673, 629]], '입너다', 0.9111054871325748), ([[339, 629], [429, 629], [429, 673], [339, 673]], '지금은', 0.9954053175444175), ([[441, 629], [507, 629], [507, 671], [441, 671]], '팀원', 0.9999716774352768), ([[518, 626], [764, 626], [764, 674], [518, 674]], '머려   처고   객원중', 0.4574489803736893), ([[339, 671], [431, 671], [431, 715], [339, 715]], '하루도', 0.9869498962919374), ([[442, 670], [852, 670], [852, 718], [442, 718]], '안걸리는   날로   먹는   작업인데', 0.19705136862586276), ([[344, 715], [779, 715], [779, 759], [344, 759]], '밤 ( 0 시   마지   잠만자서   하루걸림', 0.3878650390082889), ([[793, 717], [867, 717], [867, 757], [793, 757]], '시발!', 0.4217574408529933), ([[501, 803], [579, 803], [579, 845], [501, 845]], "'녹.", 0.07981897260358892), ([[503, 851], [573, 851], [573, 889], [503, 889]], '#소미', 0.26825863666005323), ([[385, 909], [693, 909], [693, 945], [385, 945]], '0스실 42+>) 당', 0.0028050257425511426), ([[453, 949], [619, 949], [619, 991], [453, 991]], '#방내단   #', 0.11896105369724418), ([[503, 997], [575, 997], [575, 1033], [503, 1033]], '티]]', 0.0900400657245304), ([[425, 1039], [649, 1039], [649, 1079], [425, 1079]], '#-031국   사*', 0.11961402057514837), ([[447, 1085], [623, 1085], [623, 1121], [447, 1121]], '0-)>', 0.07637888193130493), ([[520, 1132], [612, 1132], [612, 1162], [520, 1162]], '하<하마이서+', 9.955954820875537e-05), ([[487, 1173], [585, 1173], [585, 1209], [487, 1209]], '포수주 타', 0.03132233798623591), ([[462, 1220], [608, 1220], [608, 1250], [462, 1250]], '2011.12.31', 0.6069390922341816), ([[465, 1259], [583, 1259], [583, 1295], [465, 1295]], '071) 드', 0.11423056197607426), ([[309, 1303], [561, 1303], [561, 1343], [309, 1343]], '훌 :/ /+맥`어도40_-`.]', 0.00020825614909538267), ([[615, 1307], [761, 1307], [761, 1343], [615, 1343]], '^미아6;.스/', 0.003860510063683376), ([[275, 1361], [779, 1361], [779, 1405], [275, 1405]], '시미 스 #숨0)#|#- 워 . #못셋하속(*}', 0.0005481186463551875), ([[377, 1423], [693, 1423], [693, 1465], [377, 1465]], '*18#*수 #;0)[신%[', 0.004388680783982473), ([[457.3447882227953, 1133.3585340901495], [519.384931360359, 1128.8687469212555], [520.6552117772047, 1162.6414659098505], [458.615068639641, 1167.1312530787445]], '명히지.', 0.0008966329623945057), ([[552.9011154884105, 1303.1539042094366], [625.835737023245, 1312.8654862325614], [620.0988845115895, 1345.8460957905634], [547.164262976755, 1336.1345137674386]], '6어8.{', 0.048407294722921726)]
[]
