460233
27
[([[8, 114], [354, 114], [354, 260], [8, 260]], '보라빛', 0.5571898221969604), ([[178, 262], [272, 262], [272, 312], [178, 312]], '으로', 0.9998173404450582), ([[0, 290], [192, 290], [192, 416], [0, 416]], '물들', 0.9996408434505647), ([[156, 442], [190, 442], [190, 470], [156, 470]], '다', 0.9999634030829476), ([[904, 1425], [1058, 1425], [1058, 1455], [904, 1455]], '역자:니|본서<니', 0.0011357710893070945), ([[904, 1455], [1026, 1455], [1026, 1487], [904, 1487]], '식자:라이트', 0.9597729365926996), ([[902, 1490], [1039, 1490], [1039, 1521], [902, 1521]], ':어, ^|나이+ 이미훨', 9.833756763506341e-05), ([[971, 1525], [1077, 1525], [1077, 1561], [971, 1561]], '훔시하]', 0.11151626706123352), ([[2057, 1541], [2209, 1541], [2209, 1577], [2057, 1577]], '*9"3**@', 0.004013087142912698)]
[]
[]
[([[170, 208], [243, 208], [243, 257], [170, 257]], '하루', 0.8524820742522004), ([[173, 253], [241, 253], [241, 295], [173, 295]], '레이', 0.9796319579123463), ([[175, 295], [243, 295], [243, 335], [175, 335]], '신사', 0.9999771564845276), ([[976, 716], [1026, 716], [1026, 746], [976, 746]], '저기', 0.9999786737612593), ([[954, 746], [1026, 746], [1026, 778], [954, 778]], '레이무', 0.9745452815364344), ([[420, 900], [468, 900], [468, 930], [420, 930]], '혹시', 0.9998500448062916), ([[397, 929], [495, 929], [495, 965], [397, 965]], '괜찮다면', 0.998501718044281), ([[117, 1157], [243, 1157], [243, 1193], [117, 1193]], '전에 말햇던', 0.4899485270628421), ([[117, 1187], [245, 1187], [245, 1223], [117, 1223]], '그것에 관한', 0.9531866856613691), ([[114, 1216], [233, 1216], [233, 1253], [114, 1253]], '이야기인데', 0.999626967617764), ([[958, 1278], [1006, 1278], [1006, 1310], [958, 1310]], '지금', 0.9999880303160049), ([[960, 1306], [1006, 1306], [1006, 1338], [960, 1338]], '부터', 0.9993039736177428), ([[869, 1383], [963, 1383], [963, 1423], [869, 1423]], '어이_', 0.9967840643541673), ([[867, 1421], [977, 1421], [977, 1463], [867, 1463]], '레이무!', 0.8964084982872009)]
[([[964, 136], [1002, 136], [1002, 160], [964, 160]], '미안', 0.9984852413301192), ([[960, 156], [1012, 156], [1012, 180], [960, 180]], '나중에', 0.9110023379325867), ([[144, 182], [174, 182], [174, 212], [144, 212]], '레', 0.9848520627106474), ([[122, 212], [196, 212], [196, 244], [122, 244]], '레이무', 0.9845983109353259), ([[262, 432], [364, 432], [364, 504], [262, 504]], '움느', 0.004240215012173888), ([[869, 469], [1009, 469], [1009, 513], [869, 513]], '지금 갈게', 0.8909708989820098), ([[684, 532], [712, 532], [712, 556], [684, 556]], '맛.', 0.2656703927810428)]
[([[560, 1110], [644, 1110], [644, 1142], [560, 1142]], '유카리?', 0.8379003873185719), ([[775.2891314594269, 167.08543898365062], [834.9470156992675, 183.43866367633], [826.7108685405731, 213.91456101634938], [766.0529843007325, 196.56133632367]], '@혼', 0.17331799834365377), ([[842.6153846153846, 200.07692307692307], [882.9988681377245, 211.95243485058455], [878.3846153846154, 225.92307692307693], [839.0011318622755, 214.04756514941545]], '90', 0.9208285111456497)]
[([[929, 173], [985, 173], [985, 209], [929, 209]], '최근.', 0.990653792363377), ([[916, 202], [1013, 202], [1013, 239], [916, 239]], '유카리와', 0.5599007235500298), ([[502, 224], [624, 224], [624, 284], [502, 284]], '+") ', 0.1088029454018467), ([[942, 236], [992, 236], [992, 266], [942, 266]], '전혀', 0.9999431022286218), ([[916, 265], [1010, 265], [1010, 295], [916, 295]], '만나보지', 0.9902611970901489), ([[919, 293], [1017, 293], [1017, 329], [919, 329]], '못햇구나', 0.8399766683578491), ([[840, 712], [936, 712], [936, 738], [840, 738]], '그러고보니', 0.9998803669936625), ([[180, 738], [258, 738], [258, 766], [180, 766]], '평소라면', 0.9936301112174988), ([[858, 738], [918, 738], [918, 764], [858, 764]], '그후로', 0.9953841323909379), ([[172, 764], [266, 764], [266, 790], [172, 790]], '여러가지로', 0.9998991863798103), ([[826, 762], [950, 762], [950, 792], [826, 792]], '한번도 이곳에', 0.7816416788764128), ([[188, 788], [250, 788], [250, 816], [188, 816]], '내결에', 0.4171861823903462), ([[836, 786], [934, 786], [934, 816], [836, 816]], '오지앉앉어.', 0.6495296677854265), ([[174, 814], [256, 814], [256, 844], [174, 844]], '잇는데도.', 0.6457444248653744), ([[898, 1150], [942, 1150], [942, 1176], [898, 1176]], '같이', 0.9998106816057768), ([[162, 1182], [238, 1182], [238, 1210], [162, 1210]], '유카리는', 0.7967308163642883), ([[872, 1174], [952, 1174], [952, 1204], [872, 1204]], '잇는것이', 0.21633918583393097), ([[178, 1206], [224, 1206], [224, 1236], [178, 1236]], '항상', 0.9996280321806532), ([[868, 1200], [962, 1200], [962, 1226], [868, 1226]], '보통이라서', 0.9891321234421347), ([[182, 1232], [242, 1232], [242, 1258], [182, 1258]], '신사에', 0.9986214146508516), ([[872, 1226], [950, 1226], [950, 1252], [872, 1252]], '신경쓰지', 0.9979376792907715), ([[176, 1258], [224, 1258], [224, 1282], [176, 1282]], '와서', 0.9912115978025378), ([[864, 1250], [946, 1250], [946, 1278], [864, 1278]], '않앗지만', 0.23212145268917084)]
[([[964, 230], [998, 230], [998, 260], [964, 260]], '4', 0.24925817527122618), ([[898, 312], [1014, 312], [1014, 368], [898, 368]], '리', 0.25467673276526526), ([[903, 561], [965, 561], [965, 625], [903, 625]], '!?', 0.6954044688845866), ([[478, 904], [528, 904], [528, 936], [478, 936]], '너는', 0.6661518271000962), ([[120, 1038], [190, 1038], [190, 1070], [120, 1070]], '유카리', 0.998841825295153)]
[([[656, 158], [682, 158], [682, 186], [656, 186]], '수', 0.9999042772313125), ([[610, 186], [728, 186], [728, 216], [610, 216]], '수면이라니.', 0.9964474476562178), ([[626, 214], [716, 214], [716, 246], [626, 246]], '유카리는', 0.8799437880516052), ([[401, 247], [557, 247], [557, 283], [401, 283]], '보통 유카리님의', 0.7750750587494556), ([[626, 242], [716, 242], [716, 272], [626, 272]], '언제든지', 0.9446924328804016), ([[408, 278], [548, 278], [548, 308], [408, 308]], '가장 가까이에', 0.9994986533227376), ([[612, 270], [736, 270], [736, 302], [612, 302]], '자고있잡아..', 0.7301849904801172), ([[421, 303], [557, 303], [557, 339], [421, 339]], '눈 당신이라면', 0.8129083095852396), ([[402, 334], [554, 334], [554, 366], [402, 366]], '알고있올거라고', 0.5099177485915118), ([[416, 362], [550, 362], [550, 394], [416, 394]], '생각햇습니다', 0.7727248094312337), ([[458, 390], [506, 390], [506, 420], [458, 420]], '만은', 0.999647417673532), ([[646, 534], [692, 534], [692, 558], [646, 558]], '어라', 0.891281983917838), ([[638, 558], [714, 558], [714, 586], [638, 586]], '유카리님', 0.9957953691482544), ([[636, 584], [710, 584], [710, 610], [636, 610]], '으로부터', 0.9989807605743408), ([[614, 608], [736, 608], [736, 636], [614, 636]], '아무것도 듣지', 0.9244918280588162), ([[612, 634], [738, 634], [738, 662], [612, 662]], '암으석습니까?', 0.4548925187418824), ([[640, 660], [722, 660], [722, 684], [640, 684]], '그나저나', 0.8746573939929446), ([[626, 684], [724, 684], [724, 712], [626, 712]], '의외이군요', 0.9993713213891552), ([[228, 864], [328, 864], [328, 892], [228, 892]], '그분에계는', 0.3951426800849574), ([[226, 888], [328, 888], [328, 918], [226, 918]], '지금 신체틀', 0.8363844549998688), ([[944, 882], [1010, 882], [1010, 912], [944, 912]], '유카리', 0.998692223354318), ([[216, 914], [346, 914], [346, 940], [216, 940]], '휴식하기위해서', 0.9986979880311809), ([[700, 904], [812, 904], [812, 936], [700, 936]], '요괴는 힘이', 0.7531499236346669), ([[948, 908], [994, 908], [994, 940], [948, 940]], '남은', 0.9169453245293787), ([[248, 938], [306, 938], [306, 964], [248, 964]], '수면이', 0.9133515983312926), ([[712, 934], [804, 934], [804, 964], [712, 964]], '강하다면', 0.9999130368232727), ([[956, 938], [996, 938], [996, 962], [956, 962]], '요괴', 0.6063671949308789), ([[214, 964], [350, 964], [350, 994], [214, 994]], '필요하신청니다', 0.47081755395770275), ([[498, 960], [648, 960], [648, 990], [498, 990]], '허나 그 강력함올', 0.753251992356797), ([[720, 962], [786, 962], [786, 988], [720, 988]], '신체도', 0.9988821148872375), ([[942, 966], [1012, 966], [1012, 996], [942, 996]], '입니다', 0.9500294091424952), ([[528, 986], [622, 986], [622, 1012], [528, 1012]], '유지하려면', 0.9923509565540267), ([[704, 988], [814, 988], [814, 1020], [704, 1020]], '건강합니다', 0.962998400969145), ([[494, 1012], [652, 1012], [652, 1038], [494, 1038]], '휴식도 필요합니다', 0.716425332003323), ([[514, 1036], [634, 1036], [634, 1066], [514, 1066]], '유카리님은 이', 0.771110611924961), ([[513, 1061], [631, 1061], [631, 1091], [513, 1091]], '환상항이라는', 0.8038538964726709), ([[512, 1084], [634, 1084], [634, 1116], [512, 1116]], '거대한 정보름', 0.5570229103278592), ([[510, 1112], [628, 1112], [628, 1138], [510, 1138]], '관리하시기에.', 0.9960569936664346), ([[526, 1136], [610, 1136], [610, 1164], [526, 1164]], '그것은 즉', 0.9941704935851713), ([[354, 1160], [458, 1160], [458, 1186], [354, 1186]], '지금은 저도', 0.9995577351789907), ([[534, 1162], [612, 1162], [612, 1188], [534, 1188]], '그만큼의', 0.9998776912689209), ([[326, 1184], [482, 1184], [482, 1214], [326, 1214]], '돕고있습니다만은.', 0.9011563428460391), ([[530, 1186], [616, 1186], [616, 1212], [530, 1212]], '긴 휴식이', 0.9773361709301934), ([[360, 1210], [454, 1210], [454, 1236], [360, 1236]], '유카리님은', 0.8634571945529349), ([[526, 1212], [624, 1212], [624, 1238], [526, 1238]], '필요하다는', 0.7883498145564484), ([[324, 1234], [490, 1234], [490, 1262], [324, 1262]], '그 시간을 사용해서', 0.8604091382613831), ([[538, 1236], [618, 1236], [618, 1266], [538, 1266]], '것입니다', 0.9798115491867065), ([[322, 1260], [490, 1260], [490, 1288], [322, 1288]], '매일 당신올 만나러', 0.6988507012913132), ([[342, 1281], [485, 1281], [485, 1318], [342, 1318]], '오시논것입니다.', 0.40734488516205025)]
[([[256, 134], [318, 134], [318, 166], [256, 166]], '사 -', 0.09826251817313736), ([[136, 180], [198, 180], [198, 208], [136, 208]], '안심해', 0.999936130194969), ([[109, 203], [216, 203], [216, 233], [109, 233]], '나는 언제나', 0.992653941508157), ([[122, 230], [202, 230], [202, 256], [122, 256]], '레이무의', 0.9899072647094727), ([[512, 224], [636, 224], [636, 252], [512, 252]], '너게에 그이상', 0.6593515437576422), ([[108, 254], [220, 254], [220, 284], [108, 284]], '곁에 있올게.', 0.13246964233314204), ([[516, 248], [642, 248], [642, 278], [516, 278]], '말하게 활수는', 0.7484411144900204), ([[558, 274], [600, 274], [600, 302], [558, 302]], '없어', 0.9998549336294775), ([[944, 640], [1006, 640], [1006, 672], [944, 672]], '흐웃?', 0.6147848963737488), ([[431, 799], [477, 799], [477, 843], [431, 843]], '7*', 0.2953469641351874), ([[557, 846], [657, 846], [657, 878], [557, 878]], '내 소중한', 0.9939834114028024), ([[702, 842], [772, 842], [772, 874], [702, 874]], '왜냐면', 0.9995981386351027), ([[906, 834], [976, 834], [976, 864], [906, 864]], '하물려', 0.27959710045919967), ([[568, 874], [654, 874], [654, 906], [568, 906]], '공주님올', 0.6783134341239929), ([[878, 862], [1002, 862], [1002, 894], [878, 894]], '긴 잠이라니.', 0.7691277441775886), ([[930, 890], [966, 890], [966, 922], [930, 922]], '응?', 0.9989925861301944), ([[631, 1021], [651, 1021], [651, 1043], [631, 1043]], '애', 0.9446765957993684), ([[158, 1262], [206, 1262], [206, 1292], [158, 1292]], '이런', 0.9999147801359076), ([[134, 1285], [229, 1285], [229, 1322], [134, 1322]], '바람속에', 0.9970094561576843), ([[126, 1316], [236, 1316], [236, 1348], [126, 1348]], '세워둘수는', 0.6686728736392022), ([[152, 1346], [220, 1346], [220, 1378], [152, 1378]], '없는결', 0.8591411708631876), ([[644.5143570688214, 1054.1258427238783], [654.3987261114145, 1051.0829299437469], [661.4856429311786, 1073.8741572761217], [651.6012738885855, 1075.9170700562531]], '0', 0.9502948684066759)]
[([[205, 133], [259, 133], [259, 175], [205, 175]], '팀 ', 0.01707790123199123), ([[809, 147], [867, 147], [867, 183], [809, 183]], '$ 3', 0.0667264239006932), ([[961, 149], [979, 149], [979, 177], [961, 177]], '옷', 0.7759365501701865), ([[881, 822], [938, 822], [938, 860], [881, 860]], '하앗', 0.19086196213141143)]
[([[236, 148], [290, 148], [290, 178], [236, 178]], '하아', 0.9998494547763805), ([[128, 258], [180, 258], [180, 286], [128, 286]], '하아', 0.998892897577679), ([[293, 519], [337, 519], [337, 583], [293, 583]], '(', 0.9563802117523643), ([[842, 852], [872, 852], [872, 890], [842, 890]], '7', 0.9987515533808278), ([[981, 851], [1053, 851], [1053, 887], [981, 887]], '유카리', 0.9995852001461812)]
[([[958, 398], [1004, 398], [1004, 428], [958, 428]], '으웃', 0.8848726261935449), ([[339, 437], [389, 437], [389, 473], [339, 473]], '구옷', 0.3986813675279773), ([[534, 668], [630, 668], [630, 740], [534, 740]], '*보"', 0.004735711669563713), ([[328, 850], [356, 850], [356, 884], [328, 884]], '웃', 0.9675200064230616), ([[558, 994], [582, 994], [582, 1032], [558, 1032]], '옷', 0.9348887921325435), ([[131, 1075], [181, 1075], [181, 1111], [131, 1111]], '으옷', 0.3997270825676817), ([[541, 1281], [595, 1281], [595, 1317], [541, 1317]], '흐듯', 0.12015397401326804), ([[616, 1264], [672, 1264], [672, 1314], [616, 1314]], '56', 0.0042376616820358395), ([[642, 1314], [668, 1314], [668, 1354], [642, 1354]], '3', 0.9983109221695976), ([[536.6617806810696, 1166.1824104518503], [565.5910644489255, 1142.0350586290253], [620.3382193189304, 1211.8175895481497], [591.4089355510745, 1235.9649413709747]], '{', 0.26204253325795435), ([[878.2155354594472, 1279.0776772972363], [927.9994255762159, 1308.9322131258268], [910.7844645405528, 1336.9223227027637], [861.0005744237841, 1308.0677868741732]], ',', 0.00743106278859923), ([[859.5144372945836, 1425.286093236459], [884.5578740873835, 1402.0390939795766], [933.4855627054164, 1457.713906763541], [908.4421259126165, 1480.9609060204234]], '푹', 0.03673205981232308)]
[([[363, 132], [512, 132], [512, 199], [363, 199]], '(,30', 0.4154246747493744), ([[738, 190], [804, 190], [804, 240], [738, 240]], '대}', 0.03160003493515517), ([[808, 208], [851, 208], [851, 225], [808, 225]], '659', 0.10388470619233747), ([[941, 229], [991, 229], [991, 267], [941, 267]], '으못', 0.21518529943714781), ([[604, 428], [738, 428], [738, 502], [604, 502]], '{ 30', 0.08097336441278458), ([[903, 521], [935, 521], [935, 535], [903, 535]], '6어0', 0.00768517225841765), ([[822, 735], [928, 735], [928, 798], [822, 798]], '338', 0.08437209582360235), ([[826, 874], [900, 874], [900, 954], [826, 954]], '사}', 0.013947973182354365), ([[922, 1016], [970, 1016], [970, 1048], [922, 1048]], '하뜻', 0.32699886036903275)]
[([[727, 155], [747, 155], [747, 179], [727, 179]], '봇', 0.32346404668874484), ([[510, 182], [552, 182], [552, 212], [510, 212]], '푸엇', 0.11113074612807292), ([[312, 1024], [439, 1024], [439, 1091], [312, 1091]], "23 0'", 0.09330196604160022), ([[578, 1338], [653, 1338], [653, 1376], [578, 1376]], '레이무', 0.9386456101478685), ([[709.502481404895, 275.0248140489501], [748.4051672287939, 264.01644308583604], [783.497518595105, 384.9751859510499], [743.5948327712061, 396.98355691416396]], '%', 0.10131280865866543), ([[767.5176948604782, 416.0194162699289], [876.621415557192, 506.90245688164475], [840.4823051395218, 551.9805837300711], [731.378584442808, 461.09754311835525]], '(선@', 0.01855931002641813)]
[([[552, 154], [584, 154], [584, 184], [552, 184]], '앗.', 0.5953446416788432), ([[544, 182], [614, 182], [614, 214], [544, 214]], '유카리', 0.9988323976693115), ([[510, 688], [582, 688], [582, 720], [510, 720]], '레이무', 0.950447477289613), ([[930, 1432], [980, 1432], [980, 1462], [930, 1462]], '예버', 0.7568543626211948), ([[142, 1446], [186, 1446], [186, 1476], [142, 1476]], '흐듯', 0.8562856914501142), ([[235.48160156597564, 637.045128926061], [257.56133632367, 634.0529843007325], [266.5183984340244, 699.954871073939], [244.43866367633, 702.9470156992675]], '값', 0.014616854470944851), ([[140.48484567609077, 901.033311705899], [174.8961651963949, 896.1016813956821], [187.51515432390923, 985.966688294101], [153.1038348036051, 990.8983186043179]], '$', 0.05164303425175398)]
[([[120, 182], [168, 182], [168, 212], [120, 212]], '거긴', 0.9630044355426314), ([[660, 163], [768, 163], [768, 240], [660, 240]], '3 @', 0.9911749362945557), ([[906, 466], [960, 466], [960, 518], [906, 518]], '넓6', 0.012473911923232054), ([[615, 573], [709, 573], [709, 659], [615, 659]], '(생', 0.043649103631735534), ([[988, 600], [1012, 600], [1012, 628], [988, 628]], '못', 0.9904683167949067), ([[130, 738], [156, 738], [156, 764], [130, 764]], '유', 0.9999254955818095), ([[118, 764], [182, 764], [182, 794], [118, 794]], '유카리', 0.9956711000567201), ([[853, 769], [873, 769], [873, 795], [853, 795]], '0', 0.876978353063862), ([[924, 1000], [994, 1000], [994, 1030], [924, 1030]], '레이무', 0.9568732061130354), ([[916, 1026], [1024, 1026], [1024, 1056], [916, 1056]], '여기 약해?', 0.845365864708076), ([[116, 1254], [188, 1254], [188, 1284], [116, 1284]], '아니야', 0.9999785952953981), ([[488, 1352], [522, 1352], [522, 1378], [488, 1378]], '아:', 0.868351047641497), ([[478, 1380], [534, 1380], [534, 1408], [478, 1408]], '아니.', 0.3741880397683587)]
[([[543, 207], [639, 207], [639, 245], [543, 245]], '레이무!', 0.8869995474815369), ([[765, 489], [828, 489], [828, 530], [765, 530]], '나는', 0.9919736647462406), ([[118, 526], [146, 526], [146, 558], [118, 558]], '유', 0.99991488637842), ([[728, 522], [866, 522], [866, 570], [728, 570]], '유카리에게', 0.44595386555540345), ([[105, 557], [185, 557], [185, 595], [105, 595]], '유카리', 0.9948607819862887), ([[743, 565], [861, 565], [861, 605], [743, 605]], '약한거야', 0.5605637722543466), ([[130, 594], [160, 594], [160, 624], [130, 624]], '!?', 0.9991671955861774)]
[([[814, 154], [882, 154], [882, 180], [814, 180]], "유카리'", 0.340968519449234), ([[758, 178], [882, 178], [882, 208], [758, 208]], '갑자기 그런결', 0.5552400639069675), ([[794, 204], [862, 204], [862, 230], [794, 230]], '치사해.', 0.9828084707260132), ([[165, 413], [239, 413], [239, 449], [165, 449]], '유카리', 0.9995543680928083), ([[328, 656], [402, 656], [402, 688], [328, 688]], '레이무', 0.9750767906951809), ([[558, 670], [590, 670], [590, 700], [558, 700]], '33', 0.7924649868366023), ([[656, 874], [688, 874], [688, 906], [656, 906]], '앗', 0.4686398586550844), ([[656, 904], [686, 904], [686, 930], [656, 930]], '아', 0.9998952177794571), ([[114, 1056], [166, 1056], [166, 1088], [114, 1088]], '054', 0.09173369672837155), ([[238, 1076], [286, 1076], [286, 1104], [238, 1104]], '<54', 0.30885250765712585), ([[333, 1065], [353, 1065], [353, 1097], [333, 1097]], '옷', 0.929683517319063), ([[900, 1082], [942, 1082], [942, 1112], [900, 1112]], '으웃', 0.235911199065685), ([[349, 1265], [365, 1265], [365, 1289], [349, 1289]], '우', 0.9999833107690961), ([[123, 1295], [139, 1295], [139, 1367], [123, 1367]], '용', 0.6062477193670226), ([[960.349208626544, 1082.071438819448], [1010.9982179980608, 1105.8966131724806], [997.650791373456, 1132.928561180552], [947.0017820019392, 1108.1033868275194]], '04', 0.3950166469516126)]
[([[318, 282], [414, 282], [414, 338], [318, 338]], '갖...', 0.3843154311180115), ([[301, 341], [435, 341], [435, 397], [301, 397]], '아아아', 0.9944962674199291), ([[293, 399], [445, 399], [445, 459], [293, 459]], '아아아', 0.9990243244596065), ([[307, 459], [429, 459], [429, 519], [307, 519]], '아아!', 0.9437403144881791), ([[163, 613], [247, 613], [247, 675], [163, 675]], '("5', 0.060594560509881164), ([[931, 1047], [991, 1047], [991, 1087], [931, 1087]], '<7', 0.12056635747549033), ([[696, 1218], [768, 1218], [768, 1250], [696, 1250]], '레이무', 0.980184518762202), ([[944, 1264], [970, 1264], [970, 1292], [944, 1292]], '유', 0.9997972352778994), ([[929, 1289], [1001, 1289], [1001, 1325], [929, 1325]], '유카리', 0.9983629582701969)]
[]
[([[423, 935], [463, 935], [463, 973], [423, 973]], '2', 0.05509541917911864), ([[368, 966], [394, 966], [394, 1004], [368, 1004]], '수', 0.9998686356773447), ([[452, 982], [486, 982], [486, 1014], [452, 1014]], '0|', 0.22055693574477303), ([[528, 974], [566, 974], [566, 1004], [528, 1004]], '어', 0.818417887321857), ([[562, 946], [588, 946], [588, 1002], [562, 1002]], '1', 0.7126276753096796), ([[377, 1009], [417, 1009], [417, 1051], [377, 1051]], '제', 0.9872697642777872), ([[469, 1019], [507, 1019], [507, 1065], [469, 1065]], '무', 0.4460656034640955), ([[489, 1067], [525, 1067], [525, 1103], [489, 1103]], "으'", 0.696298047080793), ([[489.3391813995449, 879.0438604965868], [525.4926407250642, 866.0243286768509], [558.6608186004551, 963.9561395034132], [522.5073592749358, 976.9756713231491]], '맛', 0.8825619828715823), ([[392.2272685141362, 1061.0499675588485], [433.5797981043564, 1048.028079525129], [463.7727314858638, 1149.9500324411515], [422.4202018956436, 1162.971920474871]], '장', 0.5424740790076612), ([[429.03792769639495, 1162.0934312516142], [468.584206237837, 1145.0342469783857], [497.96207230360505, 1222.9065687483858], [458.415793762163, 1239.9657530216143]], '햇', 0.1872229783317927)]
[]
[([[113, 179], [321, 179], [321, 241], [113, 241]], '~서클 컷~', 0.5344615680089285), ([[117, 249], [599, 249], [599, 285], [117, 285]], '이번에는 컷그대로인 본편올 그럴수있없습니다!', 0.3352244691979223), ([[251, 922], [466, 922], [466, 976], [251, 976]], '#균히[꽃추이', 0.003516208794814167), ([[146, 1010], [172, 1010], [172, 1074], [146, 1074]], '%', 0.29920279540989725), ([[167, 1011], [196, 1011], [196, 1146], [167, 1146]], ';', 0.5434726602036335), ([[406, 1002], [482, 1002], [482, 1202], [406, 1202]], '#', 0.007423166288390348), ([[454, 1296], [478, 1296], [478, 1398], [454, 1398]], '%', 0.07032859992804763), ([[142, 1384], [346, 1384], [346, 1410], [142, 1410]], '"하할안,39어검3-덜|78+/', 1.5620394909124075e-06)]
[([[120, 188], [402, 188], [402, 238], [120, 238]], '~수지때사~', 0.02599079046543287), ([[119, 256], [728, 256], [728, 292], [119, 292]], '쉬미심하 자수*앞`- # \'한30)추"+도#순소 [족한풍 니- !', 3.0205537192881462e-05), ([[123, 299], [423, 299], [423, 335], [123, 335]], "=유사단 단-'록-한 탓다", 0.0008381611693484615), ([[144, 428], [248, 428], [248, 460], [144, 460]], '#표) | 단소', 0.6208684645002545), ([[119, 469], [684, 469], [684, 505], [119, 505]], "튀]3 그 )#+- '한3 탓손#( ' ((-+-한풍 내-", 0.0007231306987269737), ([[121, 511], [803, 511], [803, 547], [121, 547]], '70)*   시##(< 톤 내;스형근 5 1*8 * 8 탓보습내" 7 \' <당 !', 0.000994385177533227), ([[122, 555], [582, 555], [582, 588], [122, 588]], "때#568 2*40'0)##0'<+한0' !", 0.009074036089771417), ([[144, 640], [258, 640], [258, 672], [144, 672]], '닷@-;하단소', 0.0021974785160845667), ([[120, 684], [532, 684], [532, 716], [120, 716]], "주 < -7#제*6-'?한서} !", 0.013861621771806061), ([[120, 726], [850, 726], [850, 758], [120, 758]], '시미이) 시0)주-20)  그 17*소<학11  +즈2 <초36\' (당7";', 0.0012919303802058678), ([[119, 765], [679, 765], [679, 801], [119, 801]], '"시하 내2+ 앞변단통((+:" *#소" !', 0.00037850791420428203), ([[120, 938], [295, 938], [295, 970], [120, 970]], '갇다 7(규년 5 군"', 0.015958888619627742)]
[([[120, 186], [360, 186], [360, 236], [120, 236]], '~하노 한 ~', 0.07013091611403567), ([[116, 255], [647, 255], [647, 293], [116, 293]], '+3,{*그< 0)56#내(  :: 느대(껴 (넓다 블 내-', 0.00021896446525198148), ([[117, 299], [499, 299], [499, 335], [117, 335]], '쉬미치]& <0값트시"]4} &* 0 *당', 0.00019137707635571288), ([[119, 341], [789, 341], [789, 377], [119, 377]], "57*3*|-6  '한시(: 그니시슴우45 논-# -6/ | <당 !", 0.0008446935444165652), ([[117, 383], [685, 383], [685, 419], [117, 419]], '^나  #규슴성+7화 *#6 흐?*사따한다3', 0.00016584052378950547), ([[118, 428], [816, 428], [816, 460], [118, 460]], "42 < 39897 _*06초30' ! #  #6##0 ' <강* 니-", 0.002794288407558032), ([[117, 469], [371, 469], [371, 505], [117, 505]], "*[습초  '7화.", 0.009285002472293935), ([[117, 510], [758, 510], [758, 546], [117, 546]], '히다거다 1^-+닫; < (당34*단소<내-"하스<하', 0.0008929583827021848), ([[118, 555], [587, 555], [587, 587], [118, 587]], "@디 노습0 < 성 2 <사한#0 ' 손없6 '*화", 0.00037644908288768174), ([[118, 640], [596, 640], [596, 672], [118, 672]], '6 -(난2 <1저한80/8 5 <단" 풍 내', 0.001232193085371615), ([[117, 723], [779, 723], [779, 759], [117, 759]], "너{*다  ' 자#소소};( ' < < 1-단21-제#) ] 단소 간서--단 스", 6.362841588259242e-05), ([[117, 765], [255, 765], [255, 801], [117, 801]], '추": 빚 .', 0.0020983186062703886), ([[264, 768], [376, 768], [376, 800], [264, 800]], '<>자;', 0.23294176161289215), ([[386, 768], [772, 768], [772, 800], [386, 800]], '보디 316 한추46*" *}.. !', 0.0096433466050538), ([[115, 807], [482, 807], [482, 843], [115, 843]], '소 685+8 5 <"한0 *  !', 0.02639864139241702), ([[118, 1190], [282, 1190], [282, 1240], [118, 1240]], '~각사 ~', 0.2489626356396344), ([[118, 1262], [222, 1262], [222, 1292], [118, 1292]], '4-) )', 0.10901614963859285), ([[237, 1259], [379, 1259], [379, 1295], [237, 1295]], '* <값[*@', 0.021921451109327247), ([[406, 1259], [745, 1259], [745, 1297], [406, 1297]], '^++오:/|(서*.,운용어적;-교-덜어;.,.-/', 1.244600436135707e-06), ([[116, 1304], [222, 1304], [222, 1336], [116, 1336]], '#-스', 0.12236536173679981), ([[238, 1304], [366, 1304], [366, 1336], [238, 1336]], '"] | 내초소', 0.15536808103824945), ([[118, 1346], [194, 1346], [194, 1378], [118, 1378]], '하84711', 0.027173164022649583), ([[214, 1346], [412, 1346], [412, 1378], [214, 1378]], '2011시:12) ] 30/ 1', 0.3054400226897678), ([[434, 1346], [684, 1346], [684, 1378], [434, 1378]], '그 = " 1?-\'" 181', 0.23790551444498695), ([[116, 1390], [174, 1390], [174, 1420], [116, 1420]], '티이]', 0.013762481258786641), ([[188, 1388], [270, 1388], [270, 1420], [188, 1420]], '*둠;*', 0.0074442545883357525), ([[117, 1471], [855, 1471], [855, 1507], [117, 1507]], "*#_#숙한손씀-내*당   *1다-7) 3 )노하버근*0'디주한0'", 0.00018035007596493784), ([[118, 1516], [540, 1516], [540, 1548], [118, 1548]], '서((상바(히[시수/ 숨표 #( 추다', 0.00019606347858840565), ([[554, 1516], [1054, 1516], [1054, 1548], [554, 1548]], "18#&/;>;0)/;(:문}; . |표표소내**6 :단0'", 0.00026409464127265784)]
[([[15, 9], [208, 9], [208, 90], [15, 90]], '역자 후기', 0.9870654434745243), ([[362, 34], [410, 34], [410, 60], [362, 60]], '역자', 0.99752527624683), ([[424, 36], [516, 36], [516, 60], [424, 60]], '-즌규서뒤', 0.0023550721435866007), ([[34, 98], [392, 98], [392, 130], [34, 130]], '이동인지는 전후로 나물수가 있습니다.', 0.47167057401141343), ([[36, 124], [676, 124], [676, 156], [36, 156]], '우선 마리사가 술올 들고나오기전 네. 마치 한편의 밀로드라마 같아요', 0.47157428906334814), ([[34, 152], [316, 152], [316, 184], [34, 184]], '번역하면서 굉장히 슬쩍습니다.', 0.5122221138327898), ([[36, 180], [232, 180], [232, 210], [36, 210]], '그리고 마리사가 술올', 0.48649428513816856), ([[238, 179], [346, 179], [346, 209], [238, 209]], '들고나온후', 0.9802632122325131), ([[34, 232], [398, 232], [398, 264], [34, 264]], '50페이지중에서 3006가 신음소리없네요', 0.374188787077968), ([[34, 262], [64, 262], [64, 286], [34, 286]], '네', 0.9999327670907974), ([[70, 260], [550, 260], [550, 292], [70, 292]], '그래도 그덕에 50페이지라는 분량치고는 편햇습니다', 0.32354642670113715), ([[34, 286], [616, 286], [616, 318], [34, 318]], '개인적으로 동방에서 가장 좋아하는 캐릭터는 마리사입니다만은', 0.7225673822840262), ([[34, 314], [268, 314], [268, 346], [34, 346]], '이런것도 싫어하진 않아요', 0.8978183754490572), ([[36, 342], [342, 342], [342, 372], [36, 372]], '오히려 좋아하지요. 보기증잡아요', 0.5102669341339923), ([[36, 368], [326, 368], [326, 400], [36, 400]], '흐듯한것이 훈훈해지지 않나요?', 0.3412959108291543), ([[17, 403], [208, 403], [208, 480], [17, 480]], '식자 후기', 0.9531768160339443), ([[362, 426], [412, 426], [412, 454], [362, 454]], '식자', 0.9998843510064617), ([[422, 426], [486, 426], [486, 452], [422, 452]], '라이트', 0.8961964845657349), ([[38, 488], [432, 488], [432, 520], [38, 520]], '아르카나에 들어와서 다섯번째 식자 작업물', 0.6790265043370893), ([[40, 516], [170, 516], [170, 546], [40, 546]], '그림체 * * *', 0.7108590031015062), ([[376, 516], [530, 516], [530, 548], [376, 548]], '작업량 * * * *', 0.6477346122305994), ([[40, 544], [98, 544], [98, 568], [40, 568]], '스토리', 0.9981239835493236), ([[106, 546], [150, 546], [150, 570], [106, 570]], '**', 0.9969717449545835), ([[376, 544], [438, 544], [438, 570], [376, 570]], '난이도', 0.8518443783716253), ([[444, 546], [490, 546], [490, 570], [444, 570]], '**', 0.9958348119813506), ([[38, 570], [104, 570], [104, 600], [38, 600]], '강제성', 0.9999323448249736), ([[376, 570], [424, 570], [424, 600], [376, 600]], '귀찬든', 0.10186550009432958), ([[447, 575], [573, 575], [573, 595], [447, 595]], '******', 0.7143009883576732), ([[38, 596], [295, 596], [295, 628], [38, 628]], '총합점 * (?)인.[언제까지?]', 0.45054905357749314), ([[376, 596], [420, 596], [420, 626], [376, 626]], '작업', 0.9997038047983008), ([[419, 571], [439, 571], [439, 625], [419, 625]], '올', 0.98113223289198), ([[444, 596], [678, 596], [678, 628], [444, 628]], '표지 및 일부 배고 쉬운편', 0.7131842565652621), ([[38, 624], [142, 624], [142, 654], [38, 654]], '백합이네요', 0.9208117326375248), ([[376, 624], [650, 624], [650, 656], [376, 656]], '신음 소리가 말풍선 안에 잇고', 0.5903725962221132), ([[38, 650], [278, 650], [278, 682], [38, 682]], '싫진 않지만 제취향은 아뇨', 0.47105874783973173), ([[377, 647], [625, 647], [625, 683], [377, 683]], '손글씨가 아난제 질 좋아요', 0.3185569736079749), ([[40, 678], [334, 678], [334, 710], [40, 710]], '그리고 유카리 모자 벗은거 점화.', 0.6538096516293945), ([[37, 701], [503, 701], [503, 737], [37, 737]], '검으로 지금 감기 결런 상태에서 작업한거라 . [뭐.]', 0.32387316856562703), ([[126, 734], [180, 734], [180, 762], [126, 762]], '좋다', 0.9979141158674902), ([[38, 848], [616, 848], [616, 880], [38, 880]], '번역팀 아르카나에서 함께 작업하실 역자, 식자남올 모집합니다.', 0.5376983227069904), ([[37, 874], [516, 874], [516, 906], [37, 906]], '관심이있으신 분들은 +@3어-*<3,하@9<리;|.<기< 로', 2.4253895477783172e-05), ([[38, 902], [234, 902], [234, 934], [38, 934]], '연락주시기 바람니다.', 0.5795658359923271), ([[72, 928], [600, 928], [600, 958], [72, 958]], '2차 배포는 무단 수정올 하지 안는 한 얼마튼지 배포 가능합니다.', 0.5725752375374634), ([[615, 971], [689, 971], [689, 985], [615, 985]], '12.01.28 16.10', 0.6702194069017662), ([[19.147035781551683, 777.2175502825171], [154.85994340570036, 765.8840339565797], [156.8529642184483, 834.7824497174829], [21.140056594299647, 846.1159660434203]], '팀정보', 0.9955721871312376)]
