500583
30
[([[4, 0], [364, 0], [364, 99], [4, 99]], '#쉬 저째다', 0.006573811564543206), ([[2, 73], [363, 73], [363, 158], [2, 158]], '@0# 표로권0', 0.00046738169501697697), ([[41, 140], [264, 140], [264, 188], [41, 188]], '때준미소데소', 0.12957714268381182), ([[39, 181], [235, 181], [235, 225], [39, 225]], '물@테머표리', 0.03185442143687758), ([[99, 561], [267, 561], [267, 581], [99, 581]], '여자 [ 식자 9 배드보이트', 0.22692335842605202), ([[375, 519], [548, 519], [548, 592], [375, 592]], '@3또', 0.017594272629937468)]
[([[542, 72], [828, 72], [828, 120], [542, 120]], '프립적 @이 @미장', 0.056773232010301364), ([[545, 109], [677, 109], [677, 153], [545, 153]], '짙어울렉', 0.4288526773452759), ([[97, 135], [171, 135], [171, 177], [97, 177]], '@입', 0.26594660780913915), ([[95, 171], [333, 171], [333, 215], [95, 215]], '세일러움 @시는', 0.07856762273780807), ([[97, 207], [305, 207], [305, 251], [97, 251]], '훨신합 모습이', 0.2576053804995408), ([[94, 242], [308, 242], [308, 290], [94, 290]], '혜일 @내니교', 0.03389205784526927)]
[([[684, 199], [818, 199], [818, 243], [684, 243]], '그럼지만', 0.3109259009361267), ([[686, 235], [848, 235], [848, 277], [686, 277]], '따리이가}', 0.19012783427193491), ([[685, 271], [889, 271], [889, 315], [685, 315]], '너문 짧음럽6', 0.1921290528920567), ([[21, 485], [215, 485], [215, 529], [21, 529]], '그만애주세요', 0.5989911465712949), ([[21, 521], [421, 521], [421, 565], [21, 565]], '맞선시진올 실영애 주없으면', 0.028508839858397222), ([[21, 557], [289, 557], [289, 601], [21, 601]], '합다보 말해온없음', 0.15787018154347132), ([[19, 593], [187, 593], [187, 637], [19, 637]], '아미장이야', 0.691837461408361), ([[21, 701], [379, 701], [379, 745], [21, 745]], '@ 의상이 제일로 남자흘', 0.40375138827264956), ([[21, 737], [321, 737], [321, 781], [21, 781]], '끌어들일순 있으니까', 0.5067814945989023)]
[([[709, 63], [843, 63], [843, 105], [709, 105]], '이것으로', 0.7577201534750941), ([[713, 97], [863, 97], [863, 141], [713, 141]], ';찮율끼?', 0.08107781981059481), ([[34, 781], [275, 781], [275, 831], [34, 831]], '괜찬네요 이미장', 0.66961498105896), ([[35, 823], [241, 823], [241, 865], [35, 865]], '그럼 지금분터', 0.5714771841181214), ([[33, 857], [181, 857], [181, 901], [33, 901]], '대가 분름', 0.46050368776527506), ([[31, 893], [298, 893], [298, 937], [31, 937]], '아마초어 카메라맨', 0.5381281782655235), ([[33, 931], [199, 931], [199, 973], [33, 973]], '관오타씨가', 0.1147926058015687), ([[35, 965], [274, 965], [274, 1009], [35, 1009]], '촬영올 애출메야', 0.17411908698680162)]
[([[661, 79], [823, 79], [823, 121], [661, 121]], '안녕하세요', 0.7807254425384968), ([[661, 115], [855, 115], [855, 159], [661, 159]], '간오타입)다', 0.036206457961185615), ([[657, 187], [821, 187], [821, 229], [657, 229]], '@아|아형', 0.003209804555688136), ([[658, 222], [865, 222], [865, 267], [658, 267]], '이미장 좁다6', 0.2585745159848043), ([[657, 293], [794, 293], [794, 341], [657, 341]], '@미장의', 0.530419111251831), ([[659, 331], [825, 331], [825, 375], [659, 375]], '여러가지와', 0.20795013305813498), ([[661, 369], [763, 369], [763, 409], [661, 409]], '더지클', 0.04332813748462048), ([[659, 403], [838, 403], [838, 447], [659, 447]], '다듬 촬영해', 0.14619549034720156), ([[661, 441], [823, 441], [823, 483], [661, 483]], '출테신까요', 0.02107980732959672), ([[29, 833], [101, 833], [101, 873], [29, 873]], '잠깐', 0.9908022563140723), ([[29, 871], [187, 871], [187, 909], [29, 909]], '만오타씨6', 0.15334914026371235), ([[29, 905], [205, 905], [205, 947], [29, 947]], '조금 전분터', 0.22046922318616285), ([[29, 941], [191, 941], [191, 981], [29, 981]], '@리사이만', 0.5559871020108366), ([[26, 972], [284, 972], [284, 1020], [26, 1020]], '콤고있지 &신요3', 0.020815707450997034)]
[([[515, 73], [613, 73], [613, 111], [515, 111]], '저기 .', 0.9892947198462138), ([[511, 105], [721, 105], [721, 149], [511, 149]], '이제 더이상은', 0.7920674431930829), ([[513, 138], [678, 138], [678, 186], [513, 186]], '무리입니다', 0.9535661871093158), ([[33, 739], [103, 739], [103, 779], [33, 779]], '그럼', 0.3405346973704785), ([[29, 773], [135, 773], [135, 817], [29, 817]], '이것올', 0.2469166373699557), ([[29, 808], [211, 808], [211, 853], [29, 853]], '입어 준세요', 0.5978828015589676)]
[([[519, 39], [697, 39], [697, 81], [519, 81]], '@아 @아}.', 0.0374690530791801), ([[521, 77], [627, 77], [627, 117], [521, 117]], '우사기_', 0.9831627607345581), ([[518, 110], [833, 110], [833, 155], [518, 155]], '아미장의 에로 수영복', 0.8327216196598624), ([[523, 147], [729, 147], [729, 191], [523, 191]], '견필수가 없다', 0.2083891378746706), ([[521, 221], [729, 221], [729, 261], [521, 261]], '자지가 발기해', 0.9554322142585754), ([[523, 255], [817, 255], [817, 299], [523, 299]], '촬영이 불가능하다 !', 0.7564534561143859), ([[661, 449], [849, 449], [849, 493], [661, 493]], '뭐..그립다면', 0.405617083787532), ([[659, 487], [865, 487], [865, 529], [659, 529]], '어절수 없네요', 0.7819825610636526), ([[677, 597], [697, 597], [697, 621], [677, 621]], '군', 0.006040399766394311), ([[705, 593], [807, 593], [807, 635], [705, 635]], '세일러', 0.9733535225440804), ([[659, 626], [856, 626], [856, 675], [659, 675]], '타임스톱 ! ! !', 0.3932587082671218), ([[29, 768], [166, 768], [166, 819], [29, 819]], '@것-로', 0.2391548603773117), ([[31, 807], [165, 807], [165, 851], [31, 851]], '@미장음', 0.21827512979507446), ([[32, 840], [272, 840], [272, 888], [32, 888]], '움직일숙 없어요', 0.5185579441835887), ([[31, 915], [165, 915], [165, 959], [31, 959]], '@음대로', 0.566363513469696), ([[30, 950], [302, 950], [302, 998], [30, 998]], '애버활순 있다는컷', 0.057621644320059916)]
[([[501, 5], [571, 5], [571, 49], [501, 49]], '훈우', 0.3059428556026233), ([[495, 38], [706, 38], [706, 88], [495, 88]], '깨끗히 해다 ', 0.17725071185089894), ([[499, 113], [813, 113], [813, 157], [499, 157]], '매일 미소녀 피규어에', 0.9134971966712538), ([[500, 148], [813, 148], [813, 193], [500, 193]], '뿌리고 있어서 그런지', 0.8778216086949104), ([[501, 184], [779, 184], [779, 227], [501, 227]], '귀여운 여자틀 보면', 0.31640725529178243), ([[501, 221], [765, 221], [765, 263], [501, 263]], '반사적으로 뿌리고', 0.9986208574231429), ([[501, 257], [769, 257], [769, 301], [501, 301]], '싶어저서 큰일이야', 0.9355579080454673), ([[600, 558], [630, 558], [630, 594], [600, 594]], '부', 0.9999959468882622)]
[([[459, 71], [699, 71], [699, 115], [459, 115]], '이번은 바다에서', 0.4848676854496746), ([[461, 104], [702, 104], [702, 154], [461, 154]], '수영볼 살영이야', 0.35266819135713723), ([[533, 307], [637, 307], [637, 347], [533, 347]], '예전의', 0.5501699447631836), ([[537, 343], [637, 343], [637, 385], [537, 385]], '수영복', 0.9995708852484126), ([[535, 377], [667, 377], [667, 419], [535, 419]], '어떤계든', 0.30309733124014804), ([[536, 409], [744, 409], [744, 458], [536, 458]], '빌월수 회어서', 0.4985150927546891), ([[539, 449], [697, 449], [697, 493], [539, 493]], '다행이없다', 0.9917790208170382), ([[574, 722], [679, 722], [679, 765], [574, 765]], '근래요', 0.22697098553180695), ([[573, 759], [709, 759], [709, 803], [573, 803]], '이미장음', 0.17098332941532135), ([[575, 794], [739, 794], [739, 842], [575, 842]], '망순영봉이', 0.10584503038508515), ([[575, 831], [695, 831], [695, 875], [575, 875]], '제일 잘', 0.7133554799945505), ([[575, 869], [739, 869], [739, 911], [575, 911]], '어울리나짜', 0.2751188927730144), ([[575, 905], [647, 905], [647, 947], [575, 947]], '문움', 0.2865552019908779)]
[([[459, 65], [609, 65], [609, 105], [459, 105]], '하아 아야', 0.4705689491789454), ([[459, 99], [625, 99], [625, 143], [459, 143]], '이수영복로', 0.20348151673408008), ([[463, 135], [639, 135], [639, 179], [463, 179]], '건듭순 없어', 0.015788033175179315), ([[461, 209], [669, 209], [669, 249], [461, 249]], '자지가 발기해', 0.7543984160264582), ([[463, 243], [745, 243], [745, 287], [463, 287]], '촬영 불가능이다 !!', 0.6463366406501566), ([[555, 407], [701, 407], [701, 449], [555, 449]], '어이어이:', 0.6624702572423811), ([[557, 443], [807, 443], [807, 487], [557, 487]], '정말 어절수 없는', 0.5001210604340909), ([[559, 483], [671, 483], [671, 521], [559, 521]], '남자네 .', 0.5091319656919719), ([[560, 558], [626, 558], [626, 590], [560, 590]], '네네', 0.9943136042108331), ([[557, 587], [721, 587], [721, 631], [557, 631]], "알계습내다'", 0.2087959392792579), ([[568, 694], [686, 694], [686, 736], [568, 736]], '@세일리', 0.8780861496925354), ([[557, 731], [751, 731], [751, 775], [557, 775]], '밥입스톱 @8@', 0.02200690090731898)]
[([[537, 35], [709, 35], [709, 101], [537, 101]], '음으일', 0.05055539889845617), ([[462, 802], [494, 802], [494, 842], [462, 842]], '0', 0.9999444492425624), ([[276, 976], [334, 976], [334, 1002], [276, 1002]], '부의', 0.5225608790800912)]
[([[485, 115], [617, 115], [617, 159], [485, 159]], '수영1에', 0.4728755500191158), ([[484, 149], [662, 149], [662, 197], [484, 197]], '문은 정액올', 0.35898547504011225), ([[483, 189], [661, 189], [661, 231], [483, 231]], '씻지 &으면', 0.665497477669484), ([[481, 261], [661, 261], [661, 303], [481, 303]], '어절수 없이', 0.7413849960753377), ([[485, 297], [659, 297], [659, 339], [485, 339]], '벗겨야 켓군', 0.5313225673244624), ([[611, 723], [711, 723], [711, 763], [611, 763]], '@아운형', 0.038914334028959274), ([[609, 757], [713, 757], [713, 797], [609, 797]], '어쩐지', 0.780813987341196), ([[609, 793], [711, 793], [711, 837], [609, 837]], '얘볕의', 0.0253869594917261), ([[611, 825], [744, 825], [744, 873], [611, 873]], '남자들이', 0.8825828433036804), ([[613, 865], [743, 865], [743, 907], [613, 907]], '모여들어', 0.9373059868812561), ([[611, 901], [715, 901], [715, 943], [611, 943]], '버럿네', 0.2238434926879111)]
[([[525, 89], [657, 89], [657, 133], [525, 133]], '이럽이럽', 0.11757256835699081), ([[525, 127], [661, 127], [661, 169], [525, 169]], '@미장이', 0.8022415637969971), ([[528, 158], [722, 158], [722, 206], [528, 206]], '정액투성이가', 0.7843540899692515), ([[527, 197], [693, 197], [693, 241], [527, 241]], '되어버럿다', 0.2866868916259315), ([[570, 415], [704, 415], [704, 455], [570, 455]], '그렇지만', 0.7504554874788127), ([[569, 447], [676, 447], [676, 495], [569, 495]], '이것은', 0.9972937212437393), ([[573, 485], [751, 485], [751, 529], [573, 529]], '종은 장사가', 0.5255013453032645), ([[648, 520], [796, 520], [796, 564], [648, 564]], '잇켓는길?', 0.11317458307036195), ([[572, 520], [648, 520], [648, 604], [572, 604]], '북술', 0.0035239341497024287), ([[578, 562], [610, 562], [610, 600], [578, 600]], '후', 0.9928137888004507), ([[384, 874], [434, 874], [434, 938], [384, 938]], '00', 0.18437145402620966)]
[([[689, 45], [811, 45], [811, 85], [689, 85]], '어때요3', 0.5343675017356873), ([[689, 79], [853, 79], [853, 121], [689, 121]], '처녀보지의', 0.8954067677822869), ([[77, 111], [209, 111], [209, 151], [77, 151]], '미사용의', 0.9999827742576599), ([[690, 115], [917, 115], [917, 159], [690, 159]], '군열의 감속음?', 0.37406599109920335), ([[79, 147], [237, 147], [237, 187], [79, 187]], '신품보지로', 0.5363284365237133), ([[693, 153], [871, 153], [871, 195], [693, 195]], '부드럽지요?', 0.6501058441603665), ([[77, 183], [239, 183], [239, 223], [77, 223]], '가버리세요', 0.9990035931409055), ([[79, 219], [177, 219], [177, 261], [79, 261]], '모두들', 0.9994224386249734), ([[25, 433], [103, 433], [103, 473], [25, 473]], '@아', 0.19421899552048077), ([[25, 467], [105, 467], [105, 509], [25, 509]], '@}', 0.42706901052739066), ([[25, 536], [134, 536], [134, 584], [25, 584]], '@미장', 0.7744593286456619), ([[841, 535], [917, 535], [917, 577], [841, 577]], '0}', 0.26315868360019073), ([[841, 571], [917, 571], [917, 613], [841, 613]], '@0}', 0.08954017568541135), ([[855, 643], [963, 643], [963, 687], [855, 687]], '@미장', 0.14639905404803097), ([[163.20510460345565, 863.3332719689847], [286.54214699611583, 852.9098084619644], [287.79489539654435, 898.6667280310153], [164.45785300388414, 909.0901915380356]], '(:::', 0.018861807882785797)]
[([[599, 33], [839, 33], [839, 77], [599, 77]], '되페라 (용준권', 0.14884890575112236), ([[599, 69], [735, 69], [735, 113], [599, 113]], '되없요', 0.3132474778021625), ([[599, 141], [733, 141], [733, 185], [599, 185]], '@미장의', 0.5788469910621643), ([[601, 179], [673, 179], [673, 221], [601, 221]], '팬티', 0.086486277109612), ([[601, 213], [735, 213], [735, 257], [601, 257]], '장길국네', 0.0006740850512869656), ([[24, 562], [145, 562], [145, 661], [24, 661]], '몸질부', 0.005493011931743339), ([[31, 640], [168, 640], [168, 688], [31, 688]], '@으세요', 0.053148455917835236)]
[([[621, 85], [760, 85], [760, 133], [621, 133]], '@미장의', 0.31129324436187744), ([[625, 123], [803, 123], [803, 167], [625, 167]], '@ 때끗합', 0.5365098652422169), ([[625, 161], [755, 161], [755, 203], [625, 203]], '평1색6', 0.0508328415453434), ([[624, 233], [726, 233], [726, 273], [624, 273]], '남자의', 0.8914517567278091), ([[623, 269], [731, 269], [731, 309], [623, 309]], '자지가', 0.6038956838173515), ([[625, 303], [757, 303], [757, 347], [625, 347]], '들어합적', 0.174104243516922), ([[627, 339], [697, 339], [697, 381], [627, 381]], '없웅', 0.03098076605617956), ([[624, 374], [728, 374], [728, 418], [624, 418]], '순결합', 0.5862450960632375), ([[623, 409], [866, 409], [866, 457], [623, 457]], '물의 센너보', 0.05511932102154226), ([[51, 693], [155, 693], [155, 737], [51, 737]], '묻의', 0.013018132788078429), ([[53, 731], [157, 731], [157, 773], [53, 773]], '준제에', 0.33692292360825443), ([[53, 765], [189, 765], [189, 807], [53, 807]], '@이세', 0.01539845522160797), ([[53, 803], [233, 803], [233, 845], [53, 845]], '정액 @앗', 0.16535493430230033), ([[53, 837], [262, 837], [262, 881], [53, 881]], '돼어 대표지맙', 0.01095868179325763), ([[54, 870], [128, 870], [128, 920], [54, 920]], '탑출', 0.007437296299463156)]
[([[833, 65], [961, 65], [961, 107], [833, 107]], '나온다 !', 0.4347679861117907), ([[231, 133], [409, 133], [409, 177], [231, 177]], '싫어어에 @8', 0.11532983039500332)]
[([[699, 77], [755, 77], [755, 115], [699, 115]], '0', 0.7193248804842369), ([[701, 113], [785, 113], [785, 153], [701, 153]], '안돼이', 0.4001203050770926), ([[699, 145], [803, 145], [803, 189], [699, 189]], '그리곳', 0.028833342686019222), ([[699, 183], [863, 183], [863, 225], [699, 225]], '지지마세요', 0.2269136782942489), ([[55, 285], [159, 285], [159, 329], [55, 329]], '암전히', 0.13225803022636173), ([[55, 321], [127, 321], [127, 365], [55, 365]], '없어', 0.04400904099008479), ([[53, 359], [161, 359], [161, 401], [53, 401]], '@미장', 0.7664561853519074), ([[709, 533], [861, 533], [861, 575], [709, 575]], '@)} 이야', 0.254319060923171), ([[708, 568], [842, 568], [842, 612], [708, 612]], '@미장의', 0.8815917372703552), ([[713, 609], [813, 609], [813, 649], [713, 649]], '연지6', 0.05300630846401324)]
[([[753, 93], [973, 93], [973, 137], [753, 137]], '문 문리입니다', 0.6596579212456677), ([[67, 127], [137, 127], [137, 167], [67, 167]], '으욕', 0.9183553563227678), ([[749, 129], [1005, 129], [1005, 173], [749, 173]], '이립 꿈은 물건이', 0.5281981909447254), ([[67, 165], [273, 165], [273, 205], [67, 205]], '과연 처녀답게', 0.8315370138002004), ([[750, 163], [1020, 163], [1020, 212], [750, 212]], '들어갈순 있올리가', 0.4771436599180263), ([[66, 198], [273, 198], [273, 242], [66, 242]], '조임의 억압이', 0.4587484025390003), ([[751, 201], [851, 201], [851, 245], [751, 245]], '없어6', 0.8546843498278255), ([[67, 237], [169, 237], [169, 277], [67, 277]], '심한데', 0.9880491815171885), ([[47, 827], [179, 827], [179, 871], [47, 871]], '태답이제', 0.09480278939008713), ([[43, 863], [253, 863], [253, 907], [43, 907]], '이러롬 저러움', 0.04860180304547287), ([[43, 901], [179, 901], [179, 943], [43, 943]], '@지말코', 0.43532076478004456), ([[45, 935], [329, 935], [329, 979], [45, 979]], '얼치로 @어넘어 @8', 0.23437978618999572), ([[584, 821], [820, 821], [820, 1033], [584, 1033]], '6', 0.6888689043216267)]
[([[670, 116], [880, 116], [880, 164], [670, 164]], '일주일태 모움', 0.31056759900260283), ([[673, 155], [879, 155], [879, 197], [673, 197]], '@의 특동정액', 0.29688877297759053), ([[671, 191], [879, 191], [879, 233], [671, 233]], '모문 아미장의', 0.8288266010705725), ([[671, 227], [925, 227], [925, 269], [671, 269]], '@에 따출테데 !!', 0.1938947087199829)]
[([[709, 139], [785, 139], [785, 179], [709, 179]], '저기', 0.6797477022650162), ([[709, 173], [845, 173], [845, 217], [709, 217]], '운사기장', 0.7831479595023091), ([[95, 229], [227, 229], [227, 269], [95, 269]], '당연하지', 0.9985948204994202), ([[91, 265], [199, 265], [199, 305], [91, 305]], '아미장', 0.9745708649695594), ([[711, 245], [813, 245], [813, 289], [711, 289]], '정말로', 0.9998098375234697), ([[707, 281], [873, 281], [873, 325], [707, 325]], '이사람들과', 0.9917913478886937), ([[713, 317], [843, 317], [843, 359], [713, 359]], '씩스하지', 0.33826708793640137), ([[92, 333], [298, 333], [298, 381], [92, 381]], '모문 @미장올', 0.9110146179929015), ([[711, 355], [811, 355], [811, 397], [711, 397]], '않으면', 0.6143413782119751), ([[93, 373], [271, 373], [271, 415], [93, 415]], '위해 모여춘', 0.49158379164546356), ([[711, 391], [801, 391], [801, 431], [711, 431]], '안돼?', 0.8595543199286964), ([[93, 407], [197, 407], [197, 451], [93, 451]], '친절합', 0.9958590244845422), ([[93, 445], [259, 445], [259, 487], [93, 487]], '사람들이야', 0.9118341446946159), ([[91, 551], [225, 551], [225, 595], [91, 595]], '이중예서', 0.7522028776648213), ([[91, 587], [225, 587], [225, 629], [91, 629]], '아미장의', 0.8177045430943466), ([[93, 625], [271, 625], [271, 665], [93, 665]], '마음에 드는', 0.9872278544655536), ([[93, 661], [301, 661], [301, 703], [93, 703]], '자지루 선택해', 0.3123503510236828)]
[([[665, 185], [741, 185], [741, 225], [665, 225]], '0아}', 0.18794812340227482), ([[664, 218], [903, 218], [903, 263], [664, 263]], '이미장 없여원; .', 0.08216882505279632), ([[669, 293], [771, 293], [771, 331], [669, 331]], '그래로', 0.5023297536084261), ([[667, 327], [843, 327], [843, 371], [667, 371]], '가슴음 조금', 0.7271485349750423), ([[47, 383], [119, 383], [119, 423], [47, 423]], '@님', 0.0156771555661602), ([[667, 363], [801, 363], [801, 407], [667, 407]], '작은편이', 0.7421182485886054), ([[43, 417], [210, 417], [210, 461], [43, 461]], '@문럽지육', 0.1270892390854269), ([[669, 401], [797, 401], [797, 443], [669, 443]], '나음데6', 0.5157489632558827), ([[45, 453], [147, 453], [147, 497], [45, 497]], '8음데', 0.1454150054473522), ([[45, 491], [147, 491], [147, 531], [45, 531]], '오히럽', 0.15443932002493518), ([[47, 525], [147, 525], [147, 567], [47, 567]], '콤편올', 0.32309824082211214), ([[45, 561], [211, 561], [211, 605], [45, 605]], '좁이하교', 0.1384376585483551)]
[([[479, 35], [615, 35], [615, 79], [479, 79]], '@제찌의', 0.22713002562522888), ([[481, 73], [555, 73], [555, 113], [481, 113]], '자지', 0.9076378805718788), ([[481, 109], [615, 109], [615, 151], [481, 151]], '들어컨다', 0.5453725457191467), ([[781, 101], [857, 101], [857, 141], [781, 141]], '@야', 0.5158436796437337), ([[779, 135], [887, 135], [887, 179], [779, 179]], '@미장', 0.909570639397918), ([[339, 183], [499, 183], [499, 225], [339, 225]], '모두에계도', 0.4049278004426904), ([[339, 219], [503, 219], [503, 261], [339, 261]], '보여중시다', 0.33476868888165184), ([[83, 675], [157, 675], [157, 719], [83, 719]], '@형', 0.08048614474859683), ([[85, 711], [159, 711], [159, 753], [85, 753]], '안돼', 0.5994787118722928), ([[85, 747], [213, 747], [213, 789], [85, 789]], '분끄리원', 0.8862018585205078)]
[([[666, 34], [868, 34], [868, 82], [666, 82]], '물어량다6@0', 0.008390948462979456), ([[664, 109], [800, 109], [800, 149], [664, 149]], '아제찌와', 0.08759570866823196), ([[665, 145], [799, 145], [799, 187], [665, 187]], '아미장음', 0.19487495720386505), ([[667, 179], [937, 179], [937, 223], [667, 223]], '렉스이고 있습)다', 0.06381931698726867)]
[([[391, 29], [569, 29], [569, 71], [391, 71]], '다음움 신야', 0.054388230195491924), ([[389, 65], [567, 65], [567, 107], [389, 107]], '빨리좀 애쥐', 0.2296585051994145), ([[783, 61], [889, 61], [889, 103], [783, 103]], '아미장', 0.6594399706000091), ([[785, 97], [995, 97], [995, 139], [785, 139]], '사랑하고 없어', 0.4424366069696576), ([[39, 395], [117, 395], [117, 435], [39, 435]], '@)}', 0.19453828066317475), ([[39, 431], [119, 431], [119, 471], [39, 471]], '@}', 0.9100924687952032), ([[861, 423], [935, 423], [935, 461], [861, 461]], '어@', 0.06392530776583012), ([[41, 467], [147, 467], [147, 509], [41, 509]], '아미장', 0.9028286463057832), ([[861, 457], [935, 457], [935, 501], [861, 501]], '/자', 0.046978457120512206), ([[859, 493], [1025, 493], [1025, 535], [859, 535]], '기타리잡이', 0.06141459078395642), ([[863, 529], [1099, 529], [1099, 571], [863, 571]], '빨리 @버리리켓', 0.3079816580649712), ([[97, 717], [247, 717], [247, 759], [97, 759]], '@0} 말리', 0.2295935933174784), ([[798, 706], [1009, 706], [1009, 751], [798, 751]], '아미장 돌점음', 0.41483432622525723), ([[95, 753], [337, 753], [337, 797], [95, 797]], '@미장의 보에', 0.5612673437633998), ([[785, 744], [921, 744], [921, 786], [785, 786]], '@월내다', 0.05848381295800209), ([[96, 786], [352, 786], [352, 835], [96, 835]], '훌물 비화 심어', 0.02035400283702875)]
[([[689, 165], [824, 165], [824, 213], [689, 213]], '그로분데', 0.10501309484243393), ([[691, 203], [825, 203], [825, 247], [691, 247]], '아미장임', 0.5306059718132019), ([[690, 236], [932, 236], [932, 284], [690, 284]], '[매일 남카들에계', 0.26221445333385723), ([[51, 269], [211, 269], [211, 313], [51, 313]], '우사기장을', 0.7180199776213285), ([[691, 277], [795, 277], [795, 319], [691, 319]], '보지클', 0.2567247623690856), ([[49, 307], [183, 307], [183, 349], [49, 349]], '믿으면서', 0.8274592757225037), ([[690, 310], [854, 310], [854, 354], [690, 354]], '대략습-다', 0.04976327248334618)]
[([[877, 51], [981, 51], [981, 95], [877, 95]], '예려어', 0.09608577201709916), ([[877, 87], [1131, 87], [1131, 131], [877, 131]], '접톱 @시리켓 @@', 0.04818138493392104), ([[135, 167], [207, 167], [207, 211], [135, 211]], '은유', 0.0693792057222889), ([[133, 205], [239, 205], [239, 245], [133, 245]], '여기움', 0.18495152717370253), ([[137, 239], [315, 239], [315, 283], [137, 283]], '@올켓같0', 0.037595803152714706)]
[([[652, 13], [784, 13], [784, 54], [652, 54]], '우사기장', 0.9953363123460357), ([[268, 51], [376, 51], [376, 91], [268, 91]], '아미장', 0.9102176427841187), ([[653, 51], [783, 51], [783, 91], [653, 91]], '나어째서', 0.9990656971931458), ([[273, 85], [569, 85], [569, 129], [273, 129]], '결혼하다고 @뇨것음', 0.09971039565832233), ([[649, 82], [786, 82], [786, 131], [649, 131]], '이런일에', 0.9906613826751709), ([[271, 123], [447, 123], [447, 165], [271, 165]], '매일 남자의', 0.898207677881515), ([[270, 158], [374, 158], [374, 198], [270, 198]], '자지클', 0.17681623995304108), ([[271, 193], [467, 193], [467, 237], [271, 237]], '상대이튿{야', 0.0657404144870044), ([[43, 319], [281, 319], [281, 361], [43, 361]], '그러니 부지럽히', 0.6830844095960555), ([[45, 355], [251, 355], [251, 395], [45, 395]], '남자의 자지클', 0.7368527735287778), ([[45, 391], [279, 391], [279, 433], [45, 433]], '넘어두지 입으', 0.4633984478391148), ([[43, 427], [175, 427], [175, 469], [43, 469]], '안되분', 0.08786104061933962)]
[([[643, 81], [747, 81], [747, 119], [643, 119]], '아미장', 0.9883225338339522), ([[741, 99], [769, 99], [769, 115], [741, 115]], '00', 0.9955402414468895), ([[645, 113], [807, 113], [807, 157], [645, 157]], '당신에계굉', 0.06736755165501111), ([[55, 161], [233, 161], [233, 205], [55, 205]], '제일 인기인', 0.6141938409397674), ([[644, 147], [882, 147], [882, 195], [644, 195]], '발기합 남지물의', 0.07907663696450408), ([[55, 199], [265, 199], [265, 241], [55, 241]], '세일러 전사가', 0.7998233700438453), ([[643, 187], [747, 187], [747, 229], [643, 229]], '자지가}', 0.3450240194797516), ([[55, 233], [158, 233], [158, 277], [55, 277]], '후훈원', 0.03733904044810097), ([[643, 221], [897, 221], [897, 265], [643, 265]], '잡어울리고 없에', 0.028333785335265156)]
[([[48, 815], [256, 815], [256, 863], [48, 863]], '자지 투성이의', 0.6315498655844852), ([[47, 855], [151, 855], [151, 897], [47, 897]], '매춘부', 0.37961298614288536), ([[47, 889], [225, 889], [225, 933], [47, 933]], '미소녀 변소', 0.8616118886893417), ([[47, 927], [255, 927], [255, 969], [47, 969]], '세일러 머류리', 0.48924527981249416)]
