501327
39
[([[360, 645], [540, 645], [540, 738], [360, 738]], '체유계', 0.8564201512753153), ([[417, 729], [643, 729], [643, 815], [417, 815]], '젖가슴씨', 0.955010712146759), ([[27, 1065], [85, 1065], [85, 1103], [27, 1103]], '역자', 0.9966661492525946), ([[111, 1063], [241, 1063], [241, 1103], [111, 1103]], '배드보이즈', 0.9837818146051748), ([[27, 1101], [85, 1101], [85, 1141], [27, 1141]], '식자', 0.9845390261064784), ([[109, 1101], [241, 1101], [241, 1141], [109, 1141]], '배드껴이즈', 0.30052394325742543)]
[]
[([[270, 170], [323, 170], [323, 190], [270, 190]], '74117', 0.29602131843575913), ([[171.72307231792385, 35.70615062254669], [278.45915578644036, 12.991457930453986], [285.2769276820762, 47.29384937745331], [178.54084421355964, 71.00854206954601]], '새>', 0.005962384605234416)]
[([[270, 170], [323, 170], [323, 190], [270, 190]], '7701/7', 0.18169712362215373)]
[]
[([[623, 167], [731, 167], [731, 203], [623, 203]], '이 수영복', 0.9037638352589332), ([[630, 196], [726, 196], [726, 228], [630, 228]], '그아이와', 0.9934003353118896), ([[601, 223], [755, 223], [755, 261], [601, 261]], '함께 사건는데', 0.13240649467027088), ([[377.8503320980383, 97.48569740588034], [492.44593731655607, 83.71228468177213], [496.1496679019617, 127.51430259411966], [380.55406268344393, 141.28771531822787]], '(시', 0.2113343220710462), ([[37.95787924061964, 123.82839470905338], [236.60789146579398, 100.8665630293175], [240.04212075938037, 151.17160529094662], [41.39210853420601, 175.1334369706825]], '나7777-" %', 0.022268292287696407)]
[([[584, 126], [716, 126], [716, 178], [584, 178]], '+수7777', 0.18275826545012686), ([[713, 159], [777, 159], [777, 179], [713, 179]], '~천 7', 0.01518215443166593), ([[96, 284], [146, 284], [146, 316], [96, 316]], '어떤', 0.9991356775812282), ([[82, 310], [130, 310], [130, 340], [82, 340]], '가요_', 0.5832084944754042), ([[145, 313], [159, 313], [159, 337], [145, 337]], '?', 0.8081046380863341), ([[355.1430466182295, 95.3576165455737], [494.58078667451093, 82.99590582990146], [496.8569533817705, 129.6423834544263], [357.41921332548907, 143.00409417009854]], '세시비', 0.05386111228422295)]
[([[419, 227], [469, 227], [469, 247], [419, 247]], '711', 0.14268710566654053), ([[636, 82], [760, 82], [760, 362], [636, 362]], '"', 0.5632776621753841), ([[145, 485], [237, 485], [237, 595], [145, 595]], '2 늘', 0.09786032598373498), ([[474, 986], [548, 986], [548, 1058], [474, 1058]], '아', 0.999339927914221), ([[378.1430466182295, 94.3576165455737], [495.4291576764008, 81.67996502664721], [498.8569533817705, 128.6423834544263], [381.5708423235992, 141.3200349733528]], '(시', 0.1372323940187901), ([[88.05846407715096, 135.02957882670015], [227.6987669730302, 209.0089718368834], [165.94153592284906, 323.9704211732999], [26.301233026969804, 249.9910281631166]], '0?', 0.06832208361265418), ([[575.0992057419106, 599.1654727288906], [761.2895943629464, 580.1090377210584], [764.9007942580894, 677.8345272711094], [578.7104056370536, 695.8909622789416]], '니니/', 0.008011190345525396)]
[([[46, 221], [235, 221], [235, 276], [46, 276]], '저논 당신의', 0.3931589545574751), ([[72, 264], [208, 264], [208, 314], [72, 314]], '소유물이', 0.9997268915176392), ([[67, 305], [207, 305], [207, 353], [67, 353]], '아니에요', 0.9995105266571045), ([[536, 330], [578, 330], [578, 354], [536, 354]], "'시'", 0.14526907274543524), ([[416.1051750205922, 292.1365600658949], [474.9398099868224, 304.40207254505304], [468.8948249794078, 329.8634399341051], [410.0601900131776, 317.59792745494696]], "'", 0.13286612770119977)]
[([[408, 296], [479, 296], [479, 328], [408, 328]], "'히", 0.017662365866770707), ([[547, 335], [581, 335], [581, 355], [547, 355]], "음1'", 0.35980938032720033), ([[643, 433], [735, 433], [735, 475], [643, 475]], '하지만', 0.9995407414669625), ([[647, 503], [705, 503], [705, 541], [647, 541]], '그때', 0.9999879460226044), ([[645, 537], [707, 537], [707, 573], [645, 573]], '도와', 0.9999722674863122), ([[615, 569], [735, 569], [735, 613], [615, 613]], '주엇든것', 0.23494437336921692), ([[619.0136060761679, 450.08163645700716], [737.7616518345505, 467.3256738258571], [727.9863939238321, 521.9183635429929], [609.2383481654495, 504.6743261741429]], "'기벗어요", 0.11322197429050597)]
[([[406, 294], [482, 294], [482, 330], [406, 330]], '히', 0.09319589657863858), ([[547, 335], [579, 335], [579, 355], [547, 355]], '음1', 0.1174011582312487), ([[62, 348], [198, 348], [198, 396], [62, 396]], '그러니까', 0.99908846616745), ([[95, 389], [163, 389], [163, 431], [95, 431]], '저도', 0.8317300482524826), ([[102, 426], [204, 426], [204, 476], [102, 476]], '용기록', 0.2294949888629236), ([[61, 463], [198, 463], [198, 515], [61, 515]], '내물께요', 0.6411397457122803), ([[0, 1089], [166, 1089], [166, 1176], [0, 1176]], '[꿈 [', 0.40967249870300293), ([[643, 1089], [800, 1089], [800, 1175], [643, 1175]], '3 [ 꾸', 0.030655692863496772)]
[([[995, 84], [1117, 84], [1117, 120], [995, 120]], '다른사람의', 0.9961558103984488), ([[1017, 113], [1093, 113], [1093, 151], [1017, 151]], '일에는', 0.48318004416165), ([[995, 141], [1117, 141], [1117, 179], [995, 179]], '열심히면서', 0.6970035704073617), ([[1016, 172], [1088, 172], [1088, 198], [1016, 198]], '자시의', 0.7219976033730073), ([[993, 197], [1097, 197], [1097, 237], [993, 237]], '일이되면', 0.8629633784294128), ([[383.28679005022474, 610.0195789140898], [546.842953843047, 727.9854190050122], [480.71320994977526, 817.9804210859102], [317.1570461569531, 700.0145809949878]], ' ,?', 0.008339544263913893)]
[([[825, 153], [1047, 153], [1047, 189], [825, 189]], '역시   부끄럽지만.', 0.8321512660907633), ([[416, 590], [608, 590], [608, 638], [416, 638]], '소극적이니까', 0.9972141101349512), ([[462, 628], [536, 628], [536, 676], [462, 676]], '당신', 0.9998451559901069)]
[([[232, 582], [282, 582], [282, 614], [232, 614]], '겨우', 0.9997990497404737), ([[191, 611], [319, 611], [319, 647], [191, 647]], '적극적으로', 0.9985229684398039), ([[1037, 607], [1089, 607], [1089, 645], [1037, 645]], "돈>'", 0.272444326052151), ([[203, 641], [307, 641], [307, 679], [203, 679]], '되없네요', 0.7123387151829289), ([[112, 698], [170, 698], [170, 722], [112, 722]], '그렇지만', 0.999801516532898), ([[110, 714], [170, 714], [170, 738], [110, 738]], '조금 눈히', 0.8336860975426972), ([[110, 730], [156, 730], [156, 754], [110, 754]], '무서워봄', 0.0808242549458199), ([[679.265587720618, 7.017989500607971], [883.9338004786748, 133.59230569258392], [814.734412279382, 240.98201049939203], [610.0661995213252, 113.40769430741607]], '좁3박', 0.005425395957018902), ([[1089.3598156003354, 625.2317787204026], [1111.9647638212377, 628.7368825942079], [1109.6401843996646, 638.7682212795974], [1088.0352361787623, 635.2631174057921]], "1''", 0.13008231887704344)]
[([[160, 514], [246, 514], [246, 546], [160, 546]], '좋아해요', 0.9965117573738098), ([[70, 864], [313, 864], [313, 992], [70, 992]], '{ 출안', 0.00047067925333976746)]
[([[621, 135], [671, 135], [671, 173], [621, 173]], '으음', 0.9978737641115691), ([[216, 276], [264, 276], [264, 346], [216, 346]], '8', 0.7701429721244182), ([[712, 334], [751, 334], [751, 461], [712, 461]], '$', 0.06424028963361028), ([[323, 579], [381, 579], [381, 615], [323, 615]], '하아.', 0.49921741437993267), ([[62, 594], [198, 594], [198, 670], [62, 670]], '방:', 0.0032131700979539306), ([[373, 709], [421, 709], [421, 745], [373, 745]], '으음', 0.9980561511104951), ([[15, 816], [352, 816], [352, 1075], [15, 1075]], '{', 0.14201875948404918), ([[362.3351366892331, 224.07460143262563], [423.9996557066609, 249.9545506711112], [413.6648633107669, 273.9253985673744], [352.0003442933391, 249.0454493288888]], '48/', 0.31502207947043953), ([[365.6687054217755, 279.01834879597914], [394.11417202906233, 281.2145699273442], [386.3312945782245, 374.98165120402086], [357.88582797093767, 371.7854300726558]], '?', 0.004510484001549797), ([[587.1086320966537, 724.0361747888393], [765.8534376045742, 779.2103374162671], [733.8913679033463, 868.9638252111607], [556.1465623954258, 813.7896625837329]], '73"', 0.08900727277619848), ([[470.29971809425956, 919.0111481597494], [806.8283867794902, 1120.257459096936], [709.7002819057404, 1276.9888518402506], [373.17161322050987, 1076.742540903064]], '[,', 0.028442137585025208)]
[([[61, 63], [135, 63], [135, 99], [61, 99]], '뜨겁다', 0.999245159926115), ([[743, 69], [769, 69], [769, 85], [743, 85]], '하아', 0.9988161317940827), ([[129, 93], [149, 93], [149, 121], [129, 121]], '푹', 0.19783149481311657), ([[53, 89], [133, 89], [133, 157], [53, 157]], '실문햇', 0.1359414392317125), ([[124, 120], [152, 120], [152, 150], [124, 150]], '어', 0.9992823696621578), ([[496, 582], [601, 582], [601, 654], [496, 654]], '@76"', 0.013528088107705116), ([[204, 868], [254, 868], [254, 894], [204, 894]], '구하앗', 0.4547422145211572), ([[674, 951], [704, 951], [704, 1066], [674, 1066]], '봄', 0.030288896228034767), ([[225.3351366892331, 347.0746014326256], [271.99538105961625, 373.83358994113246], [258.6648633107669, 396.9253985673744], [212.00461894038375, 371.16641005886754]], '1~신', 0.028366843891785547), ([[103.86862915010153, 554.0804040507106], [163.57770876399965, 546.8445824720006], [173.13137084989847, 639.9195959492894], [113.42229123600033, 647.1554175279994]], '13', 0.2683451446883601), ([[86.28445824720006, 625.0645203596004], [119.51515432390921, 614.033311705899], [143.71554175279994, 687.9354796403996], [109.48484567609079, 698.966688294101]], ' ', 0.053045699263876145), ([[356.0759931346035, 1054.05354095759], [476.8493636968398, 1091.4548496659763], [454.9240068653965, 1155.94645904241], [334.1506363031602, 1119.5451503340237]], '5시1궁', 0.00010496056347619742)]
[([[57, 61], [135, 61], [135, 99], [57, 99]], '뜨겁다', 0.9988422381841484), ([[743, 71], [775, 71], [775, 91], [743, 91]], '하아', 0.9995722362896187), ([[57, 91], [151, 91], [151, 127], [57, 127]], '실로실묵', 0.291625440120697), ([[53, 116], [153, 116], [153, 157], [53, 157]], '하고있어', 0.5047116875648499), ([[226, 424], [252, 424], [252, 458], [226, 458]], '숲', 0.25529566907110635), ([[496, 582], [601, 582], [601, 656], [496, 656]], '@!', 0.006266216777134146), ([[91, 831], [205, 831], [205, 875], [91, 875]], '까아악! !', 0.6576621629827081), ([[222.37567706660542, 348.0656822130455], [291.0, 375.0], [279.6243229333946, 400.9343177869545], [212.0, 375.0]], "1서11'", 0.29916467477724573), ([[105.01005050633883, 555.0703535443719], [163.1304951684997, 547.7390096630006], [171.98994949366116, 638.9296464556281], [113.8695048315003, 646.2609903369994]], '1', 0.09085200612999333), ([[86.1210468075817, 624.0778621224576], [120.69821921523413, 613.0489910192489], [142.8789531924183, 689.9221378775424], [108.30178078476587, 700.9510089807511]], '3', 0.1702966653290341), ([[287.0034542417551, 1071.0414509010614], [445.41139804102556, 1112.287858468582], [415.9965457582449, 1214.9585490989386], [256.58860195897444, 1173.712141531418]], '?수@', 0.004804096378406361)]
[([[623, 165], [765, 165], [765, 203], [623, 203]], '기분좋아요?', 0.9852198184752934), ([[105, 145], [369, 145], [369, 307], [105, 307]], '330', 0.5293806085208231), ([[637, 223], [695, 223], [695, 265], [637, 265]], '좋은', 0.30999281285828534), ([[638, 191], [744, 191], [744, 234], [638, 234]], '이것으로', 0.8456582427024841), ([[689, 227], [747, 227], [747, 265], [689, 265]], '걸까', 0.967683494890464), ([[0, 250], [146, 250], [146, 398], [0, 398]], '장@', 0.00032377697630749287), ([[459, 422], [544, 422], [544, 451], [459, 451]], '71171', 0.8694310269685563), ([[452, 814], [504, 814], [504, 898], [452, 898]], '틈', 0.03644836214963565), ([[26, 1044], [158, 1044], [158, 1120], [26, 1120]], '@3교', 0.04707162817279575), ([[618, 1086], [740, 1086], [740, 1162], [618, 1162]], '으규', 0.3059259333778053), ([[496.7426694080676, 165.32507598742984], [594.6937055407823, 146.38023868702012], [604.2573305919324, 214.67492401257016], [506.3062944592177, 233.61976131297988]], '시시', 0.25244964709216144), ([[494.1964926239916, 754.0540454175381], [542.363515791475, 749.4851298198917], [549.8035073760084, 839.9459545824619], [501.636484208525, 844.5148701801083]], '춤', 0.013804217225637183)]
[([[161, 175], [215, 175], [215, 211], [161, 211]], '후아.', 0.9399828452144569), ([[224, 176], [254, 176], [254, 206], [224, 206]], '!?', 0.9866040945210598), ([[586, 91], [800, 91], [800, 357], [586, 357]], '(2', 0.25647471003133604), ([[35, 349], [187, 349], [187, 393], [35, 393]], '뜨거운것이', 0.8857310142449747), ([[693, 273], [800, 273], [800, 405], [693, 405]], '%', 0.16368294838235897), ([[24, 384], [192, 384], [192, 432], [24, 432]], '잔뜩 나앉다', 0.4964681381362275), ([[460, 421], [519, 421], [519, 449], [460, 449]], '2/', 0.04897629739904278), ([[241.2917949420224, 880.022821601347], [317.50112998694516, 860.1029082429167], [364.70820505797764, 1056.977178398653], [287.49887001305484, 1077.8970917570834]], '월', 0.023867406886602716)]
[([[120, 190], [182, 190], [182, 222], [120, 222]], '그렇계', 0.8729858994483948), ([[122, 166], [260, 166], [260, 198], [122, 198]], '가.갑작스럽계', 0.6136714370392987), ([[184, 190], [250, 190], [250, 222], [184, 222]], '걱렬히.', 0.07948525995016098), ([[559, 14], [800, 14], [800, 330], [559, 330]], '진', 0.6910416877713175), ([[18, 368], [466, 368], [466, 610], [18, 610]], '새>저*', 0.00038840313209220767), ([[688, 458], [734, 458], [734, 490], [688, 490]], '흐아', 0.9665657991953751), ([[139, 785], [229, 785], [229, 883], [139, 883]], '3', 0.1053508310782405), ([[124, 956], [170, 956], [170, 986], [124, 986]], '하아', 0.9998734775052069), ([[583, 963], [641, 963], [641, 999], [583, 999]], '하으', 0.9781098916708907), ([[655, 963], [693, 963], [693, 999], [655, 999]], '아:', 0.41527244275879516), ([[74, 1044], [126, 1044], [126, 1068], [74, 1068]], '아으으', 0.9973436017964659), ([[434.0465181483002, 672.0303349283132], [607.6758344046149, 741.8984061309834], [557.9534818516998, 858.9696650716868], [384.32416559538507, 789.1015938690166]], "'>0", 0.01685943344278934), ([[375.9261991820563, 1007.0339470764887], [583.0594522919914, 1060.423801287503], [543.0738008179437, 1198.9660529235111], [334.94054770800864, 1146.576198712497]], '()"', 0.0701544830242538)]
[([[120, 192], [182, 192], [182, 224], [120, 224]], '그렇게', 0.5313510894775391), ([[122, 169], [259, 169], [259, 199], [122, 199]], '가.. 갑작스럽계', 0.6119998489830004), ([[186, 194], [250, 194], [250, 224], [186, 224]], '부렬히.', 0.015964757651090622), ([[560, 14], [800, 14], [800, 329], [560, 329]], '진', 0.1408767932225743), ([[686, 450], [732, 450], [732, 480], [686, 480]], '흐아', 0.9695050886720845), ([[312, 392], [462, 392], [462, 570], [312, 570]], '제', 0.5340708656270898), ([[414, 706], [520, 706], [520, 808], [414, 808]], '대', 0.010898764488382007), ([[128, 748], [232, 748], [232, 886], [128, 886]], '가', 0.06143755628863179), ([[124, 954], [172, 954], [172, 986], [124, 986]], '하아', 0.9993432466967607), ([[585, 965], [645, 965], [645, 1001], [585, 1001]], '하으', 0.9764587695624299), ([[658, 966], [700, 966], [700, 998], [658, 998]], '아.', 0.9041675971811296), ([[74, 1044], [126, 1044], [126, 1068], [74, 1068]], '아으으', 0.9965804315129484), ([[353, 1029], [561, 1029], [561, 1169], [353, 1169]], '54', 0.04722407226262923), ([[57.85441564509874, 351.0262610631527], [319.7332354328313, 412.59807677612145], [265.14558435490125, 618.9737389368473], [3.2667645671687, 557.4019232238785]], '새대', 0.04358120335237934)]
[([[704, 68], [766, 68], [766, 94], [704, 94]], '7<.0', 0.7803574204444885), ([[716, 91], [775, 91], [775, 111], [716, 111]], '7<..0', 0.2548468460491902), ([[433, 99], [511, 99], [511, 135], [433, 135]], '하아양', 0.4908707593612508), ([[163, 175], [269, 175], [269, 211], [163, 211]], '아아아양!', 0.40964258246218727), ([[820, 142], [908, 142], [908, 214], [820, 214]], '식?', 0.022111625584057035), ([[1002, 101], [1076, 101], [1076, 227], [1002, 227]], '@', 0.2197770523968936), ([[547, 110], [671, 110], [671, 329], [547, 329]], '10', 0.5066012098565541), ([[299, 247], [483, 247], [483, 455], [299, 455]], '다', 0.01280120627142467), ([[640, 476], [680, 476], [680, 500], [640, 500]], '[하악', 0.893977634689012), ([[959, 333], [1108, 333], [1108, 618], [959, 618]], '7', 0.6771869680207523), ([[108, 630], [176, 630], [176, 662], [108, 662]], '후아이', 0.7938044432346096), ([[237, 611], [301, 611], [301, 693], [237, 693]], '거7', 0.1705800950776531), ([[726, 660], [784, 660], [784, 692], [726, 692]], '아아.', 0.8950120687450268), ([[600, 702], [648, 702], [648, 732], [600, 732]], '하아', 0.9997758704169389), ([[859.8669156380993, -0.8920386818838839], [944.4938641811477, 10.588059627788812], [936.1330843619007, 62.89203868188388], [851.5061358188523, 51.41194037221119]], '%$', 0.0077387589845254855), ([[854.0831947897603, 411.0221321480395], [1005.9981157336196, 531.7324209051603], [906.9168052102397, 655.9778678519606], [755.0018842663804, 535.2675790948397]], '꼴%"', 0.0011342105884741553), ([[999.2606056869307, 607.0842385753867], [1120.9067942259896, 548.2362575078405], [1200.7393943130692, 745.9157614246133], [1079.0932057740104, 803.7637424921595]], '출', 0.06727924330087731), ([[455.3425418378303, 580.0309434810015], [566.9796936216403, 644.4671989601801], [533.6574581621696, 699.9690565189985], [422.02030637835963, 635.5328010398199]], '519', 0.10021871074124594)]
[([[482, 114], [530, 114], [530, 144], [482, 144]], '하아', 0.9999314699121095), ([[635, 132], [706, 132], [706, 174], [635, 174]], '아아', 0.999240429722043), ([[613, 167], [735, 167], [735, 211], [613, 211]], '배안까지', 0.9653897881507874), ([[601, 203], [751, 203], [751, 247], [601, 247]], '닿아버린다', 0.982599175853279), ([[35, 373], [85, 373], [85, 409], [35, 409]], '[하우', 0.2993574307612075), ([[384, 602], [428, 602], [428, 632], [384, 632]], "'아양", 0.8428140426973674), ([[288, 773], [442, 773], [442, 895], [288, 895]], '제4"', 0.004825705687038036), ([[231, 1049], [277, 1049], [277, 1069], [231, 1069]], '어디가?', 0.9993802309036255), ([[306, 1046], [334, 1046], [334, 1074], [306, 1074]], '다', 0.9999907016970297), ([[347, 1045], [399, 1045], [399, 1081], [347, 1081]], '닿아', 0.9848104855122991), ([[305, 1071], [397, 1071], [397, 1107], [305, 1107]], '버린다니', 0.970931887626648), ([[34.756782818619826, 447.02761341894615], [293.6150099623753, 489.955688634008], [246.24321718138017, 727.9723865810538], [-12.615009962375296, 685.044311365992]], '대법', 0.20017067078470763), ([[579.086474619004, 795.0523291853351], [680.6815623728286, 827.7653636733589], [655.913525380996, 897.9476708146649], [555.3184376271714, 864.2346363266411]], '{9', 0.017242481106737192)]
[([[648, 20], [750, 20], [750, 120], [648, 120]], '(', 0.05833053681744449), ([[376, 140], [420, 140], [420, 168], [376, 168]], '까어', 0.9494518266829512), ([[311, 265], [331, 265], [331, 289], [311, 289]], '상', 0.554634485391091), ([[405, 339], [489, 339], [489, 379], [405, 379]], '아아양', 0.9373235046638436), ([[351, 427], [445, 427], [445, 463], [351, 463]], '보지마!', 0.9906357526779175), ([[628, 438], [680, 438], [680, 470], [628, 470]], '아아', 0.9877761473925241), ([[343, 455], [429, 455], [429, 497], [343, 497]], '싫어요', 0.9875668287277222), ([[68, 538], [116, 538], [116, 568], [68, 568]], '하아', 0.9999249794338912), ([[1064, 562], [1110, 562], [1110, 592], [1064, 592]], '거기', 0.9998755847701863), ([[1043, 583], [1141, 583], [1141, 621], [1043, 621]], '아: 하아', 0.501452356359164), ([[39, 637], [179, 637], [179, 791], [39, 791]], '7 ', 0.07680902666122834), ([[836, 688], [902, 688], [902, 720], [836, 720]], '후아아', 0.3970329769800643), ([[1126.4116515945855, 172.05825797292724], [1149.7762082556721, 169.10215584549027], [1156.5883484054145, 227.94174202707276], [1133.2237917443279, 230.89784415450973]], '돌', 0.3583237798199299), ([[321.31671842700024, 254.65835921350012], [379.2638165664905, 236.03146385522564], [386.68328157299976, 262.34164078649985], [328.7361834335095, 279.96853614477436]], "'내", 0.07729167000015984), ([[1117.0, 289.0], [1165.5522280002326, 257.31345849944773], [1187.0, 289.0], [1138.4477719997674, 321.68654150055227]], ':지', 0.02383478173108396), ([[163.06947550628396, 500.04338791723836], [232.0697749692961, 475.05738557948325], [281.93052449371606, 626.9566120827616], [212.9302250307039, 652.9426144205167]], '젖', 0.22767328204892934)]
[([[246, 94], [286, 94], [286, 122], [246, 122]], '하앗', 0.4643740421896007), ([[642, 204], [706, 204], [706, 230], [642, 230]], '좋아해요', 0.8504887223243713), ([[588, 294], [642, 294], [642, 326], [588, 326]], '좀다.', 0.4360031082556292), ([[101, 409], [183, 409], [183, 447], [101, 447]], '아아양', 0.9518994231976973), ([[674, 600], [714, 600], [714, 626], [674, 626]], '아양', 0.854055499826735), ([[162, 768], [214, 768], [214, 794], [162, 794]], '하아아', 0.9796895637276234), ([[514, 892], [604, 892], [604, 918], [514, 918]], '아무생각도', 0.9996559705814881), ([[516, 914], [588, 914], [588, 940], [516, 940]], '나치않아', 0.35980698466300964), ([[514, 934], [622, 934], [622, 964], [514, 964]], '녹올것 같아.', 0.6616586342554284), ([[258, 998], [304, 998], [304, 1022], [258, 1022]], '나분움', 0.02528092473934517), ([[258, 1014], [290, 1014], [290, 1038], [258, 1038]], '부울', 0.8721326384273683), ([[94.79121008540059, 1023.1890184953235], [172.7545397795598, 966.0219157915715], [260.2087899145994, 1106.8109815046764], [182.2454602204402, 1163.9780842084285]], '즉', 0.19098598879782802), ([[559.8225421242738, 1058.0462849782775], [781.0101439777372, 1089.6412813357042], [756.1774578757262, 1214.9537150217225], [535.9898560222628, 1183.3587186642958]], '141', 0.5894922583778894)]
[([[246, 94], [286, 94], [286, 122], [246, 122]], '하앗', 0.30653414356134795), ([[628, 204], [706, 204], [706, 230], [628, 230]], '..좋아해요', 0.4280293674788041), ([[585, 287], [657, 287], [657, 323], [585, 323]], '좀다 .', 0.3024984244852433), ([[105, 403], [187, 403], [187, 441], [105, 441]], '아아양', 0.9369201330948639), ([[678, 598], [718, 598], [718, 626], [678, 626]], '야양', 0.34746181262379666), ([[160, 772], [214, 772], [214, 798], [160, 798]], "'하아아", 0.9987601041793823), ([[516, 904], [606, 904], [606, 930], [516, 930]], '아무생각도', 0.9996004170234501), ([[516, 924], [592, 924], [592, 950], [516, 950]], '나치않아', 0.5153363943099976), ([[516, 946], [618, 946], [618, 972], [516, 972]], '녹올것 같아', 0.7515872041286558), ([[255, 1003], [305, 1003], [305, 1047], [255, 1047]], '부북울:', 0.17118626832962036), ([[551, 1068], [774, 1068], [774, 1200], [551, 1200]], '2', 0.09834625208615311), ([[94.79121008540059, 1024.1890184953236], [176.7633862853691, 968.0224331487251], [259.2087899145994, 1107.8109815046764], [178.2366137146309, 1163.977566851275]], '쭉', 0.10967954513547795)]
[([[28, 86], [70, 86], [70, 114], [28, 114]], '하아', 0.9998286352148074), ([[338, 102], [396, 102], [396, 150], [338, 150]], "83'", 0.10235652231131612), ([[550, 104], [632, 104], [632, 134], [550, 134]], '딱딱하고', 0.9962673187255859), ([[540, 130], [628, 130], [628, 160], [540, 160]], '커다란거.', 0.9730398960991217), ([[825, 159], [881, 159], [881, 199], [825, 199]], '아항', 0.8894605270131858), ([[492, 190], [518, 190], [518, 214], [492, 214]], '찌', 0.9342983928109447), ([[472, 212], [516, 212], [516, 244], [472, 244]], '절러', 0.31105330811134585), ([[528, 214], [554, 214], [554, 242], [528, 242]], '0', 0.9748624686168661), ([[302, 316], [348, 316], [348, 348], [302, 348]], '하아', 0.9998830023532619), ([[606, 306], [744, 306], [744, 380], [606, 380]], '뒷)', 0.008760806429622632), ([[261, 363], [315, 363], [315, 399], [261, 399]], '하아', 0.9999284354012767), ([[48, 357], [209, 357], [209, 450], [48, 450]], '{;;):', 0.007353337981254929), ([[97, 593], [151, 593], [151, 629], [97, 629]], '아양', 0.6302030032981196), ([[510, 402], [1003, 402], [1003, 684], [510, 684]], '83경7', 0.00863177701830864), ([[1043, 541], [1175, 541], [1175, 609], [1043, 609]], '[:[굶', 0.06533448398113251), ([[399, 615], [481, 615], [481, 653], [399, 653]], '꽉끼어.', 0.5324167609214783), ([[941, 693], [991, 693], [991, 729], [941, 729]], '썰륙', 0.3388072438246703), ([[972, 736], [1020, 736], [1020, 766], [972, 766]], '쌀륙', 0.13358960593369007), ([[908.3209028576263, 88.00922516064739], [1082.8962463182877, 47.305481081275744], [1177.6790971423736, 505.99077483935264], [1004.1037536817124, 546.6945189187243]], '김', 0.009408831442514975), ([[336.89189448205514, 153.1243357210427], [369.5289302729676, 128.02805543410443], [425.10810551794486, 206.8756642789573], [391.4710697270324, 231.97194456589557]], '8', 0.9357503512476342)]
[([[485, 121], [575, 121], [575, 157], [485, 157]], '하아양! !', 0.3278496633821384), ([[544, 250], [670, 250], [670, 300], [544, 300]], '하아양!', 0.8395940065383911), ([[638, 500], [690, 500], [690, 530], [638, 530]], '아아.', 0.6542140268626131), ([[338, 660], [368, 660], [368, 690], [338, 690]], '가', 0.9999938011265499), ([[288, 718], [332, 718], [332, 748], [288, 748]], '간다.', 0.8902032714086752), ([[44, 854], [116, 854], [116, 944], [44, 944]], '가', 0.6530949475750845), ([[45, 933], [113, 933], [113, 977], [45, 977]], '어어', 0.9713413923588962), ([[31.71046334443978, 16.04381116326474], [169.02756462784666, -14.652573053281458], [208.28953665556023, 200.95618883673527], [70.97243537215336, 231.65257305328146]], '장', 0.031168997831266587), ([[307.35461252607485, 164.02981528160834], [358.6020770624336, 149.02594069347762], [396.64538747392515, 285.97018471839164], [345.3979229375664, 301.97405930652235]], ' ', 0.028816207532575078), ([[401.98879213011514, 389.0341235257041], [504.49900854528613, 348.0750888317163], [580.0112078698849, 566.9658764742959], [478.50099145471387, 606.9249111682836]], '?', 0.009104018646173495), ([[678.8905996075496, 506.3358994113243], [710.5787044347527, 503.77211877297015], [712.1094003924504, 524.6641005886756], [680.4212955652473, 527.2278812270298]], '.!', 0.809997993052062)]
[([[688, 86], [786, 86], [786, 136], [688, 136]], '아*', 0.6679708872284724), ([[506, 222], [709, 222], [709, 290], [506, 290]], '아아이', 0.46345151494488596), ([[509, 287], [707, 287], [707, 353], [509, 353]], '아아양', 0.14080252660820428), ([[474, 638], [646, 638], [646, 868], [474, 868]], '4', 0.2341502502547863), ([[61, 867], [121, 867], [121, 903], [61, 903]], '하아', 0.9998293095306013), ([[39, 997], [85, 997], [85, 1015], [39, 1015]], '아 아', 0.5964936017990112), ([[307.3019752600924, 23.015233456115887], [427.4108665819052, 5.620004681514638], [462.6980247399076, 283.9847665438841], [342.5891334180948, 301.3799953184854]], ' ', 0.4394275209378975), ([[53.91936183808473, 232.08391576374228], [96.50591982404929, 195.01830642811976], [189.08063816191526, 309.9160842362577], [146.4940801759507, 346.98169357188027]], '{', 0.47115886529028117), ([[662.4336623332504, 494.0114596312832], [770.227080677117, 510.00961614932856], [732.5663376667496, 768.9885403687168], [623.772919322883, 752.9903838506714]], '대', 0.5505653911942687), ([[202.84111899603664, 1032.0373444385677], [422.53685991364165, 1072.8913950597469], [388.15888100396336, 1222.9626555614323], [168.46314008635835, 1182.1086049402531]], '기구개]', 0.0017009087605401874)]
[([[387, 59], [455, 59], [455, 95], [387, 95]], '가버려', 0.9940140352771065), ([[732, 12], [828, 12], [828, 150], [732, 150]], '^', 0.010107378680506207), ([[513, 84], [590, 84], [590, 229], [513, 229]], '7', 0.9813542345846713), ([[1003, 131], [1125, 131], [1125, 173], [1003, 173]], '이..이제', 0.8010256542748007), ([[1017, 167], [1085, 167], [1085, 209], [1017, 209]], '함께', 0.9991112386869245), ([[1019, 201], [1109, 201], [1109, 243], [1019, 243]], '부탁해', 0.9996148623534944), ([[260, 273], [309, 273], [309, 301], [260, 301]], '(아야양', 0.3077683746814728), ([[554, 168], [677, 168], [677, 333], [554, 333]], '세', 0.9464974773551127), ([[832, 262], [978, 262], [978, 446], [832, 446]], '요@?', 0.01796893874269022), ([[488, 522], [512, 522], [512, 552], [488, 552]], '양', 0.9876158998951077), ([[628, 441], [696, 441], [696, 553], [628, 553]], '벼', 0.06126080230289177), ([[425, 545], [555, 545], [555, 581], [425, 581]], "'아.안돼..에", 0.23169508589464213), ([[316, 652], [374, 652], [374, 680], [316, 680]], '하우으', 0.9890852664613727), ([[0.05060438802253597, 222.03761528908396], [79.55496113673867, 177.01283944644481], [177.94939561197745, 371.96238471091607], [98.44503886326133, 416.9871605535552]], '8', 0.015091921344714487), ([[197.8352156135971, 401.04245390628023], [396.7139585633079, 436.7151433272303], [367.1647843864029, 569.9575460937198], [168.2860414366921, 534.2848566727697]], "'왜교교", 0.016508137807250023), ([[1026.0130062461417, 458.0443693321724], [1100.6170046103164, 424.0173179363669], [1166.9869937538583, 590.9556306678276], [1092.3829953896836, 623.9826820636331]], '축', 0.11749640807289552), ([[447.0513167019495, 518.1539501058485], [488.74693209057386, 525.7940298138944], [483.9486832980505, 553.8460498941515], [442.25306790942614, 546.2059701861056]], '아', 0.9964726137923208), ([[636.9435279473433, 565.0253813047426], [850.7006269720166, 640.551238830153], [783.0564720526567, 816.9746186952574], [570.2993730279834, 741.448761169847]], '사7니', 0.0013026139046134993), ([[1046.052175279236, 706.1139186448675], [1106.7427891455752, 717.5887844205208], [1098.947824720764, 754.8860813551325], [1038.2572108544248, 743.4112155794792]], '쏘', 0.5321787661640407)]
[([[1129, 87], [1163, 87], [1163, 99], [1129, 99]], '아아-', 0.6299775954079025), ([[1088, 164], [1122, 164], [1122, 188], [1088, 188]], '아양', 0.7208698262457328), ([[924, 168], [1050, 168], [1050, 240], [924, 240]], '[가듭국어어', 0.034064881968667776), ([[524, 326], [582, 326], [582, 356], [524, 356]], '후아양', 0.8687531774470482), ([[164, 436], [240, 436], [240, 514], [164, 514]], '우', 0.7651652788010779), ([[606, 376], [686, 376], [686, 506], [606, 506]], '0', 0.9890970783922093), ([[126, 508], [279, 508], [279, 587], [126, 587]], '아이', 0.8953385484204669), ([[94, 577], [311, 577], [311, 651], [94, 651]], '아아아', 0.37123712125824204), ([[506, 490], [722, 490], [722, 728], [506, 728]], '70', 0.38531643041303315), ([[517.2315555082349, 61.017376731992314], [636.2230519260684, 19.044052843142605], [730.7684444917651, 315.98262326800767], [611.7769480739316, 357.9559471568574]], '"', 0.8041800775970422), ([[1021.8455132356739, 627.1121175019371], [1061.5911688700771, 602.029194412221], [1113.154486764326, 689.8878824980629], [1073.4088311299229, 714.970805587779]], '8', 0.1947743134585176), ([[690.3061975499058, 692.2616075045198], [764.7516026992218, 625.0201897944743], [879.6938024500942, 770.7383924954802], [804.2483973007782, 838.9798102055257]], '2', 0.046985328088013034)]
[([[473, 121], [551, 121], [551, 157], [473, 157]], '안속이', 0.9960172368739323), ([[497, 149], [593, 149], [593, 185], [497, 185]], '뜨거워요', 0.952157199382782)]
[([[356, 433], [470, 433], [470, 499], [356, 499]], '(룩어움하익', 0.0013996031006063253), ([[255, 601], [363, 601], [363, 643], [255, 643]], '좋아해요', 0.9879233837127686)]
[([[326, 16], [354, 16], [354, 46], [326, 46]], "꼴'", 0.01392266241097552), ([[171.01985123916003, 36.601985123916], [316.61551313834025, 5.288841110098501], [323.98014876083994, 38.398014876084], [178.38448686165972, 70.7111588899015]], '시닐', 0.0022428903758285653)]
[([[228, 22], [278, 22], [278, 50], [228, 50]], '1', 0.049528212771300595)]
[]
[([[350, 152], [413, 152], [413, 359], [350, 359]], '준', 0.04603921732336236), ([[196, 502], [606, 502], [606, 550], [196, 550]], '천 기 +""5 > "+  초 ( ', 0.027286631391839213), ([[248, 575], [551, 575], [551, 616], [248, 616]], '56? ({1+소5? ( * !', 0.030938272716464033), ([[352, 618], [446, 618], [446, 644], [352, 644]], '쉬다 + <', 0.10822806939646408), ([[290, 646], [510, 646], [510, 676], [290, 676]], '(라,+라대 0 0,;거라,5@', 0.00018471804980530723), ([[228, 674], [568, 674], [568, 704], [228, 704]], '*4+?\' 1/#8"5,?|4.05. ;명100"/', 0.00048678040276982766), ([[688, 736], [754, 736], [754, 768], [688, 768]], '75 #', 0.50718001345284), ([[675, 791], [697, 791], [697, 811], [675, 811]], '현', 0.0244974823511781), ([[674, 810], [716, 810], [716, 836], [674, 836]], '"1 스\'', 0.09264040882123462), ([[669, 890], [788, 890], [788, 922], [669, 922]], '/지7-"', 0.0999678795384555), ([[702, 924], [786, 924], [786, 952], [702, 952]], '[----', 0.008380889841493901), ([[667.5469730106795, 821.0519839459216], [688.1926480026752, 825.3945123040911], [679.4530269893205, 867.9480160540784], [659.8073519973248, 863.6054876959089]], '#', 0.00537169681860622)]
[([[14, 9], [209, 9], [209, 90], [14, 90]], '작업 후기', 0.5815481492921266), ([[362, 34], [438, 34], [438, 64], [362, 64]], '역식자', 0.8944333327732424), ([[450, 34], [556, 34], [556, 62], [450, 62]], '배드보이즈', 0.9992505065336315), ([[38, 96], [392, 96], [392, 128], [38, 128]], '그림체가 워낙에 취향이라 작업햇논데.', 0.5419654202962116), ([[38, 124], [432, 124], [432, 156], [38, 156]], '대사양이 적어서 턱키(?)인 작품이/습니다.', 0.4253526362915831), ([[38, 150], [308, 150], [308, 182], [38, 182]], '근데 그림체는 정말 하악하악', 0.6664416802271993), ([[38, 848], [616, 848], [616, 880], [38, 880]], '번역팀 아르카나에서 함께 작업하실 역자, 식자님올 모집합니다.', 0.5154018561629782), ([[38, 874], [516, 874], [516, 906], [38, 906]], '관심이있으신 분들은 +@라적-하*<라,3@9적|<어< 로', 9.69264166955789e-05), ([[38, 902], [234, 902], [234, 934], [38, 934]], '연락주시기 바람니다.', 0.4868631473429891), ([[44, 928], [570, 928], [570, 958], [44, 958]], '2차 배포는 무단 수정올 하지 안는 한 얼마든지 배포 가능합니다.', 0.4076369958618799), ([[617, 971], [689, 971], [689, 985], [617, 985]], '12.02.29 17:00', 0.45376459448848394), ([[17.187892042717774, 777.2079357836865], [154.91433874648396, 766.9760815491774], [155.81210795728222, 835.7920642163135], [19.08566125351605, 846.0239184508226]], '팀정보', 0.9918260911513772)]
