501945
51
[([[0, 0], [63, 0], [63, 253], [0, 253]], ']', 0.028827667408046986), ([[0, 249], [70, 249], [70, 460], [0, 460]], '국', 0.9974361423311429), ([[30, 638], [102, 638], [102, 668], [30, 668]], '서미니', 0.006706092484650922), ([[36, 662], [94, 662], [94, 692], [36, 692]], '의내', 0.007843155149783343), ([[439, 793], [477, 793], [477, 813], [439, 813]], '역자', 0.9987365870751849), ([[486, 792], [542, 792], [542, 816], [486, 816]], '얼프관', 0.22337148962932096), ([[422, 812], [542, 812], [542, 838], [422, 838]], '식자 : 굉코코아', 0.5090719394660509)]
[]
[([[0, 4], [56, 4], [56, 36], [0, 36]], '똑물', 0.06814244139581899)]
[]
[]
[]
[]
[]
[]
[([[519, 51], [547, 51], [547, 69], [519, 69]], '이 ', 0.6176676793689606), ([[502, 68], [566, 68], [566, 94], [502, 94]], '이렇게?', 0.8411167860031128), ([[854, 86], [958, 86], [958, 110], [854, 110]], '왜 하필 내가_', 0.37501634486799756), ([[880, 108], [958, 108], [958, 132], [880, 132]], '끈적대는게', 0.5708576682939642), ([[882, 128], [958, 128], [958, 152], [882, 152]], '기분 나빠_', 0.6664708051605385), ([[18, 154], [66, 154], [66, 180], [18, 180]], '하아', 0.9999836470619405), ([[18, 180], [66, 180], [66, 206], [18, 206]], '하아', 0.999968895767484), ([[18, 208], [132, 208], [132, 236], [18, 236]], '괜티 너머의', 0.6109275584342406), ([[20, 234], [128, 234], [128, 266], [20, 266]], '보들보들한', 0.8761469005828012), ([[540, 230], [564, 230], [564, 262], [540, 262]], '퍽', 0.8950802784334009), ([[20, 262], [144, 262], [144, 292], [20, 292]], '보0 느낌이.', 0.9340491200663109), ([[6, 288], [66, 288], [66, 318], [6, 318]], '후하아', 0.6501348212218401), ([[82, 290], [132, 290], [132, 314], [82, 314]], '하아', 0.9999851643415568), ([[790, 460], [856, 460], [856, 508], [790, 508]], '쥐', 0.2867454932165856), ([[280, 524], [322, 524], [322, 556], [280, 556]], '스목', 0.18595060786318107), ([[223, 553], [267, 553], [267, 591], [223, 591]], '스목', 0.3896381953697684), ([[806, 557], [867, 557], [867, 596], [806, 596]], '질펴', 0.08090811057790061), ([[626, 616], [678, 616], [678, 640], [626, 640]], '우으욕', 0.9790995189690653), ([[616, 638], [676, 638], [676, 662], [616, 662]], '좋아아.', 0.9454331994056702), ([[363, 657], [383, 657], [383, 693], [363, 693]], '욕', 0.9565550902853523), ([[606, 658], [696, 658], [696, 686], [606, 686]], '엄청 좋다구', 0.9004453165743552), ([[637, 683], [665, 683], [665, 699], [637, 699]], '아~', 0.9998764276765423), ([[286, 700], [318, 700], [318, 742], [286, 742]], '온', 0.30808157832531435), ([[594, 702], [708, 702], [708, 728], [594, 728]], '가버길 것 같아', 0.4094285721229642), ([[625, 725], [673, 725], [673, 745], [625, 745]], '하아', 0.9999790109339579), ([[536.6411493522645, 147.02153962379558], [561.4008670082939, 144.02690302182026], [573.3588506477355, 235.97846037620442], [548.5991329917061, 238.97309697817974]], '물', 0.09858092218255265), ([[371.13701426866953, 257.46032711047206], [429.1680407887877, 249.55796855864278], [432.86298573133047, 283.53967288952794], [374.8319592112123, 291.4420314413572]], "'질펴", 0.26705709585241677), ([[827.9719194937464, 507.5522631393689], [892.9111558871714, 492.2567954140116], [901.0280805062536, 531.447736860631], [835.0888441128286, 546.7432045859883]], '스욕', 0.13947318299798953), ([[719.4789396203098, 595.4141973545267], [767.4492469185205, 590.2676058381196], [769.5210603796902, 617.5858026454733], [721.5507530814795, 622.7323941618804]], '질켜니', 0.012208484115325716)]
[([[369, 75], [387, 75], [387, 97], [369, 97]], '유', 0.9998841319271037), ([[728, 24], [776, 24], [776, 126], [728, 126]], '햇', 0.050624507815842046), ([[1127, 211], [1169, 211], [1169, 251], [1127, 251]], '뭐', 0.8605761666484604), ([[36, 240], [195, 240], [195, 293], [36, 293]], '에, 엘리스의', 0.9647182145271518), ([[50, 278], [172, 278], [172, 326], [50, 326]], '안이 너무', 0.9849790656281255), ([[35, 312], [169, 312], [169, 364], [35, 364]], '빨빨해서..', 0.09664464540338012), ([[29, 351], [173, 351], [173, 395], [29, 395]], '싸 쌀께! 아;', 0.6269665828974149), ([[20, 384], [180, 384], [180, 434], [20, 434]], '안에 산다아!', 0.6577384987293008), ([[7, 447], [23, 447], [23, 473], [7, 473]], '우', 0.934019910774996), ([[1220, 452], [1244, 452], [1244, 490], [1220, 490]], '!', 0.008713516001295718), ([[1219, 513], [1265, 513], [1265, 549], [1219, 549]], '0', 0.9639157125485696), ([[1088, 674], [1158, 674], [1158, 722], [1088, 722]], '실펴', 0.4222907079067492), ([[19, 795], [63, 795], [63, 843], [19, 843]], '하', 0.411666791310509), ([[350, 712], [404, 712], [404, 822], [350, 822]], '푹', 0.07062258248744513), ([[960, 798], [1006, 798], [1006, 828], [960, 828]], '실떡', 0.49601037330482184), ([[38, 850], [86, 850], [86, 898], [38, 898]], '0', 0.9989624332011005), ([[968, 898], [1018, 898], [1018, 946], [968, 946]], '하', 0.8548687466864102), ([[969, 961], [1019, 961], [1019, 1005], [969, 1005]], '0', 0.7993648409922116), ([[1023.1317568578755, -7.9459451369956735], [1135.8386748137975, 23.50583575496859], [1115.8682431421244, 85.94594513699568], [1003.1613251862024, 52.494164245031406]], '스아', 0.009302311503308049), ([[368.95805693252925, 25.18675371782889], [412.8326005443373, 33.011883531045115], [408.04194306747075, 57.81324628217111], [364.1673994556627, 49.988116468954885]], '하아', 0.9999808653843955), ([[415.34801863336116, 33.10925403674746], [456.9376054089551, 43.50433350003473], [451.65198136663884, 65.89074596325254], [410.0623945910449, 55.49566649996527]], '하아', 0.9999189104264612), ([[354.34920862654405, 44.07143881944814], [472.9998958387584, 68.97500086801034], [466.65079137345595, 94.92856118055185], [347.0001041612416, 70.02499913198966]], '나도 쌀 거 같아', 0.7111671789148482), ([[394.0220279500418, 74.16388105512118], [448.9039906944974, 84.24711352364882], [443.9779720499582, 108.83611894487882], [389.0960093055026, 99.75288647635118]], '유두에', 0.9977923353943847), ([[342.289131459427, 86.0854389836506], [451.99554712379285, 105.83660652052039], [445.710868540573, 132.91456101634938], [336.00445287620715, 112.16339347947961]], '씹다아아아아..', 0.16995000921574085), ([[1083.464899367183, 177.69032892421114], [1187.0718272859701, 156.09823802609023], [1194.535100632817, 203.30967107578886], [1091.9281727140299, 223.90176197390977]], '사맛[', 0.04467560717822822), ([[1109.350005299984, 261.76000847997454], [1208.1602514716892, 243.22649901887385], [1213.649994700016, 286.23999152002546], [1115.8397485283108, 304.7735009811261]], '뭐야7', 0.33594665935412255), ([[496.4327330995129, 271.01610255142754], [567.980198019802, 260.1980198019802], [596.5672669004871, 466.98389744857246], [524.019801980198, 477.8019801980198]], '다', 0.0575962423937435), ([[1151.63785701583, 340.0164271741292], [1186.3215367596813, 333.0129441799526], [1210.36214298417, 457.9835728258708], [1176.6784632403187, 464.9870558200474]], '"', 0.24877412761361484), ([[16.367544467966326, 444.10263340389895], [32.485071250072664, 439.05971499970934], [44.632455532033674, 477.89736659610105], [28.514928749927336, 482.94028500029066]], '릇', 0.34432743028932933), ([[874.4417834440197, 610.0222930502471], [926.4366480030862, 592.0136319506198], [975.5582165559803, 748.9777069497529], [922.5633519969138, 765.9863680493802]], '급', 0.11914670510863345), ([[277.5326739962425, 700.0182271519045], [321.7902578366218, 692.0522699664781], [345.4673260037575, 839.9817728480955], [301.2097421633782, 846.9477300335219]], '특', 0.04392745087449157), ([[359.5755342621548, 849.0150330963826], [408.32635418385695, 845.1484374241605], [421.4244657378452, 1001.9849669036174], [371.67364581614305, 1006.8515625758395]], '못', 0.15760915371517115), ([[469.52595453686, 882.0225226370302], [511.3159346064082, 896.2577309441965], [476.47404546314, 996.9774773629698], [434.6840653935918, 982.7422690558035]], '#', 0.9324083652309731)]
[]
[([[702, 30], [756, 30], [756, 60], [702, 60]], '베거', 0.30142503298710643), ([[762, 76], [818, 76], [818, 158], [762, 158]], '쭉', 0.6270712151247757), ([[52, 146], [82, 146], [82, 186], [52, 186]], '속', 0.4592842957153067), ([[122, 144], [216, 144], [216, 216], [122, 216]], '똑움', 0.08602001829547753), ([[561, 117], [651, 117], [651, 205], [561, 205]], '땅', 0.46936349908126923), ([[812, 176], [854, 176], [854, 204], [812, 204]], '76', 0.8292113548679347), ([[701, 229], [851, 229], [851, 343], [701, 343]], '속육', 0.43361729746589334), ([[10, 388], [34, 388], [34, 414], [10, 414]], '그', 0.9999747277902884), ([[12, 416], [92, 416], [92, 442], [12, 442]], '그만해 !', 0.9979002591759155), ([[12, 444], [40, 444], [40, 470], [12, 470]], '왜 .', 0.9729644274708632), ([[887, 451], [921, 451], [921, 471], [887, 471]], '716', 0.3901289107132327), ([[10, 470], [84, 470], [84, 500], [10, 500]], '이렇계', 0.40927956605466664), ([[10, 498], [82, 498], [82, 522], [10, 522]], '안돼에', 0.9574797086622748), ([[12, 528], [50, 528], [50, 558], [12, 558]], '으응', 0.9998098387156548), ([[14, 612], [60, 612], [60, 640], [14, 640]], '계익', 0.4057494919375697), ([[-7.664861155718868, 207.17515256812132], [83.6192684157537, 194.30580800536958], [89.66486115571887, 269.8248474318787], [-2.619268415753691, 281.6941919946304]], '(육', 0.5636115891579444)]
[]
[([[134, 134], [228, 134], [228, 214], [134, 214]], '유꽃', 0.0484843998757725), ([[497, 143], [629, 143], [629, 253], [497, 253]], '북부', 0.36627026214199193), ([[9, 165], [53, 165], [53, 287], [9, 287]], '움', 0.06607011006537622), ([[644, 178], [824, 178], [824, 322], [644, 322]], '수', 0.9217280226341842), ([[6, 380], [52, 380], [52, 410], [6, 410]], '앗?', 0.39852117363166567), ([[4, 412], [32, 412], [32, 438], [4, 438]], '아', 0.9998792446353697), ([[42, 414], [114, 414], [114, 442], [42, 442]], '안에는', 0.3233005693365055), ([[2, 440], [52, 440], [52, 466], [2, 466]], '안되다', 0.04970279967360835), ([[4, 466], [108, 466], [108, 498], [4, 498]], '싫어어어!', 0.9914685096618103), ([[1, 491], [108, 491], [108, 524], [1, 524]], '아이..생겨', 0.45511861449512797), ([[2, 522], [76, 522], [76, 550], [2, 550]], '버린난', 0.4602639370824076), ([[4, 548], [94, 548], [94, 576], [4, 576]], '말이에요', 0.9983059167861938), ([[4, 574], [74, 574], [74, 606], [4, 606]], '스승님', 0.9995188563320833), ([[2, 604], [76, 604], [76, 628], [2, 628]], '바보오', 0.9999504457934018), ([[397.400119964012, 73.06058782365878], [426.11417202906233, 70.21456992734423], [429.599880035988, 127.93941217634122], [401.88582797093767, 130.78543007265577]], '8', 0.08806371631203547), ([[231.76940875114934, 199.06326488614863], [355.349801074331, 217.92697622911155], [336.23059124885066, 319.93673511385134], [213.65019892566897, 301.0730237708885]], '지록', 0.05351835285108795)]
[]
[]
[([[8, 40], [56, 40], [56, 70], [8, 70]], '후춧', 0.6572697865497357), ([[528, 38], [600, 38], [600, 70], [528, 70]], '주인념', 0.43538214893289123), ([[8, 68], [52, 68], [52, 96], [8, 96]], '으응', 0.9991134297530619), ([[542, 66], [590, 66], [590, 96], [542, 96]], '요즘', 0.9997317879923241), ([[6, 93], [99, 93], [99, 121], [6, 121]], '앞으로는', 0.9530017375946045), ([[490, 92], [638, 92], [638, 124], [490, 124]], '제 부하들에게', 0.8693479960811877), ([[6, 122], [128, 122], [128, 150], [6, 150]], '그런 마음이', 0.9918382687124414), ([[502, 120], [626, 120], [626, 148], [502, 148]], '손올 대시고', 0.5241661046790091), ([[8, 147], [132, 147], [132, 180], [8, 180]], '들지 암도록', 0.7784030714460107), ([[512, 148], [614, 148], [614, 176], [512, 176]], '계신 모양', 0.998882611597276), ([[6, 176], [58, 176], [58, 202], [6, 202]], '제가', 0.9995456872055692), ([[512, 174], [618, 174], [618, 202], [512, 202]], '이던데요?', 0.4647759333166758), ([[8, 202], [78, 202], [78, 232], [8, 232]], '봉사해', 0.9990737348810975), ([[8, 230], [99, 230], [99, 256], [8, 256]], '드리도록', 0.9208402633666992), ([[6, 258], [100, 258], [100, 284], [6, 284]], '하지요9', 0.9639599323272705), ([[237, 479], [367, 479], [367, 547], [237, 547]], '출륭0', 0.018826867284155727), ([[673, 535], [709, 535], [709, 589], [673, 589]], '꼭', 0.5439310604182914), ([[706, 479], [766, 479], [766, 620], [706, 620]], '[', 0.017920153079320267), ([[485, 569], [605, 569], [605, 635], [485, 635]], '프우일', 0.02729872331109381), ([[78, 629], [202, 629], [202, 654], [78, 654]], '그 그걸 어떻게.', 0.32900422556564585), ([[119, 653], [171, 653], [171, 673], [119, 673]], '아니 .', 0.7915130720711976), ([[101, 697], [167, 697], [167, 717], [101, 717]], '우오오오', 0.9984807968139648), ([[164.98595974687322, 697.2761315696845], [194.84803366484377, 700.2352964145474], [192.01404025312678, 717.7238684303155], [162.15196633515623, 713.7647035854526]], '오오_', 0.6975773877344249)]
[([[753, 51], [811, 51], [811, 89], [753, 89]], '으응', 0.9998464203384491), ([[665, 85], [733, 85], [733, 125], [665, 125]], '벌써', 0.999947485430632), ([[749, 87], [865, 87], [865, 125], [749, 125]], '신가요?', 0.999971866607666), ([[701, 123], [825, 123], [825, 161], [701, 161]], '그렇다면', 0.9978660345077515), ([[3, 155], [75, 155], [75, 191], [3, 191]], '하아.', 0.6320834038110903), ([[536, 122], [584, 122], [584, 204], [536, 204]], '향', 0.1306350625373378), ([[702, 162], [826, 162], [826, 194], [702, 194]], '아 안에!', 0.994662903131132), ([[43, 191], [81, 191], [81, 227], [43, 227]], '더.', 0.9884598160662117), ([[95, 189], [131, 189], [131, 225], [95, 225]], '0', 0.354538466149279), ([[705, 197], [825, 197], [825, 233], [705, 233]], '하아 . 앗', 0.4991888990740708), ([[4, 190], [36, 190], [36, 262], [4, 262]], '좀', 0.9983515386051209), ([[41, 227], [77, 227], [77, 263], [41, 263]], '더', 0.999317643259733), ([[709, 231], [817, 231], [817, 269], [709, 269]], '아아양!', 0.8548142910003662), ([[1, 257], [127, 257], [127, 301], [1, 301]], '주인남의', 0.9027578830718994), ([[33, 297], [97, 297], [97, 337], [33, 337]], '액올', 0.5143602884747654), ([[3, 299], [39, 299], [39, 371], [3, 371]], '즉', 0.1460137457758357), ([[30, 328], [156, 328], [156, 377], [30, 377]], '세요오애', 0.18067159186035708), ([[3, 369], [69, 369], [69, 405], [3, 405]], '아으', 0.995027939794699), ([[779, 419], [954, 419], [954, 532], [779, 532]], '초령', 0.42301226681186144), ([[345, 555], [437, 555], [437, 653], [345, 653]], '텅', 0.21839914765508084), ([[646, 590], [790, 590], [790, 688], [646, 688]], '푸쇼', 0.02721773187000473), ([[802, 628], [830, 628], [830, 664], [802, 664]], '분', 0.18106922577246198), ([[203, 861], [229, 861], [229, 881], [203, 881]], '이', 0.9998737613466666), ([[203, 883], [275, 883], [275, 919], [203, 919]], '이상은', 0.9998052951565731), ([[351, 863], [393, 863], [393, 901], [351, 901]], '하', 0.9986314690586937), ([[838, 808], [1002, 808], [1002, 936], [838, 936]], '뚜껑', 0.1114351327623261), ([[198, 920], [242, 920], [242, 948], [198, 948]], '으으', 0.9966521494166596), ([[192, 950], [246, 950], [246, 982], [192, 982]], '하아', 0.6515658130258231), ([[883.494121004501, 174.01066780667443], [969.0313244076915, 162.17317789299608], [1004.505878995499, 434.9893321933256], [919.9686755923085, 447.8268221070039]], '{', 0.492339772546476), ([[1111.951362344004, 858.0789914704267], [1196.3470477832195, 875.0478847519909], [1182.048637655996, 937.9210085295733], [1097.6529522167805, 920.9521152480091]], '움질', 0.9527265669363542), ([[713.0557630317494, 910.0899677650967], [814.8645473685115, 927.8440679520369], [804.9442369682506, 971.9100322349033], [704.1354526314885, 954.1559320479631]], '끈저억', 0.8187891383603004)]
[]
[([[275, 20], [378, 20], [378, 48], [275, 48]], '.죄송합니다만', 0.7966552741683474), ([[489, 17], [539, 17], [539, 37], [489, 37]], '아시도', 0.31560338492715523), ([[287, 45], [353, 45], [353, 65], [287, 65]], '주인남의', 0.9080805778503418), ([[487, 37], [539, 37], [539, 57], [487, 57]], '그림기', 0.19851099769065952), ([[473, 55], [555, 55], [555, 75], [473, 75]], '아무립지도', 0.25811854285820274), ([[286, 62], [356, 62], [356, 86], [286, 86]], '손놀림이', 0.9928971529006958), ([[263, 79], [376, 79], [376, 104], [263, 104]], '좀 변내적인 것', 0.4640023704583154), ([[469, 75], [557, 75], [557, 95], [469, 95]], '않다는 듯이', 0.6315502707730164), ([[289, 103], [355, 103], [355, 123], [289, 123]], '같다고...', 0.9298949416088645), ([[487, 91], [540, 91], [540, 116], [487, 116]], '굶다니', 0.6212286011447977), ([[272, 121], [360, 121], [360, 141], [272, 141]], '생각합니다.', 0.9783216178469578), ([[479, 113], [547, 113], [547, 133], [479, 133]], '귀어운길', 0.45489320158958435), ([[303, 201], [353, 201], [353, 237], [303, 237]], '꼬욕', 0.2887988968897383), ([[463, 299], [567, 299], [567, 319], [463, 319]], '가슴이 작은게', 0.9921555930640412), ([[472, 316], [564, 316], [564, 340], [472, 340]], '깊이 종구나.', 0.6304832005461602), ([[489, 337], [541, 337], [541, 357], [489, 357]], '조금만', 0.9999833442438536), ([[462, 354], [568, 354], [568, 378], [462, 378]], '만큼올 뿐인데', 0.3715645370940935), ([[452, 374], [578, 374], [578, 398], [452, 398]], '벌써 이리 젖다니', 0.7505369661124927), ([[471, 395], [561, 395], [561, 415], [471, 415]], '정말 음란한', 0.37357270606364595), ([[477, 415], [557, 415], [557, 435], [477, 435]], '아이로군 . .', 0.4446627313201437)]
[([[620, 12], [722, 12], [722, 38], [620, 38]], '아~ 이제', 0.9618936286891532), ([[624, 42], [726, 42], [726, 72], [624, 72]], '한계니까', 0.9975891709327698), ([[614, 70], [734, 70], [734, 100], [614, 100]], '넣으마 . 흙!', 0.25070434891799503), ([[617, 126], [727, 126], [727, 158], [617, 158]], '박백하군!', 0.2828079141794028), ([[636, 156], [692, 156], [692, 186], [636, 186]], '좋아.', 0.9624059558377538), ([[579, 181], [763, 181], [763, 218], [579, 218]], '뭐가 들어자논지', 0.5061652631184159), ([[12, 212], [42, 212], [42, 246], [12, 246]], '주 ,', 0.5444517731666565), ([[648, 214], [698, 214], [698, 244], [648, 244]], '한번', 0.9999865130351151), ([[11, 239], [87, 239], [87, 275], [11, 275]], '주인념', 0.7510543167492277), ([[598, 242], [748, 242], [748, 274], [598, 274]], '말해보려무나', 0.9900368066314884), ([[9, 269], [47, 269], [47, 329], [9, 329]], '와.', 0.4569617817950245), ([[10, 330], [92, 330], [92, 360], [10, 360]], '자0가.', 0.689716637134552), ([[12, 356], [62, 356], [62, 388], [12, 388]], '들어', 0.9997032990800373), ([[10, 386], [112, 386], [112, 418], [10, 418]], '확습니다', 0.3227985203266144), ([[430, 810], [482, 810], [482, 890], [430, 890]], '속', 0.9978534785659576), ([[373, 905], [421, 905], [421, 947], [373, 947]], "'", 0.7083642030377781), ([[422, 942], [518, 942], [518, 1020], [422, 1020]], '스옥', 0.13135395639380298), ([[264, 946], [333, 946], [333, 1221], [264, 1221]], '"', 0.07053919430649458), ([[619.5347377531419, 383.0216939586192], [659.3805721713, 371.0145045559712], [695.4652622468581, 499.9783060413808], [654.6194278287, 511.9854954440288]], '유', 0.06584112434678957), ([[83.01941932430908, 453.0970966215454], [149.57458900786466, 465.98179896711855], [138.98058067569093, 512.9029033784547], [72.42541099213534, 500.01820103288145]], '움', 0.5082763576575111)]
[]
[]
[([[867, 161], [967, 161], [967, 201], [867, 201]], '하입0', 0.11216702853350224), ([[879, 199], [941, 199], [941, 237], [879, 237]], '다들', 0.9985988206862125), ([[849, 235], [971, 235], [971, 273], [849, 273]], '맛빛한게', 0.12331081181764603), ([[233, 251], [323, 251], [323, 289], [233, 289]], '그럼 ~', 0.9490474969009798), ([[861, 271], [957, 271], [957, 309], [861, 309]], '준비는', 0.9186723625954922), ([[205, 287], [331, 287], [331, 325], [205, 325]], '즐겨불까', 0.8061467409133911), ([[843, 305], [979, 305], [979, 347], [843, 347]], '다 되없나', 0.9170123592187938), ([[880, 346], [940, 346], [940, 378], [880, 378]], '보네', 0.9997910423200029), ([[975, 391], [1053, 391], [1053, 457], [975, 457]], '스음', 0.7958464712057771), ([[836, 446], [898, 446], [898, 494], [836, 494]], '스음', 0.025478327476263454), ([[974, 488], [1048, 488], [1048, 540], [974, 540]], '문질', 0.9912290856644833), ([[1080, 490], [1190, 490], [1190, 568], [1080, 568]], "'운질", 0.26015966328357615), ([[25, 627], [151, 627], [151, 717], [25, 717]], '움질', 0.7930888537405638), ([[1095, 659], [1195, 659], [1195, 749], [1095, 749]], '불곧', 0.45965873912741434), ([[748, 902], [774, 902], [774, 932], [748, 932]], '5', 0.793228816320962), ([[561, 927], [655, 927], [655, 991], [561, 991]], '움질', 0.12931377269283742), ([[780, 932], [876, 932], [876, 1004], [780, 1004]], '움굶', 0.07698967422379481)]
[([[515, 1], [533, 1], [533, 33], [515, 33]], '극', 0.9482994485495944), ([[85, 43], [119, 43], [119, 63], [85, 63]], '우앗', 0.9215592576163435), ([[45, 63], [157, 63], [157, 83], [45, 83]], '이제 못 참싶다', 0.2754055059272906), ([[71, 83], [133, 83], [133, 103], [71, 103]], '네 , 내가', 0.8472950592868065), ([[42, 100], [162, 100], [162, 124], [42, 124]], '먼저 넣어도 돼?', 0.6555900490576982), ([[228, 104], [302, 104], [302, 128], [228, 128]], '아 아냐', 0.9286234065230503), ([[234, 128], [300, 128], [300, 154], [234, 154]], '그런 게:', 0.5766893503182879), ([[81, 238], [138, 238], [138, 266], [81, 266]], '질꺼', 0.18261657027191489), ([[144, 368], [170, 368], [170, 410], [144, 410]], '질', 0.9528143175619199), ([[471, 563], [537, 563], [537, 581], [471, 581]], '그래 그래', 0.8925188569282984), ([[458, 578], [548, 578], [548, 602], [458, 602]], '침까지 질질', 0.8032490813725245), ([[468, 598], [538, 598], [538, 622], [468, 622]], '흘리다니', 0.9954400658607483), ([[435, 619], [573, 619], [573, 639], [435, 639]], '여전히 음란하구만', 0.8640423556800158), ([[464, 636], [540, 636], [540, 660], [464, 660]], '자자 입을', 0.45224074843755985), ([[442, 656], [564, 656], [564, 680], [442, 680]], '실름없기 해주지', 0.3387175680884064)]
[]
[]
[]
[([[612, 26], [668, 26], [668, 102], [612, 102]], '속', 0.9993549433830253), ([[419, 123], [547, 123], [547, 209], [419, 209]], '부비', 0.29912685841979414), ([[187, 373], [203, 373], [203, 399], [187, 399]], '6', 0.23541850768401673), ([[857, 478], [911, 478], [911, 614], [857, 614]], '붐', 0.02104692664509944), ([[1183, 637], [1265, 637], [1265, 677], [1183, 677]], '어떠?', 0.9237665381618738), ([[1113, 670], [1264, 670], [1264, 710], [1113, 710]], '내 가슴이?', 0.8158019693807136), ([[735, 688], [873, 688], [873, 790], [735, 790]], '주물', 0.9944131282946185), ([[1085, 708], [1267, 708], [1267, 749], [1085, 749]], '기분 중제~0', 0.32276576864165996), ([[1197, 747], [1261, 747], [1261, 783], [1197, 783]], '아니', 0.6689669338958056), ([[1165, 783], [1265, 783], [1265, 821], [1165, 821]], '죄매만', 0.5135078751319039), ([[1071, 815], [1238, 815], [1238, 857], [1071, 857]], '너무 빠르장', 0.9896182159050206), ([[284.32737097320665, 341.12791132584323], [410.3793999569855, 331.8735944291058], [412.67262902679335, 427.87208867415677], [286.6206000430145, 437.1264055708942]], '주물', 0.802072192891322)]
[]
[([[574, 30], [678, 30], [678, 162], [574, 162]], '뜻', 0.15708127142712502), ([[309, 363], [431, 363], [431, 447], [309, 447]], '움질', 0.3965289567165773), ([[518, 592], [640, 592], [640, 692], [518, 692]], '움질', 0.7540767726495426), ([[1149, 609], [1269, 609], [1269, 645], [1149, 645]], '흐아양!?', 0.7517499885262976), ([[1061, 677], [1265, 677], [1265, 719], [1061, 719]], '따신고 [은 겉', 0.2734903169017728), ([[1081, 715], [1271, 715], [1271, 755], [1081, 755]], '잔뜩 삶구마이', 0.26358508128501396), ([[1131, 753], [1267, 753], [1267, 789], [1131, 789]], '아 그리고', 0.9998660177629067), ([[1061, 785], [1266, 785], [1266, 827], [1061, 827]], '얼굴에 싸는 건', 0.91901024359336), ([[1093, 825], [1269, 825], [1269, 861], [1093, 861]], '따로 돈 내야', 0.8405481532027649), ([[1173, 861], [1269, 861], [1269, 897], [1173, 897]], '돼아9', 0.29919342110741587), ([[691.8105265191808, 216.07894889385628], [789.9660447176101, 232.8116672103287], [774.1894734808192, 308.9210511061437], [677.0339552823899, 292.1883327896713]], '대둑', 0.15630492173444355), ([[794.9189609972722, 581.0278433470809], [994.1536381421928, 641.3896489085555], [937.0810390027278, 816.9721566529191], [737.8463618578072, 756.6103510914445]], '유밖', 0.19242900863267076)]
[]
[]
[]
[([[808, 54], [844, 54], [844, 86], [808, 86]], '저.', 0.7616687065431221), ([[779, 85], [867, 85], [867, 127], [779, 127]], '정말로', 0.999988712624007), ([[717, 121], [867, 121], [867, 163], [717, 163]], '이렇게 하면', 0.8241614397379279), ([[6, 180], [84, 180], [84, 210], [6, 210]], '그렇게', 0.43396779999013924), ([[805, 161], [867, 161], [867, 199], [805, 199]], '기분', 0.9988602023894358), ([[8, 208], [152, 208], [152, 238], [8, 238]], '안해노 (내가)', 0.99625885043703), ([[731, 193], [869, 193], [869, 235], [731, 235]], '종은 거야?', 0.9363534710826243), ([[6, 238], [110, 238], [110, 268], [6, 268]], '그러니까', 0.9997225999832153), ([[6, 264], [124, 264], [124, 296], [6, 296]], '좀 더 새끼_', 0.21571318451153024), ([[792, 266], [868, 266], [868, 294], [792, 294]], '진짜가', 0.8189410439143311), ([[54, 294], [112, 294], [112, 322], [54, 322]], '으욕!', 0.514792320353729), ([[2, 362], [26, 362], [26, 386], [2, 386]], '하', 0.9997950897293926), ([[6, 386], [30, 386], [30, 410], [6, 410]], '아', 0.9999516016140575), ([[139, 445], [276, 445], [276, 536], [139, 536]], '[질떼', 0.055816939728504454), ([[561, 401], [711, 401], [711, 513], [561, 513]], '스위', 0.6129131075398807), ([[459, 839], [599, 839], [599, 931], [459, 931]], '질떡', 0.5451899100198917), ([[156, 908], [264, 908], [264, 988], [156, 988]], '스욕', 0.16070745107483425), ([[367, 883], [453, 883], [453, 989], [367, 989]], '꼭', 0.22793885084848942), ([[40.401328905286036, 662.0199335792905], [104.44720807444669, 636.0111177036214], [174.59867109471398, 829.9800664207095], [110.55279192555331, 854.9888822963786]], '국', 0.04322421410711286)]
[]
[]
[([[15, 69], [87, 69], [87, 105], [15, 105]], '하아.', 0.8846815948014278), ([[791, 51], [851, 51], [851, 91], [791, 91]], '앗!?', 0.6653083867982472), ([[765, 89], [821, 89], [821, 125], [765, 125]], '으응', 0.9997467911245568), ([[15, 105], [87, 105], [87, 141], [15, 141]], '하아.', 0.8525272034006505), ([[13, 137], [120, 137], [120, 182], [13, 182]], '쌀께 ..!', 0.5124157827375506), ([[791, 123], [851, 123], [851, 165], [791, 165]], '엄청', 0.9830606915790651), ([[687, 159], [829, 159], [829, 201], [687, 201]], '움질거리네.', 0.7221382971227588), ([[6, 169], [86, 169], [86, 291], [6, 291]], '";', 0.03473079178625271), ([[685, 231], [853, 231], [853, 273], [685, 273]], '미끈거리논게', 0.6944047182786175), ([[763, 197], [853, 197], [853, 235], [763, 235]], '게다가', 0.9998927017927223), ([[45, 247], [81, 247], [81, 285], [45, 285]], '욕', 0.42296346254353523), ([[741, 269], [827, 269], [827, 307], [741, 307]], '뜨거워.', 0.8293824791908264), ([[3, 341], [25, 341], [25, 361], [3, 361]], '하', 0.9996922252993414), ([[262, 430], [364, 430], [364, 506], [262, 506]], '숨', 0.055218591661404304), ([[101, 457], [185, 457], [185, 571], [101, 571]], '못', 0.3429771572648157), ([[407, 468], [491, 468], [491, 667], [407, 667]], '봄', 0.18768935423532085), ([[65, 749], [189, 749], [189, 837], [65, 837]], '움질', 0.10085452701830579), ([[373, 778], [512, 778], [512, 886], [373, 886]], '표등', 0.10653205931964538), ([[186, 858], [284, 858], [284, 936], [186, 936]], '푸숙', 0.23882192476403274)]
[([[8, 44], [60, 44], [60, 70], [8, 70]], '하아.', 0.7999012494141644), ([[524, 32], [568, 32], [568, 60], [524, 60]], '앗?', 0.7473885506042985), ([[513, 61], [545, 61], [545, 77], [513, 77]], '0 으', 0.4840376907665679), ([[8, 68], [60, 68], [60, 94], [8, 94]], '하아.', 0.8765814201689033), ([[28, 94], [54, 94], [54, 118], [28, 118]], '끼', 0.4658889222822751), ([[528, 82], [568, 82], [568, 110], [528, 110]], '엄청', 0.9944948442579187), ([[474, 106], [552, 106], [552, 132], [474, 132]], '절거리네.', 0.18804008755802196), ([[6, 90], [58, 90], [58, 170], [6, 170]], '#다', 0.2391041254858957), ([[506, 130], [568, 130], [568, 154], [506, 154]], '게다가', 0.9999662755736362), ([[456, 154], [568, 154], [568, 180], [456, 180]], '미곤거리논게', 0.7747671540729768), ([[492, 178], [554, 178], [554, 204], [492, 204]], '뜨거워.', 0.5724278688430786), ([[176, 286], [242, 286], [242, 338], [176, 338]], '뜻슨', 0.0192569651085749), ([[72, 306], [124, 306], [124, 384], [72, 384]], '못', 0.46317812974338324), ([[271, 309], [326, 309], [326, 444], [271, 444]], '봄', 0.6455193368549637), ([[41, 495], [130, 495], [130, 561], [41, 561]], '육질', 0.30774177603210334), ([[124, 570], [192, 570], [192, 626], [124, 626]], '푸숙', 0.5301225700934399), ([[252.5129924896827, 525.1597654525403], [338.36564336826115, 519.5044609617272], [339.4870075103173, 584.8402345474597], [253.63435663173885, 590.4955390382728]], '표통', 0.38545216231267715)]
[([[709, 129], [775, 129], [775, 197], [709, 197]], '7', 0.9811863139692747)]
[]
[([[806, 120], [860, 120], [860, 150], [806, 150]], '하아-', 0.11993365912301365), ([[776, 148], [874, 148], [874, 180], [776, 180]], '오질나게', 0.9609411954879761), ([[695, 175], [875, 175], [875, 207], [695, 207]], '기분 좋아보이는', 0.8412168284768093), ([[718, 206], [878, 206], [878, 238], [718, 238]], '표정 짓고마니', 0.9078217133330079), ([[774, 236], [874, 236], [874, 266], [774, 266]], '어단가의', 0.9815439581871033), ([[749, 263], [875, 263], [875, 293], [749, 293]], '안경년보다', 0.9988408641599225), ([[724, 292], [878, 292], [878, 324], [724, 324]], '훨씬 더 중제?', 0.7799042707646404), ([[831, 329], [847, 329], [847, 357], [831, 357]], '응', 0.9995818575321778), ([[227, 575], [313, 575], [313, 643], [227, 643]], '렬', 0.06821191707064944), ([[532, 552], [616, 552], [616, 626], [532, 626]], '충물', 0.1861760115363664), ([[43, 594], [203, 594], [203, 696], [43, 696]], '꽉약', 0.07444033918369791), ([[407, 667], [423, 667], [423, 691], [407, 691]], '꿈', 0.9558849259451705), ([[283, 697], [299, 697], [299, 719], [283, 719]], '꿈', 0.95560452680553), ([[407, 691], [421, 691], [421, 717], [407, 717]], '틀', 0.9959345736166512), ([[6, 754], [36, 754], [36, 778], [6, 778]], '하', 0.9996512240352473), ([[10, 784], [38, 784], [38, 810], [10, 810]], '아', 0.9999268068355747), ([[124, 952], [243, 952], [243, 1029], [124, 1029]], '매필', 0.24167990335252615), ([[438, 994], [610, 994], [610, 1096], [438, 1096]], '메륙', 0.0303804104986566), ([[669, 1015], [713, 1015], [713, 1051], [669, 1051]], '내', 0.11183119212001547), ([[578, 1114], [608, 1114], [608, 1140], [578, 1140]], '하', 0.9993982028642598), ([[590, 1142], [620, 1142], [620, 1168], [590, 1168]], '아', 0.9995679130102566), ([[312, 1188], [340, 1188], [340, 1212], [312, 1212]], '하', 0.9996574218468055), ([[320, 1218], [350, 1218], [350, 1244], [320, 1244]], '아', 0.9999458797148151), ([[281.57006641960766, 720.0971394811761], [293.3259906833194, 716.0546270183737], [302.42993358039234, 742.9028605188239], [289.6740093166806, 746.9453729816263]], '틀', 0.9944587437126415), ([[608.430815328157, 828.0147358334294], [687.4486060646574, 802.0091514158936], [763.569184671843, 1042.9852641665705], [684.5513939353426, 1068.9908485841063]], ' ', 0.01342798563162445)]
[([[537, 79], [571, 79], [571, 99], [537, 99]], '하앙', 0.5440164580161816), ([[517, 99], [581, 99], [581, 119], [517, 119]], '오진나게', 0.6731452941894531), ([[462, 116], [584, 116], [584, 140], [462, 140]], '기분 좋아보이논', 0.547806562053671), ([[477, 137], [569, 137], [569, 157], [477, 157]], '표정 짓고마', 0.9901518611520942), ([[515, 155], [581, 155], [581, 175], [515, 175]], '어단가의', 0.9799858331680298), ([[499, 175], [583, 175], [583, 195], [499, 195]], '안경년보다', 0.9806029615507246), ([[480, 192], [584, 192], [584, 216], [480, 216]], '훨씬 더 중제?', 0.451448757292986), ([[154, 390], [186, 390], [186, 426], [154, 426]], '풍', 0.07092790868343801), ([[354, 370], [410, 370], [410, 418], [354, 418]], '흥물', 0.08724199184550542), ([[32, 406], [86, 406], [86, 456], [32, 456]], '꽤', 0.2987880935108933), ([[293, 663], [407, 663], [407, 731], [293, 731]], '메륙', 0.2638244248007038), ([[406.50478997251395, 552.0175386124464], [455.3970868303409, 534.0112717859993], [513.4952100274861, 706.9824613875536], [463.6029131696591, 723.9887282140007]], '{', 0.7371220425732794)]
[]
[]
[]
[([[596, 32], [634, 32], [634, 60], [596, 60]], '으응', 0.9997916323398176), ([[17, 44], [141, 44], [141, 80], [17, 80]], '하아 하아0', 0.9385267102454181), ([[18, 76], [68, 76], [68, 108], [18, 108]], '안은', 0.9997057433856712), ([[578, 64], [667, 64], [667, 102], [578, 102]], '하아아', 0.8650115132331848), ([[18, 99], [177, 99], [177, 140], [18, 140]], '안되다니까아7', 0.33271009283795994), ([[593, 103], [653, 103], [653, 139], [593, 139]], '아양', 0.9478142849074035), ([[22, 134], [80, 134], [80, 158], [22, 158]], '으으~', 0.4465073049068451), ([[17, 161], [92, 161], [92, 194], [17, 194]], '하지만', 0.9998797627930536), ([[20, 192], [162, 192], [162, 224], [20, 224]], '기분 중으니까', 0.8675067919317501), ([[17, 219], [117, 219], [117, 255], [17, 255]], '돼지 뭐0', 0.19356050863091379), ([[18, 248], [90, 248], [90, 276], [18, 276]], '아하하', 0.9999518911197696), ([[615, 237], [695, 237], [695, 303], [615, 303]], '음직', 0.05867880564242199), ([[244, 350], [344, 350], [344, 430], [244, 430]], '부름', 0.12734436499257473), ([[272, 536], [302, 536], [302, 590], [272, 590]], '뜻', 0.4270345436837353), ([[725, 563], [839, 563], [839, 655], [725, 655]], '푸습', 0.12032826439989622), ([[2, 654], [90, 654], [90, 730], [2, 730]], '품습', 0.18151356497831686), ([[340, 1052], [400, 1052], [400, 1078], [340, 1078]], '내', 0.6748465867059714), ([[327, 1069], [406, 1069], [406, 1112], [327, 1112]], '규춧', 0.2903187199099324), ([[264, 1086], [330, 1086], [330, 1142], [264, 1142]], '주숙', 0.25559168020770645), ([[52.13059777646887, 868.8742553305847], [195.8166896544052, 832.1235434013748], [210.86940222353113, 906.1257446694153], [66.1833103455948, 943.8764565986252]], '푸춧루록', 0.08033038675785065), ([[509.914249429668, 1041.0740208365764], [593.0200426978358, 1058.1634650372293], [576.085750570332, 1129.9259791634236], [492.9799573021642, 1112.8365349627707]], '푸숨', 0.05910293843106718)]
[([[13, 31], [93, 31], [93, 51], [13, 51]], '하아 하아0', 0.7027586443992847), ([[12, 48], [44, 48], [44, 72], [12, 72]], '안은', 0.9984303909337503), ([[385, 45], [443, 45], [443, 65], [385, 65]], '하아아', 0.9998668926401049), ([[12, 68], [118, 68], [118, 92], [12, 92]], '안되다니까아7', 0.5573740667995071), ([[394, 68], [434, 68], [434, 92], [394, 92]], '아양', 0.9352848502395029), ([[15, 91], [53, 91], [53, 105], [15, 105]], '으으~', 0.9178115129470825), ([[12, 108], [61, 108], [61, 127], [12, 127]], '하지만', 0.999943907415711), ([[12, 126], [110, 126], [110, 150], [12, 150]], '기분 중으니까', 0.8081468672839334), ([[10, 144], [78, 144], [78, 168], [10, 168]], '돼지 뛰0', 0.27579877601637365), ([[13, 167], [69, 167], [69, 185], [13, 185]], '아하하 ~', 0.45645873124675335), ([[170, 236], [224, 236], [224, 264], [170, 264]], '브르', 0.4210360454811014), ([[166, 254], [226, 254], [226, 284], [166, 284]], '76', 0.7652324820228467), ([[481, 373], [559, 373], [559, 439], [481, 439]], '푸슨', 0.10534880390453145), ([[0, 436], [60, 436], [60, 486], [0, 486]], '품숙', 0.45673334217677575), ([[5, 511], [43, 511], [43, 559], [5, 559]], '{', 0.02843582192186589), ([[227, 703], [265, 703], [265, 719], [227, 719]], '나보', 0.09537741618040411), ([[218, 712], [272, 712], [272, 742], [218, 742]], '규춧', 0.6135477970456449), ([[175, 723], [219, 723], [219, 761], [175, 761]], '푸숙', 0.615366370881406), ([[408.41000317999044, 161.45600508798475], [461.6013166274123, 156.50562661829505], [462.58999682000956, 182.54399491201525], [409.3986833725877, 186.49437338170495]], '우씬', 0.007626272008652934), ([[459.30537128835283, 251.12450247855259], [505.96431038378427, 261.62385545842426], [500.69462871164717, 281.8754975214474], [455.03568961621573, 271.37614454157574]], '으찌', 0.19884214269761685), ([[177.47818194971444, 354.06927321394346], [197.68716306252708, 352.12175429575933], [201.52181805028556, 394.93072678605654], [181.31283693747292, 396.87824570424067]], '푹', 0.8512625271114302), ([[34.20552140300427, 577.6904906657081], [128.50428110153652, 555.0362326306479], [137.79447859699573, 607.3095093342919], [44.495718898463466, 628.9637673693521]], '푸주무등', 0.036664899438619614)]
[]
[]
