507307
15
[([[94, 18], [193, 18], [193, 58], [94, 58]], '6떨김@)', 0.0002594117316269466), ([[71, 471], [379, 471], [379, 563], [71, 563]], '@즈9)', 0.016456350684165955), ([[10, 565], [223, 565], [223, 615], [10, 615]], '역:식자: 시 터 5', 0.11460983154613331), ([[24, 1414], [108, 1414], [108, 1444], [24, 1444]], '세드니블', 0.02400161139667034), ([[32, 1442], [92, 1442], [92, 1468], [32, 1468]], '멸기)', 0.019509693878244458), ([[790, 1400], [1030, 1400], [1030, 1490], [790, 1490]], '{처@@.득', 0.0040729359093157), ([[62, 1472], [90, 1472], [90, 1480], [62, 1480]], "'디5", 0.005705872596815002), ([[941, 1471], [1035, 1471], [1035, 1491], [941, 1491]], '-눕|8의@고솟  ', 7.5905890237666685e-06), ([[21.05217527923597, 12.113918644867482], [107.86114417711399, 23.95521981089857], [100.94782472076403, 60.88608135513252], [15.138855822886022, 49.04478018910143]], '-서-/@(', 0.0006954939223301669), ([[842.6750472251236, 1219.7450661151731], [971.7555052635464, 1206.6229814033663], [973.3249527748764, 1240.2549338848269], [844.2444947364536, 1253.3770185966337]], '@로질트 글', 0.03315182277972925), ([[795.0794468010066, 1272.695336161208], [826.757265691441, 1243.0971481828094], [844.9205531989934, 1265.304663838792], [813.242734308559, 1294.9028518171906]], '[및{', 0.007051667217209027)]
[([[301, 1035], [387, 1035], [387, 1169], [301, 1169]], '버', 0.1281673575010842), ([[324, 1204], [372, 1204], [372, 1262], [324, 1262]], '하', 0.9993164515739785), ([[152.7142832182911, 937.0285151854927], [340.3334570808898, 1092.818154818715], [140.2857167817089, 1332.9714848145074], [-46.33345708088977, 1177.181845181285]], '표', 0.07880691175834986)]
[([[795, 129], [859, 129], [859, 165], [795, 165]], '왜:', 0.7322880276307702), ([[771, 176], [882, 176], [882, 230], [771, 230]], '괜지 좀', 0.18549121849238273), ([[744, 234], [886, 234], [886, 284], [744, 284]], '부끄럽네:', 0.8392521916734231)]
[([[44, 356], [94, 356], [94, 420], [44, 420]], '음', 0.999718328286324), ([[283, 921], [319, 921], [319, 961], [283, 961]], '0', 0.3650999273189406), ([[107, 939], [185, 939], [185, 1001], [107, 1001]], '잦', 0.006206564728409525), ([[133, 1131], [153, 1131], [153, 1171], [133, 1171]], '음', 0.9978564556001324), ([[154.170011659965, 886.672018655944], [318.2778380079553, 827.751783590984], [346.82998834003496, 921.327981344056], [183.7221619920447, 980.248216409016]], '쪽 쪽', 0.9749653935432434)]
[([[0, 382], [220, 382], [220, 630], [0, 630]], '50', 0.5302365254800565), ([[563, 735], [651, 735], [651, 775], [563, 775]], '하 앗', 0.5459663762770198), ([[931.3916462191698, 434.0154305176469], [1025.3942128077335, 464.42461713166796], [963.6083537808302, 654.9845694823531], [869.6057871922665, 623.5753828683321]], '상', 0.4928653737540891), ([[74.79136947850307, 771.1223253065276], [337.0170283740205, 727.7905768932227], [353.20863052149696, 900.8776746934724], [90.98297162597947, 944.2094231067773]], '꼬육', 0.5271580572577301), ([[771.0105123546202, 1310.037711845525], [923.5083059923095, 1361.4584916768763], [884.9894876453798, 1466.962288154475], [732.4916940076905, 1415.5415083231237]], "'찰짝", 0.6869039806906143)]
[([[859, 0], [1045, 0], [1045, 108], [859, 108]], '도두두둑', 0.10066426545381546), ([[426, 134], [460, 134], [460, 164], [426, 164]], '귀', 0.35609251868073954), ([[348, 180], [464, 180], [464, 232], [348, 232]], '커워어:', 0.10045704245567322), ([[878, 976], [976, 976], [976, 1026], [878, 1026]], '입으로', 0.9997748751343731), ([[872, 1036], [982, 1036], [982, 1084], [872, 1084]], '해 줄 ', 0.7202649049732079), ([[891, 1095], [971, 1095], [971, 1131], [891, 1131]], "'게 0", 0.10693412274122238), ([[841.7000105999682, 129.52001695994912], [1042.1162489628648, 44.97440389016527], [1071.2999894000318, 130.47998304005088], [870.8837510371352, 214.02559610983474]], '히근현마', 0.008378119207918644), ([[867.2583685632087, 1338.069353385006], [905.9835728258709, 1370.63785701583], [882.7416314367913, 1398.930646614994], [843.0164271741291, 1366.36214298417]], '꾸육', 0.9515301364289295)]
[([[442.28204184138224, 352.1333087875939], [458.46324105461207, 344.0543875706293], [475.71795815861776, 381.8666912124061], [459.53675894538793, 389.9456124293707]], '문', 0.01579298658151118)]
[([[855, 315], [951, 315], [951, 353], [855, 353]], '네네:;', 0.5223953799518299), ([[119, 865], [187, 865], [187, 907], [119, 907]], '나도', 0.9999811182640786), ([[82, 920], [230, 920], [230, 974], [82, 974]], '기분 증제', 0.9374327295508448), ([[87, 985], [225, 985], [225, 1027], [87, 1027]], '해 쥐: (', 0.17443752224013073), ([[700, 1248], [810, 1248], [810, 1298], [700, 1298]], "간다:'", 0.2113991677761078), ([[573, 1249], [641, 1249], [641, 1339], [573, 1339]], '45', 0.040772802342694064), ([[681, 1315], [791, 1315], [791, 1357], [681, 1357]], '네네::', 0.8116037249565125), ([[407.20891722009884, 30.580509606227356], [502.7152251188279, 3.8263502168416332], [516.7910827799011, 66.41949039377265], [421.2847748811721, 93.17364978315837]], '하아', 0.9997301865382844), ([[433.71806521676416, 79.3823891286161], [524.053917435808, 61.1566624573507], [532.2819347832358, 121.6176108713839], [441.946082564192, 139.8433375426493]], '하아', 0.9916978049929814), ([[-21.031727435538382, 483.02420562303246], [125.03923079277354, 423.0947143873036], [237.0317274355384, 739.9757943769675], [89.96076920722646, 799.9052856126964]], '줄', 0.16407429830651044), ([[237.5144372945836, 847.286093236459], [319.4787436609448, 840.0255779221665], [321.48556270541644, 879.713906763541], [238.5212563390552, 885.9744220778335]], '저기:', 0.9725881071964897), ([[460.2275576802052, 880.0229690274474], [617.9914578616659, 980.5288072278153], [556.7724423197948, 1073.9770309725527], [399.0085421383341, 974.4711927721847]], '()^', 0.09124225473337738), ([[159.0353897209563, 1333.0388325398578], [305.4408011631818, 1378.3794933027905], [271.9646102790437, 1480.9611674601422], [124.55919883681821, 1435.6205066972095]], ' ', 0.037903948159262235)]
[([[50.37056636332034, 98.01238562833666], [272.3969504497152, 275.64868791638486], [186.62943363667966, 383.9876143716633], [-34.396950449715185, 206.35131208361517]], '(파사보', 0.011957531794905663), ([[16.914645195145486, 438.02947159067696], [162.1070552642324, 410.3053546310408], [201.08535480485452, 661.970528409323], [55.89294473576759, 689.6946453689592]], '화', 0.8267106709003116), ([[553.5258751029608, 1241.6828003294745], [761.1768934825607, 1175.9804338086922], [791.4741248970392, 1302.3171996705255], [583.8231065174393, 1368.0195661913078]], '하하', 0.9980116696858938), ([[568.8753549101061, 1354.0422203044109], [841.3585165054237, 1390.6602991158982], [818.1246450898939, 1516.9577796955891], [544.6414834945763, 1480.3397008841018]], '아아', 0.9993410554830197)]
[([[776, 352], [878, 352], [878, 482], [776, 482]], '응', 0.11288740546753218), ([[0, 1243], [59, 1243], [59, 1335], [0, 1335]], ')', 0.171218676229409)]
[([[496, 0], [631, 0], [631, 127], [496, 127]], '문등', 0.00820854982149112), ([[0, 131], [63, 131], [63, 233], [0, 233]], ')', 0.9980154356753701), ([[896, 938], [1000, 938], [1000, 1066], [896, 1066]], '(이', 0.03557432404601738)]
[([[18, 2], [158, 2], [158, 82], [18, 82]], '하학', 0.9954331618288129), ([[772, 1352], [908, 1352], [908, 1400], [772, 1400]], '당신이랑:', 0.9572606609646102), ([[667.2397140787303, -1.9418584882530858], [704.497518595105, -18.975185951049944], [745.7602859212697, 72.94185848825309], [708.502481404895, 90.97518595104995]], '물', 0.21082237736518383), ([[618.9973506193547, 6.084368654193218], [655.5583146962297, -17.973967249656965], [714.0026493806453, 76.91563134580679], [676.4416853037703, 100.97396724965697]], '흙', 0.22994371101358357), ([[680.7033336006992, 264.0073387341244], [728.9414330687132, 268.32277905664165], [708.2966663993008, 477.9926612658756], [659.0585669312868, 472.67722094335835]], '"', 0.012267065352099316), ([[336.9484287718934, 522.0616445610941], [468.4374233918338, 545.8679261651527], [451.0515712281066, 624.9383554389059], [319.5625766081662, 601.1320738348473]], '싱조', 0.2733298397487673)]
[([[829, 1], [1009, 1], [1009, 40], [829, 40]], '*** *<기1}', 0.248929471353648), ([[212, 96], [614, 96], [614, 150], [212, 150]], '+-스 -@--@-]| )_', 0.0003042845526683964), ([[211, 145], [723, 145], [723, 189], [211, 189]], '감내(:하소해컨스 늙 _어|.--_..', 4.836683467096501e-05), ([[213, 397], [533, 397], [533, 435], [213, 435]], '숲스하터:2010445293', 0.008271707326771925), ([[212, 434], [248, 434], [248, 466], [212, 466]], '티]', 0.5673371352276286), ([[207, 427], [512, 427], [512, 511], [207, 511]], '스 텔:-만00*하1중', 0.0012295005572931228), ([[252, 570], [894, 570], [894, 600], [252, 600]], '퉁0#  익-3다 . #빛. 내토묘속시0거7다-{ 속이{주#순철내센화', 2.9824432993825694e-05), ([[212, 629], [572, 629], [572, 662], [212, 662]], '*내내창하소5-01<:소<청로', 0.00025680712215033814), ([[598, 630], [866, 630], [866, 662], [598, 662]], "'#+8병 <단0#0소5", 0.00041164248479984137), ([[211, 656], [621, 656], [621, 693], [211, 693]], '*00:하소3요토8+,_떨+4440}', 0.0002263972415354992), ([[208, 689], [803, 689], [803, 732], [208, 732]], '룹찬권://름감002 급귀아$아-,서+ ,서 떤병/떨+*4440/', 1.2983380309455215e-06), ([[61, 1367], [267, 1367], [267, 1403], [61, 1403]], '20)1()()79)', 0.3672029548079108)]
[([[16, 13], [104, 13], [104, 57], [16, 57]], '-형8:', 0.0007365558994933963), ([[0, 469], [332, 469], [332, 561], [0, 561]], '내대소-', 0.06148071587085724), ([[23, 1405], [136, 1405], [136, 1449], [23, 1449]], '스드나니7', 0.059448407184460976), ([[32, 1438], [116, 1438], [116, 1470], [32, 1470]], '다니%', 0.011550454513229244)]
[([[525, 133], [593, 133], [593, 193], [525, 193]], '8', 0.19101302798188247), ([[457, 677], [493, 677], [493, 715], [457, 715]], '아', 0.9720531965285772), ([[634, 684], [694, 684], [694, 734], [634, 734]], "'결술", 0.8566944528057411), ([[752, 774], [812, 774], [812, 826], [752, 826]], '권으', 0.7306025744602644), ([[818, 844], [850, 844], [850, 878], [818, 878]], '건', 0.9983948954773183), ([[62, 1016], [118, 1016], [118, 1068], [62, 1068]], '9', 0.9988797465960033), ([[776, 1070], [958, 1070], [958, 1136], [776, 1136]], '@탕트@ ', 0.00785478202623369), ([[725, 1331], [939, 1331], [939, 1395], [725, 1395]], '@@@@{', 0.03495730837444233), ([[897, 1389], [1007, 1389], [1007, 1409], [897, 1409]], '-) 8@@랑장  ', 0.0015346631808938766), ([[595.3502489117012, -21.980793392248785], [678.1858435322674, 8.652077459224543], [617.6497510882988, 168.98079339224878], [534.8141564677326, 137.34792254077547]], '모', 0.05103084111959455), ([[429.8856741372839, -10.82691023381117], [525.0952557535236, 29.82813516187695], [374.1143258627161, 378.8269102338112], [278.90474424647647, 339.17186483812304]], ':', 0.001792163899009061), ([[521.5677632769264, 43.02342214772217], [553.9342458440524, 58.281507526833806], [512.4322367230736, 142.9765778522778], [480.0657541559476, 126.7184924731662]], '통', 0.9397769005156533), ([[478.85480333137224, 121.13291415833211], [514.981620006688, 136.98628076022774], [441.14519666862776, 300.86708584166786], [405.018379993312, 285.0137192397723]], '(', 0.016017302237252062), ([[502.36835246003307, 183.01996886852282], [578.6147329838834, 214.51803721206622], [517.6316475399669, 360.9800311314772], [442.3852670161166, 330.4819627879338]], '주', 0.22543095590243922), ([[403.5168349130363, 271.02339960427406], [443.63103535869743, 288.5626198604331], [401.4831650869637, 383.97660039572594], [361.36896464130257, 366.4373801395669]], '틀', 0.012145369116512372), ([[449.41681264523095, 317.0189147365568], [514.7587328253794, 346.05697630871805], [451.58318735476905, 488.9810852634432], [385.24126717462053, 459.94302369128195]], '@', 0.1273184403345562), ([[548.6325926123042, 477.0112595805573], [814.7730316297869, 602.3653422983757], [789.3674073876958, 651.9887404194427], [524.2269683702131, 526.6346577016243]], '역 . 식자 : 꼴 토 5', 0.12556176528678062), ([[505.23034215711596, 581.0747450012914], [562.9223227027637, 603.2155354594472], [547.769657842884, 639.9252549987086], [490.07767729723633, 617.7844645405528]], '날이', 0.9997644072460141), ([[555.3873671399867, 598.0376738338928], [666.9862261033745, 647.6291236782614], [647.6126328600133, 688.9623261661072], [536.0137738966255, 639.3708763217386]], '꿀꿀해서', 0.1752770096063614), ([[492.39177126298426, 608.0465132093975], [572.9879558518498, 647.6898256559672], [555.6082287370158, 680.9534867906025], [475.0120441481501, 641.3101743440328]], '그래서', 0.9999873361159073), ([[475.3729298231972, 640.0494578861421], [559.9962246334202, 676.8262511028947], [544.6270701768028, 710.9505421138579], [460.00377536657976, 673.1737488971053]], '대사가 -', 0.5360393872114114), ([[566.3026573907705, 639.0488674744709], [652.9976103867153, 680.8454347303078], [632.6973426092295, 719.9511325255291], [546.0023896132847, 678.1545652696922]], '간단한 ', 0.8333670359636806), ([[656.3214058935425, 644.0462630228603], [744.9936352732672, 687.7477961983199], [723.6785941064575, 726.9537369771397], [636.0063647267328, 683.2522038016801]], '그런지 ', 0.9968879222869873), ([[553.1644588494623, 670.0703072118276], [613.9159436803825, 697.0870390307862], [594.8355411505377, 738.9296927881724], [534.0840563196175, 711.9129609692138]], '적은', 0.9990154230557997), ([[733.2928932188134, 680.0502525316941], [818.9988923349443, 720.8947601613696], [798.7071067811866, 759.9497474683059], [714.0011076650557, 719.1052398386304]], '의욕이', 0.9917571353461739), ([[502.39177126298426, 685.0465132093975], [581.9937025685939, 723.7756346871577], [564.6082287370158, 757.9534867906025], [485.00629743140615, 719.2243653128423]], '그래도', 0.9999860284334476), ([[605.2928932188134, 694.0502525316941], [690.0, 734.0], [670.7071067811866, 773.9497474683059], [586.0, 734.0]], '작품올', 0.6161772387093806), ([[449.2583685632087, 699.0693533850061], [508.98451940010153, 726.6484247588146], [493.7416314367913, 759.9306466149939], [433.01548059989847, 733.3515752411854]], "내가 '", 0.14483074843883514), ([[697.3947281234448, 700.0367706122473], [807.9713901259034, 752.4658837054815], [787.6052718765552, 791.9632293877527], [677.0286098740966, 740.5341162945185]], '햇습니다:', 0.9264361907636294), ([[501.4290466368775, 722.0327057408344], [635.9365552415403, 781.2060085975145], [617.5709533631225, 818.9672942591656], [483.0634447584597, 759.7939914024855]], '빼먹어서가 ', 0.8202337085179705), ([[576.521532469686, 721.0287194983941], [698.9447588178385, 776.337521419905], [681.478467530314, 811.9712805016059], [560.0552411821615, 755.662478580095]], '8페이지에', 0.6477574422206509), ([[811.2583685632087, 721.0693533850061], [869.9783459713976, 747.5843519134361], [853.7416314367913, 781.9306466149939], [795.0216540286024, 755.4156480865639]], '제로.', 0.77154199899863), ([[435.3824924789056, 729.0479518649956], [520.0, 765.0], [503.6175075210944, 800.9520481350044], [419.0, 765.0]], '아무리 ', 0.9902736479622237), ([[688.4095257509892, 733.0438225316279], [765.9907347707261, 773.7279044474504], [747.5904742490108, 807.9561774683721], [670.0092652292739, 768.2720955525496]], '고르는', 0.9680922207981592), ([[420.1210468075817, 755.0778621224576], [483.8920166407649, 778.9664753575848], [466.8789531924183, 820.9221378775424], [403.1079833592351, 796.0335246424152]], '설마', 0.9999343358414837), ([[512.3214058935425, 757.0462630228603], [596.9902628924144, 801.6881085692241], [575.6785941064575, 839.9537369771397], [491.0097371075856, 796.3118914307759]], "'의욕이", 0.9258925318717957), ([[693.3917712629842, 774.0465132093975], [776.9942314872931, 812.7852563716509], [760.6082287370158, 846.9534867906025], [676.0057685127069, 808.2147436283491]], '대사가', 0.999988643798596), ([[626.3917712629842, 780.0465132093975], [707.9997531092798, 816.9555582987858], [690.6082287370158, 852.9534867906025], [610.0002468907202, 816.0444417012142]], '아남요', 0.8075559735298157), ([[475.08955369908847, 782.0835899750776], [533.9452218354652, 808.2619071887366], [516.9104463009115, 845.9164100249224], [457.05477816453487, 819.7380928112634]], '그런', 0.9999365274361579), ([[814.3798263270539, 789.0386106164317], [922.9821415244846, 838.5777846165691], [902.6201736729461, 878.9613893835683], [795.0178584755154, 829.4222153834309]], '번역계의', 0.9931241273880005), ([[588.2619071887366, 795.0547781645348], [672.9896265448423, 830.6780886100101], [654.7380928112634, 871.9452218354652], [570.0103734551577, 837.3219113899899]], '없어도', 0.9980802904686482), ([[527.2725300475258, 805.0532043231757], [611.9974005716984, 841.8387935299452], [592.7274699524742, 882.9467956768243], [509.0025994283015, 845.1612064700548]], '실수률', 0.3649940370664356), ([[769.1504654174618, 806.0726994212782], [829.9281112740663, 833.1551809244457], [810.8495345825382, 873.9273005787218], [750.0718887259337, 846.8448190755543]], '없는', 0.7509400212785236), ([[156.3829424939203, 804.0272501812993], [213.3320627399231, 825.4646822671918], [172.6170575060797, 930.9727498187007], [115.66793726007691, 908.5353177328082]], '', 0.0), ([[665.3121581436266, 829.0475386341112], [750.9997287547127, 869.9479194921385], [730.6878418563734, 910.9524613658888], [645.0002712452873, 871.0520805078615]], '그렇지', 0.9092244505882263), ([[913.1780050634732, 835.0680303808393], [976.9337840924073, 863.1889669985084], [957.8219949365268, 904.9319696191607], [894.0662159075927, 876.8110330014916]], '꼼수.', 0.9338400756430929), ([[606.2828546384055, 841.0516970049982], [705.9997816546212, 880.9532730686484], [688.7171453615945, 919.9483029950018], [589.0002183453788, 880.0467269313516]], '할라고  .', 0.9448052513191988), ([[117.34645408443782, 895.0267398301415], [176.15649355304078, 919.8914202432214], [128.65354591556218, 1032.9732601698586], [69.84350644695922, 1008.1085797567786]], '숲', 0.058673033047170975), ([[49.33563616117008, 1039.027633934041], [109.22104021553173, 1063.9702228044637], [61.66436383882992, 1174.972366065959], [2.7789597844682703, 1150.0297771955363]], '굶', 0.010673300198663027), ([[722.5640836827645, 1154.2666175751879], [772.4285498650663, 1107.2637926605958], [793.4359163172355, 1135.7333824248121], [743.5714501349337, 1182.7362073394042]], '[!고', 0.027617319566056973)]
