512665
15
[([[796, 46], [936, 46], [936, 94], [796, 94]], '따물-)', 0.03852751851081848), ([[56, 56], [138, 56], [138, 130], [56, 130]], '큰리', 0.0028380392177415996), ([[810, 82], [935, 82], [935, 135], [810, 135]], '6밥,', 0.0036274617674075375), ([[54, 130], [140, 130], [140, 154], [54, 154]], '장0%', 0.02882768551631785), ([[446, 970], [548, 970], [548, 1082], [446, 1082]], '*', 0.032453282405104034), ([[275, 1083], [546, 1083], [546, 1222], [275, 1222]], '1[ 0', 0.4566482755331307), ([[626.2088369900188, 954.0313460742366], [704.3442835315201, 966.2701832834352], [681.7911630099812, 1099.9686539257634], [604.6557164684799, 1087.7298167165648]], '눈', 0.22734383362754684)]
[]
[]
[]
[([[186, 84], [214, 84], [214, 116], [186, 116]], '오', 0.9435156393849411), ([[227, 87], [259, 87], [259, 107], [227, 107]], '차', 0.33773088326052303), ([[93, 79], [181, 79], [181, 171], [93, 171]], '늑굶', 0.015242997219284196), ([[186, 124], [214, 124], [214, 152], [186, 152]], '오', 0.9737158054704764), ([[181, 151], [221, 151], [221, 187], [181, 187]], '빠', 0.952622561283679), ([[223, 121], [265, 121], [265, 195], [223, 195]], '잠', 0.5145611870296172), ([[344, 196], [372, 196], [372, 220], [344, 220]], '하', 0.9981091624468128), ([[91, 145], [181, 145], [181, 297], [91, 297]], '?', 0.016891863705726706), ([[225, 193], [263, 193], [263, 263], [225, 263]], '양', 0.9081535781646757), ([[355, 221], [381, 221], [381, 241], [355, 241]], '아', 0.9997958049119724), ([[956, 290], [980, 290], [980, 314], [956, 314]], '하', 0.9931619640452141), ([[139, 291], [177, 291], [177, 377], [139, 377]], '행', 0.12152349768985804), ([[953, 317], [977, 317], [977, 337], [953, 337]], '아', 0.9994681588825785), ([[119, 551], [141, 551], [141, 569], [119, 569]], '하', 0.9980099574995762), ([[127, 571], [149, 571], [149, 591], [127, 591]], '아', 0.9989126301962301), ([[740, 682], [954, 682], [954, 882], [740, 882]], '얘', 0.029184033208423443), ([[759, 863], [943, 863], [943, 925], [759, 925]], '오-4끝', 0.002566572045907378), ([[754, 976], [802, 976], [802, 1100], [754, 1100]], '불', 0.23250795583166806), ([[928, 1330], [954, 1330], [954, 1354], [928, 1354]], '14', 0.9999972183091315), ([[18.33918139954491, 853.0438604965868], [54.48316508696368, 839.0233996042741], [90.66081860045509, 937.9561395034132], [54.51683491303632, 951.9766003957259]], '불', 0.9742925238720233), ([[809.4710935662174, 1130.0233572982565], [854.4372241510911, 1141.082125445362], [826.5289064337826, 1254.9766427017435], [782.5627758489089, 1243.917874554638]], '불', 0.9597177831486228)]
[([[651, 17], [675, 17], [675, 37], [651, 37]], '하', 0.999407736760137), ([[736, 50], [874, 50], [874, 80], [736, 80]], '히 어 엄 이', 0.5756311501370324), ([[882, 52], [910, 52], [910, 78], [882, 78]], '너', 0.9999862909786863), ([[234, 62], [266, 62], [266, 98], [234, 98]], '햇', 0.35878876219598865), ([[736, 78], [876, 78], [876, 108], [736, 108]], '야 평 마 권', 0.7437976792620188), ([[735, 107], [805, 107], [805, 151], [735, 151]], '앞 게', 0.3509022295475006), ([[846, 110], [876, 110], [876, 138], [846, 138]], '거', 0.9999800921477267), ([[884, 94], [910, 94], [910, 150], [884, 150]], '너', 0.10029767029118375), ([[733, 165], [769, 165], [769, 207], [733, 207]], '빠', 0.9874519458255158), ([[769, 143], [805, 143], [805, 237], [769, 237]], '#', 0.07917602808105162), ([[807, 105], [843, 105], [843, 293], [807, 293]], '#', 0.013399745939262298), ([[841, 151], [913, 151], [913, 219], [841, 219]], '한현 그', 0.316707207478679), ([[772, 236], [802, 236], [802, 284], [772, 284]], '앞', 0.07857869457993516), ([[733, 205], [771, 205], [771, 367], [733, 367]], '?', 0.08874461787578358), ([[878, 210], [917, 210], [917, 385], [878, 385]], ';', 0.0022120940473741163), ([[805, 441], [827, 441], [827, 459], [805, 459]], '하', 0.9796408677538047), ([[0, 718], [210, 718], [210, 918], [0, 918]], '사', 0.6560275862171672), ([[12, 895], [195, 895], [195, 963], [12, 963]], '[너4거', 0.002942538121715188), ([[865, 1025], [907, 1025], [907, 1121], [865, 1121]], '폭', 0.1326024570155946), ([[182, 1208], [206, 1208], [206, 1236], [182, 1236]], '9', 0.9085397557612538), ([[26, 1326], [52, 1326], [52, 1350], [26, 1350]], '15', 0.9999543974144669), ([[107.04306493937207, 1139.0574389967883], [204.6586216862937, 1170.687963264515], [180.95693506062793, 1237.9425610032117], [83.34137831370629, 1207.312036735485]], '움질', 0.4271196010013321), ([[900.521532469686, 1181.0287194983941], [933.229736751536, 1188.6791154764355], [915.478467530314, 1271.9712805016059], [881.770263248464, 1265.3208845235645]], '품', 0.3260863804003442)]
[]
[([[926, 1326], [954, 1326], [954, 1350], [926, 1350]], '18', 0.8521948761834249)]
[([[310, 30], [336, 30], [336, 110], [310, 110]], '금', 0.03672859854499699), ([[824, 106], [848, 106], [848, 132], [824, 132]], '네', 0.9737912091686987), ([[770, 106], [794, 106], [794, 168], [770, 168]], '햇', 0.020158618664771533), ([[791, 101], [883, 101], [883, 219], [791, 219]], '#', 0.08089481184926228), ([[451, 131], [487, 131], [487, 245], [451, 245]], '푹', 0.7299227333042815), ([[557, 166], [620, 166], [620, 315], [557, 315]], '#', 0.004587068579488263), ([[618, 172], [646, 172], [646, 204], [618, 204]], '갖', 0.9869368348030463), ([[615, 169], [677, 169], [677, 267], [615, 267]], '꿀잎', 0.017226235473373343), ([[763, 164], [825, 164], [825, 289], [763, 289]], '#틈', 0.23358678722078238), ([[848, 180], [874, 180], [874, 240], [848, 240]], '평', 0.4563559427502675), ([[444, 246], [493, 246], [493, 331], [444, 331]], '및', 0.004460492023746987), ([[646, 230], [674, 230], [674, 304], [646, 304]], '표', 0.07126938928401305), ([[342, 288], [392, 288], [392, 358], [342, 358]], '숲', 0.36036511614230804), ([[448, 332], [480, 332], [480, 366], [448, 366]], '!2', 0.95322848587416), ([[207, 389], [229, 389], [229, 409], [207, 409]], '어', 0.9999208465981155), ([[291, 385], [311, 385], [311, 429], [291, 429]], '꿀', 0.5766874700784683), ([[331, 381], [403, 381], [403, 449], [331, 449]], '몇월분', 0.01990844797012088), ([[204, 420], [230, 420], [230, 458], [204, 458]], '엉', 0.7972770981464841), ([[291, 427], [311, 427], [311, 487], [291, 487]], '몇', 0.009767844496229083), ([[313, 385], [333, 385], [333, 489], [313, 489]], '흙', 0.014587365323783852), ([[335, 427], [355, 427], [355, 469], [335, 469]], '종', 0.6851503725395993), ([[379, 447], [399, 447], [399, 489], [379, 489]], '절', 0.0634477481974125), ([[143, 473], [163, 473], [163, 497], [143, 497]], '울', 0.10518554268955516), ([[330, 442], [380, 442], [380, 530], [330, 530]], '}출', 0.020476599616646104), ([[733, 621], [873, 621], [873, 735], [733, 735]], '햇홀경품', 0.0006233447347767651), ([[442, 698], [474, 698], [474, 740], [442, 740]], '액', 0.9513762670305823), ([[744, 744], [768, 744], [768, 772], [744, 772]], '-', 0.5235589634360203), ([[766, 700], [838, 700], [838, 788], [766, 788]], '밭7', 0.010223868416522564), ([[435, 743], [475, 743], [475, 783], [435, 783]], '!2', 0.979524293137541), ([[770, 762], [802, 762], [802, 812], [770, 812]], '냥', 0.021333777481578275), ([[831, 680], [867, 680], [867, 854], [831, 854]], '@', 0.009236920374817936), ([[609, 1035], [631, 1035], [631, 1053], [609, 1053]], '과', 0.06517913253143437), ([[0, 861], [238, 861], [238, 1277], [0, 1277]], '몇', 0.009248382434066171), ([[803, 1147], [887, 1147], [887, 1265], [803, 1265]], '스', 0.023771101813995443), ([[319.2161622789965, 152.0618223576777], [359.90056222723155, 147.3752985804032], [367.7838377210035, 224.9381776423223], [326.09943777276845, 229.6247014195968]], '묶', 0.1960993822710897), ([[163.50324929946458, 458.0626722679119], [183.69746742404283, 456.1255562978849], [186.49675070053542, 500.9373277320881], [166.30253257595717, 502.8744437021151]], '꼴', 0.37410790857112275), ([[817.4633436854001, 929.0483902697002], [842.0662483857441, 936.8250016992167], [825.5366563145999, 989.9516097302998], [799.9337516142559, 981.1749983007833]], '난', 0.5478295732734892), ([[563.5982463119958, 953.027022708769], [588.3108182527784, 942.0161447733277], [625.4017536880042, 1032.972977291231], [600.6891817472216, 1043.9838552266724]], '"', 0.9416394425651085), ([[565.3155250617765, 1209.4096801976848], [615.712046708983, 1162.028211466813], [696.6844749382235, 1258.5903198023152], [646.287953291017, 1305.971788533187]], '촬', 0.012656539344951201)]
[([[261, 975], [559, 975], [559, 1115], [261, 1115]], '0 *', 0.478350430727005), ([[619, 968], [727, 968], [727, 1114], [619, 1114]], '군"', 0.6886177160764647), ([[227, 1111], [633, 1111], [633, 1270], [227, 1270]], '" 에', 0.17640432715415955)]
[([[0, 0], [81, 0], [81, 270], [0, 270]], ':', 0.00920548032146784), ([[64, 92], [92, 92], [92, 128], [64, 128]], '4', 0.1624716015962271), ([[332, 30], [362, 30], [362, 132], [332, 132]], '육', 0.06701096417636165), ([[473, 33], [537, 33], [537, 181], [473, 181]], '#', 0.5476405054906799), ([[506, 128], [534, 128], [534, 186], [506, 186]], '엔', 0.509291116138403), ([[28, 314], [56, 314], [56, 380], [28, 380]], '응', 0.9813906074689385), ([[328, 348], [354, 348], [354, 394], [328, 394]], '푹', 0.04481527797072915), ([[18, 418], [44, 418], [44, 462], [18, 462]], '각', 0.10046525185814303), ([[216, 404], [242, 404], [242, 460], [216, 460]], '옷', 0.8827466655146878), ([[328, 394], [356, 394], [356, 440], [328, 440]], '종', 0.42499691550080243), ([[353, 345], [413, 345], [413, 429], [353, 429]], '꿀위', 0.03922864364721623), ([[410, 348], [440, 348], [440, 474], [410, 474]], '푹', 0.027727208060795983), ([[323, 421], [415, 421], [415, 523], [323, 523]], '출륭', 0.17598505853353139), ([[817, 509], [905, 509], [905, 627], [817, 627]], '벼로', 0.0007428722118011016), ([[900, 514], [926, 514], [926, 644], [900, 644]], '물', 0.017737819314993297), ([[352, 590], [380, 590], [380, 650], [352, 650]], '움', 0.7949073245657736), ([[848, 626], [876, 626], [876, 676], [848, 676]], '좀', 0.9950073249581379), ([[874, 582], [900, 582], [900, 674], [874, 674]], '협', 0.012514818165781927), ([[900, 646], [926, 646], [926, 694], [900, 694]], '젖', 0.018466272200928557), ([[780, 668], [810, 668], [810, 722], [780, 722]], '뭐', 0.1938908489774036), ([[260, 712], [310, 712], [310, 860], [260, 860]], '못', 0.18108911099301483), ([[757, 783], [777, 783], [777, 809], [757, 809]], '나', 0.9995742297474521), ([[917, 817], [939, 817], [939, 833], [917, 833]], '아', 0.9997675553945697), ([[703, 782], [727, 782], [727, 900], [703, 900]], '푹', 0.35724215471761056), ([[704, 902], [728, 902], [728, 954], [704, 954]], '강', 0.601617056552243), ([[724, 777], [780, 777], [780, 968], [724, 968]], '#', 0.03305917536272318), ([[845, 1037], [865, 1037], [865, 1059], [845, 1059]], '9', 0.7987894034386045), ([[732, 1054], [756, 1054], [756, 1096], [732, 1096]], '물', 0.8398938650742629), ([[892, 1092], [916, 1092], [916, 1140], [892, 1140]], '물', 0.8737356490855888), ([[82, 1136], [110, 1136], [110, 1168], [82, 1168]], '또', 0.9989953181623292), ([[112, 1136], [142, 1136], [142, 1196], [112, 1196]], '양', 0.692366461430538), ([[909, 1187], [951, 1187], [951, 1239], [909, 1239]], '양', 0.9750642193216699), ([[80, 1172], [112, 1172], [112, 1338], [80, 1338]], '7', 0.020945764090868124), ([[890, 1269], [952, 1269], [952, 1388], [890, 1388]], '스', 0.0068349527700848345), ([[774.6185070520439, 30.024355005942446], [802.5883484054145, 26.05825797292724], [813.3814929479561, 113.97564499405755], [784.4116515945855, 116.94174202707276]], '출', 0.5537064161448058), ([[365.3300922577378, 128.02809786707982], [427.5834253850828, 137.44315535189537], [408.6699077422622, 262.97190213292015], [346.4165746149172, 253.55684464810463]], '축', 0.05567740605501115), ([[96.34772743714306, 685.0427285222872], [187.99905767055327, 728.9029309190183], [166.65227256285695, 770.9572714777128], [75.00094232944674, 727.0970690809817]], '경/', 0.01727940887856369), ([[74.63283961763, 777.217333935202], [215.11142811439797, 741.841026924686], [235.36716038237, 856.782666064798], [95.88857188560203, 891.158973075314]], '7', 0.012488491953339731), ([[827.0737387183583, 966.0719277974933], [870.2662759010653, 954.1351431950659], [891.9262612816417, 1041.9280722025067], [848.7337240989347, 1053.864856804934]], '술', 0.9374588471074539), ([[655.282298704529, 1098.043079247591], [699.4941829724476, 1079.0203860333845], [744.717701295471, 1192.956920752409], [701.5058170275524, 1211.9796139666155]], '술', 0.9344741217002515), ([[188.31098459392774, 1077.0148425791238], [514.9661455193722, 1219.9597128981711], [456.68901540607226, 1340.9851574208762], [130.0338544806278, 1199.0402871018289]], '{"?731', 0.0007743424085341227), ([[597.544786249782, 1300.179144999128], [636.6090821280803, 1271.0309951448123], [692.455213750218, 1351.820855000872], [652.3909178719197, 1380.9690048551877]], '중', 0.2194492090837663)]
[([[394, 42], [448, 42], [448, 120], [394, 120]], '잎잎', 0.026557905941087676), ([[896, 60], [926, 60], [926, 106], [896, 106]], '장', 0.991581945496737), ([[927, 63], [949, 63], [949, 83], [927, 83]], '또', 0.9993233633612455), ([[173, 7], [234, 7], [234, 202], [173, 202]], '%', 0.048032126904790085), ([[320, 94], [346, 94], [346, 220], [320, 220]], '물', 0.016254402743606455), ([[346, 94], [372, 94], [372, 132], [346, 132]], '및', 0.06936454563884897), ([[349, 133], [369, 133], [369, 187], [349, 187]], '올', 0.9927300505353287), ([[926, 85], [952, 85], [952, 187], [926, 187]], '흉', 0.005426921986796174), ([[766, 466], [796, 466], [796, 598], [766, 598]], '%', 0.5353494816634772), ([[502, 683], [600, 683], [600, 864], [502, 864]], '뼈', 0.01645846876571344), ([[384, 916], [438, 916], [438, 1012], [384, 1012]], '양', 0.6994018033308045), ([[51, 1009], [118, 1009], [118, 1125], [51, 1125]], '월철', 0.0076653748592909144), ([[112, 1014], [142, 1014], [142, 1182], [112, 1182]], '}', 0.0266925170402752), ([[232, 986], [328, 986], [328, 1156], [232, 1156]], '', 0.0), ([[16.340017012675514, 375.02423137238696], [78.61921882453841, 356.02132704419313], [126.65998298732448, 528.975768627613], [65.38078117546159, 547.9786729558068]], '돌', 0.22004021340919522), ([[851.5288257747717, 621.0111064251599], [927.8633365116167, 611.1751347569304], [956.4711742252283, 852.9888935748401], [880.1366634883833, 862.8248652430696]], '%', 0.26467819628814837), ([[662.0934865298696, 907.0114152358213], [1080.6367015673104, 1101.8984804810282], [946.9065134701304, 1375.9885847641785], [527.3632984326895, 1181.1015195189718]], '뼈하', 0.008206402413401636), ([[128.15186874003933, 1119.015642855066], [414.954401039488, 1265.5524251596719], [323.84813125996067, 1435.984357144934], [36.04559896051197, 1289.4475748403281]], "'새8", 0.05850253387714116)]
[([[49, 33], [133, 33], [133, 223], [49, 223]], '@', 0.008339873217877936), ([[394, 64], [418, 64], [418, 130], [394, 130]], '올', 0.29724972369990965), ([[544, 66], [572, 66], [572, 120], [544, 120]], '반', 0.026857125062253795), ([[781, 157], [964, 157], [964, 328], [781, 328]], '뼈', 0.28939736268620564), ([[890, 270], [920, 270], [920, 396], [890, 396]], '흙', 0.5326756197182227), ([[922, 316], [950, 316], [950, 372], [922, 372]], '향', 0.7604612005907008), ([[399, 307], [437, 307], [437, 457], [399, 457]], '%', 0.30761018492203007), ([[635, 561], [671, 561], [671, 603], [635, 603]], '좀', 0.9992304137401256), ([[631, 603], [671, 603], [671, 643], [631, 643]], '더', 0.9998079630549661), ([[677, 563], [719, 563], [719, 665], [677, 665]], '풍', 0.028167760974495915), ([[857, 551], [897, 551], [897, 655], [857, 655]], '%', 0.42484476380366587), ([[635, 685], [671, 685], [671, 731], [635, 731]], '좀', 0.9995755407708806), ([[716, 564], [758, 564], [758, 758], [716, 758]], '푹', 0.0021791927920129656), ([[633, 731], [671, 731], [671, 803], [633, 803]], '댐', 0.0692090483739527), ([[677, 673], [719, 673], [719, 811], [677, 811]], '곁', 0.0023315844107421047), ([[860, 866], [980, 866], [980, 1054], [860, 1054]], '닭', 0.1681055200791528), ([[169, 1051], [213, 1051], [213, 1123], [169, 1123]], '경', 0.004344690437461607), ([[215, 1055], [255, 1055], [255, 1091], [215, 1091]], '자', 0.9687296593381376), ([[212, 1048], [302, 1048], [302, 1128], [212, 1128]], '자좀', 0.20049877830374696), ([[684, 936], [821, 936], [821, 1183], [684, 1183]], '봄', 0.08309936759574388), ([[154, 1087], [311, 1087], [311, 1325], [154, 1325]], '? ;', 0.13587068021297455), ([[813, 1169], [951, 1169], [951, 1381], [813, 1381]], '혈', 0.13004321055935097), ([[569.25097310286, 215.05642247887616], [605.6755660236665, 204.0458491597785], [629.74902689714, 290.9435775211238], [592.3244339763335, 301.9541508402215]], '올', 0.0631255435597291), ([[537.9011154884105, 269.1539042094367], [565.5578740873835, 251.03909397957665], [603.0988845115895, 311.8460957905633], [575.4421259126165, 329.96090602042335]], '북', 0.7181310228695317), ([[-3.518163247138325, 1072.0095923272652], [100.30773330347048, 1061.396364442065], [126.51816324713832, 1369.9904076727348], [22.692266696529515, 1380.603635557935]], '#', 0.10720172674546635), ([[659.235009944806, 1149.0172207746948], [789.593783511177, 1170.704446197382], [749.764990055194, 1404.9827792253052], [619.406216488823, 1384.295553802618]], '#', 0.02901609180359177)]
[]
[([[352, 420], [574, 420], [574, 496], [352, 496]], '디 초 군', 0.17902572226199925), ([[287, 485], [631, 485], [631, 571], [287, 571]], '01 [ 0 / / [', 0.1463715331048838), ([[295, 583], [341, 583], [341, 603], [295, 603]], '#하리', 0.018060725476195597), ([[364, 582], [554, 582], [554, 606], [364, 606]], '2009112537터 키#36;7', 0.12031332577485876), ([[295, 607], [341, 607], [341, 627], [295, 627]], '푹하다', 0.0017954597924472223), ([[365, 607], [489, 607], [489, 627], [365, 627]], '72 4태7 "시성쪽5', 0.0005839431822132603), ([[295, 631], [341, 631], [341, 651], [295, 651]], '또뉴꿀', 0.003195390953985129), ([[365, 631], [407, 631], [407, 651], [365, 651]], '상하마거', 7.291695510502905e-05), ([[365, 659], [531, 659], [531, 675], [365, 675]], '[리 [밥예,-3*름(리,텅명', 2.0280170809288787e-05), ([[362, 678], [567, 678], [567, 699], [362, 699]], '"++//오*}펼라/서마]', 8.673783541930348e-06), ([[363, 701], [593, 701], [593, 721], [363, 721]], "주62-0804 뛰구'{8_,물#]# 권", 1.866469064874229e-05), ([[360, 724], [518, 724], [518, 748], [360, 748]], '##네신5 ~_--1니', 0.0009941578773852546), ([[361, 749], [445, 749], [445, 769], [361, 769]], '그-9)비"', 0.030109248283308545), ([[567.4452998037748, 682.1679497056622], [598.9603462267536, 685.7211898051361], [597.5547001962252, 698.8320502943378], [566.0396537732464, 695.2788101948639]], '떼거', 0.008749939194629772)]
