512994
16
[([[893, 177], [963, 177], [963, 221], [893, 221]], '씨0-', 0.0005625725799131791), ([[175, 1082], [812, 1082], [812, 1216], [175, 1216]], '[시 트니니^', 0.0009240694801939316), ([[378, 1338], [604, 1338], [604, 1364], [378, 1364]], "'어유 장-박-- 0꼴-레", 0.00013375731012530976), ([[825.8719580218869, 159.05799281230293], [976.2826193864719, 186.0926046331407], [956.1280419781131, 277.9420071876971], [805.7173806135281, 250.9073953668593]], '광', 0.006538863159732955)]
[]
[]
[]
[]
[([[691, 127], [797, 127], [797, 167], [691, 167]], "'", 0.6236035461099618), ([[142, 166], [314, 166], [314, 214], [142, 214]], '`', 0.3661001055378996), ([[698, 164], [842, 164], [842, 212], [698, 212]], "'", 0.6236035461099618), ([[174, 206], [336, 206], [336, 254], [174, 254]], "'", 0.6062955219042578), ([[773, 209], [840, 209], [840, 251], [773, 251]], "'", 0.3399631644990677), ([[102, 246], [322, 246], [322, 296], [102, 296]], "'", 0.5437307996999188), ([[721, 249], [899, 249], [899, 293], [721, 293]], "'", 0.6059551903386797), ([[125, 293], [211, 293], [211, 333], [125, 333]], "'", 0.6236035461099618), ([[817, 340], [946, 340], [946, 385], [817, 385]], "'", 0.6236035461099618), ([[827, 383], [945, 383], [945, 427], [827, 427]], "'", 0.6238275202202068), ([[817, 423], [947, 423], [947, 467], [817, 467]], "'", 0.608257978240804), ([[813, 465], [945, 465], [945, 509], [813, 509]], "'", 0.6293630535245178), ([[829, 507], [949, 507], [949, 551], [829, 551]], "'", 0.6142457465643112), ([[854, 546], [946, 546], [946, 594], [854, 594]], "'", 0.5926501414377441), ([[910, 674], [940, 674], [940, 710], [910, 710]], '', 0.0), ([[889, 963], [947, 963], [947, 1005], [889, 1005]], "'", 0.044966336169459886), ([[887, 1003], [949, 1003], [949, 1043], [887, 1043]], "'", 0.5533473950510057), ([[891, 1045], [949, 1045], [949, 1087], [891, 1087]], "'", 0.48891903001937465), ([[912, 1086], [936, 1086], [936, 1118], [912, 1118]], "'", 0.5768609337429211), ([[292, 1206], [611, 1206], [611, 1255], [292, 1255]], '새다 다', 0.011771831661462784), ([[281, 1249], [629, 1249], [629, 1293], [281, 1293]], '1,사 세', 0.004329028395661577), ([[262, 1290], [602, 1290], [602, 1338], [262, 1338]], '77네 ;어 `', 0.03598594184312912)]
[]
[]
[]
[([[835, 67], [897, 67], [897, 239], [835, 239]], '%', 0.1849900552942083), ([[836, 242], [892, 242], [892, 400], [836, 400]], '엿', 0.09172041987743373), ([[834, 414], [897, 414], [897, 653], [834, 653]], '-', 0.2030862610745885)]
[([[172, 0], [426, 0], [426, 100], [172, 100]], '음비', 0.02245630806658167), ([[764, 544], [954, 544], [954, 673], [764, 673]], '10)', 0.17708121376076216), ([[20, 1016], [50, 1016], [50, 1082], [20, 1082]], '좋', 0.005298598407190491), ([[918, 1024], [948, 1024], [948, 1090], [918, 1090]], '월', 0.0043630444913012045), ([[519, 1006], [702, 1006], [702, 1252], [519, 1252]], '예;', 0.0510844368682451), ([[51, 1121], [101, 1121], [101, 1316], [51, 1316]], '모', 0.014139825470565803), ([[84.51947752256557, 11.007698704045456], [200.41663311845653, 30.961842415961762], [144.48052247743445, 352.9923012959545], [28.58336688154347, 333.03815758403823]], '꿈', 0.7196070922184994), ([[746.3220376555953, 214.45790273058452], [849.4502863744898, 292.35998520753037], [688.6779623444047, 500.5420972694155], [585.5497136255102, 422.64001479246963]], '8', 0.5469852408614919)]
[([[0, 1361], [21, 1361], [21, 1379], [0, 1379]], '24', 0.9999974711900259)]
[]
[([[0, 1355], [21, 1355], [21, 1373], [0, 1373]], '30', 0.999996375372952)]
[]
[([[262, 969], [696, 969], [696, 1061], [262, 1061]], '[디--^', 0.010579421705946992), ([[384, 1138], [582, 1138], [582, 1162], [384, 1162]], '2011 또 12 턱 31 창*]##;;', 0.06333247682934919), ([[410, 1186], [558, 1186], [558, 1218], [410, 1218]], '12 4장- |감-*움', 0.0003807493484383554), ([[460, 1212], [506, 1212], [506, 1236], [460, 1236]], '1하미거', 8.949729817686602e-05), ([[330, 1232], [634, 1232], [634, 1256], [330, 1256]], '훌++미://데꽤}, 6@*|멘3`리|]. ;미/;/+]`히_+어%/', 8.234992644375827e-07), ([[345, 1256], [621, 1256], [621, 1277], [345, 1277]], '주162-0804 듯유없포 청뜩,로다7 업교', 0.0028554925961579384), ([[375, 1281], [465, 1281], [465, 1301], [375, 1301]], '버#손신1', 0.009018243196144585), ([[474, 1280], [588, 1280], [588, 1304], [474, 1304]], '고-논-1니', 0.11188185703072848), ([[411, 1305], [445, 1305], [445, 1325], [411, 1325]], '테팅', 0.008490632503672277), ([[456, 1302], [556, 1302], [556, 1326], [456, 1326]], '그그9))번#', 0.024031450736333525)]
