512998
11
[([[61, 41], [257, 41], [257, 77], [61, 77]], '50공 4신익 이내', 0.0021962311752203984), ([[164, 235], [312, 235], [312, 288], [164, 288]], '교세박)', 0.023701827973127365), ([[179, 274], [309, 274], [309, 331], [179, 331]], '@]마', 0.0015390659840545462), ([[65, 972], [930, 972], [930, 1217], [65, 1217]], '깝하스)대', 0.0012203633528525004), ([[210, 1192], [708, 1192], [708, 1316], [210, 1316]], '꼬마 적양', 0.00918895874893585)]
[]
[]
[([[769, 60], [900, 60], [900, 160], [769, 160]], '궁필히꿈', 0.007160483859479427), ([[778, 132], [808, 132], [808, 178], [778, 178]], '올', 0.35667372614543424), ([[833, 131], [900, 131], [900, 204], [833, 204]], '자올', 0.021715087749638335), ([[778, 174], [806, 174], [806, 230], [778, 230]], '닭', 0.04930360677039247), ([[806, 152], [836, 152], [836, 236], [806, 236]], '솜', 0.014052198852773978), ([[839, 201], [863, 201], [863, 221], [839, 221]], '이', 0.9998709005063553), ([[774, 214], [868, 214], [868, 288], [774, 288]], '홍얹향', 0.004846070454880995), ([[866, 200], [896, 200], [896, 284], [866, 284]], '불', 0.12190308092066804), ([[836, 258], [868, 258], [868, 296], [836, 296]], '양', 0.8245314223111144), ([[803, 281], [869, 281], [869, 353], [803, 353]], '<복', 0.01455563991866061), ([[806, 348], [838, 348], [838, 416], [806, 416]], '썩', 0.023844906937541488), ([[833, 281], [899, 281], [899, 449], [833, 449]], '벼', 0.01136343958713959), ([[838, 444], [868, 444], [868, 492], [838, 492]], '쭉', 0.9409032932310311)]
[]
[]
[]
[([[921, 1329], [947, 1329], [947, 1349], [921, 1349]], '14', 0.998799194680448)]
[([[666, 1242], [930, 1242], [930, 1266], [666, 1266]], '벼 네이티브씨가 발매한 피규어', 0.12943865038873312), ([[683, 1265], [926, 1265], [926, 1292], [683, 1292]], '[방렉트]의 2010 크리스마스', 0.47288388166011813), ([[686, 1290], [788, 1290], [788, 1316], [686, 1316]], '버전입니다', 0.9849626833497476), ([[31, 1341], [53, 1341], [53, 1359], [31, 1359]], '15', 0.842876197334014)]
[([[669, 876], [819, 876], [819, 900], [669, 900]], '가:규2]  굶구-자', 0.0024784553579646003), ([[927, 1337], [951, 1337], [951, 1357], [927, 1357]], '16', 0.9999658612233858)]
[([[42, 156], [114, 156], [114, 234], [42, 234]], '철품', 0.11467039446969633), ([[537, 69], [621, 69], [621, 217], [537, 217]], '껴출', 0.0020234664481635894), ([[40, 221], [112, 221], [112, 346], [40, 346]], '@', 0.023112714965432213)]
