528414
11
[([[1004, 196], [1236, 196], [1236, 445], [1004, 445]], '(1|', 0.2028378043622341), ([[596, 461], [749, 461], [749, 529], [596, 529]], '죄고만', 0.7100203017541282), ([[501, 613], [662, 613], [662, 690], [501, 690]], '손이군', 0.9983465126004136), ([[1656, 607], [1711, 607], [1711, 673], [1656, 673]], '하', 0.9992655672551933), ([[1654, 724], [1709, 724], [1709, 790], [1654, 790]], '하', 0.9998099894193189), ([[1553, 1628], [1818, 1628], [1818, 1701], [1553, 1701]], '세상 전부름', 0.658435619300658), ([[1584, 1708], [1788, 1708], [1788, 1781], [1584, 1781]], '구하켓단', 0.9779075384140015), ([[1610, 1785], [1764, 1785], [1764, 1858], [1610, 1858]], '생각은', 0.9931105375289917), ([[1606, 1862], [1766, 1862], [1766, 1938], [1606, 1938]], '하지도', 0.9995135571109652), ([[1600, 1940], [1769, 1940], [1769, 2015], [1600, 2015]], '않있어', 0.7160573265128947), ([[1365, 2323], [1518, 2323], [1518, 2391], [1365, 2391]], '그래도', 0.9998929770908314), ([[298, 2577], [483, 2577], [483, 2652], [298, 2652]], '이렇게나', 0.35869112610816956), ([[219, 2840], [258, 2840], [258, 2876], [219, 2876]], '01', 0.9999932565108979)]
[([[1696, 373], [1944, 373], [1944, 453], [1696, 453]], '질수 없는', 0.5975762842752698), ([[304, 472], [405, 472], [405, 536], [304, 536]], '난-', 0.4355804735825838), ([[1703, 454], [1944, 454], [1944, 540], [1703, 540]], '것인가  .', 0.6398279755015448), ([[1027, 1022], [1154, 1022], [1154, 1089], [1027, 1089]], '용사?', 0.999991534466405), ([[1727, 1943], [1905, 1943], [1905, 2027], [1727, 2027]], "무엇'", 0.2580323422293836), ([[1699, 2032], [1931, 2032], [1931, 2116], [1699, 2116]], '구하려고', 0.9998775124549866), ([[1683, 2121], [1950, 2121], [1950, 2205], [1683, 2205]], '햇볕 걸까.', 0.29242559848538013), ([[267, 2424], [397, 2424], [397, 2504], [267, 2504]], '용사', 0.999968221424118), ([[1811, 2837], [1855, 2837], [1855, 2875], [1811, 2875]], '02', 0.9999992413568111)]
[([[88, 234], [1059, 234], [1059, 467], [88, 467]], '그 불능하 상담이구', 0.47096541433712874), ([[320, 476], [733, 476], [733, 592], [320, 592]], '##뀌차토', 0.040279444760233304), ([[609, 1180], [692, 1180], [692, 1237], [609, 1237]], '이제', 0.9993627148498668), ([[603, 1240], [695, 1240], [695, 1302], [603, 1302]], '맺다.', 0.265019632869712), ([[27, 2307], [70, 2307], [70, 2346], [27, 2346]], '03', 0.7964611799376979)]
[([[48, 469], [461, 469], [461, 913], [48, 913]], '0', 0.159176805615858), ([[1967, 2974], [2011, 2974], [2011, 3010], [1967, 3010]], '04', 0.9999584434602782), ([[1327.8774112213039, 2085.2896700991732], [1544.754403207422, 1959.1370102152116], [1621.1225887786961, 2101.7103299008268], [1405.245596792578, 2227.8629897847886]], ',5', 0.06139429152108203), ([[584.3001404978129, 2561.013610793792], [698.4602075691754, 2494.005884045242], [890.6998595021871, 2853.986389206208], [776.5397924308246, 2920.994115954758]], '육', 0.6844330025656156)]
[([[537, 2827], [581, 2827], [581, 2866], [537, 2866]], '06', 0.9999903905320627)]
[([[1729, 886], [1893, 886], [1893, 1115], [1729, 1115]], '애', 0.1364019991014267), ([[1945, 1762], [1986, 1762], [1986, 1801], [1945, 1801]], '07', 0.999999915706304), ([[975, 2422], [1047, 2422], [1047, 2494], [975, 2494]], '요', 0.9999814034372889), ([[813, 2454], [951, 2454], [951, 2527], [813, 2527]], '용사?', 0.9999754981567288), ([[540, 2509], [634, 2509], [634, 2571], [540, 2571]], '지금', 0.9998643741354433), ([[512, 2577], [660, 2577], [660, 2639], [512, 2639]], '이 순간', 0.998867737051379), ([[503, 2643], [674, 2643], [674, 2706], [503, 2706]], '만이라도', 0.9970207214355469), ([[535, 2708], [634, 2708], [634, 2774], [535, 2774]], '좋아', 0.9890856467696053)]
[([[1705, 201], [1983, 201], [1983, 315], [1705, 315]], '모든 걸', 0.8030143449445599), ([[1571, 330], [1985, 330], [1985, 446], [1571, 446]], '잎게 해 쥐', 0.35897325764361987), ([[2020, 875], [2061, 875], [2061, 914], [2020, 914]], '08', 0.9999959539049404)]
[([[1623, 1342], [1844, 1342], [1844, 1415], [1623, 1415]], '한 순간도', 0.763785469263578), ([[1593, 1419], [1867, 1419], [1867, 1497], [1593, 1497]], '잊지 말거라', 0.9960712948943793), ([[1602, 1497], [1869, 1497], [1869, 1574], [1602, 1574]], "'나는 용사의", 0.9639707950928269), ([[1637, 1576], [1822, 1576], [1822, 1652], [1637, 1652]], '것"이다:', 0.41852253502028813), ([[2001, 2827], [2042, 2827], [2042, 2864], [2001, 2864]], '10', 0.999999915706304), ([[701, 2843], [984, 2843], [984, 2921], [701, 2921]], '-의다-', 0.005750167183578014)]
[([[1526, 26], [2058, 26], [2058, 194], [1526, 194]], ' 미국솜', 0.0355142205953598), ([[1418, 454], [1994, 454], [1994, 582], [1418, 582]], '0/피">', 0.27923544153757496), ([[1417, 577], [1840, 577], [1840, 710], [1417, 710]], '2>04', 0.15064461529254913), ([[130, 2439], [683, 2439], [683, 2567], [130, 2567]], "'- 1중0#4", 0.09373032964027733)]
[([[248, 157], [613, 157], [613, 232], [248, 232]], "'마9위태$ $어`. 66", 0.00017092163230249656), ([[240, 224], [689, 224], [689, 313], [240, 313]], '스,- ?:-:어7-', 0.0012975013994318116), ([[722, 225], [1345, 225], [1345, 327], [722, 327]], '장,9위태 $ $코`. -:설$', 1.692307427322599e-05), ([[75, 2885], [235, 2885], [235, 2935], [75, 2935]], '시악시내7', 0.0006424074912488233), ([[92, 2925], [220, 2925], [220, 2969], [92, 2969]], ")내'", 0.024946652785030565)]
[([[1708, 52], [1981, 52], [1981, 126], [1708, 126]], '@물플트_물-', 0.019555957312314604), ([[928, 381], [1026, 381], [1026, 467], [928, 467]], '', 0.0), ([[1624, 385], [2024, 385], [2024, 522], [1624, 522]], '{오규@@.뉴', 0.00033121727505934696), ([[1877, 507], [2042, 507], [2042, 537], [1877, 537]], '`@@오@@가예끌  ', 2.1999977391166107e-05), ([[1067, 959], [1197, 959], [1197, 1059], [1067, 1059]], '역 .', 0.9970000982284546), ([[1731, 1660], [1749, 1660], [1749, 1681], [1731, 1681]], '9', 0.5385323265954867), ([[770.7442167258082, 34.3648968193127], [954.613153998439, 113.474902760267], [656.2557832741918, 795.6351031806873], [472.386846001561, 716.525097239733]], '용', 0.04335206449438389), ([[1628.6263943605131, 163.19238026179588], [1698.975555564214, 99.40683331320278], [1726.3736056394869, 137.80761973820412], [1655.024444435786, 201.59316668679722]], '[들해', 0.003953770523563418), ([[945.2566917703708, 134.0307473624741], [1011.5348749149477, 164.81167148205702], [931.7433082296292, 332.9692526375259], [866.4651250850523, 302.188328517943]], '통', 0.7639416629348581), ([[1604.6521714976525, 168.0086471028166], [1657.3935580441816, 181.87760146668242], [1607.3478285023475, 382.9913528971834], [1553.6064419558184, 369.1223985333176]], '{', 0.4855814003704495), ([[1035.3622792506278, 164.0135623897532], [1146.4023276063356, 210.2538764035233], [1055.6377207493722, 428.9864376102468], [944.5976723936645, 382.7461235964767]], '모', 0.03711792303669004), ([[859.8459034408884, 287.2347622653607], [936.0457460005031, 320.0345147481524], [789.1540965591116, 646.7652377346393], [712.9542539994969, 613.9654852518476]], '', 0.0), ([[1577.3720990679194, 383.0395826365625], [1618.7823236024767, 372.06158225936605], [1643.6279009320806, 471.9604173634375], [1601.2176763975233, 482.93841774063395]], '@', 0.945144284177136), ([[900.4721919992251, 461.2300985220947], [1003.6112720203928, 504.9616126997282], [829.5278080007749, 902.7699014779053], [727.3887279796072, 859.0383873002718]], '품', 0.04926715146416982), ([[720.2875295001209, 596.0254130016926], [793.3715414020074, 631.2427537148266], [707.7124704998791, 811.9745869983074], [634.6284585979926, 776.7572462851734]], '흙', 0.8924372610188449), ([[1209.5316072191158, 999.0091448093634], [1612.7077573040528, 1184.367811004241], [1565.4683927808842, 1278.9908551906365], [1162.2922426959472, 1093.632188995759]], '식자 : 꼴 [ 5', 0.19380008457165548), ([[1018.1479240136922, 1107.0259538245518], [1190.8831786428054, 1188.1951867764353], [1136.852075986308, 1298.9740461754482], [963.1168213571947, 1217.8048132235647]], '나도', 0.999977012313251), ([[972.1778916926794, 1209.02415877555], [1144.956715917757, 1298.8999632774182], [1086.8221083073206, 1406.97584122445], [914.043284082243, 1317.1000367225818]], '이런', 0.9999208491359952), ([[1152.0980206896447, 1295.0271434481028], [1331.862011006599, 1376.9700667893426], [1276.9019793103553, 1490.9728565518972], [1097.137988993401, 1409.0299332106574]], '마왕', 0.9977230600047461), ([[1335.139351201118, 1376.0247108994522], [1521.9477057890044, 1467.7485641665019], [1463.860648798882, 1579.9752891005478], [1277.0522942109956, 1488.2514358334981]], '하나', 0.9998585581063589), ([[1515.3465074855471, 1459.0152601907096], [1788.9522757555376, 1590.8450102851375], [1732.6534925144529, 1700.9847398092904], [1459.0477242444624, 1568.1549897148625]], '주세요', 0.8437617421150208), ([[291.2356880144213, 1477.019485082658], [404.19838129153004, 1503.0003173212783], [356.7643119855787, 1702.980514917342], [243.80161870846996, 1675.9996826787217]], '#', 0.007664037016157588), ([[243.37812847925886, 1638.0128963501386], [354.7190790383047, 1688.6371379111959], [253.62187152074114, 1908.9871036498614], [142.28092096169533, 1858.3628620888041]], '쭉', 0.012143380496357992), ([[139.93904905025997, 1838.0352142801023], [254.33887794598206, 1888.7115170671111], [121.06095094974003, 2185.9647857198975], [6.6611220540179445, 2135.2884829328887]], '평', 0.047330684350212815), ([[465.57191365526097, 2311.01018676048], [805.6851161536171, 2471.6401785240873], [771.4280863447391, 2538.98981323952], [431.3148838463829, 2379.3598214759127]], '프로직트 관팀(이하', 0.22753302283119542), ([[424.58758963223556, 2402.009453982735], [771.663472767003, 2568.5619188661167], [736.4124103677644, 2637.990546017265], [388.336527232997, 2470.4380811338833]], '모집하고 있습니다.', 0.8593485802160334), ([[796.40018928539, 2467.022517495686], [979.9520348474834, 2551.125276166777], [948.59981071461, 2615.977482504314], [764.0479651525166, 2530.874723833223]], '팀위)에서-', 0.5226868901631769), ([[381.63508342877964, 2495.008327090274], [736.6898533310771, 2663.7940635216482], [703.3649165712204, 2729.991672909726], [348.310146668923, 2561.2059364783518]], '번역 또는 포토잡이', 0.6709496298349901), ([[969.1537115632518, 2547.044888694567], [1068.8550669730648, 2589.484109882391], [1038.8462884367482, 2656.955111305433], [939.1449330269351, 2614.515890117609]], '함께', 0.9999261595199223), ([[332.739956574429, 2589.0048318521413], [814.6191661926539, 2813.7225806459883], [786.260043425571, 2871.9951681478587], [304.38083380734605, 2647.2774193540117]], '{@라값`굽리-~,어@어+라컨그', 6.778818110026271e-08), ([[1062.3587765501088, 2584.0228717015234], [1236.9261890581392, 2673.849717904879], [1200.6412234498912, 2741.9771282984766], [1025.0738109418608, 2651.150282095121]], '작업하실', 0.9988417029380798), ([[722.3187231979003, 2656.029061415434], [865.99859412068, 2723.8500263602373], [833.6812768020997, 2788.970938584566], [690.00140587932, 2721.1499736397627]], '가능한', 0.6315743205635114), ([[1224.077056563362, 2667.0474486646117], [1327.8475426904981, 2711.3504581424495], [1295.922943436638, 2781.9525513353883], [1192.1524573095019, 2736.6495418575505]], '신규', 0.9999161288016614), ([[297.41681264523095, 2677.018914736557], [510.87546873424196, 2781.508003100709], [474.58318735476905, 2848.981085263443], [261.12453126575804, 2745.491996899291]], '연락주시기', 0.9916415583251046), ([[1320.4806357231612, 2705.014998010688], [1573.8137885284445, 2826.1787005254873], [1538.5193642768388, 2895.985001989312], [1285.1862114715555, 2773.8212994745127]], '번역자분들올', 0.9918543857093423), ([[855.1625217238557, 2718.0439563766286], [958.8965554002117, 2762.7176533965467], [928.8374782761443, 2828.9560436233714], [826.1034445997883, 2784.2823466034533]], '역자,', 0.9311633714399368), ([[959.5294403081933, 2762.012309886492], [1252.7362171734512, 2902.837013754483], [1217.4705596918068, 2970.987690113508], [924.2637828265488, 2830.162986245517]], '식자분들께서논', 0.7395954684246028), ([[499.32521294606363, 2775.0253321826467], [685.9679818768343, 2858.241513970616], [652.6747870539364, 2925.9746678173533], [467.03201812316564, 2842.758486029384]], '바람니다.', 0.33179043528201324), ([[800.2907226612894, 2817.0420703548302], [900.9997650697937, 2864.9469047338957], [876.7092773387106, 2912.9579296451698], [776.0002349302063, 2864.0530952661043]], '<어교', 0.0008448898468445441), ([[895.1725097715042, 2851.0490820806353], [991.9701847183917, 2894.354612526075], [965.8274902284958, 2948.9509179193647], [870.0298152816083, 2905.645387473925]], '으로', 0.4866793446655036)]
