532534
11
[([[165, 111], [669, 111], [669, 199], [165, 199]], '50/ 4들신익 이내', 0.0007289897691666243), ([[438, 620], [808, 620], [808, 744], [438, 744]], '오예)', 0.013710288648852178), ([[199, 2599], [2493, 2599], [2493, 3163], [199, 3163]], '피프심지 안이}:', 0.011463410356931708), ([[2325, 3318], [2437, 3318], [2437, 3382], [2325, 3382]], '식자', 0.7653053566999075), ([[2147, 3382], [2169, 3382], [2169, 3398], [2147, 3398]], '05', 0.941861257675389), ([[2125, 3393], [2149, 3393], [2149, 3412], [2125, 3412]], '05', 0.9470424068230718), ([[2233, 3402], [2401, 3402], [2401, 3474], [2233, 3474]], '정상인', 0.6184186339378357), ([[488.0132941344218, 669.028659112055], [819.7161248836659, 737.9062694245156], [783.9867058655782, 874.971340887945], [451.2838751163341, 806.0937305754844]], '뽑양', 0.005118241735688677), ([[1756.2765422907173, 3389.0291244048935], [1815.468115507709, 3355.01218225199], [1907.7234577092827, 3530.9708755951065], [1847.531884492291, 3564.98781774801]], '풀', 0.7673771261448223), ([[2084.0843474295575, 3416.4253042288674], [2125.3453455879926, 3400.520119853208], [2133.9156525704425, 3420.5746957711326], [2092.6546544120074, 3436.479880146792]], "' 2011.", 0.22530145294653167), ([[1890.00496280979, 3531.0496280979], [2194.434368570266, 3367.3119386993358], [2224.99503719021, 3450.9503719021], [1920.565631429734, 3613.6880613006642]], "[리어'예제예", 2.7733531595291997e-05), ([[2051.0, 3439.0], [2094.32872767766, 3419.505181362633], [2103.0, 3439.0], [2059.67127232234, 3458.494818637367]], '-미]. ', 0.0016589525944787765)]
[]
[([[97, 3601], [130, 3601], [130, 3643], [97, 3643]], '3', 0.999999880790714)]
[([[1264, 2017], [1392, 2017], [1392, 2148], [1264, 2148]], '뼈', 0.1210377715521469)]
[]
[]
[([[2422, 3509], [2487, 3509], [2487, 3559], [2422, 3559]], '12', 0.7043379142100632)]
[([[75, 3502], [143, 3502], [143, 3550], [75, 3550]], '13', 0.8720595101848463)]
[([[1718, 2296], [2139, 2296], [2139, 2347], [1718, 2347]], '미드(리초#구구자', 0.008807340037056004), ([[2422, 3492], [2484, 3492], [2484, 3543], [2422, 3543]], '16', 0.9999865973284802), ([[1992.740093166806, 44.54627018373728], [2234.868534173559, -46.17139935181102], [2257.2599068331942, 34.45372981626272], [2015.131465826441, 126.17139935181102]], '매} `', 0.004654113668948412), ([[330.67753584443335, 3277.0043334129205], [419.5209785352988, 3299.3454800195987], [325.32246415556665, 3672.9956665870795], [237.47902146470116, 3650.6545199804013]], '3', 0.4599242037875797)]
[([[55, 108], [1255, 108], [1255, 445], [55, 445]], '싫요국하-떼퀴', 0.0008438262579332536), ([[74, 468], [209, 468], [209, 525], [74, 525]], '쫓;31', 0.0036912134382873774), ([[238, 468], [843, 468], [843, 525], [238, 525]], '2010 쇼 12 타 37 매구-#국 ;', 0.0037011218495905467), ([[77, 534], [212, 534], [212, 586], [77, 586]], '센엽{주7', 0.0011779067546943394), ([[242, 534], [617, 534], [617, 586], [242, 586]], '72 42모 "이,?플5', 0.00047841664474558034), ([[77, 595], [212, 595], [212, 646], [77, 646]], '달{철', 0.039621356296448626), ([[240, 596], [367, 596], [367, 651], [240, 651]], '7(<거', 0.0004801191098522395), ([[239, 657], [1230, 657], [1230, 713], [239, 713]], '룹++악:// 감 서호유기3김서 ,처 스명//+3`3_+기7!/', 1.270984485391305e-07), ([[245, 717], [1049, 717], [1049, 771], [245, 771]], '7762-0804 %5하0*3[4불미]7%채', 0.008714101610894547), ([[239, 777], [487, 777], [487, 832], [239, 832]], '틈#손이신 15', 0.0062306772446924594), ([[520, 777], [814, 777], [814, 832], [520, 832]], '고-논--니', 0.022127602529211855), ([[77, 841], [128, 841], [128, 893], [77, 893]], '성/', 0.009276704127682715), ([[158, 841], [212, 841], [212, 893], [158, 893]], '제', 0.020566435851922193), ([[239, 841], [499, 841], [499, 895], [239, 895]], '그-=)런*규', 0.008732065201854005), ([[2425, 3563], [2491, 3563], [2491, 3615], [2425, 3615]], '18', 0.9999934250979631)]
[([[215, 5], [483, 5], [483, 67], [215, 67]], '역식자 후기', 0.7294702005070537), ([[480, 62], [558, 62], [558, 92], [480, 92]], '역식자', 0.8560324819659499), ([[568, 62], [634, 62], [634, 94], [568, 94]], '정상인', 0.9996071542975622), ([[44, 102], [142, 102], [142, 126], [44, 126]], '<>하+서<>', 0.002023969576690205), ([[158, 98], [444, 98], [444, 130], [158, 130]], '심각한 에러가 발생하엿습니다.', 0.8994230228299387), ([[154, 124], [442, 124], [442, 156], [154, 156]], '해결하시려면 박틀 해야 합나다.', 0.2149994166863515), ([[114, 892], [232, 892], [232, 920], [114, 920]], '팀 아르카나', 0.9931348581809977), ([[242, 891], [586, 891], [586, 922], [242, 922]], '^+명:/_+.3<7하*<3,36어9 뉴<2.<기마|', 2.2208955339926994e-07), ([[166, 918], [260, 918], [260, 950], [166, 950]], '문의 메일', 0.9971970659730631), ([[272, 920], [534, 920], [534, 948], [272, 948]], '+@라악`3,<하,3@9가리;|.<어<', 1.5234606163342995e-06), ([[94, 946], [372, 946], [372, 970], [94, 970]], '모든 저작권은 작가 및 출판사 축에 있습니다', 0.5999441249367805), ([[382, 946], [608, 946], [608, 970], [382, 970]], '2차 배표시 무단 수정올 금지 합니다', 0.7870063857042245), ([[627, 985], [673, 985], [673, 1000], [627, 1000]], '12 10.07', 0.3648392707085417), ([[669.4452998037748, 984.1679497056622], [701.9626509401539, 987.7292544230817], [699.5547001962252, 1000.8320502943378], [668.0373490598461, 997.2707455769183]], "'02씩", 0.10937944799661636)]
