533979
14
[]
[]
[]
[]
[]
[([[168, 198], [346, 198], [346, 246], [168, 246]], '2', 0.11261269045977329), ([[196, 244], [312, 244], [312, 294], [196, 294]], '2', 0.12753504017359862), ([[141, 289], [341, 289], [341, 341], [141, 341]], '"하하 \' ', 8.153796016497037e-05), ([[874, 288], [1026, 288], [1026, 340], [874, 340]], '#하하기', 0.0010057368781417608), ([[136, 336], [244, 336], [244, 388], [136, 388]], '-', 0.010729296011196487), ([[1000, 395], [1095, 395], [1095, 445], [1000, 445]], "'하-", 0.003147502738263277), ([[956, 442], [1090, 442], [1090, 490], [956, 490]], "'-", 0.0038600827649905795), ([[944, 490], [1092, 490], [1092, 540], [944, 540]], '바', 0.02806262140977922), ([[940, 535], [1098, 535], [1098, 585], [940, 585]], '하다', 0.044780803764516194), ([[958, 584], [1096, 584], [1096, 634], [958, 634]], "' ", 0.001023384799688975), ([[989, 630], [1094, 630], [1094, 680], [989, 680]], "리 '", 0.008327327859078373), ([[1018, 680], [1098, 680], [1098, 728], [1018, 728]], '수하다', 0.0036064060467819146), ([[1016, 774], [1106, 774], [1106, 822], [1016, 822]], '다하다', 0.00837646058017929), ([[1054, 826], [1084, 826], [1084, 862], [1054, 862]], '6[', 0.0006674033792801628), ([[1034, 1114], [1066, 1114], [1066, 1150], [1034, 1150]], ':', 0.6415501051019454)]
[]
[]
[([[107, 145], [129, 145], [129, 165], [107, 165]], '하', 0.9999434955949624), ([[192, 140], [216, 140], [216, 188], [192, 188]], '닭', 0.19775064420690658), ([[665, 145], [683, 145], [683, 167], [665, 167]], '코', 0.9999731780897072), ([[835, 145], [853, 145], [853, 167], [835, 167]], '코', 0.9999840260189927), ([[915, 145], [937, 145], [937, 165], [915, 165]], '따', 0.9289213801387177), ([[106, 164], [130, 164], [130, 194], [106, 194]], '일', 0.9999638799114372), ([[133, 145], [153, 145], [153, 233], [133, 233]], '물', 0.7722167981660846), ([[209, 131], [525, 131], [525, 263], [209, 263]], '물 뼈 빵 색', 0.006795714930035967), ([[557, 165], [577, 165], [577, 193], [557, 193]], '일', 0.9999603037005365), ([[557, 195], [577, 195], [577, 219], [557, 219]], '코', 0.9999165552381442), ([[575, 141], [665, 141], [665, 249], [575, 249]], '품 틀', 0.07234983146190643), ([[665, 185], [685, 185], [685, 233], [665, 233]], '춤', 0.16089233490914978), ([[717, 139], [798, 139], [798, 256], [717, 256]], '해;', 0.03112945213343542), ([[824, 136], [972, 136], [972, 260], [824, 260]], '빵 $', 0.045494407415390015), ([[104, 192], [158, 192], [158, 286], [104, 286]], '물륭', 0.07608761180194064), ([[192, 190], [242, 190], [242, 280], [192, 280]], '름#', 0.0027306139373788293), ([[326, 214], [350, 214], [350, 278], [326, 278]], '올', 0.21189707771265276), ([[408, 216], [432, 216], [432, 280], [408, 280]], '하', 0.8279271389104146), ([[469, 237], [489, 237], [489, 259], [469, 259]], '코', 0.9999023699748797), ([[469, 257], [491, 257], [491, 277], [469, 277]], '타', 0.9722601809164679), ([[492, 234], [516, 234], [516, 320], [492, 320]], '푹', 0.11148190917765888), ([[556, 216], [606, 216], [606, 284], [556, 284]], '탓출', 0.10410229858663123), ([[636, 234], [690, 234], [690, 286], [636, 286]], '탓:', 0.31655556164139714), ([[720, 248], [744, 248], [744, 292], [720, 292]], '표', 0.8337931988825318), ([[772, 218], [796, 218], [796, 282], [772, 282]], '올', 0.12408132913400127), ([[830, 212], [884, 212], [884, 302], [830, 302]], '옆&', 0.004658386710595115), ([[917, 249], [937, 249], [937, 293], [917, 293]], '탓', 0.028442626914291447), ([[272, 244], [326, 244], [326, 318], [272, 318]], '절출', 0.2976184128694385), ([[382, 238], [406, 238], [406, 326], [382, 326]], '울', 0.02048078546413401), ([[469, 275], [489, 275], [489, 321], [469, 321]], '출', 0.9477258343413872), ([[723, 291], [743, 291], [743, 317], [723, 317]], '끈', 0.9999058268785035), ([[746, 248], [770, 248], [770, 318], [746, 318]], '젊', 0.06772835729563642), ([[832, 276], [884, 276], [884, 328], [832, 328]], '명 나', 0.24701576121659852), ([[917, 293], [939, 293], [939, 311], [917, 311]], '에', 0.9942868527633806), ([[940, 248], [964, 248], [964, 316], [940, 316]], '틀', 0.04615219618198574), ([[1016, 206], [1064, 206], [1064, 374], [1016, 374]], '물', 0.022581431203114954), ([[326, 286], [350, 286], [350, 352], [326, 352]], '율', 0.008518790340499793), ([[772, 288], [796, 288], [796, 352], [772, 352]], '올', 0.4011972502749508), ([[917, 313], [939, 313], [939, 333], [917, 333]], '게', 0.9997986656448496), ([[105, 353], [127, 353], [127, 371], [105, 371]], '지', 0.9986128852253842), ([[189, 349], [207, 349], [207, 371], [189, 371]], '드', 0.9997500337425471), ([[212, 348], [236, 348], [236, 392], [212, 392]], '9', 0.07737323752566283), ([[274, 348], [320, 348], [320, 372], [274, 372]], '코 코', 0.985063374042511), ([[327, 349], [349, 349], [349, 369], [327, 369]], '래', 0.9939441850652067), ([[553, 355], [575, 355], [575, 373], [553, 373]], '지', 0.9985294983585504), ([[723, 353], [743, 353], [743, 375], [723, 375]], '코', 0.9999780656110033), ([[750, 350], [796, 350], [796, 378], [750, 378]], '코레', 0.4962275101082723), ([[107, 371], [127, 371], [127, 395], [107, 395]], '크', 0.9999094029919888), ([[130, 352], [154, 352], [154, 394], [130, 394]], '와', 0.11595837253548869), ([[186, 368], [210, 368], [210, 392], [186, 392]], '리', 0.9998413387294569), ([[186, 388], [210, 388], [210, 416], [186, 416]], '망', 0.9316689299239442), ([[273, 371], [295, 371], [295, 391], [273, 391]], '타', 0.9690884896236298), ([[277, 391], [295, 391], [295, 415], [277, 415]], '츠', 0.14590177778072277), ([[296, 368], [350, 368], [350, 418], [296, 418]], '탓 도', 0.7626993960176772), ([[384, 346], [436, 346], [436, 422], [384, 422]], '향률', 0.058175019690458754), ([[415, 395], [431, 395], [431, 417], [415, 417]], '즈', 0.2411186048450995), ([[464, 348], [518, 348], [518, 418], [464, 418]], '몇룹', 0.008018217988060941), ([[550, 352], [604, 352], [604, 446], [550, 446]], '출륭', 0.016994483207203006), ([[634, 352], [686, 352], [686, 420], [634, 420]], '콤넷', 0.00355598231061981), ([[722, 372], [772, 372], [772, 422], [722, 422]], '탓 탓', 0.45602700247941663), ([[751, 395], [767, 395], [767, 417], [751, 417]], '츠', 0.25104207879184415), ([[775, 373], [793, 373], [793, 409], [775, 409]], '돈', 0.34219875412242473), ([[830, 348], [885, 348], [885, 460], [830, 460]], '"', 0.8410208310876364), ([[917, 351], [937, 351], [937, 395], [917, 395]], '로', 0.931602769079408), ([[940, 350], [964, 350], [964, 442], [940, 442]], '중', 0.021364938584561566), ([[1017, 371], [1063, 371], [1063, 407], [1017, 407]], '래', 0.900142658937412), ([[107, 413], [127, 413], [127, 439], [107, 439]], '일', 0.9999811650209409), ([[130, 400], [154, 400], [154, 446], [130, 446]], '곁', 0.1202849370885275), ([[189, 419], [207, 419], [207, 443], [189, 443]], '코', 0.9999254955818095), ([[212, 398], [236, 398], [236, 460], [212, 460]], '센', 0.0618119209402721), ([[273, 413], [321, 413], [321, 433], [273, 433]], '라 라', 0.9298945665359497), ([[578, 400], [602, 400], [602, 468], [578, 468]], '곁', 0.022958621649852518), ([[659, 397], [687, 397], [687, 466], [659, 466]], '정', 0.019675725768026675), ([[721, 417], [769, 417], [769, 437], [721, 437]], '라 라', 0.915010392665863), ([[916, 400], [940, 400], [940, 444], [916, 444]], '강', 0.2725595645509351), ([[107, 443], [127, 443], [127, 465], [107, 465]], '코', 0.9998513515404319), ([[186, 440], [210, 440], [210, 484], [186, 484]], '탓', 0.5696985986078609), ([[384, 418], [436, 418], [436, 490], [384, 490]], '국"', 0.03163332468638509), ([[636, 422], [660, 422], [660, 490], [636, 490]], '출', 0.07478847307608305), ([[723, 439], [769, 439], [769, 459], [723, 459]], '이 이', 0.7852077749933464), ([[109, 485], [127, 485], [127, 507], [109, 507]], '츠', 0.21504112496146277), ([[272, 450], [322, 450], [322, 504], [272, 504]], '프풀', 0.15782854241605326), ([[410, 484], [434, 484], [434, 528], [410, 528]], '쌍', 0.3671339383132022), ([[555, 447], [575, 447], [575, 527], [555, 527]], '물', 0.11075514632921113), ([[720, 454], [772, 454], [772, 508], [720, 508]], '끝플', 0.3630534995460433), ([[830, 462], [882, 462], [882, 530], [830, 530]], '별', 0.05254283442298302), ([[270, 500], [324, 500], [324, 574], [270, 574]], '출륭', 0.715032092106624), ([[720, 506], [774, 506], [774, 578], [720, 578]], '또철', 0.0007351883968182365), ([[388.184182983552, 838.0840783210496], [479.3281903625196, 766.7473811111859], [497.815817016448, 797.9159216789504], [406.6718096374804, 868.2526188888141]], '숙어드*다', 0.0019242469521224734)]
[]
[([[21, 12], [419, 12], [419, 164], [21, 164]], '&5씨1손', 0.011866118325074686), ([[36, 155], [711, 155], [711, 186], [36, 186]], '-이료하[[시.--4@_디"#움즈 영성단:리-노*#-2간 1중흐0', 3.467272360203607e-06), ([[36, 193], [704, 193], [704, 226], [36, 226]], '숫그심 703가이속숲 초근가 )=-10*+-)0변7/-중4하50', 0.0012536825550914215), ([[38, 234], [380, 234], [380, 266], [38, 266]], '3음11능니디-동돈)채실다학형', 1.0190044234309623e-05), ([[396, 234], [608, 234], [608, 264], [396, 264]], '3중)넣<"[처0310', 0.0370066883877148), ([[36, 272], [358, 272], [358, 302], [36, 302]], '5133귀-력031하꾸시드(-)))_', 0.00047073970508082263), ([[386, 272], [656, 272], [656, 302], [386, 302]], '"시+하가캠-그0)#틈1러미다', 0.0007798401247797651), ([[35, 311], [167, 311], [167, 341], [35, 341]], '(1-1.3-', 0.17569087053371404), ([[180, 310], [292, 310], [292, 340], [180, 340]], '-)=?', 0.043478887528181076), ([[306, 309], [599, 309], [599, 339], [306, 339]], '70 리#밝##국청쓸륭-1', 0.0007041083030455588), ([[36, 350], [502, 350], [502, 380], [36, 380]], '논-다 숙미하하사-의(간춤# -#--소-> <', 0.00028684191097032996), ([[516, 350], [566, 350], [566, 380], [516, 380]], '숲<', 0.759321693405958), ([[36, 388], [594, 388], [594, 418], [36, 418]], '출슬@#토물다앓-다}#(.-\'7의-(규-7"장33하+사)', 3.8335784961013915e-06), ([[36, 426], [474, 426], [474, 456], [36, 456]], '논-54그3--한#*-하하---1히어어', 9.852151818888799e-05), ([[492, 428], [560, 428], [560, 456], [492, 456]], '-)))', 0.14235234260559082), ([[36, 464], [413, 464], [413, 496], [36, 496]], '히<*-니++]계53<답결러성((7)', 0.00013857545280804786), ([[428, 466], [562, 466], [562, 496], [428, 496]], "'고0슬그리당", 0.005761216115658934), ([[36, 504], [550, 504], [550, 534], [36, 534]], '듯습(이존차오3마앓내사-그-논 *#간중터+', 0.0001580350422366977), ([[36, 541], [485, 541], [485, 571], [36, 571]], '출< (니<끼둘"--+실<"느-+중-논+-5(7)', 1.7328684402024888e-05), ([[36, 580], [480, 580], [480, 612], [36, 612]], '리틱둘니0다 +/간사7 돈토3준이꾸8꾸', 1.751268128942211e-05), ([[38, 619], [448, 619], [448, 651], [38, 651]], '진가[=1수-) 기 "10카론3다*', 0.004824435633376512), ([[36, 658], [314, 658], [314, 688], [36, 688]], '207233.75맑3손*3)', 0.00500641683268355), ([[36, 697], [313, 697], [313, 727], [36, 727]], '707심7 단히글}중(:', 0.00018563866815381595), ([[38, 736], [312, 736], [312, 766], [38, 766]], '20)#름#구=가 다꽃#}) 로', 0.0019108524168626516), ([[36, 774], [230, 774], [230, 804], [36, 804]], '현논=+구-));', 0.0032867009626862905), ([[36, 814], [255, 814], [255, 846], [36, 846]], '11-"]0)7%거->', 0.019727242882939863), ([[36, 852], [116, 852], [116, 882], [36, 882]], '도곳릇!', 0.008927594870328903), ([[134, 852], [256, 852], [256, 880], [134, 880]], '#시하로~0', 0.05300273661378212), ([[36, 888], [312, 888], [312, 920], [36, 920]], '3시#료72/긍*)>노7))훈', 0.00014228489540716184), ([[38, 928], [295, 928], [295, 960], [38, 960]], '[비하(-디<<중중-770)7 `', 0.012166990503426494), ([[38, 966], [390, 966], [390, 998], [38, 998]], '#넘엇품다 )-어+오마논마장스-#:', 0.0008322888088322579), ([[36, 1006], [388, 1006], [388, 1036], [36, 1036]], '디당토5+7 -1손콤워-하)근-7"', 0.0009108967702907401), ([[36, 1044], [226, 1044], [226, 1074], [36, 1074]], '#시하히실<하상-', 0.00036525022819227027), ([[234, 1044], [348, 1044], [348, 1074], [234, 1074]], '#질 +끼리당', 0.009726949652179887), ([[36, 1082], [360, 1082], [360, 1114], [36, 1114]], "'-'뭇0숲송둑하}03#.[퇴다", 8.308896717207344e-06), ([[58, 1122], [248, 1122], [248, 1152], [58, 1152]], '품쎄차스7내다_(뜻)', 0.0034090876898932557), ([[38, 1160], [392, 1160], [392, 1192], [38, 1192]], '리하료;니<*:+준구의-미다)', 1.7613757946672306e-05), ([[38, 1200], [390, 1200], [390, 1230], [38, 1230]], '78춤스-105/-7상+어니303', 0.0018700908216803332), ([[38, 1238], [370, 1238], [370, 1268], [38, 1268]], '논묵쪽3--니중런류-07느37)', 0.00016861285272551865), ([[38, 1278], [296, 1278], [296, 1308], [38, 1308]], '양303돕내  1 내중3!', 0.005422022698977545), ([[36, 1314], [354, 1314], [354, 1346], [36, 1346]], '*콤빵()53라마관어기)7내치경0)', 2.0418858168070687e-05), ([[38, 1352], [280, 1352], [280, 1384], [38, 1384]], '현느-환<하어+히간니!', 7.25596970344322e-05), ([[38, 1392], [378, 1392], [378, 1422], [38, 1422]], '존다하]*10).그=<하슴(', 0.0033472204970554672), ([[38, 1430], [160, 1430], [160, 1460], [38, 1460]], '0중나.-~', 0.036764543326387275), ([[310, 1454], [370, 1454], [370, 1508], [310, 1508]], '31', 0.9655294100388533), ([[121, 1458], [332, 1458], [332, 1559], [121, 1559]], '허다교:', 0.07143378257751465)]
[([[316, 1104], [814, 1104], [814, 1208], [316, 1208]], '[신디--^', 0.0030430336387283733), ([[452, 1300], [678, 1300], [678, 1324], [452, 1324]], '2011 도 12 얘 31 타*#멘국;', 0.023928185264263532), ([[484, 1352], [652, 1352], [652, 1384], [484, 1384]], '12 4:7|이-"8', 0.00034897497283719833), ([[540, 1380], [592, 1380], [592, 1406], [540, 1406]], '-하미!', 0.0003280682722106576), ([[390, 1403], [685, 1403], [685, 1428], [390, 1428]], '훌++권;//감버, +리|:몸하스]8, ;미//+라`히', 1.4859683352120656e-06), ([[691, 1407], [739, 1407], [739, 1427], [691, 1427]], '+(미거/', 0.006009847198351198), ([[406, 1430], [726, 1430], [726, 1456], [406, 1456]], '주162-0804 #료해다 다다로표]7 잡교', 0.022492013050924343), ([[444, 1456], [544, 1456], [544, 1482], [444, 1482]], ';#터 15', 0.0966857486933503), ([[555, 1455], [688, 1455], [688, 1483], [555, 1483]], '고-네-1니', 0.08960470933194649), ([[482, 1482], [650, 1482], [650, 1508], [482, 1508]], '테^ / 그-=그)있#', 0.03985677320510258)]
[]
[([[215, 7], [483, 7], [483, 67], [215, 67]], '역식자 후기', 0.9556311230852739), ([[480, 62], [558, 62], [558, 92], [480, 92]], '역식자', 0.8560324819659499), ([[568, 62], [634, 62], [634, 94], [568, 94]], '정상인', 0.9996071542975622), ([[44, 98], [340, 98], [340, 130], [44, 130]], '보지 마세요 성검에 양보하세요', 0.7277346537843894), ([[44, 260], [592, 260], [592, 292], [44, 292]], '묘.도 이제 노말 애니도 안심하면 안되니다. 교복나오면 너님들', 0.2667870663386799), ([[44, 288], [158, 288], [158, 318], [44, 318]], '죄다 잡혀감', 0.96242895182883), ([[114, 892], [232, 892], [232, 920], [114, 920]], '팀 아르카나', 0.9931348581809977), ([[242, 891], [586, 891], [586, 922], [242, 922]], '^+권:/_+.3가8라*<3,36어9 뉴<2.<기마|', 1.5072091568696942e-07), ([[166, 918], [260, 918], [260, 950], [166, 950]], '문의 메일', 0.9971970659730631), ([[272, 920], [534, 920], [534, 948], [272, 948]], '+@라악`3,<하,3@9가리;|.<어<', 1.5234606163342995e-06), ([[94, 946], [372, 946], [372, 970], [94, 970]], '모든 저작권은 작가 및 출판사 축에 있습니다', 0.5999441249367805), ([[384, 946], [608, 946], [608, 970], [384, 970]], '2차 배포시 무단 수정올 금지 합니다', 0.5034825128254431), ([[627, 985], [700, 985], [700, 999], [627, 999]], '121011 2200', 0.46107779458519776)]
