545806
28
[([[560, 66], [584, 66], [584, 134], [560, 134]], '흙', 0.3786312053923133), ([[560, 132], [584, 132], [584, 172], [560, 172]], '말', 0.6032334775984651), ([[406, 172], [442, 172], [442, 198], [406, 198]], '(', 0.2687362874169139)]
[]
[]
[]
[]
[]
[([[125, 69], [181, 69], [181, 89], [125, 89]], '사랑하는', 0.8721916675567627), ([[131, 85], [157, 85], [157, 105], [131, 105]], '류기', 0.28431652422254017), ([[447, 79], [511, 79], [511, 99], [447, 99]], '저: 저의:', 0.5596620919238562), ([[145, 101], [173, 101], [173, 117], [145, 117]], '자지', 0.9999361902676549), ([[433, 129], [467, 129], [467, 145], [433, 145]], "'저의", 0.99119341307716), ([[91, 141], [121, 141], [121, 157], [91, 157]], '박 ', 0.940055125648266), ([[131, 141], [159, 141], [159, 159], [131, 159]], '아', 0.9993463631013242), ([[429, 143], [477, 143], [477, 161], [429, 161]], '보지에:', 0.5488905310630798), ([[55, 189], [133, 189], [133, 207], [55, 207]], '주  세 요', 0.45244307246665927)]
[]
[]
[]
[([[262, 40], [270, 40], [270, 62], [262, 62]], '응', 0.12358292740036436)]
[]
[]
[([[1, 53], [67, 53], [67, 137], [1, 137]], '1', 0.05825977539945271), ([[329, 65], [343, 65], [343, 97], [329, 97]], '후', 0.4596774170786979), ([[81, 263], [97, 263], [97, 295], [81, 295]], '용', 0.6275255465681973), ([[109, 255], [125, 255], [125, 285], [109, 285]], '올', 0.20871025439191815), ([[57, 281], [71, 281], [71, 337], [57, 337]], '물', 0.30518789843326033)]
[]
[]
[]
[]
[]
[]
[]
[([[468, 402], [534, 402], [534, 428], [468, 428]], '아히익', 0.2757983975449063), ([[113, 417], [181, 417], [181, 461], [113, 461]], '중정 요', 0.074913389980793), ([[454, 438], [516, 438], [516, 462], [454, 462]], '자지이', 0.9899172221024624), ([[88, 476], [174, 476], [174, 500], [88, 500]], '류카의 자지', 0.759111098891827), ([[465, 469], [505, 469], [505, 489], [465, 489]], '자지', 0.9999675470808852), ([[112, 492], [150, 492], [150, 516], [112, 516]], '정말', 0.9999874402622454), ([[434, 486], [498, 486], [498, 514], [434, 514]], '윗다앗', 0.4755499911789224), ([[78, 508], [154, 508], [154, 532], [78, 532]], '좋아해요~', 0.6760797966666877)]
[]
[]
[([[373, 73], [393, 73], [393, 115], [373, 115]], '학', 0.9480421015705929), ([[356, 124], [398, 124], [398, 148], [356, 148]], '자지', 0.9998710330794603), ([[105, 205], [139, 205], [139, 225], [105, 225]], '자지', 0.9999140215116552), ([[83, 235], [125, 235], [125, 283], [83, 283]], '자짓', 0.06393005411887928), ([[48, 298], [100, 298], [100, 322], [48, 322]], '[자지이', 0.6089285612106323)]
[]
[([[39, 5], [195, 5], [195, 93], [39, 93]], '괜러리', 0.042536439585764564)]
[([[6, 9], [798, 9], [798, 86], [6, 86]], '천공의 신부눈외로워서 임금님 자지와 바람피고 있어요', 0.3906243528827881)]
