549956
33
[([[21, 23], [119, 23], [119, 39], [21, 39]], '-리이]3 [할5@물', 2.650057193196493e-05), ([[27, 391], [267, 391], [267, 427], [27, 427]], '진| (돌라 립-예:볕시로', 0.00011143732871191516), ([[27, 421], [127, 421], [127, 437], [27, 437]], '"-_--3디 ~', 0.0002929325179222104), ([[21, 771], [102, 771], [102, 799], [21, 799]], '환시)-항', 0.0010223031619918), ([[132, 744], [278, 744], [278, 800], [132, 800]], '된체 변역', 0.07240173964433813), ([[299, 753], [435, 753], [435, 791], [299, 791]], '모만터해', 0.13150939345359802), ([[509, 773], [551, 773], [551, 789], [509, 789]], "'#.[", 0.04610968753695488), ([[501, 787], [565, 787], [565, 801], [501, 801]], ",어' 이미꼴거", 0.00041644459097675584)]
[]
[]
[([[38, 28], [270, 28], [270, 54], [38, 54]], '^:이^ 가흔 스-신서서서큰이톤', 2.2574063898503605e-06), ([[39, 51], [133, 51], [133, 65], [39, 65]], '#신5곰.컨 악>:리', 6.196445317106473e-05)]
[([[479, 71], [507, 71], [507, 85], [479, 85]], '전락', 0.9980498326909368), ([[65, 91], [99, 91], [99, 109], [65, 109]], '잘가', 0.9970383627184611), ([[467, 85], [507, 85], [507, 103], [467, 103]], '건강히', 0.9987915906380046), ([[465, 103], [505, 103], [505, 117], [465, 117]], '지내고', 0.9959786464980331), ([[457, 119], [515, 119], [515, 135], [457, 135]], '계신가요?', 0.6351611480055694), ([[453, 135], [519, 135], [519, 153], [453, 153]], '제가 한사람', 0.9989426499824882), ([[457, 149], [513, 149], [513, 169], [457, 169]], '분의 묶은', 0.726400182403922), ([[455, 167], [515, 167], [515, 185], [455, 185]], '하게 된 무', 0.8774907663344035), ([[467, 185], [507, 185], [507, 201], [467, 201]], '도대체', 0.9962575197813398), ([[467, 201], [507, 201], [507, 219], [467, 219]], '얼마나', 0.9995578779853146), ([[463, 217], [505, 217], [505, 237], [463, 237]], '지낫운', 0.047019143623235726), ([[73, 637], [103, 637], [103, 655], [73, 655]], '지금', 0.9999364431440291), ([[73, 653], [105, 653], [105, 671], [73, 671]], '매일', 0.9999583591676082), ([[61, 671], [121, 671], [121, 691], [61, 691]], '일 때문에', 0.8851287260624835), ([[61, 693], [119, 693], [119, 709], [61, 709]], '바쁘니까', 0.996038556098938), ([[462.5857864376269, 235.5857864376269], [502.799016317152, 233.1261920745262], [503.4142135623731, 248.4142135623731], [464.200983682848, 251.8738079254738]], '까요 .', 0.7687130570411682)]
[([[261, 101], [303, 101], [303, 117], [261, 117]], '시간의', 0.9998753580323271), ([[481, 97], [513, 97], [513, 115], [481, 115]], '그 것', 0.5714756846427917), ([[261, 117], [303, 117], [303, 135], [261, 135]], '흐름이', 0.9946269403952452), ([[475, 111], [519, 111], [519, 131], [475, 131]], '때문에', 0.9972193482403294), ([[251, 135], [309, 135], [309, 151], [251, 151]], '느려저서', 0.9670159220695496), ([[267, 151], [297, 151], [297, 167], [267, 167]], '괜지', 0.13708076617934414), ([[253, 167], [301, 167], [301, 185], [253, 185]], '외로위:', 0.9221646785736084)]
[([[139, 75], [177, 75], [177, 93], [139, 93]], '하아 ', 0.516413882756365), ([[131, 93], [167, 93], [167, 109], [131, 109]], '하아 ', 0.814738468030763), ([[481, 87], [497, 87], [497, 109], [481, 109]], '들', 0.8681434000035928), ([[459, 97], [475, 97], [475, 131], [459, 131]], '분', 0.47618595644740935), ([[81, 583], [111, 583], [111, 603], [81, 603]], '으응', 0.9997969425227392)]
[([[263, 93], [303, 93], [303, 111], [263, 111]], '아양:', 0.5114895309821655), ([[323, 363], [339, 363], [339, 401], [323, 401]], '중', 0.6564505617512317), ([[299, 387], [313, 387], [313, 423], [299, 423]], '중', 0.04245204968924554), ([[75, 473], [89, 473], [89, 511], [75, 511]], '중', 0.12264920185458639), ([[43, 503], [61, 503], [61, 545], [43, 545]], '푹', 0.0497900503696691), ([[30, 724], [64, 724], [64, 750], [30, 750]], '으응', 0.9995313592142739)]
[([[75, 65], [95, 65], [95, 97], [75, 97]], '5', 0.1404341362282402), ([[54, 586], [96, 586], [96, 612], [54, 612]], '아양', 0.8122199804018972), ([[52, 610], [116, 610], [116, 636], [52, 636]], '더 이상', 0.9999572038650513), ([[60, 634], [108, 634], [108, 660], [60, 660]], '안돼!', 0.42038630970024715), ([[480, 662], [536, 662], [536, 770], [480, 770]], '개', 0.0012607368014477954)]
[([[265, 255], [321, 255], [321, 273], [265, 273]], '아리시아', 0.46925145387649536), ([[61, 367], [117, 367], [117, 383], [61, 383]], '아리시아', 0.9032796025276184), ([[75, 385], [101, 385], [101, 401], [75, 401]], '씨', 0.9999815226454736), ([[77, 643], [141, 643], [141, 663], [77, 663]], '"너무나', 0.9055559941784169), ([[91, 663], [125, 663], [125, 683], [91, 683]], '외로', 0.9999750491568521), ([[83, 683], [119, 683], [119, 703], [83, 703]], '워요', 0.9569888952798364)]
[([[475, 103], [531, 103], [531, 121], [475, 121]], '아리시야', 0.5640193223953247), ([[87, 115], [109, 115], [109, 129], [87, 129]], "'왜", 0.9545989133076206), ([[61, 129], [121, 129], [121, 149], [61, 149]], '그런 것올', 0.4401823534827654), ([[69, 147], [115, 147], [115, 167], [69, 167]], '생각해', 0.9993146669883639), ([[67, 165], [117, 165], [117, 185], [67, 185]], '버려서!', 0.9872390627861023), ([[195, 321], [237, 321], [237, 337], [195, 337]], '오늘도', 0.9999582230290607), ([[185, 337], [245, 337], [245, 357], [185, 357]], '남편 분과', 0.9529154876530185), ([[185, 357], [245, 357], [245, 373], [185, 373]], '이런 저런', 0.7784284277133916), ([[199, 371], [229, 371], [229, 391], [199, 391]], '짓올', 0.4898238817164344), ([[183, 389], [245, 389], [245, 409], [183, 409]], '하고 잎는', 0.29855102342499623), ([[189, 409], [235, 409], [235, 427], [189, 427]], '건가요:=', 0.8985738970250741), ([[49.70999260471713, 209.04297559556653], [63.26090902514277, 207.03463660697173], [67.29000739528287, 243.95702440443347], [54.73909097485723, 245.96536339302827]], '틀', 0.26976453451874605)]
[([[105, 265], [151, 265], [151, 285], [105, 285]], '이별의', 0.9921521102445673), ([[103, 283], [153, 283], [153, 303], [103, 303]], '그 순간', 0.9714639382982523), ([[105, 305], [149, 305], [149, 321], [105, 321]], '까지:', 0.7997214794158936), ([[80, 320], [176, 320], [176, 344], [80, 344]], '전 웃눈얼굴로', 0.4029194819765668), ([[89, 341], [167, 341], [167, 361], [89, 361]], '잇고 싶어요', 0.8802598835816287)]
[([[380, 52], [454, 52], [454, 108], [380, 108]], '0', 0.8393589519628222), ([[465, 87], [521, 87], [521, 103], [465, 103]], '고마위: .', 0.8874823382421495), ([[219, 303], [263, 303], [263, 319], [219, 319]], '아카리', 0.9553902835270369), ([[83, 359], [139, 359], [139, 375], [83, 375]], '아리시아', 0.8111642003059387), ([[43, 691], [95, 691], [95, 707], [43, 707]], '아리시야', 0.4944886267185211), ([[53, 707], [85, 707], [85, 723], [53, 723]], '""씨?', 0.658348798751831)]
[([[121, 135], [171, 135], [171, 155], [121, 155]], '아카리', 0.9707581441048644), ([[121, 157], [157, 157], [157, 177], [121, 177]], '장의-', 0.5949118097944303), ([[111, 177], [179, 177], [179, 197], [111, 197]], '모든 것올', 0.7955269030222245), ([[129, 197], [163, 197], [163, 215], [129, 215]], '느껴', 0.7804340535977925), ([[119, 213], [172, 213], [172, 239], [119, 239]], '버럿어', 0.15320274329293956)]
[([[70, 430], [144, 430], [144, 460], [70, 460]], '아아앗!', 0.741517186164856), ([[74, 408], [140, 408], [140, 434], [74, 434]], '아아아', 0.9995730875385894), ([[472, 350], [521, 350], [521, 485], [472, 485]], '%', 0.5627546598589106), ([[437, 392], [489, 392], [489, 529], [437, 529]], '8', 0.47797353535783316), ([[481, 599], [517, 599], [517, 615], [481, 615]], '하아:', 0.37706006211695603), ([[481, 617], [517, 617], [517, 635], [481, 635]], '하아:', 0.6954426226919701), ([[165, 675], [179, 675], [179, 711], [165, 711]], '꼴', 0.12161523045770029), ([[141, 701], [157, 701], [157, 735], [141, 735]], '꼴', 0.6652019628862469)]
[([[479, 129], [509, 129], [509, 143], [479, 143]], '하아-', 0.7142640732822749), ([[447, 151], [471, 151], [471, 163], [447, 163]], '아이', 0.35871105604180986), ([[445, 165], [477, 165], [477, 177], [445, 177]], '아이-', 0.6553238190870071), ([[410, 596], [448, 596], [448, 620], [410, 620]], '추육', 0.9040072712132282), ([[305, 697], [323, 697], [323, 723], [305, 723]], '7', 0.9989619566114385), ([[44, 712], [100, 712], [100, 738], [44, 738]], '하룻?', 0.18727773504498862)]
[([[451, 95], [491, 95], [491, 111], [451, 111]], '우후후', 0.9985682913616017), ([[37, 101], [99, 101], [99, 119], [37, 119]], '아카리 장', 0.9546212603126081), ([[35, 117], [113, 117], [113, 137], [35, 137]], '나 더 이상은', 0.9921415122645021), ([[35, 135], [93, 135], [93, 155], [35, 155]], '못참켓어', 0.7733843922615051), ([[423, 453], [505, 453], [505, 473], [423, 473]], '아카리 장의', 0.8361871690064416), ([[433, 475], [497, 475], [497, 493], [433, 493]], '질도 이미', 0.9286468112807666), ([[49, 491], [103, 491], [103, 507], [49, 507]], '아리시아', 0.5059816837310791), ([[437, 491], [489, 491], [489, 511], [437, 511]], '마중 할', 0.40041862946990603), ([[441, 509], [489, 509], [489, 529], [441, 529]], '준비가', 0.9998833416630581), ([[425, 529], [503, 529], [503, 549], [425, 549]], '된 것 같네.', 0.21794670304977268)]
[([[474, 69], [500, 69], [500, 229], [474, 229]], '}', 0.037186459095048585), ([[120, 402], [146, 402], [146, 454], [120, 454]], '적', 0.8526448561085864), ([[84, 432], [108, 432], [108, 480], [84, 480]], '적', 0.42013183659941333), ([[485, 619], [533, 619], [533, 639], [485, 639]], '아카리', 0.9652238330762044), ([[499, 639], [533, 639], [533, 659], [499, 659]], '장의', 0.8773231194442641), ([[53, 659], [113, 659], [113, 679], [53, 679]], '아리시아', 0.9039062857627869), ([[495, 657], [533, 657], [533, 677], [495, 677]], '질속', 0.9995156827750662), ([[53, 677], [77, 677], [77, 695], [53, 695]], '씨!', 0.9645494792167665), ([[485, 677], [533, 677], [533, 697], [485, 697]], '너무나', 0.9999849272273436), ([[53, 695], [83, 695], [83, 713], [53, 713]], '저도', 0.9999916549341934), ([[499, 695], [533, 695], [533, 715], [499, 715]], '기분', 0.9998968260738181), ([[53, 713], [105, 713], [105, 731], [53, 731]], '그래요', 0.9995800256729126), ([[492, 712], [534, 712], [534, 736], [492, 736]], '좋아!', 0.9888098242324768), ([[264.5032492994646, 302.0626722679119], [285.5941331052725, 299.0902864473384], [291.4967507005354, 344.9373277320881], [270.4058668947275, 347.9097135526616]], '축', 0.6678594921628225)]
[([[261, 61], [293, 61], [293, 81], [261, 81]], '몸이', 0.6108030492387164), ([[245, 79], [307, 79], [307, 99], [245, 99]], '서로 연결', 0.8339387744840849), ([[245, 97], [309, 97], [309, 117], [245, 117]], '되어 있어!', 0.7876551166341338), ([[245, 115], [309, 115], [309, 135], [245, 135]], '아카리 장!', 0.22826452254959678), ([[43, 377], [107, 377], [107, 397], [43, 397]], '아리시아', 0.9489221572875977), ([[61, 395], [89, 395], [89, 413], [61, 413]], '씨!', 0.7919797427314823), ([[54, 412], [96, 412], [96, 436], [54, 436]], '하양!', 0.852549166037829), ([[483, 517], [535, 517], [535, 533], [483, 533]], "'장난감]", 0.7152505617244421), ([[495, 533], [521, 533], [521, 547], [495, 547]], '으로', 0.9984373840995604), ([[487, 551], [531, 551], [531, 565], [487, 565]], '그 쪽의', 0.9419407562809223), ([[480, 566], [533, 566], [533, 585], [480, 585]], '바이브큼', 0.15663182735443115), ([[485, 583], [515, 583], [515, 603], [485, 603]], '느낌', 0.602374147400463), ([[495, 603], [523, 603], [523, 619], [495, 619]], '있어', 0.9804535919532942), ([[255, 649], [297, 649], [297, 667], [255, 667]], '아카리', 0.9722396443378233), ([[69, 659], [97, 659], [97, 675], [69, 675]], '떨고', 0.99420619625362), ([[263, 669], [291, 669], [291, 685], [263, 685]], '장의', 0.9718975726847524), ([[51, 675], [113, 675], [113, 695], [51, 695]], '잇는 것도', 0.43518508292990304), ([[253, 685], [299, 685], [299, 703], [253, 703]], '질 속의', 0.9988897578293748), ([[65, 693], [99, 693], [99, 713], [65, 713]], '알수', 0.9996571947464934), ([[255, 703], [299, 703], [299, 721], [255, 721]], '느낌이', 0.9631831645965576), ([[65, 711], [97, 711], [97, 731], [65, 731]], '있어', 0.8912666620529702), ([[259, 719], [291, 719], [291, 737], [259, 737]], '잔뜩', 0.9997583385240507), ([[245, 737], [307, 737], [307, 755], [245, 755]], '전해져 와', 0.3515002956775058)]
[([[463, 71], [521, 71], [521, 89], [463, 89]], '아카리 쌍', 0.7634611841206538), ([[473, 89], [515, 89], [515, 105], [473, 105]], '마지막', 0.9643842785761014), ([[479, 105], [509, 105], [509, 119], [479, 119]], '까지', 0.9641624088719624), ([[479, 117], [509, 117], [509, 137], [479, 137]], '함께', 0.9762624810592088), ([[481, 153], [509, 153], [509, 169], [481, 169]], '아사', 0.8983447478147756), ([[93, 181], [115, 181], [115, 197], [93, 197]], '네!', 0.9669466413479388), ([[75, 197], [133, 197], [133, 213], [75, 213]], '아리시아', 0.8855559825897217), ([[93, 215], [115, 215], [115, 229], [93, 229]], '씨!', 0.9905943678032327), ([[473, 335], [505, 335], [505, 355], [473, 355]], '정말', 0.9999915706407035), ([[461, 371], [517, 371], [517, 387], [461, 387]], '에어지고', 0.7893936634063721), ([[473, 385], [503, 385], [503, 403], [473, 403]], '싶지', 0.9993077660627357), ([[95, 403], [123, 403], [123, 419], [95, 419]], '저도', 0.9999739533469749), ([[471, 401], [507, 401], [507, 421], [471, 421]], '않아!', 0.995341418352834), ([[85, 419], [127, 419], [127, 435], [85, 435]], '그래요', 0.9992583730999668), ([[81, 437], [137, 437], [137, 453], [81, 453]], '아리시아', 0.5359820127487183), ([[97, 453], [119, 453], [119, 469], [97, 469]], '씨!', 0.942166575385597), ([[467, 595], [505, 595], [505, 615], [467, 615]], '이젠', 0.6690733462614401), ([[458, 614], [514, 614], [514, 638], [458, 638]], '가버려', 0.9996441117453192), ([[79, 671], [125, 671], [125, 691], [79, 691]], '저도!', 0.7146334399615452), ([[471.719631200671, 135.46355744080526], [514.7979797376745, 133.1240611534406], [515.2803687993289, 150.53644255919474], [472.20202026232545, 153.8759388465594]], '가도록', 0.9432047077301204), ([[478.9859597468732, 351.2761315696845], [510.8848554909625, 355.33118030965846], [508.0140402531268, 371.7238684303155], [476.1151445090375, 367.66881969034154]], '아해', 0.5691593995401497)]
[([[169, 513], [185, 513], [185, 551], [169, 551]], '쭉', 0.27843836099751584), ([[147, 531], [167, 531], [167, 571], [147, 571]], '푹', 0.5940799816635867), ([[60, 498], [92, 498], [92, 672], [60, 672]], '}', 0.11302372623787083), ([[480, 510], [512, 510], [512, 698], [480, 698]], '}', 0.12122964167460637)]
[([[444, 570], [474, 570], [474, 646], [444, 646]], '죽', 0.6046676776518076), ([[67, 649], [131, 649], [131, 669], [67, 669]], '아리시아', 0.6852900981903076), ([[83, 669], [105, 669], [105, 685], [83, 685]], '씨:', 0.9542874321294728)]
[([[269, 113], [303, 113], [303, 131], [269, 131]], '양 !', 0.3911839897794908), ([[233, 251], [263, 251], [263, 267], [233, 267]], '저논', 0.5409071175549709), ([[219, 269], [277, 269], [277, 285], [219, 285]], '아리시아', 0.501765787601471), ([[233, 287], [265, 287], [265, 303], [233, 303]], '씨가', 0.9992575375775364), ([[223, 303], [271, 303], [271, 323], [223, 323]], '남겨 문', 0.4787186312621279), ([[219, 321], [275, 321], [275, 341], [219, 341]], "'통판품]", 0.4337085041525944), ([[235, 339], [261, 339], [261, 355], [235, 355]], '으로', 0.9976293892636092), ([[61, 491], [105, 491], [105, 511], [61, 511]], '자위료', 0.6369130357182312), ([[57, 511], [113, 511], [113, 527], [57, 527]], '반복하고', 0.9999330043792725), ([[71, 527], [101, 527], [101, 547], [71, 547]], '있습', 0.4374704832903525), ([[63, 545], [103, 545], [103, 561], [63, 561]], '니다 .', 0.576811935648586)]
[([[249, 91], [297, 91], [297, 111], [249, 111]], '그렇지,', 0.9625089764595032), ([[455, 85], [516, 85], [516, 111], [455, 111]], '하품하고', 0.7493317723274231), ([[243, 109], [303, 109], [303, 129], [243, 129]], '잠시 차른', 0.7527367376356159), ([[452, 104], [516, 104], [516, 128], [452, 128]], '있없올 뿐', 0.5264524388055296), ([[243, 127], [301, 127], [301, 147], [243, 147]], '내올게요', 0.988905131816864), ([[466, 123], [517, 123], [517, 144], [466, 144]], '이에요!', 0.7184626460075378), ([[366, 276], [396, 276], [396, 308], [366, 308]], '표', 0.11403076935543854), ([[265, 297], [309, 297], [309, 317], [265, 317]], '만지작', 0.9843131465535586), ([[273, 319], [307, 319], [307, 333], [273, 333]], "소녀'", 0.9506503681612407), ([[57, 475], [107, 475], [107, 493], [57, 493]], '기다려!', 0.9926536679267883), ([[59, 493], [103, 493], [103, 513], [59, 513]], '만지작', 0.9898568068028468), ([[65, 515], [99, 515], [99, 531], [65, 531]], "소녀'", 0.8716659669975168), ([[54, 696], [88, 696], [88, 722], [54, 722]], '앗!', 0.49733071724535727)]
[([[363, 83], [399, 83], [399, 101], [363, 101]], '미안!', 0.6468655865754935), ([[456, 70], [506, 70], [506, 98], [456, 98]], '우꽉', 0.14139109426931196), ([[341, 101], [385, 101], [385, 121], [341, 121]], '상처는', 0.34049323641779844)]
[([[269, 431], [317, 431], [317, 447], [269, 447]], '더 이상', 0.996389793315408), ([[265, 447], [323, 447], [323, 465], [265, 465]], '순수하게', 0.9992049336433411), ([[255, 463], [331, 463], [331, 483], [255, 483]], '사물올 화도', 0.8131745052391325), ([[257, 481], [329, 481], [329, 501], [257, 501]], '근사하다고', 0.9994830176146576), ([[252, 496], [334, 496], [334, 520], [252, 520]], '느낌 수 없게', 0.7490198133087737), ([[263, 517], [321, 517], [321, 537], [263, 537]], '되어버럿', 0.732391893863678), ([[275, 535], [313, 535], [313, 553], [275, 553]], '어요', 0.8499496761975498)]
[([[461, 71], [521, 71], [521, 91], [461, 91]], '모두 다른', 0.999308437005259), ([[461, 89], [519, 89], [519, 109], [461, 109]], '장소에서', 0.9725266695022583), ([[459, 107], [521, 107], [521, 127], [459, 127]], '다른 일흘', 0.8702356217003073), ([[477, 127], [507, 127], [507, 143], [477, 143]], '하고', 0.999789777992172), ([[469, 145], [513, 145], [513, 163], [469, 163]], '있지만', 0.4846852286442154), ([[63, 213], [132, 213], [132, 233], [63, 233]], '마음 속엔 ,', 0.948154789738388), ([[59, 231], [137, 231], [137, 251], [59, 251]], '분명 너 처럼', 0.8398077428556692), ([[61, 251], [135, 251], [135, 269], [61, 269]], '서로에 대해', 0.765030178055797), ([[69, 267], [125, 267], [125, 287], [69, 287]], '생각하고', 0.9999076128005981), ([[75, 285], [119, 285], [119, 305], [75, 305]], '있다고', 0.9991164015251836), ([[122, 600], [182, 600], [182, 624], [122, 624]], '모두의', 0.45743118264081756), ([[120, 622], [184, 622], [184, 652], [120, 652]], '마음은', 0.9987772084491765), ([[120, 648], [184, 648], [184, 674], [120, 674]], '이어저', 0.8747987535538138), ([[126, 672], [180, 672], [180, 702], [126, 702]], '있어!', 0.9464856390990599)]
[([[291, 93], [349, 93], [349, 111], [291, 111]], '아리시아', 0.6773606538772583), ([[317, 113], [347, 113], [347, 127], [317, 127]], '씨도', 0.988655391450252), ([[317, 129], [349, 129], [349, 147], [317, 147]], '좋아', 0.9910327727859563), ([[301, 145], [349, 145], [349, 165], [301, 165]], '하지만', 0.9997637257455254), ([[387, 303], [443, 303], [443, 319], [387, 319]], '아카추키', 0.19836790285279138), ([[56, 308], [122, 308], [122, 332], [56, 332]], '좋아하는', 0.9429316520690918), ([[385, 319], [417, 319], [417, 339], [385, 339]], '씨는', 0.7200996218585966), ([[57, 329], [109, 329], [109, 349], [57, 349]], '의미가', 0.942487359046936), ([[387, 339], [445, 339], [445, 355], [387, 355]], '아리시아', 0.8255448341369629), ([[54, 346], [108, 346], [108, 373], [54, 373]], '너외는', 0.6107005219782005), ([[387, 357], [413, 357], [413, 371], [387, 371]], '씨로', 0.4782740709670945), ([[56, 368], [92, 368], [92, 392], [56, 392]], '달라', 0.9996223008386304), ([[387, 371], [443, 371], [443, 391], [387, 391]], '좋아켓던', 0.04999897629022598), ([[387, 391], [417, 391], [417, 409], [387, 409]], '것이', 0.9862713719817037), ([[330, 604], [370, 604], [370, 628], [330, 628]], '계속', 0.9999842371150446), ([[298, 626], [390, 626], [390, 650], [298, 650]], '4좋아있어,', 0.4735808364492329), ([[322, 648], [378, 648], [378, 672], [322, 672]], '아카리', 0.9738796637892673), ([[51, 687], [93, 687], [93, 705], [51, 705]], '"아카', 0.7912663551854655), ([[47, 703], [79, 703], [79, 723], [47, 723]], '추키', 0.10265897003672156), ([[313.02871413764274, 72.25168544775693], [348.90798743380253, 77.40034680651921], [345.97128586235726, 93.74831455224307], [310.09201256619747, 89.59965319348079]], '그래;', 0.9452292734063018)]
[]
[([[281, 137], [331, 137], [331, 155], [281, 155]], '아카스키', 0.9673027992248535), ([[75, 433], [105, 433], [105, 449], [75, 449]], '제가', 0.9997090305580767), ([[61, 447], [119, 447], [119, 467], [61, 467]], '외드이가', 0.5545834898948669), ([[60, 464], [117, 464], [117, 485], [60, 485]], '아니라는', 0.912590742111206), ([[69, 485], [109, 485], [109, 503], [69, 503]], '것올: .', 0.3687097418289887), ([[51, 501], [129, 501], [129, 521], [51, 521]], '느낌 수 잎게', 0.45023973082721414), ([[59, 519], [117, 519], [117, 539], [59, 539]], '해주시켓', 0.887151300907135), ([[166, 644], [212, 644], [212, 674], [166, 674]], '세:"', 0.0033665258148953266), ([[161, 667], [207, 667], [207, 683], [161, 683]], '떼아슬%', 2.878818122553639e-05), ([[289, 683], [321, 683], [321, 699], [289, 699]], '그래', 0.9999953638498115), ([[225, 765], [361, 765], [361, 779], [225, 779]], "4맛4 이룹괴 '_신,'맛이시도", 2.2870161895525993e-06), ([[69.71963120067105, 539.4635574408053], [108.75770686333139, 537.0458162741916], [110.28036879932895, 554.5364425591947], [70.24229313666861, 557.9541837258084]], '어요?', 0.9988575577735901)]
[([[153, 763], [263, 763], [263, 803], [153, 803]], '전체 번역', 0.9972880323421975), ([[288, 770], [392, 770], [392, 796], [288, 796]], '모나티 거', 0.3123855044741788)]
[([[319, 547], [511, 547], [511, 567], [319, 567]], '스"1^ 가룹~-^_신4서서이시', 4.496728083429502e-06), ([[319, 575], [343, 575], [343, 591], [319, 591]], '급급', 0.2385738915956324), ([[347, 575], [373, 575], [373, 589], [347, 589]], '#3', 0.24892931417537414), ([[319, 589], [391, 589], [391, 603], [319, 603]], '해 (도하+먼', 0.0018797074345316693), ([[347, 603], [403, 603], [403, 619], [347, 619]], '5하5+1', 0.07162939483969255), ([[319, 617], [387, 617], [387, 633], [319, 633]], '7:국 표매', 0.034229558622732), ([[319, 631], [475, 631], [475, 647], [319, 647]], "주;;7 +-미0 '어4--내]", 0.0004009602875313447), ([[319, 645], [499, 645], [499, 661], [319, 661]], '후? 훌++명:/ /북-맣히-51나-)-"안+/ 굽리-기', 2.870720872970361e-07), ([[319, 659], [393, 659], [393, 673], [319, 673]], ':삼: <하응기', 0.00013450578804101578), ([[399, 659], [485, 659], [485, 673], [399, 673]], '냐서믿@머하교어---)-;명', 1.2990514007523118e-05), ([[319, 673], [343, 673], [343, 687], [319, 687]], '태락]', 0.01888761891518612), ([[349, 673], [375, 673], [375, 687], [349, 687]], '구추', 0.08054109716517628), ([[319, 685], [463, 685], [463, 703], [319, 703]], '2009 도8 5 16 타처] #골쭉', 0.027616003182588163), ([[473, 685], [513, 685], [513, 701], [473, 701]], '료-;주', 0.01065016072243452), ([[319, 699], [401, 699], [401, 715], [319, 715]], '2009 도 10/', 0.2590864269064405), ([[411, 697], [527, 697], [527, 715], [411, 715]], '터욱 2 #도록 1 주또;7', 0.13266020264213405), ([[326, 714], [546, 714], [546, 728], [326, 728]], ' ]#0끊 초.이+;3"0|-{올+손+디내 내초0', 2.798745022489301e-05), ([[335, 729], [387, 729], [387, 743], [335, 743]], '(7.258) ,', 0.20369718117237468), ([[391, 729], [541, 729], [541, 743], [391, 743]], '-니 |] 고#3.+8터6햇다구', 0.0005452731994000136), ([[316, 766], [404, 766], [404, 784], [316, 784]], '[]점0#버#로', 0.008546908898110852), ([[413, 767], [443, 767], [443, 785], [413, 785]], '#망', 0.12864959333357276), ([[449, 766], [537, 766], [537, 784], [449, 784]], '##청손손*쇼', 0.005996637119761165)]
[([[218, 674], [294, 674], [294, 706], [218, 706]], '덜:문입꾸', 0.0002942441189202235), ([[191, 713], [321, 713], [321, 725], [191, 725]], '*형스|어) -3형속(]어]', 6.854527316093278e-06)]
