555463
23
[([[548, 12], [628, 12], [628, 100], [548, 100]], '숲', 0.31145796300720363), ([[548, 110], [626, 110], [626, 188], [548, 188]], '타', 0.9955931683807648), ([[547, 190], [625, 190], [625, 366], [547, 366]], '인', 0.11166878139364655), ([[550, 382], [626, 382], [626, 456], [550, 456]], '게', 0.9997390678887861), ([[546, 478], [618, 478], [618, 552], [546, 552]], '이', 0.9983952528180886), ([[548, 560], [622, 560], [622, 636], [548, 636]], '트', 0.9997940169560025), ([[22, 640], [62, 640], [62, 664], [22, 664]], '역자', 0.998341418895848), ([[72, 638], [132, 638], [132, 668], [72, 668]], '맛있든', 0.5702720864547987), ([[20, 660], [62, 660], [62, 684], [20, 684]], '식자', 0.9998949716690293), ([[72, 660], [154, 660], [154, 688], [72, 688]], '맛있는 빵', 0.6638892628182292), ([[21, 837], [85, 837], [85, 857], [21, 857]], '익시', 0.0007811735078530514), ([[23, 855], [85, 855], [85, 891], [23, 891]], '장18', 0.028028656389608678), ([[19, 887], [89, 887], [89, 907], [19, 907]], '@시"벼', 0.009274614974856377), ([[16, 906], [90, 906], [90, 934], [16, 934]], ' 표@', 0.05004670950810719), ([[397, 889], [565, 889], [565, 950], [397, 950]], '50물군지 ', 0.0033718199239518992)]
[([[475, 89], [537, 89], [537, 109], [475, 109]], '아 . 오늘', 0.3494859674591948), ([[473, 127], [507, 127], [507, 147], [473, 147]], '너무', 0.9999205962607762), ([[472, 164], [526, 164], [526, 188], [472, 188]], '힘들어', 0.9997547787171395), ([[427, 533], [469, 533], [469, 553], [427, 553]], "저기'", 0.6490595970522038), ([[427, 555], [467, 555], [467, 575], [427, 575]], '저기', 0.9999713402633025), ([[148, 640], [232, 640], [232, 664], [148, 664]], '우리집에서', 0.9147419868138527), ([[153, 663], [209, 663], [209, 683], [153, 683]], '쉬지 양', 0.6176561252744991), ([[148, 682], [194, 682], [194, 706], [148, 706]], '올래?', 0.9424365044850258)]
[([[327, 51], [353, 51], [353, 69], [327, 69]], '와!', 0.5556215514180267), ([[601, 81], [635, 81], [635, 101], [601, 101]], '차르', 0.6120304575977246), ([[221, 393], [251, 393], [251, 407], [221, 407]], '아르', 0.3556015843508679), ([[351, 391], [395, 391], [395, 470], [351, 470]], '#', 0.8015918156672797), ([[303, 673], [351, 673], [351, 689], [303, 689]], '와하늘-.', 0.10198471010344143), ([[31, 797], [73, 797], [73, 813], [31, 813]], '세이프', 0.5505132112044792)]
[([[591, 719], [623, 719], [623, 737], [591, 737]], '재들', 0.9611735517863067), ([[593, 735], [643, 735], [643, 753], [593, 753]], '또 시작', 0.7118973220253948), ([[593, 755], [635, 755], [635, 771], [593, 771]], '이너 . .', 0.8783001013180969), ([[139, 789], [169, 789], [169, 805], [139, 805]], '그라', 0.9937179068450264)]
[([[47, 31], [103, 31], [103, 51], [47, 51]], '관찮-아?', 0.7499735735317826), ([[567, 47], [585, 47], [585, 93], [567, 93]], '부', 0.07962836759944825), ([[607, 135], [635, 135], [635, 149], [607, 149]], '저기', 0.9999965439601713), ([[234, 354], [292, 354], [292, 378], [234, 378]], '괜찮아?', 0.9976472854614258), ([[26, 422], [58, 422], [58, 466], [26, 466]], '3', 0.010681747367627337)]
[([[271, 75], [299, 75], [299, 93], [271, 93]], '임는', 0.12617467021632436), ([[217, 135], [261, 135], [261, 151], [217, 151]], '상당히', 0.48965165220807), ([[217, 151], [259, 151], [259, 169], [217, 169]], '거칠계', 0.7039841707950507), ([[215, 167], [263, 167], [263, 187], [215, 187]], '하잡아', 0.7919125823058173), ([[168, 416], [198, 416], [198, 508], [168, 508]], '봄', 0.11570771880190822), ([[195, 491], [231, 491], [231, 529], [195, 529]], '마판', 0.3371341978550809), ([[245, 583], [295, 583], [295, 603], [245, 603]], '우리도', 0.683453079117788), ([[244, 600], [298, 600], [298, 624], [244, 624]], '거칠게', 0.5413315296173096), ([[245, 621], [307, 621], [307, 641], [245, 641]], '해불까?', 0.19526979327201843), ([[420, 680], [446, 680], [446, 720], [420, 720]], '딴', 0.0074710023733501885), ([[130, 704], [156, 704], [156, 742], [130, 742]], '찌', 0.03895727278287553), ([[180, 756], [204, 756], [204, 790], [180, 790]], '8', 0.14910271008608333), ([[573, 779], [601, 779], [601, 797], [573, 797]], '흐름', 0.1794747563900369)]
[([[551, 119], [575, 119], [575, 135], [551, 135]], '여7', 0.6739354111339493), ([[551, 135], [581, 135], [581, 155], [551, 155]], '문같', 0.43428187662247786), ([[551, 153], [595, 153], [595, 171], [551, 171]], '원하=', 0.8073166630966074), ([[549, 169], [595, 169], [595, 189], [549, 189]], '것처럼', 0.9810500669875656), ([[551, 187], [613, 187], [613, 205], [551, 205]], '드이장아', 0.41261446475982666), ([[234, 206], [258, 206], [258, 244], [234, 244]], '뉴"', 0.6711889553748746), ([[25, 235], [57, 235], [57, 255], [25, 255]], '그끄', 0.40172372584912996), ([[377, 259], [449, 259], [449, 321], [377, 321]], '1 ', 0.0531214342460535), ([[510, 254], [536, 254], [536, 300], [510, 300]], '늘', 0.03920196380493568), ([[17, 385], [41, 385], [41, 401], [17, 401]], '아!', 0.9732540604825577), ([[157, 649], [199, 649], [199, 667], [157, 667]], '몹철아:', 0.20056848227977753), ([[123, 705], [147, 705], [147, 719], [123, 719]], '너트', 0.44788101090977067), ([[113, 723], [165, 723], [165, 739], [113, 739]], '거칠잖아', 0.29755109548568726), ([[461, 689], [499, 689], [499, 752], [461, 752]], '고', 0.1432184521420874), ([[14, 874], [42, 874], [42, 898], [14, 898]], '웃!', 0.31257817462175314), ([[105, 861], [141, 861], [141, 907], [105, 907]], '뼈', 0.04445394616543674)]
[([[123, 73], [159, 73], [159, 93], [123, 93]], '기안', 0.9447854123146563), ([[561, 83], [595, 83], [595, 103], [561, 103]], '찢여', 0.6242886799854104), ([[550, 100], [604, 100], [604, 124], [550, 124]], '젓잖아', 0.4207967680158848), ([[77, 271], [129, 271], [129, 291], [77, 291]], '한계야', 0.9964718066792222), ([[424, 742], [454, 742], [454, 778], [424, 778]], '눈업', 0.5813915097640369)]
[([[631, 5], [657, 5], [657, 17], [631, 17]], '하아', 0.9064110691377851), ([[259, 83], [285, 83], [285, 95], [259, 95]], '아 .', 0.921307384967804), ([[249, 117], [289, 117], [289, 131], [249, 131]], '스프타.', 0.23463642597198486), ([[345, 157], [367, 157], [367, 173], [345, 173]], '간데', 0.14181124389665656), ([[345, 171], [369, 171], [369, 187], [345, 187]], '들어', 0.3969329409159163), ([[343, 199], [369, 199], [369, 213], [343, 213]], '뒷어', 0.23735103876672917), ([[345, 185], [369, 185], [369, 199], [345, 199]], '드고', 0.9270384203687653), ([[532, 150], [586, 150], [586, 226], [532, 226]], '달', 0.48222333054761535), ([[65, 569], [115, 569], [115, 583], [65, 583]], '안아프제', 0.27931392192840576), ([[69, 597], [95, 597], [95, 611], [69, 611]], '버주', 0.23507814868411117), ([[41, 717], [79, 717], [79, 733], [41, 733]], "알앗지'", 0.31545186042785645), ([[525, 797], [549, 797], [549, 811], [525, 811]], '여드', 0.9817891669863568), ([[469, 857], [509, 857], [509, 873], [469, 873]], '괜찮아', 0.32837174596902924), ([[158.44377642240653, 614.0520150387546], [181.4703026326021, 609.0370934146066], [194.55622357759347, 672.9479849612454], [171.5296973673979, 677.9629065853934]], '줄', 0.37340039816399795), ([[217.53686935917918, 732.0359638987467], [243.51907801345914, 727.0452482310787], [255.46313064082082, 801.9640361012533], [229.48092198654086, 806.9547517689213]], '조', 0.11700928421604662)]
[([[127, 63], [193, 63], [193, 79], [127, 79]], '신사적으_로', 0.4065486794027043), ([[125, 79], [181, 79], [181, 95], [125, 95]], '해달라고', 0.9880224466323853), ([[127, 95], [183, 95], [183, 111], [127, 111]], '말햇잡아', 0.3349584937095642), ([[41, 189], [81, 189], [81, 207], [41, 207]], '어쨌든', 0.31149375438690186), ([[134, 188], [188, 188], [188, 298], [134, 298]], '쥐', 0.49130035727307586), ([[371, 227], [415, 227], [415, 285], [371, 285]], '7"', 0.9986315133683533), ([[575, 245], [603, 245], [603, 261], [575, 261]], '잠깐', 0.9982480681558044), ([[9, 267], [45, 267], [45, 319], [9, 319]], '7', 0.056372604545984695), ([[455, 327], [489, 327], [489, 343], [455, 343]], '하아!', 0.997231663422675), ([[491, 411], [525, 411], [525, 427], [491, 427]], '하아!', 0.9910513893371573), ([[564, 543], [607, 543], [607, 563], [564, 563]], '스즈하', 0.19444996092370387), ([[84, 682], [134, 682], [134, 706], [84, 706]], '옆방에', 0.9949405649198767), ([[83, 721], [133, 721], [133, 741], [83, 741]], '들리고', 0.7211295962333679), ([[84, 756], [138, 756], [138, 780], [84, 780]], '말꺼야 .', 0.932229124407997), ([[193, 781], [233, 781], [233, 831], [193, 831]], '7', 0.9257941729864605), ([[277, 811], [323, 811], [323, 827], [277, 827]], '스즈하', 0.4033843894883826), ([[327.47000105999683, 439.1520016959949], [357.9486832980505, 442.6837722339832], [355.52999894000317, 456.8479983040051], [326.0513167019495, 453.3162277660168]], '하아.', 0.4400112595530574), ([[507.4089355510744, 671.0350586290252], [550.2945099742282, 665.1704820192256], [564.5910644489255, 764.9649413709748], [521.7054900257718, 771.8295179807744]], '주', 0.25115981794220943), ([[330.1758366163079, 748.1154281570775], [353.57724338216303, 740.0560587509685], [367.8241633836921, 788.8845718429225], [344.42275661783697, 796.9439412490315]], '품', 0.36766979724239945), ([[377.30265739077055, 789.0488674744709], [417.5024935298093, 775.0253140548875], [449.69734260922945, 869.9511325255291], [408.4975064701907, 883.9746859451125]], '죽', 0.2948128627654256)]
[([[572, 388], [624, 388], [624, 412], [572, 412]], '거칠게', 0.9627342820167542), ([[505, 409], [549, 409], [549, 459], [505, 459]], '자', 0.05394264660943926), ([[573, 427], [609, 427], [609, 447], [573, 447]], '해쥐', 0.9934064413333741), ([[83, 464], [122, 464], [122, 534], [83, 534]], '꼴', 0.22279207705761284), ([[481, 705], [543, 705], [543, 803], [481, 803]], '쭉', 0.03840038006232427), ([[604, 772], [658, 772], [658, 844], [604, 844]], '가', 0.004550662687763385), ([[31, 893], [69, 893], [69, 911], [31, 911]], '음음!!', 0.9895570278167725), ([[256.2161622789965, 394.06182235767767], [293.69098015955734, 383.04797552317257], [316.7838377210035, 466.93817764232233], [280.30901984044266, 478.95202447682743]], '주', 0.7195669462197571), ([[309.272393124891, 464.089572499564], [333.7410111152501, 459.09295639401887], [343.727606875109, 509.910427500436], [319.2589888847499, 515.9070436059811]], '주', 0.7388834809852973), ([[396.27164295927076, 856.0668719800622], [430.1441421055537, 849.1671239463949], [441.72835704072924, 917.9331280199378], [407.8558578944463, 923.8328760536051]], '죽', 0.9582466403885839), ([[574.2716429592708, 870.0668719800622], [605.8497185773242, 862.0912945443088], [620.7283570407292, 931.9331280199378], [589.1502814226758, 938.9087054556912]], '꼴', 0.35093022080678793)]
[([[603, 17], [655, 17], [655, 35], [603, 35]], '덮방에 선', 0.5938061025767376), ([[601, 33], [643, 33], [643, 47], [601, 47]], '마직도', 0.6804909408726391), ([[601, 49], [657, 49], [657, 65], [601, 65]], '하고임네', 0.6087786555290222), ([[11, 61], [43, 61], [43, 79], [11, 79]], '기분', 0.9988918021152657), ([[12, 78], [30, 78], [30, 115], [12, 115]], '열', 0.10625946802921149), ([[27, 97], [51, 97], [51, 113], [27, 113]], '아!', 0.9912373251692186), ([[569, 141], [609, 141], [609, 159], [569, 159]], '우리도', 0.974088191986084), ([[569, 159], [597, 159], [597, 175], [569, 175]], '지만', 0.9985683190334907), ([[527, 455], [573, 455], [573, 471], [527, 471]], '스즈히!', 0.4075521230697632), ([[297, 505], [353, 505], [353, 523], [297, 523]], '달거같아', 0.8898528218269348), ([[585, 495], [625, 495], [625, 531], [585, 531]], '@', 0.45632719371133135), ([[437, 541], [483, 541], [483, 557], [437, 557]], '스즈히!', 0.891074001789093), ([[590, 524], [618, 524], [618, 576], [590, 576]], '움', 0.9828314209954101), ([[4, 570], [52, 570], [52, 644], [4, 644]], '자', 0.06553000965837796), ([[85, 703], [121, 703], [121, 721], [85, 721]], '나도!', 0.8691006817267428), ([[166, 712], [214, 712], [214, 768], [166, 768]], '7', 0.10188678129410622), ([[23, 773], [73, 773], [73, 793], [23, 793]], '으하양', 0.7538788569023215), ([[387, 779], [427, 779], [427, 797], [387, 797]], '아앗!', 0.9832659217775215), ([[29, 805], [63, 805], [63, 821], [29, 821]], '나도', 0.9999787580544308), ([[26, 818], [106, 818], [106, 842], [26, 842]], '나도 간다!', 0.9146365703609547), ([[437, 849], [471, 849], [471, 869], [437, 869]], '아앗', 0.9761275551117147), ([[496, 898], [522, 898], [522, 944], [496, 944]], '몸', 0.15027237081547273)]
[([[80, 20], [136, 20], [136, 46], [80, 46]], '아앗!', 0.9833876061729174), ([[566, 84], [656, 84], [656, 114], [566, 114]], '갈거 갈애', 0.6407084033645288), ([[131, 167], [157, 167], [157, 187], [131, 187]], '가', 0.9995453874495439), ([[66, 232], [108, 232], [108, 258], [66, 258]], '갈거', 0.9897716817213297), ([[66, 256], [110, 256], [110, 284], [66, 284]], '같애', 0.46059872366758564), ([[554, 252], [610, 252], [610, 276], [554, 276]], '뻔다!', 0.11490489384767766), ([[28, 446], [90, 446], [90, 476], [28, 476]], '아앗!', 0.9681991239433596), ([[232, 362], [335, 362], [335, 552], [232, 552]], '쥐', 0.9415922463532844), ([[506, 464], [582, 464], [582, 488], [506, 488]], '스즈하!', 0.4953666925430298), ([[568, 598], [624, 598], [624, 708], [568, 708]], '직', 0.1632138682282438), ([[376, 816], [438, 816], [438, 846], [376, 846]], '아앗!', 0.959072228023981), ([[188, 890], [252, 890], [252, 920], [188, 920]], '간다!', 0.9514521446320983), ([[460, 916], [498, 916], [498, 948], [460, 948]], '옷!', 0.17723688377096916), ([[74.22150833687124, 467.01684258172554], [212.67239620079624, 492.29762185123917], [166.77849166312876, 733.9831574182745], [28.327603799203764, 708.7023781487608]], '및', 0.03750941552934628), ([[496.3910845259201, 778.0232072895539], [555.2658988505578, 766.1007911725188], [585.6089154740798, 924.9767927104461], [527.7341011494422, 937.8992088274812]], '쥐', 0.05291576166715917)]
[([[158, 136], [184, 136], [184, 196], [158, 196]], '뉴', 0.7312392924450393), ([[65, 243], [103, 243], [103, 311], [65, 311]], '위', 0.015843629354353794), ([[103, 319], [153, 319], [153, 339], [103, 339]], '아직도', 0.9967949986457825), ([[93, 339], [169, 339], [169, 359], [93, 359]], '가고있어?', 0.9973050218510161), ([[41, 391], [91, 391], [91, 411], [41, 411]], '더이상', 0.8844641447067261), ([[357, 359], [393, 359], [393, 439], [357, 439]], '물', 0.019661999803393337), ([[40, 406], [90, 406], [90, 430], [40, 430]], '안들어', 0.9995891918052637), ([[51, 431], [83, 431], [83, 449], [51, 449]], '갈거', 0.981729556449062), ([[38, 444], [90, 444], [90, 468], [38, 468]], '갈은데', 0.8595487895173722), ([[573, 587], [605, 587], [605, 605], [573, 605]], '정액', 0.9957416983304135), ([[575, 605], [625, 605], [625, 625], [575, 625]], '뒤범벽', 0.688682581837928), ([[583, 625], [617, 625], [617, 641], [583, 641]], '이야', 0.9998651327486631), ([[5, 745], [59, 745], [59, 763], [5, 763]], '아무래도', 0.44924252064645337), ([[47, 869], [89, 869], [89, 887], [47, 887]], '씻어야', 0.9346771787099252), ([[37, 885], [91, 885], [91, 901], [37, 901]], '할거길애', 0.11787841469049454), ([[483.52230268352616, 430.03827663786205], [506.49360255565995, 434.39824070949555], [495.47769731647384, 497.96172336213795], [472.50639744434005, 493.60175929050445]], '특', 0.28466519716516814)]
[([[66, 142], [174, 142], [174, 166], [66, 166]], '난이 미래가', 0.8505631598188884), ([[64, 162], [160, 162], [160, 188], [64, 188]], '계속되논걸', 0.24664799257183004), ([[64, 186], [170, 186], [170, 210], [64, 210]], '원하지 않아', 0.41106006823147473), ([[398, 424], [422, 424], [422, 448], [398, 448]], '난', 0.9896263905096738), ([[392, 444], [436, 444], [436, 468], [392, 468]], '원가', 0.912684488716655), ([[380, 468], [458, 468], [458, 492], [380, 492]], '바필거라', 0.5041382908821106), ([[392, 488], [434, 488], [434, 512], [392, 512]], '믿어', 0.9998485275867264), ([[25, 593], [69, 593], [69, 613], [25, 613]], '내가', 0.999789946569189), ([[25, 610], [102, 610], [102, 638], [25, 638]], '말하능지', 0.33509308099746704), ([[39, 637], [77, 637], [77, 655], [39, 655]], '이해', 0.9999843214083535), ([[32, 656], [102, 656], [102, 682], [32, 682]], '하켓어?', 0.6344450116157532), ([[68.88582797093768, 587.2145699273442], [111.7712263407149, 592.8509549318987], [108.11417202906232, 617.7854300726558], [65.2287736592851, 612.1490450681013]], '무슨', 0.9997121491604648)]
[([[537, 69], [583, 69], [583, 85], [537, 85]], '하지만', 0.9997916680724723), ([[543, 101], [573, 101], [573, 119], [543, 119]], '너와', 0.5217190891421656), ([[540, 116], [572, 116], [572, 170], [540, 170]], '표화', 0.0005652109874333376), ([[543, 169], [571, 169], [571, 187], [543, 187]], '없어', 0.988508540832117), ([[353, 291], [407, 291], [407, 309], [353, 309]], '그곳에 ,.', 0.7519381271375714), ([[345, 323], [413, 323], [413, 343], [345, 343]], '함께 가지', 0.991705932837548), ([[349, 357], [405, 357], [405, 377], [349, 377]], '않울래?', 0.8704614639282227)]
[([[24, 296], [76, 296], [76, 324], [24, 324]], '아아 .', 0.9961945414543152), ([[88, 296], [204, 296], [204, 322], [88, 322]], '우리의 다음', 0.999579951312168), ([[44, 320], [156, 320], [156, 346], [44, 346]], '데이트까지', 0.8024927693877746), ([[26, 344], [204, 344], [204, 370], [26, 370]], '오카베 씨의 자지와', 0.881816740937467), ([[30, 368], [196, 368], [196, 396], [30, 396]], '갈은 모양의 것이', 0.6244086441523727), ([[72, 394], [140, 394], [140, 420], [72, 420]], '필요해', 0.9996332378403803), ([[95, 421], [123, 421], [123, 441], [95, 441]], '아.', 0.2801838121235984), ([[58, 442], [156, 442], [156, 470], [58, 470]], '너무 국어', 0.6545276441796672), ([[32, 466], [196, 466], [196, 496], [32, 496]], '오카베 씨의 자지 .', 0.8185208100990099)]
[([[308, 782], [384, 782], [384, 810], [308, 810]], '아. ! 응', 0.356652065370285), ([[394, 782], [484, 782], [484, 810], [394, 810]], '아  으응', 0.9267523914655886), ([[308, 808], [358, 808], [358, 832], [308, 832]], '하아', 0.9992617513482144), ([[372, 806], [428, 806], [428, 832], [372, 832]], '하아 .', 0.48680421710014343), ([[438, 806], [548, 806], [548, 834], [438, 834]], '오카베상이', 0.995619177251204), ([[310, 832], [426, 832], [426, 858], [310, 858]], '나에게 오면', 0.9400642761990673), ([[450, 830], [582, 830], [582, 860], [450, 860]], '행복할런데 ...', 0.29183595314670785)]
[([[353, 347], [373, 347], [373, 373], [353, 373]], '응', 0.9996230957473387), ([[392, 346], [606, 346], [606, 376], [392, 376]], '열심히 연습 햇으니까.', 0.9887389505012198), ([[330, 372], [418, 372], [418, 398], [330, 398]], '오카베상', 0.7461385726928711), ([[434, 374], [458, 374], [458, 398], [434, 398]], '전', 0.9999021315679535), ([[328, 394], [610, 394], [610, 424], [328, 424]], '더이상 그것올 가질수 없어요', 0.6631418921173733), ([[332, 420], [374, 420], [374, 448], [332, 448]], '으응', 0.9996268521976852), ([[390, 420], [482, 420], [482, 448], [390, 448]], '죄송해요', 0.9944742918014526), ([[498, 422], [602, 422], [602, 448], [498, 448]], '하지만, 저', 0.945358823394064)]
[([[532, 166], [590, 166], [590, 195], [532, 195]], '아.!!', 0.5590027570724487), ([[532, 194], [580, 194], [580, 218], [532, 218]], '서로', 0.9995456872055692), ([[504, 216], [618, 216], [618, 246], [504, 246]], '연결되어요', 0.651623856815622), ([[462, 706], [580, 706], [580, 734], [462, 734]], '전 행복해요', 0.9756755618633441), ([[456, 731], [600, 731], [600, 757], [456, 757]], '오카 린다로씨', 0.6591903594928741), ([[462, 756], [594, 756], [594, 784], [462, 784]], '하응! ! 아앗! !', 0.872397906527763)]
[([[14, 130], [126, 130], [126, 158], [14, 158]], '하아 .아양', 0.6925892049948873), ([[14, 154], [292, 154], [292, 182], [14, 182]], '저 .. 저 린다로씨와함께 가요', 0.4231046896618191), ([[14, 180], [300, 180], [300, 208], [14, 208]], '저 진지하게 연습햇답니다..?', 0.7450888935634591), ([[14, 202], [326, 202], [326, 232], [14, 232]], '그러니.. 더 . 더 저클 범해주세요', 0.298935967125468)]
[([[172, 56], [454, 56], [454, 104], [172, 104]], '첫 역자 식자 후기', 0.9387877919187564), ([[60, 160], [518, 160], [518, 186], [60, 186]], '처음으로 번역해보는거라 일부로 짧은결로 시작햇는데', 0.45767604386120364), ([[62, 204], [570, 204], [570, 230], [62, 230]], '그래도 번역하고 이식하느라 시간도 걸리고 어떻게 해석활까', 0.6165294455254634), ([[62, 246], [574, 246], [574, 274], [62, 274]], '고민도 하고 이식하늘데 곧트 맞추는게 힘들어서 초반 몇장은', 0.3356748880379352), ([[62, 290], [254, 290], [254, 316], [62, 316]], '약간 그림관 플트라는 .', 0.13523432855663542), ([[264, 288], [558, 288], [558, 316], [264, 316]], '(중간부터 궁서로 바퀴서 어느정도', 0.7974975400255133), ([[61, 328], [186, 328], [186, 359], [61, 359]], '나아켓습니다)', 0.3327733904014163), ([[62, 374], [598, 374], [598, 400], [62, 400]], '그래도 해보니까 문가 생산성있어서 ( 느낌상 ) 기분 좋앙습니다', 0.3736992543209371), ([[60, 416], [518, 416], [518, 442], [60, 442]], '아무래도 다음 번역작도 수타인 즈게이트가 훨거갈네요', 0.3482201143248854), ([[62, 460], [182, 460], [182, 486], [62, 486]], '그럼 바이바이', 0.9991701966556888)]
[([[227, 701], [283, 701], [283, 719], [227, 719]], '거-기', 0.4052760222592792), ([[293, 701], [429, 701], [429, 719], [293, 719]], '다\' 37_>\') ")', 0.10507611477030016), ([[225, 715], [257, 715], [257, 733], [225, 733]], '2012', 0.9998131394386292), ([[263, 715], [315, 715], [315, 733], [263, 733]], '8타무7', 0.25088441371917725), ([[227, 731], [269, 731], [269, 749], [227, 749]], '##숲', 0.02802860842509038), ([[225, 747], [471, 747], [471, 766], [225, 766]], '"++오:/ /교혼듭(회고;-고;-4.6/0354.권(2.(-각', 2.5072769260165612e-06), ([[225, 761], [267, 761], [267, 781], [225, 781]], '#47^', 0.055115535855293274), ([[279, 765], [357, 765], [357, 781], [279, 781]], '33 *#보0', 0.03612378484293143), ([[225, 781], [269, 781], [269, 797], [225, 797]], '너꾸 무=:1', 0.0006351641780401708), ([[279, 777], [349, 777], [349, 797], [279, 797]], '47+지#', 0.11742940553523393), ([[27, 837], [91, 837], [91, 857], [27, 857]], '[어이시', 0.009701106697320938), ([[29, 855], [91, 855], [91, 893], [29, 893]], ':8', 0.12885039203724413), ([[25, 889], [95, 889], [95, 909], [25, 909]], '@스나', 0.3391939706321452), ([[22, 908], [98, 908], [98, 934], [22, 934]], '골영중@', 0.0014569842023774981)]
