556167
22
[([[12, 24], [40, 24], [40, 84], [12, 84]], '좀', 0.24231313879059613), ([[862, 40], [910, 40], [910, 104], [862, 104]], '4', 0.017604780853205604), ([[12, 80], [40, 80], [40, 238], [12, 238]], '{', 0.006074072531161656), ([[865, 115], [905, 115], [905, 177], [865, 177]], '뺨', 0.19335868863780448), ([[901, 33], [961, 33], [961, 183], [901, 183]], '통', 0.1545657756446559), ([[187, 1079], [301, 1079], [301, 1121], [187, 1121]], '역자 코마', 0.9650888828524369), ([[187, 1113], [319, 1113], [319, 1155], [187, 1155]], '식자 -|탁형', 0.004573475463095452), ([[47, 1136], [648, 1136], [648, 1280], [47, 1280]], '싸시-떠이리-', 0.0002643753455026457), ([[58, 1259], [342, 1259], [342, 1308], [58, 1308]], '휴184-시-7 -내', 0.0033960358910044624)]
[([[794, 1348], [956, 1348], [956, 1372], [794, 1372]], '룹+:/이치응기  $', 2.479970805292704e-05)]
[]
[([[55, 1095], [543, 1095], [543, 1207], [55, 1207]], '더째표미목마|', 0.00019605226483528996), ([[66, 1178], [260, 1178], [260, 1210], [66, 1210]], '볕8장--7 어내', 0.0003577243343580935)]
[]
[([[448, 140], [548, 140], [548, 164], [448, 164]], '만약 우리가', 0.7889154007383689), ([[470, 162], [526, 162], [526, 186], [470, 186]], '그곳에', 0.7454509956662243), ([[454, 184], [542, 184], [542, 208], [454, 208]], '남앗더라면', 0.3436148092327245), ([[450, 206], [548, 206], [548, 230], [450, 230]], '이런 상황이', 0.9090079723118308), ([[442, 226], [554, 226], [554, 252], [442, 252]], '오지논 않앗을', 0.33200723688567885), ([[468, 250], [526, 250], [526, 274], [468, 274]], '것이다.', 0.42695122957229614), ([[804, 426], [840, 426], [840, 450], [804, 450]], '나는', 0.958201316482), ([[796, 448], [850, 448], [850, 472], [796, 472]], '그러한', 0.9322160796923725), ([[794, 468], [848, 468], [848, 494], [794, 494]], '생각울', 0.3325467322371477), ([[786, 492], [860, 492], [860, 516], [786, 516]], '멈출수가', 0.986083447933197), ([[792, 512], [850, 512], [850, 536], [792, 536]], '없없다.', 0.776984453201294), ([[765, 795], [801, 795], [801, 815], [765, 815]], '그런', 0.9999067724439678), ([[736, 814], [830, 814], [830, 840], [736, 840]], '생각은 버려', 0.9993931595883511), ([[752, 838], [814, 838], [814, 862], [752, 862]], '타카시', 0.9912156174223653), ([[740, 858], [818, 858], [818, 882], [740, 882]], '집중하자.', 0.7030105248932682), ([[184, 882], [312, 882], [312, 908], [184, 908]], '그동안 일어넷던', 0.17621160336259464), ([[764, 880], [802, 880], [802, 904], [764, 904]], '분명', 0.9995010177842274), ([[204, 904], [292, 904], [292, 930], [204, 930]], '재양때문에', 0.9430157155028561), ([[739, 902], [827, 902], [827, 926], [739, 926]], '탈출가능한', 0.9406496308041671), ([[202, 926], [296, 926], [296, 952], [202, 952]], '이 창고에는', 0.8750941759672943), ([[757, 925], [811, 925], [811, 945], [757, 945]], '루트가', 0.12265473760953638), ([[212, 948], [284, 948], [284, 972], [212, 972]], '보통량의', 0.6798844933509827), ([[740, 944], [822, 944], [822, 970], [740, 970]], '있율거야.', 0.30739153710206063), ([[196, 970], [302, 970], [302, 996], [196, 996]], '저장음식밖에', 0.629315796347386), ([[218, 992], [278, 992], [278, 1016], [218, 1016]], '없없다.', 0.8728489279747009), ([[135, 1109], [171, 1109], [171, 1129], [135, 1129]], '최소', 0.9999581062896108), ([[120, 1128], [186, 1128], [186, 1152], [120, 1152]], '2일에서', 0.9749360084533691), ([[134, 1150], [172, 1150], [172, 1174], [134, 1174]], '최대', 0.9996623361495459), ([[120, 1172], [186, 1172], [186, 1196], [120, 1196]], '3일간의', 0.9995899200439453), ([[132, 1194], [170, 1194], [170, 1218], [132, 1218]], '분량', 0.9999146115527259)]
[([[354, 498], [489, 498], [489, 543], [354, 543]], '끈9', 0.004920490962056028)]
[([[802, 640], [844, 640], [844, 664], [802, 664]], '제길', 0.9998692629791504), ([[242, 652], [320, 652], [320, 676], [242, 676]], '나는 우리', 0.9835209819571107), ([[819, 663], [841, 663], [841, 683], [819, 683]], '또', 0.9999243035336782), ([[256, 674], [308, 674], [308, 698], [256, 698]], '2명이', 0.9958994027178085), ([[786, 684], [874, 684], [874, 708], [786, 708]], '잠들없나...', 0.5331334869598103), ([[238, 694], [326, 694], [326, 720], [238, 720]], '탈출가능한', 0.8086452352962493), ([[244, 716], [316, 716], [316, 742], [244, 742]], '루트들올', 0.3799314498901367), ([[254, 740], [310, 740], [310, 764], [254, 764]], '생각해', 0.9997144483992704), ([[246, 760], [306, 760], [306, 786], [246, 786]], '빛지만.', 0.19404973089694977), ([[115, 1149], [207, 1149], [207, 1169], [115, 1169]], '어느 루트로', 0.8546123084172261), ([[112, 1168], [206, 1168], [206, 1194], [112, 1194]], '탈출올 하든_', 0.3102461343311398), ([[118, 1188], [206, 1188], [206, 1216], [118, 1216]], '우리 2명은', 0.708583311356231), ([[104, 1212], [218, 1212], [218, 1236], [104, 1236]], '반드시 죽없다.', 0.8561397082261731), ([[151.44206896717168, 222.01731037146405], [221.48561887585308, 215.3500463120313], [237.55793103282832, 400.9826896285359], [166.51438112414692, 406.64995368796866]], '넷', 0.030203764445960957)]
[([[417, 115], [471, 115], [471, 135], [417, 135]], '사에코', 0.953184668179558), ([[416, 136], [458, 136], [458, 160], [416, 160]], '선배.', 0.9682690915375569), ([[220, 198], [284, 198], [284, 222], [220, 222]], '타카시', 0.967303858953112), ([[198, 222], [310, 222], [310, 250], [198, 250]], '그동안 나랑', 0.634274191778403), ([[196, 248], [312, 248], [312, 276], [196, 276]], '놀고싶없지?', 0.685926260801787), ([[130, 776], [168, 776], [168, 808], [130, 808]], '하', 0.9519950667629509), ([[130, 818], [170, 818], [170, 844], [130, 844]], '아', 0.927788290753714), ([[381, 867], [513, 867], [513, 1059], [381, 1059]], '빵', 0.00912305930435503), ([[34, 1198], [142, 1198], [142, 1226], [34, 1226]], '타카시의 손', 0.9703974307085773), ([[66, 1222], [110, 1222], [110, 1248], [66, 1248]], '매우', 0.9999182360929683), ([[48, 1248], [112, 1248], [112, 1274], [48, 1274]], '뜨거워', 0.8428576315990096), ([[42, 1272], [132, 1272], [132, 1300], [42, 1300]], '기분 쫓게', 0.7041867664990814), ([[49, 1301], [113, 1301], [113, 1321], [49, 1321]], '느껴저', 0.5746518096472606)]
[([[770, 158], [878, 158], [878, 186], [770, 186]], '선배와 나는', 0.9913288975928497), ([[742, 182], [910, 182], [910, 212], [742, 212]], '우리들에서 주어진', 0.7015627627206468), ([[746, 208], [902, 208], [902, 234], [746, 234]], '시간이 별로 남지', 0.9982864594457519), ([[594, 236], [686, 236], [686, 264], [594, 264]], '내 유두가', 0.9851560946942701), ([[750, 232], [896, 232], [896, 262], [750, 262]], '않은것올 깨닫고', 0.6956381684962147), ([[574, 260], [702, 260], [702, 288], [574, 288]], '타카시의 손에', 0.8673747294603423), ([[768, 258], [878, 258], [878, 288], [768, 288]], '그저 성옥올', 0.4312074987240258), ([[588, 286], [688, 286], [688, 312], [588, 312]], '능욕당하고', 0.9365113601681541), ([[738, 284], [908, 284], [908, 312], [738, 312]], '해소하기 시작햇다.', 0.5274381790952114), ([[608, 310], [654, 310], [654, 338], [608, 338]], '있어.', 0.7715671266133135), ([[82, 396], [164, 396], [164, 422], [82, 422]], '타카시의', 0.9878787994384766), ([[78, 422], [168, 422], [168, 450], [78, 450]], '손에 의해', 0.8731122071382412), ([[90, 446], [154, 446], [154, 472], [90, 472]], '야하게', 0.9336588097593268), ([[74, 472], [160, 472], [160, 500], [74, 500]], '되고있어.', 0.7668563678771326), ([[192, 528], [288, 528], [288, 552], [192, 552]], '내 몸전체가', 0.9769421456185535), ([[202, 550], [274, 550], [274, 574], [202, 574]], '자극받논', 0.23227690160274506), ([[197, 573], [277, 573], [277, 593], [197, 593]], '느낌이야.', 0.9670202858994741), ([[606, 778], [678, 778], [678, 802], [606, 802]], '선배분만', 0.4149967432022095), ([[614, 798], [670, 798], [670, 822], [614, 822]], '아니라', 0.9998955235988211), ([[602, 820], [680, 820], [680, 844], [602, 844]], '제 자지도', 0.9921930355727311), ([[604, 842], [678, 842], [678, 866], [604, 866]], '선배한데', 0.5371935963630676), ([[586, 864], [692, 864], [692, 888], [586, 888]], '자극받앉어요', 0.6833580970580723), ([[119, 1043], [173, 1043], [173, 1063], [119, 1063]], '나쁘게', 0.872281632032134), ([[102, 1062], [190, 1062], [190, 1088], [102, 1088]], '말하는것은', 0.29315511542759487), ([[108, 1084], [182, 1084], [182, 1108], [108, 1108]], '아니에요', 0.9997254014015198), ([[126, 1106], [164, 1106], [164, 1130], [126, 1130]], '분명', 0.9997683687786718), ([[98, 1128], [192, 1128], [192, 1152], [98, 1152]], '선배의 몸은', 0.9978363488055076), ([[92, 1150], [198, 1150], [198, 1174], [92, 1174]], '어떤남자라도', 0.9658794161823047), ([[102, 1172], [192, 1172], [192, 1196], [102, 1196]], '흥분시키기', 0.997263638446373), ([[320, 1168], [402, 1168], [402, 1196], [320, 1196]], '그런말울', 0.5568923354148865), ([[106, 1194], [180, 1194], [180, 1218], [106, 1218]], '충분해요', 0.9391287463475959), ([[330, 1194], [390, 1194], [390, 1220], [330, 1220]], '들으면', 0.9995580156281917), ([[340, 1218], [386, 1218], [386, 1242], [340, 1242]], '내가', 0.9993779691946368), ([[299, 1241], [421, 1241], [421, 1269], [299, 1269]], '야한여자처럼', 0.998208207205891), ([[311, 1267], [411, 1267], [411, 1293], [311, 1293]], '들리잡아 .', 0.7978246873417628), ([[567, 1165], [675, 1165], [675, 1321], [567, 1321]], '5', 0.018335019541293684)]
[([[574, 108], [630, 108], [630, 132], [574, 132]], '자지루', 0.17189569740086535), ([[850, 102], [894, 102], [894, 128], [850, 128]], '그럼', 0.9999462210448593), ([[575, 131], [629, 131], [629, 151], [575, 151]], '여기에', 0.9985466155168502), ([[574, 150], [630, 150], [630, 174], [574, 174]], '넣어쥐', 0.9942816936295563), ([[566, 172], [638, 172], [638, 196], [566, 196]], '타카시 ', 0.4828617572784424), ([[480, 216], [540, 216], [540, 242], [480, 242]], '여기논', 0.40425161531136744), ([[478, 242], [540, 242], [540, 268], [478, 268]], '자지름', 0.25032121434668897), ([[460, 266], [562, 266], [562, 294], [460, 294]], '경험한적이', 0.921656843997351), ([[456, 292], [562, 292], [562, 320], [456, 320]], '없는긋이야:', 0.23628518200015416), ([[146, 602], [172, 602], [172, 626], [146, 626]], '내', 0.9999970197699817), ([[108, 625], [210, 625], [210, 653], [108, 653]], '동정애널올', 0.9360113667809934), ([[124, 650], [188, 650], [188, 678], [124, 678]], '빼어쥐', 0.1500613177967897), ([[714, 808], [760, 808], [760, 834], [714, 834]], '만약', 0.9999879460226044), ([[704, 834], [766, 834], [766, 860], [704, 860]], '아프면', 0.9993298072264468), ([[692, 858], [776, 858], [776, 888], [692, 888]], '말하세요', 0.9862645864486694), ([[434, 907], [499, 907], [499, 936], [434, 936]], '걱정마.', 0.9993118047714233), ([[103, 1159], [141, 1159], [141, 1179], [103, 1179]], '내가', 0.99976069858131), ([[76, 1180], [164, 1180], [164, 1200], [76, 1200]], '아프더라도', 0.9757705115879853), ([[85, 1203], [159, 1203], [159, 1223], [85, 1223]], '타카시가', 0.963814673266789), ([[64, 1222], [176, 1222], [176, 1248], [64, 1248]], '기분이 좋다면', 0.7232681219100698), ([[74, 1244], [170, 1244], [170, 1268], [74, 1268]], '참울수 있어', 0.5223754064538779)]
[([[648, 254], [734, 254], [734, 280], [648, 280]], '내 안어서', 0.8118011879532162), ([[655, 281], [727, 281], [727, 301], [655, 301]], '타가}(9', 0.10291043602874646), ([[34, 308], [106, 308], [106, 334], [34, 334]], '내 안에', 0.6152262268349907), ([[663, 307], [721, 307], [721, 327], [663, 327]], '자지가', 0.176555247479468), ([[28, 330], [112, 330], [112, 360], [28, 360]], '(사느거야?', 0.34069681329828516), ([[652, 328], [732, 328], [732, 356], [652, 356]], '커사논껏하', 0.06146112230436289), ([[34, 358], [104, 358], [104, 384], [34, 384]], '아아양', 0.9093964676801384), ([[642, 354], [740, 354], [740, 380], [642, 380]], '느껴수 이어', 0.28027165514254354), ([[568, 754], [638, 754], [638, 782], [568, 782]], '쌀계요', 0.33594865152556497), ([[580, 780], [624, 780], [624, 804], [580, 804]], '하아', 0.9999828041291119), ([[38, 842], [100, 842], [100, 870], [38, 870]], '정아이', 0.13967876799824847), ([[40, 862], [104, 862], [104, 894], [40, 894]], '내 안을', 0.12725987035111416), ([[34, 894], [70, 894], [70, 922], [34, 922]], '가득', 0.9988088630641281), ([[56, 914], [108, 914], [108, 944], [56, 944]], '이어', 0.44549218784465916), ([[421, 1113], [515, 1113], [515, 1151], [421, 1151]], '내 안어', 0.6821088790893555), ([[423, 1143], [503, 1143], [503, 1185], [423, 1185]], '뜨거워', 0.949407137526336), ([[66.47893962030982, 888.4141973545267], [117.57247877713763, 884.4565127337174], [119.52106037969018, 910.5858026454733], [67.42752122286237, 914.5434872662826]], '{6우고', 0.4457533657550812)]
[([[129, 129], [163, 129], [163, 149], [129, 149]], '나도', 0.9999935936850367), ([[104, 148], [186, 148], [186, 172], [104, 172]], '가긴있어도', 0.5624470338591325), ([[121, 171], [171, 171], [171, 191], [121, 191]], '이렇계', 0.5202616383163096), ([[112, 188], [180, 188], [180, 212], [112, 212]], '끝내는건', 0.9165717363357544), ([[113, 209], [165, 209], [165, 229], [113, 229]], '아쉬위', 0.9033028701680307), ([[610, 232], [668, 232], [668, 256], [610, 256]], '내 안에', 0.9960060408593032), ([[605, 255], [673, 255], [673, 275], [605, 275]], '그렇게나', 0.6805530786514282), ([[859, 244], [922, 244], [922, 282], [859, 282]], '하아', 0.9347411723671737), ([[586, 272], [678, 272], [678, 296], [586, 296]], '잔뜩 싸다니.', 0.8620833595860916), ([[601, 295], [675, 295], [675, 315], [601, 315]], '내 애넣이', 0.3480959568382391), ([[605, 315], [671, 315], [671, 335], [605, 335]], '그렇게나', 0.8626420497894287), ([[606, 332], [670, 332], [670, 356], [606, 356]], '좋앞어?', 0.5657923221588135), ([[524, 446], [606, 446], [606, 470], [524, 470]], '네. 선배의', 0.7592637201579675), ([[539, 469], [589, 469], [589, 489], [539, 489]], '애널은', 0.8361007974032917), ([[524, 486], [592, 486], [592, 512], [524, 512]], '굉장해요.', 0.7080612087627726), ([[61, 635], [83, 635], [83, 655], [61, 655]], '아', 0.9997947321381986), ([[52, 652], [104, 652], [104, 676], [52, 676]], '선배의', 0.9982186642380395), ([[45, 675], [101, 675], [101, 695], [45, 695]], '가슴이', 0.9994579499267414), ([[822, 1026], [910, 1026], [910, 1052], [822, 1052]], '내 보지도', 0.7397461502743844), ([[826, 1052], [908, 1052], [908, 1076], [826, 1076]], '타카시의', 0.9512147955111646), ([[836, 1078], [898, 1078], [898, 1102], [836, 1102]], '자지틀', 0.12984567752788012), ([[836, 1102], [900, 1102], [900, 1130], [836, 1130]], '맛보게', 0.9957266101820247), ([[116, 1114], [158, 1114], [158, 1142], [116, 1142]], '빨리', 0.999974627691473), ([[836, 1126], [884, 1126], [884, 1154], [836, 1154]], '해쥐.', 0.8535033338759758), ([[92, 1140], [182, 1140], [182, 1164], [92, 1164]], '내 보지에', 0.8229874939508363), ([[104, 1166], [168, 1166], [168, 1190], [104, 1190]], '자지흘', 0.235844138670746), ([[726, 1164], [816, 1164], [816, 1188], [726, 1188]], '애널렉스만', 0.48910383789721357), ([[102, 1190], [172, 1190], [172, 1216], [102, 1216]], '넣어쥐!', 0.8184092044830322), ([[745, 1187], [797, 1187], [797, 1207], [745, 1207]], '으로도', 0.9981479976508165), ([[742, 1206], [800, 1206], [800, 1230], [742, 1230]], '애액이', 0.9341891860117782), ([[736, 1230], [808, 1230], [808, 1254], [736, 1254]], '이렇게나', 0.8060622215270996), ([[720, 1250], [810, 1250], [810, 1274], [720, 1274]], '흐로고있어', 0.8257620345442321), ([[886.1299778141514, 164.12892678669957], [942.9012236117879, 175.23652010216108], [936.8700221858486, 202.87107321330043], [880.0987763882121, 191.76347989783892]], '(하아', 0.7359697001139826)]
[([[196, 116], [270, 116], [270, 140], [196, 140]], '그렇게나', 0.5577353933479513), ([[184, 138], [282, 138], [282, 162], [184, 162]], '애널 씩스가', 0.30630892526942693), ([[190, 158], [274, 158], [274, 184], [190, 184]], '좋앗어요?', 0.4589428996711268), ([[326, 166], [382, 166], [382, 190], [326, 190]], '선배의', 0.9989678951307996), ([[328, 188], [384, 188], [384, 212], [328, 212]], '보지가', 0.999805708098904), ([[326, 210], [382, 210], [382, 234], [326, 234]], '자지름', 0.1901436105619647), ([[308, 232], [398, 232], [398, 256], [308, 256]], '원하는군요', 0.6256513396212939), ([[76, 316], [142, 316], [142, 340], [76, 340]], '타카시논', 0.4460911452770233), ([[56, 336], [162, 336], [162, 360], [56, 360]], '세스홀 활때만', 0.12298615317877842), ([[90, 356], [126, 356], [126, 380], [90, 380]], '나름', 0.5880474084423121), ([[68, 376], [150, 376], [150, 400], [68, 400]], '괴롭히는길', 0.2105305938355656), ([[56, 396], [164, 396], [164, 420], [56, 420]], '좋아하느거야?', 0.6793786265095666), ([[835, 387], [877, 387], [877, 425], [835, 425]], '으응.', 0.6844361966601233), ([[832, 424], [902, 424], [902, 454], [832, 454]], '아아', 0.9113662649146761), ([[849, 681], [903, 681], [903, 701], [849, 701]], '아니요', 0.9999438385907131), ([[826, 702], [932, 702], [932, 726], [826, 726]], '셋스할때마다', 0.11143986051994438), ([[853, 725], [907, 725], [907, 745], [853, 745]], '선배가', 0.9247109889984131), ([[850, 744], [906, 744], [906, 768], [850, 768]], '귀여워', 0.9896544638230781), ([[832, 766], [922, 766], [922, 790], [832, 790]], '보이논걸요', 0.17938551357423846), ([[340, 970], [422, 970], [422, 994], [340, 994]], '사실인걸요', 0.6124372406005753), ([[337, 993], [423, 993], [423, 1013], [337, 1013]], '선배 선배는', 0.8861978463560669), ([[363, 1013], [397, 1013], [397, 1033], [363, 1033]], '매우', 0.9994007244213123), ([[345, 1033], [411, 1033], [411, 1053], [345, 1053]], '귀여워요', 0.9982142448425293), ([[290, 1134], [372, 1134], [372, 1158], [290, 1158]], '지금부터는', 0.6063853778689653), ([[313, 1157], [347, 1157], [347, 1177], [313, 1177]], '조금', 0.9999969654282558), ([[297, 1177], [363, 1177], [363, 1197], [297, 1197]], '폐이스틀', 0.33400091528892517), ([[294, 1194], [364, 1194], [364, 1218], [294, 1218]], '올림끼요', 0.18112359941005707), ([[402, 1188], [426, 1188], [426, 1212], [402, 1212]], '음', 0.999614871873522), ([[434, 1188], [516, 1188], [516, 1212], [434, 1212]], '귀여워 .?', 0.956084681226795), ([[412, 1210], [508, 1210], [508, 1236], [412, 1236]], '정말로 내가', 0.676494954954855), ([[398, 1232], [520, 1232], [520, 1256], [398, 1256]], '그렇게 귀여워?', 0.6784410839048682), ([[44, 1260], [68, 1260], [68, 1286], [44, 1286]], '응', 0.9994973576041879), ([[228.19961255822946, 1215.0356606521698], [310.924403700676, 1286.83594734339], [260.80038744177057, 1344.9643393478302], [178.075596299324, 1274.16405265661]], '리듬 &', 0.007005608174949884)]
[([[235, 75], [269, 75], [269, 95], [235, 95]], '선배', 0.9999717617282756), ([[206, 93], [298, 93], [298, 117], [206, 117]], '갈것갈나요?', 0.8314807481824071), ([[225, 115], [279, 115], [279, 135], [225, 135]], '선배가', 0.9995130753637774), ([[206, 134], [296, 134], [296, 158], [206, 158]], '어떤 표정올', 0.9829827569126423), ([[224, 154], [278, 154], [278, 178], [224, 178]], '지율지', 0.9342367220244072), ([[225, 175], [277, 175], [277, 195], [225, 195]], '기대가', 0.9999098391193675), ([[218, 194], [272, 194], [272, 218], [218, 218]], '되는데.', 0.921112060546875), ([[462, 446], [528, 446], [528, 470], [462, 470]], '하아아', 0.9884084996653127), ([[462, 472], [528, 472], [528, 496], [462, 496]], '대단:', 0.32653781717524993), ([[555, 417], [663, 417], [663, 533], [555, 533]], "'곳요", 0.02878804938020362), ([[390, 530], [450, 530], [450, 554], [390, 554]], '자지가', 0.45184093805517), ([[64, 550], [104, 550], [104, 576], [64, 576]], '아응', 0.4523270583102845), ([[392, 554], [450, 554], [450, 582], [392, 582]], '사궁어', 0.08867655976530422), ([[58, 576], [110, 576], [110, 602], [58, 602]], '그건거', 0.5023733377456665), ([[392, 580], [448, 580], [448, 608], [392, 608]], '당느계', 0.4137393161754418), ([[52, 600], [116, 600], [116, 628], [52, 628]], '보이기는', 0.6104122400283813), ([[388, 606], [452, 606], [452, 630], [388, 630]], '느껴제', 0.8143386512969991), ([[617, 589], [680, 589], [680, 632], [617, 632]], '4걸', 0.1972492702323095), ([[52, 624], [118, 624], [118, 648], [52, 648]], '부끄러워', 0.5360699892044067), ([[843, 895], [867, 895], [867, 915], [843, 915]], '아', 0.999566959542225), ([[835, 915], [873, 915], [873, 935], [835, 935]], '하아', 0.9999658612233858), ([[843, 935], [877, 935], [877, 955], [843, 955]], '쌀것', 0.5590255116621037), ([[824, 952], [876, 952], [876, 976], [824, 976]], '같아요', 0.9948069289906921), ([[72, 1142], [116, 1142], [116, 1168], [72, 1168]], '(사쥐 ,', 0.10652985832726325), ([[64, 1166], [146, 1166], [146, 1194], [64, 1194]], '내 자3에', 0.34063299167506234), ([[78, 1192], [136, 1192], [136, 1222], [78, 1222]], '정약우', 0.054115484768940875), ([[72, 1220], [120, 1220], [120, 1246], [72, 1246]], '(사쥐 .', 0.26869455879695897), ([[230, 1234], [280, 1234], [280, 1266], [230, 1266]], '나도', 0.9999257380605786)]
[([[802, 106], [830, 106], [830, 130], [802, 130]], '/1', 0.8346514468272517), ([[73, 129], [143, 129], [143, 193], [73, 193]], '아', 0.9982345750358945), ([[665, 929], [855, 929], [855, 991], [665, 991]], '하아아아', 0.7352402210235596), ([[697, 978], [831, 978], [831, 1044], [697, 1044]], '청9이', 0.010980029136616536), ([[701, 1029], [833, 1029], [833, 1085], [701, 1085]], '보시이을', 0.03764187917113304), ([[706, 1084], [840, 1084], [840, 1138], [706, 1138]], '{우는게', 0.04900066927075386), ([[699, 1131], [856, 1131], [856, 1191], [699, 1191]], '기분 좋아!', 0.7753114985737629), ([[87.23430074684593, 198.03672776719776], [146.47268857870046, 190.39172745015242], [161.76569925315405, 317.96327223280224], [102.52731142129953, 325.6082725498476]], '아', 0.8109577886712351)]
[([[153, 217], [203, 217], [203, 235], [153, 235]], '타카시', 0.9886409079104503), ([[662, 262], [718, 262], [718, 286], [662, 286]], '비비빛', 0.13916342837619358), ([[739, 863], [893, 863], [893, 899], [739, 899]], '선배, 이것이', 0.7266989321718312), ([[774, 898], [860, 898], [860, 930], [774, 930]], '선배가', 0.9992550698043093), ([[283, 937], [457, 937], [457, 973], [283, 973]], '하지만 문제가', 0.9933131069545029), ([[717, 927], [915, 927], [915, 965], [717, 965]], '다음에 취해야할', 0.7263899777973417), ([[303, 971], [423, 971], [423, 1007], [303, 1007]], '있습니다 .', 0.9226162018937966), ([[735, 963], [899, 963], [899, 999], [735, 999]], '행동들입니다', 0.9600388048703546), ([[513, 1053], [761, 1053], [761, 1091], [513, 1091]], '며칠동안의 관찰결과', 0.9883912614074526), ([[163, 1091], [359, 1091], [359, 1131], [163, 1131]], '그곳데는 수많은', 0.5543552598101128), ([[495, 1085], [778, 1085], [778, 1126], [495, 1126]], '저논 탈출가능성이 있는', 0.15306992852272588), ([[137, 1127], [383, 1127], [383, 1165], [137, 1165]], '"그것"들이 있습니다.', 0.9445237206316812), ([[507, 1121], [763, 1121], [763, 1157], [507, 1157]], '트릎 찾아져습니다.', 0.15086918970529836), ([[551, 1155], [721, 1155], [721, 1191], [551, 1191]], '이 노트북에는', 0.7590007140794294), ([[499, 1189], [773, 1189], [773, 1225], [499, 1225]], '그곳에 도달하기까지의', 0.8265272668850963), ([[537, 1221], [734, 1221], [734, 1257], [537, 1257]], '과정이 자세하게', 0.9990441899053302), ([[31, 1237], [357, 1237], [357, 1275], [31, 1275]], '"그것"들과 싸우기 시작하면', 0.5101542708014285), ([[553, 1255], [719, 1255], [719, 1291], [553, 1291]], '적혀워습니다.', 0.5475249390908783), ([[45, 1271], [343, 1271], [343, 1309], [45, 1309]], '더 많은"그것"들이 우리릎', 0.38276675982567304), ([[91, 1305], [295, 1305], [295, 1341], [91, 1341]], '포위하게 덥니다.', 0.35695775664622426), ([[743.0220279500418, 101.16388105512118], [796.8719831323601, 109.13298622419316], [791.9779720499582, 135.83611894487882], [738.1280168676399, 126.86701377580684]], '빠비백', 0.24614314678513005)]
[([[135, 133], [229, 133], [229, 153], [135, 153]], '그러니, 제가', 0.6416507189594386), ([[130, 150], [236, 150], [236, 174], [130, 174]], '시내로 들어가', 0.5602908601465106), ([[125, 173], [237, 173], [237, 193], [125, 193]], '"그것"틀과 싸위', 0.45915304278408353), ([[122, 190], [242, 190], [242, 216], [122, 216]], '주위록 고능동안', 0.101466609100321), ([[115, 213], [247, 213], [247, 233], [115, 233]], '선배는 탈출하시길', 0.9577903819985546), ([[145, 233], [213, 233], [213, 253], [145, 253]], '바람니다', 0.931107061032911), ([[710, 1110], [886, 1110], [886, 1138], [710, 1138]], '제가 창고에서 찾은', 0.9800414194917055), ([[680, 1134], [918, 1134], [918, 1164], [680, 1164]], '방쪽복은"그것"들의 공격올', 0.41482295973814054), ([[674, 1160], [924, 1160], [924, 1190], [674, 1190]], '무효화시키기에 충분합니다.', 0.8054870780983382), ([[26, 1182], [192, 1182], [192, 1210], [26, 1210]], '선배가 안전지대에', 0.999260559606652), ([[54, 1208], [162, 1208], [162, 1234], [54, 1234]], '도착올 하면', 0.2943774127292278), ([[32, 1233], [185, 1233], [185, 1259], [32, 1259]], '저도 곧 그곳으로', 0.8730005414904255), ([[36, 1258], [182, 1258], [182, 1288], [36, 1288]], '도망가켓습니다.', 0.9687589588962429)]
[([[539, 75], [559, 75], [559, 101], [539, 101]], '칼', 0.24190172401762666), ([[541, 101], [561, 101], [561, 123], [541, 123]], '각', 0.714876284598688), ([[643, 111], [663, 111], [663, 137], [643, 137]], '찰', 0.24574777268242887), ([[856, 106], [894, 106], [894, 130], [856, 130]], '다른', 0.9997936552656709), ([[643, 137], [663, 137], [663, 161], [643, 161]], '각', 0.9471179370630125), ([[846, 128], [902, 128], [902, 152], [846, 152]], '방법은', 0.9449419975280762), ([[853, 151], [897, 151], [897, 171], [853, 171]], '없어', 0.9999570104851716), ([[42, 168], [154, 168], [154, 192], [42, 192]], '하지만 무게가', 0.7133926440638803), ([[762, 172], [856, 172], [856, 198], [762, 198]], '이 방쪽부은', 0.2655829354836254), ([[42, 190], [154, 190], [154, 214], [42, 214]], '너무 무거워서', 0.7946732700181308), ([[780, 196], [836, 196], [836, 220], [780, 220]], '확실히', 0.9999567777014667), ([[34, 212], [162, 212], [162, 238], [34, 238]], '기동성은 떨어저', 0.9652243361394846), ([[765, 215], [850, 215], [850, 243], [765, 243]], '"그것"들의', 0.9974626552747844), ([[34, 234], [160, 234], [160, 258], [34, 258]], '선배와 만날수도', 0.8607142262825455), ([[199, 233], [219, 233], [219, 259], [199, 259]], '칼', 0.3449896277460063), ([[762, 238], [856, 238], [856, 264], [762, 264]], '공격은 듣지', 0.8802416665318514), ([[68, 256], [126, 256], [126, 280], [68, 280]], '없젠지.', 0.36015376448631287), ([[201, 257], [221, 257], [221, 281], [201, 281]], '각', 0.7255970957926507), ([[788, 260], [828, 260], [828, 284], [788, 284]], '않아', 0.9994544105018858), ([[802, 458], [866, 458], [866, 484], [802, 484]], '얼마나', 0.9996572568034597), ([[772, 484], [894, 484], [894, 508], [772, 508]], '아이러니하고', 0.9998267908158521), ([[756, 508], [908, 508], [908, 538], [756, 538]], '곰직한 결말인가.', 0.7268518798073633), ([[792, 534], [880, 534], [880, 560], [792, 560]], '\'그것"들에', 0.9953535235953768), ([[792, 558], [876, 558], [876, 588], [792, 588]], '둘러쌓여', 0.3084075450897217), ([[758, 582], [906, 582], [906, 610], [758, 610]], '탈진으로 죽다니', 0.9781983550968839), ([[647, 617], [707, 617], [707, 637], [647, 637]], '하지만', 0.9998829975408677), ([[644, 636], [720, 636], [720, 662], [644, 662]], '내 목숨올', 0.9374488348878971), ([[626, 658], [738, 658], [738, 682], [626, 682]], '대가로 선배률', 0.522453310606242), ([[646, 680], [718, 680], [718, 704], [646, 704]], '지킬수만', 0.24776171147823334), ([[646, 702], [704, 702], [704, 726], [646, 726]], '있다면.', 0.7665006518363953), ([[644, 722], [720, 722], [720, 748], [644, 748]], '이 결정올', 0.4709610004283623), ([[638, 746], [726, 746], [726, 770], [638, 770]], '후회하지논', 0.6389699456393098), ([[660, 768], [702, 768], [702, 792], [660, 792]], '않아', 0.9998645427161442), ([[78, 1164], [140, 1164], [140, 1188], [78, 1188]], '안녕히.', 0.671840250492096), ([[64, 1186], [160, 1186], [160, 1210], [64, 1210]], '사에코 선배', 0.9852077089101968), ([[462, 1332], [518, 1332], [518, 1358], [462, 1358]], ')', 0.20045102895085964)]
[]
[]
[([[505, 979], [805, 979], [805, 1015], [505, 1015]], '*-- -- 7위 [장다 2', 0.0007339975306541261), ([[504, 1018], [604, 1018], [604, 1046], [504, 1046]], '출볶 ##', 0.07816931103145307), ([[506, 1042], [626, 1042], [626, 1070], [506, 1070]], '팬등 -^도3+)', 0.000768704816258848), ([[504, 1066], [654, 1066], [654, 1094], [504, 1094]], '값름 3*5+사', 0.03273066872590012), ([[506, 1090], [628, 1090], [628, 1116], [506, 1116]], '*사 %맥나`아', 0.0004856428129856148), ([[504, 1114], [626, 1114], [626, 1144], [504, 1144]], '쭉;-품 %#', 0.009415282679247891), ([[506, 1135], [776, 1135], [776, 1168], [506, 1168]], "쭉수수- +-710 '서4--네-]", 0.0012700854725167196), ([[506, 1164], [702, 1164], [702, 1190], [506, 1190]], '위 룹++ :/ | 리응어<-', 9.157200409919804e-05), ([[506, 1186], [794, 1186], [794, 1216], [506, 1216]], '채#움소 가리응기_{서@영하`어-.-어.;명', 9.672820245354175e-06), ([[506, 1212], [610, 1212], [610, 1238], [506, 1238]], '티류 "이괴0', 0.0018684721055090034), ([[506, 1232], [858, 1232], [858, 1264], [506, 1264]], '2011 쇼 12 벼 31 타*]#표쭉 1 폐찢;7', 0.012356152857350613), ([[506, 1282], [660, 1282], [660, 1312], [506, 1312]], '[ 습0###로륙', 0.03557871115010949), ([[672, 1282], [724, 1282], [724, 1312], [672, 1312]], '#빛', 0.6425425960535563), ([[734, 1282], [886, 1282], [886, 1310], [734, 1310]], '#도축+손한처나', 0.0008506759804093141)]
