558313
12
[([[339, 743], [669, 743], [669, 823], [339, 823]], '[8*매오몸,--얹입]', 5.408685855444237e-06), ([[799, 1327], [945, 1327], [945, 1342], [799, 1342]], "(7주벼 & 8서어친7 (질7'$", 0.008305254290118438), ([[522.0759931346034, 436.05354095759], [635.8946213208443, 475.70579978346814], [611.9240068653966, 537.9464590424101], [498.1053786791557, 498.29420021653186]], '닦10', 0.03216207380949639), ([[347.6407446679388, 542.1163190740452], [459.3748090281102, 441.74667910376314], [497.3592553320612, 499.88368092595476], [385.6251909718898, 600.2533208962368]], ' 마=', 0.03268006230943837)]
[([[2, 6], [69, 6], [69, 349], [2, 349]], '틀', 0.03819486347880763), ([[7, 351], [69, 351], [69, 435], [7, 435]], '6', 0.969056804746188), ([[345, 749], [673, 749], [673, 829], [345, 829]], '(8*물"몸,---꾸.', 4.784357739431932e-06), ([[0, 1226], [300, 1226], [300, 1350], [0, 1350]], '[++버처', 0.003074949347589541), ([[684, 1274], [926, 1274], [926, 1338], [684, 1338]], '-4-트~마5', 0.0006173936484448445), ([[522.1725097715042, 444.0490820806354], [638.9017252713771, 481.83115942984745], [617.8274902284958, 541.9509179193647], [501.09827472862287, 505.16884057015255]], '닦이)-', 0.0015448626363649964), ([[348.70579978346814, 555.1053786791557], [460.49640308081183, 454.8045038047061], [496.29420021653186, 509.8946213208443], [384.50359691918817, 611.1954961952939]], '(퍼신0로', 0.012233823838052955)]
[([[672, 74], [714, 74], [714, 208], [672, 208]], '술', 0.05518087219313039), ([[669, 209], [720, 209], [720, 344], [669, 344]], '품', 0.7191872831576838), ([[383, 881], [487, 881], [487, 923], [383, 923]], '새로운', 0.9637107253074646), ([[368, 939], [504, 939], [504, 983], [368, 983]], '머리피와', 0.4042067155734358), ([[361, 997], [509, 997], [509, 1041], [361, 1041]], '예뿐 옷올', 0.5892736316454319), ([[366, 1054], [476, 1054], [476, 1102], [366, 1102]], '입화다', 0.10772946225444327)]
[([[719, 69], [821, 69], [821, 111], [719, 111]], '소녀논', 0.3825117127995022), ([[700, 126], [836, 126], [836, 170], [700, 170]], '야수들의', 0.9816691279411316), ([[735, 185], [805, 185], [805, 229], [735, 229]], '앞에', 0.527002912694064), ([[685, 243], [857, 243], [857, 287], [685, 287]], '끌려나앉다', 0.1567047038291864), ([[194, 986], [410, 986], [410, 1036], [194, 1036]], '너에게 공포는', 0.7031316756588842), ([[212, 1046], [362, 1046], [362, 1094], [212, 1094]], '이미 없다', 0.9974650900133403), ([[162, 1104], [411, 1104], [411, 1152], [162, 1152]], '이제부터 일어)', 0.6087471649977542), ([[253, 1167], [323, 1167], [323, 1209], [253, 1209]], '일에', 0.991654707548129), ([[180, 1222], [379, 1222], [379, 1267], [180, 1267]], '흥미도 없다:', 0.7997231048463702)]
[([[454, 130], [502, 130], [502, 326], [454, 326]], '#', 0.03620768264721996), ([[733, 558], [795, 558], [795, 706], [733, 706]], '팎', 0.03013583323200586), ([[154, 946], [182, 946], [182, 1028], [154, 1028]], '춤', 0.1630599603262448), ([[154, 1028], [184, 1028], [184, 1158], [154, 1158]], '#', 0.0257129667186915)]
[([[599, 1135], [713, 1135], [713, 1277], [599, 1277]], '엔', 0.08473303049509529)]
[([[385, 63], [523, 63], [523, 99], [385, 99]], '멈추지 암고', 0.6804302840947954), ([[404, 110], [506, 110], [506, 142], [404, 142]], '뱉어내는', 0.9071592092514038), ([[414, 154], [494, 154], [494, 186], [414, 186]], '소변과', 0.9998394317997249), ([[401, 195], [485, 195], [485, 231], [401, 231]], '정액올', 0.9067818472416928), ([[780, 580], [806, 580], [806, 658], [780, 658]], '굶', 0.045976513956509146), ([[28, 1094], [116, 1094], [116, 1124], [28, 1124]], '양친에게', 0.7196561694145203), ([[6, 1132], [142, 1132], [142, 1160], [6, 1160]], '억지로 떨어진', 0.8536462724924498), ([[40, 1168], [108, 1168], [108, 1196], [40, 1196]], '소녀의', 0.9986095100466398), ([[6, 1204], [142, 1204], [142, 1234], [6, 1234]], '과거와 미래륙', 0.21829929901173137), ([[8, 1239], [137, 1239], [137, 1267], [8, 1267]], '셋겨버로다 .', 0.11830915752392808), ([[186, 1276], [274, 1276], [274, 1304], [186, 1304]], '-도꼴)-', 0.01389611833935044)]
[([[0, 104], [208, 104], [208, 320], [0, 320]], '#', 0.6350438692529146), ([[50, 312], [226, 312], [226, 514], [50, 514]], ';', 0.3044981860647944), ([[-10.073593736097504, 36.18051570424423], [190.25927605753412, 16.77527070666468], [193.0735937360975, 116.81948429575577], [-8.259276057534137, 137.22472929333532]], '5383', 0.08521363884210587)]
[([[756, 156], [824, 156], [824, 180], [756, 180]], '8어담!', 0.011534089222550392), ([[722, 190], [860, 190], [860, 220], [722, 220]], '커다란 자지가', 0.9333092336949615), ([[750, 228], [830, 228], [830, 254], [750, 254]], '잔뜩~0', 0.9624731540679932), ([[72, 262], [268, 262], [268, 292], [72, 292]], '뉴옥는 어리지않으면', 0.3880747560574181), ([[92, 298], [248, 298], [248, 328], [92, 328]], '흥분하지 못하는', 0.7848305405506826), ([[90, 334], [252, 334], [252, 364], [90, 364]], '변태 손님이 잔뜩', 0.8320353872471125), ([[126, 370], [216, 370], [216, 400], [126, 400]], '있으니까', 0.9654686450958252), ([[82, 408], [260, 408], [260, 436], [82, 436]], '모모에게는 매일이', 0.4690774392378324), ([[104, 446], [234, 446], [234, 472], [104, 472]], '베리마] 지라>해!', 0.00015211249399094685), ([[50, 812], [202, 812], [202, 840], [50, 840]], '오늘도 응~ 하고', 0.4079351507676013), ([[48, 848], [204, 848], [204, 878], [48, 878]], '서비스할 테니까', 0.9351370423349578), ([[36, 884], [222, 884], [222, 916], [36, 916]], '나중에 착한 애라고', 0.4838537475954948), ([[96, 922], [154, 922], [154, 948], [96, 948]], '해쥐!', 0.9769982019857242), ([[145.58332560924964, 1120.0916071912222], [214.70368391987677, 1081.0225308499223], [283.41667439075036, 1218.9083928087778], [215.29631608012323, 1258.9774691500777]], '숲', 0.6985051347957238)]
[([[680, 104], [798, 104], [798, 134], [680, 134]], '자지에 중은', 0.7152578203033115), ([[691, 141], [785, 141], [785, 167], [691, 167]], '냄새가 나', 0.7407105973088021), ([[686, 178], [792, 178], [792, 204], [686, 204]], "11어요@ '+!", 0.004424533490006191), ([[286, 630], [352, 630], [352, 660], [286, 660]], '우와아', 0.6245148777961731), ([[270, 668], [364, 668], [364, 696], [270, 696]], '원가 엄청', 0.790769813799642), ([[284, 704], [350, 704], [350, 732], [284, 732]], '뜨겁고', 0.9730026125907898), ([[250, 740], [388, 740], [388, 770], [250, 770]], '딱딱하게 맺에', 0.29110409982157975), ([[58, 804], [194, 804], [194, 834], [58, 834]], '손님의 자지는', 0.6529116435000709), ([[58, 840], [194, 840], [194, 870], [58, 870]], '금방 엄청나게', 0.9952613267826301), ([[62, 876], [190, 876], [190, 908], [62, 908]], '딱딱해지논데', 0.9669165131270399), ([[54, 914], [198, 914], [198, 944], [54, 944]], '어린 애의 몸이', 0.8188377829203415), ([[46, 950], [206, 950], [206, 980], [46, 980]], '기분 중은 걸까?', 0.5448984190232621), ([[85.34663692427952, 277.01256003126764], [280.11527210684824, 462.58723684960825], [181.65336307572048, 570.9874399687324], [-14.115272106848238, 385.41276315039175]], '나"창:나', 0.00019976479726151032)]
[([[122, 270], [190, 270], [190, 300], [122, 300]], '한번에', 0.9991406252769159), ([[146, 234], [234, 234], [234, 264], [146, 264]], '엄마처럼', 0.9978065490722656), ([[190, 270], [238, 270], [238, 300], [190, 300]], '많은', 0.475930263938638), ([[348, 124], [470, 124], [470, 364], [348, 364]], '및', 0.0034188667508719406), ([[744, 0], [868, 0], [868, 260], [744, 260]], '꼴', 0.04870354206826821), ([[124, 306], [230, 306], [230, 336], [124, 336]], '자지름 양 ~', 0.35084627697078563), ([[122, 342], [238, 342], [238, 372], [122, 372]], '할 수있다면', 0.9824420120077223), ([[124, 380], [222, 380], [222, 408], [124, 408]], '중율들데 .', 0.05016480704020758), ([[164, 702], [314, 702], [314, 870], [164, 870]], '#', 0.21104592131092748), ([[704, 770], [840, 770], [840, 800], [704, 800]], '모모코의 입은', 0.980981953150365), ([[704, 806], [842, 806], [842, 836], [704, 836]], '아직 작으니까', 0.8879648676066775), ([[700, 842], [846, 842], [846, 874], [700, 874]], '그결 할 수 없에', 0.598724646258531), ([[114, 920], [202, 920], [202, 948], [114, 948]], '그러니까', 0.999516487121582), ([[114, 956], [200, 956], [200, 986], [114, 986]], '모모코는', 0.9365463256835938), ([[124, 992], [190, 992], [190, 1022], [124, 1022]], '열심히', 0.9998308288003422), ([[102, 1028], [212, 1028], [212, 1058], [102, 1058]], '확아줄게0', 0.7483988530985255)]
[([[682, 18], [820, 18], [820, 48], [682, 48]], '그러니까 만약', 0.548474699000226), ([[716, 56], [782, 56], [782, 84], [716, 84]], '뉴욕의', 0.9130961464996694), ([[694, 92], [804, 92], [804, 120], [694, 120]], '답^위0점에', 0.003952161517043211), ([[108, 136], [152, 136], [152, 162], [108, 162]], '궁고+', 0.06213041361876413), ([[682, 128], [818, 128], [818, 158], [682, 158]], '온다면 가볍게', 0.6572608530851966), ([[62, 172], [200, 172], [200, 202], [62, 202]], '이건 비밀이야', 0.9991858384634336), ([[706, 164], [792, 164], [792, 192], [706, 192]], '모모코틀', 0.44561001658439636), ([[86, 208], [176, 208], [176, 238], [86, 238]], '들켜다간', 0.3618345856666565), ([[300, 170], [388, 170], [388, 248], [300, 248]], '값', 0.01877645872984801), ([[702, 202], [790, 202], [790, 230], [702, 230]], '변서로서', 0.9991448521614075), ([[88, 246], [170, 246], [170, 272], [88, 272]], '5하판에 게', 0.039139418431584604), ([[698, 232], [801, 232], [801, 270], [698, 270]], '사용해쥐 !', 0.9551606551643025), ([[46, 280], [214, 280], [214, 310], [46, 310]], '잡혀가버리니까이', 0.765558014267345), ([[689, 1195], [773, 1195], [773, 1289], [689, 1289]], '05', 0.09974132236395963), ([[776, 1237], [849, 1237], [849, 1280], [776, 1280]], '[`', 0.009458079793992588), ([[775.0513167019495, 1267.1539501058485], [827.8673370261658, 1276.1177424534874], [822.9486832980505, 1302.8460498941515], [770.1326629738342, 1293.8822575465126]], '~쉬2리3', 0.002180223260646012)]
