563629
37
[([[52, 564], [380, 564], [380, 638], [52, 638]], '"털-위-포설', 0.0003510208118626561), ([[54, 628], [254, 628], [254, 654], [54, 654]], '"서사.이큰어020050814', 0.0010661521715371622), ([[45, 1157], [67, 1157], [67, 1175], [45, 1175]], '03', 0.9984654411620509)]
[([[793, 533], [817, 533], [817, 553], [793, 553]], '06', 0.9985028509379158)]
[([[106, 592], [462, 592], [462, 646], [106, 646]], '[자신올 밑길 자 . 6 ]', 0.28263069131592855), ([[223, 641], [345, 641], [345, 661], [223, 661]], "'즌 길0어비", 0.0004015890375038823)]
[([[91, 117], [143, 117], [143, 153], [91, 153]], '저클', 0.4643420597043436), ([[107, 611], [163, 611], [163, 649], [107, 649]], '어절', 0.9649750505528496), ([[91, 651], [179, 651], [179, 691], [91, 691]], '셈이죄', 0.8941360847274576), ([[296, 1028], [322, 1028], [322, 1054], [296, 1054]], "'꼭", 0.41977482885407874), ([[260, 1060], [348, 1060], [348, 1090], [260, 1090]], '말로 해야', 0.9985305933847118), ([[260, 1092], [324, 1092], [324, 1124], [260, 1124]], '알켜나', 0.276630827042103), ([[55, 1153], [77, 1153], [77, 1169], [55, 1169]], '08', 0.993401814157524)]
[([[624, 118], [714, 118], [714, 150], [624, 150]], '그남자는', 0.7276697158813477), ([[610, 150], [730, 150], [730, 182], [610, 182]], '농처버럿지만', 0.29309294269641345), ([[626, 182], [702, 182], [702, 214], [626, 214]], '그만큼 .', 0.9563652701695529), ([[708, 972], [770, 972], [770, 1002], [708, 1002]], '즐겁계', 0.5472434346957764), ([[139, 1001], [201, 1001], [201, 1037], [139, 1037]], '그 ', 0.43396664622540265), ([[690, 1000], [783, 1000], [783, 1037], [690, 1037]], '해달라고', 0.9997304677963257), ([[121, 1047], [223, 1047], [223, 1089], [121, 1089]], '그만   !', 0.599783042576744), ([[466, 1134], [560, 1134], [560, 1209], [466, 1209]], '성한', 0.002297950221086705), ([[101.62325944075158, 126.02374958193751], [127.32769765560656, 120.01795133398028], [147.37674055924842, 210.9762504180625], [121.67230234439344, 216.98204866601972]], '#', 0.20043194888120652), ([[63.522302683526135, 229.03827663786205], [89.35885064773548, 218.02153962379558], [118.47769731647386, 296.96172336213795], [91.64114935226452, 306.97846037620445]], '7', 0.0056958840431025615)]
[([[303, 185], [393, 185], [393, 227], [303, 227]], '크"욕', 0.951130343009053), ([[101, 619], [159, 619], [159, 659], [101, 659]], '씨발:', 0.9755007089062048), ([[92, 662], [168, 662], [168, 694], [92, 694]], '"이"', 0.8723750917097124), ([[103, 701], [165, 701], [165, 737], [103, 737]], '여자:', 0.627308625977098), ([[475, 1013], [555, 1013], [555, 1051], [475, 1051]], '존나 ', 0.5135491051735851), ([[441, 1049], [567, 1049], [567, 1091], [441, 1091]], '절어주는군', 0.8043803847142722)]
[([[739, 285], [785, 285], [785, 321], [739, 321]], '웨', 0.04460356384968467), ([[682, 556], [752, 556], [752, 584], [682, 584]], '"어이', 0.9280804085950913), ([[686, 588], [750, 588], [750, 620], [686, 620]], '입에다', 0.9981768972452102), ([[66, 622], [205, 622], [205, 659], [66, 659]], '씨발 이년의 ', 0.5985840699177241), ([[678, 620], [748, 620], [748, 652], [678, 652]], '넣으면 .', 0.8801818634057114), ([[66, 658], [208, 658], [208, 690], [66, 690]], '최상품 입보지에', 0.9561939338489568), ([[63, 687], [209, 687], [209, 723], [63, 723]], '수서박지 않으면', 0.3818488602362713), ([[50, 722], [206, 722], [206, 754], [50, 754]], '못 참계단 말이다 :', 0.4075840285157679)]
[([[734, 960], [786, 960], [786, 990], [734, 990]], '그 ', 0.15362068449839686), ([[79, 1089], [153, 1089], [153, 1125], [79, 1125]], '우움', 0.5096236838683856)]
[([[52, 426], [132, 426], [132, 454], [52, 454]], '하  아', 0.441659539937973), ([[120, 408], [216, 408], [216, 514], [120, 514]], '스', 0.10584018360568681), ([[621, 529], [667, 529], [667, 565], [621, 565]], '""우', 0.4530500373229692), ([[626, 572], [672, 572], [672, 604], [626, 604]], '푸 ', 0.7273898882979712), ([[197, 731], [253, 731], [253, 771], [197, 771]], "'슬슬", 0.8653189197775801), ([[177, 771], [255, 771], [255, 809], [177, 809]], '이쪽도', 0.9983158920985652), ([[173, 813], [253, 813], [253, 849], [173, 849]], '산다   .', 0.2706263559390627), ([[763, 1059], [799, 1059], [799, 1099], [763, 1099]], '1?', 0.21620134268437857), ([[65.19643858065129, 35.026934851704254], [224.96032289154772, 113.02497367731948], [176.8035614193487, 207.97306514829575], [17.039677108452295, 129.97502632268052]], '시천', 0.004291997223581024)]
[([[245, 435], [293, 435], [293, 473], [245, 473]], '아', 0.9996155869916414), ([[663, 757], [789, 757], [789, 797], [663, 797]], '시싫어:', 0.9850912690162659), ([[675, 797], [795, 797], [795, 837], [675, 837]], '\'싫어" 어:', 0.4275667384580404), ([[70.31700003178041, 293.03340032416014], [128.53990926380138, 288.4770512088737], [137.6829999682196, 408.96659967583986], [79.46009073619861, 414.5229487911263]], '#', 0.02393411742501983)]
[([[89, 375], [151, 375], [151, 411], [89, 411]], "아'", 0.34708688381487424), ([[649, 811], [769, 811], [769, 853], [649, 853]], '우   아앗', 0.4131117686134546), ([[529, 1059], [773, 1059], [773, 1211], [529, 1211]], '[33', 0.02169279598816853)]
[]
[([[701, 213], [803, 213], [803, 257], [701, 257]], '"관수', 0.6252264154491151), ([[694, 262], [794, 262], [794, 292], [694, 292]], '"아 실레:', 0.9594808700766653), ([[536, 806], [638, 806], [638, 838], [536, 838]], "'상관없다  ", 0.8573121959597381), ([[556, 840], [612, 840], [612, 868], [556, 868]], '뭐냐?', 0.5944309234619141), ([[334, 956], [398, 956], [398, 988], [334, 988]], '그것이', 0.9907802731764007), ([[791, 1155], [815, 1155], [815, 1175], [791, 1175]], '20', 0.9999608879486127)]
[([[452, 108], [510, 108], [510, 136], [452, 136]], '아아 ', 0.5645773963597418), ([[460, 140], [510, 140], [510, 170], [460, 170]], '또한', 0.9994627542542959), ([[450, 172], [502, 172], [502, 204], [450, 204]], '발이:', 0.533130922296471), ([[142, 684], [186, 684], [186, 712], [142, 712]], '흙:', 0.40974285267889), ([[96, 714], [222, 714], [222, 746], [96, 746]], '기습할 생각은', 0.8613567178748546), ([[102, 748], [216, 748], [216, 780], [102, 780]], '업는것 같군.', 0.3904498020304033)]
[([[102, 285], [232, 285], [232, 315], [102, 315]], '제 제자입니다', 0.9602832470345705), ([[82, 678], [170, 678], [170, 710], [82, 710]], '그시점에', 0.9969176054000854), ([[94, 710], [156, 710], [156, 742], [94, 742]], '보고릇', 0.10301073677455616), ([[84, 742], [172, 742], [172, 774], [84, 774]], '햇어야지:', 0.1517845323831513), ([[369, 902], [467, 902], [467, 934], [369, 934]], '다리로부터', 0.9998068483677612), ([[732, 914], [814, 914], [814, 946], [732, 946]], '시작되나', 0.5131316184997559), ([[368, 934], [470, 934], [470, 966], [368, 966]], '정시연락도', 0.994201503539016), ([[376, 968], [440, 968], [440, 998], [376, 998]], '없어서:', 0.9898416846646647), ([[47, 1153], [69, 1153], [69, 1173], [47, 1173]], '23', 0.9990070803973543), ([[260.02985749985464, 115.11942999941867], [367.79647052769553, 51.13997332394777], [380.97014250014536, 82.88057000058133], [274.20352947230447, 146.86002667605223]], '여너국국년소&', 0.0001709539204686828), ([[534.7350889359326, 227.20526680779795], [669.1471553265595, 168.53111090761283], [681.2649110640674, 204.79473319220205], [546.8528446734405, 264.46888909238714]], '권건:,', 0.001121176639571786), ([[37.22700492062289, 1075.0332570792255], [101.52541812919848, 1047.0153499907058], [163.7729950793771, 1208.9667429207745], [98.47458187080152, 1235.9846500092942]], '?', 0.4073142847427711)]
[([[89, 651], [171, 651], [171, 689], [89, 689]], '진장   !', 0.21131935811493133), ([[183, 889], [247, 889], [247, 929], [183, 929]], '젠장', 0.18834836384288697)]
[([[292, 660], [392, 660], [392, 690], [292, 690]], '자주 쓰는', 0.971472069459052), ([[305, 689], [351, 689], [351, 725], [305, 725]], '팔을:', 0.7978565342034732), ([[612, 948], [660, 948], [660, 980], [612, 980]], '방심', 0.99986133968425), ([[586, 980], [672, 980], [672, 1012], [586, 1012]], '햇습니다.', 0.6930977298985777), ([[787, 1153], [809, 1153], [809, 1173], [787, 1173]], '20', 0.43327311149040487)]
[([[92, 228], [138, 228], [138, 258], [92, 258]], '여기', 0.999957853411632), ([[62, 260], [164, 260], [164, 292], [62, 292]], '남젯습니다.', 0.4726689202546888), ([[62, 292], [166, 292], [166, 324], [62, 324]], '당신은 어서', 0.9772518770844623), ([[760, 284], [806, 284], [806, 316], [760, 316]], '한참', 0.9996067082656621), ([[62, 324], [162, 324], [162, 356], [62, 356]], '도망가세요', 0.9999545247291588), ([[740, 316], [822, 316], [822, 348], [740, 348]], '찾있어요', 0.15592283010482788), ([[477, 345], [531, 345], [531, 381], [477, 381]], '저논', 0.5133968802929019), ([[760, 348], [804, 348], [804, 380], [760, 380]], '빨리', 0.9992501836821652), ([[739, 377], [810, 377], [810, 414], [739, 414]], '여기서:', 0.9253674149513245), ([[98, 528], [140, 528], [140, 556], [98, 556]], "'저기", 0.6610042348815762), ([[78, 560], [140, 560], [140, 592], [78, 592]], '스승님', 0.9995065373693056), ([[70, 592], [154, 592], [154, 624], [70, 624]], '대체 무슨', 0.9997497959760653), ([[80, 624], [140, 624], [140, 654], [80, 654]], '일이', 0.9978897699700915), ([[46, 800], [70, 800], [70, 824], [46, 824]], '29', 0.917910512129312)]
[([[785, 451], [809, 451], [809, 471], [785, 471]], '34', 0.9360732566495396)]
[([[792, 1152], [818, 1152], [818, 1176], [792, 1176]], '36', 0.9598480055390246)]
[]
[([[49, 1149], [71, 1149], [71, 1169], [49, 1169]], '38', 0.9625440623509788)]
[([[43, 1153], [67, 1153], [67, 1173], [43, 1173]], '39', 0.8922081219530771)]
[([[396, 846], [470, 846], [470, 878], [396, 878]], '"여행올', 0.3454864025115967), ([[376, 878], [462, 878], [462, 910], [376, 910]], '계속하조', 0.9927172660827637), ([[162, 1130], [206, 1130], [206, 1154], [162, 1154]], '@"어', 0.029503713918343197), ([[793, 1151], [815, 1151], [815, 1169], [793, 1169]], '40', 0.999992329282188)]
[]
[([[52, 1135], [310, 1135], [310, 1160], [52, 1160]], '여기서부터논 복사본의 재수록입니다.', 0.7057348584050576), ([[417, 1185], [439, 1185], [439, 1203], [417, 1203]], '42', 0.9999535429216754)]
[([[415, 1185], [437, 1185], [437, 1203], [415, 1203]], '4', 0.9935914761301525)]
[([[413, 1185], [437, 1185], [437, 1205], [413, 1205]], '46', 0.9985085803992992)]
[([[236, 156], [298, 156], [298, 186], [236, 186]], '요리도', 0.9999778382169381), ([[232, 186], [300, 186], [300, 218], [232, 218]], '잘하지,', 0.7066550254821777), ([[222, 220], [308, 220], [308, 252], [222, 252]], '성실하지', 0.9998881816864014), ([[222, 252], [294, 252], [294, 284], [222, 284]], '귀엽지.', 0.6622338891029358), ([[114, 544], [158, 544], [158, 574], [114, 574]], '뭐-', 0.759913925762261), ([[422, 551], [546, 551], [546, 583], [422, 583]], '트레이즈 군은', 0.9892141568505798), ([[104, 576], [146, 576], [146, 604], [104, 604]], '그래', 0.9999922449886813), ([[412, 584], [538, 584], [538, 616], [412, 616]], '빠퀴빠릿하네:', 0.12224416367872044), ([[222, 788], [286, 788], [286, 820], [222, 820]], '저렇게', 0.84579667677656), ([[212, 820], [298, 820], [298, 852], [212, 852]], '좋은 애틀', 0.6203854708712802), ([[214, 852], [294, 852], [294, 884], [214, 884]], '잡아농고', 0.9308626055717468), ([[218, 884], [292, 884], [292, 916], [218, 916]], '뭐라고?', 0.9892333149909973), ([[201, 912], [303, 912], [303, 949], [201, 949]], "'여행 중에", 0.8656769577614102), ([[88, 946], [156, 946], [156, 976], [88, 976]], '그얘긴', 0.8829362571735033), ([[186, 948], [326, 948], [326, 980], [186, 980]], '실수햇다간_  ?', 0.42340291364627625), ([[80, 978], [164, 978], [164, 1010], [80, 1010]], '뜻다니까', 0.3127410411834717)]
[([[684, 70], [772, 70], [772, 102], [684, 102]], '난유호한', 0.7554739117622375), ([[694, 102], [758, 102], [758, 132], [694, 132]], '실전올', 0.7980929017066956), ([[676, 134], [778, 134], [778, 166], [676, 166]], '가르쳐주는', 0.6716615299770046), ([[694, 166], [758, 166], [758, 196], [694, 196]], '건데', 0.9524064564075516), ([[144, 618], [224, 618], [224, 646], [144, 646]], '""아빠도', 0.46094956706340934), ([[122, 650], [232, 650], [232, 682], [122, 682]], '신사없어  :?', 0.5918956139618372), ([[442, 978], [526, 978], [526, 1008], [442, 1008]], "'그이는:", 0.42286535742984294), ([[418, 1010], [542, 1010], [542, 1042], [418, 1042]], '신사라기 보단', 0.9987214738979014), ([[426, 1042], [530, 1042], [530, 1074], [426, 1074]], '문감  햇지', 0.6982587335679015)]
[([[525, 61], [547, 61], [547, 81], [525, 81]], '50', 0.9774142610737651), ([[618, 96], [674, 96], [674, 124], [618, 124]], '하아 ', 0.5952396392822266), ([[165, 395], [233, 395], [233, 459], [165, 459]], '나', 0.07501841955685506), ([[198, 552], [228, 552], [228, 586], [198, 586]], '우', 0.9999897480273745), ([[176, 590], [204, 590], [204, 628], [176, 628]], '음', 0.9946795134241349), ([[408, 702], [460, 702], [460, 730], [408, 730]], '"애"', 0.780144215944103), ([[394, 734], [476, 734], [476, 766], [394, 766]], "엘리  '손", 0.47424417196136986), ([[436, 1091], [559, 1091], [559, 1169], [436, 1169]], '##옛', 0.004988992254110939), ([[68.96320313195125, 311.09025785212214], [152.5845089606421, 326.80608576546206], [141.03679686804875, 379.90974214787786], [57.41549103935792, 364.19391423453794]], '스2', 0.024739466075000972)]
[([[688, 364], [752, 364], [752, 396], [688, 396]], '엘리손', 0.3233611285686493), ([[702, 400], [762, 400], [762, 424], [702, 424]], '"나"\'', 0.4742622673511505), ([[700, 428], [756, 428], [756, 456], [700, 456]], '이제:', 0.6401424361255641), ([[91, 733], [213, 733], [213, 793], [91, 793]], '까맛?', 0.7046353345090817), ([[574, 988], [650, 988], [650, 1016], [574, 1016]], '"진짜 !', 0.9546448654950549), ([[539, 1018], [673, 1018], [673, 1050], [539, 1050]], '쌀 때는 더 빨리', 0.7737516859748046), ([[540, 1052], [676, 1052], [676, 1082], [540, 1082]], '말 하란 말이야', 0.7506417549318158), ([[120, 1078], [162, 1078], [162, 1106], [120, 1106]], '미안', 0.999389178231775)]
[([[144, 94], [198, 94], [198, 178], [144, 178]], '', 0.0), ([[82, 378], [168, 378], [168, 410], [82, 410]], '좀   빨리', 0.5213957320292218), ([[74, 410], [168, 410], [168, 442], [74, 442]], '넣으라고: ', 0.5858124042750081), ([[521, 999], [575, 999], [575, 1035], [521, 1035]], '부; ', 0.32438109527707215), ([[461, 1039], [639, 1039], [639, 1077], [461, 1077]], '부끄러우니까  .', 0.4427619435171283), ([[795, 1153], [817, 1153], [817, 1173], [795, 1173]], '52', 0.9999758077946654)]
[([[107, 207], [203, 207], [203, 273], [107, 273]], '어:', 0.39802654596024484), ([[424, 228], [448, 228], [448, 258], [424, 258]], '응', 0.9998529011466104), ([[406, 260], [452, 260], [452, 292], [406, 292]], '정말:', 0.9762698610665019), ([[382, 292], [472, 292], [472, 324], [382, 324]], '빌도 차암:', 0.8487350625050284), ([[80, 494], [132, 494], [132, 522], [80, 522]], '""어"', 0.3128921091556549), ([[156, 538], [208, 538], [208, 592], [156, 592]], '[', 0.3500998820854342), ([[579, 709], [687, 709], [687, 763], [579, 763]], '엄마는', 0.9551988176993205), ([[554, 762], [714, 762], [714, 815], [554, 815]], '너무 야해', 0.9646752124859846), ([[542, 818], [728, 818], [728, 872], [542, 872]], '호색한이야', 0.8598179333274438), ([[574, 872], [690, 872], [690, 922], [574, 922]], '이에로', 0.6700188579046301), ([[414, 926], [478, 926], [478, 956], [414, 956]], '기운이', 0.9994256731745322), ([[570, 924], [700, 924], [700, 980], [570, 980]], '대마행', 0.6995736737524766), ([[396, 958], [496, 958], [496, 990], [396, 990]], '넘치는구나', 0.6234099760055695), ([[402, 990], [468, 990], [468, 1020], [402, 1020]], '리리아:', 0.9846380352973938), ([[787, 1145], [809, 1145], [809, 1165], [787, 1165]], '54', 0.9990845246475876)]
[([[417, 586], [583, 586], [583, 711], [417, 711]], '쇼', 0.1064838428260515), ([[97, 773], [258, 773], [258, 809], [97, 809]], '서설내이거미:', 0.000941951883059507), ([[417, 1187], [441, 1187], [441, 1207], [417, 1207]], '56', 0.9991784882042631)]
[([[528, 526], [822, 526], [822, 578], [528, 578]], '-러`설:-4-7설', 5.560725975889363e-05), ([[580, 580], [814, 580], [814, 604], [580, 604]], '?-서시.꾸어:어020050814', 0.0036615874267393266), ([[642, 658], [812, 658], [812, 686], [642, 686]], "[,1+.응 퍽거 하:어'5", 0.00010969530634238263), ([[789, 1151], [811, 1151], [811, 1171], [789, 1171]], '50', 0.59363217865165)]
[([[257, 585], [601, 585], [601, 617], [257, 617]], '[_예시([?어간)020050814', 0.0009969987790446242)]
