566074
11
[([[17, 1199], [739, 1199], [739, 1355], [17, 1355]], '[@@-(형탁-;|', 5.5071264343870815e-06), ([[61, 1328], [654, 1328], [654, 1381], [61, 1381]], "냐스 ' 한요억해 한 리", 0.00011561461474814485), ([[873, 1509], [1044, 1509], [1044, 1549], [873, 1549]], '게이버님 만세', 0.7265451436562219), ([[872, 1546], [1096, 1546], [1096, 1578], [872, 1578]], '2번째 번역 동인지!', 0.7872998315876887)]
[([[10, 610], [732, 610], [732, 762], [10, 762]], '[0형-킬 `*|', 0.00031236448634698426), ([[412.2615671873028, 989.016045307964], [546.8618710460481, 1004.1528522983571], [514.7384328126972, 1252.983954692036], [381.1381289539518, 1236.847147701643]], '7', 0.616458543632703)]
[]
[([[951, 169], [971, 169], [971, 195], [951, 195]], '잇', 0.986965147829266), ([[573, 283], [593, 283], [593, 307], [573, 307]], '와', 0.09445772665135), ([[599, 681], [613, 681], [613, 705], [599, 705]], '응', 0.9992904730011141), ([[595, 723], [611, 723], [611, 749], [595, 749]], '후', 0.9998114197953925), ([[597, 747], [613, 747], [613, 773], [597, 773]], '응', 0.9991879920164912), ([[173, 949], [193, 949], [193, 991], [173, 991]], '벤', 0.06405392666275489), ([[172, 1000], [196, 1000], [196, 1066], [172, 1066]], '#', 0.006347497199589436), ([[196, 947], [221, 947], [221, 1052], [196, 1052]], '}', 0.09985992692421153), ([[199, 1061], [219, 1061], [219, 1127], [199, 1127]], '"', 0.08464527816300915), ([[684.0378887356211, 215.02895301130965], [905.6525614707818, 285.6837793494106], [860.9621112643789, 412.9710469886904], [638.3474385292182, 342.3162206505894]], '8{', 0.03233872663426614)]
[([[738, 706], [784, 706], [784, 732], [738, 732]], '작 실', 0.7296335823977816), ([[736, 726], [782, 726], [782, 750], [736, 750]], '아 어', 0.9612832219343507), ([[736, 746], [760, 746], [760, 812], [736, 812]], '쥐', 0.4069609662024618), ([[739, 821], [759, 821], [759, 845], [739, 845]], '암', 0.9886575154965591), ([[808, 1114], [882, 1114], [882, 1140], [808, 1140]], '버 더 참', 0.7465654010465987), ([[810, 1136], [880, 1136], [880, 1168], [810, 1168]], '킬뜨 회', 0.13436633348464966), ([[834, 1166], [882, 1166], [882, 1190], [834, 1190]], '거 안', 0.9012914474265935), ([[810, 1180], [880, 1180], [880, 1212], [810, 1212]], '어 워히', 0.7501517723377458), ([[536, 1246], [608, 1246], [608, 1334], [536, 1334]], '5', 0.03365509928423549), ([[254, 1306], [498, 1306], [498, 1456], [254, 1456]], '서*', 0.006632389874076835), ([[540, 1494], [566, 1494], [566, 1520], [540, 1520]], '14', 0.9999621523398174)]
[([[896, 196], [920, 196], [920, 244], [896, 244]], '약', 0.6563167979013684), ([[765, 359], [827, 359], [827, 437], [765, 437]], '스', 0.3569077804286849), ([[858, 536], [882, 536], [882, 560], [858, 560]], '에', 0.9988998817797246), ([[931, 567], [951, 567], [951, 591], [931, 591]], '질', 0.9970375814149044), ([[930, 600], [954, 600], [954, 626], [930, 626]], '만', 0.9583580864566557), ([[835, 1023], [879, 1023], [879, 1069], [835, 1069]], '히', 0.8583601011362454), ([[903, 1025], [945, 1025], [945, 1067], [903, 1067]], '이', 0.9999608997352425), ([[540, 1496], [570, 1496], [570, 1524], [540, 1524]], '16', 0.9993535285646465), ([[841.5721864729179, 357.0288745891672], [1006.9691304102683, 294.6736990185298], [1031.427813527082, 358.9711254108328], [865.0308695897317, 421.3263009814702]], '78', 0.05257961268555404)]
[([[922, 110], [948, 110], [948, 148], [922, 148]], '들', 0.9991311530849458), ([[146, 130], [220, 130], [220, 234], [146, 234]], '닭품', 0.008013970691901821), ([[922, 146], [956, 146], [956, 178], [922, 178]], '어', 0.9999579195634887), ([[960, 108], [998, 108], [998, 265], [960, 265]], '륙', 0.04245161985958479), ([[147, 201], [209, 201], [209, 293], [147, 293]], '하?', 0.35852238045365975), ([[919, 176], [957, 176], [957, 283], [919, 283]], '못', 0.09313573176371026), ([[94, 380], [467, 380], [467, 536], [94, 536]], '거 ;', 0.2143848999064164), ([[105, 965], [141, 965], [141, 1007], [105, 1007]], '깊', 0.7735597274199932), ([[104, 1000], [132, 1000], [132, 1048], [104, 1048]], '은', 0.9997847196107301), ([[143, 963], [186, 963], [186, 1048], [143, 1048]], '약', 0.2518427229037776), ([[101, 1057], [143, 1057], [143, 1179], [101, 1179]], '저', 0.010680450665645547), ([[714, 982], [976, 982], [976, 1182], [714, 1182]], '} =', 0.5894573126454908), ([[185, 1225], [299, 1225], [299, 1337], [185, 1337]], '7', 0.6112467983942373), ([[665, 1291], [777, 1291], [777, 1327], [665, 1327]], '가 자 당', 0.7586235703370166), ([[664, 1326], [736, 1326], [736, 1356], [664, 1356]], '아 지', 0.9985204669626296), ([[746, 1324], [776, 1324], [776, 1388], [746, 1388]], '식', 0.9928228161150834), ([[511.9467195949905, 267.0753864918706], [668.7140534096222, 139.00910634280842], [890.0532804050096, 458.9246135081294], [733.2859465903778, 586.9908936571916]], '틀', 0.7655859892569339)]
[([[967, 159], [1007, 159], [1007, 243], [967, 243]], '완', 0.025497100870073064), ([[963, 239], [1005, 239], [1005, 425], [963, 425]], '"', 0.003389284610813059), ([[907, 423], [927, 423], [927, 467], [907, 467]], '힘', 0.0854413201860007), ([[902, 418], [958, 418], [958, 590], [902, 590]], '#', 0.317506105173436), ([[935, 569], [955, 569], [955, 611], [935, 611]], '와', 0.7063421572917186), ([[111, 605], [731, 605], [731, 825], [111, 825]], '"(뉴(', 0.0023678147699683905), ([[606, 876], [630, 876], [630, 900], [606, 900]], '까', 0.9789580632543426), ([[607, 901], [629, 901], [629, 921], [607, 921]], '아', 0.9999370584855569), ([[980, 884], [1004, 884], [1004, 930], [980, 930]], '러', 0.3241299715820247), ([[983, 929], [1003, 929], [1003, 955], [983, 955]], '면', 0.9998011687894746), ([[357, 1223], [503, 1223], [503, 1357], [357, 1357]], '다', 0.11238510261302181), ([[490, 1366], [514, 1366], [514, 1396], [490, 1396]], '번', 0.9978382362205593), ([[490, 1390], [514, 1390], [514, 1418], [490, 1418]], '엔', 0.6553606628649646), ([[540, 1494], [568, 1494], [568, 1522], [540, 1522]], '19', 0.999889071296857)]
[([[367, 139], [407, 139], [407, 175], [367, 175]], '하', 0.9991817956603235), ([[502, 304], [532, 304], [532, 338], [502, 338]], '카', 0.9961757337642929), ([[494, 390], [542, 390], [542, 488], [494, 488]], '하', 0.99792254690243), ([[960, 662], [986, 662], [986, 758], [960, 758]], ';', 0.0071193080964102595), ([[477, 973], [561, 973], [561, 1099], [477, 1099]], '5', 0.10786878822070722), ([[322, 1222], [418, 1222], [418, 1272], [322, 1272]], '하 하', 0.5647687121471456), ([[325, 1275], [369, 1275], [369, 1317], [325, 1317]], '아', 0.9997905602456605), ([[627, 1153], [871, 1153], [871, 1387], [627, 1387]], '시', 0.6769321309065255), ([[538, 1498], [568, 1498], [568, 1526], [538, 1526]], '20', 0.9999669570306657), ([[261.18529934777666, 911.0174748031968], [476.991412914086, 1049.4288296867944], [388.81470065222334, 1181.9825251968032], [173.008587085914, 1042.5711703132056]], '없', 0.008963205522230455)]
[([[315, 121], [499, 121], [499, 315], [315, 315]], '"', 0.3371811089528478), ([[293, 295], [570, 295], [570, 459], [293, 459]], '넷', 0.09097365755113529), ([[111, 519], [491, 519], [491, 699], [111, 699]], '#네', 0.007170330421516636), ([[939, 589], [977, 589], [977, 627], [939, 627]], '히', 0.805447260887604), ([[227, 907], [293, 907], [293, 1001], [227, 1001]], '자철', 0.0016087821202938504), ([[222, 966], [324, 966], [324, 1106], [222, 1106]], '뼈', 0.3694776555696535), ([[230, 1106], [260, 1106], [260, 1196], [230, 1196]], '벼', 0.30050188309349224), ([[866, 1206], [896, 1206], [896, 1314], [866, 1314]], '혀', 0.29738902137614787), ([[864, 1320], [896, 1320], [896, 1440], [864, 1440]], '설', 0.025896793569426757), ([[546, 1494], [572, 1494], [572, 1522], [546, 1522]], '21', 0.9983495071669669), ([[295.600079976008, 912.0403918824392], [315.91022211957824, 914.2191306356078], [311.399920023992, 964.9596081175608], [291.08977788042176, 962.7808693643922]], '부', 0.9835451306091869)]
[([[553, 135], [591, 135], [591, 511], [553, 511]], "'", 0.6415220334500624), ([[824, 1028], [884, 1028], [884, 1060], [824, 1060]], '6 슬랍', 0.08606791496276855), ([[542, 1494], [572, 1494], [572, 1524], [542, 1524]], '25', 0.9999928350432712)]
