569408
51
[([[0, 15], [177, 15], [177, 75], [0, 75]], '[로하하0', 0.06043806701547196), ([[796, 188], [1068, 188], [1068, 312], [796, 312]], '[류교준', 0.0023696934804320335), ([[577, 311], [1073, 311], [1073, 424], [577, 424]], '/@@기@`@@깐볕날@', 6.0915239470676885e-05), ([[70, 1335], [751, 1335], [751, 1444], [70, 1444]], '@둘@_롭기0$-_행_', 4.5712527377957786e-08), ([[785, 1397], [884, 1397], [884, 1460], [785, 1460]], '역자', 0.9963126278323028), ([[907, 1399], [1081, 1399], [1081, 1461], [907, 1461]], '리치니스', 0.46202361583709717), ([[76, 1436], [236, 1436], [236, 1484], [76, 1484]], '부미릇)', 0.15306086838245392), ([[785, 1455], [1045, 1455], [1045, 1516], [785, 1516]], '식자 : 아무개', 0.8739224025875084), ([[866.4310709188945, 1355.1553545944726], [1058.6386358586337, 1254.324985845504], [1083.5689290811056, 1320.8446454055274], [892.3613641413663, 1421.675014154496]], "예~'집", 0.00142393889836967)]
[([[0, 16], [176, 16], [176, 72], [0, 72]], '[[3교03', 0.0005406458617950657), ([[796, 186], [1068, 186], [1068, 312], [796, 312]], '[패금출탑', 0.0037629248772898245), ([[578, 311], [1073, 311], [1073, 424], [578, 424]], '@/@@`@@깐볕날@', 8.390552401584439e-05), ([[71, 1330], [751, 1330], [751, 1443], [71, 1443]], '찍둘어날어`)내박-갈-}', 5.997481843450786e-07), ([[75, 1435], [237, 1435], [237, 1483], [75, 1483]], '특미기', 0.5487902261079161)]
[([[407, 477], [639, 477], [639, 611], [407, 611]], '최즈', 0.03406799334331209), ([[411, 603], [545, 603], [545, 739], [411, 739]], '별-', 0.017392664071822148), ([[395, 740], [665, 740], [665, 808], [395, 808]], '전요],-떠', 0.00021423059024950776), ([[348, 846], [722, 846], [722, 896], [348, 896]], '5어핵 ^마신네- 어꼴4', 0.00045142629850184374), ([[44, 1322], [1016, 1322], [1016, 1379], [44, 1379]], '@3이3문이익미병어 "진0- 관;이도스준  } [_93한순풍다하|', 8.445001569878683e-07), ([[233, 1362], [818, 1362], [818, 1418], [233, 1418]], '때름@등지옷)-=@ #-어발소유다채|', 3.8818330994684716e-07)]
[([[603, 1019], [743, 1019], [743, 1127], [603, 1127]], '극', 0.35841912160069356)]
[]
[([[409, 443], [629, 443], [629, 575], [409, 575]], '2', 0.057657053191030094), ([[409, 565], [547, 565], [547, 703], [409, 703]], '소', 0.04847651138911169), ([[393, 703], [664, 703], [664, 775], [393, 775]], '전|요하미-떠', 0.00013224337095446112), ([[348, 810], [720, 810], [720, 858], [348, 858]], '5어핵 ^신네. 어꼴둥', 0.00110821668712336)]
[([[524, 770], [1041, 770], [1041, 908], [524, 908]], '(차스-8', 0.00013777228435362827), ([[456, 910], [1006, 910], [1006, 962], [456, 962]], '구~너어*] 어 ^--.-4헤) 라산+.01', 4.873542918546897e-06), ([[964, 962], [1048, 962], [1048, 1014], [964, 1014]], '050', 0.21428220902578415), ([[581, 1035], [922, 1035], [922, 1092], [581, 1092]], '고주나-} 복금', 0.003778314454182423), ([[583, 1086], [921, 1086], [921, 1129], [583, 1129]], '(서1자 깨탕속 1 품)', 0.01984875217691051), ([[580, 1203], [907, 1203], [907, 1263], [580, 1263]], '읽리귀권! 입어 -나~니듭', 1.6941862588183254e-05), ([[583, 1245], [976, 1245], [976, 1294], [583, 1294]], '()주니- ) ) #봇 01 )', 0.04209592012169404), ([[965, 1290], [1052, 1290], [1052, 1345], [965, 1345]], '470', 0.2514741326055419), ([[583, 1387], [970, 1387], [970, 1442], [583, 1442]], '쓸추사싶유 : ++ -초', 0.04963347961145121), ([[968, 1440], [1052, 1440], [1052, 1492], [968, 1492]], '69,', 0.14669346388052865), ([[968.0194193243091, 1125.0970966215455], [1051.6652778469354, 1137.2013386614224], [1042.9805806756908, 1184.9029033784545], [959.3347221530646, 1172.7986613385776]], '270', 0.8203898643660218)]
[]
[([[311, 1383], [1023, 1383], [1023, 1472], [311, 1472]], '_`_어묘--컨 스-장--', 2.116039132088507e-06)]
[([[356, 1446], [1062, 1446], [1062, 1520], [356, 1520]], '익떨_어디-`업 스-반이%)', 6.269393798381978e-06)]
[([[522, 60], [564, 60], [564, 84], [522, 84]], '아앗', 0.8954556580810817), ([[322, 86], [396, 86], [396, 112], [322, 112]], '아네요', 0.683043470004805), ([[414, 108], [492, 108], [492, 134], [414, 134]], '매일 실컷', 0.9994443829618733), ([[876, 122], [938, 122], [938, 146], [876, 146]], '딱딱해', 0.9956520464909522), ([[414, 132], [514, 132], [514, 158], [414, 158]], '고롭햇나본데', 0.21069072099364), ([[876, 148], [934, 148], [934, 172], [876, 172]], '젓잖아.', 0.515630841255188), ([[26, 168], [98, 168], [98, 198], [26, 198]], '그런 적', 0.9981029993206335), ([[26, 200], [98, 200], [98, 228], [26, 228]], '없어요', 0.9811590829344232), ([[575, 477], [617, 477], [617, 491], [575, 491]], '여기', 0.9438099060649188), ([[906, 622], [940, 622], [940, 648], [906, 648]], '흐응', 0.9938616180235625), ([[820, 736], [858, 736], [858, 762], [820, 762]], '그럼', 0.9998456617293876), ([[189, 757], [231, 757], [231, 777], [189, 777]], '우에', 0.4939485856949262), ([[820, 762], [898, 762], [898, 788], [820, 788]], '원래부터', 0.9679863452911377), ([[188, 780], [246, 780], [246, 808], [188, 808]], '올라가', 0.987372715895752), ([[822, 788], [912, 788], [912, 818], [822, 818]], '음란하다는', 0.3786527281708021), ([[820, 816], [872, 816], [872, 842], [820, 842]], '건가?', 0.9956988206746559), ([[270, 1016], [302, 1016], [302, 1044], [270, 1044]], '앗', 0.586997326906058), ([[372, 1072], [448, 1072], [448, 1098], [372, 1098]], '그러그래', 0.43029600381851196), ([[372, 1098], [456, 1098], [456, 1126], [372, 1126]], '솔직하 게', 0.9364966487739308), ([[372, 1126], [450, 1126], [450, 1152], [372, 1152]], '제일이0', 0.2984500825405121), ([[50, 1364], [102, 1364], [102, 1394], [50, 1394]], '무릎은', 0.9954580055581829), ([[50, 1390], [94, 1390], [94, 1416], [50, 1416]], '벌려', 0.9846691728421179), ([[874.3358994113244, 99.50384911698647], [924.5406699665592, 94.40469560239306], [926.6641005886756, 119.49615088301353], [876.4593300334408, 124.59530439760694]], '유두가', 0.9804922437866462), ([[-33.613291746793195, 1140.0592322436125], [97.71390953286195, 1054.011586387852], [246.61329174679318, 1319.9407677563875], [114.28609046713805, 1405.988413612148]], '개', 0.9986616085918776)]
[([[914, 112], [962, 112], [962, 138], [914, 138]], '헤에', 0.9682778890630283), ([[754, 126], [796, 126], [796, 152], [754, 152]], '아앗', 0.8437616397823676), ([[914, 140], [954, 140], [954, 164], [914, 164]], '누나', 0.9954265115549957), ([[914, 166], [984, 166], [984, 192], [914, 192]], '꼬 털이', 0.9614252774662545), ([[916, 190], [1022, 190], [1022, 218], [916, 218]], '깊이 박혀네', 0.7180758231402601), ([[232, 254], [308, 254], [308, 282], [232, 282]], '부탁이0', 0.1735112962007116), ([[232, 284], [270, 284], [270, 308], [232, 308]], '그만', 0.9999898847713415), ([[100, 504], [148, 504], [148, 530], [100, 530]], '후후후', 0.9953995397692958), ([[96, 531], [224, 531], [224, 558], [96, 558]], '보지논 어떡까?', 0.635819331667169), ([[996, 970], [1062, 970], [1062, 994], [996, 994]], '헤혜혜', 0.4910961960223708), ([[428, 982], [490, 982], [490, 1006], [428, 1006]], '처녀막', 0.8633794021253357), ([[426, 1008], [500, 1008], [500, 1036], [426, 1036]], '부서줄게', 0.25344887375831604), ([[105, 928], [189, 928], [189, 1181], [105, 1181]], '봄', 0.39375781788982067), ([[942, 1094], [1002, 1094], [1002, 1118], [942, 1118]], '역시나', 0.9780374623897139), ([[568, 1314], [610, 1314], [610, 1340], [568, 1340]], '누나', 0.9953789498494426), ([[570, 1340], [650, 1340], [650, 1366], [570, 1366]], '처녀구나.', 0.9487876165885214)]
[([[552, 114], [598, 114], [598, 140], [552, 140]], '싫어', 0.9733286566253899), ([[912, 120], [956, 120], [956, 146], [912, 146]], '어절', 0.9800995229708519), ([[427, 143], [465, 143], [465, 161], [427, 161]], '아앗', 0.884436986779018), ([[913, 149], [955, 149], [955, 167], [913, 167]], '까나', 0.9822249178312588), ([[424, 160], [508, 160], [508, 186], [424, 186]], '부탁이에요', 0.40811414441796134), ([[522, 212], [578, 212], [578, 240], [522, 240]], '아파!', 0.04522876070852928), ([[59, 241], [99, 241], [99, 261], [59, 261]], '빨리', 0.9940526253216642), ([[912, 326], [968, 326], [968, 352], [912, 352]], '아파?', 0.9994666213168053), ([[10, 366], [52, 366], [52, 390], [10, 390]], '빨리', 0.9903069764664739), ([[10, 390], [76, 390], [76, 416], [10, 416]], '끝내주요', 0.8791477680206299), ([[872, 422], [928, 422], [928, 446], [872, 446]], '하지만', 0.9994448052197537), ([[874, 449], [921, 449], [921, 469], [874, 469]], '이거.', 0.9482266530954427), ([[547, 549], [583, 549], [583, 567], [547, 567]], '역시', 0.9991448632798761), ([[547, 571], [613, 571], [613, 591], [547, 591]], '처녀라도', 0.8673297762870789), ([[546, 594], [612, 594], [612, 618], [546, 618]], '젖는구나', 0.34884360432624817), ([[598, 784], [654, 784], [654, 808], [598, 808]], '너무해', 0.6612653411337959), ([[906, 774], [964, 774], [964, 800], [906, 800]], '잠 누나', 0.9838087357247313), ([[284, 932], [358, 932], [358, 958], [284, 958]], '제 물건이', 0.8238458031408509), ([[282, 956], [352, 956], [352, 980], [282, 980]], '아니에요', 0.48824429512023926), ([[711, 1081], [765, 1081], [765, 1097], [711, 1097]], '메디나', 0.9687514820501802), ([[708, 1100], [762, 1100], [762, 1126], [708, 1126]], '누나의', 0.9995864389367024), ([[439, 1081], [579, 1081], [579, 1191], [439, 1191]], '0)', 0.8963175925662734), ([[708, 1148], [800, 1148], [800, 1174], [708, 1174]], '얼마나랗까', 0.2066889253397115), ([[711, 1127], [753, 1127], [753, 1147], [711, 1147]], '처녀,', 0.7828952670097351), ([[308, 1318], [340, 1318], [340, 1350], [308, 1350]], '힘', 0.25477221495306424), ([[736, 1322], [778, 1322], [778, 1348], [736, 1348]], '글쎄', 0.9703510472864361), ([[634, 1346], [704, 1346], [704, 1370], [634, 1370]], '시끄러워', 0.6013203859329224), ([[7.63660381892857, 1150.0066050205357], [84.17425204494704, 1140.0691827055907], [123.36339618107142, 1444.9933949794643], [46.82574795505296, 1455.9308172944093]], '군', 0.0012250229583266187)]
[([[724, 78], [806, 78], [806, 126], [724, 126]], "'이아", 0.4924869140568986), ([[611, 147], [685, 147], [685, 209], [611, 209]], '아', 0.4401210634935957), ([[261, 493], [473, 493], [473, 673], [261, 673]], '햇', 0.5864153141155839), ([[710, 518], [788, 518], [788, 606], [710, 606]], '0', 0.07216254014566914), ([[67, 687], [243, 687], [243, 725], [67, 725]], '보기미004', 0.4638937543565836), ([[648, 840], [690, 840], [690, 864], [648, 864]], '우싶!', 0.3332601591546647), ([[418, 1002], [474, 1002], [474, 1030], [418, 1030]], '촬영은', 0.9936866276940491), ([[418, 1028], [492, 1028], [492, 1056], [418, 1056]], '중단이0', 0.3477286100387573), ([[502, 1016], [600, 1016], [600, 1112], [502, 1112]], "('", 0.027518399902154447), ([[102, 1296], [156, 1296], [156, 1322], [102, 1322]], '재망든', 0.07858242190923775), ([[161, 1301], [183, 1301], [183, 1315], [161, 1315]], '게', 0.9688614261146746), ([[100, 1320], [176, 1320], [176, 1348], [100, 1348]], '떠올욱어', 0.343965083360672), ([[627.493038515975, 206.01285876470573], [698.7172258339, 195.14854653183673], [728.506961484025, 422.98714123529425], [657.2827741661, 432.8514534681633]], '양', 0.24379468950895955)]
[([[631, 131], [713, 131], [713, 167], [631, 167]], '싫어어', 0.6430369334281567), ([[597, 291], [657, 291], [657, 327], [597, 327]], '이야', 0.1793859000938848), ([[777, 499], [846, 499], [846, 539], [777, 539]], '히객', 0.10076017194259945), ([[560, 768], [622, 768], [622, 794], [560, 794]], '잘 으깨', 0.7685245730113718), ([[558, 792], [630, 792], [630, 818], [558, 818]], '젓으니까', 0.5707780718803406), ([[478, 998], [534, 998], [534, 1022], [478, 1022]], '누나의', 0.9991201176638057), ([[132, 1026], [174, 1026], [174, 1050], [132, 1050]], '사랑', 0.9987298460825992), ([[448, 1022], [566, 1022], [566, 1048], [448, 1048]], '첫경험 상대야', 0.4328591757854769), ([[132, 1052], [186, 1052], [186, 1076], [132, 1076]], '스럽지', 0.9727565163366881), ([[610, 1258], [666, 1258], [666, 1288], [610, 1288]], '귀학', 0.3777564230864509), ([[925, 1321], [945, 1321], [945, 1343], [925, 1343]], '{', 0.2071539881573905), ([[86.43926240134208, 432.9271148816105], [165.3205568261756, 417.7697752660015], [171.5607375986579, 451.0728851183895], [91.67944317382442, 467.2302247339985]], '하이이', 0.11405134855438023), ([[451.02871413764274, 1000.2516854477569], [480.8480336648438, 1004.2352964145474], [477.97128586235726, 1021.7483145522431], [448.1519663351562, 1017.7647035854526]], '자 ,', 0.6542745232582092)]
[([[490, 26], [606, 26], [606, 130], [490, 130]], '7', 0.8267069856643161), ([[373, 56], [429, 56], [429, 200], [373, 200]], '헌', 0.1336484476669284), ([[486, 136], [598, 136], [598, 236], [486, 236]], '아', 0.3744947422545444), ([[484, 236], [590, 236], [590, 334], [484, 334]], '이', 0.9387785774523003), ([[472, 329], [588, 329], [588, 538], [472, 538]], '양', 0.5597731815689713), ([[95, 599], [165, 599], [165, 635], [95, 635]], '가이', 0.28224753081309784), ([[110, 644], [180, 644], [180, 676], [110, 676]], '아이', 0.17607607905104364), ([[455, 825], [495, 825], [495, 845], [455, 845]], '이보', 0.6980934751872748), ([[392, 864], [438, 864], [438, 890], [392, 890]], '가만', 0.9999730261235074), ([[1006, 852], [1040, 852], [1040, 882], [1006, 882]], '7', 0.35379213978217194), ([[594, 870], [678, 870], [678, 900], [594, 900]], '뜨기위', 0.3690909147262573), ([[1004, 882], [1038, 882], [1038, 910], [1004, 910]], '에', 0.9974067356235992), ([[392, 892], [438, 892], [438, 920], [392, 920]], '있어', 0.9496337346160719), ([[1002, 912], [1036, 912], [1036, 942], [1002, 942]], '에', 0.9866791520693283), ([[1000, 942], [1032, 942], [1032, 972], [1000, 972]], '에', 0.9934713459699651), ([[518, 978], [572, 978], [572, 1004], [518, 1004]], '뜨거', 0.6698087146479662), ([[998, 972], [1030, 972], [1030, 1008], [998, 1008]], '액', 0.8914736434877), ([[528, 1014], [588, 1014], [588, 1044], [528, 1044]], '위어', 0.9947013730792408), ([[363, 1349], [459, 1349], [459, 1393], [363, 1393]], '70', 0.7362461068391531), ([[921, 1375], [1000, 1375], [1000, 1420], [921, 1420]], '보기', 0.6912696940420663), ([[347, 1401], [475, 1401], [475, 1437], [347, 1437]], '7이0(04', 0.16392220675349364), ([[906, 1422], [1049, 1422], [1049, 1464], [906, 1464]], '회생입어어', 0.4106657071457197)]
[([[103, 84], [204, 84], [204, 434], [103, 434]], '#', 0.09870788428101207), ([[871, 239], [915, 239], [915, 397], [871, 397]], '&', 0.025294922050946633), ([[107, 427], [181, 427], [181, 491], [107, 491]], '이', 0.6213089790121309), ([[482, 1156], [540, 1156], [540, 1180], [482, 1180]], '나머진', 0.9944371214610023), ([[482, 1180], [536, 1180], [536, 1204], [482, 1204]], '식혀서', 0.6672338247299194), ([[97, 1381], [189, 1381], [189, 1401], [97, 1401]], '딱딱해지면', 0.9828319882466661), ([[96, 1402], [150, 1402], [150, 1428], [96, 1428]], '끝이야', 0.4135398188446133), ([[701.1394255660866, 91.06203640599787], [836.9648667784168, 123.35164491538949], [823.8605744339134, 171.93796359400213], [687.0351332215832, 139.64835508461053]], '이(어(어(', 0.1498749435396644), ([[705.101167723432, 155.0677069746514], [806.793694551124, 178.44015915931277], [792.898832276568, 232.9322930253486], [691.206305448876, 209.55984084068723]], '0기', 0.4281209962117692)]
[([[894, 76], [934, 76], [934, 106], [894, 106]], '\'""', 0.049344450569843976), ([[783, 149], [845, 149], [845, 169], [783, 169]], '아직 더', 0.9987742680750098), ([[782, 170], [852, 170], [852, 196], [782, 196]], '있으니까', 0.9099742770195007), ([[274, 764], [320, 764], [320, 796], [274, 796]], '잔뜩', 0.9999281825254958), ([[274, 794], [374, 794], [374, 822], [274, 822]], '드서주세요', 0.839006071934087)]
[([[28, 42], [190, 42], [190, 90], [28, 90]], '사 표속주틈표', 0.004481398893384709), ([[29, 89], [151, 89], [151, 127], [29, 127]], ':~~아살어', 0.0004741075455382344), ([[161, 89], [207, 89], [207, 127], [161, 127]], '0', 0.6932044933189587), ([[219, 87], [381, 87], [381, 127], [219, 127]], "스--.니'헤)", 7.319497563958077e-05), ([[391, 87], [511, 87], [511, 127], [391, 127]], '라~+. 01', 0.03133795046682577), ([[28, 152], [603, 152], [603, 185], [28, 185]], "[7 1주나-+] )'-젓름숨화 ^손숲 | 틈돈0화", 0.0019290100380800457), ([[30, 210], [114, 210], [114, 240], [30, 240]], '선쇼금', 0.015701323158067382), ([[128, 208], [266, 208], [266, 240], [128, 240]], '쓸소익{-', 0.05486358760072221), ([[282, 210], [566, 210], [566, 242], [282, 242]], '7토 #수주 ( 다#도스-+=', 0.0013050309480275252), ([[34, 240], [132, 240], [132, 264], [34, 264]], '7:[ 6', 0.028956723043998083), ([[140, 238], [908, 238], [908, 270], [140, 270]], '(주-)나-스큰극예) 손표니 소(+ 3 #-#굶다 디(_:폐하 (+_@', 0.0007380522285146777), ([[102, 265], [373, 265], [373, 297], [102, 297]], "+5077' ;+)내#:(굴.", 0.008434640460276924), ([[381, 263], [883, 263], [883, 301], [381, 301]], '못. 도#  소 로비이{*+-2+-0 (운화 .', 0.007725371833848463), ([[28, 319], [291, 319], [291, 351], [28, 351]], '# ( < (당#채( *화+* ', 0.02464642066012809), ([[304, 322], [798, 322], [798, 354], [304, 354]], '#소그7군+8  )단신디0주느 그--꼬니 .', 0.0059963369254108865), ([[30, 348], [316, 348], [316, 380], [30, 380]], '허소 [미(+##물초 워하히- ( <', 0.00880295545407899), ([[327, 347], [717, 347], [717, 383], [327, 383]], '#속(트 (+-#병 - 0속 1 규꿈다}', 0.007067200954463882), ([[30, 406], [184, 406], [184, 434], [30, 434]], "자- - '", 0.5657517754233692), ([[227, 403], [518, 403], [518, 439], [227, 439]], '##(-틈가1붉0 * 001습', 0.00282576526760664), ([[532, 406], [996, 406], [996, 438], [532, 438]], '틈#0구1뉴< 논 --저" | 손 얼< 5+0', 0.0012630244438903554), ([[28, 434], [620, 434], [620, 466], [28, 466]], '[숲소20 국죄숲 +/?패+ 3께2 <: 5 +0당3병', 0.00013790267800592126), ([[30, 462], [76, 462], [76, 490], [30, 490]], '솜 .', 0.29567467652695567), ([[124, 458], [723, 458], [723, 496], [124, 496]], '구##0벼병54-4+7 = * 준문<틈? <(+-0(+', 0.00741278792580778), ([[28, 490], [516, 490], [516, 522], [28, 522]], '[단5확4+-느다니) ? 디미]의##+50? ]', 0.004078538865768968), ([[32, 518], [316, 518], [316, 550], [32, 550]], '류름 > *0하나+ (^^;)', 0.03763593365916169), ([[28, 546], [814, 546], [814, 578], [28, 578]], '*+- 2+-5   쌀빛소구몇|- 다스웨다 < 83+1+ - 쇼+해죽(:화 9 * !', 0.0001688880928644045), ([[28, 574], [94, 574], [94, 602], [28, 602]], '0+', 0.5755975290565765), ([[106, 572], [332, 572], [332, 604], [106, 604]], '(:화 볕# ! ? #?', 0.046575571575300775), ([[102, 630], [170, 630], [170, 658], [102, 658]], '총 8 ;', 0.10473904504940432), ([[28, 653], [563, 653], [563, 691], [28, 691]], '존/+3 [미숲 창리술화 그+-총**시-+5 3논', 0.00022801959090801467), ([[30, 686], [458, 686], [458, 718], [30, 718]], '그미물비:(-+3 ? <내* 5 찌하화와 .', 0.00035059274188597235), ([[26, 738], [451, 738], [451, 775], [26, 775]], '+1하 니 7:묘 6 <쓸스디내51축(- + .', 0.0001114573666253481), ([[28, 768], [366, 768], [366, 800], [28, 800]], '존시+도천|금 패초+30 초0-', 0.0010908088235851844), ([[28, 798], [333, 798], [333, 828], [28, 828]], '5느무루 ) 0#1#* 2+-5 :', 0.017061028798931992), ([[344, 798], [900, 798], [900, 830], [344, 830]], '-3 5 #토-출다+_ (#디더] 그디시삼(   출 단47*+5 *', 0.0005427566309596915), ([[30, 826], [86, 826], [86, 854], [30, 854]], '8*', 0.033569387114849025), ([[102, 826], [322, 826], [322, 856], [102, 856]], '~? <+-#:학 .', 0.011662631122819442), ([[30, 854], [540, 854], [540, 886], [30, 886]], '논름초 : @가내시 미-느무루 )#0#(-', 0.004752933845031156), ([[28, 882], [643, 882], [643, 914], [28, 914]], '존세+춤#(+-흐름?+-! 화 3 논체한#얼#단히<', 9.918542351155291e-05), ([[28, 908], [340, 908], [340, 940], [28, 940]], '톤 " 논국 아(-+-스화병', 0.0027650407142582488), ([[26, 938], [182, 938], [182, 966], [26, 966]], '[주-?^벼]', 0.31865997454282746), ([[192, 938], [485, 938], [485, 970], [192, 970]], '뻗#출#@11*+  *+_벼- .', 0.0039029391320778246), ([[30, 966], [110, 966], [110, 996], [30, 996]], '-슈+=', 0.013864781707525253), ([[30, 996], [56, 996], [56, 1020], [30, 1020]], '논', 0.16900289157266357), ([[76, 992], [422, 992], [422, 1024], [76, 1024]], '쓸#워0값* 논 도천병  버 ( <', 0.003104372480162331), ([[26, 1018], [647, 1018], [647, 1056], [26, 1056]], '지즌*0느디루 )04주 < + 갇 시(-저" | 초택<다', 0.003176039487580425), ([[26, 1048], [412, 1048], [412, 1080], [26, 1080]], '높값 (+-@+ *; +-3+- 9 (*화', 0.00496646911506851), ([[25, 1103], [486, 1103], [486, 1139], [25, 1139]], '추*하 . 쭉 1 즐놀다하내 0?논63< !_', 0.005592153981422711), ([[24, 1130], [665, 1130], [665, 1168], [24, 1168]], "도#움차 +5#습7 ( 30' 가퍼)주 | )1<지-청5", 0.0005494098044175519), ([[28, 1162], [288, 1162], [288, 1192], [28, 1192]], '그* -+-3+-03+<', 0.02551947822523401), ([[26, 1188], [388, 1188], [388, 1220], [26, 1220]], '콤담##켜논 > # 속표(<', 0.0012308697387636582), ([[25, 1215], [583, 1215], [583, 1251], [25, 1251]], '#하 니 > 9,05 +3300 1 틈3-{소병2 <내 춤다', 0.0014243593433776655), ([[26, 1244], [286, 1244], [286, 1276], [26, 1276]], '++= . ##화 5하벼<', 0.03716573067863423), ([[24, 1274], [512, 1274], [512, 1306], [24, 1306]], '#솜못에-({히스 0 1 듭꿈논+5 ! * +-0디', 0.006329273046215743), ([[556, 1274], [774, 1274], [774, 1306], [556, 1306]], '2 ##숲병 하#1하 .', 0.013708714623284905), ([[22, 1298], [627, 1298], [627, 1336], [22, 1336]], '북소(-#손버(-시-;3 )손##"<라+"하#', 0.0007442375347704636), ([[100, 1358], [188, 1358], [188, 1388], [100, 1388]], '죄하-', 0.05928391188147712), ([[202, 1355], [463, 1355], [463, 1387], [202, 1387]], '*6+하*요5+307', 0.004144845003443921), ([[22, 1382], [539, 1382], [539, 1419], [22, 1419]], '*403***0++77 쇼-초0**1-(금]', 0.028568614584322347), ([[22, 1410], [613, 1410], [613, 1447], [22, 1447]], '못다 물 [<(+-7내4+-=주)손 쇼+촌# 내 추:', 0.0003238377049003924), ([[24, 1465], [669, 1465], [669, 1504], [24, 1504]], '*주 < +040#하속0/ 유순* ? <네50+? <잡병', 0.000847188094835382), ([[734, 1474], [766, 1474], [766, 1498], [734, 1498]], '흐', 0.008660643727726125), ([[782, 1470], [870, 1470], [870, 1502], [782, 1502]], '숫가 품', 0.22506003081798553), ([[945, 1469], [1023, 1469], [1023, 1505], [945, 1505]], '(^^;)', 0.7681960575289885)]
[([[557.2006652916285, 945.0457880371682], [818.48928853893, 812.6563021126727], [838.7993347083715, 871.9542119628318], [577.51071146107, 1003.3436978873273]], '2큰어흡묘4꺾', 3.593781925722431e-05), ([[410.71806521676416, 1024.382389128616], [559.8451361029478, 949.9478067986356], [582.2819347832358, 1008.6176108713839], [433.1548638970522, 1082.0521932013644]], '꼴독몹-', 0.0025781418662518263), ([[437.79040365394314, 1079.1053008274757], [637.266106111326, 979.3882621036907], [657.2095963460569, 1035.8946991725243], [457.73389388867395, 1136.6117378963093]], '간.:-%!', 0.0006458782866882398)]
[([[864, 80], [912, 80], [912, 196], [864, 196]], '뼈', 0.02287114161928927), ([[111, 579], [131, 579], [131, 611], [111, 611]], '움', 0.8765863310082409), ([[603, 961], [685, 961], [685, 1025], [603, 1025]], '워때', 0.005316933455189399), ([[173, 1241], [217, 1241], [217, 1257], [173, 1257]], '아아-', 0.7814851675014653), ([[172, 1260], [232, 1260], [232, 1286], [172, 1286]], '못 서먹', 0.26149563898377487), ([[172, 1284], [214, 1284], [214, 1308], [172, 1308]], '켓네', 0.6346800308008199), ([[91, 1339], [123, 1339], [123, 1359], [91, 1359]], '전부', 0.9863793373888237), ([[90, 1362], [158, 1362], [158, 1386], [90, 1386]], '삼켜야지', 0.9820939302444458)]
[([[577, 89], [613, 89], [613, 105], [577, 105]], '아아', 0.9946075330398187), ([[574, 108], [642, 108], [642, 134], [574, 134]], '그녀석은', 0.9870349168777466), ([[492, 162], [546, 162], [546, 188], [492, 188]], '혼자서', 0.9866374348690787), ([[492, 186], [580, 186], [580, 210], [492, 210]], '전투 중이야', 0.45256598618291916), ([[572, 484], [616, 484], [616, 514], [572, 514]], '그럼', 0.9998824123176544), ([[570, 514], [658, 514], [658, 542], [570, 542]], '예정대로', 0.9988693366255605), ([[572, 544], [658, 544], [658, 572], [572, 572]], '밤의 조교', 0.9092839996033669), ([[570, 574], [660, 574], [660, 600], [570, 600]], '시작이네', 0.9991111755371094), ([[320, 586], [370, 586], [370, 612], [320, 612]], '그렇지', 0.9887059862796899), ([[25, 715], [65, 715], [65, 731], [25, 731]], '아아', 0.9924777675012507), ([[25, 741], [65, 741], [65, 757], [25, 757]], '이제', 0.9785445209274126), ([[66, 736], [106, 736], [106, 762], [66, 762]], '그만', 0.99999452091409), ([[22, 762], [96, 762], [96, 788], [22, 788]], '보주세요', 0.8770818710327148), ([[818, 989], [912, 989], [912, 1018], [818, 1018]], '보지름 잔뜩', 0.4748335028610728), ([[820, 1018], [890, 1018], [890, 1044], [820, 1044]], '적스놓고', 0.18634776771068573), ([[820, 1044], [924, 1044], [924, 1074], [820, 1074]], '무슨 소리(!', 0.16569210564385076), ([[249, 1305], [309, 1305], [309, 1377], [249, 1377]], '이', 0.8311498496596847), ([[846, 1198], [948, 1198], [948, 1357], [846, 1357]], '빛', 0.8996715425610091), ([[256, 1378], [336, 1378], [336, 1462], [256, 1462]], '이', 0.9030212236774879), ([[212.4717639736717, 1075.0126906523712], [291.2115433665687, 1065.2246078522503], [319.52823602632833, 1304.9873093476288], [239.78845663343128, 1315.7753921477497]], '헌', 0.0748445568559788), ([[529.8836873886971, 1322.069499109577], [589.8148217143827, 1296.0369611417907], [637.1163126113029, 1419.930500890423], [576.1851782856173, 1445.9630388582093]], '넥', 0.0028255729701299886)]
[([[972, 62], [1020, 62], [1020, 86], [972, 86]], '그리고', 0.9780770568423872), ([[975, 91], [1015, 91], [1015, 107], [975, 107]], '네게', 0.3471047216298062), ([[972, 110], [1058, 110], [1058, 136], [972, 136]], '가르처꾸년', 0.1742579334367917), ([[420, 128], [486, 128], [486, 152], [420, 152]], '끊임없이', 0.5644225211420487), ([[972, 134], [1036, 134], [1036, 160], [972, 160]], '마도구는', 0.6825864315032959), ([[420, 150], [470, 150], [470, 176], [420, 176]], '정액올', 0.9587785525928536), ([[420, 174], [506, 174], [506, 198], [420, 198]], '주지 안으면', 0.6966567886381381), ([[422, 196], [492, 196], [492, 220], [422, 220]], '질내예서', 0.7804000973701477), ([[420, 218], [490, 218], [490, 242], [420, 242]], '난프하계', 0.10609502345323563), ([[422, 242], [504, 242], [504, 266], [422, 266]], '물러다니지', 0.24896186357659805), ([[483, 671], [539, 671], [539, 687], [483, 687]], '메디나', 0.9754207250372232), ([[483, 695], [519, 695], [519, 713], [483, 713]], '언니', 0.9369489250847289), ([[480, 714], [548, 714], [548, 740], [480, 740]], '얼굴들어', 0.9961142539978027), ([[348, 762], [374, 762], [374, 788], [348, 788]], '선', 0.017005093228593893)]
[([[824, 286], [926, 286], [926, 312], [824, 312]], '자, 도착햇다', 0.28141644446597136), ([[198, 540], [282, 540], [282, 572], [198, 572]], '구두부터', 0.9439164400100708), ([[196, 572], [284, 572], [284, 600], [196, 600]], '뿌리까지', 0.9991177320480347), ([[878, 564], [964, 564], [964, 590], [878, 590]], '이니석들이', 0.6144844841530301), ([[878, 588], [934, 588], [934, 614], [878, 614]], '오늘 밤', 0.9768997556604837), ([[197, 601], [283, 601], [283, 637], [197, 637]], '할아주고', 0.8288672912511905), ([[876, 612], [962, 612], [962, 638], [876, 638]], '주인남어야', 0.10965720817213237), ([[429, 717], [517, 717], [517, 753], [429, 753]], '우리들이', 0.9998491406440735), ([[432, 752], [534, 752], [534, 784], [432, 784]], '올 대까지', 0.5078509457164962), ([[430, 784], [526, 784], [526, 816], [430, 816]], '남림없이', 0.5403916239738464), ([[430, 818], [530, 818], [530, 846], [430, 846]], '짜쥐야해', 0.09883851557970047), ([[882, 1006], [918, 1006], [918, 1032], [882, 1032]], '그럼', 0.9997590971137061), ([[882, 1030], [936, 1030], [936, 1056], [882, 1056]], '열심히', 0.9939374256965683), ([[882, 1054], [906, 1054], [906, 1078], [882, 1078]], '해', 0.9449264169151981), ([[833, 1101], [855, 1101], [855, 1119], [833, 1119]], '해', 0.858982348834175), ([[181.40952575098925, 310.0438225316279], [215.81200180242124, 303.0832854236153], [231.59047424901075, 384.9561774683721], [197.18799819757876, 392.9167145763847]], '계', 0.40978409966129803)]
[([[992, 32], [1030, 32], [1030, 64], [992, 64]], '해', 0.8553197155561634), ([[272, 126], [332, 126], [332, 158], [272, 158]], '도망', 0.9999789266407801), ([[700, 137], [767, 137], [767, 178], [700, 178]], '잠깐 ,', 0.997440755367279), ([[274, 162], [332, 162], [332, 192], [274, 192]], '간다', 0.9385166742817566), ([[697, 174], [786, 174], [786, 216], [697, 216]], '기다려', 0.999511354838361), ([[215, 325], [255, 325], [255, 343], [215, 343]], '뭐지?', 0.6744940247790535), ([[139, 427], [187, 427], [187, 447], [139, 447]], '일인데', 0.9989850991492095), ([[956, 610], [1013, 610], [1013, 640], [956, 640]], '제길-', 0.9971672669402868), ([[243, 630], [316, 630], [316, 683], [243, 683]], "'리", 0.024937380954241237), ([[952, 636], [1017, 636], [1017, 665], [952, 665]], '어디로', 0.8897219896316528), ([[954, 660], [1029, 660], [1029, 692], [954, 692]], '간 거야', 0.9987962357766405), ([[634, 832], [694, 832], [694, 858], [634, 858]], '근처에', 0.9937997505033761), ([[634, 856], [716, 856], [716, 882], [634, 882]], '잇울거야', 0.29124900698661804), ([[634, 880], [684, 880], [684, 906], [634, 906]], '찾아!', 0.952344063228788), ([[756, 896], [818, 896], [818, 920], [756, 920]], '어쩐지', 0.9992871393614927), ([[756, 920], [850, 920], [850, 946], [756, 946]], '최근 말이', 0.8782661310938507), ([[756, 946], [840, 946], [840, 970], [756, 970]], '안좋다고', 0.4039580631572236), ([[756, 970], [818, 970], [818, 996], [756, 996]], '해더니', 0.16343605632813762), ([[738, 1174], [764, 1174], [764, 1226], [738, 1226]], '#', 0.8424664896550418), ([[687, 1303], [721, 1303], [721, 1319], [687, 1319]], '아아', 0.9890663214921992), ([[45, 1338], [152, 1338], [152, 1394], [45, 1394]], '잠 님', 0.6151126027107239), ([[637, 1379], [677, 1379], [677, 1399], [637, 1399]], '어떡', 0.9501972075128582), ([[639, 1403], [677, 1403], [677, 1423], [639, 1423]], '하지', 0.9983262534392312)]
[([[922, 64], [952, 64], [952, 90], [922, 90]], '끄옥', 0.16061224700122903), ([[709, 311], [745, 311], [745, 347], [709, 347]], '히', 0.3689627100260715), ([[149, 341], [185, 341], [185, 407], [149, 407]], '떡', 0.04158810349722786), ([[704, 348], [738, 348], [738, 378], [704, 378]], '이', 0.9336624500070343), ([[698, 384], [732, 384], [732, 412], [698, 412]], '이', 0.9678672365863719), ([[694, 412], [726, 412], [726, 450], [694, 450]], '익', 0.8516184826572157), ([[151, 405], [194, 405], [194, 510], [151, 510]], '영', 0.14068786012104795), ([[898, 664], [938, 664], [938, 688], [898, 688]], '자우', 0.6111149051629566), ([[82, 700], [138, 700], [138, 724], [82, 724]], '미친거', 0.7212712529767735), ([[732, 694], [788, 694], [788, 720], [732, 720]], '이렇계', 0.6387278621121332), ([[892, 685], [951, 685], [951, 715], [892, 715]], '하는데', 0.6007822931541205), ([[83, 725], [131, 725], [131, 745], [83, 745]], '아니?', 0.9890823800374248), ([[730, 714], [768, 714], [768, 744], [730, 744]], '만은', 0.36377887267756387), ([[722, 762], [783, 762], [783, 791], [722, 791]], '앞에서', 0.41333901983938726), ([[904, 892], [944, 892], [944, 918], [904, 918]], '어절', 0.9805274273884059), ([[525, 907], [591, 907], [591, 925], [525, 925]], '그러니까', 0.9995856285095215), ([[908, 916], [950, 916], [950, 940], [908, 940]], '없어', 0.9999580219969492), ([[520, 928], [612, 928], [612, 952], [520, 952]], '이건 치료야', 0.9337453916392779), ([[116, 988], [164, 988], [164, 1012], [116, 1012]], '지금도', 0.9979943500230589), ([[117, 1013], [155, 1013], [155, 1033], [117, 1033]], '보보', 0.7464740434846009), ([[649, 1061], [749, 1061], [749, 1085], [649, 1085]], '메디나언니는', 0.856022042133193), ([[656, 1084], [744, 1084], [744, 1112], [656, 1112]], '정액올 갈구', 0.9801769889129454), ([[60, 1114], [118, 1114], [118, 1140], [60, 1140]], '이렇계', 0.5342702050418251), ([[656, 1108], [736, 1108], [736, 1134], [656, 1134]], '하는 병에', 0.9235920000407541), ([[67, 1141], [107, 1141], [107, 1161], [67, 1161]], '돼서', 0.9597894546126984), ([[657, 1129], [742, 1129], [742, 1159], [657, 1159]], '결로으니까', 0.2158777441521758), ([[868.0939460213589, 220.1039678918432], [934.8668209114461, 235.97642975873487], [925.9060539786411, 270.89603210815676], [859.1331790885539, 256.02357024126513]], '아양', 0.8895291092501717), ([[706.4794281574606, 502.11628302349385], [771.9122112926059, 469.0416933890524], [823.5205718425394, 586.8837169765062], [758.0877887073941, 619.9583066109476]], '떡', 0.02519380330571508), ([[727.0789916602317, 735.1448741467184], [781.8299371725121, 743.0042813652271], [776.9210083397683, 771.8551258532816], [722.1700628274879, 763.9957186347729]], '사람들', 0.901509413686031)]
[([[213, 57], [300, 57], [300, 105], [213, 105]], '하아!', 0.7990580600534577), ([[905, 91], [951, 91], [951, 129], [905, 129]], '응극', 0.6005500004803174), ([[815, 229], [837, 229], [837, 243], [815, 243]], '아', 0.9940170400934676), ([[841, 225], [893, 225], [893, 245], [841, 245]], '안예다', 0.3541038373440316), ([[813, 249], [879, 249], [879, 269], [813, 269]], '싸주요오', 0.9406272172927856), ([[40, 334], [78, 334], [78, 366], [40, 366]], '아', 0.9470693276271369), ([[393, 381], [407, 381], [407, 405], [393, 405]], '릇', 0.4426483746561303), ([[396, 532], [444, 532], [444, 558], [396, 558]], '하옥 ', 0.23049012763306811), ([[351, 751], [373, 751], [373, 771], [351, 771]], '하', 0.7497152689494477), ([[349, 777], [371, 777], [371, 795], [349, 795]], '이', 0.474990620456083), ([[382, 814], [420, 814], [420, 838], [382, 838]], '자궁', 0.18564907019896135), ([[58, 864], [82, 864], [82, 898], [58, 898]], '후', 0.9997151100914294), ([[215, 799], [347, 799], [347, 911], [215, 911]], "@'", 0.11534800569335013), ([[380, 860], [438, 860], [438, 886], [380, 886]], '질척히', 0.46134553617948637), ([[383, 841], [437, 841], [437, 859], [383, 859]], '안까지', 0.9974507257131213), ([[52, 894], [86, 894], [86, 924], [52, 924]], '이', 0.7936740573043757), ([[49, 925], [85, 925], [85, 965], [49, 965]], '잇', 0.8980669864675725), ([[774, 1154], [830, 1154], [830, 1178], [774, 1178]], '굉장하', 0.7654071056379566), ([[774, 1180], [858, 1180], [858, 1204], [774, 1204]], '조임이없어', 0.7426553719506991), ([[777, 1207], [833, 1207], [833, 1225], [777, 1225]], '메디나,', 0.7870737314224243), ([[219, 1313], [283, 1313], [283, 1351], [219, 1351]], '쉬지', 0.9565076969976811), ([[968, 1326], [1004, 1326], [1004, 1356], [968, 1356]], '이', 0.9652094243966189), ([[211, 1353], [307, 1353], [307, 1389], [211, 1389]], '말라고', 0.9946979861938797), ([[966, 1366], [1002, 1366], [1002, 1396], [966, 1396]], '이', 0.6805659730119693), ([[6, 1400], [38, 1400], [38, 1432], [6, 1432]], '히1', 0.3507875706925479), ([[962, 1406], [998, 1406], [998, 1436], [962, 1436]], '이', 0.9484211114204619), ([[10, 1436], [44, 1436], [44, 1466], [10, 1466]], '이', 0.8618664281093515), ([[15, 1471], [51, 1471], [51, 1507], [15, 1507]], '이', 0.21588733070399346), ([[225.61074257670563, 105.24900495710519], [294.30257856600326, 99.74323797989777], [295.3892574232944, 139.75099504289483], [227.69742143399674, 145.25676202010223]], '이에', 0.9703822130329266), ([[21.284458247200067, 269.06452035960035], [57.26491106406735, 262.20526680779795], [68.71554175279994, 331.93547964039965], [31.735088935932648, 338.79473319220205]], '움', 0.11434007776106014), ([[902.2968374460654, 705.0622896979661], [935.4961389383568, 693.0308884931453], [961.7031625539346, 768.9377103020339], [928.5038610616432, 780.9691115068547]], '4', 0.1105199525411118), ([[634.2583527229993, 987.0211726524883], [802.9694944866064, 1093.10993665288], [740.7416472770007, 1187.9788273475117], [573.0305055133936, 1080.89006334712]], '막 ', 0.00010255690077608714)]
[([[70, 228], [130, 228], [130, 254], [70, 254]], '굉장해', 0.9978354763416949), ([[768, 186], [796, 186], [796, 266], [768, 266]], '휴', 0.3683226620998994), ([[68, 252], [178, 252], [178, 278], [68, 278]], '이년 알아서', 0.5650664852710044), ([[68, 276], [130, 276], [130, 302], [68, 302]], '허리출', 0.3854939175050981), ([[70, 298], [148, 298], [148, 326], [70, 326]], '흔들어대', 0.9944791197776794), ([[62, 384], [99, 384], [99, 533], [62, 533]], '%', 0.6632238939841137), ([[955, 513], [1014, 513], [1014, 539], [955, 539]], '제대로', 0.999897863633956), ([[953, 537], [1014, 537], [1014, 563], [953, 563]], '하라고', 0.999972469844606), ([[954, 562], [1034, 562], [1034, 588], [954, 588]], '이 창녀!', 0.47690448774137006), ([[952, 586], [1012, 586], [1012, 610], [952, 610]], '네년이', 0.9911832389722084), ([[1018, 590], [1060, 590], [1060, 614], [1018, 614]], '제일', 0.9684049854800455), ([[950, 610], [1030, 610], [1030, 636], [950, 636]], '좋아하는', 0.9199385046958923), ([[950, 634], [1030, 634], [1030, 660], [950, 660]], '정액이다', 0.5397081971168518), ([[273, 619], [309, 619], [309, 745], [273, 745]], '움', 0.03109604219288542), ([[635, 626], [672, 626], [672, 724], [635, 724]], '콩', 0.1548000585466447), ([[638, 720], [664, 720], [664, 750], [638, 750]], '으', 0.2765058713493005), ([[88, 822], [180, 822], [180, 846], [88, 846]], '걱정하지마', 0.9989611516768371), ([[626, 826], [694, 826], [694, 852], [626, 852]], '걸모습에', 0.8628573417663574), ([[978, 828], [1054, 828], [1054, 854], [978, 854]], '정말이지,', 0.962282462299624), ([[88, 846], [162, 846], [162, 870], [88, 870]], '범해주면', 0.879318356513977), ([[626, 850], [682, 850], [682, 874], [626, 874]], '완전히', 0.9370900211942574), ([[960, 852], [1056, 852], [1056, 878], [960, 878]], '초장의 딸이', 0.4887899083734934), ([[88, 870], [146, 870], [146, 894], [88, 894]], '되잡아', 0.28238434071772606), ([[626, 874], [680, 874], [680, 900], [626, 900]], '속앉어', 0.5485052067994821), ([[974, 876], [1054, 876], [1054, 900], [974, 900]], '이런 변태', 0.4421598316669924), ([[998, 900], [1056, 900], [1056, 924], [998, 924]], '엿다니', 0.9974155679828758), ([[132, 1034], [170, 1034], [170, 1066], [132, 1066]], '아', 0.25143787785640725), ([[129, 1065], [173, 1065], [173, 1105], [129, 1105]], '7', 0.35194984876602575), ([[1035, 1081], [1051, 1081], [1051, 1105], [1035, 1105]], '움', 0.6139476511589805), ([[129, 1103], [171, 1103], [171, 1181], [129, 1181]], '양', 0.3490982234225726), ([[92, 1304], [180, 1304], [180, 1352], [92, 1352]], '잔뜩', 0.9975123886918432), ([[754, 1324], [807, 1324], [807, 1355], [754, 1355]], '이년', 0.9406028530118078), ([[870, 1338], [896, 1338], [896, 1368], [870, 1368]], '호', 0.592026807750301), ([[84, 1356], [210, 1356], [210, 1404], [84, 1404]], '싸줄게', 0.8997422211575953), ([[755, 1353], [823, 1353], [823, 1383], [755, 1383]], '유두도', 0.9993998656373109), ([[864, 1374], [898, 1374], [898, 1406], [864, 1406]], '7', 0.8126147500025951), ([[754, 1382], [802, 1382], [802, 1408], [754, 1408]], '발기', 0.9998893241697409), ([[752, 1408], [820, 1408], [820, 1436], [752, 1436]], '해는데', 0.4509259076568419), ([[860, 1412], [896, 1412], [896, 1440], [860, 1440]], '이', 0.9534298598978808), ([[855, 1447], [891, 1447], [891, 1485], [855, 1485]], '악', 0.9626987769719939), ([[713.613634257068, 102.02498377942428], [742.3264598339305, 105.30918147974096], [734.386365742932, 184.97501622057572], [704.6735401660695, 181.69081852025903]], '올', 0.8976135807337506), ([[477.21727292457166, 1301.1039098209153], [564.9844324520255, 1317.6947739537702], [558.7827270754283, 1343.8960901790847], [471.0155675479745, 1327.3052260462298]], '기다력지?', 0.5725493995790697), ([[473.15350102802535, 1324.1219034952862], [550.9750162205758, 1338.613634257068], [545.8464989719746, 1363.8780965047138], [468.02498377942425, 1349.386365742932]], '정액이다', 0.8628856539726257)]
[([[14, 24], [181, 24], [181, 84], [14, 84]], '#표균주름', 0.029218486031240914), ([[17, 77], [336, 77], [336, 134], [17, 134]], '7 )주 나-|"#타히', 0.009052902619291094), ([[19, 159], [627, 159], [627, 199], [19, 199]], '그7211  ; ) 쭉초#0 [7)주나--  삶 1 듭다화 @', 0.0037186698571928093), ([[17, 229], [81, 229], [81, 269], [17, 269]], '쓸퀴] .', 0.020473687620475006), ([[95, 231], [233, 231], [233, 269], [95, 269]], '도이면논', 0.00724389310926199), ([[245, 227], [781, 227], [781, 269], [245, 269]], "[노#숲토( #7+5+301 >'-지 24초", 0.006147176257895752), ([[17, 265], [399, 265], [399, 303], [17, 303]], '## 룻#논 ( (##니디내:내+=', 0.004438670874690027), ([[19, 299], [545, 299], [545, 337], [19, 337]], '77 95;-*0(규1*<(청 |(+5 꼴6', 0.0032762022857538596), ([[21, 335], [261, 335], [261, 373], [21, 373]], '논##*단 세-틈병차', 0.009767922597129134), ([[273, 333], [547, 333], [547, 371], [273, 371]], '+? ! (증스+_0.하병.', 0.002347869580013889), ([[21, 368], [364, 368], [364, 406], [21, 406]], '논 필 $초화 숨름 ( {틈 >#다', 0.0025836348129126985), ([[376, 366], [646, 366], [646, 404], [376, 404]], '엄#*#하((시 곁0', 0.0003445176352309919), ([[16, 399], [731, 399], [731, 442], [16, 442]], '팎 ###--속 3 특3- 6+_ 5 품소 속틈# ( (꽤 < 녹/ 버*운 (+=@', 7.561877931877086e-05), ([[20, 442], [48, 442], [48, 472], [20, 472]], '(', 0.3902227183955605), ([[110, 436], [527, 436], [527, 477], [110, 477]], '17돈: $ 트 *)-)#"/따화 :히', 0.00031733330566414275), ([[593, 435], [739, 435], [739, 473], [593, 473]], '**0 3 품)', 0.013397449910799228), ([[19, 509], [81, 509], [81, 545], [19, 545]], '* 8', 0.20163393020629883), ([[144, 503], [943, 503], [943, 546], [144, 546]], "#못하]-(: &통+ *술+2+= @소쉽: (+#운중)] )'-지3병", 0.00013249995187758105), ([[17, 541], [339, 541], [339, 581], [17, 581]], '콤꾸하묘논+5 2+-뼈77후+', 2.4459534549777415e-05), ([[77, 609], [649, 609], [649, 647], [77, 647]], "'속+-21-5. &-,1 <운: 단단-쓸춧+3(:", 0.0022589898890718533), ([[721, 613], [741, 613], [741, 637], [721, 637]], '?2', 0.29503259436576434), ([[17, 715], [85, 715], [85, 753], [17, 753]], '#구 .', 0.6085877418518066), ([[95, 711], [413, 711], [413, 753], [95, 753]], '잘%렉- . 틈짝0-씀@소촌', 0.003258667699133181), ([[19, 748], [416, 748], [416, 786], [19, 786]], '(루-디-+-9 (디+0디', 0.0007146873148188151), ([[19, 783], [488, 783], [488, 821], [19, 821]], '표##춤 디087 1주 논(감릇 > 뛰소 +', 0.0015964047410010754), ([[21, 819], [341, 819], [341, 855], [21, 855]], '850.3+0   하름품탕-( .', 0.0031725540355253667), ([[22, 849], [565, 849], [565, 892], [22, 892]], '-#*150속 3 7따 [ | 5 ##손 ( [폐멘이디', 0.0005689865556198355), ([[19, 887], [271, 887], [271, 925], [19, 925]], '#손+하(논 딴   7화 @', 0.003302344615265277), ([[20, 913], [722, 913], [722, 962], [20, 962]], '속미크777 >)단 세 5 [설#름{소취] 논 귀미손#록 <0 { #<3', 4.17942237968144e-05), ([[20, 952], [537, 952], [537, 996], [20, 996]], '+03 < 7쪽-{못습 ( (주손2 디내<탁해 !', 0.0015074577143259083), ([[21, 991], [479, 991], [479, 1029], [21, 1029]], '[히스논 ( <##숲화 5015 [*]] 화7', 0.004164605103777301), ([[22, 1058], [161, 1058], [161, 1100], [22, 1100]], '논   $초화 ,', 0.018476486343345706), ([[177, 1059], [517, 1059], [517, 1097], [177, 1097]], "-0*+ ' :;+)니타스 <", 0.016236683462407028), ([[21, 1092], [314, 1092], [314, 1132], [21, 1132]], '초이1화주 )나주내존후+', 0.00034127213558204125), ([[23, 1124], [478, 1124], [478, 1167], [23, 1167]], ';규](다+; ! 주*+3#03} 1 8 % 운(+=@', 1.865907334190397e-05), ([[20, 1162], [341, 1162], [341, 1203], [20, 1203]], '틈기(당 근 > <* #(1디후병', 0.0010170881919804153), ([[22, 1192], [801, 1192], [801, 1237], [22, 1237]], '쓸표(다다 1 "9+10디락소[미(+ [굶스 논틈 5017 . #+: ! #*산05+', 0.0008594999958870755), ([[21, 1232], [528, 1232], [528, 1270], [21, 1270]], '*소주-)04소국한6 < 50\'루+거병\'#"\';', 0.0004965148779586835), ([[21, 1266], [522, 1266], [522, 1304], [21, 1304]], '#스 #{;(-(금표스+3  +9)디(+-0.', 0.00032373150265410986), ([[22, 1334], [421, 1334], [421, 1376], [22, 1376]], "*통디+ - - 숨<## 디0'501당.", 0.0005168952951109283), ([[433, 1333], [893, 1333], [893, 1372], [433, 1372]], '눕: 6이다}표0하+애+(-#+수 나중1', 0.00023903610259992685), ([[20, 1367], [543, 1367], [543, 1412], [20, 1412]], '초70*늘-8 9+95 5 쏟7화 낙() 능', 0.0005505695584110265)]
[([[557.2006652916285, 945.0457880371682], [818.48928853893, 812.6563021126727], [838.7993347083715, 871.9542119628318], [577.51071146107, 1003.3436978873273]], '2큰어흡묘4꺾', 3.593781925722431e-05), ([[410.71806521676416, 1024.382389128616], [559.8451361029478, 949.9478067986356], [582.2819347832358, 1008.6176108713839], [433.1548638970522, 1082.0521932013644]], '꼴독몹-', 0.0025781418662518263), ([[437.79040365394314, 1079.1053008274757], [637.266106111326, 979.3882621036907], [657.2095963460569, 1035.8946991725243], [457.73389388867395, 1136.6117378963093]], '간.:-%!', 0.0006458782866882398)]
[([[15, 1063], [541, 1063], [541, 1123], [15, 1123]], '만:(어2)이불 스박-))', 0.00029030784047595284), ([[674, 1054], [1015, 1054], [1015, 1141], [674, 1141]], '토미롯 국', 0.007472872945348856), ([[36, 1196], [683, 1196], [683, 1373], [36, 1373]], '"니-0--회-@)', 9.791823111413956e-07), ([[216, 1368], [531, 1368], [531, 1407], [216, 1407]], '^라명명거-9어-|4<`샌+', 5.079047510863028e-05)]
[([[469, 735], [681, 735], [681, 856], [469, 856]], '찌', 0.008636942542662729), ([[472, 840], [674, 840], [674, 960], [472, 960]], '탤;', 0.002097301520021453), ([[462, 950], [685, 950], [685, 1014], [462, 1014]], '{아8"`피', 0.00044664012239467257), ([[470, 1008], [680, 1008], [680, 1040], [470, 1040]], '권어출야사리0', 0.00011594478167388953), ([[423, 1075], [729, 1075], [729, 1117], [423, 1117]], '[어핵 ^과시니 어꼴4거', 4.018314250166366e-05), ([[0, 1492], [30, 1492], [30, 1520], [0, 1520]], '48', 0.9999893790106953)]
[([[762, 26], [1022, 26], [1022, 76], [762, 76]], '장_장설너장%)', 0.00030297039942720665), ([[809, 64], [978, 64], [978, 89], [809, 89]], '미교7거-0-낙#"거', 1.542736243149722e-05), ([[261, 102], [356, 102], [356, 134], [261, 134]], '*"시 44', 0.04339857765117529), ([[284, 134], [414, 134], [414, 164], [284, 164]], "덕소0-*+'", 0.045125393366074164), ([[41, 428], [219, 428], [219, 466], [41, 466]], '이건 어떠가요?', 0.7159435622183498), ([[41, 465], [231, 465], [231, 501], [41, 501]], '어째 그리다보니', 0.9314074794551499), ([[41, 501], [281, 501], [281, 539], [41, 539]], '이렇계 되엇습니다만.', 0.18765883336470196), ([[29, 593], [171, 593], [171, 629], [29, 629]], '계속 범해진', 0.9956604578202296), ([[31, 629], [183, 629], [183, 665], [31, 665]], '후우입니다만:', 0.7803356443603833), ([[29, 665], [239, 665], [239, 703], [29, 703]], '이런 것도 좋음지도.', 0.3796691660326492), ([[29, 701], [301, 701], [301, 737], [29, 737]], '시건방진 딸이 범해지논', 0.6004409953145554), ([[29, 737], [243, 737], [243, 777], [29, 777]], '느낌올 살컷습니다.', 0.3878292096460078), ([[0, 1492], [26, 1492], [26, 1518], [0, 1518]], '52', 0.9999994942378553), ([[187.15350102802535, 39.12190349528619], [260.953532452317, 51.4740284673956], [254.84649897197465, 78.87809650471381], [182.046467547683, 65.5259715326044]], "{0]- '", 0.19437555336510237), ([[893.6923076923077, 897.4615384615385], [973.4141893370208, 881.9361431500444], [981.3076923076923, 932.5384615384615], [901.5858106629792, 948.0638568499556]], '(";1"', 0.2930227509166343)]
[([[361, 15], [653, 15], [653, 55], [361, 55]], '잠 님. 아마 그녀의 전리름', 0.2041919531695931), ([[30, 26], [285, 26], [285, 75], [30, 75]], '장_-.너4%)', 0.0001514961831780486), ([[75, 69], [239, 69], [239, 87], [75, 87]], '"하우거-신)--펼*%', 1.2316368174861441e-05), ([[359, 53], [609, 53], [609, 91], [359, 91]], '그리논 건 처음일리나?', 0.6536000227551255), ([[359, 89], [583, 89], [583, 127], [359, 127]], '성정으론, 꼬너 남자흘', 0.1548516232833024), ([[359, 125], [517, 125], [517, 163], [359, 163]], '먹엇습니다만:', 0.5121350977749733), ([[82, 1084], [158, 1084], [158, 1112], [82, 1112]], '그녀의', 0.6513415575027466), ([[157, 1077], [515, 1077], [515, 1119], [157, 1119]], '속옷 모습은 설정하지-안앗으므로,', 0.5230206643497695), ([[81, 1117], [407, 1117], [407, 1155], [81, 1155]], '이결 기호라고 생각햇습니다.', 0.5298822914542444), ([[81, 1153], [453, 1153], [453, 1191], [81, 1191]], '속옷인지 잘 모르것지만: 이거라면', 0.45425507426286127), ([[83, 1189], [443, 1189], [443, 1227], [83, 1227]], '벗기지 안아도 범할 수 있습니다.', 0.41800933350872804), ([[83, 1225], [311, 1225], [311, 1263], [83, 1263]], '브라는 의미없습니다', 0.7623255899994645), ([[83, 1261], [321, 1261], [321, 1299], [83, 1299]], '유두가 옷에 문질러저', 0.6086918591617115), ([[81, 1299], [265, 1299], [265, 1331], [81, 1331]], '서버려서입니다 .', 0.6245457626384333), ([[1030, 1492], [1060, 1492], [1060, 1518], [1030, 1518]], '53', 0.9999998314126102)]
[([[663, 15], [857, 15], [857, 51], [663, 51]], '짐승같이 두 어서~', 0.6515136533405805), ([[32, 30], [290, 30], [290, 80], [32, 80]], '시나-설너장%)', 6.909255125603391e-05), ([[663, 47], [1055, 47], [1055, 85], [663, 85]], '장소틀 가리지안고 자지틀 쓰세박는 게', 0.0714701625255409), ([[76, 72], [243, 72], [243, 91], [76, 91]], '"-거-신데--펼혼%', 5.436800104742278e-05), ([[663, 81], [923, 81], [923, 117], [663, 117]], '제일 좋은 메디나입니다.', 0.5254826618567416), ([[69, 1067], [397, 1067], [397, 1107], [69, 1107]], '노출끌렉이가 몸에 벤 메디나', 0.5890963099508209), ([[69, 1105], [373, 1105], [373, 1143], [69, 1143]], '전차에서 전라로 승차하고,', 0.3872540654770912), ([[71, 1140], [307, 1140], [307, 1179], [71, 1179]], '보지름 드러내 끌렉이.', 0.15867172195225632), ([[69, 1177], [383, 1177], [383, 1215], [69, 1215]], '어째, 박에서 범해지논 쪽올', 0.5244071868885877), ([[71, 1213], [255, 1213], [255, 1251], [71, 1251]], '그리논 게 즐거운', 0.955761768983399), ([[266, 1218], [298, 1218], [298, 1242], [266, 1242]], '거', 0.9999694826547056), ([[303, 1213], [399, 1213], [399, 1249], [303, 1249]], '같은 건,', 0.9775267527514694), ([[72, 1254], [104, 1254], [104, 1278], [72, 1278]], '제', 0.9446676092728309), ([[105, 1249], [339, 1249], [339, 1285], [105, 1285]], '추향의 장소일지도 ', 0.2743060041184106)]
[([[761, 27], [1022, 27], [1022, 80], [761, 80]], '장__.너장%)', 0.0005107988260457881), ([[808, 70], [975, 70], [975, 91], [808, 91]], '미하`더%-~-이펼큰', 1.9509734163797168e-05), ([[99, 103], [269, 103], [269, 144], [99, 144]], '젖소녀 메디나.', 0.9166090061903424), ([[101, 141], [393, 141], [393, 181], [101, 181]], '보기 훔하게 우유가 새서너~', 0.11213855613519597), ([[565, 1275], [951, 1275], [951, 1317], [565, 1317]], '일상에서 몸의 단려올 수지 안듣다.', 0.22068342259038295), ([[565, 1309], [923, 1309], [923, 1351], [565, 1351]], '잠 언니 오늘도 후우와 특훈, 특훈.', 0.3789951723146069), ([[563, 1349], [897, 1349], [897, 1387], [563, 1387]], '이렇계 매일매일 단련합니다.', 0.4703908222219916), ([[565, 1386], [899, 1386], [899, 1422], [565, 1422]], '그런데 이건 5어아+ 5산후|라고', 0.010671269668260822), ([[563, 1420], [814, 1420], [814, 1456], [563, 1456]], '해야하나? 정보요구. ', 0.38993633765283103), ([[2, 1492], [34, 1492], [34, 1522], [2, 1522]], '58', 0.9999988198884456)]
[([[682, 28], [790, 28], [790, 52], [682, 52]], '여기까지', 0.9998705983161926), ([[793, 25], [1061, 25], [1061, 61], [793, 61]], '오면; 웨이트리스가 아난', 0.37589445101753366), ([[33, 30], [294, 30], [294, 84], [33, 84]], '장너장.너장%)', 8.884832240918115e-05), ([[80, 76], [180, 76], [180, 92], [80, 92]], "'금-거-)", 0.0007425455118955659), ([[187, 75], [245, 75], [245, 91], [187, 91]], '펼쪽%', 0.0015762128684688255), ([[683, 61], [1031, 61], [1031, 97], [683, 97]], '완전히 밀크 머신이 도엇습니다.', 0.24974525616491242), ([[683, 93], [941, 93], [941, 135], [683, 135]], '맛있는 우유틀 우해서논,', 0.22094896252507756), ([[681, 129], [1019, 129], [1019, 169], [681, 169]], '많은 우유는 반드시 필요하니다 .', 0.45021353975724815), ([[683, 167], [989, 167], [989, 205], [683, 205]], '오늘도 잔뜩 정액밀크틀 보충.', 0.5690874451965553), ([[785, 1107], [1011, 1107], [1011, 1149], [785, 1149]], '밀크라던가 모든 물올', 0.4716151856815139), ([[783, 1147], [1063, 1147], [1063, 1183], [783, 1183]], '손님께 접대해드럽니다~', 0.38934336278572246), ([[783, 1181], [1009, 1181], [1009, 1221], [783, 1221]], '참고로 그녀의 이름은', 0.8439602155376512), ([[784, 1220], [948, 1220], [948, 1252], [784, 1252]], '카제리입니다.', 0.9281228120809812)]
[([[765, 28], [1026, 28], [1026, 80], [765, 80]], '장_마.너장%)', 0.0011452592785020635), ([[811, 73], [979, 73], [979, 91], [811, 91]], '톱해7거-버굉---소%', 1.2168304014229575e-05), ([[455, 109], [659, 109], [659, 147], [455, 147]], '세일러 복 메디나', 0.5643388576866101), ([[455, 181], [623, 181], [623, 219], [455, 219]], '아니, 아무것도.', 0.9182537834187691), ([[38, 1190], [164, 1190], [164, 1222], [38, 1222]], '카제리오는', 0.3498326850105819), ([[170, 1192], [252, 1192], [252, 1216], [170, 1216]], '사이가', 0.9478833079338074), ([[255, 1187], [459, 1187], [459, 1225], [255, 1225]], '좋아 언제나 함께.', 0.926832399552581), ([[37, 1223], [413, 1223], [413, 1261], [37, 1261]], '어떤 때서예도 떨어지지안논 사이름', 0.4302002722520555), ([[37, 1259], [287, 1259], [287, 1299], [37, 1299]], '굉으로 묶어놓앗습니다.', 0.6741645301853748), ([[6, 1492], [38, 1492], [38, 1516], [6, 1516]], '62', 0.9677831699601487)]
[([[29, 28], [290, 28], [290, 81], [29, 81]], '장_-.-장)', 0.000749885263231139), ([[75, 73], [243, 73], [243, 91], [75, 91]], '미시거-신0--과큰%', 7.987271275640865e-05), ([[313, 69], [541, 69], [541, 105], [313, 105]], '다른 세계의 메디나', 0.6037118354829203), ([[313, 140], [601, 140], [601, 178], [313, 178]], '모두가 보기 전에 실금하논', 0.7449631037952386), ([[313, 177], [591, 177], [591, 215], [313, 215]], '제일 좋은 변태녀입니다.', 0.46506266047731715), ([[745, 769], [759, 769], [759, 791], [745, 791]], '>', 0.9418540382949345), ([[1035, 1495], [1061, 1495], [1061, 1515], [1035, 1515]], '63', 0.9999946052076528), ([[685.4781819497144, 681.0341828178298], [714.398014876084, 669.0198512391601], [754.5218180502856, 764.9658171821702], [725.601985123916, 776.9801487608399]], '알', 0.03394469549845014)]
[([[768, 34], [1028, 34], [1028, 84], [768, 84]], '장_묘.니장%)', 0.0007589557096128908), ([[812, 75], [981, 75], [981, 96], [812, 96]], '이37거-숫-이펼어', 2.5223527211658498e-05), ([[743, 1205], [925, 1205], [925, 1241], [743, 1241]], '제 일러스트예는', 0.9037929549740337), ([[743, 1241], [933, 1241], [933, 1277], [743, 1277]], '다리 끝이라던가', 0.70006643373674), ([[743, 1277], [1017, 1277], [1017, 1315], [743, 1315]], '종이에 잘리지 안습니다.', 0.4208238154640388)]
[]
[([[420, 530], [642, 530], [642, 658], [420, 658]], '몰만', 0.01590534653039371), ([[417, 647], [651, 647], [651, 783], [417, 783]], '봉;', 0.013932727239841174), ([[403, 781], [670, 781], [670, 853], [403, 853]], '전|요]미-따', 2.5506192456634176e-05), ([[471, 849], [573, 849], [573, 885], [471, 885]], '5형/08', 0.11000601048853224), ([[359, 931], [723, 931], [723, 975], [359, 975]], '5어핵 ^마신네7 어꼴나', 9.363354011959661e-05)]
[]
[([[60, 1184], [694, 1184], [694, 1358], [60, 1358]], '횟어끝서', 0.006165775936096907)]
[]
[]
[([[422, 113], [621, 113], [621, 179], [422, 179]], '0하급', 0.10892335679409461), ([[504, 240], [681, 240], [681, 297], [504, 297]], '값무  _히', 0.008680370570441336), ([[569, 281], [655, 281], [655, 321], [569, 321]], '숨7', 0.024876351915690893), ([[511, 305], [745, 305], [745, 367], [511, 367]], '기 국구레교과', 0.014168630368032798), ([[313, 1063], [477, 1063], [477, 1099], [313, 1099]], "'회고스", 0.0030086387414485216), ([[267, 1145], [370, 1145], [370, 1176], [267, 1176]], '구만1', 0.04371641577265503), ([[298, 1178], [356, 1178], [356, 1210], [298, 1210]], '국2', 0.11253148697207659), ([[377, 1176], [470, 1176], [470, 1213], [377, 1213]], '어대사', 0.053067055395516004)]
[]
[([[353, 249], [437, 249], [437, 317], [353, 317]], '0애', 0.021230403460708407), ([[439, 205], [553, 205], [553, 315], [439, 315]], '(0+', 0.1762344912876687), ([[128, 414], [274, 414], [274, 518], [128, 518]], '떤2', 0.006060319129358896), ([[533.5060845773462, 188.55182537320385], [836.0207294073545, 102.39810768456644], [862.4939154226538, 198.44817462679615], [560.9792705926455, 283.60189231543353]], '*고,서;,3!', 0.0005542958228335935), ([[65.08065044950047, 308.16130089900093], [303.1525532377163, 253.8982978415225], [318.91934955049953, 347.83869910099907], [80.84744676228372, 402.1017021584775]], '다소미못', 0.0006857356638647616), ([[260.4102092069113, 405.6665439379694], [383.2382022326241, 366.1843213407354], [405.5897907930887, 450.3334560620306], [283.7617977673759, 490.8156786592646]], '나0', 0.012103030553310804)]
[([[20, 44], [200, 44], [200, 94], [20, 94]], '88+  손', 0.10587128874714485), ([[18, 112], [190, 112], [190, 140], [18, 140]], '(상(:<0!1껴 .', 0.001355676558912617), ([[202, 110], [356, 110], [356, 138], [202, 138]], '( (6*내<', 0.03770870349074388), ([[20, 138], [186, 138], [186, 164], [20, 164]], '굳> 7+0꺼1금', 0.009064133471621216), ([[202, 134], [516, 134], [516, 164], [202, 164]], '02*89 +.논 5 _ 한내 7화 .', 0.01227183489871183), ([[18, 162], [286, 162], [286, 190], [18, 190]], '한5단**<- 본 총화 .', 0.006592837114730084), ([[19, 211], [282, 211], [282, 241], [19, 241]], '7 1주나-: 리,_^앙라. 01', 0.00045436214125964844), ([[300, 208], [689, 208], [689, 244], [300, 244]], '틈#스 <이이디8내 +느 5 <한0 총화 .', 0.004054010290117533), ([[18, 261], [666, 261], [666, 294], [18, 294]], '#병 (내 가(-({3병 ((  #와름좀<하+ . "미미디니+-디내* 5+1?', 0.00034981137077333635), ([[20, 284], [732, 284], [732, 317], [20, 317]], '화내 = 한주 +,고#표로*0#주논6* . 국+병 5 좁#+- 콤브#굶( <*화* .', 0.00014576163603668556), ([[18, 311], [815, 311], [815, 344], [18, 344]], '잘%표테이로##{틈+_그+_# .  흉버웬다]사이한- 훈쫓 (스디폐출(+ 3 야 51= .', 7.353901704799493e-05), ([[18, 338], [562, 338], [562, 370], [18, 370]], '#*0 [흉벼] (-. 거구지1 손습표-##다-(-5', 0.012263520996055172), ([[20, 363], [394, 363], [394, 393], [20, 393]], '하시+3현((-+32<내 *내+= (^_^;)', 0.008519077947911966), ([[20, 390], [74, 390], [74, 420], [20, 420]], '소소', 0.021330006828171853), ([[131, 390], [535, 390], [535, 420], [131, 420]], '숲다 초# 산 값*+# 2+-07내* >', 0.02369607075354784), ([[20, 440], [301, 440], [301, 470], [20, 470]], "1타'-지 [카출못꼼소", 0.004224590512920202), ([[315, 440], [508, 440], [508, 470], [315, 470]], '#숲물구-소소] +5', 0.13208851860624082), ([[522, 438], [950, 438], [950, 466], [522, 466]], '\'스4 "30+스주스+5+/3병', 0.003086642792928187), ([[20, 466], [345, 466], [345, 496], [20, 496]], '8+  (+ 한* 눕우*0##  논 값 <', 0.0040618781079423205), ([[362, 464], [724, 464], [724, 492], [362, 492]], '쓸쩍손 조친 한 단디요니디* ! 총화 .', 0.0004040120328719802), ([[20, 492], [356, 492], [356, 522], [20, 522]], '후하*묶이 ##미 닫 스+ 쓸 초 히1-3*', 0.0002601074621429851), ([[20, 515], [508, 515], [508, 544], [20, 544]], '요#병5 7 1주 내0숲 1 틈급병  틈유하+_0 ! 논름5', 0.0061856792081932946), ([[526, 514], [950, 514], [950, 542], [526, 542]], '그포별0 * -)(금3찢돌"디8 내 *내<', 0.0047878419350044915), ([[21, 540], [182, 540], [182, 570], [21, 570]], '속표67+_ < ?', 0.04824199142265287), ([[24, 565], [693, 565], [693, 595], [24, 595]], '스포별0 * -) . 솜룻#0 ##껑 흙[{도국0:=#표<0 - 로:)# #병', 0.0004621989455444463), ([[20, 592], [272, 592], [272, 620], [20, 620]], '100#충#* 속 (+-0-', 0.01861923166474939), ([[24, 618], [450, 618], [450, 646], [24, 646]], '-이1*07수71-모량하논] 5 단<훌한 : (+_@', 0.0009511738740667616), ([[20, 667], [327, 667], [327, 697], [20, 697]], '쏟이룩주 손리 그럼퉁 ! 1화0(금', 0.0028552813869104684), ([[340, 668], [518, 668], [518, 698], [340, 698]], '#손국스 디(.', 0.03620938422415113), ([[526, 666], [880, 666], [880, 694], [526, 694]], '+++5+  0*0,*8 50.3+', 0.010541864497819551), ([[22, 692], [738, 692], [738, 722], [22, 722]], '단그+ < 0 _포별손 #[*(-(+_ < ++3+-0논. #초0 논0유름뻗 *', 0.003677555563668545), ([[20, 716], [984, 716], [984, 748], [20, 748]], '표별병 100 스*=차(#료#내 *화 논 .  # 소<틈? <내:내+-0디 #로 ? <버내<하*내+=@', 0.0019024980214660775), ([[20, 743], [281, 743], [281, 771], [20, 771]], '#간#} (- 쓸 워0 초 #@,+', 0.0038634933880154804), ([[295, 741], [788, 741], [788, 772], [295, 772]], '락#논 ( <(규뜰히병하 -+-0+ 순 솟# #단시교', 8.706620971000249e-05), ([[20, 770], [104, 770], [104, 796], [20, 796]], '#숲#]- .', 0.1047226387778871), ([[114, 770], [512, 770], [512, 796], [114, 796]], '논 3 (- 순속타<따초9]#+고(  빠다(금.', 9.087627140561283e-05), ([[525, 768], [863, 768], [863, 796], [525, 796]], '{미분5뉴+ 국좌 ( 초 ( 디8 ! *화 @', 0.002371392517107995), ([[19, 793], [372, 793], [372, 824], [19, 824]], '쏟0*0 손#? <내<주한 551금', 0.014707502497425928), ([[22, 820], [281, 820], [281, 848], [22, 848]], '나:((= 50  떠티다', 0.0017495127200764641), ([[340, 820], [404, 820], [404, 846], [340, 846]], '0우', 0.07711151143872587), ([[412, 820], [686, 820], [686, 848], [412, 848]], '+21:내 ## (<주단 .', 0.010590051701814086), ([[739, 825], [777, 825], [777, 843], [739, 843]], '0,2', 0.003329724653143402), ([[24, 870], [330, 870], [330, 900], [24, 900]], '논   @초화 . 음균 따틈 > 활다 .', 0.007425235520377733), ([[21, 892], [635, 892], [635, 928], [21, 928]], '[]스#포 느 흉* #0 .  *존*0삶 1 틈꿈댁씨_둑 ( <하 ! 7화 .', 0.0003970246158067598), ([[22, 922], [334, 922], [334, 950], [22, 950]], '소<금 - -+5 #삼*  *내+_.', 0.024626612304825757), ([[341, 922], [585, 922], [585, 948], [341, 948]], '훔니스#꽃이 11-화 .', 0.003736566721431583), ([[20, 972], [196, 972], [196, 1000], [20, 1000]], '춤춤703#다 가1다 .', 0.00851466209295083), ([[204, 972], [394, 972], [394, 1000], [204, 1000]], '1수- 표이[롬 5', 0.005050252342121541), ([[20, 993], [775, 993], [775, 1029], [20, 1029]], '[히스 논 @꽃 <0# 출01(+3스+ 손 ##규;꾸 < *+ 버* 5+9 (#중통심', 0.00019324456214079794), ([[24, 1050], [74, 1050], [74, 1076], [24, 1076]], '-잘', 0.03586130599861484), ([[92, 1048], [230, 1048], [230, 1076], [92, 1076]], '1 유보하(- 의', 0.023095247077428438), ([[246, 1047], [649, 1047], [649, 1077], [246, 1077]], '토9030  듭( # +_니#시-룩병 #( ', 0.00011835361595711609), ([[24, 1073], [357, 1073], [357, 1101], [24, 1101]], '논름 5 -병  롬 5* 5+*학07', 0.008680551265054275), ([[22, 1098], [468, 1098], [468, 1126], [22, 1126]], '* 5 1미 < 50 #보갈) 금 3 논톱그 <내 :화병 .', 0.007963623955518804), ([[478, 1098], [602, 1098], [602, 1126], [478, 1126]], '언0하-금', 0.027690027851364287), ([[24, 1124], [490, 1124], [490, 1154], [24, 1154]], '논5 ( < *#손모니+(솜병8 필 *화07', 0.009179027739469025), ([[502, 1124], [728, 1124], [728, 1154], [502, 1154]], '#떨###다름 5 향 9 1당 .', 0.004575575325606065), ([[22, 1149], [463, 1149], [463, 1177], [22, 1177]], "#손7 300' 스3 - -# 기궁 < +5 56  ", 0.0066895344192703194), ([[24, 1199], [489, 1199], [489, 1228], [24, 1228]], '논  @초화1 . 속소(-병+디(@"+1흙태< ', 0.0035226147150346034), ([[20, 1222], [615, 1222], [615, 1258], [20, 1258]], '뽑구워-{유소토 <들(+ 중#숲 {  활듯 < < 5+ 논 덮다  3화 @', 0.0004887993325413339), ([[22, 1250], [382, 1250], [382, 1280], [22, 1280]], "##단< '7 주나-:] 0# 롬퍼 논", 0.020098444000333646), ([[22, 1276], [372, 1276], [372, 1304], [22, 1304]], '#출##초 +3 논+{소(++0 <학#', 0.0032013590015091387), ([[24, 1352], [520, 1352], [520, 1380], [24, 1380]], '존*디(상초+ ` 방미이@*<운숲0 ( *( * 5 ', 0.0008541526425421042), ([[22, 1378], [122, 1378], [122, 1406], [22, 1406]], '[퉁7 < 1금', 0.00994692671497036), ([[22, 1402], [528, 1402], [528, 1430], [22, 1430]], "모8+5+-0=(-#미욱 1]0*+ /활손 *극향 3 '", 0.002575052209454805), ([[22, 1454], [154, 1454], [154, 1482], [22, 1482]], '2011/08 붓탕', 0.2419933082883342), ([[220, 1454], [342, 1454], [342, 1484], [220, 1484]], '1; 5 단촌*', 0.03900622949834826)]
[([[45, 29], [351, 29], [351, 67], [45, 67]], '묘,서째~,+변어 이! [#미릇-]]', 2.2628539103926547e-05), ([[46, 96], [274, 96], [274, 128], [46, 128]], '411 ?,어어나~+ ";+릇', 0.00037397382584255666), ([[290, 95], [428, 95], [428, 131], [290, 131]], '15단7*', 0.16427545677860345), ([[46, 162], [102, 162], [102, 192], [46, 192]], '씨리;1', 0.009652620181441307), ([[133, 159], [419, 159], [419, 196], [133, 196]], '6이어아어깥_디@|머~응어아<. 의어커', 3.1071513544388795e-06), ([[46, 194], [80, 194], [80, 224], [46, 224]], '베?', 0.018655138252717925), ([[199, 189], [482, 189], [482, 230], [199, 230]], '확4.술;아, ,리. ;명/~>나6어4', 1.4385143359508377e-05), ([[105, 1049], [962, 1049], [962, 1195], [105, 1195]], '북킬러물:--3', 0.004374184351831363), ([[239, 1176], [612, 1176], [612, 1218], [239, 1218]], '&~너아<어 0뉴 예---4꺾지  #부#록', 1.3332925412605064e-06), ([[639, 1181], [791, 1181], [791, 1217], [639, 1217]], '려5지요변 01', 0.000495809973846252), ([[472, 1223], [586, 1223], [586, 1255], [472, 1255]], '"사모', 0.02023220786143907), ([[58, 1260], [362, 1260], [362, 1308], [58, 1308]], '##봇 / 거이이16예-', 0.005433478593821392), ([[404, 1258], [686, 1258], [686, 1308], [404, 1308]], '쫓47 12011/08/14', 0.5411898060599837), ([[705, 1259], [989, 1259], [989, 1307], [705, 1307]], '티돌/ (:+버#방', 0.016335612142980346), ([[57, 1304], [570, 1304], [570, 1356], [57, 1356]], '채##음소 / 6|어어꺾깥__@|머~응어아< (아', 2.6491544783668658e-05), ([[142, 1375], [895, 1375], [895, 1413], [142, 1413]], '훌륭6  < 쫓;주#이미+ < 주10-#6두 <소단 손혹축 . #빛하 5 - 따 손봇(하 0', 6.08596866158401e-05), ([[357, 1409], [681, 1409], [681, 1445], [357, 1445]], '183* #070겨지규6 #버 (중화.', 0.0016155426649675849), ([[137.02202795004177, 193.16388105512118], [197.86943199038373, 201.1245800707304], [193.97797204995823, 227.83611894487882], [133.13056800961627, 220.8754199292696]], '1>버담.', 0.00513748305156679)]
