569767
9
[]
[]
[]
[]
[]
[([[88, 22], [480, 22], [480, 54], [88, 54]], '[어쩌다보니 못군 플래그에 도달한 아리스]', 0.723397220067232)]
[([[269, 23], [329, 23], [329, 61], [269, 61]], '[팀]', 0.3935226684344818), ([[441, 91], [475, 91], [475, 105], [441, 105]], '자신의', 0.9923740479437801), ([[503, 89], [547, 89], [547, 103], [503, 103]], '이키라의', 0.939006507396698), ([[377, 105], [409, 105], [409, 119], [377, 119]], '충격올', 0.13544138509754486), ([[443, 103], [475, 103], [475, 115], [443, 115]], '회사에', 0.7806087201902697), ([[513, 101], [537, 101], [537, 115], [513, 115]], '나뿐', 0.5331115071493592), ([[381, 115], [405, 115], [405, 131], [381, 131]], '받은', 0.9963084177078899), ([[443, 115], [475, 115], [475, 131], [443, 131]], '있다는', 0.9765727558783558), ([[453, 125], [475, 125], [475, 141], [453, 141]], '알고', 0.9788147139916908), ([[505, 109], [545, 109], [545, 145], [505, 145]], '숲물', 0.10879525706746253), ([[375, 129], [411, 129], [411, 143], [375, 143]], '이미카', 0.24357478517863826), ([[135, 145], [169, 145], [169, 157], [135, 157]], '미이카', 0.9612252345331035), ([[507, 139], [539, 139], [539, 155], [507, 155]], '사람이', 0.3831267524950516), ([[149, 157], [179, 157], [179, 171], [149, 171]], '그래?', 0.9872833954661119), ([[215, 225], [247, 225], [247, 241], [215, 241]], '소문올', 0.6666329503059387), ([[517, 233], [547, 233], [547, 245], [517, 245]], '미키리', 0.4163079114000077), ([[149, 235], [179, 235], [179, 251], [149, 251]], '말투기', 0.8807606820490514), ([[215, 239], [247, 239], [247, 253], [215, 253]], '피느린', 0.6649059863902885), ([[147, 247], [185, 247], [185, 263], [147, 263]], '거칠 다', 0.5140296578177531), ([[215, 251], [249, 251], [249, 267], [215, 267]], '사람이', 0.9416345215254549), ([[155, 261], [179, 261], [179, 275], [155, 275]], '던가', 0.6304711126875754), ([[207, 327], [249, 327], [249, 341], [207, 341]], '있없어요', 0.6294677257537842), ([[143, 401], [165, 401], [165, 415], [143, 415]], '마구', 0.9996656232801464), ([[321, 405], [361, 405], [361, 421], [321, 421]], '남새가', 0.9449302269737727), ([[143, 415], [185, 415], [185, 429], [143, 429]], '소문내고', 0.9982759356498718), ([[501, 409], [527, 409], [527, 427], [501, 427]], '유료', 0.9469145664821937), ([[321, 419], [359, 419], [359, 435], [321, 435]], '난다고', 0.9358897035442785), ([[143, 427], [175, 427], [175, 441], [143, 441]], '있어요', 0.9254995828120712), ([[496, 424], [545, 424], [545, 444], [496, 444]], '크다든지', 0.6033394932746887), ([[499, 585], [535, 585], [535, 601], [499, 601]], '확실히', 0.998931285111735), ([[228, 590], [268, 590], [268, 614], [228, 614]], '네가', 0.9994174116839879), ([[323, 601], [359, 601], [359, 617], [323, 617]], '남새도', 0.1802925321592466), ([[405, 599], [459, 599], [459, 615], [405, 615]], '거기 털도', 0.9817816091695243), ([[487, 599], [537, 599], [537, 615], [487, 615]], '아키라씨', 0.943351149559021), ([[226, 614], [266, 614], [266, 638], [226, 638]], '제일', 0.9999416692599544), ([[327, 617], [355, 617], [355, 631], [327, 631]], '업점', 0.2809527698400614), ([[407, 613], [457, 613], [457, 629], [407, 629]], '수득하고', 0.46036720275878906), ([[497, 613], [537, 613], [537, 631], [497, 631]], '유료은', 0.9485551569635886), ([[321, 631], [361, 631], [361, 647], [321, 647]], '나지만', 0.9962694894163484), ([[497, 631], [535, 631], [535, 647], [497, 647]], '이상활', 0.5201978886385525), ([[218, 636], [278, 636], [278, 662], [218, 662]], '나뿐 *', 0.29859742921313515), ([[499, 645], [537, 645], [537, 661], [499, 661]], '정도로', 0.9998368164868634), ([[222, 658], [274, 658], [274, 684], [222, 684]], '이야]!', 0.253396213054657), ([[313, 739], [349, 739], [349, 755], [313, 755]], '그래도', 0.8031284291182932), ([[311, 755], [373, 755], [373, 771], [311, 771]], '아키라씨들', 0.5848826796837718), ([[311, 769], [347, 769], [347, 783], [311, 783]], '나쁘거', 0.9803771285384038), ([[311, 783], [365, 783], [365, 803], [311, 803]], '말하는 걸', 0.3232251770157125), ([[311, 797], [353, 797], [353, 817], [311, 817]], '참올 수', 0.7890217214021592), ([[313, 815], [355, 815], [355, 831], [313, 831]], '없어요', 0.9962121178926585), ([[26, 846], [66, 846], [66, 870], [26, 870]], '숲;', 0.05758340965581755), ([[241, 867], [317, 867], [317, 881], [241, 881]], '훌곁 #+ 그손 6벼', 0.0015158044952991705), ([[343, 867], [389, 867], [389, 881], [343, 881]], '히#음#다', 0.006267579296438176), ([[394, 868], [438, 868], [438, 876], [394, 876]], '모7조거5;', 0.0007843166690822864), ([[467, 867], [557, 867], [557, 881], [467, 881]], '뒷다 -=자 벼다트?', 0.03308488105638843)]
[([[51, 49], [319, 49], [319, 87], [51, 87]], '+룹치7`$ {어  !@톤러79!', 1.7787550501993855e-05), ([[50, 72], [470, 72], [470, 176], [50, 176]], '@명버어94.', 0.006306101287640088), ([[7, 343], [133, 343], [133, 385], [7, 385]], '역.식자', 0.7315585909291992), ([[172, 342], [596, 342], [596, 374], [172, 374]], '작업 할 부분이 없어서 좋아라 햇는데', 0.7505871221943331), ([[5, 383], [116, 383], [116, 419], [5, 419]], ':하룻네', 0.4465429484844208), ([[172, 388], [490, 388], [490, 420], [172, 420]], '해상도도 스랜도 셋이네요하', 0.584190434363715), ([[17, 417], [83, 417], [83, 455], [17, 455]], '미구', 0.9989843277962179), ([[178, 946], [708, 946], [708, 970], [178, 970]], '프로적트거팀(이하 팀비에서 함께 작업하실 신규 번역자분들올 모집하고 있습니다.', 0.2853502177574288), ([[282, 964], [602, 964], [602, 988], [282, 988]], '번역 또는 포토잡이 가능만 역자  식자분들께서논', 0.427391879187131), ([[249, 985], [459, 985], [459, 1003], [249, 1003]], ';.되하7튜안하젠,9@번형+<하;|<기금', 3.9209663103366203e-08), ([[464, 980], [634, 980], [634, 1004], [464, 1004]], '으로 연락주시기 바람니다.', 0.5677725787659861), ([[30, 1012], [102, 1012], [102, 1036], [30, 1036]], '오프어손후+', 0.00023963845520089144)]
[([[155, 153], [483, 153], [483, 241], [155, 241]], '{ 볼 투', 0.07383652526335384), ([[12, 786], [44, 786], [44, 894], [12, 894]], '~', 0.4126734287664), ([[135, 854], [341, 854], [341, 892], [135, 892]], '#출표 [^서 1 ^', 0.08052166542876608), ([[364, 858], [496, 858], [496, 890], [364, 890]], '7 제 *', 0.4233617002441827), ([[572, 858], [638, 858], [638, 890], [572, 890]], '18*', 0.19748540901901335)]
