572300
11
[([[16, 8], [171, 8], [171, 63], [16, 63]], '름@하하 -', 1.5745367822388144e-05), ([[31, 45], [61, 45], [61, 59], [31, 59]], '진어)', 0.026884681876955464), ([[387, 371], [527, 371], [527, 769], [387, 769]], '흙', 0.8628820140956037), ([[7, 761], [245, 761], [245, 799], [7, 799]], '번역 6거알웨이드', 0.13792182344475562), ([[8, 794], [210, 794], [210, 820], [8, 820]], "훌'+[://--파어,입.마석+", 6.015259849315159e-05), ([[277.4034500137281, 337.0910400439299], [312.98455575342734, 357.7519305308216], [303.5965499862719, 372.9089599560701], [269.01544424657266, 353.2480694691784]], '5렁)', 0.025171046396466553)]
[([[43, 695], [159, 695], [159, 739], [43, 739]], '유리백', 0.505367796209482), ([[183, 733], [302, 733], [302, 786], [183, 786]], '투명하', 0.5766816954632406), ([[186, 694], [334, 694], [334, 738], [186, 738]], '유리처럼', 0.9309083223342896), ([[307, 739], [383, 739], [383, 781], [307, 781]], '색깔', 0.999030338768723), ([[388, 399], [569, 399], [569, 826], [388, 826]], '꿀', 0.8894591499265516), ([[276.4034500137281, 333.0910400439299], [312.99762470224977, 351.90255489257316], [304.5965499862719, 368.9089599560701], [268.00237529775023, 350.09744510742684]], '[862', 0.009023657068610191)]
[([[6, 376], [166, 376], [166, 400], [6, 400]], '오늘은 한달에 한번', 0.6086785105088549), ([[6, 398], [188, 398], [188, 422], [6, 422]], '있는 번노의 날입니다 .', 0.23293479566300943)]
[([[332, 52], [588, 52], [588, 76], [332, 76]], '오늘은 함선의 직원분들이 평소', 0.5068723378184881), ([[332, 74], [570, 74], [570, 98], [332, 98]], '쌓아두 번뇌출 개방하기 위한', 0.2537316466102835), ([[332, 96], [508, 96], [508, 120], [332, 120]], '항례행사가 있습니다 .', 0.8011496630869546), ([[336, 216], [574, 216], [574, 240], [336, 240]], '전 아직 그다지 익숙해지지가', 0.9142738510387357), ([[336, 238], [572, 238], [572, 264], [336, 264]], '않아서 조금 긴장하고 말앞습', 0.29714649743776045), ([[334, 260], [382, 260], [382, 284], [334, 284]], '니다.', 0.7709912132784377), ([[332, 396], [470, 396], [470, 420], [332, 420]], '덧붙여 말하자면', 0.919152061861034), ([[476, 396], [576, 396], [576, 420], [476, 420]], '번뇌의 날은', 0.6791680481427222), ([[332, 418], [470, 418], [470, 442], [332, 442]], '매달 7일 입니다.', 0.960876086473519)]
[([[20, 48], [202, 48], [202, 74], [20, 74]], '벌써 시작햇나 붙니다', 0.5111115426978158), ([[20, 69], [224, 69], [224, 96], [20, 96]], '조금 늦어버린 것 끝네요', 0.5439138445499827), ([[17, 173], [241, 173], [241, 193], [17, 193]], '서로 보이지 안게 하기 위해', 0.6571535885268914), ([[18, 191], [244, 191], [244, 219], [18, 219]], '실내 조명올 개 두기 때문에', 0.699530109469378), ([[16, 214], [250, 214], [250, 238], [16, 238]], '누가 누군지 알 수 없습니다 .', 0.8786963040485359), ([[15, 360], [284, 360], [284, 389], [15, 389]], '그렇다고는 해도, 전 체격 때문에', 0.4314272937385709), ([[16, 384], [244, 384], [244, 410], [16, 410]], '금방 들통이 나는가 붐니다 .', 0.634032564216733), ([[30, 724], [172, 724], [172, 748], [30, 748]], '"아, 루리 장이다.', 0.8077105200438373), ([[49, 769], [87, 769], [87, 789], [49, 789]], '역시', 0.9958388698436993)]
[([[20, 25], [278, 25], [278, 53], [20, 53]], '속옷 안으로 손이 들어올습니다', 0.39604445506184477), ([[14, 92], [294, 92], [294, 116], [14, 116]], '곧바로 옷올 벗기는 사람도 있지만', 0.37247211127967783), ([[12, 114], [278, 114], [278, 138], [12, 138]], '이 사람은 그렇지 않은가 붐니다 .', 0.685991406540162), ([[10, 244], [276, 244], [276, 272], [10, 272]], '한동안 제 그곳을 가지고 놀더니,', 0.7212765095418137), ([[10, 268], [214, 268], [214, 292], [10, 292]], '팬티만 벗겨 내엎습니다 .', 0.23099768857354072)]
[([[418, 292], [596, 292], [596, 316], [418, 316]], '폐니스가 안쪽 끝까지', 0.8684116769007144), ([[418, 312], [496, 312], [496, 336], [418, 336]], '당앗지만', 0.2569572925567627), ([[503, 315], [559, 315], [559, 335], [503, 335]], '완전히', 0.9829103567031995), ([[418, 334], [592, 334], [592, 358], [418, 358]], '들어가진 압앗습니다', 0.38885624402196517), ([[412, 528], [590, 528], [590, 552], [412, 552]], '어쨌든 한번 안쪽까지', 0.6791686758899148), ([[414, 549], [572, 549], [572, 574], [414, 574]], '들어가버린다면, 그', 0.9250622803984736), ([[414, 572], [548, 572], [548, 596], [414, 596]], '다음어는 비교적', 0.7402657172656713), ([[411, 591], [552, 591], [552, 619], [411, 619]], '기분이 좋습니다 .', 0.8249529906357871), ([[412, 702], [548, 702], [548, 728], [412, 728]], '폐니스가 천천히', 0.8981218143968261), ([[412, 724], [572, 724], [572, 748], [412, 748]], '제 질내물 왕복하기', 0.5777080765720909), ([[414, 746], [530, 746], [530, 770], [414, 770]], '시작햇습니다 .', 0.7273439072182118)]
[([[324, 508], [388, 508], [388, 534], [324, 534]], '루리 장', 0.8190515637452406), ([[397, 511], [419, 511], [419, 531], [397, 531]], '.!"', 0.5535150766372681), ([[323, 533], [365, 533], [365, 553], [323, 553]], '후아', 0.9587660235264425), ([[294, 576], [594, 576], [594, 602], [294, 602]], '절정에 도달한 동시에 뜨거운 정액이', 0.8757982510364261), ([[294, 598], [542, 598], [542, 624], [294, 624]], '제 질 내로 흘러들어 낯습니다.', 0.353606399465534), ([[312, 674], [482, 674], [482, 698], [312, 698]], '넘질 정도로 많은 양 .', 0.9100151771285852), ([[312, 716], [492, 716], [492, 742], [312, 742]], '그래서 조금씩 흥분올', 0.8064986414489064), ([[312, 760], [346, 760], [346, 784], [312, 784]], '"아', 0.9984017443801838), ([[352, 760], [442, 760], [442, 786], [352, 786]], '싫어. 엇!"', 0.39490395198475176), ([[96.17086771745092, 79.6221280326862], [173.12132034355963, 42.878679656440355], [184.82913228254907, 71.3778719673138], [107.87867965644035, 108.12132034355965]], '/', 0.02514470959413997)]
[([[34, 68], [90, 68], [90, 92], [34, 92]], "'맛 , 맛 .", 0.23955565217087124), ([[24, 690], [198, 690], [198, 716], [24, 716]], '해버리고 말앗습니다', 0.28249822579108075), ([[6, 734], [218, 734], [218, 758], [6, 758]], '이렇게나 겪렬하게 사정올', 0.2697469704964318), ([[6, 756], [186, 756], [186, 780], [6, 780]], '한 건 처음이없습니다', 0.481599824519022)]
[([[332, 26], [496, 26], [496, 50], [332, 50]], "'신경쓰지 않아도 돼_", 0.3991867666922902), ([[502, 26], [568, 26], [568, 50], [502, 50]], '루리 장', 0.7316767441119696), ([[324, 48], [386, 48], [386, 72], [324, 72]], '귀여워 .', 0.7779379298874484), ([[342, 90], [482, 90], [482, 116], [342, 116]], '전 부끄럽습니다 .', 0.6271467137224506), ([[54, 240], [126, 240], [126, 264], [54, 264]], "'자, 그럼", 0.9772164250379304), ([[144, 240], [212, 240], [212, 264], [144, 264]], '한번 더.', 0.9796063846999692), ([[45, 283], [159, 283], [159, 307], [45, 307]], '건강하시군요', 0.9971101397289682), ([[46, 326], [214, 326], [214, 350], [46, 350]], '뭐 , 전 괜찮습니다만', 0.7323120948876334), ([[361, 617], [464, 617], [464, 645], [361, 645]], '부탁합니다.', 0.6956032207787715), ([[334, 662], [412, 662], [412, 686], [334, 686]], '부탁해요', 0.9961645603179932), ([[418, 662], [564, 662], [564, 686], [418, 686]], '힘이 다할 때까지 .', 0.5456673780742072), ([[443, 809], [505, 809], [505, 829], [443, 829]], '드 히 [', 0.12138312611980544)]
[([[172, 40], [390, 40], [390, 78], [172, 78]], '쇼고쓰-산', 0.024073878023127427), ([[25, 129], [163, 129], [163, 165], [25, 165]], '쫓#주째 하표장칙 3+', 6.119334398316848e-05), ([[39, 115], [193, 115], [193, 151], [39, 151]], '#출들하3숲날 ; 주묶돈다', 0.00013657557445302646), ([[136, 115], [312, 115], [312, 151], [136, 151]], '볶숨미뜻-기-다손 !축분심', 0.000146529319414526), ([[158, 140], [542, 140], [542, 164], [158, 164]], "~힘-하속듯+_+-_3움 . 655비+5506. 07한말숨(다<+-손6'", 0.001122454854567694), ([[55, 171], [263, 171], [263, 189], [55, 189]], '5/5+-({{미7디-0- 유순 -루#(+-#`', 0.00019879803370643784), ([[41, 185], [375, 185], [375, 201], [41, 201]], '이,예꼴흡긋 # $어5.0+-4스-:(0,서시/설 # 0서:시시.내 )', 4.613826294540156e-06), ([[29, 199], [71, 199], [71, 215], [29, 215]], '6 하충몇', 0.06178809609307471), ([[39, 207], [123, 207], [123, 245], [39, 245]], '스청스문', 0.0185538362711668), ([[25, 233], [111, 233], [111, 269], [25, 269]], ';2008 5 ', 0.04886838916703878), ([[65, 275], [419, 275], [419, 295], [65, 295]], '04문출목호 3+회3+표임:+스<+ ? (#값 미종미다화 )', 0.00047652034823362686), ([[43, 289], [283, 289], [283, 307], [43, 307]], '이큰예-긋 # 5어57 04*표순# 07*', 0.00027807685160574516), ([[29, 303], [111, 303], [111, 319], [29, 319]], '6 {수;, 머7하', 0.013719814921312214), ([[43, 317], [135, 317], [135, 333], [43, 333]], '["723+375', 0.14701756399459479), ([[43, 329], [143, 329], [143, 345], [43, 345]], '+5모이 (5301)', 0.038498238274334025), ([[43, 343], [91, 343], [91, 359], [43, 359]], '표0# (', 0.34135342013134884), ([[31, 371], [53, 371], [53, 385], [31, 385]], '93', 0.9319977491039089), ([[63, 367], [273, 367], [273, 385], [63, 385]], '01주유소논_ 주-스#니_곤? (', 0.008474546661357584), ([[289, 365], [465, 365], [465, 385], [289, 385]], ")-# 돕콤 축댁 스 -<+-한내'", 0.002438453122148921), ([[38, 380], [132, 380], [132, 412], [38, 412]], '"휴로-디', 0.0019557091098112668), ([[43, 409], [91, 409], [91, 425], [43, 425]], '*04 (', 0.389687277222181), ([[31, 431], [265, 431], [265, 451], [31, 451]], '94.-01-,0-표#초하[+ 난<손6', 0.011134831486575715), ([[31, 497], [401, 497], [401, 517], [31, 517]], '95 하.+-+##?70쇼 -맛서-긋 # 5어5가 0#름순6 #* 주손', 6.235254158238246e-05), ([[41, 515], [99, 515], [99, 529], [41, 529]], ")신')헤디1", 0.009695532297212012), ([[41, 527], [99, 527], [99, 543], [41, 543]], ")')1미2", 0.046445865898342605), ([[41, 539], [99, 539], [99, 555], [41, 555]], "10')4미3", 0.10390409744129561), ([[29, 551], [141, 551], [141, 569], [29, 569]], '0 }<~쇼#초', 0.03780663522109177), ([[31, 581], [53, 581], [53, 595], [31, 595]], '96', 0.5032756917335778), ([[53, 574], [413, 574], [413, 594], [53, 594]], '8+5+-1+7-*포니느75주미+2+-3(055570*7술<37?', 0.0007983162623703504), ([[31, 617], [109, 617], [109, 635], [31, 635]], '97,5+5+31+', 0.15406041201259327), ([[115, 617], [531, 617], [531, 635], [115, 635]], "이맛예꼴/맵 # 5어57+-소시- 다채주:손;-<면*내'디= ,? (톤8-꼴0)", 2.284843869898022e-06), ([[31, 645], [97, 645], [97, 661], [31, 661]], '08,굳048', 0.053248808922379716), ([[103, 642], [362, 642], [362, 660], [103, 660]], '{미구 #문속 _한*(_5*버위커+<+_손', 0.0006716991868743463), ([[29, 721], [81, 721], [81, 741], [29, 741]], '13#7(', 0.37952564960075363), ([[151, 721], [207, 721], [207, 739], [151, 739]], ') . 숙보(', 0.05691951679039652), ([[225, 719], [329, 719], [329, 739], [225, 739]], '+) . {소페 (턱- 잎)', 0.12674389552550763), ([[31, 763], [71, 763], [71, 779], [31, 779]], '오미씀', 0.13872647933515048), ([[76, 759], [399, 759], [399, 779], [76, 779]], "80+*55_한0 *나+=; 모++0)7###*다습한나시+-한나'", 0.00022567182078326727)]
