572687
29
[([[22, 10], [248, 10], [248, 62], [22, 62]], '?어무미| 벼교+]^', 5.078634250763461e-05), ([[93, 63], [265, 63], [265, 123], [93, 123]], '우드예틀', 0.7022761702537537), ([[121, 121], [313, 121], [313, 181], [121, 181]], '만드는 법', 0.7340409747412145), ([[6, 316], [52, 316], [52, 340], [6, 340]], '비석', 0.11884984443431895)]
[([[9, 141], [49, 141], [49, 183], [9, 183]], '2', 0.5632587844275463), ([[623, 255], [679, 255], [679, 291], [623, 291]], '(', 0.5498095510825038), ([[82, 456], [130, 456], [130, 482], [82, 482]], '우선', 0.4984571893717395), ([[102, 478], [170, 478], [170, 504], [102, 504]], '상대름', 0.9209196680788106), ([[128, 456], [218, 456], [218, 482], [128, 482]], '병사들의', 0.5822948813438416), ([[170, 478], [198, 478], [198, 506], [170, 506]], '좀', 0.9968948664532604), ([[290, 400], [416, 400], [416, 558], [290, 558]], '{', 0.6479558236941472), ([[850, 476], [904, 476], [904, 502], [850, 502]], '아뉘', 0.061013035770621386), ([[83, 499], [214, 499], [214, 529], [83, 529]], '해쥐야켓는데', 0.36451073872590295), ([[806, 498], [950, 498], [950, 526], [806, 526]], '무슨 짓입니까!', 0.5529397385487084), ([[818, 522], [936, 522], [936, 548], [818, 548]], '그만두메요', 0.6434881748821933), ([[39.2025477771711, 158.16585988749353], [81.95758125050574, 166.59027369175462], [77.7974522228289, 184.83414011250647], [35.04241874949426, 176.40972630824538]], '~?', 0.01778229326639202)]
[([[88, 508], [148, 508], [148, 538], [88, 538]], '이익', 0.99460307254645), ([[758, 518], [960, 518], [960, 550], [758, 550]], '이건 우리 나라의', 0.9355292976391774), ([[88, 536], [182, 536], [182, 566], [88, 566]], '차가위!', 0.5372664928436279), ([[800, 547], [910, 547], [910, 579], [800, 579]], '비약으로', 0.99616539478302), ([[744, 576], [966, 576], [966, 608], [744, 608]], '최음요과가 있지요', 0.5076510636789683), ([[675.0293498376011, 152.0790340093668], [716.5911688700771, 132.0291944122211], [756.9706501623989, 224.9209659906332], [715.4088311299229, 244.9708055877789]], '@', 0.21616037407085376)]
[([[98, 447], [187, 447], [187, 483], [98, 483]], '에에에', 0.7203460805022938), ([[94, 480], [202, 480], [202, 512], [94, 512]], '공주님과', 0.8425500988960266), ([[68, 508], [222, 508], [222, 540], [68, 540]], '할 무 있다니,', 0.5472677972849157), ([[812, 518], [938, 518], [938, 550], [812, 550]], '그, 그만애', 0.9911849839765711), ([[75, 537], [215, 537], [215, 569], [75, 569]], '영광이라고.', 0.9827525873154761), ([[786, 548], [964, 548], [964, 580], [786, 580]], '취젓지 말아쥐!', 0.4722181145572572), ([[228.25097310286003, 193.05642247887616], [296.98096858748056, 226.56416524859546], [275.74902689713997, 268.9435775211238], [207.01903141251944, 234.43583475140454]], '97', 0.07740348749574424), ([[767.3424040507786, 234.05442430467141], [828.0, 268.0], [808.6575959492214, 301.94557569532856], [748.0, 268.0]], '91/', 0.47784350655497215), ([[406.48466994708195, 395.0221713861504], [519.6436998477762, 480.9631759947875], [487.51533005291805, 522.9778286138496], [375.3563001522237, 437.0368240052125]], '< ^', 0.03404618176132288), ([[574.2907226612894, 401.04207035483034], [675.9962444249509, 450.78774356017874], [651.7092773387106, 496.95792964516966], [551.0037555750491, 447.21225643982126]], '춤 스', 0.09287670497191287)]
[([[698, 368], [800, 368], [800, 474], [698, 474]], '뉴', 0.12196393910717607), ([[78, 500], [112, 500], [112, 530], [78, 530]], '아', 0.9998648212342829), ([[138, 500], [206, 500], [206, 532], [138, 532]], '아앗!', 0.8459778467611205), ([[772, 502], [830, 502], [830, 532], [772, 532]], '안돼', 0.9068862206788021), ([[856, 502], [940, 502], [940, 534], [856, 534]], '가버려', 0.9991322159767151), ([[796, 532], [916, 532], [916, 562], [796, 562]], '가아 가아', 0.9452306687807184), ([[798, 558], [882, 558], [882, 590], [798, 590]], "가아'", 0.16989419352062823), ([[298.74478330338695, 358.08796145404744], [357.6504683452062, 325.023536836154], [420.25521669661305, 446.91203854595256], [361.3495316547938, 480.976463163846]], '죽', 0.482679234153526), ([[651.4130171244683, 579.0191620043655], [768.4645003998397, 689.9418579200579], [713.5869828755317, 749.9808379956345], [596.5354996001603, 640.0581420799421]], '~*%', 0.10121947079052507)]
[([[541, 413], [685, 413], [685, 529], [541, 529]], '(89', 0.14044241380741687), ([[116, 518], [296, 518], [296, 550], [116, 550]], '아직 넣은 적이', 0.7444779448109535), ([[126, 548], [278, 548], [278, 580], [126, 580]], '없는 거 같군_', 0.5483418258811958), ([[794, 564], [828, 564], [828, 594], [794, 594]], '아', 0.9998964098102512), ([[856, 564], [886, 564], [886, 592], [856, 592]], '으', 0.9978123959478502), ([[108, 576], [304, 576], [304, 606], [108, 606]], '제대로 4여주지', 0.344016030715362), ([[792, 594], [918, 594], [918, 626], [792, 626]], '그건 설마', 0.9991261957329245), ([[313.6106080775375, 626.1078916962401], [360.58318735476905, 581.0189147365568], [470.3893919224625, 707.8921083037599], [423.41681264523095, 752.9810852634432]], '국', 0.009905751548126895)]
[([[364, 81], [603, 81], [603, 121], [364, 121]], '당연하고! 끼 순결은', 0.3891561906528238), ([[339, 116], [630, 116], [630, 148], [339, 148]], '마이토름 위해 있으니까!', 0.2907593369905245), ([[806, 228], [996, 228], [996, 260], [806, 260]], '오오~ 저녀-나', 0.34221216018914014), ([[842, 258], [958, 258], [958, 290], [842, 290]], '종군 그래', 0.6285038044837437), ([[823, 411], [867, 411], [867, 457], [823, 457]], '5', 0.054581752190646426), ([[114, 586], [250, 586], [250, 618], [114, 618]], '뭐야? 설마', 0.7895732534116704), ([[54, 614], [308, 614], [308, 646], [54, 646]], '이겉 처음 보는 거야?', 0.7379328215502189), ([[826, 604], [882, 604], [882, 662], [826, 662]], '5', 0.9023789184176536), ([[29.258368563208702, 356.06935338500614], [61.502320745664555, 343.03166610925], [89.7416314367913, 416.93064661499386], [56.497679254335445, 429.96833389075]], '용', 0.010651518673421345)]
[([[707, 102], [863, 102], [863, 130], [707, 130]], '아그으으욕   ', 0.23756434392709347), ([[88, 608], [154, 608], [154, 638], [88, 638]], '으탓!', 0.07876903563737869)]
[([[492, 58], [560, 58], [560, 90], [492, 90]], '아양!', 0.8790026513829001), ([[433, 84], [617, 84], [617, 121], [433, 121]], '안돼, 안팎니다', 0.2771842807214484), ([[428, 116], [624, 116], [624, 148], [428, 148]], '그렇게 겪렬아게', 0.16791717985399007), ([[466, 144], [586, 144], [586, 176], [466, 176]], '움직이면!', 0.807284204104896), ([[655, 91], [789, 91], [789, 235], [655, 235]], '행', 0.13842981962428613), ([[7, 351], [67, 351], [67, 411], [7, 411]], '(굶', 0.03016818002165561), ([[601, 381], [739, 381], [739, 523], [601, 523]], '낭', 0.004271589991882374), ([[134, 564], [254, 564], [254, 596], [134, 596]], '위험애에!', 0.9512815616888426), ([[108, 594], [216, 594], [216, 626], [108, 626]], '공주님의', 0.7959558963775635), ([[120, 622], [264, 622], [264, 654], [120, 654]], '너무 좋아거', 0.5284861331451681), ([[220, 594], [278, 594], [278, 622], [220, 622]], '보끼', 0.43138516845138253), ([[557, 551], [709, 551], [709, 683], [557, 683]], '넓', 0.30015328619885295), ([[106, 648], [279, 648], [279, 685], [106, 685]], '허리가 멈추지', 0.5090569892880487), ([[120, 680], [266, 680], [266, 712], [120, 712]], '않아아아아!', 0.852369148065535), ([[719.5746437496367, 292.29857499854666], [775.6833305240914, 239.0233743482656], [870.4253562503633, 351.70142500145334], [814.3166694759086, 404.9766256517344]], '중', 0.9878754821784383)]
[([[432, 60], [560, 60], [560, 90], [432, 90]], '하아, 하아', 0.7728610481697481), ([[395, 87], [613, 87], [613, 123], [395, 123]], '(마이토 , 죄종애요', 0.47942857705079583), ([[356, 118], [630, 118], [630, 150], [356, 150]], '저 더럽어저버럿습니다-', 0.19359328190815897), ([[839, 561], [881, 561], [881, 607], [839, 607]], '3', 0.9636485316272037), ([[118, 588], [174, 588], [174, 620], [118, 620]], '후우', 0.9912073099271058), ([[76, 618], [246, 618], [246, 650], [76, 650]], '굉장이 종없어', 0.5202388944419332), ([[867, 595], [907, 595], [907, 641], [867, 641]], '3', 0.17256305156809848), ([[114, 646], [206, 646], [206, 678], [114, 678]], '공주님!', 0.6751990914344788)]
[([[97, 61], [279, 61], [279, 98], [97, 98]], '그런 것 따위에', 0.6984740604359175), ([[76, 94], [254, 94], [254, 126], [76, 126]], '필 거 같습니까', 0.6425892091501021), ([[272, 94], [302, 94], [302, 124], [272, 124]], '?!', 0.9909028846584153), ([[116, 122], [260, 122], [260, 154], [116, 154]], '그리고 폐계', 0.30244444300536194), ([[104, 150], [274, 150], [274, 182], [104, 182]], '아직 싸이토가', 0.4935679899744846), ([[130, 180], [248, 180], [248, 212], [130, 212]], '있습니다!', 0.8580453371014196), ([[713, 383], [751, 383], [751, 419], [713, 419]], '9', 0.3749544912246374)]
[([[52, 62], [212, 62], [212, 92], [52, 92]], '가이토? 아아,', 0.5439878324049433), ([[220, 62], [388, 62], [388, 94], [220, 94]], '그 녀적이라면', 0.6678593221239263), ([[74, 92], [366, 92], [366, 124], [74, 124]], '이제 이 세계에 없습니다', 0.9334714801479329), ([[63, 115], [371, 115], [371, 153], [63, 153]], '온자서 대군올 상대아다니', 0.7258117242334468), ([[70, 148], [366, 148], [366, 180], [70, 180]], '명경한 것도 정도가 위지', 0.21252038127784578), ([[77, 175], [353, 175], [353, 211], [77, 211]], '예전에 죽어버럿습니다', 0.3768437131483834), ([[293, 305], [401, 305], [401, 423], [293, 423]], '*리', 0.07173315336200567), ([[233, 477], [355, 477], [355, 589], [233, 589]], '꽤', 0.1224762564482953), ([[654, 532], [712, 532], [712, 564], [654, 564]], '이극', 0.25629464391189893), ([[741, 531], [955, 531], [955, 567], [741, 567]], '거, 거짓말이에요!', 0.7433788501044929), ([[762, 562], [880, 562], [880, 594], [762, 594]], '그럴 리가', 0.6646426130104358), ([[740, 590], [868, 590], [868, 622], [740, 622]], '못 믿어요!', 0.9921681614306668), ([[513.1468052029703, 346.02142353910904], [736.8894089801202, 446.06405984022336], [673.8531947970297, 578.978576460891], [450.11059101987985, 478.93594015977664]], '"떤판거하', 1.3454605924247554e-05)]
[([[364, 152], [412, 152], [412, 204], [364, 204]], '눈', 0.7219795115745455), ([[101, 221], [263, 221], [263, 257], [101, 257]], '1시간 정도면', 0.9434008453489109), ([[114, 252], [251, 252], [251, 284], [114, 284]], '끝날테니까', 0.7060267158398517), ([[603, 299], [675, 299], [675, 363], [603, 363]], '흉', 0.003712032133378909), ([[666, 348], [696, 348], [696, 382], [666, 382]], '8', 0.999741213377181), ([[662, 508], [861, 508], [861, 540], [662, 540]], '전 위고 워율게요', 0.18782538396935064), ([[666, 536], [860, 536], [860, 568], [666, 568]], '그런 주고하쎄요', 0.46521788728063485), ([[852.6910264713479, 654.2242350038741], [1010.6880281395825, 622.72242988276], [1024.3089735286521, 728.7757649961259], [866.3119718604175, 760.27757011724]], '에틀%', 0.010254035234704357)]
[([[10, 16], [94, 16], [94, 48], [10, 48]], '3일 뒤', 0.729048990357078), ([[351, 99], [387, 99], [387, 135], [351, 135]], '8', 0.4104520936947189), ([[70, 126], [256, 126], [256, 158], [70, 158]], '아이이이이이익', 0.8744325673203198), ([[96, 156], [258, 156], [258, 188], [96, 188]], "가! 가아 가'", 0.597053215604327), ([[80, 183], [247, 183], [247, 215], [80, 215]], '또 가버여어옷', 0.2581797240679408), ([[788, 240], [836, 240], [836, 298], [788, 298]], '8', 0.2107356306500927), ([[240, 362], [340, 362], [340, 480], [240, 480]], '표', 0.04760116027853556), ([[766, 514], [892, 514], [892, 546], [766, 546]], '죄송 죄종 ,', 0.3830832820701617), ([[740, 542], [910, 542], [910, 574], [740, 574]], '위고 있없네요', 0.3397096880728273), ([[742, 571], [912, 571], [912, 601], [742, 601]], '이젠 완벽하게', 0.5489449473504026), ([[746, 600], [906, 600], [906, 632], [746, 632]], '완성되없네요', 0.9705230982773683), ([[455, 633], [491, 633], [491, 673], [455, 673]], '%', 0.3175832901115463), ([[467.84846737030153, 510.06044001786455], [534.5633622717047, 460.0144357017575], [645.1515326296985, 626.9395599821355], [578.4366377282953, 676.9855642982425]], '천', 0.0057404569733796595)]
[([[96, 112], [178, 112], [178, 144], [96, 144]], '아예옛', 0.0328681300279026), ([[98, 142], [156, 142], [156, 172], [98, 172]], '아아', 0.9999274238982652), ([[428, 434], [556, 434], [556, 568], [428, 568]], '(3', 0.19578591364721631), ([[710, 550], [906, 550], [906, 582], [710, 582]], '조금 끼나져나요', 0.6180834241702883), ([[742, 580], [872, 580], [872, 612], [742, 612]], '뭐, 어가피,', 0.4643168350786761), ([[670, 608], [952, 608], [952, 640], [670, 640]], '장난감 정도의 존깨니까', 0.5833524817450677), ([[741, 637], [875, 637], [875, 669], [741, 669]], '문제없네요', 0.4501419434459367)]
[([[51, 67], [349, 67], [349, 105], [51, 105]], '여기 계신 여러분, 오늘은', 0.7355927489841573), ([[114, 100], [286, 100], [286, 132], [114, 132]], '제 저녁파티에', 0.638529473707186), ([[60, 128], [338, 128], [338, 160], [60, 160]], '와주저거 감자드럽니다.', 0.43512859769033535), ([[75, 155], [325, 155], [325, 191], [75, 191]], '여용올 준비해뒷으니', 0.23207788479238442), ([[116, 185], [277, 185], [277, 217], [116, 217]], '즐겨주시지요', 0.5034966814646179), ([[713, 565], [849, 565], [849, 597], [713, 597]], '여흥이라니', 0.4580660648494701), ([[621, 593], [985, 593], [985, 629], [621, 629]], '저건 패전국의 공주가 아년가?', 0.3709731001931452), ([[664, 624], [942, 624], [942, 656], [664, 656]], '도대체 월 아려분 거지?', 0.2090643187137632)]
[([[63, 59], [353, 59], [353, 95], [63, 95]], '저 변태같은 모습올 하고', 0.6657310869669695), ([[110, 92], [280, 92], [280, 122], [110, 122]], '파티에 오다니', 0.7590447023074256), ([[32, 120], [388, 120], [388, 152], [32, 152]], '마타구니에 박여워는 건 뭐지?', 0.43428765560039045), ([[108, 148], [304, 148], [304, 180], [108, 180]], '진짜 암돼지로군', 0.9486135601616345), ([[658, 180], [922, 180], [922, 212], [658, 212]], '공주 . 모두에게 인사틀', 0.5112332086207323), ([[621, 207], [947, 207], [947, 243], [621, 243]], '만약 똑바로 아지 못있다간,', 0.48118292900791015), ([[734, 238], [832, 238], [832, 270], [734, 270]], '알계지?', 0.7552835892896133), ([[768, 592], [796, 592], [796, 616], [768, 616]], '으', 0.9929679714670989), ([[826, 590], [886, 590], [886, 620], [826, 620]], '흐히', 0.9989302277763635), ([[742, 620], [930, 620], [930, 652], [742, 652]], '(이제 그 방으로', 0.996822661439913), ([[708, 648], [936, 648], [936, 680], [708, 680]], '돌아가는 건 싫어어', 0.7575190031205081), ([[620.0513167019495, 176.15395010584845], [661.7574350900542, 183.8182421042625], [655.9486832980505, 211.84604989415155], [614.2425649099458, 204.1817578957375]], '까,', 0.2434494877620913)]
[([[74, 66], [302, 66], [302, 98], [74, 98]], '파   파티의 여러분', 0.511285401628753), ([[86, 94], [262, 94], [262, 126], [86, 126]], '저, 양리에타는', 0.7291193136112862), ([[62, 124], [314, 124], [314, 156], [62, 156]], '공작 남께 육께개조클', 0.22221455239200574), ([[602, 122], [632, 122], [632, 148], [602, 148]], '1금', 0.18422796426132176), ([[88, 152], [266, 152], [266, 184], [88, 184]], '받아서어, 아아', 0.6292550259433377), ([[64, 177], [313, 177], [313, 216], [64, 216]], '순종적인 육노예로서', 0.46477010286327275), ([[727, 181], [933, 181], [933, 217], [727, 217]], '오늘 밤은 마음껏', 0.5106276824947515), ([[54, 210], [300, 210], [300, 242], [54, 242]], '다시 태어뉴습니다아', 0.45001456443419274), ([[714, 212], [946, 212], [946, 244], [714, 244]], '제 육체틀 한계까지', 0.3996092982443459), ([[712, 240], [896, 240], [896, 272], [712, 272]], '괴롭여주세요오', 0.982166799663694)]
[([[30, 52], [90, 52], [90, 82], [30, 82]], '아아', 0.9998447345407637), ([[110, 48], [393, 48], [393, 86], [110, 86]], '이녀석의 입보미 굉장해', 0.5166875476026246), ([[116, 80], [308, 80], [308, 112], [116, 112]], '기분 글내주는데', 0.6135391614592598), ([[101, 105], [323, 105], [323, 141], [101, 141]], '유두까지 발기해서', 0.4997059325482681), ([[374, 106], [406, 106], [406, 140], [374, 140]], '0', 0.9951100669998283), ([[41, 133], [385, 133], [385, 171], [41, 171]], '설사 필라하면서 느끼는 건가', 0.7124346077219876), ([[62, 166], [362, 166], [362, 198], [62, 198]], '하횟, 이녀석 진짜 변태야', 0.30288350997785124), ([[251, 343], [335, 343], [335, 379], [251, 379]], '응브움', 0.7966913684815661), ([[200, 374], [414, 374], [414, 406], [200, 406]], '그런 거 아니에요!', 0.46842659781440965), ([[234, 402], [294, 402], [294, 434], [234, 434]], '아아', 0.9999382975713449), ([[320, 404], [350, 404], [350, 434], [320, 434]], '유', 0.9594524691411301), ([[654.388137237664, 57.063058740787184], [679.4364819714845, 47.03192259390544], [704.611862762336, 110.93694125921282], [679.5635180285155, 120.96807740609457]], '쇼', 0.15895463114736774)]
[([[72, 22], [224, 22], [224, 54], [72, 54]], '무슨 소리지,', 0.6668343300755514), ([[46, 52], [242, 52], [242, 84], [46, 84]], '유두는 빨빛하고', 0.08241038536386117), ([[102, 77], [189, 77], [189, 113], [102, 113]], '보지틀', 0.4333943324529158), ([[41, 107], [257, 107], [257, 143], [41, 143]], '벌렁벌렁거리면저', 0.36753382291344217), ([[78, 138], [214, 138], [214, 170], [78, 170]], '보여지면서', 0.6231375424682264), ([[33, 165], [265, 165], [265, 201], [33, 201]], '흥분애버린 장녀가!', 0.8357227626816617), ([[501, 461], [602, 461], [602, 498], [501, 498]], '그, 그건', 0.8064755782714622), ([[626, 462], [715, 462], [715, 499], [626, 499]], '하지만', 0.8325105514291509), ([[503, 491], [717, 491], [717, 527], [503, 527]], '제 몸이 민감하게', 0.7350799918864095), ([[488, 522], [726, 522], [726, 554], [488, 554]], '개조되어버탤논데에', 0.2676553140711074), ([[533, 549], [679, 549], [679, 585], [533, 585]], '이렇계 많은', 0.6168107548828079), ([[470, 580], [718, 580], [718, 612], [470, 612]], '짜지에 둘러쌍없더니', 0.37572643857367505), ([[501, 605], [657, 605], [657, 643], [501, 643]], '이젠, 저느은', 0.4253902715131635), ([[502, 784], [558, 784], [558, 856], [502, 856]], '9)', 0.0412085577590068)]
[([[177, 129], [307, 129], [307, 161], [177, 161]], '응오오오 . ', 0.33309738606397055), ([[173, 157], [327, 157], [327, 193], [173, 193]], '옷 옷 ? 좋아', 0.4459044818735363), ([[162, 187], [340, 187], [340, 220], [162, 220]], '기분 좋아요오!', 0.9711759289712945), ([[542, 250], [708, 250], [708, 282], [542, 282]], '응잎! 희! 하학', 0.288344207266119), ([[558, 280], [718, 280], [718, 312], [558, 312]], '양, 양, 양 양', 0.38024457978318854), ([[167, 337], [323, 337], [323, 475], [167, 475]], '(중', 0.9320214475809142), ([[503, 385], [641, 385], [641, 533], [503, 533]], '랜', 0.1182906780387647), ([[564, 636], [656, 636], [656, 668], [564, 668]], '으라앗!', 0.4208497693180055), ([[508, 666], [712, 666], [712, 698], [508, 698]], '안까지 4여주마!', 0.488175681047867), ([[560, 694], [656, 694], [656, 724], [560, 724]], '돼지년!', 0.5297017693519592), ([[231, 679], [339, 679], [339, 797], [231, 797]], '1중"', 0.2839242032133264), ([[559, 937], [673, 937], [673, 1024], [559, 1024]], '제', 0.11477987536170886)]
[([[188, 52], [220, 52], [220, 84], [188, 84]], '웃', 0.20722376869105474), ([[248, 52], [306, 52], [306, 82], [248, 82]], '역미', 0.3655108920133538), ([[105, 77], [391, 77], [391, 115], [105, 115]], '공주님의 아날올 최고야', 0.9067593849672134), ([[58, 110], [434, 110], [434, 142], [58, 142]], '이번에 좀 더 진구름 불러와야지', 0.3998443722647283), ([[649, 291], [991, 291], [991, 329], [649, 329]], '하학* 끼 예로구멍 언제라도', 0.13429816782168358), ([[664, 324], [972, 324], [972, 356], [664, 356]], '쓸 주 위게 준비해둘게요 >', 0.3487242425672803)]
[([[34, 64], [290, 64], [290, 96], [34, 96]], '오늘도 잔뜩 애주세요', 0.5703722509896051), ([[124, 92], [206, 92], [206, 122], [124, 122]], '나으리', 0.9977217416560035), ([[436, 434], [498, 434], [498, 466], [436, 466]], '예넷,', 0.04859022678670439), ([[333, 461], [607, 461], [607, 497], [333, 497]], '오늘이야말로 철저하게', 0.49681263338013726), ([[314, 492], [628, 492], [628, 524], [314, 524]], '범애거 임신시켜 줄테니까.', 0.5633067332943615), ([[404, 519], [534, 519], [534, 549], [404, 549]], '각오하라고', 0.9993191248912526)]
[([[575, 81], [797, 81], [797, 118], [575, 118]], '으극! 이웬 한계다!', 0.6383760255048357), ([[638, 114], [732, 114], [732, 144], [638, 144]], '하다아!', 0.17255617678165436), ([[83, 193], [173, 193], [173, 257], [83, 257]], '(치', 0.09430447019509253), ([[552, 309], [727, 309], [727, 345], [552, 345]], '고르으으으유!', 0.6746460685246448), ([[500, 342], [778, 342], [778, 374], [500, 374]], '으유! 으으으으으으응0', 0.487020487878537), ([[219.49040683094873, 393.0185735839976], [269.99628910088603, 385.07126216202], [296.5095931690513, 543.9814264160024], [246.003710899114, 551.92873783798]], '뭐', 0.004570101071513177), ([[1096.1796058340997, 471.04217659076573], [1199.96603910501, 521.2636434440748], [1168.8203941659003, 583.9578234092343], [1065.03396089499, 533.7363565559252]], '우어', 0.043537504908940476)]
[([[528, 60], [556, 60], [556, 88], [528, 88]], '후', 0.9998529011466104), ([[608, 60], [730, 60], [730, 92], [608, 92]], '그럼 교대.', 0.8707974913739459), ([[502, 220], [532, 220], [532, 246], [502, 246]], '어', 0.9999529128849396), ([[559, 216], [797, 216], [797, 252], [559, 252]], '아, 아직 계속하나요', 0.7048129055070452), ([[812, 320], [956, 320], [956, 352], [812, 352]], '오늘올 위애', 0.6504938074945442), ([[738, 348], [1028, 348], [1028, 380], [738, 380]], '짜위도 안 하고 잠아앉어', 0.3184120626088443), ([[744, 377], [1024, 377], [1024, 410], [744, 410]], '반드시 임신시길 거니까', 0.5871541679386421)]
[([[78, 76], [246, 76], [246, 108], [78, 108]], '나앉다 나앉다', 0.2285980539880419), ([[70, 106], [248, 106], [248, 138], [70, 138]], '이젠 더는 못해', 0.529509594303027), ([[66, 366], [236, 366], [236, 398], [66, 398]], '이만큼 싸으니', 0.9320749130578283), ([[83, 394], [219, 394], [219, 426], [83, 426]], '수정햇계피', 0.0451146456838085), ([[732, 446], [792, 446], [792, 476], [732, 476]], '예에', 0.9956227421955293), ([[651, 473], [872, 473], [872, 509], [651, 509]], '이미 구정없어요오', 0.30124942657796777), ([[284, 586], [360, 586], [360, 682], [284, 682]], '소"', 0.2569449518841515)]
[([[560, 468], [638, 468], [638, 554], [560, 554]], '#', 0.7044451620891437), ([[527, 529], [593, 529], [593, 599], [527, 599]], '증', 0.007562323275793814), ([[343.0061162653264, 819.0550463879374], [401.6322370187267, 793.0222343340812], [454.9938837346736, 926.9449536120626], [397.3677629812733, 952.9777656659188]], '첫', 0.09046792612048193)]
[([[542, 144], [624, 144], [624, 176], [542, 176]], '이기0', 0.1899808495729864), ([[534, 172], [634, 172], [634, 204], [534, 204]], '안돼! 가', 0.7143514305385833), ([[513, 199], [659, 199], [659, 235], [513, 235]], '가버려어엇!', 0.8415816982373969), ([[393, 823], [435, 823], [435, 859], [393, 859]], '곱', 0.029607294008432206), ([[220, 914], [256, 914], [256, 946], [220, 946]], '8', 0.5852751364955111), ([[246.58882538288745, 566.0084568041647], [457.86584846165454, 758.3743399330498], [397.4111746171126, 828.9915431958353], [187.13415153834546, 635.6256600669502]], '[서니-', 0.012115073390305042)]
[([[388, 44], [436, 44], [436, 72], [388, 72]], '아', 0.9999806881883302), ([[448, 46], [502, 46], [502, 74], [448, 74]], '양*', 0.03775138401162961), ([[382, 72], [516, 72], [516, 104], [382, 104]], '감사합니다', 0.921273289050545), ([[392, 102], [500, 102], [500, 132], [392, 132]], '마스터9', 0.4443781077861786), ([[608, 236], [698, 236], [698, 268], [608, 268]], '또 저흘', 0.21908053591769192), ([[559, 263], [745, 263], [745, 299], [559, 299]], '지명애주세요 올', 0.19793913022087692), ([[330.31030298491004, 701.0340601475913], [377.49521002748605, 681.0175386124464], [431.68969701508996, 815.9659398524087], [383.50478997251395, 835.9824613875536]], '8', 0.20163255506148037)]
