582032
11
[([[27, 13], [117, 13], [117, 453], [27, 453]], '"', 0.46868833472317206), ([[608, 16], [707, 16], [707, 384], [608, 384]], '"', 0.20705457391252313), ([[7, 939], [95, 939], [95, 987], [7, 987]], '(가', 0.2684039495150079), ([[127, 941], [217, 941], [217, 983], [127, 983]], '귀르히', 0.4508240880030712), ([[9, 991], [83, 991], [83, 1035], [9, 1035]], '식가', 0.5047996805780061), ([[115, 986], [328, 986], [328, 1042], [115, 1042]], '[맵@명3*.서-2', 0.001421596031877293)]
[([[27, 13], [117, 13], [117, 453], [27, 453]], '"', 0.46868833472317206), ([[608, 16], [707, 16], [707, 384], [608, 384]], '"', 0.20705457391252313), ([[659, 963], [709, 963], [709, 977], [659, 977]], '[시이', 0.004038062366782695), ([[662, 974], [706, 974], [706, 1002], [662, 1002]], ':.', 0.005884557540909655), ([[661, 999], [707, 999], [707, 1011], [661, 1011]], '내스', 0.042741265214248716)]
[([[477, 19], [493, 19], [493, 61], [477, 61]], '룹', 0.0089788661012285), ([[431, 57], [469, 57], [469, 99], [431, 99]], '군여', 0.3345367277323933), ([[192, 90], [226, 90], [226, 120], [192, 120]], '3,', 0.04376845976607774), ([[170, 130], [202, 130], [202, 160], [170, 160]], '3?', 0.15065047511742427), ([[306, 508], [336, 508], [336, 532], [306, 532]], '서', 0.01166086745888606), ([[243, 625], [283, 625], [283, 665], [243, 665]], '나', 0.24722261080313856), ([[284, 556], [440, 556], [440, 654], [284, 654]], '@선@', 0.017004942767086154), ([[93, 751], [159, 751], [159, 859], [93, 859]], '#유', 0.0013338145805964334)]
[([[31, 33], [91, 33], [91, 117], [31, 117]], '혹', 0.18521723643275223), ([[25, 293], [67, 293], [67, 337], [25, 337]], '배;', 0.834131276405592), ([[46, 390], [72, 390], [72, 452], [46, 452]], '앞', 0.9386761294590542), ([[70, 398], [94, 398], [94, 510], [70, 510]], '출', 0.2758051862659592), ([[50, 792], [76, 792], [76, 854], [50, 854]], '앞', 0.8540071548726615), ([[136, 878], [192, 878], [192, 966], [136, 966]], '?', 0.1175864448762276), ([[157, 951], [173, 951], [173, 1023], [157, 1023]], '월', 0.0027021016495161337), ([[210, 964], [240, 964], [240, 1004], [210, 1004]], '47', 0.1249809558374699), ([[605.6433210733966, 573.0090930385738], [663.3144474228918, 585.8344150090292], [621.3566789266034, 782.9909069614262], [563.6855525771082, 771.1655849909708]], '"', 0.03010065794093464)]
[([[621, 801], [673, 801], [673, 845], [621, 845]], '17', 0.45632479413772575), ([[125, 917], [167, 917], [167, 973], [125, 973]], '딸달', 0.15829539579975557), ([[259, 913], [305, 913], [305, 955], [259, 955]], '섭례', 0.003998418384664211), ([[145, 953], [165, 953], [165, 1007], [145, 1007]], '힘', 0.7790537978156777), ([[261, 951], [305, 951], [305, 1011], [261, 1011]], '활륙', 0.018841544952658936), ([[151.8461255241468, 849.3999263627817], [224.20493054366605, 834.7199814109114], [231.1538744758532, 886.6000736372183], [159.79506945633395, 900.2800185890886]], '넷7> ,', 0.045803879622351495)]
[([[424, 30], [450, 30], [450, 114], [424, 114]], '쥐', 0.06975418599396566), ([[427, 115], [443, 115], [443, 147], [427, 147]], '?', 0.9518496813348101), ([[79, 313], [95, 313], [95, 359], [79, 359]], '혀', 0.13241078608070556), ([[423, 315], [443, 315], [443, 365], [423, 365]], '절', 0.029390541162151784), ([[421, 343], [463, 343], [463, 419], [421, 419]], '출', 0.3149230542885597), ([[399, 425], [419, 425], [419, 493], [399, 493]], '굶', 0.012769201616010195)]
[([[104, 12], [128, 12], [128, 76], [104, 76]], '출', 0.19840818635174529), ([[559, 121], [615, 121], [615, 159], [559, 159]], '내>', 0.18430118181598007), ([[427, 263], [447, 263], [447, 299], [427, 299]], '육', 0.022717205732014856), ([[391, 279], [411, 279], [411, 313], [391, 313]], '스', 0.11226276741627217), ([[406, 262], [430, 262], [430, 330], [406, 330]], '봄', 0.018672618695100063), ([[506, 316], [556, 316], [556, 384], [506, 384]], '물륙', 0.008035072685347717), ([[508, 378], [532, 378], [532, 422], [508, 422]], '망', 0.8884121947046744), ([[475, 481], [515, 481], [515, 517], [475, 517]], '0', 0.3981351773290953), ([[637, 627], [679, 627], [679, 665], [637, 665]], '차', 0.003977452642836887), ([[647, 657], [695, 657], [695, 699], [647, 699]], '나5', 0.03087243113969447), ([[366, 890], [396, 890], [396, 924], [366, 924]], '아', 0.9981294089601853), ([[606.5223026835262, -3.9617233621379415], [630.9484575503706, 3.71887896541985], [611.4776973164738, 63.96172336213794], [586.0515424496294, 56.28112103458015]], '춤', 0.9269268477980894), ([[56.61517107855798, 84.03737250064569], [77.37897252940226, 81.03623325673377], [86.38482892144202, 138.9626274993543], [65.62102747059774, 141.96376674326623]], '풀', 0.9501128940230821)]
[([[254, 48], [284, 48], [284, 88], [254, 88]], '햇', 0.038507041097845196), ([[222, 48], [254, 48], [254, 154], [222, 154]], '굴', 0.0028620638954493516), ([[632, 59], [662, 59], [662, 128], [632, 128]], '닭', 0.053664329747364015), ([[325, 109], [345, 109], [345, 177], [325, 177]], '월', 0.041289911987727246), ([[608, 310], [664, 310], [664, 358], [608, 358]], '구1', 0.3963708807969357), ([[57, 453], [71, 453], [71, 481], [57, 481]], '혀', 0.13771307073736327), ([[55, 481], [91, 481], [91, 541], [55, 541]], '올교', 0.004594592339725925), ([[37, 733], [61, 733], [61, 873], [37, 873]], '}', 0.03632532405367095), ([[60, 750], [84, 750], [84, 814], [60, 814]], '칼', 0.019720380784882474), ([[43, 869], [61, 869], [61, 891], [43, 891]], '!?', 0.9958471880383453), ([[149, 891], [169, 891], [169, 935], [149, 935]], '잘', 0.1258242673100165), ([[101, 907], [145, 907], [145, 1021], [101, 1021]], '별', 0.012287852746261985), ([[337.0100505063388, 704.0703535443719], [427.5369972618731, 725.4964691337507], [410.9899494936612, 787.9296464556281], [320.4630027381269, 766.5035308662493]], '5', 0.9446150725694338)]
[([[63, 27], [113, 27], [113, 69], [63, 69]], '귀', 0.6030965483123261), ([[318, 32], [350, 32], [350, 112], [318, 112]], '차', 0.14607044067969444), ([[195, 129], [257, 129], [257, 167], [195, 167]], '귀', 0.6777170022673182), ([[91, 249], [109, 249], [109, 285], [91, 285]], '요', 0.07390212534065554), ([[71, 249], [91, 249], [91, 319], [71, 319]], '길', 0.13355036599680048), ([[91, 299], [109, 299], [109, 391], [91, 391]], '#', 0.1362528979351021), ([[444, 404], [648, 404], [648, 508], [444, 508]], '구소', 0.1735686849347075), ([[275, 729], [455, 729], [455, 817], [275, 817]], '쇼   #', 0.046462093767627374), ([[541, 875], [615, 875], [615, 935], [541, 935]], '~', 0.8769042282802388)]
[([[196, 376], [454, 376], [454, 500], [196, 500]], '및 ` 벼', 0.058185314537359), ([[545, 569], [587, 569], [587, 627], [545, 627]], '깨', 0.05305086109275692), ([[573, 629], [617, 629], [617, 685], [573, 685]], '깨', 0.15830848481514526), ([[49, 709], [101, 709], [101, 723], [49, 723]], '드 36 .', 0.03684576061884517), ([[46, 736], [237, 736], [237, 754], [46, 754]], '1,,,4?위" 544"7904가+7+00\'', 0.00014631648323625287), ([[47, 753], [123, 753], [123, 765], [47, 765]], '나+*5버산 7 씨소', 0.010480598462468137), ([[128, 750], [241, 750], [241, 768], [128, 768]], '시비도#쇼+587 바빠', 0.0034937670383955502), ([[93, 767], [123, 767], [123, 781], [93, 781]], '043)', 0.17374219000339508), ([[129, 765], [177, 765], [177, 781], [129, 781]], '군내 43 3', 0.2958077767761696), ([[183, 767], [241, 767], [241, 781], [183, 781]], "3+6'5카손", 0.008400037733718734), ([[49, 781], [105, 781], [105, 795], [49, 795]], '나대; #화#', 0.01912395904341926), ([[111, 781], [187, 781], [187, 795], [111, 795]], '%{하" 외니', 0.00018320756316496535), ([[47, 797], [105, 797], [105, 809], [47, 809]], ':,+)?+', 0.14880786593886897), ([[37, 835], [73, 835], [73, 853], [37, 853]], '5', 0.5149514536473276), ([[47, 875], [105, 875], [105, 889], [47, 889]], "''이 쇼-#:", 0.005309430537259531), ([[39, 905], [61, 905], [61, 917], [39, 917]], '씨', 0.09979224383214191), ([[145, 903], [201, 903], [201, 917], [145, 917]], "오'한:!", 0.01287789033718113), ([[39, 919], [69, 919], [69, 933], [39, 933]], '# #', 0.09306368231773376), ([[403, 913], [429, 913], [429, 927], [403, 927]], '팀닐', 0.008283099653333313), ([[601, 905], [617, 905], [617, 933], [601, 933]], '본', 0.12946602032437582), ([[39, 949], [69, 949], [69, 961], [39, 961]], '5;주', 0.001335983193995985), ([[402, 924], [430, 924], [430, 960], [402, 960]], '사령', 0.0012924041591242659), ([[581, 901], [619, 901], [619, 965], [581, 965]], '불분', 0.009566472364448634), ([[39, 965], [69, 965], [69, 977], [39, 977]], '일', 0.0077376230555934455), ([[117, 963], [157, 963], [157, 975], [117, 975]], '2/12/31', 0.9581635857090579), ([[403, 957], [429, 957], [429, 971], [403, 971]], '까까', 0.999529420725954), ([[109, 977], [157, 977], [157, 991], [109, 991]], '드@내', 0.002064764831953824), ([[129, 991], [235, 991], [235, 1005], [129, 1005]], '싸점교"# +형/ (<2데0금', 9.028783611108435e-07), ([[39, 1007], [79, 1007], [79, 1019], [39, 1019]], '"들; "1', 0.0689083621712154), ([[99, 1007], [133, 1007], [133, 1019], [99, 1019]], '57157', 0.287541003848338), ([[40, 1024], [72, 1024], [72, 1032], [40, 1032]], '[홍', 0.008092868141166176), ([[102, 1024], [146, 1024], [146, 1032], [102, 1032]], '시디 디"', 0.012471692377728957)]
[([[321, 213], [422, 213], [422, 280], [321, 280]], '여0', 0.1432445596557981), ([[126, 578], [160, 578], [160, 606], [126, 606]], '인', 0.796790304840389), ([[68, 646], [92, 646], [92, 672], [68, 672]], '@', 0.9982033700276958), ([[425.1715728752538, 445.1715728752538], [579.7156960538125, 423.51891835617266], [583.8284271247462, 460.8284271247462], [429.2843039461875, 483.48108164382734]], '보집7내다 !', 0.04392969308857698), ([[557.1370142686695, 446.46032711047206], [672.6943666540001, 435.46648931343395], [673.8629857313305, 472.53967288952794], [559.3056333459999, 482.53351068656605]], '해주시고', 0.3529985906129968), ([[327.817179374673, 454.268717498692], [467.2944963274479, 434.72834719192844], [473.182820625327, 511.731282501308], [333.7055036725521, 531.2716528080716]], "'#문울문", 0.001695353044317349), ([[465.6027607015021, 459.34524533285406], [557.7624530003314, 451.830019905742], [558.3972392984979, 483.65475466714594], [467.2375469996686, 490.169980094258]], '보마-로', 0.5582329630851746), ([[280.07944680100655, 473.6953361612079], [366.63368671874315, 459.5634436079583], [370.92055319899345, 490.3046638387921], [284.36631328125685, 504.4365563920417]], '일하실', 0.09269716948454076), ([[82.01985123916005, 507.601985123916], [281.79065951969136, 474.72293288908793], [286.98014876083994, 507.398014876084], [87.20934048030864, 540.2770671109121]], '여우최예 같이', 0.14889418408597743), ([[251.4050955543422, 498.33171977498705], [338.56862863262086, 491.1930994265211], [339.5949044456578, 528.668280225013], [252.4313713673791, 534.806900573479]], '시좌올', 0.8470478785899237), ([[164.1370142686695, 515.4603271104721], [253.45670152737026, 503.98723708532873], [256.86298573133047, 541.5396728895279], [167.54329847262974, 554.0127629146713]], '제목의', 0.6217166689439412), ([[26.13701426866951, 514.4603271104721], [84.10445600046506, 505.47762949962214], [87.86298573133048, 540.5396728895279], [29.895543999534937, 549.5223705003779]], '체획', 0.03731945222332355), ([[30.17157287525381, 541.1715728752538], [168.64443169135342, 518.3513285205782], [173.82842712474618, 556.8284271247462], [35.355568308646575, 578.6486714794218]], '신청양식은', 0.890311204711358), ([[473.1715728752538, 569.1715728752538], [717.8108392493187, 528.7844736877173], [722.8284271247462, 564.8284271247462], [478.18916075068125, 605.2155263122827]], '맛일주시면/되나다', 0.009439895222570403), ([[143.7811992150991, 547.6717988226486], [231.51158229165753, 536.0845914772777], [235.2188007849009, 569.3282011773514], [147.48841770834247, 581.9154085227223]], '넉네임', 0.05603614218807044), ([[29.186909216003396, 552.1270554336242], [151.6866415912299, 537.3282753417234], [159.8130907839966, 648.8729445663758], [37.313358408770114, 664.6717246582766]], '@죄', 0.011098593068186766), ([[178.2802656784306, 566.3885579247043], [250.5218843996887, 561.10360070786], [250.7197343215694, 594.6114420752957], [178.4781156003113, 599.89639929214]], '역', 0.21987374541922922), ([[360.4392624013421, 586.9271148816105], [475.63183753800183, 570.323767290153], [479.5607375986579, 605.0728851183895], [364.36816246199817, 621.676232709847]], '(<<여기로', 0.6324886583947531), ([[233.21456992734423, 614.8858279709377], [367.79006103325264, 592.8974758820211], [372.7854300726558, 621.1141720290623], [238.20993896674733, 644.1025241179789]], '@>@@[@@%', 0.0029716354560052815), ([[94.57002829714982, 638.9420169782899], [225.6653358948475, 616.3983406173776], [230.42997170285017, 649.0579830217101], [99.3346641051525, 671.6016593826224]], '@@-8@,@', 0.005245893222066666)]
