586007
9
[([[223, 37], [924, 37], [924, 208], [223, 208]], '후기랑께?', 0.8585195480888853), ([[235, 459], [381, 459], [381, 503], [235, 503]], '역자 후기', 0.99746231441128), ([[774, 458], [922, 458], [922, 506], [774, 506]], '식자 후기', 0.9965174375252351), ([[137, 543], [479, 543], [479, 587], [137, 587]], '3페이지까지 보고 소타', 0.8414003607390385), ([[768, 542], [914, 542], [914, 590], [768, 590]], '실망이당 .', 0.774536567021869), ([[98, 582], [516, 582], [516, 632], [98, 632]], '올스타전인줄 알앞는데 7가', 0.19134012619427843)]
[([[580, 150], [622, 150], [622, 174], [580, 174]], '77', 0.15700324653449732), ([[580, 302], [622, 302], [622, 328], [580, 328]], '터', 0.09929017883053692), ([[580, 444], [620, 444], [620, 470], [580, 470]], '#수', 0.6444718792177448), ([[580, 746], [620, 746], [620, 772], [580, 772]], '그추', 0.3605466401871927), ([[580, 1048], [620, 1048], [620, 1074], [580, 1074]], '03', 0.037616934559873), ([[582.8858279709377, 591.2145699273442], [625.7712263407149, 596.8509549318987], [622.1141720290623, 621.7854300726558], [579.2287736592851, 616.1490450681013]], "'7", 0.1116722817613168)]
[([[249, 517], [327, 517], [327, 581], [249, 581]], '`낡', 0.0023397905429922337), ([[422, 510], [612, 510], [612, 586], [422, 586]], '1(사3', 0.015262342058122158)]
[([[359, 57], [397, 57], [397, 113], [359, 113]], '날', 0.08328154718952874), ([[532, 96], [570, 96], [570, 122], [532, 122]], '라면', 0.9998953088334614), ([[28, 92], [80, 92], [80, 186], [28, 186]], '}', 0.017456410589483662), ([[516, 140], [592, 140], [592, 166], [516, 166]], '행복한데;', 0.4250501709299229), ([[532, 118], [586, 118], [586, 144], [532, 144]], '이렇게', 0.5455385791091756), ([[478, 636], [534, 636], [534, 662], [478, 662]], '힘들지', 0.9986123313673062), ([[482, 658], [532, 658], [532, 682], [482, 682]], '않아?', 0.9993258845254485), ([[472, 678], [538, 678], [538, 704], [472, 704]], '괜찮아?', 0.9983142614364624), ([[65, 787], [105, 787], [105, 807], [65, 807]], '네에', 0.9955406150629487), ([[54, 808], [132, 808], [132, 832], [54, 832]], '괜찮아 요', 0.9826174250704656), ([[389, 827], [567, 827], [567, 965], [389, 965]], '자', 0.1360482505548113), ([[532.5430712064641, 75.37752817163539], [585.5773046317263, 71.46458447471626], [586.4569287935359, 98.62247182836461], [533.4226953682737, 102.53541552528374]], '중은거', 0.5935163314784541), ([[15.185687072251008, 219.05551562743236], [60.36730680426732, 209.15787092722147], [80.81431292774899, 303.9444843725676], [35.63269319573268, 314.84212907277856]], '축', 0.6919671706772448), ([[71.39878160492891, 1018.0258666171754], [127.06866735603367, 1028.303865701553], [104.60121839507109, 1147.9741333828247], [48.93133264396633, 1137.696134298447]], '품', 0.02504621903178994)]
[([[646, 54], [698, 54], [698, 80], [646, 80]], '이렇게', 0.8006217015842844), ([[638, 76], [706, 76], [706, 102], [638, 102]], '소중하게', 0.9952110052108765), ([[638, 98], [706, 98], [706, 122], [638, 122]], '대해주고', 0.9999833106994629), ([[218, 410], [310, 410], [310, 436], [218, 436]], '많이 사랑해', 0.9994211903318191), ([[230, 432], [298, 432], [298, 458], [230, 458]], '주시논데', 0.8731592893600464), ([[212, 826], [272, 826], [272, 850], [212, 850]], '주 인남', 0.5740188956260681), ([[230, 848], [270, 848], [270, 872], [230, 872]], '기분', 0.9998491176164772), ([[230, 868], [272, 868], [272, 894], [230, 894]], '좋아', 0.9738426795991049), ([[231, 895], [273, 895], [273, 913], [231, 913]], "요' ?", 0.40169256925582886), ([[152, 1108], [190, 1108], [190, 1134], [152, 1134]], '분명', 0.9998384128068581), ([[83, 1085], [121, 1085], [121, 1201], [83, 1201]], '호', 0.751581280405901)]
[([[52, 104], [114, 104], [114, 128], [52, 128]], '하지만 .', 0.9771898206560371), ([[44, 126], [116, 126], [116, 150], [44, 150]], '그렇지만', 0.9998973608016968), ([[748, 144], [828, 144], [828, 170], [748, 170]], '기분 좋아', 0.8766479690126507), ([[751, 164], [824, 164], [824, 193], [751, 193]], '당연하지', 0.9999181628227234), ([[358, 224], [464, 224], [464, 252], [358, 252]], '전 수컷이라서', 0.9570092227204815), ([[366, 248], [458, 248], [458, 274], [366, 274]], '아이틀 낳아', 0.6620027910121218), ([[348, 270], [466, 270], [466, 296], [348, 296]], '드길 수 없는데:', 0.30237592864250634), ([[118, 530], [156, 530], [156, 554], [118, 554]], '좋아', 0.9988349228195859), ([[243, 480], [276, 480], [276, 554], [243, 554]], '흉', 0.03686510500400808), ([[110, 550], [160, 550], [160, 574], [110, 574]], '해요 ', 0.9851626970506294), ([[744, 654], [800, 654], [800, 680], [744, 680]], '주인남', 0.5543542197772466), ([[120, 778], [186, 778], [186, 802], [120, 802]], '원 해요:', 0.9062198908122464), ([[66, 906], [138, 906], [138, 932], [66, 932]], '주인남의', 0.9515332579612732), ([[75, 931], [113, 931], [113, 951], [75, 951]], '아이', 0.9999174774679479), ([[213, 965], [275, 965], [275, 1071], [213, 1071]], '탑', 0.2647110085693072), ([[738, 1026], [794, 1026], [794, 1054], [738, 1054]], '주인남', 0.6505683042641718), ([[740, 1004], [806, 1004], [806, 1032], [740, 1032]], '좋아해요', 0.9989050626754761)]
[]
[([[1, 0], [23, 0], [23, 19], [1, 19]], '12', 0.6971183232264497)]
[([[174, 538], [664, 538], [664, 612], [174, 612]], '9리긋너+어78', 0.00013839303946307644), ([[377, 1053], [527, 1053], [527, 1071], [377, 1071]], '4 5시 (-네-핵 (-_', 0.002255033452412583), ([[324, 1078], [410, 1078], [410, 1126], [324, 1126]], '첫취', 0.11719367113249027), ([[325, 1119], [409, 1119], [409, 1161], [325, 1161]], '1-', 0.3458641351280591), ([[373, 1173], [477, 1173], [477, 1191], [373, 1191]], '@45교 감79 2013', 0.009269709672778981)]
