591494
10
[([[95, 20], [312, 20], [312, 113], [95, 113]], '[7@회때', 0.03120244687074856), ([[415, 34], [1038, 34], [1038, 155], [415, 155]], '석자 우 린인간', 0.3047133577321705), ([[1099, 47], [1361, 47], [1361, 111], [1099, 111]], '**7/7', 0.32201466367091763), ([[89, 111], [266, 111], [266, 216], [89, 216]], '(떠패', 0.00480939385476617), ([[1147, 107], [1363, 107], [1363, 173], [1147, 173]], '"--', 0.05113275724887545), ([[427, 179], [963, 179], [963, 271], [427, 271]], '식 자:악하실역쇼리', 0.0016749661322970806), ([[148, 349], [293, 349], [293, 403], [148, 403]], '언모어교', 0.010800424963235855), ([[62, 1844], [368, 1844], [368, 1968], [62, 1968]], '구-타', 0.2552259912238559)]
[([[276.3642927471389, 328.0144404370558], [514.855248386005, 469.9919929875355], [449.6357072528611, 575.9855595629442], [211.14475161399503, 434.0080070124645]], '-처히', 0.0011394480446930615)]
[([[386, 332], [484, 332], [484, 380], [386, 380]], '잠깐', 0.9829303387562225), ([[390, 388], [478, 388], [478, 436], [390, 436]], '부 끄', 0.9523167610168457), ([[375, 449], [479, 449], [479, 493], [375, 493]], '러위', 0.40640282722388216), ([[1029, 503], [1123, 503], [1123, 547], [1029, 547]], '어때', 0.9995515027015525), ([[1028, 574], [1122, 574], [1122, 624], [1028, 624]], '사나', 0.8027535135042162), ([[861, 1349], [903, 1349], [903, 1403], [861, 1403]], '5', 0.15863193949915289), ([[1300, 1838], [1352, 1838], [1352, 1888], [1300, 1888]], '11', 0.97180060637386)]
[([[68, 1874], [146, 1874], [146, 1946], [68, 1946]], '14', 0.9999982298328214)]
[([[328, 1554], [606, 1554], [606, 1634], [328, 1634]], '오 마켓', 0.3648688163190294), ([[1318, 1474], [1418, 1474], [1418, 1628], [1318, 1628]], '0', 0.04915645241546174), ([[379, 1681], [544, 1681], [544, 1754], [379, 1754]], '562', 0.9941405047086064), ([[1332, 1636], [1432, 1636], [1432, 1854], [1332, 1854]], '#', 0.9271885445470538), ([[1009, 1897], [1085, 1897], [1085, 1961], [1009, 1961]], '15', 0.9999920764016744)]
[([[888, 88], [916, 88], [916, 120], [888, 120]], '9', 0.21685553379307976), ([[975, 1819], [1043, 1819], [1043, 1883], [975, 1883]], '17', 0.9999979769518709), ([[1183.1430466182294, 979.3576165455737], [1301.5690577431012, 969.9693076697328], [1301.8569533817706, 1013.6423834544263], [1184.4309422568988, 1022.0306923302672]], '-"] 스', 0.0004630649178227077)]
[([[836, 37], [1420, 37], [1420, 89], [836, 89]], '여 름 인지라 창고에 들어가', 0.7805263752874786), ([[836, 98], [1152, 98], [1152, 154], [836, 154]], '아어런 그림올', 0.12717880102906998), ([[1166, 98], [1422, 98], [1422, 150], [1166, 150]], '거내 눈 일에', 0.7469540662813147), ([[840, 160], [1032, 160], [1032, 210], [840, 210]], '무 언가 의', 0.47699526403196885), ([[1052, 158], [1350, 158], [1350, 212], [1052, 212]], '서클 컷 용 으로', 0.9538164009579632), ([[838, 218], [1034, 218], [1034, 274], [838, 274]], '준 비햇런', 0.7399663941477064), ([[1052, 218], [1406, 218], [1406, 270], [1052, 270]], '일러스 트 입 니다', 0.608644051824459), ([[129, 1801], [213, 1801], [213, 1869], [129, 1869]], '20', 0.9380689911417832)]
[([[176, 1758], [437, 1758], [437, 1871], [176, 1871]], '4,7사', 0.2134171724319458), ([[572.2188237503022, 1224.0635325042317], [978.8899119892211, 944.2136981420049], [1070.7811762496976, 1133.9364674957683], [665.1100880107789, 1413.786301857995]], '미구', 0.2337422301873059), ([[571.7513541332108, 1174.131364426091], [732.4679838374365, 1091.995362634594], [749.2486458667892, 1138.868635573909], [588.5320161625635, 1221.004637365406]], '신악7-위:', 0.0009451067721403849), ([[442.2103500411843, 1245.2731201317897], [576.282104530949, 1177.7971937011057], [593.7896499588156, 1224.7268798682103], [459.71789546905103, 1292.2028062988943]], ':권-:도', 0.00037904780146963586)]
[([[35, 22], [658, 22], [658, 119], [35, 119]], '역자 후기 : 첫 번역 후', 0.6816617230137187), ([[683, 29], [865, 29], [865, 95], [683, 95]], '며칠 도', 0.9631966399132602), ([[897, 31], [1089, 31], [1089, 95], [897, 95]], '안 돼서', 0.9605737875177128), ([[1113, 31], [1447, 31], [1447, 95], [1113, 95]], '두 번째 작 품', 0.6978602351089215), ([[41, 109], [879, 109], [879, 175], [41, 175]], '입니다 이 번에 받은  동인지의', 0.5694618131867869), ([[905, 107], [1391, 107], [1391, 175], [905, 175]], '불량이 적더군 요.', 0.5702059611086695), ([[41, 187], [843, 187], [843, 253], [41, 253]], '번 역 올하면서 조금은 실력이', 0.8909663611900854), ([[861, 187], [1203, 187], [1203, 251], [861, 251]], '늘 고 ) 있다 고', 0.4460993135794671), ([[1229, 187], [1413, 187], [1413, 251], [1229, 251]], '생각도', 0.998676602717594), ([[43, 265], [877, 265], [877, 329], [43, 329]], '들고 조금 더 노5해야 게다 고', 0.12948553546409694), ([[907, 266], [1091, 266], [1091, 326], [907, 326]], '생각도', 0.9919485356943716), ([[1119, 270], [1252, 270], [1252, 325], [1119, 325]], '하게', 0.9915443030531672), ([[1269, 267], [1447, 267], [1447, 329], [1269, 329]], '만 드 눈', 0.8690167122983502), ([[43, 341], [899, 341], [899, 409], [43, 409]], '군 요. 조금씩 조금씩 나아 지논', 0.5601948924188735), ([[919, 341], [1319, 341], [1319, 407], [919, 407]], '모습 으로 다시', 0.8670370434934271), ([[37, 419], [559, 419], [559, 485], [37, 485]], '찾아 빚 수 있다 고', 0.6690825829661075), ([[577, 423], [835, 423], [835, 485], [577, 485]], '생각하 며', 0.9038921772027864), ([[857, 416], [1410, 416], [1410, 489], [857, 489]], '이만 끝 내계숨 나다.', 0.6119966069198834), ([[31, 501], [261, 501], [261, 563], [31, 563]], '(아 근데', 0.6223725375081056), ([[279, 499], [407, 499], [407, 561], [279, 561]], '역자', 0.9384180478956234), ([[423, 501], [599, 501], [599, 563], [423, 563]], '71묘 좀', 0.006943641112811661), ([[625, 499], [1197, 499], [1197, 563], [625, 563]], '알려주 세 요 (식 자말)', 0.8445094187805833), ([[43, 575], [355, 575], [355, 641], [43, 641]], '부 탁 드러요', 0.8705624003747047), ([[73, 1148], [450, 1148], [450, 1220], [73, 1220]], '식자후 기:켓  ', 0.6102661617497598), ([[464, 1158], [656, 1158], [656, 1208], [464, 1208]], '대사가', 0.998317818778118), ([[685, 1153], [977, 1153], [977, 1217], [685, 1217]], '별 루 없네..', 0.31609470510314974), ([[1009, 1153], [1427, 1153], [1427, 1217], [1009, 1217]], '그리고 저 후기', 0.9196815295149665), ([[73, 1223], [998, 1223], [998, 1300], [73, 1300]], '말인데요 바꿀방법올 모르 게네 요', 0.3841792590830585), ([[1029, 1255], [1151, 1255], [1151, 1291], [1029, 1291]], '개 개', 0.26157504320144653), ([[75, 1307], [413, 1307], [413, 1373], [75, 1373]], '할림 브러시', 0.055583438480722176), ([[441, 1307], [569, 1307], [569, 1373], [441, 1373]], '틀 도', 0.5819135308265686), ([[589, 1307], [1057, 1307], [1057, 1373], [589, 1373]], '씨보 고 도장틀 도', 0.2942009318156757), ([[1091, 1307], [1359, 1307], [1359, 1373], [1091, 1373]], '씨 빚 건 만 .', 0.2966169238127991), ([[73, 1387], [809, 1387], [809, 1451], [73, 1451]], '저런 건 어 평계하 쇼 ? 전 국 의', 0.4565473333185293), ([[836, 1382], [1417, 1382], [1417, 1451], [836, 1451]], '식자분 도와 주 세 요!!', 0.40294062806124276), ([[67, 1463], [239, 1463], [239, 1529], [67, 1529]], '7- 좀', 0.058659255172094533), ([[260, 1463], [1331, 1463], [1331, 1532], [260, 1532]], '#마9./16722@,#-즌_기< 으로보내 주 시 면', 0.00019994955675674156), ([[71, 1541], [685, 1541], [685, 1607], [71, 1607]], '감 사하켓숨 니다규 규', 0.17207694958646985), ([[718, 1541], [1311, 1541], [1311, 1607], [718, 1607]], '그 럼 전 이만 월드 모 브', 0.5730341001949896), ([[71, 1621], [895, 1621], [895, 1685], [71, 1685]], '댐 크하러가 야계습 니다!( 어 서', 0.19185558883811635), ([[919, 1619], [1369, 1619], [1369, 1685], [919, 1685]], '서먼 이 나별 자.)', 0.2814803167153148), ([[115, 1667], [927, 1667], [927, 1733], [115, 1733]], '작가 후 기말 입니다 작가 후 기', 0.5686256240849253), ([[939, 1693], [1059, 1693], [1059, 1729], [939, 1729]], '가 _', 0.03517637774348259), ([[60, 1844], [368, 1844], [368, 1968], [60, 1968]], "' ", 0.021557754911925853), ([[388.84612552414677, 597.3999263627817], [539.5372822196043, 584.689479361604], [541.1538744758532, 634.6000736372183], [389.4627177803957, 647.310520638396]], '까 규)', 0.15705616772174835)]
[([[54, 30], [632, 30], [632, 154], [54, 154]], '그까', 0.2139391651161344), ([[1229, 49], [1363, 49], [1363, 109], [1229, 109]], '4', 0.13485986338432898), ([[1055, 105], [1365, 105], [1365, 171], [1055, 171]], "'?", 0.04031713578139687), ([[152, 902], [1196, 902], [1196, 1024], [152, 1024]], '팀아퀴번에서 팀원올 모집하고 잊습니다.', 0.0711872530626856), ([[137, 995], [197, 995], [197, 1037], [137, 1037]], '7 |', 0.4071991443634033), ([[188, 978], [844, 978], [844, 1082], [188, 1082]], '본적 으로는 일분어들 보고', 0.32301170777840965), ([[125, 1047], [301, 1047], [301, 1137], [125, 1137]], '한글로', 0.9992282993997235), ([[302, 1047], [559, 1047], [559, 1234], [302, 1234]], '등월하되', 0.012251943349838257), ([[542, 1072], [598, 1072], [598, 1148], [542, 1148]], '수', 0.9999585155974842), ([[598, 1064], [796, 1064], [796, 1238], [598, 1238]], '언분인', 0.011968320776966655), ([[663, 1063], [1030, 1063], [1030, 1171], [663, 1171]], '눈 여자분과', 0.6447971485957101), ([[132, 1128], [412, 1128], [412, 1216], [132, 1216]], '포토변등올', 0.09506572651468563), ([[427, 1155], [489, 1155], [489, 1197], [427, 1197]], '0 |', 0.41031700372695923), ([[531, 1147], [601, 1147], [601, 1215], [531, 1215]], '해', 0.9982304063997027), ([[798, 1156], [1080, 1156], [1080, 1236], [798, 1236]], '일본어예서', 0.2808850401532704), ([[113, 1194], [1323, 1194], [1323, 1327], [113, 1327]], '한글료 방표 주실숨 잇는 식청분이 사 면 되니다', 0.013875300115223503), ([[139, 1270], [598, 1270], [598, 1379], [139, 1379]], '관심있 으신분들은', 0.31630624294221504), ([[118, 1352], [1224, 1352], [1224, 1476], [118, 1476]], '\'|@*하"!234@화어+틱간`,<기* 로 메일 또는', 7.603798067117416e-06), ([[112, 1429], [761, 1429], [761, 1526], [112, 1526]], '서,01름-의 #예마모-서벼', 0.002404924791960845), ([[144, 1500], [176, 1500], [176, 1526], [144, 1526]], '벼', 0.03877421469020703), ([[174, 1496], [605, 1496], [605, 1599], [174, 1599]], '모예라자료실', 0.7092681701771278), ([[816, 1532], [985, 1532], [985, 1600], [816, 1600]], '오서서', 0.8790236894901782), ([[1053, 1488], [1339, 1488], [1339, 1615], [1053, 1615]], '[주 @회때', 0.03030974074495886), ([[108, 1557], [905, 1557], [905, 1693], [108, 1693]], '모예칸 또는-정키우차기루', 0.027586331989618396), ([[100, 1642], [402, 1642], [402, 1738], [100, 1738]], '찾아주세요', 0.9998247615942882), ([[1047, 1610], [1275, 1610], [1275, 1750], [1047, 1750]], '(떠뻐', 0.0048085027341250326), ([[1362, 1834], [1392, 1834], [1392, 1866], [1362, 1866]], '뼈', 0.5424843517764408), ([[61, 1841], [368, 1841], [368, 1968], [61, 1968]], "'", 0.6236035461099618), ([[587.9421394540648, 1502.0561108682089], [799.7014250014533, 1530.5746437496366], [784.0578605459352, 1615.9438891317911], [572.2985749985467, 1587.4253562503634]], '"채널로', 0.9922809600830078), ([[1203.617604175935, 1952.1203438028294], [1371.1175720894664, 1847.8509792723464], [1399.382395824065, 1910.8796561971706], [1231.8824279105336, 2015.1490207276536]], '왜격어쪽다', 0.002161463327084669), ([[1090.5362749548408, 1864.0179469174461], [1225.7029719510538, 1958.1355668621554], [1193.4637250451592, 2004.9820530825539], [1058.2970280489462, 1910.8644331378446]], '거의충회모', 0.006256004359834351)]
