595576
56
[([[20, 46], [690, 46], [690, 102], [20, 102]], '메이드와 존데레의 상성은 극앉이다', 0.4437546619482442), ([[173, 173], [381, 173], [381, 215], [173, 215]], '본 작품은 폭력적', 0.5276474192944817), ([[361, 203], [389, 203], [389, 223], [361, 223]], '이', 0.654245485868957), ([[380, 168], [554, 168], [554, 242], [380, 242]], '잘휘화 표현이', 0.029348299182879158), ([[251, 203], [359, 203], [359, 239], [251, 239]], '포함되어', 0.9987565279006958), ([[385, 217], [407, 217], [407, 237], [385, 237]], '터', 0.05329777520380241), ([[138, 216], [544, 216], [544, 268], [138, 268]], "표현이 거록환 분 ' 출평감월; 지니신", 0.16805403597805685), ([[540, 230], [588, 230], [588, 296], [540, 296]], '분분', 0.14438029204822014), ([[74, 246], [560, 246], [560, 296], [74, 296]], '또는 일러스트와 현설올 구분말 수 없으산_', 0.0734590670539113), ([[587, 255], [647, 255], [647, 295], [587, 295]], '등은', 0.9926658370545718), ([[216, 276], [496, 276], [496, 325], [216, 325]], '관람하치 말아 주십시호', 0.3122954991770247), ([[208, 410], [234, 410], [234, 440], [208, 440]], '5', 0.1174455400645833), ([[118, 546], [146, 546], [146, 572], [118, 572]], '새', 0.04721628420984203), ([[45.916113865058435, 417.37350743565776], [136.1180049717534, 355.8737884362698], [160.08388613494157, 401.62649256434224], [70.88199502824659, 463.1262115637302]], '@@"씨', 0.000874376273714006), ([[177.20015995201598, 374.0807837648784], [228.9542583958281, 397.3968080413144], [213.79984004798402, 430.9192162351216], [162.0457416041719, 407.6031919586856]], '서@', 0.005129548651498564), ([[282.23034215711596, 426.0747450012914], [345.92012235649514, 448.2046128552039], [332.76965784288404, 484.9252549987086], [269.07987764350486, 463.7953871447961]], '번역:', 0.999427737781367), ([[342.34240405077855, 448.05442430467144], [441.99704469852526, 483.84626751159516], [428.65759594922145, 515.9455756953286], [330.00295530147474, 480.15373248840484]], '리치니스', 0.9982228875160217)]
[([[253, 369], [767, 369], [767, 405], [253, 405]], '여기논 역식자 리치니스의 마지막 경고입니다', 0.7703750059293059), ([[175, 393], [849, 393], [849, 433], [175, 433]], "이 다음 폐이지틀 '넘길 시는 장담합니다 한지만 도중부터는", 0.2881406753794961), ([[293, 421], [381, 421], [381, 461], [293, 461]], '장담활', 0.3159471293437284), ([[328, 416], [452, 416], [452, 490], [328, 490]], '정마적얼들', 0.006354061971701919), ([[380, 426], [412, 426], [412, 456], [380, 456]], '수', 0.9999880791065721), ([[439, 421], [721, 421], [721, 459], [439, 459]], "'습니다 이걸 보실 분들은", 0.2080574395164554), ([[702, 422], [728, 422], [728, 446], [702, 446]], '으', 0.9945492123436885), ([[250, 452], [334, 452], [334, 484], [250, 484]], '자신의', 0.9999836883706708), ([[440, 447], [771, 447], [771, 488], [440, 488]], '점검하고 화주시기 바람니다.', 0.3132730270571236), ([[441, 477], [613, 477], [613, 513], [441, 513]], '보시켓습니까?', 0.9560861588066862), ([[381, 521], [441, 521], [441, 559], [381, 559]], '붙다', 0.48868580404975165), ([[533, 521], [677, 521], [677, 559], [533, 559]], '보지 안듣다', 0.07316448131295095)]
[([[583, 233], [719, 233], [719, 273], [583, 273]], '음 흐분: .', 0.20940683004912597)]
[([[549, 207], [741, 207], [741, 249], [549, 249]], '이런 짓올 해도', 0.7507240935193704), ([[564, 240], [600, 240], [600, 266], [564, 266]], '나', 0.9894966579993003), ([[603, 239], [703, 239], [703, 279], [603, 279]], '절대 널', 0.9785797036443159), ([[547, 269], [717, 269], [717, 309], [547, 309]], '주인남이라곧', 0.3090012126289906), ([[559, 299], [709, 299], [709, 339], [559, 339]], '인정 못 해', 0.9990817405350338)]
[([[571, 195], [699, 195], [699, 233], [571, 233]], '당장 풀에', 0.9891081967562808), ([[618, 226], [700, 226], [700, 256], [618, 256]], '하다고', 0.9997590457601085), ([[558, 218], [710, 218], [710, 292], [558, 292]], '형출하다;? ', 0.008020951337590548), ([[545, 277], [723, 277], [723, 315], [545, 315]], '구속을 안 한면', 0.5418359149069477), ([[521, 303], [749, 303], [749, 341], [521, 341]], '아무것도 못 하편서', 0.7129542124249967)]
[([[593, 223], [685, 223], [685, 261], [593, 261]], '우극?', 0.9282266401399588), ([[555, 253], [641, 253], [641, 291], [555, 291]], '카학 .', 0.44125932455062866), ([[654, 254], [714, 254], [714, 286], [654, 286]], '아 ', 0.46364722284260396)]
[([[608, 178], [692, 178], [692, 208], [608, 208]], '최저야', 0.8234485387802124), ([[529, 203], [723, 203], [723, 241], [529, 241]], '폭력으로 사람을', 0.7006558785107158), ([[527, 231], [747, 231], [747, 267], [527, 267]], '사람을 글복시키려', 0.4978117523303243), ([[584, 260], [682, 260], [682, 288], [584, 288]], '하다니 .', 0.7673294527710581), ([[529, 285], [617, 285], [617, 321], [529, 321]], '너 갈은', 0.9837904678316579), ([[617, 283], [751, 283], [751, 350], [617, 350]], '주절대뷰', 0.055576737970113754), ([[542, 300], [626, 300], [626, 350], [542, 350]], '인청활', 0.10056320411587574), ([[657, 313], [735, 313], [735, 349], [657, 349]], '없어"', 0.19027964770793915)]
[([[624, 224], [706, 224], [706, 256], [624, 256]], '허곡: .', 0.4736339866899902), ([[552, 218], [626, 218], [626, 294], [552, 294]], '알보', 0.14157734914789002), ([[590, 252], [719, 252], [719, 292], [590, 292]], '보는거야!', 0.7440718170596249)]
[([[555, 237], [721, 237], [721, 279], [555, 279]], '하극! 커책', 0.268643632017672)]
[([[572, 239], [694, 239], [694, 275], [572, 275]], '하기이이!', 0.40526514052684315), ([[618, 272], [648, 272], [648, 300], [618, 300]], '고', 0.627690910412241), ([[645, 279], [671, 279], [671, 293], [645, 293]], '7', 0.007205654424676189)]
[([[585, 231], [685, 231], [685, 267], [585, 267]], '이기야-', 0.9433878064155579), ([[545, 261], [719, 261], [719, 299], [545, 299]], '그만: . 그혹!', 0.23831879881441703)]
[([[522, 224], [642, 224], [642, 256], [522, 256]], '하아하아 -', 0.6458589772582236), ([[638, 218], [752, 218], [752, 291], [638, 291]], "'운울웃도", 0.024785128272398264), ([[652, 226], [706, 226], [706, 258], [652, 258]], '우으', 0.9614600241262765), ([[519, 251], [623, 251], [623, 287], [519, 287]], '이정도는', 0.6178850641796717), ([[588, 278], [688, 278], [688, 310], [588, 310]], '아니라고', 0.9997521042823792)]
[([[563, 201], [709, 201], [709, 239], [563, 239]], '끄하아아 .', 0.464067260735876), ([[565, 231], [601, 231], [601, 273], [565, 273]], '잇;', 0.27093382242207026), ([[611, 231], [707, 231], [707, 269], [611, 269]], '이익 .', 0.6967223882675171), ([[576, 264], [610, 264], [610, 296], [576, 296]], '그', 0.8664879233252276), ([[623, 261], [699, 261], [699, 301], [623, 301]], '그만', 0.999962236632581), ([[567, 291], [707, 291], [707, 329], [567, 329]], '으까아아]', 0.6077007832779073)]
[([[553, 193], [725, 193], [725, 229], [553, 229]], '허하익 뭐야이?', 0.18027508238701684), ([[568, 222], [710, 222], [710, 254], [568, 254]], '이가아아아!', 0.7437907851080352), ([[599, 247], [679, 247], [679, 283], [599, 283]], '아파]', 0.044833509281347786), ([[542, 278], [572, 278], [572, 308], [542, 308]], '소', 0.9997651714873115), ([[583, 275], [729, 275], [729, 311], [583, 311]], '손톱; . 벗기', 0.15444457479678836), ([[557, 299], [719, 299], [719, 335], [557, 335]], "기치; 마아하'", 0.2452213035143794)]
[([[546, 200], [670, 200], [670, 232], [546, 232]], '하아하아 ', 0.5315452301197472), ([[645, 197], [713, 197], [713, 261], [645, 261]], "'하운", 0.48554385719249304), ([[549, 227], [647, 227], [647, 263], [549, 263]], '이 짓율', 0.46883534159671486), ([[540, 284], [620, 284], [620, 314], [540, 314]], '뭐가 ;', 0.6170138120651245), ([[601, 244], [728, 244], [728, 323], [601, 323]], '"아제거워?:', 0.06661935404597498)]
[([[528, 229], [735, 229], [735, 272], [528, 272]], '허기이이아아아 -', 0.29035596760927507)]
[([[294, 9], [703, 9], [703, 45], [294, 45]], '팀 유어비스어서 팀원올 모집하고 있습니다', 0.2230628769359883), ([[172, 36], [830, 36], [830, 66], [172, 66]], '의짜; 여자 전부 모집아고 있습니다 연째 식자가 절실아게 부족아오니', 0.23491922477317617), ([[188, 60], [814, 60], [814, 90], [188, 90]], '관심이 있으시다면 {@3금명교,~미-없5$ ;어교으로 연락주시기 바람니다', 0.00020519578052982825), ([[713, 99], [893, 99], [893, 139], [713, 139]], '팀 유어비스?', 0.2655990582519065), ([[245, 165], [647, 165], [647, 201], [245, 201]], '@한하하하노6 한동안 잠자크-있으랜행건만뇨', 0.01588280308262117), ([[207, 219], [534, 219], [534, 283], [207, 283]], '모래-백로이똑쁨물옆', 0.0007029447600140195), ([[484, 226], [598, 226], [598, 258], [484, 258]], '올료잡안요?', 0.5266326031776796), ([[239, 263], [493, 263], [493, 301], [239, 301]], '둘러로편서 독자수플/비교_', 0.008956868363032984), ([[479, 243], [645, 243], [645, 303], [479, 303]], '탤운결로-3', 0.00273131265228862), ([[261, 335], [623, 335], [623, 399], [261, 399]], '만동안장렉렉딩콤전되치월%표록', 2.934765529436501e-05), ([[480, 340], [552, 340], [552, 372], [480, 372]], '마음에', 0.03388238376967836), ([[585, 335], [707, 335], [707, 397], [585, 397]], '푹안-진다 ', 0.008162036461027646), ([[433, 423], [707, 423], [707, 485], [433, 485]], '모예풍완없3"전움}', 4.894065851290693e-05), ([[618, 428], [878, 428], [878, 460], [618, 460]], '"내어시,시사@라늄 분인', 0.000346510005196073), ([[698, 450], [850, 450], [850, 482], [698, 482]], "'남기여터라고요3", 0.23064270797936318), ([[411, 503], [914, 503], [914, 582], [411, 582]], '따승하다  리터나트', 0.0007949959492026897), ([[911, 511], [947, 511], [947, 547], [911, 547]], '대', 0.07163024147383013), ([[336, 636], [422, 636], [422, 668], [336, 668]], '@모런데', 0.04930552840232849), ([[404, 616], [516, 616], [516, 648], [404, 648]], '처음엔 저도', 0.09120704091095284), ([[415, 635], [501, 635], [501, 671], [415, 671]], "'한필인면", 0.11323151430209347), ([[488, 612], [664, 612], [664, 668], [488, 668]], '상모양요어손렉', 0.0021288890814965982), ([[660, 618], [704, 618], [704, 644], [660, 644]], '이런', 0.9984052830590626), ([[697, 611], [951, 611], [951, 673], [697, 673]], '플기목똑이렉.인망엔', 3.051980468290554e-05), ([[559, 633], [723, 633], [723, 693], [559, 693]], '똑병하물회홀권중', 1.918339902633392e-05), ([[68, 701], [682, 701], [682, 750], [68, 750]], '&한필이현제간 이립 옆집환런 숨단에 말이조 ', 0.0012265659258840758), ([[265, 759], [493, 759], [493, 823], [265, 823]], '화샌물리]오또권틈', 5.709629288896281e-05), ([[363, 761], [551, 761], [551, 797], [363, 797]], '#내-예고시사썩님음', 0.000146485150829321), ([[487, 787], [739, 787], [739, 823], [487, 823]], "'단순히서내이':시사흡입음", 0.00011960510138543041), ([[542, 759], [749, 759], [749, 799], [542, 799]], "'잘못안 모없습리다", 0.0065684600214815534), ([[732, 756], [924, 756], [924, 828], [732, 828]], '겪려-리다', 0.01581554952944526), ([[151, 843], [373, 843], [373, 883], [151, 883]], '승분화오 받안지이3', 0.048809843424175096), ([[205, 899], [287, 899], [287, 937], [205, 937]], '한치만', 0.126680833041918), ([[415, 899], [785, 899], [785, 935], [415, 935]], "'전의} 방화신-당권 건서비-예장시히)", 0.0007109896271623622), ([[721, 895], [901, 895], [901, 959], [721, 959]], '굉@훨렉-영', 0.00024869776002451824), ([[214, 890], [527, 890], [527, 990], [214, 990]], '빨주탕 핑동안렉', 7.057879326289109e-06), ([[509, 921], [696, 921], [696, 954], [509, 954]], '{제에대한-책임은르', 0.049019087285408026), ([[483, 945], [891, 945], [891, 983], [483, 983]], '어쩐제어오? 이제 변역가지리의 짜움인되', 0.021244522922696234), ([[157, 996], [584, 996], [584, 1044], [157, 1044]], '그런고로 말합리다  서각@시:예.남', 0.0006885368891997637), ([[23, 1081], [319, 1081], [319, 1123], [23, 1123]], '이제제 승부조건입리다}', 0.275448958931885), ([[771, 1081], [953, 1081], [953, 1123], [771, 1123]], '양이 맡다걸나', 0.06141865511306987), ([[22, 1106], [392, 1106], [392, 1185], [22, 1185]], '갈요 주음픽환경콩', 0.0002148069320902989), ([[117, 1137], [391, 1137], [391, 1181], [117, 1181]], '/스학원감음 최면물음', 0.012114300932408393), ([[305, 1069], [798, 1069], [798, 1193], [305, 1193]], '@동7 하 5 @', 0.0007452599133501699), ([[776, 1116], [848, 1116], [848, 1148], [776, 1148]], '시지요', 0.8123921722059001), ([[779, 1137], [951, 1137], [951, 1181], [779, 1181]], '꽤불관해요?', 0.13959587644239063), ([[301, 1227], [794, 1227], [794, 1319], [301, 1319]], '따오라움움킬"-#-하 주히-주', 9.145589036917763e-07), ([[519, 1237], [915, 1237], [915, 1279], [519, 1279]], '거비어,물예/님? 마음에]들없습니다}', 0.001397811208004851), ([[782, 1274], [818, 1274], [818, 1300], [782, 1300]], '3', 0.021976922231861318), ([[475, 1291], [749, 1291], [749, 1329], [475, 1329]], '오시길리다리켓습이다 :.', 0.2661857067644089)]
[([[591, 205], [685, 205], [685, 241], [591, 241]], '아가약', 0.5178831801937928), ([[561, 233], [739, 233], [739, 271], [561, 271]], '희 아가아아아', 0.9144148827924293), ([[543, 259], [721, 259], [721, 295], [543, 295]], '아파아아아아 .', 0.4771643216314593), ([[565, 287], [709, 287], [709, 325], [565, 325]], '그; 그마안~', 0.617128787970308)]
[([[561, 205], [720, 205], [720, 245], [561, 245]], '희 뭐 뭐야?', 0.638328170221977), ([[518, 236], [582, 236], [582, 266], [518, 266]], '아파:', 0.47820916210912023), ([[601, 236], [741, 236], [741, 268], [601, 268]], '으끼으아아:', 0.7743748285508834), ([[565, 263], [689, 263], [689, 299], [565, 299]], '버 벌리면;', 0.9017737680906989), ([[559, 289], [721, 289], [721, 325], [559, 325]], '안돼에에에심', 0.3987739958399231)]
[([[571, 185], [685, 185], [685, 221], [571, 221]], '아파아앗;', 0.7684194221672651), ([[551, 213], [721, 213], [721, 249], [551, 249]], '월; 보는거야 .', 0.3694846278866859), ([[539, 239], [741, 239], [741, 277], [539, 277]], '여자 꺼_처음 화?', 0.7020004247378375), ([[519, 263], [757, 263], [757, 305], [519, 305]], '어차피 , 동정이켓지?', 0.6371085213925924), ([[533, 291], [745, 291], [745, 331], [533, 331]], '후; 최저인 당신과', 0.4734185122610807), ([[569, 321], [711, 321], [711, 357], [569, 357]], '잘 어울리네', 0.8935933072818696)]
[([[597, 169], [675, 169], [675, 205], [597, 205]], '하아?', 0.5528238415718079), ([[547, 201], [607, 201], [607, 239], [547, 239]], '어달', 0.15339216992695148), ([[634, 222], [725, 222], [725, 271], [634, 271]], '건들면', 0.6879255324072604), ([[566, 255], [709, 255], [709, 295], [566, 295]], '안돼에에"', 0.20208383293074028), ([[529, 317], [569, 317], [569, 353], [529, 353]], '나', 0.9957837295221594), ([[569, 279], [757, 279], [757, 357], [569, 357]], "]워워_어어'", 0.04536614585713283), ([[531.7530495244557, 231.0024396195646], [683.8037095880737, 171.493916544648], [706.2469504755443, 232.9975603804354], [555.1962904119263, 293.506083455352]], '용왼자', 0.020323294983396814)]
[([[559, 191], [713, 191], [713, 227], [559, 227]], "'뭐야  이번엔:", 0.4227899990375767), ([[601, 217], [697, 217], [697, 255], [601, 255]], '안돼에', 0.9639993642359602), ([[531, 245], [611, 245], [611, 283], [531, 283]], '절대로', 0.9999865102111692), ([[616, 248], [648, 248], [648, 272], [616, 272]], '안', 0.34316295755070314), ([[649, 247], [741, 247], [741, 283], [649, 283]], '들어가', 0.9905691146850586), ([[527, 271], [631, 271], [631, 311], [527, 311]], '싫에 나', 0.33516475008038493), ([[547, 299], [643, 299], [643, 335], [547, 335]], '그만해', 0.9497888684272766), ([[622, 268], [748, 268], [748, 342], [622, 342]], '(청울이야', 0.014006884537755199), ([[556, 326], [712, 326], [712, 364], [556, 364]], '싫어어어어!', 0.9436574296571922)]
[([[553, 129], [721, 129], [721, 165], [553, 165]], '하까아아아야', 0.5854984057145481), ([[551, 157], [633, 157], [633, 195], [551, 195]], '앗; 아:', 0.22709261364993877), ([[652, 158], [722, 158], [722, 190], [652, 190]], "카학'", 0.28070905565404297), ([[591, 185], [685, 185], [685, 221], [591, 221]], '으극??1', 0.33318798581294934), ([[557, 209], [717, 209], [717, 249], [557, 249]], '열리고 있어기', 0.2272563903341721), ([[641, 231], [663, 231], [663, 247], [641, 247]], '쇼', 0.6306677767730804), ([[586, 242], [616, 242], [616, 266], [586, 266]], '그', 0.999923707509879), ([[629, 239], [689, 239], [689, 275], [629, 275]], '그만', 0.5148812312964277), ([[547, 265], [723, 265], [723, 301], [547, 301]], '그만해에에에~', 0.9288577161466771), ([[559, 293], [707, 293], [707, 329], [559, 329]], '아기 만들 수', 0.8997152730611174), ([[551, 319], [721, 319], [721, 357], [551, 357]], '없제 돼버려심', 0.2892830124031486), ([[543, 347], [723, 347], [723, 383], [543, 383]], '아각! 용서해쥐', 0.35691734554026355), ([[548, 360], [730, 360], [730, 422], [548, 422]], "'용서스주세요", 0.13906257178573406)]
[([[528, 226], [724, 226], [724, 274], [528, 274]], '앗; 아아아아;', 0.48400129363450656), ([[597, 263], [681, 263], [681, 303], [597, 303]], '커책', 0.13371723900976315)]
[([[545, 165], [711, 165], [711, 201], [545, 201]], '이_이제 그만', 0.9817562139488786), ([[570, 194], [676, 194], [676, 224], [570, 224]], '해주세요', 0.985018867790887), ([[557, 220], [711, 220], [711, 252], [557, 252]], '용서해주세요', 0.9962705441890171), ([[546, 230], [714, 230], [714, 284], [546, 284]], '후인"주인남', 0.7368571884364048), ([[598, 274], [672, 274], [672, 304], [598, 304]], '허기; .', 0.1593556582831369), ([[595, 327], [679, 327], [679, 363], [595, 363]], '당신이', 0.9983959185293596), ([[539, 353], [729, 353], [729, 391], [539, 391]], '제 주인남이에요', 0.6494310071814691)]
[([[569, 221], [703, 221], [703, 257], [569, 257]], '학   싫어: ', 0.6145594216780533), ([[560, 252], [588, 252], [588, 276], [560, 276]], '끄', 0.18467960263139105), ([[601, 247], [717, 247], [717, 285], [601, 285]], '꼼직한 건', 0.6837972706840375), ([[527, 273], [719, 273], [719, 311], [527, 311]], '하지말아 주세요', 0.9714719893722285)]
[([[583, 157], [687, 157], [687, 193], [583, 193]], '우그끔', 0.3408523201720445), ([[558, 186], [712, 186], [712, 218], [558, 218]], '그마 아아안', 0.946740294059508), ([[522, 206], [740, 206], [740, 282], [522, 282]], '죄중해용최히해용', 0.00989270320135221), ([[527, 265], [735, 265], [735, 303], [527, 303]], '죄송해요죄송해요', 0.5370325217341487), ([[527, 291], [735, 291], [735, 331], [527, 331]], '죄송해요죄송해요', 0.6568458298268404), ([[565, 319], [699, 319], [699, 357], [565, 357]], '죄송해요 .', 0.5805357164339358)]
[([[569, 187], [705, 187], [705, 219], [569, 219]], '하기이이이!', 0.27639461336287297), ([[557, 213], [717, 213], [717, 251], [557, 251]], '앗;_잇아히길!', 0.0638483760336395), ([[582, 242], [694, 242], [694, 274], [582, 274]], '하아하아', 0.9972545504570007), ([[602, 270], [660, 270], [660, 298], [602, 298]], '아? ;', 0.32424551926199746), ([[523, 293], [751, 293], [751, 332], [523, 332]], '플리토리스는 안돼', 0.3841385511732201), ([[535, 321], [741, 321], [741, 357], [535, 357]], '허기이이이야각~!', 0.3054523008699772)]
[([[572, 216], [700, 216], [700, 248], [572, 248]], '이젠  제발:', 0.4345861765827576), ([[555, 241], [711, 241], [711, 279], [555, 279]], '용서해주세요', 0.9670909319250615), ([[591, 269], [675, 269], [675, 305], [591, 305]], '주인남', 0.7617799464468037)]
[([[515, 239], [759, 239], [759, 275], [515, 275]], '(너무해  이렇계까지)', 0.6397685613565978), ([[547, 265], [723, 265], [723, 304], [547, 304]], '(누가 구해쥐)', 0.6513794389476675)]
[([[507, 208], [765, 208], [765, 286], [507, 286]], '까이아똑아하아!', 0.06819241007466917)]
[([[572, 230], [688, 230], [688, 262], [572, 262]], '학 학 희', 0.27122146879165426), ([[597, 255], [661, 255], [661, 291], [597, 291]], '카학;', 0.4724843778846609)]
[([[559, 219], [717, 219], [717, 255], [559, 255]], '허가으에에', 0.43941372655079947), ([[529, 247], [725, 247], [725, 291], [529, 291]], '으우우우우우:-', 0.5873568281386163)]
[]
[([[535, 239], [751, 239], [751, 279], [535, 279]], '으구우으으육?', 0.8218696515057663)]
[([[536, 210], [726, 210], [726, 242], [536, 242]], '이 제 그만 해', 0.6778954441585774), ([[576, 228], [703, 228], [703, 271], [576, 271]], '죽어버터 :', 0.21336688695745495), ([[544, 264], [718, 264], [718, 296], [544, 296]], '나; 죽어버려어:', 0.8581814401421768), ([[520, 289], [745, 289], [745, 327], [520, 327]], '죽고싶지 않아요오', 0.4909959490574083)]
[([[581, 211], [699, 211], [699, 253], [581, 253]], '히그익', 0.6522681101955642), ([[555, 249], [713, 249], [713, 289], [555, 289]], '도와주어 ', 0.4405221570366572), ([[587, 283], [683, 283], [683, 325], [587, 325]], '끄액 .', 0.9053880572319031)]
[([[522, 245], [752, 245], [752, 283], [522, 283]], '끄으아 ; 허가악!', 0.40209155138279057)]
[([[525, 245], [729, 245], [729, 283], [525, 283]], '커넷: .. 으에에육', 0.13444040907750138)]
[([[530, 221], [740, 221], [740, 259], [530, 259]], '크끼야아아아야', 0.6899590706041185), ([[581, 253], [693, 253], [693, 291], [581, 291]], '나 난자', 0.5111492276191711), ([[527, 281], [745, 281], [745, 319], [527, 319]], '뒤흔들면 안돼에!', 0.5918163879285366)]
[([[567, 233], [717, 233], [717, 277], [567, 277]], '허기이익', 0.33720386028289795)]
[([[528, 216], [752, 216], [752, 268], [528, 268]], '으까아아아', 0.9360361898912921), ([[534, 262], [746, 262], [746, 316], [534, 316]], '으에에에]', 0.6971474557731114)]
[([[527, 231], [729, 231], [729, 267], [527, 267]], '아파아  ; 제발 그', 0.5665479576357116), ([[533, 257], [727, 257], [727, 295], [533, 295]], '단숨예   죽여쥐:', 0.36310102172147507)]
[([[587, 229], [687, 229], [687, 273], [587, 273]], '아학?', 0.999604814353587)]
[([[600, 138], [682, 138], [682, 170], [600, 170]], '비리리', 0.5058622821602383), ([[590, 166], [668, 166], [668, 198], [590, 198]], '[흐학:', 0.6358190178871155), ([[551, 191], [725, 191], [725, 227], [551, 227]], '처음 한 자위는', 0.7539987115079424), ([[561, 217], [719, 217], [719, 255], [561, 255]], '12살 때에요]', 0.8833831378385518), ([[587, 248], [691, 248], [691, 278], [587, 278]], '비리리리', 0.6382759213447571), ([[587, 273], [685, 273], [685, 309], [587, 309]], '[허기익_', 0.46652879807759856), ([[525, 299], [727, 299], [727, 337], [525, 337]], '제일 느기는 곳은', 0.4120601834105107), ([[549, 327], [729, 327], [729, 363], [549, 363]], '플리도리스에요', 0.35529300291849414), ([[519, 353], [755, 353], [755, 389], [519, 389]], '[하악 ; 뇌로 가지고', 0.5804120987455641), ([[533, 381], [747, 381], [747, 417], [533, 417]], '놀지 말아주요오]', 0.6891295185762686)]
[([[559, 211], [713, 211], [713, 273], [559, 273]], '부탁되야 .', 0.13270025567486177), ([[624, 242], [662, 242], [662, 274], [624, 274]], '만;', 0.5279418631586801), ([[539, 269], [713, 269], [713, 305], [539, 305]], '용서해_주세요', 0.4306021886207405), ([[541, 295], [713, 295], [713, 333], [541, 333]], '제발 죽여; 쥐:', 0.6964614895584104)]
[([[585, 207], [699, 207], [699, 245], [585, 245]], '싫어어어', 0.9662235379219055), ([[595, 235], [667, 235], [667, 273], [595, 273]], '제발;', 0.41334702953730834), ([[519, 262], [736, 262], [736, 303], [519, 303]], '가지고 놀지 마요', 0.7965479289037228), ([[553, 295], [731, 295], [731, 333], [553, 333]], '빨리 죽여취"', 0.11441002011906833)]
[([[513, 229], [763, 229], [763, 269], [513, 269]], '하가아아아아아!', 0.28239483122700604)]
[([[531, 219], [743, 219], [743, 261], [531, 261]], '아가아으으으', 0.8228992679039907), ([[567, 255], [681, 255], [681, 297], [567, 297]], '으레혜', 0.5485187968419358)]
[]
[]
[]
[]
[]
[([[41, 165], [199, 165], [199, 201], [41, 201]], '으그   으분  -', 0.24980401098695953)]
[([[61, 129], [165, 129], [165, 165], [61, 165]], '아 아아:', 0.937146434216556), ([[35, 155], [185, 155], [185, 193], [35, 193]], '왜 이런 짓율:', 0.519470144689953)]
