598519
37
[([[30, 27], [141, 27], [141, 444], [30, 444]], '"', 0.5848777586715102), ([[25, 695], [91, 695], [91, 735], [25, 735]], '성인', 0.9988477433729398), ([[368, 696], [541, 696], [541, 736], [368, 736]], '역자:리라스터', 0.7155402084141502), ([[23, 727], [63, 727], [63, 769], [23, 769]], '향', 0.9900158762903608), ([[423, 727], [541, 727], [541, 765], [423, 765]], '식자:종이', 0.9942859006354943)]
[([[500, 142], [526, 142], [526, 192], [500, 192]], '춤', 0.23646043602845168), ([[485, 175], [503, 175], [503, 221], [485, 221]], '춤', 0.023823328376554542), ([[452, 362], [506, 362], [506, 444], [452, 444]], '한', 0.21009062615116036), ([[454, 650], [478, 650], [478, 722], [454, 722]], '@', 0.057731923118247375), ([[462.21727292457166, 286.05127422674474], [505.5481566867931, 270.0250921139549], [542.7827270754283, 373.94872577325526], [499.4518433132069, 390.9749078860451]], '#', 0.07193522595754587), ([[18.53038702702166, 622.0221024864296], [59.004720718606656, 617.1019864967925], [73.46961297297834, 737.9778975135704], [32.995279281393344, 743.8980135032075]], '3', 0.0048927804081882464)]
[([[194, 530], [218, 530], [218, 582], [194, 582]], '젊', 0.1959217855601878), ([[300, 510], [352, 510], [352, 586], [300, 586]], '죽중', 0.022051259302772568), ([[300.728562357417, 206.0185052091441], [317.2609090251428, 204.01709140891492], [326.271437642583, 282.9814947908559], [309.7390909748572, 283.9829085910851]], '}', 0.35211832715971525)]
[([[487, 51], [505, 51], [505, 77], [487, 77]], '등', 0.7459616838413154), ([[484, 84], [512, 84], [512, 118], [484, 118]], '앗', 0.5308905681467913), ([[302, 300], [334, 300], [334, 390], [302, 390]], '중', 0.013882595782506668), ([[19, 541], [47, 541], [47, 614], [19, 614]], '5', 0.4823340159976084), ([[71.55534031012748, 280.0198114734277], [107.90163934426229, 276.08196721311475], [120.44465968987252, 401.9801885265723], [84.09836065573771, 405.91803278688525]], '낡', 0.07405761471537264), ([[30.60127388858555, 358.0159236073194], [71.72227115552137, 352.0524425846786], [90.39872611141445, 492.9840763926806], [50.277728844478624, 498.9475574153214]], ';', 0.13877006221810007), ([[18.615171078557978, 672.0373725006457], [35.35777087639997, 670.0322601798002], [41.38482892144202, 726.9626274993543], [24.642229123600035, 728.9677398201998]], '5', 0.30228624306710117)]
[([[414, 620], [468, 620], [468, 754], [414, 754]], ';', 0.007016864826980829), ([[74.49756919330335, 595.0210734003099], [124.61279380688367, 590.2208221920001], [136.50243080669665, 725.9789265996901], [85.38720619311633, 730.7791778079999]], '술', 0.019660098441222296)]
[([[149, 124], [201, 124], [201, 224], [149, 224]], '$', 0.6312689771045008), ([[336, 258], [392, 258], [392, 324], [336, 324]], "축붙'", 0.009859314190786563), ([[65, 355], [81, 355], [81, 397], [65, 397]], '음', 0.03738998007740779), ([[101.592091491776, 393.0420391605248], [122.3398138330153, 388.0290797685113], [135.407908508224, 444.9579608394752], [115.6601861669847, 449.9709202314887]], '통', 0.17443641356431616), ([[31.400119964011996, 424.0605878236588], [56.540983606557376, 419.04918032786884], [69.59988003598801, 478.9394121763412], [44.459016393442624, 484.95081967213116]], '탑', 0.03231849328814462), ([[32.56971278304332, 578.0310182029989], [57.46195626379469, 574.0357806406507], [70.43028721695667, 652.9689817970011], [44.53804373620531, 656.9642193593493]], '눕', 0.09924133382300226), ([[19.575735931288072, 652.0301515190165], [44.49319696191607, 648.0408182285036], [56.42426406871193, 727.9698484809835], [30.506803038083927, 731.9591817714964]], '5', 0.9549715074872758)]
[([[508.5032492994646, 70.0626722679119], [526.3515812769673, 61.03114484898303], [548.4967507005354, 112.9373277320881], [530.6484187230327, 120.96885515101697]], '?', 0.8199640273244455), ([[145.50324929946458, 324.0626722679119], [161.54944225579476, 323.0769521047184], [164.49675070053542, 366.9373277320881], [148.45055774420524, 368.9230478952816]], '급', 0.10028430604963035), ([[31.592091491776, 415.0420391605248], [48.35777087639997, 411.0322601798002], [59.407908508224004, 466.9579608394752], [41.64222912360003, 469.9677398201998]], '님', 0.006346056028951941), ([[17.600079976007997, 446.04039188243917], [33.37081571839565, 444.03467669250307], [42.399920023992, 498.95960811756083], [26.62918428160435, 500.96532330749693]], '#', 0.3341382393114287)]
[([[321, 55], [333, 55], [333, 101], [321, 101]], '응', 0.736462352015451), ([[23, 77], [65, 77], [65, 149], [23, 149]], '춤', 0.018323613129539673), ([[13, 141], [53, 141], [53, 219], [13, 219]], '#', 0.021132148540248474), ([[238.40191558710754, 134.03589937299262], [280.2009010137673, 127.14635840269054], [295.59808441289243, 226.96410062700738], [253.7990989862327, 233.85364159730946]], '칼', 0.022170394162807305), ([[30.5881808562937, 364.0169883611538], [71.57247877713763, 372.7125353714373], [44.4118191437063, 494.9830116388462], [3.4275212228623677, 486.2874646285627]], '탑', 0.2353185413712433)]
[([[479, 115], [523, 115], [523, 203], [479, 203]], '틈', 0.014830014695466076), ([[36, 138], [108, 138], [108, 262], [36, 262]], '쇼', 0.37705421939917017), ([[437, 175], [473, 175], [473, 255], [437, 255]], '흙', 0.10407274509398068), ([[13, 275], [55, 275], [55, 400], [13, 400]], '5', 0.012414821092104289), ([[165, 337], [207, 337], [207, 447], [165, 447]], '벼', 0.44753671582643406), ([[489, 573], [507, 573], [507, 601], [489, 601]], '응', 0.9991120879773376), ([[85.48289820139281, 57.01912571880304], [141.49452748055074, 49.161404558692], [160.51710179860717, 205.98087428119698], [105.50547251944924, 213.838595441308]], '춤', 0.2278423064353774)]
[([[343, 155], [383, 155], [383, 199], [343, 199]], '곁', 0.05635266630956459), ([[24, 342], [50, 342], [50, 388], [24, 388]], '봄', 0.12623949429440984), ([[22, 396], [71, 396], [71, 495], [22, 495]], '숙', 0.013404526112625936), ([[473, 465], [493, 465], [493, 497], [473, 497]], '3', 0.02293033512646847), ([[489, 421], [531, 421], [531, 511], [489, 511]], '죽', 0.12060026979503391), ([[264, 582], [319, 582], [319, 719], [264, 719]], '적', 0.024370793814853187), ([[6.514674918800557, 445.0395170046834], [31.69682404616745, 442.0820493066738], [40.48532508119944, 511.9604829953166], [14.30317595383255, 514.9179506933262]], '국', 0.024700501810725806), ([[409.3729298231972, 455.04945788614214], [442.5382690894811, 446.03638215927555], [463.6270701768028, 525.9505421138579], [430.4617309105189, 534.9636178407245]], '3', 0.12766146799376177)]
[([[33, 25], [179, 25], [179, 133], [33, 133]], '034', 0.4129130072581929), ([[499, 55], [513, 55], [513, 81], [499, 81]], '응', 0.99866935202364), ([[277.2828546384055, 411.05169700499823], [317.51274635368776, 397.0263603692286], [347.7171453615945, 489.94830299500177], [307.48725364631224, 503.9736396307714]], '출', 0.01552071929715565), ([[123.18418298355199, 668.0840783210496], [190.9861830329795, 692.667818080585], [178.815817016448, 723.9159216789504], [111.01381696702047, 699.332181919415]], '고30', 0.05407446430299223)]
[([[241, 493], [269, 493], [269, 511], [241, 511]], '해원', 0.9411242576946328), ([[241, 507], [271, 507], [271, 525], [241, 525]], '드랜', 0.4147675771783494), ([[241, 523], [271, 523], [271, 541], [241, 541]], '길대', 0.32176082514538007), ([[241, 539], [267, 539], [267, 555], [241, 555]], '게로', 0.8355801074926466), ([[8.498675309677392, 406.0421843270966], [30.442855686758072, 402.0328668987209], [42.50132469032261, 470.9578156729034], [21.557144313241928, 474.9671331012791]], '5', 0.3717248888767841)]
[([[18, 44], [44, 44], [44, 118], [18, 118]], '급', 0.15396692841528647), ([[128, 26], [431, 26], [431, 174], [128, 174]], '(>', 0.1942905373109171), ([[219, 405], [257, 405], [257, 467], [219, 467]], '9', 0.9825332716047832), ([[317, 457], [333, 457], [333, 485], [317, 485]], '"', 0.11516557281376905), ([[491.02985749985464, 68.11942999941867], [517.599221517712, 55.045137983100936], [545.9701425001454, 115.88057000058133], [520.400778482288, 128.95486201689906]], '곁', 0.007723517824237414), ([[183.12613958504917, 303.0478702239474], [244.83584295319042, 287.21349368129574], [272.87386041495085, 409.9521297760526], [212.16415704680958, 425.78650631870426]], '품', 0.04454983456537165), ([[301.6410209206911, 480.06665439379697], [315.2982749931359, 477.045520021965], [322.3589790793089, 507.93334560620303], [309.7017250068641, 510.954479978035]], '숨', 0.054815507937183705), ([[35.64121505589623, 505.0128892769576], [76.02081924160471, 510.42656697952617], [55.35878494410377, 653.9871107230424], [14.979180758395295, 648.5734330204738]], '{', 0.051558939169364715), ([[340.92327954124545, 600.0484029078244], [417.59627743259557, 555.0148236048285], [512.0767204587546, 734.9515970921756], [435.40372256740443, 779.9851763951715]], '통', 0.7470946732662611)]
[([[439, 119], [525, 119], [525, 239], [439, 239]], '틈톱', 0.09055468266090654), ([[232, 492], [258, 492], [258, 552], [232, 552]], '톤', 0.07965161389453446), ([[295, 503], [335, 503], [335, 563], [295, 563]], '업소', 0.001676547744965486)]
[([[277, 663], [327, 663], [327, 754], [277, 754]], '죽', 0.11350182806158049), ([[151.5677632769263, 81.02342214772217], [185.37569037838267, 74.01768198914367], [208.4322367230737, 180.9765778522778], [174.62430962161733, 187.98231801085632]], '국', 0.62768873815887), ([[16.57685578162591, 176.02244434728354], [50.48243372232522, 170.02919936240013], [70.42314421837409, 277.97755565271643], [36.51756627767478, 284.97080063759984]], '국', 0.017891248681874083), ([[187.3446046887869, 222.03590266796056], [236.442638344335, 213.17601557286986], [255.6553953112131, 324.96409733203944], [206.557361655665, 333.82398442713014]], '푹', 0.029543622920075174), ([[505.5379965673017, 670.026770478795], [538.1445487018666, 676.6234765119547], [519.4620034326982, 763.973229521205], [486.85545129813335, 757.3765234880453]], '품', 0.700349326434889)]
[([[274, 130], [298, 130], [298, 178], [274, 178]], '육', 0.5091738068486507), ([[487, 115], [529, 115], [529, 187], [487, 187]], '@', 0.021703626523370767), ([[455, 157], [493, 157], [493, 221], [455, 221]], '문', 0.0057284462029960626), ([[13, 532], [56, 532], [56, 644], [13, 644]], '별', 0.015488447392272064), ([[39.239714078730294, 58.05814151174691], [76.58113883008419, 53.25658350974743], [85.7602859212697, 132.94185848825308], [48.41886116991581, 137.74341649025257]], '젊', 0.11489840177918964), ([[39.39651465788245, 266.0165667734606], [197.60866507697355, 392.0920410448905], [136.60348534211755, 469.9834332265394], [-20.608665076973562, 343.9079589551095]], '(마쥐다', 0.008948931470513344), ([[237.600079976008, 536.0403918824392], [257.5446449315987, 534.0755879083513], [261.399920023992, 588.9596081175608], [241.4553550684013, 590.9244120916487]], '활', 0.04725269839220747), ([[475.52230268352616, 588.038276637862], [500.4127051138241, 583.0285231804668], [515.4776973164738, 655.961723362138], [490.5872948861759, 660.9714768195332]], '좀', 0.37436650487069656), ([[220.4986753096774, 636.0421843270966], [246.60495876201145, 631.06162887023], [256.50132469032263, 700.9578156729034], [231.39504123798855, 704.93837112977]], '좀', 0.3963564428091928)]
[([[487, 121], [525, 121], [525, 194], [487, 194]], '죽', 0.1666510083946946), ([[222, 174], [254, 174], [254, 250], [222, 250]], '조', 0.9626856769551217), ([[304, 168], [428, 168], [428, 224], [304, 224]], '시어요에', 0.04259020462632179), ([[227, 341], [241, 341], [241, 367], [227, 367]], '웃', 0.761138103265413), ([[13.503861061643166, 140.03088849314534], [44.42314421837409, 133.02244434728354], [64.49613893835684, 227.96911150685466], [33.57685578162591, 234.97755565271646]], '좀', 0.10027802063373858), ([[473.49867530967737, 450.0421843270966], [498.57143240506593, 446.0549252969677], [509.50132469032263, 514.9578156729034], [484.42856759493407, 518.9450747030322]], '특', 0.10724269381683271)]
[([[17, 25], [61, 25], [61, 107], [17, 107]], '쭉', 0.12862404993250554), ([[265, 97], [351, 97], [351, 239], [265, 239]], '중', 0.1009618472256344), ([[458, 160], [532, 160], [532, 286], [458, 286]], "'", 0.016516788294013374), ([[470, 634], [526, 634], [526, 760], [470, 760]], "'", 0.009880727093186659), ([[275.37836349444325, 525.0322895466553], [321.65537827330274, 519.2328756930098], [332.62163650555675, 632.9677104533447], [287.34462172669726, 638.7671243069902]], '3', 0.4411622839456619)]
[([[242, 168], [418, 168], [418, 268], [242, 268]], '830', 0.6045974988597002), ([[87, 679], [131, 679], [131, 741], [87, 741]], '동', 0.07534451403781706)]
[([[489, 363], [531, 363], [531, 411], [489, 411]], '와', 0.019063592970391063), ([[475, 419], [513, 419], [513, 481], [475, 481]], '습', 0.07648032828024043), ([[228, 610], [259, 610], [259, 661], [228, 661]], '움', 0.006660720155829358)]
[([[472, 140], [498, 140], [498, 210], [472, 210]], '@', 0.017494822942781818), ([[39, 415], [83, 415], [83, 457], [39, 457]], '`0', 0.032803355450380295), ([[495.543237309502, 96.02616459266756], [529.9506790783912, 93.1146159404881], [539.456762690498, 190.97383540733244], [505.0493209216088, 194.88538405951192]], '춤', 0.11078268091308985), ([[73.51492874992734, 190.05971499970934], [90.407908508224, 186.04203916052478], [101.48507125007266, 233.94028500029066], [85.592091491776, 237.95796083947522]], '국', 0.5466652474784475), ([[488.6044184950094, 265.0156730371183], [530.8219949365268, 259.0680303808393], [548.3955815049906, 400.9843269628817], [506.1780050634732, 406.9319696191607]], '9', 0.4656289078500464), ([[5.46432841599442, 667.0360302783587], [36.43223672307368, 658.0234221477222], [62.53567158400558, 748.9639697216413], [31.567763276926325, 757.9765778522778]], '3', 0.1481631089338018)]
[([[110, 408], [136, 408], [136, 440], [110, 440]], '7', 0.4369552163662007), ([[471.4848456760908, 674.033311705899], [502.4322367230737, 667.0234221477222], [523.5151543239092, 758.966688294101], [492.5677632769263, 766.9765778522778]], '3', 0.029163575139394604)]
[([[510, 103], [537, 103], [537, 164], [510, 164]], '5', 0.24244554153600362), ([[493, 157], [511, 157], [511, 205], [493, 205]], '늄', 0.06972846562146717), ([[166, 174], [194, 174], [194, 248], [166, 248]], '입', 0.002443463527039294), ([[136, 232], [162, 232], [162, 292], [136, 292]], '%', 0.05697778364059958), ([[16, 658], [44, 658], [44, 726], [16, 726]], '흙', 0.3256647349876154)]
[([[291, 623], [311, 623], [311, 675], [291, 675]], '@', 0.014641131463584367), ([[251.41165159458544, 167.05825797292724], [273.5684587941034, 164.05434988510066], [282.58834840541454, 222.94174202707276], [261.4315412058966, 226.94565011489934]], '탁', 0.0038320164461771444), ([[198.9378517783448, 376.114118180386], [260.67243867464487, 390.2200233620401], [250.0621482216552, 431.885881819614], [188.32756132535516, 417.7799766379599]], '9"0', 0.002378381344520569), ([[295.34240405077855, 691.0544243046714], [324.8268197139321, 686.0863866873881], [337.65759594922145, 758.9455756953286], [308.1731802860679, 764.9136133126119]], '술', 0.14665351612461652)]
[([[258, 610], [336, 610], [336, 736], [258, 736]], '틀', 0.2927511165350474), ([[126.27164295927076, 29.06687198006216], [176.9979204573588, 60.871034823956165], [158.72835704072924, 90.93312801993784], [107.0020795426412, 59.128965176043835]], '벼*%', 0.015523351678522208)]
[([[502, 52], [536, 52], [536, 84], [502, 84]], '~0', 0.1603424891496478), ([[299.0370214010772, 8.066554087755739], [383.82808701447397, 39.458173899957494], [361.9629785989228, 93.93344591224427], [277.17191298552603, 63.541826100042506]], '"', 0.003371308126738373), ([[50.44784236962577, 129.0305813266319], [93.39594777616675, 142.33018546769077], [67.55215763037424, 228.9694186733681], [24.604052223833243, 216.66981453230923]], '8', 0.7651339960785322), ([[359.184182983552, 435.08407832104956], [386.56568542494927, 424.0402020253553], [411.815817016448, 490.91592167895044], [384.43431457505073, 501.9597979746447]], '죽', 0.016229688276807375)]
[([[451.0652700194608, 73.05479516541699], [502.5909734841225, 48.021857964346324], [557.9347299805391, 173.94520483458302], [506.4090265158775, 198.97814203565366]], '축', 0.02468695797306375)]
[([[255.95805693252922, 713.1867537178289], [278.46313064082085, 695.0359638987467], [319.04194306747075, 745.8132462821711], [296.53686935917915, 764.9640361012533]], '콩', 0.6577590749566866)]
[([[404, 24], [452, 24], [452, 96], [404, 96]], ':다', 0.0026282491763712124), ([[391, 275], [407, 275], [407, 321], [391, 321]], '봄', 0.025359221330493398)]
[([[295.6286093236459, 415.07152330911475], [309.3259906833194, 413.0546270183737], [313.3713906763541, 441.92847669088525], [299.6740093166806, 443.9453729816263]], '늙', 0.08120779071418838)]
[([[299, 271], [319, 271], [319, 305], [299, 305]], '리', 0.1456266971575113), ([[273.54697301067944, 232.05198394592162], [293.6445275956086, 230.10670018789972], [297.45302698932056, 278.9480160540784], [276.3554724043914, 280.8932998121003]], '#', 0.06866223831284746), ([[383.615171078558, 686.0373725006457], [399.35777087639997, 684.0322601798002], [405.384828921442, 740.9626274993543], [389.64222912360003, 742.9677398201998]], '3', 0.0697881932754365)]
[([[418, 604], [510, 604], [510, 654], [418, 654]], '데니', 0.003888504907451849), ([[263.13942556608663, 578.0620364059979], [376.91421389887046, 606.9890232651503], [360.86057443391337, 658.9379635940021], [248.08578610112951, 629.0109767348497]], '70', 0.1722424851729278)]
[([[31, 95], [47, 95], [47, 143], [31, 143]], '옆', 0.19042149513337847), ([[42, 498], [68, 498], [68, 526], [42, 526]], '아', 0.3826553545514031), ([[46, 522], [72, 522], [72, 550], [46, 550]], '하', 0.1406669349934333), ([[52, 552], [76, 552], [76, 580], [52, 580]], '앗', 0.15277127654076494), ([[187.25670585375283, 513.3310352683776], [217.87415727612154, 510.51435706882137], [219.74329414624717, 523.6689647316224], [189.12584272387846, 526.4856429311786]], ';할)', 0.011305863037705421), ([[-3.147432578551137, 673.0827152079971], [47.64826756607011, 646.0263089373376], [100.14743257855113, 757.9172847920029], [47.35173243392989, 784.9736910626624]], '중', 0.00350400135552488)]
[([[481, 51], [499, 51], [499, 81], [481, 81]], '웃', 0.875201672694633), ([[185, 167], [211, 167], [211, 181], [185, 181]], '버리', 0.12872250795072157), ([[187, 181], [211, 181], [211, 195], [187, 195]], '어엇', 0.1310469484131017), ([[11, 172], [148, 172], [148, 468], [11, 468]], '문', 0.12276756695408508), ([[444, 290], [498, 290], [498, 344], [444, 344]], '부', 0.23970372699864484), ([[444, 348], [496, 348], [496, 406], [444, 406]], '앗', 0.6011033467791584), ([[294, 544], [346, 544], [346, 572], [294, 572]], '7230', 0.2732701924125109), ([[146, 582], [390, 582], [390, 771], [146, 771]], '촉', 0.05375663279851839), ([[30.83158752432603, 69.06849395677123], [104.07090034789036, 43.21678111513866], [144.16841247567396, 173.93150604322875], [70.92909965210964, 199.78321888486136]], '=', 0.9991571295868198)]
[([[15, 379], [59, 379], [59, 431], [15, 431]], '8', 0.20342990336474998), ([[188.21553545944727, 79.07767729723632], [217.56568542494924, 69.04020202535533], [238.78446454055273, 136.9223227027637], [209.43431457505076, 146.95979797464466]], '물', 0.021897155625083542), ([[339.54697301067944, 90.0519839459216], [357.91263329519256, 92.22036507437453], [354.45302698932056, 136.94801605407838], [336.08736670480744, 134.7796349256255]], '톱', 0.023596528355130042), ([[486.67644994586703, 624.026344669789], [505.80332299017016, 626.1684235824121], [498.32355005413297, 688.973655330211], [479.19667700982984, 686.8315764175879]], '도', 0.013261678783970332), ([[50.45712471483401, 672.0370104182882], [82.41442433703783, 660.0215263644369], [114.54287528516599, 752.9629895817118], [82.58557566296217, 763.9784736355631]], '호', 0.009903251237361133)]
[([[371, 285], [441, 285], [441, 347], [371, 347]], '숙;', 0.03669683704192441), ([[496.2025477771711, 571.1658598874935], [511.5352877275722, 564.0729641807401], [526.797452222829, 597.8341401125065], [511.4647122724278, 603.9270358192599]], '낚', 0.3278383457444569)]
[([[64, 714], [92, 714], [92, 758], [64, 758]], '숨', 0.12709407725537947), ([[369.2516257571809, 75.04011954178199], [420.68359781015675, 65.20548026615307], [440.7483742428191, 181.959880458218], [389.31640218984325, 191.79451973384693]], '국', 0.09172946389823267), ([[19.34920862654403, 709.0714388194482], [44.477697316473865, 700.038276637862], [63.65079137345597, 759.9285611805518], [38.522302683526135, 767.961723362138]], '숙', 0.07012114561036586)]
