601719
17
[([[652, 62], [766, 62], [766, 303], [652, 303]], '흙', 0.41786043721075217), ([[644, 316], [770, 316], [770, 699], [644, 699]], '출', 0.6203162648171343), ([[105, 1819], [406, 1819], [406, 1852], [105, 1852]], '성적 노출이 있으니 주의해주세요', 0.6473660310156913)]
[([[648, 68], [771, 68], [771, 441], [648, 441]], '_', 0.020728746156039257), ([[649, 497], [766, 497], [766, 700], [649, 700]], '숲', 0.12123040954323816), ([[104, 1792], [607, 1792], [607, 1842], [104, 1842]], '엇시미나 _ " + 로품+ 내 )>', 0.0074486366968783465)]
[([[642, 143], [741, 143], [741, 365], [642, 365]], '#', 0.0028306553091855258)]
[([[393, 541], [457, 541], [457, 633], [393, 633]], '다', 0.020994129857303756), ([[60, 1620], [612, 1620], [612, 1915], [60, 1915]], '사도', 0.9998075629133647), ([[1045, 1824], [1193, 1824], [1193, 1872], [1045, 1872]], '[안-라형', 0.0009424878156174023), ([[282.6227845898768, 282.23746586560816], [706.9731843804966, 35.40895109331404], [920.3772154101232, 516.7625341343919], [496.0268156195034, 763.591048906686]], '1', 0.00783043955203766), ([[846.0971770399145, 628.3498373436922], [1195.5668241962667, 441.4340353267998], [1321.9028229600856, 735.6501626563078], [972.4331758037332, 922.5659646732001]], '사:', 0.18232407728174604)]
[([[55, 1092], [904, 1092], [904, 1392], [55, 1392]], '환상의', 0.9999111467884784), ([[444, 1598], [1299, 1598], [1299, 1904], [444, 1904]], '죽음과', 0.9992980127619677), ([[1244.277254131592, 151.00725575328136], [1514.7972277112674, 241.96027065479973], [1352.722745868408, 720.9927442467186], [1082.2027722887326, 630.0397293452003]], '세', 0.4931865450962505), ([[272.2854620408813, 642.1824603273691], [744.4539612573781, 204.2848524325718], [1034.7145379591186, 634.8175396726309], [563.5460387426219, 1071.7151475674282]], '대', 0.45725647920450285)]
[([[630, 938], [696, 938], [696, 988], [630, 988]], '폭 @', 0.37047427892684937), ([[596, 940], [622, 940], [622, 1088], [596, 1088]], '#', 0.007420285605719279), ([[632, 984], [660, 984], [660, 1032], [632, 1032]], '뜰', 0.4984235865545692), ([[1052, 1096], [1076, 1096], [1076, 1130], [1052, 1130]], ')', 0.5029964636566007), ([[99, 1342], [213, 1342], [213, 1569], [99, 1569]], '뼈', 0.014726362644013058), ([[178, 1460], [206, 1460], [206, 1534], [178, 1534]], '탓', 0.6870328850341281), ([[99, 1530], [213, 1530], [213, 1753], [99, 1753]], '하@', 0.020708382206561706)]
[([[610, 218], [634, 218], [634, 246], [610, 246]], '좀', 0.9999227538721698), ([[604, 212], [708, 212], [708, 312], [604, 312]], '특울국', 0.03173507618020724), ([[241.67994083773704, 1464.3438047645323], [424.1467338452597, 1443.404976308142], [427.32005916226296, 1512.6561952354677], [244.8532661547403, 1533.595023691858]], '[즈원', 0.06276387098342348)]
[([[187, 163], [253, 163], [253, 255], [187, 255]], '훌푹', 0.0017121696073413859), ([[260, 166], [286, 166], [286, 292], [260, 292]], '유', 0.03292632846579324), ([[190, 248], [216, 248], [216, 324], [190, 324]], '뜻', 0.018628450926144957), ([[708, 1020], [732, 1020], [732, 1104], [708, 1104]], '형', 0.009831344913495743), ([[134, 1676], [160, 1676], [160, 1708], [134, 1708]], '흉', 0.03362664236527113), ([[503, 1665], [545, 1665], [545, 1715], [503, 1715]], '흔', 0.12380949802184293), ([[649, 1613], [715, 1613], [715, 1763], [649, 1763]], '@"', 0.041494490828254876)]
[([[1009, 175], [1108, 175], [1108, 380], [1009, 380]], '흔', 0.06282150261712616), ([[171.42628371072442, 158.0413576039986], [202.4673649902696, 150.0273975827085], [224.57371628927558, 234.9586423960014], [193.5326350097304, 242.9726024172915]], '중', 0.023871380463275083), ([[165.2025477771711, 1159.0318472146387], [237.4718875330607, 1138.108915777832], [281.7974522228289, 1303.9681527853613], [209.5281124669393, 1325.891084222168]], '품', 0.06610739093027007)]
[([[56, 44], [84, 44], [84, 68], [56, 68]], '야', 0.7782374077977217), ([[262, 40], [290, 40], [290, 94], [262, 94]], '둘', 0.10042818831061595), ([[497, 53], [533, 53], [533, 127], [497, 127]], '쥐', 0.4823129044790484), ([[694, 44], [742, 44], [742, 120], [694, 120]], '흥', 0.11592646789717609), ([[260, 90], [292, 90], [292, 188], [260, 188]], '품', 0.4701383060960893), ([[834, 72], [906, 72], [906, 158], [834, 158]], '표', 0.0013171553483029563), ([[64, 200], [88, 200], [88, 270], [64, 270]], '푹', 0.3979298569678491), ([[993, 183], [1146, 183], [1146, 356], [993, 356]], '[0', 0.002026934017525673), ([[1076, 322], [1102, 322], [1102, 452], [1076, 452]], '춤', 0.032060646900991197), ([[462, 1281], [524, 1281], [524, 1312], [462, 1312]], '바스락', 0.7953843924943681), ([[112.18418298355199, 588.0840783210496], [145.22801111969105, 581.1931655289578], [155.815817016448, 643.9159216789504], [122.77198888030897, 650.8068344710422]], '통', 0.24725776072172323), ([[125.18418298355199, 640.0840783210496], [156.07383295115326, 633.1468347046854], [167.815817016448, 695.9159216789504], [136.92616704884674, 701.8531652953146]], '%', 0.23573598427293874)]
[([[613.64632476695, 484.00417011867876], [722.3812327441668, 460.00484539610295], [819.35367523305, 937.9958298813212], [709.6187672558332, 961.995154603897]], '%', 0.0405529199509671)]
[([[1341, 91], [1389, 91], [1389, 346], [1341, 346]], "'", 0.959596915925033), ([[987, 599], [1083, 599], [1083, 689], [987, 689]], '다', 0.24267251791372146), ([[1170, 592], [1219, 592], [1219, 719], [1170, 719]], '5', 0.09547419495214982), ([[1059, 943], [1097, 943], [1097, 985], [1059, 985]], '쇼', 0.13932032918691917), ([[730, 972], [774, 972], [774, 1004], [730, 1004]], '', 0.0), ([[810, 1076], [900, 1076], [900, 1154], [810, 1154]], '~댁', 0.0006204639286295206), ([[975, 951], [1089, 951], [1089, 1223], [975, 1223]], ';', 0.5818794473818798), ([[1326, 1454], [1378, 1454], [1378, 1516], [1326, 1516]], '6', 0.8780518389032785), ([[1116, 1832], [1202, 1832], [1202, 1910], [1116, 1910]], '22', 0.2978771539858937), ([[1144, 1692], [1268, 1692], [1268, 2000], [1144, 2000]], '#', 0.20979275068658954), ([[583.5953527749131, 77.00481654634969], [702.3540898325912, 47.00368803562209], [817.4046472250869, 530.9951834536503], [699.6459101674088, 560.9963119643779]], '"', 0.09205558069226871), ([[605.5012706500846, 852.0177891011848], [760.723412581201, 952.0517383997657], [726.4987293499154, 1005.9822108988152], [571.276587418799, 904.9482616002343]], '대어:([', 0.030132355309902454), ([[574.6792363806277, 892.0073530976828], [843.3830400477649, 1071.1265352362295], [808.3207636193723, 1123.9926469023173], [539.6169599522351, 945.8734647637705]], '9내)력<; 29;7', 0.015292943920969396), ([[548.7319974048472, 937.005132266512], [884.3026725783934, 1157.9542950947987], [849.2680025951528, 1211.994867733488], [513.6973274216066, 991.0457049052013]], '~7"5 맛싸담;<8', 0.0026104569135872316), ([[1045.513750109758, 998.0107524805272], [1114.366463132559, 961.0061060232293], [1258.486249890242, 1245.9892475194729], [1189.633536867441, 1282.9938939767708]], '@', 0.14916888736451828), ([[781.3620382217368, 975.025477771711], [917.9485851776975, 1053.094464979756], [880.6379617782632, 1115.974522228289], [744.0514148223025, 1036.905535020244]], '{시빵 |', 0.23429702468931676), ([[770.9811752659208, 1230.01996928098], [958.0013729391846, 1190.2618102705942], [1020.0188247340792, 1536.98003071902], [832.9986270608154, 1576.7381897294058]], '뜻', 0.8365972035904292), ([[1206.784207561557, 1245.001940422572], [1291.2033606225195, 1228.0017232713524], [1402.215792438443, 1824.998059577428], [1317.7966393774805, 1841.9982767286476]], "'", 0.5524337827517378), ([[822.258754354862, 1547.0505749036265], [1013.1817077929196, 1441.0794359828176], [1170.741245645138, 1778.9494250963735], [980.8182922070804, 1884.9205640171824]], '텅', 0.054298865621981385)]
[([[877, 87], [941, 87], [941, 249], [877, 249]], '잎', 0.008419433095121553)]
[([[1160, 50], [1186, 50], [1186, 134], [1160, 134]], '흙', 0.053106606990383165), ([[1160, 154], [1184, 154], [1184, 202], [1160, 202]], '옷', 0.37909002105749323), ([[151, 469], [217, 469], [217, 561], [151, 561]], '월 %', 0.28305742028565484), ([[1019, 887], [1085, 887], [1085, 965], [1019, 965]], '얼울', 0.13587213225546244), ([[1058, 934], [1086, 934], [1086, 964], [1058, 964]], '한', 0.9999585155974842), ([[1092, 892], [1118, 892], [1118, 956], [1092, 956]], '셋', 0.09018284776951546), ([[1019, 955], [1085, 955], [1085, 1049], [1019, 1049]], '류겨', 0.0045846729017263435), ([[147, 1893], [215, 1893], [215, 1933], [147, 1933]], '계속', 0.9999519529307797)]
[([[503, 803], [965, 803], [965, 937], [503, 937]], '빛사무{', 0.019855039194226265)]
[([[137, 493], [337, 493], [337, 531], [137, 531]], '[안-라. 입니다', 0.005660887023887816), ([[136, 572], [234, 572], [234, 614], [136, 614]], '이번은', 0.9986652485308275), ([[271, 573], [533, 573], [533, 615], [271, 615]], '환상의 죽음과 사도', 0.97333497018614), ([[565, 571], [1055, 571], [1055, 615], [565, 615]], '틀 읽어주시기에 정말로 감사합니다.', 0.8198901523977147), ([[137, 624], [918, 624], [918, 668], [137, 668]], '처음으로 오프셋 책올 충분히 해보앗습니다. 힘들/습니다.', 0.37710331493453053), ([[136, 676], [1215, 676], [1215, 721], [136, 721]], '특히나 인쇄기에 대해 너무 많은 불편올 드린 것에 관하여 반성하여 사죄드컵니다', 0.5631673502555924), ([[137, 730], [571, 730], [571, 773], [137, 773]], '그럼 이번 작품은 어떠석습니까?', 0.7992241639598168), ([[137, 783], [1045, 783], [1045, 827], [137, 827]], '제법 절제된생각만을 털어놓앗습니다만 작가가 보인 개그 만화밖에', 0.8714901344539459), ([[1075, 795], [1191, 795], [1191, 831], [1075, 831]], '씨(내괴)', 0.014289003864661916), ([[135, 832], [1112, 832], [1112, 881], [135, 881]], '보여드리지 못햇습니다만 이후에도 이런 감흥올 마구 선보이고 싶습니다.', 0.6174041829188861), ([[137, 889], [1095, 889], [1095, 933], [137, 933]], '본 작품의 아스카는 마지막 폐이에서 눈올 돕니다만 우선 히로인 입니다', 0.6265670334265326), ([[137, 941], [959, 941], [959, 985], [137, 985]], '다음에는 잔뜩 신장과 매운맛올 보게 할겁니다. ( 계획이예요 )', 0.45941201150112004), ([[137, 993], [633, 993], [633, 1037], [137, 1037]], '마지막의 위대한 오리지널에 감사흘 !', 0.3522321734437201), ([[138, 1044], [1348, 1044], [1348, 1093], [138, 1093]], '10 수년이 지나더라도 저논 그 해안가로 부터 빠져나가지 못하고 이런것올 그리고 있습니다_', 0.5641252411576383), ([[137, 1101], [295, 1101], [295, 1143], [137, 1143]], '본편에서논', 0.4246243586115222), ([[311, 1101], [441, 1101], [441, 1143], [311, 1143]], '"단지꿈"', 0.9806188852892217), ([[457, 1099], [1117, 1099], [1117, 1143], [457, 1143]], '이라 불리는 신 극장판도 몹시 좋아하고 있습니다.', 0.40276745681623183), ([[137, 1153], [265, 1153], [265, 1195], [137, 1195]], '다음편인', 0.887034957828313), ([[277, 1153], [337, 1153], [337, 1195], [277, 1195]], '"0"', 0.9102586715559551), ([[353, 1153], [1241, 1153], [1241, 1195], [353, 1195]], '의공개 이전에 이 만화틀 끝날생각이기에 승부입니다 ( 제멋대로)', 0.16675541481820083), ([[137, 1205], [411, 1205], [411, 1247], [137, 1247]], '그럼 또 어단가에서', 0.6535029327755678), ([[137, 1313], [301, 1313], [301, 1351], [137, 1351]], '2009 년 8월', 0.7098976494831054), ([[130, 1436], [482, 1436], [482, 1466], [130, 1466]], '덧붙임 : 복작품의 타이블은 단 학뭐 씨의', 0.06514226437698376), ([[500, 1436], [676, 1436], [676, 1466], [500, 1466]], "'환상의 죽음과 용도'", 0.6583966630383502), ([[692, 1436], [972, 1436], [972, 1466], [692, 1466]], '에서 대답하게게 가져건습니다.', 0.37612796781077124), ([[130, 1470], [484, 1470], [484, 1500], [130, 1500]], '내용과는 일절 관게가 없습니다만 감사.', 0.5382109513523801), ([[500, 1468], [592, 1468], [592, 1500], [500, 1500]], '앞버쇼 @', 0.005319489145403051)]
[([[587, 773], [929, 773], [929, 841], [587, 841]], '*( 초 *0-0', 0.027701487889714035), ([[597, 841], [935, 841], [935, 879], [597, 879]], '*시/]- = " ##품나 내 선>', 0.01975449843909424)]
