602685
43
[([[700, 0], [1120, 0], [1120, 732], [700, 732]], '말', 0.02823274177137791), ([[795, 483], [915, 483], [915, 597], [795, 597]], '싸', 0.005343614447728129), ([[3, 957], [77, 957], [77, 1001], [3, 1001]], '플아7', 0.0006353236448224688), ([[2, 998], [211, 998], [211, 1053], [2, 1053]], '예어리+ -탁답훨', 8.341507610071256e-06), ([[850, 1089], [1057, 1089], [1057, 1179], [850, 1179]], '[7`희때', 0.003566978620182458), ([[786, 1210], [834, 1210], [834, 1258], [786, 1258]], '@', 0.8289140680636855), ([[850, 1175], [1009, 1175], [1009, 1266], [850, 1266]], '[카뻐', 0.015313734394590132), ([[783, 1451], [1115, 1451], [1115, 1517], [783, 1517]], '역자: 나스노코', 0.6654527647273221), ([[782, 1510], [1116, 1510], [1116, 1582], [782, 1582]], '식자: 분리불안', 0.9990530951026377), ([[782.3108504696071, 235.01319725674517], [923.5293936479919, 256.40096340830576], [880.6891495303929, 531.9868027432548], [739.4706063520081, 511.59903659169424]], '0', 0.9991766717649284), ([[844.6494762572978, 1283.0205481870314], [872.3045410640402, 1277.0154975724063], [894.3505237427022, 1373.9794518129686], [867.6954589359598, 1380.9845024275937]], '출', 0.011423747264954764)]
[([[95, 431], [515, 431], [515, 499], [95, 499]], '표봇55 (놀니) (8', 0.020759635544982627), ([[748, 1238], [1012, 1238], [1012, 1286], [748, 1286]], '8*50 |골옷-', 0.028295202794983754), ([[803, 1281], [957, 1281], [957, 1319], [803, 1319]], '[:-설플-', 0.002460401449362604), ([[713, 1515], [1087, 1515], [1087, 1600], [713, 1600]], '~다  ~구속~구 `', 0.007884517984279032)]
[([[134, 301], [381, 301], [381, 448], [134, 448]], '약페', 0.6631185830530598), ([[87, 1129], [111, 1129], [111, 1149], [87, 1149]], '03', 0.9959787811445383), ([[12.45441558772843, 176.180909114099], [453.3195428195906, 127.40575730177467], [457.5455844122716, 281.819090885901], [16.680457180409395, 330.59424269822534]], '아매장과', 0.5427558422088623)]
[([[521, 587], [559, 587], [559, 779], [521, 779]], '"', 0.014238579391090411), ([[684, 674], [780, 674], [780, 790], [684, 790]], '8', 0.17232810784766261), ([[727, 783], [769, 783], [769, 833], [727, 833]], '애', 0.34148148995433303), ([[333.10984978810245, 216.05682834719906], [383.6608285781225, 197.03126226707184], [421.89015021189755, 307.94317165280097], [371.3391714218775, 326.96873773292816]], '#', 0.058664226353077), ([[225.80023992802398, 413.12117564731756], [262.5481566867931, 383.0250921139549], [331.199760071976, 473.87882435268244], [294.4518433132069, 503.9749078860451]], '뉴"', 0.028020061099159995)]
[([[475, 115], [515, 115], [515, 157], [475, 157]], '밥', 0.9997343001450396), ([[429, 154], [559, 154], [559, 196], [429, 196]], '차려줄께', 0.5482553243637085), ([[875, 425], [959, 425], [959, 527], [875, 527]], '5', 0.05079716020519798), ([[51, 1025], [73, 1025], [73, 1045], [51, 1045]], '05', 0.9923978663333332)]
[([[987, 85], [1083, 85], [1083, 121], [987, 121]], '느포하게', 0.3406457304954529), ([[986, 118], [1082, 118], [1082, 148], [986, 148]], '기다리고', 0.99992436170578), ([[466, 130], [538, 130], [538, 162], [466, 162]], '시간좀', 0.9490023212130607), ([[466, 160], [538, 160], [538, 192], [466, 192]], '걸질것', 0.26586953437034977), ([[1010, 148], [1060, 148], [1060, 180], [1010, 180]], '있어', 0.9967368666806061), ([[466, 190], [538, 190], [538, 222], [466, 222]], '같으니', 0.9503024904337974), ([[482, 756], [540, 756], [540, 788], [482, 788]], '정말!', 0.8799120191524568), ([[638, 766], [668, 766], [668, 796], [638, 796]], '뭐', 0.9999918937847383), ([[1034, 668], [1060, 668], [1060, 784], [1034, 784]], '"', 0.009022825527055467), ([[600, 796], [706, 796], [706, 828], [600, 828]], '하느거야', 0.9885488748550415), ([[118, 828], [168, 828], [168, 860], [118, 860]], '정말', 0.7156134316930706), ([[74, 858], [214, 858], [214, 890], [74, 890]], '음란하다니까', 0.9951100732809633)]
[([[686, 100], [714, 100], [714, 130], [686, 130]], '잘', 0.9998356171456955), ([[675, 127], [727, 127], [727, 163], [675, 163]], '먹엇', 0.728701432662921), ([[450, 98], [478, 98], [478, 244], [450, 244]], '#', 0.010229582922458624), ([[664, 160], [738, 160], [738, 192], [664, 192]], '습니다', 0.8801952328995833), ([[40, 398], [68, 398], [68, 542], [40, 542]], '"', 0.0018624311596158183), ([[37, 1037], [135, 1037], [135, 1073], [37, 1073]], '가야켓네', 0.7641333524222399), ([[444, 1071], [541, 1071], [541, 1109], [444, 1109]], '목욕하러', 0.9826335310935974), ([[956, 1094], [1006, 1094], [1006, 1126], [956, 1126]], '그럼', 0.9998791249782801), ([[943, 1121], [1025, 1121], [1025, 1157], [943, 1157]], '다음은 .', 0.5891749544138243)]
[([[602, 134], [626, 134], [626, 164], [602, 164]], '등', 0.9999787808590241), ([[556, 164], [674, 164], [674, 196], [556, 196]], '밀어주논것', 0.37431241236280144), ([[578, 194], [654, 194], [654, 226], [578, 226]], '뿐이야', 0.8940931558609009), ([[1028, 378], [1058, 378], [1058, 406], [1028, 406]], '아;', 0.460988164667849), ([[1008, 408], [1080, 408], [1080, 438], [1008, 438]], '그래도', 0.9999816236100062), ([[1007, 435], [1081, 435], [1081, 471], [1007, 471]], '야한짓', 0.9758045321408912), ([[1018, 468], [1070, 468], [1070, 500], [1018, 500]], '하면', 0.9998122830975822), ([[998, 498], [1094, 498], [1094, 530], [998, 530]], '안되니까', 0.9999116063117981)]
[([[48, 418], [76, 418], [76, 566], [48, 566]], '규', 0.02701022797424457), ([[974, 740], [1006, 740], [1006, 770], [974, 770]], '아', 0.9999481446313077), ([[320, 763], [419, 763], [419, 801], [320, 801]], '목욕타올', 0.9945114254951477), ([[699, 757], [811, 757], [811, 793], [699, 793]], '실망햇어?', 0.45435594677331864), ([[336, 798], [386, 798], [386, 830], [336, 830]], '말고', 0.9998893241697409), ([[30, 825], [152, 825], [152, 869], [30, 869]], '그런데,', 0.8347830978009455), ([[301, 825], [417, 825], [417, 863], [301, 863]], '있습니다 }', 0.8364042161852943), ([[29, 865], [136, 865], [136, 909], [29, 909]], '으아악', 0.7905681118212452), ([[100, 912], [126, 912], [126, 942], [100, 942]], '11', 0.06575758520497649), ([[107, 1039], [153, 1039], [153, 1081], [107, 1081]], '친', 0.003692519922067261), ([[33, 1183], [143, 1183], [143, 1225], [33, 1225]], '것보다', 0.8988642692565918), ([[321, 1183], [427, 1183], [427, 1227], [321, 1227]], '타올로', 0.9929227328755993), ([[45, 1225], [123, 1225], [123, 1265], [45, 1265]], '크게', 0.9203346951198663), ([[321, 1229], [427, 1229], [427, 1265], [321, 1265]], '가리기', 0.9999728827961868), ([[33, 1263], [141, 1263], [141, 1305], [33, 1305]], '만들지', 0.9969167038779891), ([[311, 1263], [419, 1263], [419, 1307], [311, 1307]], '정도는', 0.998102721844986), ([[57, 1305], [119, 1305], [119, 1343], [57, 1343]], '마이', 0.23693210017008595), ([[293, 1305], [425, 1305], [425, 1347], [293, 1347]], '하라고씨', 0.25168489457800236), ([[33, 1437], [105, 1437], [105, 1479], [33, 1479]], '웃지', 0.9721004587790549), ([[11, 1477], [133, 1477], [133, 1519], [11, 1519]], '말아쥐', 0.9311005180530281), ([[33, 1517], [109, 1517], [109, 1559], [33, 1559]], '정말', 0.9999951952626506), ([[325.4052762446835, 88.01967129472077], [389.03724101517383, 73.05997029778753], [430.5947237553165, 256.98032870527925], [365.96275898482617, 271.9400297022125]], '국', 0.07581163462964469)]
[([[332, 104], [390, 104], [390, 134], [332, 134]], '이뤄!', 0.17114296586129688), ([[314, 134], [408, 134], [408, 166], [314, 166]], '움직이면', 0.9984678030014038), ([[886, 144], [938, 144], [938, 176], [886, 176]], '좋아', 0.9958396950460766), ([[336, 164], [386, 164], [386, 196], [336, 196]], '안돼', 0.7614954608720179), ([[886, 174], [936, 174], [936, 206], [886, 206]], '좋아', 0.9961668763576815), ([[332, 352], [406, 352], [406, 382], [332, 382]], '가만히', 0.9999877490683106), ([[892, 350], [964, 350], [964, 380], [892, 380]], '제대로', 0.999982655990267), ([[340, 382], [400, 382], [400, 414], [340, 414]], '있에', 0.5340320779724677), ([[891, 377], [967, 377], [967, 413], [891, 413]], '암전히', 0.929941309064879), ([[892, 410], [960, 410], [960, 442], [892, 442]], '있어 )', 0.7738146781921387), ([[516.3560570951134, 1095.0416396323737], [554.4926407250642, 1083.024328676851], [582.6439429048866, 1181.9583603676263], [544.5073592749358, 1193.975671323149]], '행', 0.01586268023702453), ([[560.3859944401545, 1181.0965827644789], [575.4967507005354, 1177.062672267912], [584.6140055598455, 1215.9034172355211], [569.5032492994646, 1219.937327732088]], '8', 0.9999438532127591)]
[([[278, 118], [332, 118], [332, 150], [278, 150]], '계속.', 0.4670245349407196), ([[564, 130], [614, 130], [614, 162], [564, 162]], '다른', 0.9998611711037072), ([[685, 133], [783, 133], [783, 169], [685, 169]], '공부밖에', 0.9903053641319275), ([[266, 148], [360, 148], [360, 180], [266, 180]], '두려워어', 0.9948595762252808), ([[846, 142], [896, 142], [896, 174], [846, 174]], '나는', 0.9963992733498047), ([[539, 157], [637, 157], [637, 193], [539, 193]], '중은점도', 0.986153781414032), ([[686, 166], [780, 166], [780, 198], [686, 198]], '잘하는게', 0.6013703942298889), ([[836, 172], [910, 172], [910, 204], [836, 204]], '말이야', 0.9997896721885063), ([[554, 190], [626, 190], [626, 222], [554, 222]], '없는데', 0.8540867389235453), ([[698, 196], [768, 196], [768, 228], [698, 228]], '없어서', 0.9998855440454524), ([[526, 454], [580, 454], [580, 486], [526, 486]], '나름', 0.5028579807368306), ([[496, 484], [614, 484], [614, 516], [496, 516]], '좋아해주는', 0.9558496842595651), ([[30, 476], [60, 476], [60, 596], [30, 596]], '틈', 0.0062484862259550855), ([[518, 514], [590, 514], [590, 546], [518, 546]], '사람은', 0.9947250154129303), ([[530, 544], [580, 544], [580, 576], [530, 576]], '분명', 0.9998949716690293), ([[495, 571], [615, 571], [615, 607], [495, 607]], '없흘거라고', 0.3738749833388529), ([[495, 601], [615, 601], [615, 637], [495, 637]], '생각햇는데', 0.37520207227550983), ([[839, 701], [1005, 701], [1005, 737], [839, 737]], '하지만 당신은  .', 0.7079502440890766), ([[332, 744], [404, 744], [404, 776], [332, 776]], '당신과', 0.9999845142750965), ([[850, 733], [1000, 733], [1000, 765], [850, 765]], '나의 모든점올', 0.9962273938886568), ([[64, 774], [116, 774], [116, 806], [64, 806]], '정말', 0.9727225050554651), ([[330, 774], [402, 774], [402, 806], [330, 806]], '만나서', 0.9966477810823783), ([[862, 764], [984, 764], [984, 796], [862, 796]], '좋아한다고', 0.9616632725442333), ([[43, 801], [141, 801], [141, 837], [43, 837]], '다행이야', 0.996878445148468), ([[850, 794], [1000, 794], [1000, 826], [850, 826]], '나의 모든것이', 0.9276867293157373), ([[864, 824], [984, 824], [984, 856], [864, 856]], '필요하다고', 0.9999598559575976), ([[877, 851], [957, 851], [957, 887], [877, 887]], '그렇게.', 0.9638614058494568), ([[867, 881], [985, 881], [985, 917], [867, 917]], '말해주없어', 0.9994725678154629), ([[887, 1007], [985, 1007], [985, 1043], [887, 1043]], '중은점도', 0.9861717820167542), ([[887, 1037], [985, 1037], [985, 1073], [887, 1073]], '나별점도', 0.42890116572380066), ([[902, 1070], [954, 1070], [954, 1102], [902, 1102]], '전부', 0.9999537230739646), ([[33, 1539], [55, 1539], [55, 1559], [33, 1559]], '11', 0.9999978083645809)]
[([[537, 107], [581, 107], [581, 147], [537, 147]], '이', 0.9999452836845855), ([[93, 165], [133, 165], [133, 203], [93, 203]], '왜', 0.9997097464447826), ([[195, 75], [285, 75], [285, 217], [195, 217]], '새', 0.043387130899363635), ([[549, 145], [589, 145], [589, 185], [549, 185]], '이', 0.9999775887791316), ([[77, 203], [151, 203], [151, 245], [77, 245]], '이런', 0.9998840138431118), ([[516, 182], [624, 182], [624, 230], [516, 230]], '느낌은', 0.9980899235667765), ([[552, 230], [586, 230], [586, 262], [552, 262]], '1?', 0.8836566217732659), ([[73, 243], [161, 243], [161, 287], [73, 287]], '긋에', 0.4951943856785129), ([[594, 416], [644, 416], [644, 560], [594, 560]], '몸', 0.08286592248130464), ([[784, 766], [814, 766], [814, 796], [784, 796]], '도', 0.4778456341381485), ([[474, 768], [540, 768], [540, 820], [474, 820]], '1?', 0.647234878160537), ([[760, 798], [840, 798], [840, 830], [760, 830]], '도망각.', 0.875170111656189), ([[1008, 1194], [1064, 1194], [1064, 1226], [1008, 1226]], '탁몽 .', 0.12803396582603455), ([[710, 1216], [762, 1216], [762, 1248], [710, 1248]], '좌서', 0.06136902591773482), ([[684, 1243], [786, 1243], [786, 1281], [684, 1281]], '도망각 ', 0.4646080732345581), ([[1044, 1490], [1080, 1490], [1080, 1520], [1044, 1520]], '서', 0.9999023699748797), ([[1032, 1518], [1096, 1518], [1096, 1550], [1032, 1550]], '설마. ', 0.444450318813324)]
[([[44, 458], [118, 458], [118, 490], [44, 490]], '어째서', 0.9999389520174873), ([[75, 761], [97, 761], [97, 781], [75, 781]], '13', 0.999382014557177), ([[660, 834], [684, 834], [684, 862], [660, 862]], '극', 0.9934904760038457), ([[953, 843], [1053, 843], [1053, 879], [953, 879]], '부탁이야', 0.9808961153030396), ([[748, 992], [776, 992], [776, 1022], [748, 1022]], '제', 0.9999951124251005), ([[713, 1019], [809, 1019], [809, 1055], [713, 1055]], '정신으로', 0.9998235106468201), ([[713, 1051], [807, 1051], [807, 1083], [713, 1083]], '돌아와쥐', 0.5346317291259766), ([[916.5171823341929, 70.53780113522437], [995.1013338802535, 51.620609585492], [1005.4828176658071, 103.46219886477563], [927.8986661197465, 123.379390414508]], '5', 0.17495020992729682)]
[([[697, 77], [759, 77], [759, 153], [697, 153]], '"', 0.11334147911156922), ([[65, 559], [165, 559], [165, 724], [65, 724]], '활', 0.06536294861749425), ([[593, 793], [687, 793], [687, 829], [593, 829]], '시 싫어.', 0.49845723479843496), ([[1018, 788], [1048, 788], [1048, 816], [1018, 816]], '어.', 0.8156000158103711), ([[598, 824], [696, 824], [696, 856], [598, 856]], '왜이러는', 0.6397150158882141), ([[994, 816], [1086, 816], [1086, 848], [994, 848]], '어떻게든', 0.839506208896637), ([[618, 854], [678, 854], [678, 886], [618, 886]], '거야!', 0.7293392516297584), ([[1016, 848], [1064, 848], [1064, 876], [1016, 876]], '하지', 0.9998089958257408), ([[996, 876], [1080, 876], [1080, 908], [996, 908]], '않으면 ', 0.7737768888473511), ([[98, 988], [142, 988], [142, 1016], [98, 1016]], '벼  ', 0.7108794494843401), ([[88, 1016], [140, 1016], [140, 1048], [88, 1048]], '변신', 0.9999653554662983), ([[94, 1048], [148, 1048], [148, 1076], [94, 1076]], '해야', 0.9995295892901119), ([[84, 1076], [154, 1076], [154, 1108], [84, 1108]], '하는데', 0.3176116814098518), ([[296, 1368], [388, 1368], [388, 1400], [296, 1400]], '그런곳. .', 0.5857367283185497), ([[316, 1398], [368, 1398], [368, 1430], [316, 1430]], '열게', 0.849244963374368), ([[300, 1428], [382, 1428], [382, 1460], [300, 1460]], '하지마!', 0.9576455950737)]
[([[400, 110], [430, 110], [430, 136], [400, 136]], '조', 0.9999855757279796), ([[386, 140], [460, 140], [460, 172], [386, 172]], '조금만', 0.9721750617027283), ([[402, 172], [446, 172], [446, 200], [402, 200]], '더  ', 0.3211044990153134), ([[592, 756], [724, 756], [724, 810], [592, 810]], '머규리', 0.8983794950046984), ([[602, 804], [695, 804], [695, 861], [602, 861]], '파위', 0.9934177989735878), ([[668, 864], [698, 864], [698, 900], [668, 900]], '!!', 0.035052061004050936), ([[17, 917], [125, 917], [125, 959], [17, 959]], '메이크', 0.5658708280222262), ([[41, 997], [103, 997], [103, 1039], [41, 1039]], '업', 0.9983271210008446), ([[47, 1525], [69, 1525], [69, 1545], [47, 1545]], '15', 0.9969614702701359)]
[([[1029, 1505], [1051, 1505], [1051, 1525], [1029, 1525]], '16', 0.9999965439601713)]
[([[662, 864], [694, 864], [694, 900], [662, 900]], '제', 0.9997904410488587), ([[956, 782], [1012, 782], [1012, 926], [956, 926]], '장', 0.18526715853910503), ([[617, 901], [735, 901], [735, 943], [617, 943]], '정신으로', 0.9994704127311707), ([[611, 941], [745, 941], [745, 985], [611, 985]], '돌아와요', 0.8412184715270996), ([[55, 1293], [219, 1293], [219, 1453], [55, 1453]], '(', 0.9216408146608615)]
[([[77, 201], [137, 201], [137, 443], [77, 443]], '흙', 0.021053300098433425), ([[576, 172], [638, 172], [638, 350], [576, 350]], '살', 0.8532382710776609), ([[513, 805], [551, 805], [551, 919], [513, 919]], '염', 0.14272211210779062), ([[47, 917], [157, 917], [157, 961], [47, 961]], '효과가', 0.998601390154096), ([[49, 959], [153, 959], [153, 1003], [49, 1003]], '있어?', 0.9964708435782283), ([[583, 913], [757, 913], [757, 1045], [583, 1045]], '98', 0.5597006015375646), ([[585, 1021], [719, 1021], [719, 1107], [585, 1107]], '09', 0.33343429012765863), ([[618, 1070], [764, 1070], [764, 1170], [618, 1170]], '982', 0.27568066120147705), ([[513, 1309], [627, 1309], [627, 1373], [513, 1373]], '0교', 0.015436298100023121), ([[747.4234531988112, 221.02378370561527], [861.832150917908, 302.47628288881185], [823.5765468011888, 355.9762162943847], [709.167849082092, 274.52371711118815]], '1 시', 0.06389603267956691), ([[856.0984799331588, 301.0582954853233], [994.8839433023796, 331.73062038395835], [978.9015200668412, 391.9417045146767], [840.1160566976204, 360.26937961604165]], '사스시', 0.05786061827307718), ([[602.099391217182, 781.0312335274201], [688.5696278141991, 739.0124858362622], [781.900608782818, 950.9687664725799], [695.4303721858009, 992.9875141637378]], '호', 0.12975457305871263), ([[526.2667061024509, 1134.0206980133823], [653.6201495120354, 1254.8804124801711], [577.7332938975491, 1336.9793019866177], [450.3798504879646, 1217.1195875198289]], '(1종', 0.029086936133381612)]
[([[380, 242], [442, 242], [442, 296], [380, 296]], '5*', 0.8966718233523903), ([[938, 1314], [996, 1314], [996, 1344], [938, 1344]], '역시', 0.7059507786927899), ([[902, 1344], [1044, 1344], [1044, 1376], [902, 1376]], '현기증효과와', 0.9034315415637186), ([[62, 1380], [140, 1380], [140, 1412], [62, 1412]], '파워가', 0.9926811139778388), ([[924, 1374], [1020, 1374], [1020, 1406], [924, 1406]], '냉각분인', 0.9789801239967346), ([[50, 1405], [151, 1405], [151, 1443], [50, 1443]], '부족해 !', 0.6939348271139963), ([[946, 1404], [998, 1404], [998, 1436], [946, 1436]], '사본', 0.9938632167184457), ([[892, 1431], [1037, 1431], [1037, 1470], [892, 1470]], '스프레이로는.', 0.8622377591150582), ([[952.2928932188134, 36.05025253169417], [992.1202064954937, 28.12710174460272], [1009.7071067811866, 115.94974746830583], [969.8797935045063, 124.87289825539729]], '륙', 0.15858562670445409), ([[345.95144619575154, 135.036880054477], [407.85328307948134, 111.89405605635615], [423.04855380424846, 155.963119945523], [361.14671692051866, 179.10594394364384]], '아', 0.9162767810516392), ([[372.32356887825085, 157.03275944598371], [428.40438760067576, 167.5592859050476], [407.67643112174915, 273.9672405540163], [351.59561239932424, 262.4407140949524]], '"', 0.7225961025722114), ([[233.34173543490184, 656.2442560653724], [345.5803177122147, 625.124346551203], [358.65826456509814, 678.7557439346276], [245.41968228778532, 709.875653448797]], '되)신', 0.001253137149611714), ([[31.38831376599609, 847.0267769323555], [123.81392017833502, 923.3967246639212], [82.61168623400391, 974.9732230676445], [-8.813920178335032, 898.6032753360788]], '1고', 0.13225026546901716)]
[([[644, 42], [706, 42], [706, 74], [644, 74]], '내가 .', 0.473307728767395), ([[652, 72], [706, 72], [706, 102], [652, 102]], '내가', 0.9995503227450443), ([[1021, 57], [1119, 57], [1119, 93], [1021, 93]], '우사기장', 0.9857075214385986), ([[627, 99], [727, 99], [727, 135], [627, 135]], '어떻게든', 0.6110022664070129), ([[1042, 90], [1094, 90], [1094, 122], [1042, 122]], '들올', 0.9473806564230388), ([[616, 128], [737, 128], [737, 166], [616, 166]], '하지않으면', 0.987155625456505), ([[1022, 120], [1116, 120], [1116, 152], [1022, 152]], '부름수는', 0.35844704508781433), ([[1044, 150], [1094, 150], [1094, 182], [1044, 182]], '없어', 0.9999941837398596), ([[88, 724], [208, 724], [208, 858], [88, 858]], '[늘', 0.09642105368431081), ([[1009, 1495], [1031, 1495], [1031, 1515], [1009, 1515]], '20', 0.9999037379550876), ([[1056.2155354594472, 321.07767729723633], [1081.5023207456645, 306.03166610925], [1120.7844645405528, 378.92232270276367], [1095.4976792543355, 392.96833389075]], '#', 0.8381489538452094), ([[54.16252172385566, 348.0439563766287], [116.69692100273599, 331.18204252310915], [147.83747827614434, 458.9560436233713], [85.30307899726401, 475.81795747689085]], '맛', 0.03695224728411106)]
[([[476, 160], [506, 160], [506, 188], [476, 188]], '애', 0.9910911549719117), ([[462, 190], [538, 190], [538, 222], [462, 222]], '액체가', 0.9966593385774485), ([[940, 456], [1052, 456], [1052, 560], [940, 560]], '533', 0.21367767605272894), ([[995, 543], [1113, 543], [1113, 651], [995, 651]], '이', 0.0739642625775474), ([[366, 638], [438, 638], [438, 670], [366, 670]], '액체의', 0.9934214663392511), ([[365, 667], [441, 667], [441, 703], [365, 703]], '감추이', 0.5265745480530333), ([[377, 697], [427, 697], [427, 733], [377, 733]], '몸올', 0.6663509791504473), ([[378, 730], [428, 730], [428, 760], [378, 760]], '타고', 0.9062334777499768), ([[365, 757], [441, 757], [441, 793], [365, 793]], '흘러서', 0.999458372592926), ([[131, 1101], [153, 1101], [153, 1121], [131, 1121]], '21', 0.9999993256504904), ([[392, 1114], [448, 1114], [448, 1192], [392, 1192]], '응', 0.9876651976505869), ([[396, 1438], [478, 1438], [478, 1466], [396, 1466]], '목소리가', 0.9999610781669617), ([[401, 1484], [471, 1484], [471, 1520], [401, 1520]], '이상한', 0.9344477394556581), ([[396, 1514], [478, 1514], [478, 1538], [396, 1538]], '목소리가', 0.999973475933075), ([[414, 1538], [458, 1538], [458, 1564], [414, 1564]], '나와', 0.9984518760069079), ([[54.93098527849408, 166.44816761268697], [126.47184586916546, 150.4019051901376], [136.0690147215059, 197.55183238731303], [64.52815413083454, 214.5980948098624]], '아', 0.9542132790572602), ([[32.35605709511348, 817.0416396323737], [70.44567905194025, 840.7117828409131], [30.643942904886522, 903.9583603676263], [-6.445679051940246, 880.2882171590869]], '끼', 0.012405832117114102), ([[52.282292999453986, 1118.0286624931748], [119.46855259845279, 1138.7423784645403], [82.71770700054601, 1260.9713375068252], [14.531447401547217, 1240.2576215354597]], "약'", 0.12932967779439306)]
[([[97, 61], [173, 61], [173, 101], [97, 101]], '머리간', 0.40366626536346206), ([[1023, 63], [1063, 63], [1063, 109], [1023, 109]], '회', 0.4550994815692775), ([[95, 93], [171, 93], [171, 131], [95, 131]], '저런선', 0.4729064404964447), ([[508, 100], [582, 100], [582, 130], [508, 130]], '그리고', 0.999991465640968), ([[93, 123], [195, 123], [195, 165], [93, 165]], '더인상은', 0.4048430025577545), ([[408, 76], [445, 76], [445, 209], [408, 209]], '위', 0.014387942669540854), ([[496, 130], [590, 130], [590, 162], [496, 162]], '쾌감으로', 0.9991740584373474), ([[502, 154], [586, 154], [586, 230], [502, 230]], '뼈뀌어', 0.04980540508749883), ([[517, 249], [571, 249], [571, 285], [517, 285]], '공포', 0.9999707502124274), ([[1027, 241], [1065, 241], [1065, 279], [1027, 279]], '0', 0.905533627155819), ([[1004, 402], [1056, 402], [1056, 434], [1004, 434]], '점점', 0.5964786828970104), ([[982, 432], [1078, 432], [1078, 464], [982, 464]], '아무것도', 0.9973421096801758), ([[498, 433], [566, 433], [566, 524], [498, 524]], '약', 0.058035399361110684), ([[982, 462], [1078, 462], [1078, 494], [982, 494]], '생각나지', 0.9999182224273682), ([[110, 504], [206, 504], [206, 536], [110, 536]], '어떻게든', 0.4176179766654968), ([[346, 496], [464, 496], [464, 528], [346, 528]], '이상해지기', 0.9999666799251039), ([[1006, 492], [1056, 492], [1056, 524], [1006, 524]], '않게', 0.37269366979640306), ([[110, 538], [160, 538], [160, 568], [110, 568]], '하지', 0.9998968260738181), ([[414, 530], [464, 530], [464, 562], [414, 562]], '전에', 0.9963276159175072), ([[569, 495], [631, 495], [631, 561], [569, 561]], '잔', 0.008469163655334067), ([[981, 520], [1079, 520], [1079, 556], [981, 556]], '되어버려', 0.999309778213501), ([[109, 569], [183, 569], [183, 605], [109, 605]], '않으면', 0.9919483294413332), ([[528, 622], [588, 622], [588, 678], [528, 678]], '8', 0.00561787808506381), ([[1070, 710], [1102, 710], [1102, 768], [1070, 768]], '0', 0.9999023699748797), ([[951, 1061], [973, 1061], [973, 1081], [951, 1081]], '22', 0.999931722788134), ([[397, 1071], [473, 1071], [473, 1107], [397, 1107]], '약점은', 0.989868147521085), ([[381, 1105], [491, 1105], [491, 1141], [381, 1141]], '없느거야?', 0.8093414188753238), ([[1012, 1108], [1038, 1108], [1038, 1230], [1012, 1230]], '물', 0.04652892660697483), ([[995.7458596463944, 667.0989157722843], [1050.6699077422622, 639.0280978670799], [1099.2541403536056, 745.9010842277157], [1044.3300922577378, 773.9719021329201]], '뜻', 0.02257021860532782), ([[976.5582738957006, 880.0244650613055], [1009.355727751898, 869.0158491787422], [1043.4417261042993, 977.9755349386945], [1011.644272248102, 988.9841508212578]], '7', 0.009779084563315055), ([[432.5149287499273, 973.0597149997093], [453.5439140104519, 970.0753811937856], [460.4850712500727, 1016.9402850002907], [439.4560859895481, 1019.9246188062144]], '흙', 0.04500900400572405), ([[115.38226342701269, 985.0159104840462], [283.55670520117525, 1119.7685042328467], [216.6177365729873, 1202.9840895159539], [49.44329479882477, 1067.2314957671533]], '걸):"', 0.0006798610556870699), ([[190.44377642240653, 1308.0520150387547], [289.9964715002727, 1339.8545402184334], [280.55622357759347, 1366.9479849612453], [181.00352849972728, 1335.1454597815666]], '표9어가다 `', 0.012175311495205142)]
[([[86, 128], [116, 128], [116, 158], [86, 158]], '난', 0.9988124322184468), ([[526, 122], [554, 122], [554, 146], [526, 146]], '그', 0.9999958276792178), ([[746, 70], [826, 70], [826, 160], [746, 160]], '[', 0.40397429066798907), ([[888, 76], [962, 76], [962, 174], [888, 174]], '1', 0.05414009698748701), ([[57, 154], [162, 154], [162, 190], [57, 190]], '못하켓어!', 0.7794823092609887), ([[504, 148], [582, 148], [582, 180], [504, 180]], '그런거.', 0.9104831218719482), ([[512, 396], [586, 396], [586, 426], [512, 426]], '그래도', 0.9999735022236008), ([[12, 420], [129, 420], [129, 452], [12, 452]], '이대로라면', 0.9998840988865902), ([[163, 403], [223, 403], [223, 479], [163, 479]], '때', 0.1631721882031565), ([[508, 426], [604, 426], [604, 458], [508, 458]], '어떻게든', 0.5326148867607117), ([[7, 449], [137, 449], [137, 485], [7, 485]], '더 심한짓올', 0.9573556980361286), ([[530, 456], [584, 456], [584, 486], [530, 486]], '하지', 0.9999398148308071), ([[647, 459], [753, 459], [753, 503], [647, 503]], '깨끗히', 0.9979185461997986), ([[512, 486], [586, 486], [586, 518], [512, 518]], '않으면', 0.9954890957885807), ([[646, 498], [760, 498], [760, 546], [646, 546]], '만듣다', 0.8536819614646615), ([[971, 513], [1017, 513], [1017, 555], [971, 555]], '해', 0.9999823571029651), ([[970, 432], [1050, 432], [1050, 562], [970, 562]], '화축', 0.1497586930147403), ([[477, 703], [571, 703], [571, 747], [477, 747]], '하지만', 0.9998996530730838), ([[477, 745], [571, 745], [571, 785], [477, 785]], '어떻게', 0.9785509031309297), ([[50, 758], [102, 758], [102, 820], [50, 820]], '육', 0.12829448255757825), ([[923, 783], [941, 783], [941, 809], [923, 809]], '8', 0.9754229257010962), ([[315, 773], [378, 773], [378, 898], [315, 898]], '1"', 0.25974732651900784), ([[95, 1079], [117, 1079], [117, 1099], [95, 1099]], '23', 0.9999328185844565), ([[345, 1157], [389, 1157], [389, 1195], [345, 1195]], '5*', 0.3853238254964028), ([[32, 1236], [116, 1236], [116, 1408], [32, 1408]], '숲', 0.02711759463820429), ([[783, 1319], [877, 1319], [877, 1359], [783, 1359]], '이대로', 0.9998858881677603), ([[785, 1359], [881, 1359], [881, 1399], [785, 1399]], '가다간', 0.9945231583547713), ([[787, 1399], [877, 1399], [877, 1439], [787, 1439]], '정말로', 0.9999909150374945), ([[304.57826291885397, 709.1708779673012], [348.78828802023946, 688.0520085745567], [380.42173708114603, 761.8291220326988], [336.21171197976054, 782.9479914254433]], '조', 0.11569561493212177)]
[([[601, 55], [639, 55], [639, 165], [601, 165]], '십', 0.03555883887140987), ([[999, 109], [1039, 109], [1039, 147], [999, 147]], '아', 0.9999483830437192), ([[532, 78], [588, 78], [588, 328], [532, 328]], '턱', 0.003274929597001597), ([[69, 349], [126, 349], [126, 502], [69, 502]], '헌', 0.0071701633473308934), ([[148, 648], [244, 648], [244, 678], [148, 678]], '부탁이야', 0.9965554475784302), ([[980, 666], [1056, 666], [1056, 698], [980, 698]], '그만뒤', 0.987105582326105), ([[990, 698], [1046, 698], [1046, 726], [990, 726]], '이제', 0.9999726046583781), ([[964, 950], [1036, 950], [1036, 982], [964, 982]], '당신은', 0.9999017866356814), ([[942, 980], [1060, 980], [1060, 1012], [942, 1012]], '요마따워에', 0.9497759437644628), ([[123, 989], [219, 989], [219, 1031], [123, 1031]], '원래의', 0.9999685468057282), ([[964, 1010], [1036, 1010], [1036, 1042], [964, 1042]], '꿀하지', 0.6572608683404615), ([[123, 1029], [221, 1029], [221, 1073], [123, 1073]], '상냥한', 0.3133217093734444), ([[965, 1039], [1037, 1039], [1037, 1075], [965, 1075]], '않아 ', 0.7622385244183013), ([[109, 1069], [235, 1069], [235, 1113], [109, 1113]], '당신으로', 0.9090914298168833), ([[113, 1111], [215, 1111], [215, 1153], [113, 1153]], '돌아와.', 0.637031078338623), ([[942, 1217], [1045, 1217], [1045, 1256], [942, 1256]], '상낭하고', 0.694617748260498), ([[964, 1252], [1038, 1252], [1038, 1282], [964, 1282]], '그리고', 0.9999964210740566), ([[939, 1279], [1051, 1279], [1051, 1315], [939, 1315]], '강한 사람.', 0.8757885431350749)]
[([[60, 138], [134, 138], [134, 170], [60, 170]], '느손해', 0.364350638727646), ([[67, 167], [127, 167], [127, 203], [67, 203]], '젖다!', 0.1929115031536186), ([[105, 667], [355, 667], [355, 707], [105, 707]], '자기 자신에제 하는 말으', 0.5154555649240421), ([[400, 768], [558, 768], [558, 816], [400, 816]], '지금이야', 0.9991684556007385), ([[423, 811], [529, 811], [529, 853], [423, 853]], '세일러', 0.9883907017011322), ([[403, 851], [557, 851], [557, 893], [403, 893]], '머규리-씨', 0.526276758172553), ([[328, 1506], [352, 1506], [352, 1530], [328, 1530]], '25', 0.998559387661969)]
[([[510, 736], [560, 736], [560, 768], [510, 768]], '이결', 0.20121414835776144), ([[602, 732], [654, 732], [654, 762], [602, 762]], '크다', 0.9999796009862606), ([[114, 762], [166, 762], [166, 792], [114, 792]], '내가', 0.9996705961247646), ([[445, 1035], [461, 1035], [461, 1063], [445, 1063]], '}', 0.2110040833591862), ([[119, 1151], [171, 1151], [171, 1187], [119, 1187]], '활수', 0.9217331640726102), ([[490, 1154], [564, 1154], [564, 1186], [490, 1186]], '하지만', 0.9999483810419332), ([[119, 1181], [173, 1181], [173, 1217], [119, 1217]], '밖에', 0.9895752013269529), ([[116, 1214], [174, 1214], [174, 1246], [116, 1246]], '없어', 0.9971022866783791), ([[1057, 1469], [1079, 1469], [1079, 1489], [1057, 1489]], "'26", 0.6649585735461632)]
[([[246, 106], [278, 106], [278, 136], [246, 136]], '어.', 0.3885411733027408), ([[54, 84], [80, 84], [80, 200], [54, 200]], '별', 0.02616425919953458), ([[234, 136], [290, 136], [290, 166], [234, 166]], '어디', 0.9999085425637269), ([[960, 152], [1034, 152], [1034, 184], [960, 184]], '조금만', 0.9999472798413835), ([[385, 167], [459, 167], [459, 203], [385, 203]], '참아쥐', 0.8687080606672236), ([[974, 184], [1004, 184], [1004, 210], [974, 210]], '더', 0.9994977151421978), ([[404, 570], [484, 570], [484, 600], [404, 600]], '반드시', 0.9999887814494186), ([[412, 600], [484, 600], [484, 632], [412, 632]], '도와줄', 0.6628772020339966), ([[973, 573], [1017, 573], [1017, 649], [973, 649]], '지', 0.005913874381173523), ([[102, 628], [150, 628], [150, 660], [102, 660]], '옛찌', 0.7753407579820952), ([[412, 630], [486, 630], [486, 662], [412, 662]], '테니까', 0.9998668926401049), ([[90, 658], [162, 658], [162, 690], [90, 690]], '공부도', 0.9999781135181873), ([[74, 688], [176, 688], [176, 720], [74, 720]], '햇으니까', 0.9095020890235901), ([[349, 779], [417, 779], [417, 877], [349, 877]], '약', 0.11749775653138173), ([[218, 809], [303, 809], [303, 951], [218, 951]], '표', 0.14712975194584033), ([[369, 909], [433, 909], [433, 985], [369, 985]], '4', 0.18031323218451778), ([[257, 941], [329, 941], [329, 1084], [257, 1084]], '%', 0.01073509108038101), ([[391, 1013], [451, 1013], [451, 1079], [391, 1079]], '내', 0.17813759776981275), ([[283.46312450780687, 282.02061860148893], [334.42864195231186, 265.0131361773169], [382.53687549219313, 425.97938139851107], [330.57135804768814, 441.9868638226831]], '3', 0.04792640674802229), ([[888.5723575755319, 544.0229254524469], [920.7018130575132, 540.062048955065], [933.4276424244681, 644.9770745475531], [901.2981869424868, 648.937951044935]], '빚', 0.7002013864153334), ([[368.16252795565555, 1081.0390491255146], [463.9281533983297, 1134.865065245975], [423.83747204434445, 1205.9609508744854], [328.0718466016703, 1152.134934754025]], '에', 0.9893110865139221), ([[-4.87358828980218, 1396.0318404297102], [59.47022680034426, 1337.0092165912215], [240.87358828980217, 1556.9681595702898], [175.52977319965575, 1615.9907834087785]], '곰', 0.01758748520787301)]
[([[270, 26], [322, 26], [322, 90], [270, 90]], '쎄', 0.014071169461221666), ([[982, 64], [1006, 64], [1006, 100], [982, 100]], '0', 0.9146678796860036), ([[1029, 39], [1067, 39], [1067, 83], [1029, 83]], '멋', 0.019652051056088027), ([[384, 54], [434, 54], [434, 122], [384, 122]], '9', 0.5132618791985841), ([[1030, 204], [1060, 204], [1060, 248], [1030, 248]], '서', 0.5932534192170493), ([[458, 334], [490, 334], [490, 376], [458, 376]], '오', 0.9927743541703968), ([[476, 884], [508, 884], [508, 938], [476, 938]], '0', 0.9999667408847621), ([[54, 954], [106, 954], [106, 1016], [54, 1016]], '%', 0.22768383357021893), ([[409, 897], [495, 897], [495, 1007], [409, 1007]], '[', 0.057632696403509875), ([[425, 1307], [635, 1307], [635, 1523], [425, 1523]], '든', 0.010734604753120047), ([[434.3225418717343, 232.0383684712617], [475.51533005291805, 218.02217138615038], [510.6774581282657, 331.96163152873834], [470.48466994708195, 345.9778286138496]], '오', 0.168254137809968), ([[58.503519584455965, 1005.013704478653], [122.69631504948138, 996.1613057948075], [146.49648041554403, 1203.986295521347], [81.30368495051862, 1211.8386942051925]], '"', 0.061894371187381836)]
[([[155, 13], [245, 13], [245, 135], [155, 135]], '9', 0.9969798514470227), ([[675, 151], [695, 151], [695, 191], [675, 191]], '0', 0.9995579016186049), ([[922, 164], [974, 164], [974, 230], [922, 230]], '2', 0.0800882872225408), ([[82, 304], [138, 304], [138, 368], [82, 368]], '9', 0.9119713479780245), ([[915, 619], [981, 619], [981, 711], [915, 711]], '오', 0.9888879537636832), ([[910, 944], [1014, 944], [1014, 1080], [910, 1080]], '떠7', 0.03594484263184439), ([[75, 1099], [97, 1099], [97, 1119], [75, 1119]], '29', 0.9159444509049228), ([[780, 1392], [832, 1392], [832, 1442], [780, 1442]], ',', 0.0740873499258079), ([[58, 1442], [82, 1442], [82, 1472], [58, 1472]], '으', 0.9983470123925144), ([[58, 1472], [82, 1472], [82, 1504], [58, 1504]], '응', 0.9996443111142526), ([[27.06220365952794, 71.02588623745567], [119.5072367459119, -5.992430988048671], [335.93779634047206, 285.97411376254433], [243.4927632540881, 362.9924309880487]], '%', 0.4857388296586329), ([[883.143235659778, 58.03341644515832], [953.5282360263283, 18.012690652371305], [1051.856764340222, 207.9665835548417], [981.4717639736717, 247.9873093476287]], '음', 0.059044908708632216), ([[68.40429613545135, 154.01365575283938], [259.36382620894165, 309.98306068317083], [188.59570386454865, 397.9863442471606], [-2.3638262089416404, 241.01693931682914]], "'어어에", 0.17188087105751038), ([[589.3009300182813, 578.0306022084062], [653.7574846927583, 571.4902544537646], [664.6990699817187, 707.9693977915938], [601.2425153072417, 714.5097455462354]], '7', 0.7906443665320353), ([[809.3251296263551, 777.0739647778124], [1013.8334246667871, 758.975547535949], [1018.6748703736449, 927.9260352221876], [815.1665753332129, 946.024452464051]], '7', 0.01345786783643993)]
[([[1043, 35], [1108, 35], [1108, 168], [1043, 168]], '척', 0.052985018565758546), ([[701, 138], [758, 138], [758, 277], [701, 277]], '풀', 0.16933419335350663), ([[606, 824], [660, 824], [660, 980], [606, 980]], '쁨', 0.006094880664364588), ([[140, 1046], [196, 1046], [196, 1190], [140, 1190]], '댐', 0.029400275016284505), ([[1039, 1139], [1061, 1139], [1061, 1159], [1039, 1159]], '30', 0.9991429250111299), ([[794.1447151510638, 594.0458509048937], [844.5393108639386, 566.0181992137088], [911.8552848489362, 702.9541490951063], [861.4606891360614, 729.9818007862912]], '턱', 0.141599654294712)]
[([[556, 132], [648, 132], [648, 164], [556, 164]], '여; 여어.', 0.46347563778098966), ([[574, 162], [628, 162], [628, 192], [574, 192]], '아미', 0.9999472325534401), ([[913, 809], [953, 809], [953, 875], [913, 875]], '(', 0.9915269851608741), ([[27, 877], [91, 877], [91, 1117], [27, 1117]], '양', 0.012345218920284895), ([[531, 771], [599, 771], [599, 1075], [531, 1075]], '흙', 0.009153769599994144), ([[927, 885], [971, 885], [971, 1021], [927, 1021]], '0', 0.7861708876336913), ([[45, 1127], [65, 1127], [65, 1169], [45, 1169]], ':', 0.9812734608497067), ([[403, 1521], [425, 1521], [425, 1541], [403, 1541]], '31', 0.9921486708989509), ([[673.0789916602317, 1472.1448741467184], [719.8211286772515, 1480.9795917550366], [713.9210083397683, 1508.8551258532816], [667.1788713227485, 1500.0204082449634]], '아 ', 0.5806487119046702)]
[([[1048, 68], [1076, 68], [1076, 154], [1048, 154]], '척', 0.007256951152613544), ([[1048, 156], [1078, 156], [1078, 186], [1048, 186]], '야', 0.9996120114036025), ([[756, 482], [828, 482], [828, 514], [756, 514]], '정말로', 0.9999530611460817), ([[1025, 587], [1047, 587], [1047, 607], [1025, 607]], '32', 0.8714927858051221), ([[1077, 1415], [1115, 1415], [1115, 1507], [1077, 1507]], '용', 0.004668142456518476), ([[508.13600260995935, 652.0752148767684], [543.5024935298094, 631.0253140548875], [591.8639973900406, 718.9247851232316], [556.4975064701906, 739.9746859451125]], '독', 0.41946674034205955), ([[999.7046585962279, 688.0087302762505], [1035.3084004403859, 683.0095201464819], [1058.2953414037722, 866.9912697237495], [1023.691599559614, 870.9904798535181]], '{', 0.20709623547738776), ([[630.5362749548408, 1021.0179469174461], [671.3766143691396, 1006.0118315306801], [726.4637250451592, 1161.9820530825539], [684.6233856308604, 1176.98816846932]], ';', 0.8130903362138078)]
[([[80, 682], [134, 682], [134, 712], [80, 712]], '원가.', 0.4745613962785602), ([[452, 684], [492, 684], [492, 714], [452, 714]], '나 ', 0.5174752417108329), ([[906, 694], [938, 694], [938, 724], [906, 724]], '왜.', 0.8192136991240578), ([[88, 712], [140, 712], [140, 742], [88, 742]], '몸에', 0.9882348511837133), ([[448, 714], [500, 714], [500, 744], [448, 744]], '아직', 0.9999657769305327), ([[884, 724], [972, 724], [972, 754], [884, 754]], '왜그래?', 0.9999046325683594), ([[53, 739], [173, 739], [173, 775], [53, 775]], '남아있는거', 0.8604263937230237), ([[437, 741], [513, 741], [513, 777], [437, 777]], '좀전에', 0.8573811008720275), ([[902, 754], [954, 754], [954, 784], [902, 784]], '아미', 0.9999669570306657), ([[78, 772], [134, 772], [134, 804], [78, 804]], '같아', 0.9978465543246541), ([[442, 774], [492, 774], [492, 806], [442, 806]], '일로', 0.5832198275995901), ([[54, 876], [106, 876], [106, 908], [54, 908]], '너무', 0.9999748805706943), ([[62, 906], [116, 906], [116, 938], [62, 938]], '몸이', 0.9777735725628365), ([[31, 933], [149, 933], [149, 969], [31, 969]], '달아올라서', 0.9997583331890132), ([[69, 1059], [91, 1059], [91, 1077], [69, 1077]], '33', 0.512757377086698), ([[28, 1142], [114, 1142], [114, 1174], [28, 1174]], '내 안에.', 0.6452748623956343), ([[453, 1127], [507, 1127], [507, 1169], [453, 1169]], '이결', 0.3128602104369926), ([[24, 1172], [130, 1172], [130, 1204], [24, 1204]], '넣고 싶어', 0.6935497916284302), ([[14, 1332], [112, 1332], [112, 1428], [14, 1428]], ',', 0.009846313217637181)]
[([[1009, 59], [1077, 59], [1077, 161], [1009, 161]], '(', 0.9990351144551823), ([[617, 141], [711, 141], [711, 177], [617, 177]], '이런거  ', 0.7649094769041955), ([[96, 160], [146, 160], [146, 190], [96, 190]], '몸이', 0.9053799276165907), ([[603, 171], [723, 171], [723, 207], [603, 207]], '부끄럽지만', 0.9785360895994285), ([[71, 187], [169, 187], [169, 223], [71, 223]], '찌릿한게', 0.34006547927856445), ([[74, 220], [170, 220], [170, 252], [74, 252]], '멈추지가', 0.9959748387336731), ([[96, 250], [148, 250], [148, 282], [96, 282]], '않아', 0.49724424323385263), ([[1015, 165], [1079, 165], [1079, 335], [1015, 335]], '5', 0.018769655853040357), ([[114, 564], [144, 564], [144, 654], [114, 654]], '지', 0.018762833797584477), ([[77, 837], [119, 837], [119, 881], [77, 881]], '만', 0.36491778509849837), ([[630, 834], [682, 834], [682, 864], [630, 864]], '아미', 0.9999516157607532), ([[428, 904], [462, 904], [462, 928], [428, 928]], '마', 0.10095752916286305), ([[60, 930], [98, 930], [98, 962], [60, 962]], '5*', 0.09498316057283199), ([[130, 956], [160, 956], [160, 996], [130, 996]], '0', 0.9966072060420608), ([[29, 959], [91, 959], [91, 1045], [29, 1045]], '마;', 0.46571296952560276), ([[1075, 1069], [1097, 1069], [1097, 1089], [1075, 1089]], '34', 0.999918151801291), ([[1000, 1102], [1070, 1102], [1070, 1152], [1000, 1152]], '으응', 0.9295320087869609), ([[172.28445824720006, 435.06452035960035], [203.52181805028556, 424.03418281782984], [225.71554175279994, 497.93547964039965], [193.47818194971444, 507.96581718217016]], "'", 0.6498226928486908), ([[290.00649859892917, 687.1253445358238], [315.456762690498, 663.0261645926676], [378.99350140107083, 733.8746554641762], [353.543237309502, 757.9738354073324]], '5', 0.02387134362674659), ([[414.457124714834, 1015.0370104182882], [448.09260883950463, 1011.1521166956577], [456.542875285166, 1095.9629895817118], [422.90739116049537, 1099.8478833043423]], '8', 0.005171738388769553)]
[([[721, 89], [807, 89], [807, 177], [721, 177]], "'", 0.39815319696659357), ([[964, 316], [1034, 316], [1034, 366], [964, 366]], '으응', 0.8818666369472539), ([[378, 460], [410, 460], [410, 488], [378, 488]], '아', 0.9999673369213866), ([[25, 465], [67, 465], [67, 521], [25, 521]], '응', 0.9340631148246672), ([[341, 487], [463, 487], [463, 523], [341, 523]], "애태우지마'", 0.9847788113982336), ([[989, 837], [1025, 837], [1025, 875], [989, 875]], '2', 0.15088633823214437), ([[634.800239928024, 53.12117564731756], [679.135716973584, 36.10846819953306], [705.199760071976, 113.87882435268244], [660.864283026416, 130.89153180046694]], '싫', 0.18817195271041331), ([[29.248619243234653, 662.0353639782874], [90.51143833427952, 653.4044304036424], [106.75138075676534, 783.9646360217126], [44.48856166572048, 792.5955695963576]], '약', 0.19797887096854172)]
[([[226, 98], [252, 98], [252, 164], [226, 164]], '응', 0.9811922181072532), ([[562, 546], [612, 546], [612, 612], [562, 612]], '애', 0.0382804779371817), ([[1057, 767], [1111, 767], [1111, 809], [1057, 809]], '0', 0.24408074597317952), ([[527, 919], [571, 919], [571, 961], [527, 961]], '0', 0.04749453881043508), ([[472, 958], [552, 958], [552, 1040], [472, 1040]], '아', 0.3323119084956403), ([[426, 1080], [458, 1080], [458, 1116], [426, 1116]], '7', 0.3396831800871247), ([[437, 1109], [475, 1109], [475, 1155], [437, 1155]], '멋', 0.10088212946495734), ([[72, 1428], [142, 1428], [142, 1476], [72, 1476]], '51', 0.3224377463222644), ([[961, 1475], [983, 1475], [983, 1495], [961, 1495]], '36', 0.34797690677745136), ([[79, 1475], [171, 1475], [171, 1563], [79, 1563]], '아', 0.025048218873955586), ([[1000.2885444962039, 47.0316983574843], [1061.440365410742, 39.38129822987842], [1076.711455503796, 174.96830164251568], [1015.5596345892579, 182.6187017701216]], '양', 0.02581495338702866), ([[485.21086857389423, 151.56326057216828], [569.9835138317228, 107.98768829526934], [590.7891314261058, 151.43673942783172], [506.0164861682772, 194.01231170473068]], '마', 0.025857937118928476), ([[391.4354515597786, 620.0319737260514], [431.2241965541309, 614.1521816456416], [443.5645484402214, 717.9680262739486], [403.7758034458691, 722.8478183543584]], '울', 0.12628431017452613), ([[144.09565595278485, 1415.876524762228], [204.8574687687979, 1390.8969679217262], [219.90434404721515, 1430.123475237772], [160.1425312312021, 1455.1030320782738]], '아', 0.9832577480041529)]
[([[276, 116], [352, 116], [352, 166], [276, 166]], '기분', 0.9820526901210148), ([[282, 177], [365, 177], [365, 233], [282, 233]], '좋야', 0.49966840119081646), ([[938, 292], [986, 292], [986, 346], [938, 346]], '9', 0.3218494002231296), ([[416, 658], [464, 658], [464, 690], [416, 690]], '5', 0.020075173819948056), ([[943, 611], [1009, 611], [1009, 733], [943, 733]], '옆;', 0.05101062725261281), ([[949, 1077], [1061, 1077], [1061, 1191], [949, 1191]], '하양', 0.0589234234690222), ([[31, 1203], [81, 1203], [81, 1241], [31, 1241]], '사', 0.04478817213354436), ([[839, 1375], [955, 1375], [955, 1537], [839, 1537]], '', 0.0), ([[23.427521222862367, 108.45651273371742], [78.04517679769074, 88.8051761195514], [88.57247877713763, 117.54348726628258], [32.95482320230926, 137.1948238804486]], '아이', 0.573957297911863), ([[413.3022506247457, 707.2090024989827], [459.6574581621697, 674.0309434810015], [515.6977493752544, 760.7909975010173], [468.3425418378303, 793.9690565189985]], '앗', 0.04808017844040169), ([[479.9176248275737, 728.0325721377234], [613.9595788345234, 698.0152003216082], [657.0823751724263, 929.9674278622766], [522.0404211654766, 959.9847996783918]], '4', 0.10895619208707163), ([[787.8237643912812, 1108.641387952153], [861.9060021161539, 1040.0373743945383], [925.1762356087188, 1114.358612047847], [851.0939978838461, 1182.9626256054617]], '0', 0.9219561333364403), ([[17.786405637882133, 1272.3592169136464], [152.8243520603649, 1251.1170986264233], [159.21359436211787, 1315.6407830863536], [24.175647939635095, 1336.8829013735767]], '날아갈', 0.42422449051609107), ([[68.34130673866295, 1422.199357628518], [170.6, 1412.8], [173.65869326133705, 1476.800642371482], [71.4, 1487.2]], '같마', 0.368351535775522), ([[234.04021598262705, 1389.0209460021592], [529.56488977492, 1489.6462052189436], [464.95978401737295, 1661.9790539978408], [169.43511022508008, 1562.3537947810564]], '신', 0.0035922836867159497)]
[([[73, 161], [149, 161], [149, 197], [73, 197]], '이렇게', 0.8187488005987958), ([[347, 79], [375, 79], [375, 199], [347, 199]], '축', 0.02535214095041738), ([[86, 194], [136, 194], [136, 226], [86, 226]], '기분', 0.9997328837244683), ([[73, 221], [147, 221], [147, 257], [73, 257]], '중은거', 0.6079885773606338), ([[75, 251], [149, 251], [149, 287], [75, 287]], '엿구나', 0.39364895278441137), ([[378, 870], [408, 870], [408, 906], [378, 906]], '으', 0.9957688598633219), ([[378, 906], [408, 906], [408, 946], [378, 946]], '응', 0.9990684772276381), ([[693, 907], [767, 907], [767, 943], [693, 943]], '당신과', 0.9999857531319064), ([[960, 920], [1034, 920], [1034, 950], [960, 950]], '하지만', 0.9999693038832459), ([[143, 917], [179, 917], [179, 1001], [143, 1001]], '후', 0.33992994115705244), ([[692, 940], [766, 940], [766, 970], [692, 970]], '하니까', 0.9992629839526015), ([[980, 950], [1030, 950], [1030, 980], [980, 980]], '그건', 0.9994980679373615), ([[972, 980], [1038, 980], [1038, 1010], [972, 1010]], '분명 ..', 0.3844145739453162), ([[155, 1003], [169, 1003], [169, 1037], [155, 1037]], '8', 0.6880501102238021), ([[691, 995], [765, 995], [765, 1031], [691, 1031]], '그런거', 0.9998017163239958), ([[702, 1030], [756, 1030], [756, 1062], [702, 1062]], '같아', 0.7399184892589497), ([[144, 1140], [184, 1140], [184, 1261], [144, 1261]], '삶', 0.9065412456266131), ([[155, 1267], [171, 1267], [171, 1301], [155, 1301]], '8', 0.937614903286832), ([[123, 1505], [239, 1505], [239, 1569], [123, 1569]], '톤)', 0.012970353372294753), ([[1041, 1541], [1063, 1541], [1063, 1561], [1041, 1561]], '38', 0.9992716958676487), ([[727.3351366892331, 44.07460143262562], [752.4703026326022, 34.03709341460661], [774.6648633107669, 93.92539856737437], [749.5296973673978, 102.96290658539338]], '유', 0.018007442162204512), ([[582.349208626544, 361.07143881944813], [607.4428556867581, 350.0328668987209], [632.650791373456, 411.92856118055187], [607.5571443132419, 422.9671331012791]], '@', 0.013612223869786944)]
[([[57, 79], [321, 79], [321, 143], [57, 143]], "오 ' 마 ' 켜", 0.17966961282149752), ([[305, 163], [399, 163], [399, 199], [305, 199]], '레이장.', 0.5272818803787231), ([[305, 193], [425, 193], [425, 229], [305, 229]], '귀엽네요', 0.9918482303619385), ([[307, 223], [545, 223], [545, 259], [307, 259]], '부츠 신은게 아니고', 0.4834708170730298), ([[307, 253], [579, 253], [579, 289], [307, 289]], '헬 신은것도 에로해요.', 0.31375897074616504), ([[46, 358], [136, 358], [136, 390], [46, 390]], '비너스:', 0.5203495621681213), ([[44, 385], [162, 385], [162, 421], [44, 421]], '금발리본.', 0.9896694909428128), ([[45, 415], [317, 415], [317, 451], [45, 451]], '이것도 역시 귀엽네요', 0.8617432992850074), ([[45, 445], [367, 445], [367, 481], [45, 481]], '생각만 좀 짚게 해0으면 ', 0.1372080290186903), ([[131, 1567], [153, 1567], [153, 1587], [131, 1587]], '39', 0.9990423893640875)]
[([[206, 98], [280, 98], [280, 130], [206, 130]], '주피터.', 0.725104033946991), ([[207, 126], [589, 126], [589, 162], [207, 162]], '같은 동기의 친구들이 꽤나 좋아햇어요', 0.5964988563996195), ([[208, 158], [474, 158], [474, 190], [208, 190]], '물론 지금도 인기0은 아이', 0.4459210418830005), ([[206, 188], [396, 188], [396, 220], [206, 220]], '포니테일은 정의조', 0.7681880530701644), ([[71, 345], [333, 345], [333, 381], [71, 381]], '그리고 우리들의 세일러문;', 0.7408441130930532), ([[70, 378], [302, 378], [302, 410], [70, 410]], '이 아니고, 적인 베르체.', 0.506938110282305), ([[71, 405], [381, 405], [381, 441], [71, 441]], '꽤나 좋아햇없다 기억이 나네요', 0.3640110643215632), ([[72, 438], [216, 438], [216, 470], [72, 470]], '코안도 좋아요', 0.6657356989279829), ([[72, 468], [388, 468], [388, 500], [72, 500]], '땅아 늘어프린 머리 보기 종군요', 0.46144528293074255), ([[699, 1499], [721, 1499], [721, 1519], [699, 1519]], '40', 0.9999928350432712), ([[1002, 1486], [1054, 1486], [1054, 1544], [1002, 1544]], '끝', 0.9902617756774958)]
[([[109, 63], [315, 63], [315, 129], [109, 129]], '**+  7', 0.002891469506757329), ([[111, 163], [283, 163], [283, 207], [111, 207]], '<역자 후기>', 0.9540700099711391), ([[111, 205], [741, 205], [741, 247], [111, 247]], '라노벌 번역은 꽤나 햇지만 팀아키바에 들어외서', 0.7111249176137926), ([[111, 243], [775, 243], [775, 287], [111, 287]], '동인지나 상업지 번역올 직접 해보는건 처음이네요', 0.6140637594996398), ([[113, 285], [737, 285], [737, 327], [113, 327]], '작중에서 마법으로 변신하는게 흥미가 깊엇네요', 0.365580231612286), ([[113, 325], [411, 325], [411, 367], [113, 367]], '원작이 좀 궁금하달까.', 0.7016774632678499), ([[115, 363], [699, 363], [699, 407], [115, 407]], '첫 작이라 그런지 후기에 적올게 별로 없네요', 0.5421445616581393), ([[113, 445], [528, 445], [528, 487], [113, 487]], '팀아키바 분들 잘 부탁드럽니다.', 0.7898912692545672), ([[142, 484], [265, 484], [265, 527], [142, 527]], '나른노코', 0.12772731482982635), ([[111, 635], [281, 635], [281, 677], [111, 677]], '<식자 후기>', 0.8986705817413768), ([[109, 675], [545, 675], [545, 719], [109, 719]], '처음 인사드리는 분리불안입니다:', 0.8046129392147507), ([[111, 714], [334, 714], [334, 758], [111, 758]], '잘 부탁드럽니다;', 0.5648968559364671), ([[139, 755], [265, 755], [265, 797], [139, 797]], '분리불안', 0.9995015859603882)]
[([[512, 144], [640, 144], [640, 216], [512, 216]], '옆 손', 0.04730407552034673), ([[518, 234], [1046, 234], [1046, 306], [518, 306]], '표쫓5 + 간익,? ( 다', 0.004551198281130623), ([[514, 300], [845, 300], [845, 342], [514, 342]], '추* : }+ 5 ( #꼼화', 0.039986094629457604), ([[512, 336], [845, 336], [845, 381], [512, 381]], '## # : }13 5 ( {값', 0.048739480967130655), ([[515, 381], [817, 381], [817, 421], [515, 421]], '## 터 : 2013.05.04', 0.34009156707260935), ([[512, 415], [910, 415], [910, 459], [512, 459]], "다 끼 매 : *  많 #* 차' 소차", 0.0056927736105819235), ([[510, 495], [1011, 495], [1011, 540], [510, 540]], '담리;-:검-:기항째~;@,라명;]어]탁,서.;명', 3.18730774840266e-07), ([[509, 535], [1118, 535], [1118, 583], [509, 583]], '답:`++[:/|+멋*라하`;-(답나6.:라니뒤*새,서;명/', 1.1159693207602962e-06), ([[1007, 1433], [1029, 1433], [1029, 1451], [1007, 1451]], '42', 0.9999995785315409)]
[([[691, 0], [1125, 0], [1125, 735], [691, 735]], '말', 0.08997263281997991), ([[789, 259], [919, 259], [919, 367], [789, 367]], '5', 0.08970911560481998), ([[120, 794], [548, 794], [548, 874], [120, 874]], '팀 아3없에서 팀원올', 0.12466422351750363), ([[562, 814], [938, 814], [938, 886], [562, 886]], '모집하고 있습니다;', 0.3036572475078499), ([[108, 864], [154, 864], [154, 896], [108, 896]], '7', 0.3588042572801129), ([[148, 849], [560, 849], [560, 926], [148, 926]], '본적으로는 일본어들', 0.5028906247916329), ([[578, 874], [658, 874], [658, 922], [578, 922]], '보고', 1.0), ([[98, 900], [470, 900], [470, 978], [98, 978]], '한글로 번역하실수', 0.9680433262938027), ([[484, 926], [510, 926], [510, 950], [484, 950]], '0', 0.9999948740071183), ([[492, 948], [526, 948], [526, 978], [492, 978]], ',', 0.20586616848874773), ([[524, 910], [805, 910], [805, 990], [524, 990]], '눈 여자분과', 0.6709570835159046), ([[5, 961], [77, 961], [77, 1001], [5, 1001]], '5관7', 0.0007037914424793944), ([[105, 959], [323, 959], [323, 1027], [105, 1027]], '포토삼등 올', 0.22603509684931516), ([[336, 980], [380, 980], [380, 1012], [336, 1012]], '0 |', 0.6579973101615906), ([[376, 964], [618, 964], [618, 1038], [376, 1038]], '용해 원본의', 0.9519682251151738), ([[672, 984], [846, 984], [846, 1038], [672, 1038]], '본어에서', 0.6677751541137695), ([[2, 1002], [132, 1002], [132, 1058], [2, 1058]], '^튜교 등', 0.006024828099717062), ([[112, 1012], [568, 1012], [568, 1092], [112, 1092]], '글로 바뀌 주실수 잇는', 0.1925960288085011), ([[571, 985], [759, 985], [759, 1102], [571, 1102]], '의식끝부은', 0.0025338021610706186), ([[743, 1043], [1031, 1043], [1031, 1103], [743, 1103]], '0시면 립니다', 0.3155092020064432), ([[110, 1062], [464, 1062], [464, 1142], [110, 1142]], '관심있으신분들은', 0.3829324404404409), ([[96, 1134], [292, 1134], [292, 1182], [96, 1182]], '<아.|댁마|', 0.001732667952518542), ([[287, 1131], [959, 1131], [959, 1219], [287, 1219]], '?34@광어+가간-.(0* 로 메일 또는', 0.0006464675254583335), ([[89, 1179], [597, 1179], [597, 1252], [89, 1252]], '7+*0-후의 #예마름-서버', 0.0006505371405982055), ([[138, 1232], [623, 1232], [623, 1313], [138, 1313]], '모예라자료실 "채널로', 0.5277461874750646), ([[640, 1258], [770, 1258], [770, 1306], [640, 1306]], '오서서', 0.9924122758025127), ([[826, 1228], [1045, 1228], [1045, 1318], [826, 1318]], '[7 @학때', 0.014833204105744457), ([[86, 1272], [710, 1272], [710, 1377], [86, 1377]], "모해컨 '또는 두키우자기출", 0.03328203539898559), ([[80, 1339], [319, 1339], [319, 1408], [80, 1408]], '찾아주세요 .', 0.8830544315022175), ([[825, 1319], [994, 1319], [994, 1411], [825, 1411]], '[[뻐', 0.0888579873820099), ([[824, 1435], [853, 1435], [853, 1485], [824, 1485]], '또', 0.012737635593020047), ([[949, 1551], [1028, 1551], [1028, 1588], [949, 1588]], '해결자', 0.019736903134250455), ([[734.0877085719491, 341.02081772568494], [880.4918401324677, 316.0829174634543], [920.9122914280509, 599.979182274315], [774.5081598675323, 624.9170825365456]], '6', 0.5363003676862377), ([[830.2548739491968, 1486.0940084018678], [853.5097207495229, 1477.043619652767], [873.7451260508032, 1530.9059915981322], [850.4902792504771, 1540.956380347233]], '문', 0.03792651045062545)]
