613024
16
[([[965, 19], [1112, 19], [1112, 86], [965, 86]], '탤#되관', 0.0008970189956016839), ([[932, 72], [1150, 72], [1150, 104], [932, 104]], ':어물 스회전`납 @미-)', 3.1156416359005065e-05), ([[54, 1470], [365, 1470], [365, 1580], [54, 1580]], '예심자', 0.25049215859369944), ([[413, 1339], [948, 1339], [948, 1654], [413, 1654]], '@25', 0.2810574067545804), ([[45, 1564], [382, 1564], [382, 1663], [45, 1663]], '미퀴대요', 0.14114755392074585), ([[196.00500556681416, 1243.0206341602216], [747.5899030287677, 1331.5822545237036], [702.9949944331859, 1531.9793658397784], [150.41009697123235, 1443.4177454762964]], '@군명*)아', 5.146989622952177e-05)]
[([[1170, 1658], [1194, 1658], [1194, 1682], [1170, 1682]], '03', 0.999838834255421)]
[([[9, 1659], [35, 1659], [35, 1679], [9, 1679]], '04', 0.8467095787175808)]
[([[945, 115], [1061, 115], [1061, 151], [945, 151]], '어떡하지!?', 0.5946426098148313), ([[955, 145], [1079, 145], [1079, 185], [955, 185]], '여기선 일단', 0.9971938923870022), ([[931, 179], [1075, 179], [1075, 217], [931, 217]], '물러서논 편이', 0.6107583691642771), ([[949, 207], [1027, 207], [1027, 249], [949, 249]], '좋율까', 0.13838036365290293), ([[482, 619], [512, 619], [512, 727], [482, 727]], '혈', 0.014980127821308253), ([[961, 641], [1085, 641], [1085, 679], [961, 679]], '? 뛰야 이거', 0.7839962143312865), ([[977, 673], [1077, 673], [1077, 709], [977, 709]], '"거머리?', 0.8874369700150716), ([[56, 692], [98, 692], [98, 724], [56, 724]], '뒤모', 0.04753268873043802), ([[949, 705], [1095, 705], [1095, 743], [949, 743]], '왜 이런 곳에?', 0.5827625478762173), ([[350, 1078], [414, 1078], [414, 1108], [350, 1108]], '뭐:  !!', 0.10656921955996956), ([[337, 1107], [431, 1107], [431, 1143], [337, 1143]], '두 번째?', 0.9995834629859437), ([[3, 1163], [63, 1163], [63, 1199], [3, 1199]], '아차', 0.9857196774655697), ([[1172, 1624], [1196, 1624], [1196, 1648], [1172, 1648]], '07', 0.6580052401615516)]
[([[197, 123], [257, 123], [257, 269], [197, 269]], '유', 0.013899603388474235), ([[864, 1012], [902, 1012], [902, 1044], [864, 1044]], '아', 0.9997413325710482), ([[135, 1107], [221, 1107], [221, 1145], [135, 1145]], '알프  ?', 0.6131425629930717), ([[312, 1326], [429, 1326], [429, 1483], [312, 1483]], '갖', 0.02359648257532343), ([[489, 1447], [583, 1447], [583, 1485], [489, 1485]], '폐이   턱', 0.3343717687428818), ([[980, 1528], [1052, 1528], [1052, 1560], [980, 1560]], '미 안', 0.8841854717297242), ([[1176, 1628], [1200, 1628], [1200, 1652], [1176, 1652]], '09', 0.9999959539049404), ([[920.598807248152, 46.00731859936509], [1005.5667870036101, 57.9927797833935], [966.401192751848, 341.9926814006349], [881.4332129963899, 330.00722021660647]], '속', 0.008313021445328916)]
[([[511, 95], [579, 95], [579, 137], [511, 137]], '알프', 0.3585724726259356), ([[617, 825], [679, 825], [679, 867], [617, 867]], '크웃', 0.5894153275426679), ([[97, 1237], [205, 1237], [205, 1279], [97, 1279]], '어떻거든', 0.11137370020151138), ([[103, 1271], [189, 1271], [189, 1315], [103, 1315]], '알프틀', 0.18194035974567596), ([[109, 1307], [193, 1307], [193, 1349], [109, 1349]], '데리고', 0.9985302382537344), ([[85, 1343], [205, 1343], [205, 1385], [85, 1385]], '도망처야;', 0.5576341833171885), ([[3, 1631], [29, 1631], [29, 1651], [3, 1651]], '10', 0.9999983141264758), ([[755.3683524600331, 823.0199688685228], [836.8745861262379, 836.9074578873253], [808.6316475399669, 1000.9800311314772], [727.1254138737621, 988.0925421126747]], ' ', 0.008656809814638289)]
[([[742, 116], [818, 116], [818, 275], [742, 275]], '둑', 0.011871106700400702), ([[534, 578], [612, 578], [612, 668], [534, 668]], '채', 0.032348535343730056), ([[970, 946], [1150, 946], [1150, 1122], [970, 1122]], '다', 0.05491962722068422), ([[1, 1625], [27, 1625], [27, 1645], [1, 1645]], '14', 0.999999915706304)]
[([[507, 19], [739, 19], [739, 357], [507, 357]], '뼈로', 0.013256452593394086), ([[54, 347], [169, 347], [169, 611], [54, 611]], '춤', 0.8455360316307328), ([[838, 416], [962, 416], [962, 600], [838, 600]], '빚', 0.015145814506695388), ([[1170, 1618], [1196, 1618], [1196, 1642], [1170, 1642]], '15', 0.9329192295861058), ([[113.32916145686653, 652.0072593072338], [333.62484932595294, 598.3469288861257], [458.67083854313347, 1175.9927406927661], [238.37515067404703, 1229.6530711138741]], '=', 0.1074482327064965), ([[534.3396370307952, 767.0099131254808], [699.7667043108648, 803.83964299855], [621.6603629692048, 1143.9900868745192], [457.2332956891352, 1106.1603570014502]], '"', 0.15686977154406723), ([[868.48127632486, 1189.006116174062], [1035.12066595103, 1224.6400038969628], [940.51872367514, 1656.993883825938], [773.8793340489699, 1620.3599961030372]], '꼭', 0.010034209789373583), ([[474.55042184552525, 1274.0059457608545], [602.5880464266719, 1301.3287540211022], [522.4495781544747, 1685.9940542391455], [393.41195357332805, 1658.6712459788978]], '축', 0.05095809712679511)]
[([[448, 242], [576, 242], [576, 374], [448, 374]], '에', 0.06183999113958194), ([[979, 1119], [1183, 1119], [1183, 1341], [979, 1341]], '팩', 0.03350131525801103), ([[854, 1338], [910, 1338], [910, 1390], [854, 1390]], '모', 0.05877705253174015), ([[957, 1289], [1188, 1289], [1188, 1580], [957, 1580]], '1', 0.18193719977297462), ([[0, 1624], [30, 1624], [30, 1648], [0, 1648]], '16', 0.5344908102441567)]
[([[311, 15], [349, 15], [349, 77], [311, 77]], '5', 0.9980865342336962), ([[346, 190], [450, 190], [450, 304], [346, 304]], '숲', 0.03530043215101841), ([[341, 531], [425, 531], [425, 653], [341, 653]], '듯', 0.1423484716115695), ([[278, 646], [350, 646], [350, 770], [278, 770]], '뜰', 0.030059607309739), ([[326, 734], [400, 734], [400, 864], [326, 864]], '_', 0.014176707029701918), ([[877, 869], [935, 869], [935, 913], [877, 913]], '1', 0.2999905550042037), ([[11, 877], [97, 877], [97, 1126], [11, 1126]], '3', 0.05864400955051807), ([[200, 1150], [251, 1150], [251, 1305], [200, 1305]], '탑', 0.02897103960073366), ([[110, 1302], [140, 1302], [140, 1361], [110, 1361]], "'7", 0.38802190810425347), ([[55, 1327], [93, 1327], [93, 1427], [55, 1427]], '유', 0.09174524235917048), ([[416, 1462], [440, 1462], [440, 1490], [416, 1490]], '7', 0.5977833606476111), ([[354.55500040104886, -2.9889918988134205], [426.30351439732505, 9.095585800831538], [391.44499959895114, 216.98899189881342], [319.69648560267495, 204.90441419916846]], '', 0.0), ([[-12.424931203231733, 474.0112933792434], [46.06729609713231, 464.0715147070171], [76.42493120323174, 677.9887066207566], [15.932703902867688, 687.9284852929829]], '#', 0.1733450700919983), ([[331.48063572316113, 871.0149980106878], [402.19216689481584, 887.648714198429], [361.51936427683887, 1061.9850019893122], [290.80783310518416, 1045.3512858015708]], '성', 0.005721977745470286), ([[995.45878435258, 1000.0133223573736], [1080.0473184574562, 1025.553977115873], [1020.54121564742, 1224.9866776426265], [934.9526815425437, 1199.446022884127]], '속', 0.11895270853138928), ([[53.50581702755244, 1169.0203860333845], [97.25411554311643, 1164.132530851848], [110.49418297244756, 1301.9796139666155], [66.74588445688357, 1306.867469148152]], ';;', 0.27280939920188024), ([[416.37982632705393, 1504.0386106164317], [452.8219949365268, 1496.0680303808392], [472.62017367294607, 1593.9613893835683], [435.1780050634732, 1601.9319696191608]], '듯', 0.15495952106745392), ([[510.3345543355792, 1496.020146537057], [598.9725802405826, 1514.4921727339681], [564.6654456644208, 1682.979853462943], [476.0274197594174, 1664.5078272660319]], '7', 0.3667757099647551)]
[([[256, 298], [366, 298], [366, 394], [256, 394]], '저', 0.20024029128160592), ([[251, 379], [359, 379], [359, 527], [251, 527]], '계', 0.07158331695406162), ([[469, 709], [583, 709], [583, 835], [469, 835]], '넷', 0.008781102891895431), ([[39, 857], [81, 857], [81, 893], [39, 893]], "또:'", 0.2227820958130197), ([[57, 1429], [173, 1429], [173, 1601], [57, 1601]], '7', 0.9999114294591358), ([[494.48297204108485, 992.007427029752], [633.4288937699155, 1010.0954802079572], [587.5170279589152, 1375.992572970248], [448.5711062300846, 1358.9045197920427]], '소', 0.09154792878061446), ([[1027.5798976692804, 1030.009810122599], [1097.7584232028998, 1038.8223319321519], [1070.4201023307196, 1261.990189877401], [999.2415767971, 1253.1776680678481]], '숲', 0.044888265381409775), ([[56.9858196838319, 1311.0468525853846], [139.60963995207922, 1301.012446770495], [153.0141803161681, 1440.9531474146154], [70.39036004792078, 1450.987553229505]], "'", 0.007441023831435134), ([[573.6298833949012, 1385.0068516623323], [648.7519275773318, 1394.7305318677684], [614.3701166050988, 1674.9931483376677], [539.2480724226682, 1665.2694681322316]], '둑', 0.012756942803919868)]
[([[339, 29], [381, 29], [381, 117], [339, 117]], '스', 0.07945207880490912), ([[673, 69], [745, 69], [745, 109], [673, 109]], '엄: 마', 0.3915037512779236), ([[119, 95], [171, 95], [171, 131], [119, 131]], '우으', 0.9969792404406722), ([[785, 299], [845, 299], [845, 335], [785, 335]], '구해:.', 0.7170105576515198), ([[795, 331], [835, 331], [835, 367], [795, 367]], '쥐:.', 0.5191719844670133), ([[1044, 332], [1076, 332], [1076, 368], [1044, 368]], '싫:', 0.3577992842904659), ([[35, 353], [101, 353], [101, 389], [35, 389]], '우으~', 0.9186569157677482), ([[439, 369], [493, 369], [493, 409], [439, 409]], '엄마', 0.9940489228753879), ([[1044, 364], [1094, 364], [1094, 396], [1044, 396]], '어어', 0.9998672400084914), ([[488, 868], [518, 868], [518, 904], [488, 904]], '엄:', 0.945607417562784), ([[905, 695], [1016, 695], [1016, 914], [905, 914]], '쥐', 0.32227411851728505), ([[239, 909], [291, 909], [291, 945], [239, 945]], '구해', 0.9999898004778953), ([[488, 902], [520, 902], [520, 932], [488, 932]], '마', 0.9978065610938671), ([[239, 941], [277, 941], [277, 977], [239, 977]], '쥐:.', 0.5250923702684015), ([[191, 1005], [245, 1005], [245, 1043], [191, 1043]], '엄마', 0.9978169860409918), ([[685, 1179], [739, 1179], [739, 1217], [685, 1217]], '엄마', 0.9984656096736344), ([[939, 1295], [993, 1295], [993, 1333], [939, 1333]], '엄마)', 0.8786428493106034), ([[251, 1379], [313, 1379], [313, 1421], [251, 1421]], '싫엇!', 0.4534304264554924), ([[198, 1454], [248, 1454], [248, 1486], [198, 1486]], '오지', 0.8860656284894743), ([[19, 1485], [94, 1485], [94, 1525], [19, 1525]], '구해쥐', 0.7514961929838347), ([[27, 1519], [87, 1519], [87, 1555], [27, 1555]], '엄마!', 0.4375377725992783), ([[447, 1517], [501, 1517], [501, 1555], [447, 1555]], '엄마', 0.9787361417631744), ([[191.60291316965905, 216.01127178599927], [249.8790220685456, 222.61946460484486], [228.39708683034095, 405.98872821400073], [170.1209779314544, 399.3805353951551]], '중', 0.02611726947510662)]
[([[987, 597], [1200, 597], [1200, 825], [987, 825]], "'하", 0.12975783725802456), ([[1029, 799], [1173, 799], [1173, 907], [1029, 907]], '아1', 0.5988983018106286), ([[956, 1324], [1006, 1324], [1006, 1356], [956, 1356]], '아리', 0.9921166292116127), ([[945, 1355], [1005, 1355], [1005, 1391], [945, 1391]], '시아.', 0.5774836102535799), ([[0, 1621], [19, 1621], [19, 1643], [0, 1643]], '22', 0.9737717852706539)]
[([[826, 84], [937, 84], [937, 128], [826, 128]], '여기구나', 0.9997109174728394), ([[1093, 53], [1137, 53], [1137, 133], [1093, 133]], '4', 0.13813578117840652), ([[837, 121], [927, 121], [927, 163], [837, 163]], '나노하', 0.9342791432447388), ([[130, 272], [156, 272], [156, 308], [130, 308]], '응', 0.9995675554596914), ([[1009, 559], [1109, 559], [1109, 597], [1009, 597]], '그 아이', 0.7641026973724365), ([[1031, 591], [1091, 591], [1091, 635], [1031, 635]], '벌써', 0.9998630254901355), ([[971, 625], [1159, 625], [1159, 669], [971, 669]], '와 있슬까나  ?', 0.2692126131172133), ([[281, 843], [357, 843], [357, 881], [281, 881]], "'아마", 0.876572696995424), ([[267, 877], [359, 877], [359, 921], [267, 921]], '조심해!', 0.7137349843978882), ([[980, 1374], [1038, 1374], [1038, 1406], [980, 1406]], '가자', 0.9950952770421628), ([[931, 1405], [1083, 1405], [1083, 1447], [931, 1447]], '레이장하트', 0.5941201949410163), ([[89, 1479], [299, 1479], [299, 1519], [89, 1519]], '표~5. 4훨 (3-.~<', 5.651997439617072e-06), ([[2, 1624], [26, 1624], [26, 1648], [2, 1648]], '26', 0.9999969654282558)]
[([[41, 231], [987, 231], [987, 323], [41, 323]], '시바. 번역작이라고 하기가 부끄럽다', 0.42613702762316075), ([[41, 311], [493, 311], [493, 397], [41, 397]], '대사가 거의 없어', 0.995570686808192), ([[822, 330], [850, 330], [850, 358], [822, 358]], "'", 0.3300193231136497), ([[47, 467], [1173, 467], [1173, 560], [47, 560]], '영감님 불로그 주소 유입시키 새키들 다 디저라', 0.5865694200152471), ([[45, 545], [827, 545], [827, 637], [45, 637]], '덕분에 여기서만 배포하게 태다', 0.6843512661890611), ([[47, 629], [561, 629], [561, 717], [47, 717]], '언젠가 다시 뵙시다', 0.9817283814957133), ([[420, 717], [725, 717], [725, 784], [420, 784]], '-명+>검. (교드]주', 1.1177308431442135e-05), ([[43, 783], [1104, 783], [1104, 875], [43, 875]], '그리고 이번 나스코미름 간다 카카카카각각', 0.21254633493825362), ([[41, 865], [935, 865], [935, 953], [41, 953]], '#동인지가 정말 기대되지 말입니다', 0.6757456414246835), ([[42, 938], [942, 938], [942, 1035], [42, 1035]], '물론 가서 사오는건 건전한 동인지 뿐', 0.9279039346633208), ([[38, 1015], [1200, 1015], [1200, 1116], [38, 1116]], '#한건 금방금방 올라오니 폭풍번역올 해야켓균요', 0.2863344587067847), ([[40, 1100], [617, 1100], [617, 1196], [40, 1196]], '아" 근데 코미켓 끝나고', 0.29419987404425973), ([[636, 1106], [828, 1106], [828, 1182], [636, 1182]], '난 뒤에', 0.9413517604244444), ([[36, 1178], [850, 1178], [850, 1274], [36, 1274]], '9월 중순까지 난 한국에 잇잡아?', 0.4373617717882907), ([[43, 1263], [503, 1263], [503, 1349], [43, 1349]], '아마 난 안되거야', 0.4105551991359399), ([[618, 1340], [644, 1340], [644, 1374], [618, 1374]], ';', 0.8147624935786304), ([[729, 1495], [1072, 1495], [1072, 1572], [729, 1572]], '20/3. 07. 22', 0.8429828558548956), ([[888.0220279500418, 1576.1638810551212], [910.577243382163, 1565.0560587509685], [931.9779720499582, 1610.8361189448788], [910.422756617837, 1621.9439412490315]], "'", 0.5768609337429211)]
[([[592, 83], [903, 83], [903, 121], [592, 121]], '#다디박:손니#(+논균+디*', 5.3930139869775505e-05), ([[594, 120], [856, 120], [856, 152], [594, 152]], '714+5+사7;1가52', 0.016947164612435516), ([[592, 150], [953, 150], [953, 187], [592, 187]], '#소모마+,소화[+틱3[ 5수옮50당', 1.4540099110187864e-05), ([[594, 186], [868, 186], [868, 218], [594, 218]], "주40 물[ 1나$7하한소337' ?", 0.005841333630554263), ([[592, 216], [1015, 216], [1015, 253], [592, 253]], '#훌출로0 [표 -(:7 )70비표심255-101', 0.001443337312772728), ([[594, 252], [928, 252], [928, 284], [594, 284]], '01그01되(-병축장,논-논트+<교하?', 4.3571912338838266e-05), ([[594, 286], [918, 286], [918, 316], [594, 316]], '(13<디순염률로7( 테 50\'#, "-;', 3.513703715257073e-05), ([[594, 317], [983, 317], [983, 348], [594, 348]], "-14-*1병50신 '디31+87.5", 0.002495842398812986), ([[432, 1281], [630, 1281], [630, 1311], [432, 1311]], '사논장구3완변다', 5.181651041809605e-05), ([[434, 1324], [628, 1324], [628, 1356], [434, 1356]], '1-7* 버잡+-*', 0.0016131534685669773), ([[432, 1366], [572, 1366], [572, 1398], [432, 1398]], '11주시")16', 0.2384486364490529), ([[432, 1452], [510, 1452], [510, 1478], [432, 1478]], '111:', 0.033902283757925034), ([[1160, 1654], [1184, 1654], [1184, 1678], [1160, 1678]], '25', 0.9108637703619301)]
