614038
13
[([[24, 778], [346, 778], [346, 900], [24, 900]], '+2', 0.22782399604617537), ([[20, 914], [352, 914], [352, 1016], [20, 1016]], '7물이~:', 0.001359668463452047), ([[52, 1304], [154, 1304], [154, 1336], [52, 1336]], '-_시', 0.0009713979696548426), ([[53, 1331], [153, 1331], [153, 1391], [53, 1391]], '장8', 0.20199339267506689), ([[892, 1344], [1026, 1344], [1026, 1394], [892, 1394]], "'역식자", 0.33837828040122986), ([[48, 1385], [153, 1385], [153, 1413], [48, 1413]], '5시미 [', 0.007271718356810422), ([[941, 1399], [983, 1399], [983, 1435], [941, 1435]], '커', 0.15515777900108052), ([[57, 1414], [163, 1414], [163, 1458], [57, 1458]], '포습 @', 0.0054779695346951485), ([[65, 1435], [93, 1435], [93, 1451], [65, 1451]], '스:', 0.121625910036315)]
[([[1302, 712], [1894, 712], [1894, 810], [1302, 810]], '# ?난 5 0 차', 0.08987861639556856), ([[24, 778], [346, 778], [346, 900], [24, 900]], '규+ ?', 0.031658392399549484), ([[20, 914], [354, 914], [354, 1016], [20, 1016]], '7물이~:', 0.0015741845543137982), ([[52, 1304], [154, 1304], [154, 1336], [52, 1336]], '-_시', 0.0005106047431073526), ([[53, 1331], [153, 1331], [153, 1391], [53, 1391]], '장8', 0.16534309947209763), ([[50, 1386], [152, 1386], [152, 1412], [50, 1412]], '겉 시미 |}', 0.06255091230931614), ([[59, 1415], [161, 1415], [161, 1457], [59, 1457]], '전 @', 0.0023703663609921932), ([[65, 1435], [93, 1435], [93, 1451], [65, 1451]], '해', 0.13375835844787165)]
[([[275, 155], [365, 155], [365, 251], [275, 251]], '8', 0.018281742079411467), ([[231, 221], [321, 221], [321, 323], [231, 323]], '똑', 0.30642829818852135), ([[139, 695], [213, 695], [213, 737], [139, 737]], '과자', 0.999944450905564), ([[124, 734], [224, 734], [224, 782], [124, 782]], '안주면', 0.9997563616521498), ([[107, 774], [242, 774], [242, 824], [107, 824]], '장난길거', 0.27062416076660156), ([[131, 823], [219, 823], [219, 861], [131, 861]], '에요~', 0.7983232140541077), ([[849, 795], [955, 795], [955, 863], [849, 863]], '해피', 0.999938719032239), ([[820, 880], [988, 880], [988, 952], [820, 952]], '할로원%', 0.38877514004707336)]
[([[212, 582], [364, 582], [364, 634], [212, 634]], '이렇게나', 0.9072027802467346), ([[228, 634], [346, 634], [346, 686], [228, 686]], '잔뜩 . !', 0.3376596933396311), ([[872, 640], [962, 640], [962, 688], [872, 688]], '와아', 0.9994188444325673), ([[245, 1187], [345, 1187], [345, 1231], [245, 1231]], '과자도', 0.9994732969176099), ([[261, 1237], [331, 1237], [331, 1281], [261, 1281]], '잔뜩', 0.997613890036836), ([[214, 1286], [378, 1286], [378, 1334], [214, 1334]], '받아버럿고', 0.7268734034038709), ([[249, 1337], [325, 1337], [325, 1379], [249, 1379]], '하니', 0.9995260494445418)]
[([[78, 590], [182, 590], [182, 638], [78, 638]], '저한데', 0.3480572553687903), ([[65, 641], [195, 641], [195, 685], [65, 685]], '장난처도', 0.9960237145423889), ([[80, 690], [182, 690], [182, 738], [80, 738]], '괜찮은', 0.9734976726783738), ([[81, 743], [179, 743], [179, 785], [81, 785]], '거에요', 0.9973793783987355), ([[180, 968], [278, 968], [278, 1094], [180, 1094]], '스', 0.0446112367096172), ([[938.4095257509892, 1068.043822531628], [1013.961619581462, 1111.447215872354], [995.5904742490108, 1142.956177468372], [920.038380418538, 1100.552784127646]], '000', 0.8977313405435684)]
[([[643, 85], [809, 85], [809, 225], [643, 225]], "[콩'", 0.18264064571932667), ([[777, 199], [889, 199], [889, 331], [777, 331]], '2', 0.9884559040401655), ([[91, 419], [219, 419], [219, 485], [91, 485]], '@@@', 0.23852748539269353), ([[785, 663], [885, 663], [885, 707], [785, 707]], '그렇게', 0.981305515598192), ([[768, 712], [900, 712], [900, 760], [768, 760]], '여중생의', 0.9999111294746399), ([[783, 765], [889, 765], [889, 809], [783, 809]], '찌찌가', 0.9903211718998423), ([[745, 812], [927, 812], [927, 860], [745, 860]], '중은건가요?', 0.7692436948530464), ([[810, 1029], [927, 1029], [927, 1085], [810, 1085]], '별수어논', 0.07733429968357086), ([[812, 1074], [915, 1074], [915, 1122], [812, 1122]], '방망이', 0.974133284056962), ([[827, 1123], [887, 1123], [887, 1159], [827, 1159]], '네소', 0.12058663480170104), ([[417.8190515019785, 1288.0876450632559], [472.68127680209966, 1263.0290614154342], [516.1809484980215, 1370.9123549367441], [462.31872319790034, 1395.9709385845658]], '그', 0.012695419724204848)]
[([[912, 120], [958, 120], [958, 152], [912, 152]], '그런', 0.9999311327441059), ([[589, 133], [689, 133], [689, 169], [589, 169]], '여중생의', 0.9998312592506409), ([[105, 171], [181, 171], [181, 207], [105, 207]], '갖벗은', 0.49314979000834097), ([[222, 154], [302, 154], [302, 202], [222, 202]], '교없', 0.0027916299392861743), ([[599, 171], [677, 171], [677, 207], [599, 207]], '갖벗은', 0.2468233961995776), ([[912, 158], [958, 158], [958, 190], [912, 190]], '나뿐', 0.5100363195569472), ([[117, 209], [167, 209], [167, 245], [117, 245]], '것의', 0.9993598494004468), ([[563, 209], [715, 209], [715, 245], [563, 245]], '푹신푹신 팬티', 0.6335006145765327), ([[889, 195], [981, 195], [981, 231], [889, 231]], '방망이씨', 0.9950606822967529), ([[891, 231], [963, 231], [963, 267], [891, 267]], '한데는 ', 0.16180923581123352), ([[105, 247], [181, 247], [181, 283], [105, 283]], '위력은', 0.9997946274876113), ([[573, 247], [707, 247], [707, 283], [573, 283]], '어택이에요!', 0.8820290604498069), ([[106, 286], [180, 286], [180, 318], [106, 318]], '절대적', 0.9999805912298881), ([[104, 324], [180, 324], [180, 356], [104, 356]], '이에요', 0.9970624174495376), ([[367, 657], [475, 657], [475, 695], [367, 695]], '아직 힘이', 0.581548013070482), ([[333, 699], [511, 699], [511, 737], [333, 737]], '넘치논것 같으니', 0.8045407868869465), ([[381, 741], [459, 741], [459, 777], [381, 777]], '이쪽도', 0.9969275738193081), ([[357, 783], [483, 783], [483, 819], [357, 819]], '사용해주지', 0.999709071338566), ([[363, 825], [479, 825], [479, 861], [363, 861]], '않징어요?', 0.08808209161786582), ([[551.2968079947509, 1226.0726535385854], [809.1530590433603, 1210.2068374240953], [808.7031920052491, 1382.9273464614146], [550.8469409566397, 1398.7931625759047]], '@@', 0.07242049110535377)]
[]
[([[146, 176], [248, 176], [248, 224], [146, 224]], '뱃속이', 0.9159626917558586), ([[91, 242], [279, 242], [279, 290], [91, 290]], '가득하네요~.', 0.8591981706796102), ([[893, 513], [957, 513], [957, 555], [893, 555]], '후우', 0.981673048986043), ([[558, 1014], [676, 1014], [676, 1046], [558, 1046]], "'이 새까망고", 0.8043500147561206), ([[333, 1041], [447, 1041], [447, 1079], [333, 1079]], '맛없어]!', 0.134783244582792), ([[849, 1029], [987, 1029], [987, 1065], [849, 1065]], '잠깐 쉬고나서', 0.9969544009892757), ([[569, 1047], [663, 1047], [663, 1087], [569, 1087]], '방글방글', 0.5082874894142151), ([[581, 1087], [653, 1087], [653, 1123], [581, 1123]], '한것은', 0.5670086018717017), ([[847, 1069], [985, 1069], [985, 1109], [847, 1109]], '밭앉던 과자루', 0.07887797813209632), ([[571, 1125], [663, 1125], [663, 1161], [571, 1161]], '무슨맛이', 0.985630989074707), ([[862, 1116], [972, 1116], [972, 1148], [862, 1148]], '먹느거에요', 0.4225162504127853), ([[584, 1164], [652, 1164], [652, 1196], [584, 1196]], '날까요', 0.9993653180872449), ([[324.31098459392774, 433.01484257912375], [432.50132113578144, 389.0078557685713], [544.6890154060723, 696.9851574208762], [437.49867886421856, 739.9921442314287]], '8', 0.6480195416088605)]
[([[341, 114], [714, 114], [714, 162], [341, 162]], '안녕하세요 *-낫토입니다.', 0.5424478076404224), ([[284, 164], [770, 164], [770, 212], [284, 212]], '이번에도 파워퍼프-의 미야코에요.', 0.34871421511508416), ([[140, 214], [912, 214], [912, 262], [140, 262]], '할로원은 이미 지나가버럿지만 할로원올 소재로햇어요.', 0.4855597643752948), ([[238, 264], [814, 264], [814, 312], [238, 312]], '미야코가 마지막에 먹고 붐어버린 과자는 ', 0.6543512230502011), ([[324, 313], [726, 313], [726, 363], [324, 363]], '---.-쪽설권의 리코리스에요', 0.007560294812212037), ([[243, 363], [810, 363], [810, 413], [243, 413]], '길다란 검질올 방글방글 말아농은것으로,', 0.5004084295830076), ([[386, 414], [668, 414], [668, 462], [386, 462]], '독특한 맛이 강해서,', 0.6840785116493596), ([[258, 460], [800, 460], [800, 513], [258, 513]], '익숙하지 않으면 정말로 토쓸리게되조!', 0.6813926886654634), ([[186, 514], [866, 514], [866, 562], [186, 562]], '저논 이미 익숙해저서 평범하게 먹울수 있지만요.', 0.6715324225155289), ([[306, 614], [748, 614], [748, 662], [306, 662]], '10월에는 따뜻하날이 많앞는데,', 0.34657550808830245), ([[190, 662], [864, 662], [864, 712], [190, 712]], '11월에 들어와서는 갑자기 추위지기 시작햇네요.', 0.3682626849294158), ([[270, 714], [784, 714], [784, 762], [270, 762]], '감기라도 걸리지 않도록, 조심하세요.', 0.3727383190520414), ([[252, 762], [804, 762], [804, 812], [252, 812]], '그럼 다음 푸니켓에서 만나도록 합시다!', 0.908277617864332), ([[258, 813], [797, 813], [797, 863], [258, 863]], '참고로 후유코미에는 나가지 않습니다.', 0.5385491721062575), ([[396, 992], [670, 992], [670, 1046], [396, 1046]], '3+27"1-쪽', 0.014329950436854014), ([[290, 1094], [430, 1094], [430, 1148], [290, 1148]], '죽{:', 0.010024655660970485), ([[458, 1093], [772, 1093], [772, 1149], [458, 1149]], '2012-11되4터', 0.11720749709066425), ([[332, 1144], [486, 1144], [486, 1200], [332, 1200]], '국{주 ^', 0.04798954402209766), ([[506, 1146], [728, 1146], [728, 1196], [506, 1196]], '*-*?*3', 0.10395956701067478), ([[338, 1196], [448, 1196], [448, 1250], [338, 1250]], '얼 {', 0.019093535236162747), ([[466, 1196], [722, 1196], [722, 1250], [466, 1250]], '*3*5011', 0.196708645499006), ([[379, 1241], [681, 1241], [681, 1277], [379, 1277]], '훌+명://교영라`기도하7;명/', 0.0003089923696190006)]
[([[232, 711], [823, 711], [823, 809], [232, 809]], '1 ?난 5 0 차', 0.17014579301656496)]
[([[598, 70], [1200, 70], [1200, 160], [598, 160]], "니~+아탁'$ 10+^ [커어스~-+", 3.562621941408261e-05), ([[83, 119], [189, 119], [189, 203], [83, 203]], '후기', 0.9942560136320102), ([[106, 282], [246, 282], [246, 334], [106, 334]], '1번째', 0.9003488331757947), ([[267, 277], [579, 277], [579, 341], [267, 341]], '번역작품입니다', 0.8744543522155366), ([[107, 397], [283, 397], [283, 457], [107, 457]], '이번에는', 0.6092274785041809), ([[298, 397], [560, 397], [560, 457], [298, 457]], '1번째이기도', 0.9558850842126576), ([[578, 398], [674, 398], [674, 452], [578, 452]], '하고', 0.9999669570306657), ([[108, 458], [200, 458], [200, 514], [108, 514]], '그냥', 0.9998516463165641), ([[219, 455], [397, 455], [397, 515], [219, 515]], '쉬어가는', 0.5066139101982117), ([[415, 453], [641, 453], [641, 515], [415, 515]], '작품입니다', 0.9321244310414071), ([[108, 516], [250, 516], [250, 572], [108, 572]], '예전에', 0.998501718044281), ([[268, 511], [525, 511], [525, 573], [268, 573]], '시간때우려고', 0.9960992839970989), ([[545, 512], [917, 512], [917, 577], [545, 577]], '방던 파워퍼프걸2.', 0.09522000483570017), ([[110, 574], [204, 574], [204, 630], [110, 630]], '역시', 0.9999035693724511), ([[224, 574], [404, 574], [404, 628], [224, 628]], '미야고가', 0.9222773909568787), ([[421, 571], [557, 571], [557, 633], [421, 633]], '귀엽조', 0.6799811124801636), ([[105, 627], [487, 627], [487, 691], [105, 691]], '워낙   적은분량이라', 0.6710978380206871), ([[506, 631], [650, 631], [650, 687], [506, 687]], '안하노', 0.43031833726370244), ([[668, 628], [846, 628], [846, 684], [668, 684]], '후기까지', 0.9976620078086853), ([[865, 629], [971, 629], [971, 689], [865, 689]], '번역.', 0.9617443308752619), ([[108, 746], [274, 746], [274, 802], [108, 802]], '후기에도', 0.9639663100242615), ([[295, 747], [425, 747], [425, 809], [295, 809]], '언급권', 0.3646235278317763), ([[447, 751], [493, 751], [493, 795], [447, 795]], '저', 0.9999827147277109), ([[517, 749], [753, 749], [753, 793], [517, 793]], '5(위시.-_설시', 5.1766391865717764e-05), ([[775, 747], [1037, 747], [1037, 807], [775, 807]], '뭐시기하느거', 0.5478848058536139), ([[127, 879], [341, 879], [341, 945], [127, 945]], '80', 0.32608141577449806), ([[441, 863], [581, 863], [581, 923], [441, 923]], '이녀석', 0.9995896047356355), ([[599, 863], [773, 863], [773, 925], [599, 925]], '같은데요', 0.8381102085113525), ([[402, 919], [679, 919], [679, 984], [402, 984]], '감조사랑이라', 0.4917112040158848), ([[404, 982], [500, 982], [500, 1038], [404, 1038]], '맛이', 0.9785770496358186), ([[519, 981], [691, 981], [691, 1043], [519, 1043]], '궁금하긴', 0.9993381500244141), ([[708, 982], [850, 982], [850, 1036], [708, 1036]], '하네요 .', 0.9562439096661095), ([[403, 1039], [547, 1039], [547, 1099], [403, 1099]], '계피맛', 0.9966251477065454), ([[566, 1042], [702, 1042], [702, 1098], [566, 1098]], '사탕도', 0.9765258286553801), ([[721, 1039], [845, 1039], [845, 1101], [721, 1101]], '못먹는', 0.41211069473841394), ([[864, 1040], [1002, 1040], [1002, 1096], [864, 1096]], '주제에', 0.999235869427266), ([[176, 1104], [274, 1104], [274, 1130], [176, 1130]], '(4쩌:이-', 0.00012010758826429522), ([[401, 1097], [543, 1097], [543, 1157], [401, 1157]], '자전거', 0.9993399381637573), ([[562, 1090], [897, 1090], [897, 1163], [562, 1163]], '바퀴로   표현한결', 0.6017822277097423), ([[914, 1100], [1002, 1100], [1002, 1152], [914, 1152]], '보니', 0.9526114896887037), ([[132, 1124], [344, 1124], [344, 1172], [132, 1172]], '-어장권:-: ', 8.819046823728431e-05), ([[216, 1174], [354, 1174], [354, 1198], [216, 1198]], '예끈절_[]?)', 8.18030341013145e-05), ([[402, 1156], [544, 1156], [544, 1212], [402, 1212]], '자전거', 0.9771377444267273), ([[561, 1155], [753, 1155], [753, 1215], [561, 1215]], '바퀴맛이', 0.9875160455703735), ([[772, 1156], [910, 1156], [910, 1212], [772, 1212]], '나는가', 0.9132814280163846), ([[927, 1155], [1119, 1155], [1119, 1217], [927, 1217]], '붐니다(?)', 0.5490527051988159), ([[111, 1271], [195, 1271], [195, 1331], [111, 1331]], '그럼', 0.9996126081497587), ([[217, 1271], [361, 1271], [361, 1331], [217, 1331]], '언제가', 0.9999757734578919), ([[379, 1270], [610, 1270], [610, 1335], [379, 1335]], '헬지 모르는', 0.18987577155580226), ([[107, 1329], [199, 1329], [199, 1389], [107, 1389]], '다음', 0.9999521215158054), ([[219, 1329], [397, 1329], [397, 1389], [219, 1389]], '작품에서', 0.9598456025123596), ([[416, 1326], [540, 1326], [540, 1391], [416, 1391]], '뵙도록', 0.9828312530274855), ([[559, 1329], [799, 1329], [799, 1391], [559, 1391]], '하계습니다.', 0.8991723908739165)]
[([[40, 516], [248, 516], [248, 592], [40, 592]], '규+2', 0.11682248467834787), ([[37, 601], [251, 601], [251, 669], [37, 669]], '7:~헌', 0.001361967995762825), ([[54, 848], [122, 848], [122, 872], [54, 872]], '[시이', 0.0013719373066849914), ([[59, 869], [123, 869], [123, 905], [59, 905]], '버18', 0.02234198197998301), ([[55, 901], [125, 901], [125, 921], [55, 921]], '@스:', 0.013369356853507064), ([[60, 920], [128, 920], [128, 946], [60, 946]], '38 짧@', 0.03524481941105877)]
