618716
85
[([[731, 103], [826, 103], [826, 130], [731, 130]], '7다 ] 37', 0.032528049973175814), ([[750, 142], [814, 142], [814, 192], [750, 192]], '똑로', 0.2780802090473095), ([[16, 18], [330, 18], [330, 368], [16, 368]], '7', 0.2662962023116542), ([[68, 424], [141, 424], [141, 633], [68, 633]], '#', 0.5982934371238038), ([[111, 279], [305, 279], [305, 799], [111, 799]], '{', 0.630431503651053), ([[89, 1027], [149, 1027], [149, 1113], [89, 1113]], '1', 1.0), ([[627, 741], [831, 741], [831, 1189], [627, 1189]], '표', 0.013780037606327122)]
[([[75, 331], [115, 331], [115, 441], [75, 441]], '통', 0.8186276581476513), ([[65, 451], [133, 451], [133, 529], [65, 529]], '밤', 0.999485201349902), ([[63, 537], [131, 537], [131, 617], [63, 617]], '짐', 0.9986917485798728), ([[64, 624], [136, 624], [136, 708], [64, 708]], '승', 0.9997942553500394)]
[([[39, 39], [59, 39], [59, 61], [39, 61]], '조', 0.8933725541130713), ([[39, 65], [59, 65], [59, 87], [39, 87]], '욕', 0.5445742010126651), ([[276, 496], [300, 496], [300, 522], [276, 522]], '우', 0.9998352595472539), ([[277, 523], [297, 523], [297, 549], [277, 549]], '움', 0.7015943170472525), ([[196, 624], [220, 624], [220, 676], [196, 676]], '쭉', 0.2291941626758609), ([[67.37865630885773, 17.19035649720243], [179.85148798108278, 9.158113951814332], [181.62134369114227, 72.80964350279757], [69.14851201891722, 81.84188604818567]], '7있 #', 0.009320324745498291)]
[([[28, 40], [68, 40], [68, 66], [28, 66]], '아~', 0.9999859229816177), ([[28, 68], [66, 68], [66, 92], [28, 92]], '아~', 0.9983163116765094), ([[414, 76], [440, 76], [440, 104], [414, 104]], '으', 0.9386859466683042), ([[28, 94], [68, 94], [68, 118], [28, 118]], '아~', 0.9999716774352768), ([[302, 102], [326, 102], [326, 130], [302, 130]], '양', 0.990910773998678), ([[414, 102], [438, 102], [438, 130], [414, 130]], '음', 0.9956796442417648), ([[364, 248], [392, 248], [392, 301], [364, 301]], '허', 0.32051348279311753), ([[366, 300], [390, 300], [390, 328], [366, 328]], '허', 0.7361086331631128), ([[168, 558], [206, 558], [206, 582], [168, 582]], '아~', 0.9956870604946848), ([[171, 589], [207, 589], [207, 607], [171, 607]], '으~', 0.6817763825553236)]
[([[422, 36], [454, 36], [454, 66], [422, 66]], '아', 0.9997843620213906), ([[194, 58], [224, 58], [224, 126], [194, 126]], '세', 0.6794065068791042), ([[74, 246], [98, 246], [98, 270], [74, 270]], '아', 0.9992055087426621), ([[74, 270], [98, 270], [98, 326], [74, 326]], '양', 0.9984900694953502), ([[75, 353], [95, 353], [95, 379], [75, 379]], '으', 0.9103393636251553), ([[75, 379], [95, 379], [95, 405], [75, 405]], '응', 0.999887111988901), ([[322, 442], [352, 442], [352, 476], [322, 476]], '음', 0.9966371960043183), ([[322, 476], [352, 476], [352, 512], [322, 512]], '움', 0.9467659818884755), ([[322, 512], [352, 512], [352, 546], [322, 546]], '움', 0.8752413753078123), ([[18, 560], [42, 560], [42, 640], [18, 640]], '유', 0.04394270549710999)]
[([[177, 71], [215, 71], [215, 91], [177, 91]], '몸이', 0.8370561595322062), ([[176, 92], [214, 92], [214, 116], [176, 116]], '말울', 0.48782725581063713), ([[176, 112], [214, 112], [214, 136], [176, 136]], '안들', 0.9997284165110094), ([[401, 125], [445, 125], [445, 145], [401, 145]], '그러니', 0.9999753605061512), ([[401, 143], [447, 143], [447, 163], [401, 163]], '조심해', 0.9992106819108267), ([[401, 161], [447, 161], [447, 179], [401, 179]], '두세요', 0.9999123168084034), ([[401, 177], [447, 177], [447, 197], [401, 197]], '아까조', 0.3172703504231646), ([[421, 437], [441, 437], [441, 523], [421, 523]], '"', 0.09526867786766591), ([[187, 609], [247, 609], [247, 687], [187, 687]], '뼈', 0.02665964155713496)]
[([[234, 54], [272, 54], [272, 78], [234, 78]], '보기', 0.9999951952626506), ([[234, 74], [274, 74], [274, 98], [234, 98]], '보다', 0.9999960081211735), ([[234, 96], [278, 96], [278, 120], [234, 120]], '꽤 근', 0.48219895362854004), ([[228, 116], [284, 116], [284, 140], [228, 140]], '가슴이', 0.9997520946107155), ([[234, 138], [274, 138], [274, 162], [234, 162]], '군요', 0.9995662521923268), ([[408, 542], [476, 542], [476, 570], [408, 570]], '이러시', 0.9938938259833114), ([[409, 571], [429, 571], [429, 593], [409, 593]], '면', 0.9999297869609656)]
[([[291, 77], [327, 77], [327, 119], [291, 119]], '우', 0.9999911785320279), ([[291, 121], [327, 121], [327, 189], [291, 189]], '움', 0.9636241910975549), ([[180, 236], [206, 236], [206, 266], [180, 266]], '0', 0.9999201313708141), ([[414, 254], [446, 254], [446, 294], [414, 294]], '주', 0.989614531608968), ([[21, 257], [61, 257], [61, 347], [21, 347]], '딸', 0.9885322318851308), ([[227, 259], [267, 259], [267, 347], [227, 347]], '쭉', 0.2730778621541141), ([[413, 297], [449, 297], [449, 339], [413, 339]], '육', 0.1440026082361081), ([[211, 453], [227, 453], [227, 491], [211, 491]], '데', 0.5756267048554697), ([[106, 572], [138, 572], [138, 602], [106, 602]], '아', 0.8866323310170089), ([[106, 602], [138, 602], [138, 636], [106, 636]], '하', 0.9998663708508992)]
[([[433, 25], [469, 25], [469, 45], [433, 45]], '정말', 0.99976069858131), ([[431, 45], [485, 45], [485, 65], [431, 65]], '가슴이', 0.9986286399979399), ([[217, 67], [263, 67], [263, 85], [217, 85]], '아~~', 0.9776994429287859), ([[432, 62], [468, 62], [468, 86], [432, 86]], '부드', 0.9999587806309789), ([[214, 84], [288, 84], [288, 108], [214, 108]], '귀여운데', 0.989535927772522), ([[433, 85], [485, 85], [485, 105], [433, 105]], '러문데', 0.9618476479874555), ([[53, 81], [71, 81], [71, 143], [53, 143]], '쭉', 0.6214213656638243), ([[265, 431], [285, 431], [285, 491], [265, 491]], '염', 0.05666761041670387)]
[([[49, 47], [83, 47], [83, 67], [49, 67]], '미치', 0.9978917075264886), ([[49, 67], [85, 67], [85, 87], [49, 87]], '켓다', 0.5571674377895128), ([[282, 56], [306, 56], [306, 80], [282, 80]], '아', 0.9997694625224227), ([[392, 308], [464, 308], [464, 334], [392, 334]], '아양~', 0.7382066781492544), ([[392, 332], [440, 332], [440, 362], [392, 362]], '종더', 0.4872484211165147), ([[392, 360], [466, 360], [466, 386], [392, 386]], '더 세게', 0.7273852641346115), ([[392, 386], [438, 386], [438, 410], [392, 410]], '어서', 0.9999409949219661), ([[438, 486], [464, 486], [464, 510], [438, 510]], '아', 0.9516308099754021), ([[438, 512], [464, 512], [464, 536], [438, 536]], '아', 0.9886678277462693), ([[42, 584], [66, 584], [66, 608], [42, 608]], '아', 0.9998161877230274)]
[([[20, 34], [58, 34], [58, 58], [20, 58]], '정말', 0.9997737632135135), ([[20, 54], [58, 54], [58, 78], [20, 78]], '좋아', 0.9972207892098855), ([[6, 338], [52, 338], [52, 362], [6, 362]], '배란', 0.9797178408596374), ([[312, 350], [358, 350], [358, 376], [312, 376]], '안에', 0.9955311496501477), ([[8, 362], [52, 362], [52, 390], [8, 390]], '일이', 0.998695551489178), ([[312, 374], [358, 374], [358, 400], [312, 400]], '해도', 0.9999838156485313), ([[8, 388], [54, 388], [54, 418], [8, 418]], '지혜', 0.18472396074097985), ([[312, 400], [380, 400], [380, 428], [312, 428]], '괜찮아', 0.9993924330831507), ([[8, 412], [56, 412], [56, 444], [8, 444]], '으니', 0.701837934973691), ([[312, 426], [366, 426], [366, 452], [312, 452]], '어서!', 0.8693420207253377), ([[2, 510], [30, 510], [30, 538], [2, 538]], '[때모]', 0.011291391216218472), ([[411, 513], [431, 513], [431, 537], [411, 537]], '숨', 0.9950057791114411), ([[219, 581], [239, 581], [239, 605], [219, 605]], '희', 0.46852414646014395), ([[112, 590], [136, 590], [136, 644], [112, 644]], '줄', 0.9972364947839338), ([[219, 607], [239, 607], [239, 631], [219, 631]], '희', 0.1446397983120642), ([[112, 640], [136, 640], [136, 668], [112, 668]], '줄', 0.9980304411904086), ([[219, 633], [239, 633], [239, 657], [219, 657]], '희', 0.639295733709119), ([[372, 632], [396, 632], [396, 682], [372, 682]], '표', 0.11182427565250919)]
[([[34, 26], [64, 26], [64, 96], [34, 96]], '죽', 0.02879246021206172), ([[32, 96], [62, 96], [62, 128], [32, 128]], '히', 0.998060452558903), ([[298, 98], [330, 98], [330, 206], [298, 206]], '륙', 0.05161447133878583), ([[422, 198], [452, 198], [452, 268], [422, 268]], '살', 0.9986049037603131), ([[318, 284], [348, 284], [348, 312], [318, 312]], '아', 0.9990371400361973), ([[390, 504], [444, 504], [444, 532], [390, 532]], '아~', 0.9999535544888598), ([[46, 528], [78, 528], [78, 600], [46, 600]], '값', 0.298623257402042), ([[390, 540], [446, 540], [446, 568], [390, 568]], '아~', 0.9999788423476044), ([[47, 603], [83, 603], [83, 641], [47, 641]], '0', 0.9805166638609677), ([[104, 602], [182, 602], [182, 696], [104, 696]], '올', 0.07575207262135919), ([[369.2270311712883, 630.1989371536683], [419.75138075676534, 599.0353639782874], [467.7729688287117, 689.8010628463317], [417.24861924323466, 720.9646360217126]], '올', 0.03466310171009823)]
[([[57, 243], [97, 243], [97, 281], [57, 281]], '아', 0.9992947630173923), ([[79, 285], [121, 285], [121, 327], [79, 327]], '아', 0.9998858007611631), ([[55, 329], [97, 329], [97, 375], [55, 375]], '아', 0.9996691023900439), ([[60, 382], [116, 382], [116, 446], [60, 446]], '아', 0.9983427244110885), ([[286, 610], [474, 610], [474, 662], [286, 662]], '피숨피숨', 0.9971668720245361)]
[([[198, 150], [226, 150], [226, 184], [198, 184]], '크', 0.9998093934295902), ([[198, 188], [230, 188], [230, 220], [198, 220]], '아', 0.9998058174949485), ([[45, 241], [79, 241], [79, 257], [45, 257]], '000,', 0.024168388918042183), ([[198, 222], [230, 222], [230, 252], [198, 252]], '악', 0.38186952287020404), ([[126, 656], [178, 656], [178, 680], [126, 680]], ':어담', 0.0075964469241573095), ([[207, 663], [249, 663], [249, 679], [207, 679]], '월험)', 0.005096576517682203)]
[([[276, 40], [324, 40], [324, 64], [276, 64]], '그런질', 0.928689477187729), ([[277, 61], [323, 61], [323, 81], [277, 81]], '문하면', 0.9995226414923293), ([[99, 81], [151, 81], [151, 101], [99, 101]], '이대로', 0.9994441170158374), ([[276, 76], [316, 76], [316, 100], [276, 100]], '못써!', 0.45093023784406266), ([[100, 100], [152, 100], [152, 124], [100, 124]], '있으면', 0.98524450469379), ([[98, 120], [152, 120], [152, 144], [98, 144]], '결판이', 0.9490641732974777), ([[99, 141], [147, 141], [147, 161], [99, 161]], '안나 .', 0.36741539047741334), ([[99, 513], [151, 513], [151, 533], [99, 533]], '아유미', 0.9919006163928504), ([[20, 534], [90, 534], [90, 564], [20, 564]], '화장실', 0.8787021040916443), ([[98, 532], [148, 532], [148, 556], [98, 556]], '(잠시..', 0.746949828832496), ([[435, 537], [469, 537], [469, 557], [435, 557]], '그럼', 0.9996504519345573), ([[99, 553], [151, 553], [151, 573], [99, 573]], '이리와', 0.9990494425298972), ([[435, 557], [471, 557], [471, 577], [435, 577]], '이쪽', 0.9997396266992529), ([[117, 577], [145, 577], [145, 593], [117, 593]], "~'", 0.18120099271118514), ([[435, 577], [471, 577], [471, 597], [435, 597]], '에서', 0.8833329220465154), ([[435, 597], [469, 597], [469, 617], [435, 617]], '먼저', 0.999884603878996), ([[434, 614], [470, 614], [470, 640], [434, 640]], '공격', 0.9999957853177504), ([[437, 637], [453, 637], [453, 659], [437, 659]], '올', 0.7709428601208543), ([[293.06850713433477, 24.230163555236036], [320.8521847195391, 29.24540622537296], [317.93149286566523, 46.76983644476397], [290.1478152804609, 41.75459377462704]], '야?', 0.9850249833128653)]
[([[89, 141], [145, 141], [145, 161], [89, 161]], '왜그래', 0.9994443234770055), ([[89, 163], [143, 163], [143, 183], [89, 183]], '아유미', 0.858768577205278), ([[182, 280], [230, 280], [230, 304], [182, 304]], '얼굴이', 0.9951247567245101), ([[183, 299], [229, 299], [229, 319], [183, 319]], '빨개지', 0.7469948744701804), ([[183, 317], [229, 317], [229, 337], [183, 337]], '섞네요', 0.4662991992216163), ([[152, 374], [228, 374], [228, 398], [152, 398]], '학교에서', 0.6647039117087372), ([[152, 396], [212, 396], [212, 420], [152, 420]], "'학생이", 0.9962674379348755), ([[153, 419], [191, 419], [191, 439], [153, 439]], '너무', 0.9999837313552349), ([[152, 438], [210, 438], [210, 462], [152, 462]], '야한거', 0.998537050640323), ([[154, 460], [214, 460], [214, 484], [154, 484]], '아냐.?', 0.8881520628929138), ([[49, 599], [79, 599], [79, 615], [49, 615]], '이제', 0.9784310833373323), ([[171, 597], [201, 597], [201, 617], [171, 617]], '우린', 0.7902124838830802), ([[49, 615], [77, 615], [77, 633], [49, 633]], '알건', 0.9565080298096212), ([[171, 617], [231, 617], [231, 635], [171, 635]], '어린애가', 0.988060712814331), ([[49, 633], [91, 633], [91, 649], [49, 649]], '다아는', 0.8919068754677482), ([[171, 635], [231, 635], [231, 651], [171, 651]], '아니에요', 0.9956028461456299), ([[48, 648], [93, 648], [93, 667], [48, 667]], '나이라', 0.9999550570737437), ([[47, 665], [79, 665], [79, 683], [47, 683]], '구요', 0.9969096177855523)]
[([[186, 124], [242, 124], [242, 148], [186, 148]], '너희들', 0.9981980903523437), ([[187, 147], [281, 147], [281, 167], [187, 167]], '자꾸 이러면', 0.9917440630039457), ([[188, 166], [276, 166], [276, 190], [188, 190]], '교장선생님', 0.9998527509348994), ([[187, 189], [291, 189], [291, 209], [187, 209]], '게 말할꺼야"', 0.10097670354578557), ([[124, 196], [162, 196], [162, 220], [124, 220]], '이래', 0.9997638172309053), ([[125, 219], [161, 219], [161, 239], [125, 239]], '두여', 0.9770729886650268), ([[181, 271], [201, 271], [201, 293], [181, 293]], '아', 0.9984910224496311), ([[438, 448], [468, 448], [468, 480], [438, 480]], '아', 0.999581261610448), ([[438, 484], [468, 484], [468, 622], [438, 622]], '늘', 0.022051872476405388)]
[([[345, 57], [375, 57], [375, 75], [345, 75]], '오~', 0.9898353848319911), ([[343, 75], [395, 75], [395, 95], [343, 95]], '밥소사', 0.9801582292252198), ([[342, 94], [396, 94], [396, 118], [342, 118]], '아유미', 0.9993117765827689), ([[303, 161], [335, 161], [335, 181], [303, 181]], '이럼', 0.9779459151248115), ([[303, 183], [335, 183], [335, 199], [303, 199]], '안되', 0.9987927906195975), ([[197, 233], [235, 233], [235, 253], [197, 253]], '자꾸', 0.9984310649732036), ([[199, 253], [253, 253], [253, 273], [199, 273]], '이러시', 0.9962717595217133), ([[199, 275], [257, 275], [257, 295], [199, 295]], '면 교장', 0.8287311332182241), ([[199, 295], [251, 295], [251, 315], [199, 315]], '선생님', 0.9998378488470939), ([[198, 314], [260, 314], [260, 338], [198, 338]], '께 말할', 0.33590864481179206), ([[197, 337], [259, 337], [259, 357], [197, 357]], '꺼에요', 0.9891555031252696), ([[185, 499], [219, 499], [219, 519], [185, 519]], '우리', 0.9999830570089386), ([[183, 519], [235, 519], [235, 539], [183, 539]], '학교로', 0.8928929677232653), ([[182, 538], [236, 538], [236, 562], [182, 562]], '잘맞어', 0.10332438092581044), ([[427, 541], [449, 541], [449, 561], [427, 561]], '아.', 0.941689808729903), ([[207, 563], [233, 563], [233, 579], [207, 579]], '~!', 0.8762785115359667), ([[427, 561], [479, 561], [479, 581], [427, 581]], '아유미', 0.9963288563391015)]
[([[275, 45], [295, 45], [295, 69], [275, 69]], '어', 0.9998262004080658), ([[358, 56], [428, 56], [428, 80], [358, 80]], '부탁이', 0.9878166544897818), ([[358, 82], [428, 82], [428, 108], [358, 108]], '잇논데', 0.0756434543632427), ([[358, 108], [426, 108], [426, 136], [358, 136]], '넓어줄', 0.28821713452132464), ([[358, 134], [404, 134], [404, 162], [358, 162]], '대?!', 0.6468444214908862), ([[44, 560], [100, 560], [100, 584], [44, 584]], '시간없', 0.9991245219786448), ([[44, 580], [100, 580], [100, 604], [44, 604]], '단말야', 0.9957026038935588), ([[45, 603], [83, 603], [83, 623], [45, 623]], '어서', 0.9999309641601167)]
[([[258, 62], [288, 62], [288, 134], [258, 134]], '응', 0.9770630782081504), ([[260, 138], [286, 138], [286, 166], [260, 166]], '0', 0.9849961609825222), ([[26, 220], [56, 220], [56, 290], [26, 290]], '좀', 0.9769081323631781), ([[95, 291], [187, 291], [187, 327], [95, 327]], '깊숙히', 0.9985570061520235), ([[95, 327], [199, 327], [199, 365], [95, 365]], '넣어쥐!', 0.8880946040153503), ([[34, 350], [62, 350], [62, 424], [34, 424]], '속', 0.9782604047174495)]
[([[231, 47], [271, 47], [271, 61], [231, 61]], '아유미', 0.8586875198784348), ([[233, 79], [273, 79], [273, 95], [233, 95]], '남학생', 0.9990751800376289), ([[231, 97], [289, 97], [289, 113], [231, 113]], '조심해야', 0.9993554353713989), ([[152, 110], [208, 110], [208, 136], [152, 136]], '화장실', 0.999971643941513), ([[230, 112], [277, 112], [277, 132], [230, 132]], '하는데 .', 0.5543011347955655), ([[153, 135], [207, 135], [207, 155], [153, 155]], '에서의', 0.819921049401761), ([[152, 154], [208, 154], [208, 178], [152, 178]], '이런느', 0.8794961514390214), ([[152, 176], [214, 176], [214, 200], [152, 200]], '김 처음', 0.5636804893434582), ([[153, 199], [209, 199], [209, 219], [153, 219]], '이야:', 0.15370053174412004), ([[333, 265], [431, 265], [431, 285], [333, 285]], '아~아~아~', 0.9144071841234772), ([[332, 284], [448, 284], [448, 308], [332, 308]], '누가 들어오면', 0.9980721918015788), ([[332, 306], [410, 306], [410, 330], [332, 330]], '안되논데 .', 0.6867206550446076), ([[332, 326], [426, 326], [426, 350], [332, 350]], '아~아~아!', 0.9851178111497295), ([[345, 639], [367, 639], [367, 657], [345, 657]], '미', 0.8705701354201665)]
[([[82, 48], [162, 48], [162, 72], [82, 72]], '나 걱정하', 0.965167815186371), ([[82, 68], [140, 68], [140, 92], [82, 92]], '지말구', 0.9813193146077425), ([[83, 91], [159, 91], [159, 111], [83, 111]], '어서 이쪽', 0.9981023612583936), ([[85, 113], [149, 113], [149, 133], [85, 133]], '으로 와!', 0.43038646658820984), ([[56, 182], [118, 182], [118, 206], [56, 206]], '같이 해', 0.9990488602468003), ([[56, 204], [106, 204], [106, 228], [56, 228]], '줄래?', 0.972892631627302), ([[47, 543], [113, 543], [113, 563], [47, 563]], '어머나 ~', 0.6884697730910451), ([[47, 565], [105, 565], [105, 585], [47, 585]], '아~아!', 0.32809566737579626), ([[46, 584], [110, 584], [110, 608], [46, 608]], '훌륭해!', 0.9862679839134216)]
[([[240, 50], [282, 50], [282, 76], [240, 76]], '빨리', 0.9999877774358098), ([[54, 62], [78, 62], [78, 86], [54, 86]], '아', 0.9997259566208392), ([[54, 88], [80, 88], [80, 114], [54, 114]], '아', 0.9989782798720945), ([[238, 78], [280, 78], [280, 104], [238, 104]], '해! !', 0.869168758392334), ([[54, 114], [78, 114], [78, 138], [54, 138]], '아', 0.9998846087366928), ([[415, 215], [477, 215], [477, 251], [415, 251]], '지금', 0.9996905718617469), ([[416, 252], [476, 252], [476, 284], [416, 284]], '처럼', 0.9967533724765204), ([[417, 285], [483, 285], [483, 323], [417, 323]], '말야', 0.9894837720876996), ([[426, 324], [462, 324], [462, 354], [426, 354]], '아', 0.9994841287427789), ([[108, 378], [132, 378], [132, 456], [108, 456]], '댐', 0.021036093124294553), ([[450, 434], [478, 434], [478, 468], [450, 468]], '우', 0.9394238980540957), ([[448, 468], [478, 468], [478, 502], [448, 502]], '움', 0.5059588199970655), ([[21, 431], [85, 431], [85, 687], [21, 687]], '{', 0.16493812815788633), ([[240, 572], [266, 572], [266, 652], [240, 652]], '숫', 0.38189110733856424), ([[262, 572], [286, 572], [286, 596], [262, 596]], '욕', 0.8456430207751886), ([[262, 598], [286, 598], [286, 624], [262, 624]], '욕', 0.9689050765685501), ([[262, 624], [286, 624], [286, 650], [262, 650]], '욕', 0.8459412229592012), ([[252, 654], [280, 654], [280, 686], [252, 686]], '0', 0.9627190119946505)]
[([[77, 120], [132, 120], [132, 146], [77, 146]], '재수생', 0.9878200214068318), ([[79, 143], [131, 143], [131, 163], [79, 163]], '주제에', 0.998514480332859), ([[78, 162], [150, 162], [150, 186], [78, 186]], '남학생과', 0.9996348048254754), ([[258, 152], [290, 152], [290, 192], [258, 192]], '표', 0.03551785957715681), ([[79, 183], [147, 183], [147, 203], [79, 203]], '학교에서', 0.831482675843871), ([[264, 240], [302, 240], [302, 264], [264, 264]], '그런', 0.9999039908290579), ([[264, 262], [302, 262], [302, 286], [264, 286]], '행동', 0.9994738792892452), ([[43, 369], [87, 369], [87, 389], [43, 389]], '어때.', 0.9917181546318051), ([[64, 426], [102, 426], [102, 450], [64, 450]], '정말', 0.9999886203698664), ([[65, 449], [119, 449], [119, 469], [65, 469]], '짜뒷한', 0.11700690528640656), ([[64, 468], [118, 468], [118, 492], [64, 492]], '경험은', 0.6687273990826484), ([[65, 491], [117, 491], [117, 511], [65, 511]], '틀림없', 0.9980152673820964), ([[65, 511], [91, 511], [91, 531], [65, 531]], '어!', 0.8097771364964909)]
[([[402, 40], [450, 40], [450, 68], [402, 68]], '지금', 0.9962256477201971), ([[404, 68], [452, 68], [452, 94], [404, 94]], '월 찍', 0.8940678834915161), ([[403, 93], [467, 93], [467, 113], [403, 113]], '논거야?', 0.9216417074203491), ([[19, 281], [51, 281], [51, 301], [19, 301]], '자꾸', 0.9658982462769948), ([[19, 301], [67, 301], [67, 319], [19, 319]], '귀찮게', 0.3914420983374414), ([[19, 317], [65, 317], [65, 337], [19, 337]], '하느거', 0.9999456968658781), ([[31, 339], [55, 339], [55, 355], [31, 355]], '니?', 0.9646918584882137), ([[409, 357], [457, 357], [457, 377], [409, 377]], '아유미', 0.15451792219528052), ([[411, 377], [461, 377], [461, 397], [411, 397]], '모습음', 0.5490614175796509), ([[411, 399], [445, 399], [445, 417], [411, 417]], '녹화', 0.8646045655642214), ([[411, 419], [445, 419], [445, 437], [411, 437]], '하려', 0.9998133788555662), ([[55, 577], [89, 577], [89, 597], [55, 597]], '역시', 0.9992287155256452), ([[53, 597], [89, 597], [89, 617], [53, 617]], '화드', 0.14768920824846238), ([[53, 617], [107, 617], [107, 637], [53, 637]], '내잡아', 0.3947643355309978), ([[313, 601], [331, 601], [331, 689], [313, 689]], '푹', 0.11842072521227465), ([[433, 643], [461, 643], [461, 659], [433, 659]], '단지', 0.9998545121789271)]
[([[87, 59], [121, 59], [121, 77], [87, 77]], '나만', 0.9999597921432808), ([[344, 64], [382, 64], [382, 88], [344, 88]], '그후', 0.8367786815995781), ([[87, 77], [151, 77], [151, 95], [87, 95]], '미위히고', 0.4115811412448501), ([[87, 95], [119, 95], [119, 113], [87, 113]], '하구', 0.990671114607742), ([[344, 84], [382, 84], [382, 108], [344, 108]], '학원', 0.999969401525096), ([[151, 113], [185, 113], [185, 133], [151, 133]], '정말', 0.9999345044256395), ([[344, 104], [382, 104], [382, 128], [344, 128]], '장은', 0.9998037699129195), ([[151, 129], [213, 129], [213, 149], [151, 149]], '너무하시', 0.8643319335282287), ([[38, 244], [62, 244], [62, 270], [38, 270]], '왜', 0.9996146335008724), ([[38, 272], [88, 272], [88, 298], [38, 298]], '나만', 0.9999661141019576), ([[397, 449], [467, 449], [467, 469], [397, 469]], '아유미가', 0.9975524544715881), ([[200, 466], [256, 466], [256, 490], [200, 490]], '오늘은', 0.9997038496829614), ([[201, 489], [237, 489], [237, 509], [201, 509]], '그냥', 0.9998535006978184), ([[396, 488], [452, 488], [452, 512], [396, 512]], '이상해', 0.9980337077341724), ([[198, 508], [272, 508], [272, 532], [198, 532]], '가아켓다', 0.9030928611755371), ([[51, 591], [71, 591], [71, 613], [51, 613]], '한', 0.9999828339359738), ([[51, 611], [71, 611], [71, 633], [51, 633]], '데', 0.9999598268728995)]
[([[47, 39], [107, 39], [107, 77], [47, 77]], '무슨', 0.9999323971242908), ([[47, 75], [109, 75], [109, 113], [47, 113]], '일이', 0.9979489080574159), ([[302, 74], [334, 74], [334, 106], [302, 106]], '희', 0.20340288623913327), ([[47, 111], [107, 111], [107, 147], [47, 147]], '지?!', 0.9775246753036575), ([[252, 260], [284, 260], [284, 326], [252, 326]], '아', 0.9920887681801105), ([[206, 352], [236, 352], [236, 384], [206, 384]], '권', 0.9999973773973494), ([[206, 386], [238, 386], [238, 422], [206, 422]], '총', 0.9993691247626977), ([[80.69603726672239, 662.218508073495], [107.59047424901077, 643.0438225316279], [145.30396273327761, 698.781491926505], [118.40952575098923, 717.9561774683721]], '_', 0.17708766457894853)]
[([[209, 105], [229, 105], [229, 165], [209, 165]], '륙', 0.03187718299638065), ([[47, 153], [67, 153], [67, 217], [47, 217]], '물', 0.7693358663601977)]
[([[350, 30], [382, 30], [382, 60], [350, 60]], '아', 0.999705813113053), ([[180, 54], [210, 54], [210, 88], [180, 88]], '움', 0.8818481853131885), ([[348, 66], [382, 66], [382, 96], [348, 96]], '아', 0.9991156626711586), ([[46, 206], [78, 206], [78, 280], [46, 280]], '응', 0.9847911376301823), ([[48, 278], [78, 278], [78, 312], [48, 312]], '음', 0.9982146847643811), ([[240, 298], [270, 298], [270, 332], [240, 332]], '움', 0.7563292846209748), ([[278, 392], [308, 392], [308, 426], [278, 426]], '음', 0.9982556565579479), ([[278, 428], [310, 428], [310, 462], [278, 462]], '움', 0.8437490211545082), ([[46, 560], [78, 560], [78, 632], [46, 632]], '풀', 0.18341699018471846), ([[46, 628], [74, 628], [74, 668], [46, 668]], '르', 0.21419842915406662), ([[172, 674], [223, 674], [223, 705], [172, 705]], '제내', 0.06162369158841266)]
[([[430, 164], [454, 164], [454, 216], [430, 216]], '값', 0.21055250869339037), ([[18, 246], [64, 246], [64, 274], [18, 274]], '기분', 0.9994466567300563), ([[18, 272], [70, 272], [70, 298], [18, 298]], '이 어', 0.9673488140106201), ([[18, 300], [56, 300], [56, 326], [18, 326]], '때?', 0.9997335580213473), ([[224, 292], [250, 292], [250, 316], [224, 316]], '아', 0.9992281496366218), ([[210, 510], [234, 510], [234, 534], [210, 534]], '아', 0.9995700583149905), ([[404, 620], [444, 620], [444, 644], [404, 644]], '아~', 0.9999529644410586), ([[404, 646], [444, 646], [444, 670], [404, 670]], '아~', 0.9999626580964304), ([[404, 674], [430, 674], [430, 698], [404, 698]], '아', 0.9993574459721266)]
[([[258, 34], [304, 34], [304, 60], [258, 60]], '신고', 0.9999986923153217), ([[258, 60], [306, 60], [306, 86], [258, 86]], '해야', 0.9993268969050783), ([[258, 86], [306, 86], [306, 112], [258, 112]], '되나', 0.7863320448573555), ([[326, 92], [372, 92], [372, 120], [326, 120]], '이걸', 0.718332617356306), ([[270, 114], [296, 114], [296, 138], [270, 138]], '?!', 0.9780798259096989), ([[326, 120], [372, 120], [372, 146], [326, 146]], '어떻', 0.9757812255477851), ([[326, 146], [372, 146], [372, 174], [326, 174]], '게해', 0.9941140528606375), ([[340, 174], [364, 174], [364, 198], [340, 198]], '?!', 0.9711003597018332), ([[62, 340], [86, 340], [86, 368], [62, 368]], '품', 0.9145683517216222), ([[42, 588], [98, 588], [98, 614], [42, 614]], '(아악!', 0.4352129101753235), ([[43, 613], [108, 613], [108, 643], [43, 643]], '도저히', 0.9999709556890053), ([[44, 642], [112, 642], [112, 672], [44, 672]], '못참켓', 0.8356219873513642), ([[44, 668], [98, 668], [98, 694], [44, 694]], '어요', 0.9096359287848761), ([[205, 675], [229, 675], [229, 695], [205, 695]], '미', 0.22278608457671467)]
[([[192, 26], [268, 26], [268, 52], [192, 52]], '너 뒤에', 0.9991308629387308), ([[20, 6], [190, 6], [190, 102], [20, 102]], "[?' 과", 0.05527469918628257), ([[192, 52], [264, 52], [264, 82], [192, 82]], '넓어밖', 0.17477730621048326), ([[192, 80], [230, 80], [230, 106], [192, 106]], '니?', 0.8826735690939752), ([[331, 313], [387, 313], [387, 333], [331, 333]], '괜찮아', 0.5131213665008545), ([[330, 332], [386, 332], [386, 356], [330, 356]], '어서해', 0.9994814865803646), ([[331, 355], [365, 355], [365, 375], [331, 375]], '화!!', 0.42676711838336445), ([[19, 441], [87, 441], [87, 461], [19, 461]], '미치켓어', 0.6538985967636108), ([[259, 599], [297, 599], [297, 714], [259, 714]], '춤', 0.02563540194024938)]
[([[39, 35], [75, 35], [75, 55], [39, 55]], '죽여', 0.8223387317269844), ([[344, 22], [400, 22], [400, 54], [344, 54]], '내히', 0.0725587048450651), ([[39, 57], [75, 57], [75, 77], [39, 77]], '버리', 0.9999366117282888), ([[38, 76], [78, 76], [78, 102], [38, 102]], '켓다', 0.5644734837459215), ([[359, 253], [433, 253], [433, 291], [359, 291]], '아!!', 0.878060876243624), ([[359, 295], [395, 295], [395, 377], [359, 377]], '더', 0.9905166037806481), ([[406, 334], [438, 334], [438, 374], [406, 374]], '이', 0.7975868756766182), ([[357, 379], [435, 379], [435, 421], [357, 421]], '상은', 0.9998817379913708), ([[65, 497], [103, 497], [103, 695], [65, 695]], '"', 0.01813963439681121), ([[256, 632], [286, 632], [286, 658], [256, 658]], "'미", 0.21455540194958486)]
[([[435, 289], [473, 289], [473, 309], [435, 309]], '누구', 0.9999766507257668), ([[434, 310], [484, 310], [484, 334], [434, 334]], '시조?', 0.997821852857653), ([[207, 445], [225, 445], [225, 467], [207, 467]], '엉', 0.1335926922525923), ([[47, 537], [83, 537], [83, 557], [47, 557]], '으득', 0.11612612860869209), ([[45, 581], [83, 581], [83, 601], [45, 601]], '이러', 0.9993268126280045), ([[47, 603], [93, 603], [93, 623], [47, 623]], '세요?', 0.9998749450861422), ([[49, 659], [119, 659], [119, 679], [49, 679]], ':01 3', 0.060827428888600425), ([[129, 659], [175, 659], [175, 677], [129, 677]], ':)', 0.04348603347995127)]
[([[97, 111], [135, 111], [135, 221], [97, 221]], '통', 0.3211343448920765), ([[62, 234], [114, 234], [114, 290], [62, 290]], '위', 0.9999969005608733), ([[62, 292], [114, 292], [114, 352], [62, 352]], '힘', 0.4324903437102421), ([[62, 352], [118, 352], [118, 532], [62, 532]], '출', 0.041430229004363106), ([[100, 578], [128, 578], [128, 620], [100, 620]], '2', 0.7849649232949428)]
[([[440, 16], [464, 16], [464, 66], [440, 66]], '수', 0.9982450562167742), ([[440, 66], [464, 66], [464, 92], [440, 92]], '육', 0.8947029485051736), ([[45, 163], [89, 163], [89, 259], [45, 259]], '아', 0.9131495326551544), ([[82, 452], [112, 452], [112, 520], [82, 520]], '속', 0.9846456348691959), ([[434, 526], [466, 526], [466, 590], [434, 590]], '야', 0.39681295571785213), ([[434, 592], [464, 592], [464, 626], [434, 626]], '양', 0.9861647162061935)]
[([[75, 77], [95, 77], [95, 121], [75, 121]], '딱', 0.1135760589203949), ([[410, 152], [462, 152], [462, 176], [410, 176]], '굉장히', 0.9993689655301954), ([[410, 172], [450, 172], [450, 196], [410, 196]], '많이', 0.998083025585906), ([[410, 194], [464, 194], [464, 218], [410, 218]], '나오는', 0.9857168225313878), ([[411, 215], [443, 215], [443, 235], [411, 235]], '데!', 0.3175003797425512), ([[55, 201], [115, 201], [115, 271], [55, 271]], '신', 0.03590761983060986), ([[319, 557], [361, 557], [361, 607], [319, 607]], '품격', 0.03146991318909148), ([[165, 577], [185, 577], [185, 641], [165, 641]], '출', 0.38864328118529556), ([[164, 650], [188, 650], [188, 676], [164, 676]], '0', 0.994645391787131)]
[([[130, 152], [200, 152], [200, 182], [130, 182]], '당신은', 0.9999045396205796), ([[130, 180], [198, 180], [198, 206], [130, 206]], '누구시', 0.9997210553988723), ([[130, 206], [170, 206], [170, 234], [130, 234]], '조?', 0.8576526118004522), ([[410, 222], [476, 222], [476, 248], [410, 248]], '움직이', 0.9998262864206687), ([[408, 250], [458, 250], [458, 274], [408, 274]], '지마', 0.9992480987501037), ([[196, 582], [244, 582], [244, 608], [196, 608]], '제발', 0.9997558098930838), ([[196, 608], [244, 608], [244, 634], [196, 634]], '이것', 0.9993336390777228), ([[396, 608], [420, 608], [420, 634], [396, 634]], '이', 0.8923050550817244), ([[198, 634], [268, 634], [268, 662], [198, 662]], '놔주세', 0.9984508296815144), ([[394, 634], [440, 634], [440, 660], [394, 660]], '녀석', 0.9849182362183122), ([[198, 662], [222, 662], [222, 686], [198, 686]], '여', 0.9996668377895936)]
[([[191, 27], [211, 27], [211, 101], [191, 101]], '@', 0.6069134115924193), ([[106, 172], [206, 172], [206, 228], [106, 228]], '젓', 0.08827307188428168), ([[134, 292], [166, 292], [166, 326], [134, 326]], '퍽', 0.999985694936413), ([[347, 401], [385, 401], [385, 441], [347, 441]], '퍽', 0.9999806881883302)]
[([[260, 8], [292, 8], [292, 38], [260, 38]], '이', 0.9915731612371168), ([[260, 42], [290, 42], [290, 76], [260, 76]], '년', 0.9999656680192857), ([[408, 294], [454, 294], [454, 322], [408, 322]], '무슨', 0.4560155411797575), ([[408, 322], [472, 322], [472, 348], [408, 348]], '일이지', 0.9981684337809589), ([[105, 369], [141, 369], [141, 453], [105, 453]], '확', 0.1309550021943915)]
[([[13, 83], [49, 83], [49, 123], [13, 123]], '욕', 0.9173504133755763), ([[250, 456], [296, 456], [296, 484], [250, 484]], '맺어', 0.23171480102088843), ([[44, 480], [100, 480], [100, 504], [44, 504]], '후후후', 0.9985788884642006), ([[250, 480], [298, 480], [298, 510], [250, 510]], '그만', 0.46896445672927445), ([[250, 508], [282, 508], [282, 534], [250, 534]], '해!', 0.9941376144034568), ([[290.07767729723633, 536.2155354594472], [341.78885438199984, 504.4222912360003], [361.92232270276367, 535.7844645405528], [310.21114561800016, 567.5777087639997]], '41', 0.13401105918112577)]
[([[415, 45], [449, 45], [449, 65], [415, 65]], '절없', 0.9471644447257206), ([[411, 85], [447, 85], [447, 105], [411, 105]], '녀석', 0.9568582499675692), ([[48, 184], [106, 184], [106, 208], [48, 208]], '돌아가', 0.9999525105454414), ([[203, 413], [265, 413], [265, 455], [203, 455]], '희?', 0.5889029706344487), ([[66, 583], [92, 583], [92, 652], [66, 652]], '곁', 0.13091630927439812)]
[([[352, 34], [392, 34], [392, 58], [352, 58]], '아~', 0.9983620608757777), ([[352, 60], [400, 60], [400, 86], [352, 86]], '하안', 0.9996869475632332), ([[352, 86], [398, 86], [398, 112], [352, 112]], '액체', 0.9992604872164645), ([[56, 172], [80, 172], [80, 200], [56, 200]], '줄', 0.9958364284870278), ([[56, 198], [80, 198], [80, 228], [56, 228]], '줄', 0.9962506932844839), ([[57, 227], [77, 227], [77, 253], [57, 253]], '줄', 0.9987239142861313), ([[52, 390], [92, 390], [92, 414], [52, 414]], '아~', 0.9987556304512386), ([[52, 416], [98, 416], [98, 442], [52, 442]], '냄새', 0.9998965732003785), ([[52, 442], [100, 442], [100, 470], [52, 470]], '좋아', 0.9974316951751689)]
[([[280, 40], [412, 40], [412, 68], [280, 68]], '어서 넣어보!', 0.8658464453274615), ([[280, 66], [446, 66], [446, 96], [280, 96]], '날 이길것 같아?', 0.9617136323850989), ([[258, 354], [326, 354], [326, 380], [258, 380]], '이기면', 0.9969213132815461), ([[416, 400], [466, 400], [466, 426], [416, 426]], '만약', 0.9999858386882693), ([[416, 426], [466, 426], [466, 452], [416, 452]], '내가', 0.9995906943459553), ([[416, 452], [484, 452], [484, 478], [416, 478]], '이기면', 0.9990819929221916), ([[446, 652], [470, 652], [470, 676], [446, 676]], '아', 0.9834508912315653)]
[([[263, 73], [303, 73], [303, 89], [263, 89]], '소용히', 0.8687808690392299), ([[261, 91], [303, 91], [303, 107], [261, 107]], '보내쥐', 0.9779824971363578), ([[412, 248], [444, 248], [444, 278], [412, 278]], '아', 0.998930025363066), ([[32, 416], [64, 416], [64, 484], [32, 484]], '야', 0.04273886117653891), ([[32, 486], [64, 486], [64, 522], [32, 522]], '아', 0.9997028333214395), ([[32, 524], [62, 524], [62, 558], [32, 558]], '0', 0.8468861692273357), ([[302, 572], [334, 572], [334, 674], [302, 674]], '젊', 0.0411980964814449)]
[([[431, 43], [467, 43], [467, 189], [431, 189]], '"', 0.06163980815049741), ([[63, 303], [95, 303], [95, 409], [63, 409]], '%', 0.026144753722778802), ([[63, 533], [97, 533], [97, 553], [63, 553]], '우리', 0.9999973868963923), ([[61, 553], [99, 553], [99, 573], [61, 573]], '계약', 0.9998282137675036), ([[65, 575], [95, 575], [95, 595], [65, 595]], '성립', 0.9161494309633142), ([[64, 592], [96, 592], [96, 616], [64, 616]], '된거', 0.6388320106808514), ([[434, 684], [464, 684], [464, 712], [434, 712]], "'때]", 0.28374458007611364)]
[([[274, 56], [314, 56], [314, 80], [274, 80]], '아~', 0.5516178034714532), ([[272, 80], [328, 80], [328, 104], [272, 104]], '상쾌한', 0.9991237649868466), ([[273, 103], [323, 103], [323, 123], [273, 123]], '아침~', 0.9948992977782444), ([[435, 225], [473, 225], [473, 243], [435, 243]], '이젠', 0.5436283159648274), ([[37, 243], [91, 243], [91, 263], [37, 263]], '에혜헤', 0.3921540255418143), ([[222, 246], [260, 246], [260, 270], [222, 270]], '일어', 0.9998423744254028), ([[435, 245], [473, 245], [473, 265], [435, 265]], '아예', 0.9999127571382759), ([[437, 267], [471, 267], [471, 285], [437, 285]], '스토', 0.9533756935413307), ([[223, 289], [257, 289], [257, 309], [223, 309]], '어요', 0.9955834278135223), ([[434, 284], [474, 284], [474, 308], [434, 308]], '커군', 0.99958521591699), ([[210, 382], [246, 382], [246, 408], [210, 408]], "'장난", 0.9986738501858806), ([[207, 403], [249, 403], [249, 451], [207, 451]], '캐러', 0.13114874643904495), ([[37, 515], [91, 515], [91, 535], [37, 535]], '비디오', 0.9995125936166208), ([[36, 534], [92, 534], [92, 558], [36, 558]], '찍은거', 0.9684286969390643), ([[171, 519], [189, 519], [189, 579], [171, 579]], '평', 0.013383927939537854), ([[37, 557], [95, 557], [95, 577], [37, 577]], '나 한번', 0.9951548428191421), ([[36, 576], [86, 576], [86, 600], [36, 600]], '불까?', 0.9675817800880271), ([[9, 667], [71, 667], [71, 687], [9, 687]], '~:아-', 0.0666671171784401), ([[99, 667], [145, 667], [145, 687], [99, 687]], '--)', 0.005318197911369347), ([[220.8858279709377, 263.2145699273442], [259.72603053188993, 268.7474994853479], [256.11417202906233, 293.7854300726558], [217.27396946811007, 288.2525005146521]], '나섯', 0.4362890372347918)]
[([[57, 155], [95, 155], [95, 271], [57, 271]], '통', 0.1608928608910709), ([[44, 270], [109, 270], [109, 553], [44, 553]], '틈', 0.08681224059836623)]
[([[251, 45], [291, 45], [291, 59], [251, 59]], '끼다가', 0.7693366474079973), ([[251, 59], [279, 59], [279, 75], [251, 75]], '이제', 0.9969178453160008), ([[367, 65], [403, 65], [403, 81], [367, 81]], '이런데', 0.39839126089703), ([[455, 55], [473, 55], [473, 83], [455, 83]], '%', 0.5695021952197408), ([[251, 89], [279, 89], [279, 105], [251, 105]], '인데', 0.3158759683340595), ([[123, 141], [157, 141], [157, 157], [123, 157]], '게다기', 0.9987355759537151), ([[121, 157], [161, 157], [161, 173], [121, 173]], '이수점', 0.9681903523436838), ([[211, 157], [237, 157], [237, 173], [211, 173]], '런거', 0.7824863898775075), ([[121, 173], [149, 173], [149, 187], [121, 187]], '이상', 0.9736875276159337), ([[123, 187], [149, 187], [149, 201], [123, 201]], '한데', 0.4831049477872162), ([[211, 189], [235, 189], [235, 203], [211, 203]], '데.', 0.38662262521825963), ([[261, 265], [287, 265], [287, 281], [261, 281]], '아니', 0.9998760062233383), ([[47, 277], [71, 277], [71, 291], [47, 291]], '차림', 0.9680633805094884), ([[261, 281], [287, 281], [287, 295], [261, 295]], '사코', 0.9719695469252765), ([[443, 275], [467, 275], [467, 289], [443, 289]], '많이', 0.9842305875583831), ([[47, 291], [73, 291], [73, 307], [47, 307]], '뭐야', 0.2785376293485369), ([[443, 289], [471, 289], [471, 303], [443, 303]], '기다', 0.999827623741366), ([[443, 301], [469, 301], [469, 321], [443, 321]], '렇지', 0.13238983062315496), ([[51, 379], [89, 379], [89, 395], [51, 395]], '사실은', 0.9962435552315143), ([[49, 393], [89, 393], [89, 409], [49, 409]], '너예게', 0.23005843715196742), ([[51, 407], [101, 407], [101, 425], [51, 425]], '경고일게', 0.17284880578517914), ([[49, 423], [89, 423], [89, 439], [49, 439]], '있어서', 0.8492294249847364), ([[49, 437], [103, 437], [103, 453], [49, 453]], '부르거야', 0.8283703923225403), ([[63, 491], [77, 491], [77, 521], [63, 521]], '코', 0.4938619569759375), ([[45, 583], [85, 583], [85, 597], [45, 597]], '수년선', 0.9904048239535843), ([[45, 597], [73, 597], [73, 613], [45, 613]], '보든', 0.9125488334388895), ([[45, 611], [99, 611], [99, 629], [45, 629]], '마붙들이', 0.5590782165527344), ([[45, 643], [87, 643], [87, 659], [45, 659]], '마월야', 0.565773069858551), ([[45, 657], [87, 657], [87, 673], [45, 673]], '가앉다 .', 0.2177960921189035), ([[395.56408368276453, 113.26661757518777], [445.4285498650664, 66.26379266059566], [466.43591631723547, 94.73338242481223], [416.5714501349336, 141.73620733940433]], '@물', 0.025693577205998797)]
[([[207, 49], [245, 49], [245, 65], [207, 65]], '주대물', 0.11707335736185132), ([[207, 63], [247, 63], [247, 81], [207, 81]], '보여도', 0.9827274307475627), ([[207, 79], [259, 79], [259, 95], [207, 95]], '편찮아요', 0.15796217322349548), ([[453, 103], [495, 103], [495, 169], [453, 169]], '푹', 0.858495622125929), ([[427, 375], [455, 375], [455, 391], [427, 391]], '사정', 0.999909638352609), ([[429, 391], [455, 391], [455, 405], [429, 405]], '맡꺼', 0.322440620518453), ([[429, 405], [467, 405], [467, 421], [429, 421]], '같아요', 0.9830866263816288), ([[241, 523], [269, 523], [269, 539], [241, 539]], '좁아', 0.4166204126474311), ([[241, 537], [281, 537], [281, 553], [241, 553]], '얼굴에', 0.8967367075341325), ([[241, 551], [281, 551], [281, 567], [241, 567]], '싸준께', 0.19156932263142967)]
[([[45, 21], [73, 21], [73, 35], [45, 35]], '그래', 0.9621514770122572), ([[45, 37], [73, 37], [73, 51], [45, 51]], '쏟아', 0.162510848714539), ([[315, 273], [339, 273], [339, 287], [315, 287]], '김게', 0.7331947181815692), ([[315, 287], [341, 287], [341, 303], [315, 303]], '넣어', 0.9736893676509353), ([[213, 345], [289, 345], [289, 361], [213, 361]], '난말고있없어', 0.3527152132990529), ([[65, 353], [81, 353], [81, 383], [65, 383]], '알', 0.9991580828593669), ([[211, 359], [289, 359], [289, 375], [211, 375]], '카드트하면서', 0.21547397168497415), ([[211, 375], [251, 375], [251, 391], [211, 391]], '년계속', 0.8029382913186365), ([[211, 389], [277, 389], [277, 407], [211, 407]], '내가승만을', 0.20264546630753985), ([[451, 395], [477, 395], [477, 411], [451, 411]], '세게', 0.607194203840242), ([[213, 405], [263, 405], [263, 421], [213, 421]], '보고있엇', 0.2511821985244751), ([[211, 421], [249, 421], [249, 435], [211, 435]], '많아 .', 0.6452584862709045)]
[([[401, 29], [429, 29], [429, 45], [401, 45]], '기분', 0.9713207484460266), ([[189, 45], [215, 45], [215, 59], [189, 59]], '말고', 0.9928379348866765), ([[401, 45], [443, 45], [443, 59], [401, 59]], '최고야', 0.9332736524593953), ([[187, 59], [237, 59], [237, 75], [187, 75]], '있없이 .', 0.2965038810560292), ([[401, 59], [441, 59], [441, 75], [401, 75]], '굉장해', 0.9109406560239398), ([[187, 75], [215, 75], [215, 89], [187, 89]], '나람', 0.21131536837385756), ([[189, 89], [215, 89], [215, 105], [189, 105]], '뒤로', 0.8200227178754514), ([[187, 103], [239, 103], [239, 119], [187, 119]], '하고심어', 0.9306159019470215), ([[187, 119], [227, 119], [227, 135], [187, 135]], '하는길', 0.1503577041319721), ([[23, 399], [63, 399], [63, 415], [23, 415]], '만데다 .', 0.5751258416077217), ([[23, 415], [73, 415], [73, 431], [23, 431]], '손가락을', 0.7532147169113159), ([[23, 429], [81, 429], [81, 445], [23, 445]], '넣어쥐-!', 0.8565422159859029), ([[153, 531], [181, 531], [181, 547], [153, 547]], '중아.', 0.4454203954002781), ([[151, 561], [179, 561], [179, 577], [151, 577]], '깊이', 0.7761750831208107)]
[([[368, 58], [398, 58], [398, 90], [368, 90]], '아', 0.998105351361378), ([[366, 90], [396, 90], [396, 126], [366, 126]], '양', 0.9790465265710147), ([[442, 144], [472, 144], [472, 176], [442, 176]], '하', 0.9998661324482647), ([[444, 178], [476, 178], [476, 210], [444, 210]], '아', 0.9995515849330019), ([[63, 323], [159, 323], [159, 359], [63, 359]], '하앗~!', 0.2511749565601349), ([[63, 357], [127, 357], [127, 393], [63, 393]], '이제', 0.9996501990793688), ([[62, 390], [157, 390], [157, 430], [62, 430]], '나온다', 0.5034549752849957), ([[305, 581], [343, 581], [343, 685], [305, 685]], '잎', 0.06129303380950635)]
[([[51, 379], [67, 379], [67, 413], [51, 413]], '하', 0.11225853362208582), ([[51, 663], [121, 663], [121, 683], [51, 683]], ':)비 5.', 0.036773418360205444), ([[129, 665], [177, 665], [177, 685], [129, 685]], '플퍽', 0.0005808449784401797)]
[([[255, 63], [293, 63], [293, 79], [255, 79]], '모저럼', 0.8281437364303077), ([[429, 71], [469, 71], [469, 87], [429, 87]], '이런짓', 0.9944672445765425), ([[255, 79], [295, 79], [295, 93], [255, 93]], '이니까', 0.977371456875837), ([[429, 85], [481, 85], [481, 101], [429, 101]], '하지말고', 0.996021032333374), ([[255, 93], [305, 93], [305, 109], [255, 109]], '내가오늘', 0.9921376191497251), ([[429, 101], [479, 101], [479, 117], [429, 117]], '공부해-', 0.6898655295372009), ([[255, 109], [307, 109], [307, 125], [255, 125]], '밀이있어', 0.48793932795524597), ([[429, 115], [457, 115], [457, 131], [429, 131]], '라고', 0.9998840981339462), ([[255, 123], [283, 123], [283, 139], [255, 139]], '이건', 0.9984576896382166), ([[429, 131], [469, 131], [469, 147], [429, 147]], '엄마가', 0.8200720447835903), ([[255, 139], [307, 139], [307, 155], [255, 155]], '내가살깨', 0.6202754378318787), ([[429, 145], [475, 145], [475, 161], [429, 161]], '만그래?', 0.9971618056297302), ([[75, 377], [101, 377], [101, 393], [75, 393]], '뭐야', 0.5135669121672937), ([[73, 393], [113, 393], [113, 407], [73, 407]], '이녀식', 0.9400622970005702), ([[321, 475], [355, 475], [355, 491], [321, 491]], '먹시.', 0.5802076654387647), ([[319, 487], [347, 487], [347, 505], [319, 505]], '그래', 0.9936420991265851), ([[321, 505], [359, 505], [359, 519], [321, 519]], '사요고', 0.8255112274258146), ([[319, 521], [359, 521], [359, 535], [319, 535]], '너데게', 0.1420038546114578), ([[319, 535], [371, 535], [371, 549], [319, 549]], '어인이면', 0.3600214719772339), ([[321, 549], [373, 549], [373, 565], [321, 565]], '중은랜데', 0.3731781840324402)]
[([[332, 4], [360, 4], [360, 42], [332, 42]], '대', 0.23872476232548312), ([[55, 47], [83, 47], [83, 63], [55, 63]], '아닷', 0.81861997057378), ([[55, 61], [83, 61], [83, 77], [55, 77]], '거긴', 0.5296257440679314), ([[145, 215], [241, 215], [241, 277], [145, 277]], '물목:', 0.006736126598277898), ([[415, 233], [495, 233], [495, 273], [415, 273]], '그내니', 0.0012086738941234473), ([[417, 299], [445, 299], [445, 315], [417, 315]], '그래', 0.9885761686125821), ([[417, 313], [457, 313], [457, 331], [417, 331]], '그렇게', 0.44256067276000977), ([[415, 327], [455, 327], [455, 345], [415, 345]], '내그철', 0.1599172741214037), ([[417, 345], [455, 345], [455, 361], [417, 361]], '빨아쥐', 0.9510813937958842), ([[105, 439], [199, 439], [199, 499], [105, 499]], '넉:;', 0.007965628897515856), ([[421, 457], [459, 457], [459, 471], [421, 471]], '식시한', 0.4645993262134304), ([[421, 471], [485, 471], [485, 487], [421, 487]], '맘컷냄새가', 0.23708690732737134), ([[419, 487], [459, 487], [459, 503], [419, 503]], '신동올', 0.1270651793711119), ([[419, 501], [461, 501], [461, 517], [419, 517]], '하닷아', 0.14421058026276223)]
[([[63, 37], [89, 37], [89, 53], [63, 53]], '그대', 0.47990793686267763), ([[175, 41], [201, 41], [201, 55], [175, 55]], '정말', 0.9399119173099625), ([[61, 53], [89, 53], [89, 69], [61, 69]], '제발', 0.9954196087528985), ([[173, 55], [203, 55], [203, 71], [173, 71]], '이거.', 0.3037071491804454), ([[63, 67], [129, 67], [129, 83], [63, 83]], '부탁이야-!', 0.5551022147838177), ([[173, 71], [227, 71], [227, 87], [173, 87]], '죽이논데', 0.8192054629325867), ([[61, 83], [101, 83], [101, 99], [61, 99]], '거기록', 0.4214336897655433), ([[61, 99], [101, 99], [101, 113], [61, 113]], '만취쥐', 0.7143258519265294), ([[45, 371], [73, 371], [73, 387], [45, 387]], '정말', 0.9892105915579987), ([[47, 387], [85, 387], [85, 403], [47, 403]], '굉장해', 0.6304881236207944), ([[37, 525], [65, 525], [65, 543], [37, 543]], '기분', 0.9977206171199717), ([[39, 541], [67, 541], [67, 557], [39, 557]], '중아', 0.4806024752810516), ([[223, 625], [259, 625], [259, 639], [223, 639]], '아악-', 0.9549362063407898), ([[223, 641], [249, 641], [249, 655], [223, 655]], '그래', 0.508175217432741), ([[59.013606076167854, 627.0816364570071], [147.72914065798471, 647.2176006841826], [133.98639392383214, 698.9183635429929], [46.27085934201529, 678.7823993158174]], "'숙렉", 0.006285312109067513)]
[([[387, 39], [417, 39], [417, 55], [387, 55]], '아냐.', 0.7769849469555529), ([[386, 52], [427, 52], [427, 72], [386, 72]], '가슴을', 0.9281120259648705), ([[387, 69], [429, 69], [429, 85], [387, 85]], '더세게.', 0.6578145027160645), ([[389, 85], [427, 85], [427, 99], [389, 99]], '빨아쥐', 0.6718515784713418), ([[185, 131], [221, 131], [221, 147], [185, 147]], '그렇거', 0.4978981938897173), ([[185, 147], [211, 147], [211, 161], [185, 161]], '세게', 0.6173493583997548), ([[185, 161], [211, 161], [211, 177], [185, 177]], '하면', 0.9986007586457432), ([[185, 175], [225, 175], [225, 191], [185, 191]], '오죽이', 0.3230411836994494), ([[185, 191], [211, 191], [211, 207], [185, 207]], '나와', 0.8881984669667968), ([[183, 519], [217, 519], [217, 535], [183, 535]], '아왕-', 0.12579205632209778), ([[183, 533], [209, 533], [209, 549], [183, 549]], '부끄', 0.9896188999989957), ([[183, 547], [209, 547], [209, 563], [183, 563]], '리위', 0.17505031317870084), ([[429, 601], [457, 601], [457, 617], [429, 617]], '그래', 0.4276560336415467), ([[429, 617], [455, 617], [455, 633], [429, 633]], '오춤', 0.45243383372889995), ([[429, 633], [475, 633], [475, 647], [429, 647]], '싸보-"', 0.3471459448337555), ([[390, 648], [416, 648], [416, 676], [390, 676]], "'4)", 0.1949975690525878)]
[([[36, 48], [96, 48], [96, 80], [36, 80]], '그래', 0.8492977030055809), ([[37, 81], [99, 81], [99, 117], [37, 117]], '내가', 0.9994072139026555), ([[37, 115], [97, 115], [97, 153], [37, 153]], '오중', 0.7992528509667198), ([[37, 151], [125, 151], [125, 187], [37, 187]], '누는길', 0.14366077378777628), ([[35, 187], [97, 187], [97, 223], [35, 223]], '실컷', 0.9265907399950121), ([[37, 221], [101, 221], [101, 257], [37, 257]], '화라_', 0.42465091246784764), ([[431, 321], [467, 321], [467, 429], [431, 429]], '향', 0.40504188708840516), ([[159, 568], [290, 568], [290, 625], [159, 625]], '7통)  모', 0.0027535314769651705)]
[([[51, 51], [83, 51], [83, 69], [51, 69]], '많이', 0.9897146188727082), ([[51, 69], [81, 69], [81, 87], [51, 87]], '사정', 0.99951264863386), ([[51, 87], [93, 87], [93, 105], [51, 105]], '해쥐 ~', 0.4672998785972595), ([[405, 563], [453, 563], [453, 581], [405, 581]], '멋있어', 0.9966118931770325), ([[407, 581], [467, 581], [467, 597], [407, 597]], '뜨딱하고', 0.512386679649353), ([[405, 597], [439, 597], [439, 617], [405, 617]], '정말', 0.9968391028470879), ([[405, 613], [439, 613], [439, 633], [405, 633]], '크다', 0.9999284354012767), ([[412, 684], [444, 684], [444, 712], [412, 712]], "'98?", 0.015965405851602554), ([[424.18211126702823, 60.04794576973987], [498.99643775951597, 110.77670943320693], [464.81788873297177, 158.95205423026013], [391.00356224048403, 108.22329056679307]], '젓갈', 0.03444160629699054)]
[([[5, 59], [43, 59], [43, 101], [5, 101]], '젊말', 0.04688095081991862), ([[9, 97], [57, 97], [57, 115], [9, 115]], '최고야', 0.9998575325428098), ([[398, 558], [434, 558], [434, 582], [398, 582]], '그래.', 0.9987344061183581), ([[401, 579], [433, 579], [433, 597], [401, 597]], '좋아,', 0.8183568949141476)]
[([[59, 47], [93, 47], [93, 65], [59, 65]], '뒤에', 0.9984627449778486), ([[61, 67], [107, 67], [107, 83], [61, 83]], '구멍도', 0.5700567705914097), ([[59, 81], [105, 81], [105, 101], [59, 101]], '그결로', 0.3832015309308998), ([[61, 103], [93, 103], [93, 119], [61, 119]], '세게', 0.8484487612190165), ([[59, 117], [115, 117], [115, 135], [59, 135]], '허쥐-!!', 0.374342705650289), ([[399, 427], [429, 427], [429, 445], [399, 445]], '정말', 0.9999812868505445), ([[399, 445], [445, 445], [445, 461], [399, 461]], '최고야', 0.9013860023060115), ([[407, 465], [431, 465], [431, 479], [407, 479]], "~'", 0.3931852188509717), ([[179, 587], [211, 587], [211, 605], [179, 605]], '좋아 ', 0.6375406880507984), ([[175, 621], [209, 621], [209, 639], [175, 639]], '더욱', 0.9998059614237738), ([[175, 637], [237, 637], [237, 657], [175, 657]], '세게해쥐', 0.9236350059509277)]
[([[217, 37], [251, 37], [251, 55], [217, 55]], '그래', 0.9999935936850367), ([[217, 53], [249, 53], [249, 73], [217, 73]], '더욱', 0.999297989990882), ([[217, 73], [249, 73], [249, 91], [217, 91]], '세게', 0.9493959528585646), ([[449, 75], [467, 75], [467, 163], [449, 163]], '%', 0.09083923287153439), ([[57, 387], [89, 387], [89, 407], [57, 407]], '그것', 0.9642503943635632), ([[277, 357], [295, 357], [295, 409], [277, 409]], '혀', 0.017695549001919497), ([[59, 405], [91, 405], [91, 425], [59, 425]], '밖에', 0.9932063007142702), ([[61, 423], [91, 423], [91, 443], [61, 443]], '못해', 0.9771691040555742)]
[([[394, 80], [440, 80], [440, 106], [394, 106]], '그래', 0.9867702362244368), ([[394, 106], [460, 106], [460, 130], [394, 130]], '너희논', 0.8138758582689438), ([[394, 130], [438, 130], [438, 154], [394, 154]], '나의', 0.9997646601096635), ([[394, 156], [438, 156], [438, 180], [394, 180]], '제물', 0.9940475765322889), ([[393, 179], [462, 179], [462, 206], [393, 206]], '인거야', 0.958383126131967), ([[377, 323], [491, 323], [491, 465], [377, 465]], '[:)', 0.14305304880943778), ([[50, 482], [114, 482], [114, 508], [50, 508]], '마음껏', 0.9999207822521489), ([[50, 508], [116, 508], [116, 532], [50, 532]], '안에다', 0.947556298295254), ([[50, 532], [96, 532], [96, 558], [50, 558]], '사정', 0.999964006781098), ([[50, 558], [114, 558], [114, 582], [50, 582]], '하라고', 0.9999841013228722), ([[50, 602], [100, 602], [100, 634], [50, 634]], '그래 .', 0.9854359030723572), ([[150, 598], [250, 598], [250, 700], [150, 700]], '떼및', 0.05401605654587329)]
[([[393, 63], [429, 63], [429, 171], [393, 171]], '봄', 0.08667503133526466), ([[382, 210], [436, 210], [436, 548], [382, 548]], '{', 0.0019127069951727638)]
[([[103, 253], [149, 253], [149, 273], [103, 273]], '그렇거', 0.9075790422892193), ([[105, 273], [149, 273], [149, 291], [105, 291]], '심하게', 0.5098046577549106), ([[103, 289], [147, 289], [147, 307], [103, 307]], '하다니', 0.999906191412006), ([[267, 423], [313, 423], [313, 441], [267, 441]], '이렇거', 0.981510100593074), ([[265, 439], [313, 439], [313, 459], [265, 459]], '기분이', 0.9961752462597726), ([[265, 457], [311, 457], [311, 477], [265, 477]], '중은거', 0.47848294512205003), ([[141, 569], [171, 569], [171, 589], [141, 589]], '처음', 0.9447146139115815), ([[141, 587], [173, 587], [173, 605], [141, 605]], '이야', 0.9968631885853612)]
[([[231, 33], [263, 33], [263, 49], [231, 49]], '너무', 0.9999377075261806), ([[231, 51], [275, 51], [275, 67], [231, 67]], '뜨거워', 0.8158982928041987), ([[241, 69], [289, 69], [289, 85], [241, 85]], '아앗-!', 0.8126955628395081), ([[275, 425], [335, 425], [335, 445], [275, 445]], '정액으로', 0.9984480142593384), ([[277, 445], [323, 445], [323, 461], [277, 461]], '안에가', 0.9946402141472169), ([[275, 461], [337, 461], [337, 481], [275, 481]], '가득관어', 0.18598489463329315)]
[([[470, 128], [500, 128], [500, 158], [470, 158]], '0', 0.1134722509347661), ([[431, 485], [461, 485], [461, 501], [431, 501]], '피는', 0.8542216305313645), ([[431, 499], [463, 499], [463, 519], [431, 519]], '말야', 0.8459822463291509), ([[387, 509], [417, 509], [417, 525], [387, 525]], '죽이', 0.9997268150585515), ([[429, 517], [475, 517], [475, 537], [429, 537]], '감각을', 0.6382647259893747), ([[383, 523], [421, 523], [421, 565], [383, 565]], '진들', 0.2523621516647376), ([[429, 533], [475, 533], [475, 553], [429, 553]], '무디게', 0.7395284932969198), ([[431, 553], [467, 553], [467, 571], [431, 571]], '하지.', 0.9832218357167939), ([[49, 565], [79, 565], [79, 583], [49, 583]], '받은', 0.8856315060216409), ([[385, 561], [417, 561], [417, 577], [385, 577]], '꺼야', 0.9996544976201204), ([[49, 583], [79, 583], [79, 601], [49, 601]], '준비', 0.9998439759320769), ([[150, 572], [176, 572], [176, 598], [150, 598]], "'0)", 0.39796713344018725), ([[49, 601], [79, 601], [79, 617], [49, 617]], '하고', 0.9997939924200963), ([[277, 601], [305, 601], [305, 619], [277, 619]], '너의', 0.9999597078505775), ([[279, 619], [307, 619], [307, 637], [279, 637]], '무슨', 0.3355244297366143), ([[275, 633], [323, 633], [323, 671], [275, 671]], '모습올', 0.2576966258683048), ([[275, 671], [309, 671], [309, 689], [275, 689]], '싶어', 0.9999515314682518), ([[366.14095457565395, 6.0284140923744385], [465.17735753904907, 18.89402039985447], [442.85904542434605, 182.97158590762555], [342.82264246095093, 170.10597960014553]], '개', 0.12096831342773928)]
[([[165, 239], [223, 239], [223, 257], [165, 257]], '이정도로', 0.7727659940719604), ([[164, 254], [209, 254], [209, 274], [164, 274]], '죽지논', 0.7600009345675918), ([[163, 271], [209, 271], [209, 289], [163, 289]], '안켓지', 0.9809917152899027), ([[165, 289], [223, 289], [223, 307], [165, 307]], '이점도의', 0.9878242015838623), ([[165, 307], [223, 307], [223, 323], [165, 323]], '결계로 .', 0.4872103935394859), ([[21, 517], [49, 517], [49, 535], [21, 535]], '피클', 0.14456439029018175), ([[401, 511], [435, 511], [435, 531], [401, 531]], '조차', 0.9242961259551046), ([[19, 531], [51, 531], [51, 551], [19, 551]], '받은', 0.9715222619323505), ([[403, 531], [451, 531], [451, 551], [403, 551]], '없으면', 0.7080153769153864), ([[19, 549], [63, 549], [63, 567], [19, 567]], '넷가로', 0.22546689941733694), ([[276, 642], [308, 642], [308, 678], [276, 678]], '때', 0.4937343763470068)]
[([[33, 33], [71, 33], [71, 53], [33, 53]], '크아', 0.7223823730800247), ([[367, 9], [407, 9], [407, 57], [367, 57]], '소', 0.10516282979157054), ([[32, 52], [70, 52], [70, 76], [32, 76]], '제발', 0.9998665656852048), ([[387, 51], [407, 51], [407, 75], [387, 75]], '때', 0.6124029379864169), ([[417, 53], [437, 53], [437, 75], [417, 75]], '약', 0.8115219129611582), ([[35, 75], [65, 75], [65, 95], [35, 95]], '그민', 0.8372899724073547), ([[67, 365], [109, 365], [109, 385], [67, 385]], '워야 .', 0.7080111503601074), ([[65, 385], [101, 385], [101, 405], [65, 405]], '이런', 0.9995225938845509), ([[64, 404], [118, 404], [118, 428], [64, 428]], '느낌은', 0.9945356753960303), ([[281.2103500411843, 383.2731201317898], [364.7109945327486, 373.2842860023391], [367.7896499588157, 426.7268798682102], [284.2890054672514, 436.7157139976609]], '화)', 0.04270264748283985)]
[([[297, 221], [315, 221], [315, 243], [297, 243]], '크', 0.9992484074960117), ([[297, 241], [317, 241], [317, 263], [297, 263]], '맛', 0.8839180411372674), ([[46, 400], [94, 400], [94, 582], [46, 582]], '"', 0.0957992212223937), ([[189, 577], [255, 577], [255, 663], [189, 663]], '및', 0.36036339866030076)]
[([[276, 52], [300, 52], [300, 76], [276, 76]], '하', 0.9998753109702108), ([[276, 78], [300, 78], [300, 104], [276, 104]], '앗', 0.3594694329588357), ([[218, 242], [282, 242], [282, 268], [218, 268]], '굉장해', 0.5325153470039368), ([[54, 231], [80, 231], [80, 306], [54, 306]], '푹', 0.9411051996518296), ([[218, 268], [262, 268], [262, 294], [218, 294]], '몸이', 0.8774854520584967), ([[74, 578], [120, 578], [120, 604], [74, 604]], '그래', 0.9999973868963923), ([[74, 604], [116, 604], [116, 632], [74, 632]], '돌려', 0.994322325736148), ([[455, 563], [495, 563], [495, 655], [455, 655]], '흙', 0.11938080937824314), ([[72, 628], [114, 628], [114, 654], [72, 654]], '쥐~', 0.9541523108148485)]
[([[59, 35], [75, 35], [75, 85], [59, 85]], '올', 0.10743586551871331), ([[65, 381], [115, 381], [115, 419], [65, 419]], '1"', 0.77213260096692), ([[81, 487], [133, 487], [133, 505], [81, 505]], '사요크?', 0.5541581511497498), ([[79, 501], [133, 501], [133, 521], [79, 521]], '돼그래?', 0.8691251873970032), ([[81, 521], [125, 521], [125, 537], [81, 537]], '어떻게', 0.8510335178546953), ([[79, 535], [125, 535], [125, 555], [79, 555]], '던거야', 0.2622552897731263), ([[59, 657], [109, 657], [109, 677], [59, 677]], ':0비', 0.006737561356969825), ([[137, 659], [185, 659], [185, 677], [137, 677]], "':", 0.01379049635937223)]
[]
[([[411, 217], [449, 217], [449, 335], [411, 335]], '통', 0.020896028107672215), ([[400, 378], [450, 378], [450, 548], [400, 548]], '둘', 0.46482085360190695), ([[402, 606], [450, 606], [450, 660], [402, 660]], '밤', 0.9993668605020503)]
[([[48, 68], [104, 68], [104, 92], [48, 92]], '(더이상', 0.7876829504966736), ([[283, 65], [317, 65], [317, 85], [283, 85]], '사흘', 0.6117814582496712), ([[48, 88], [132, 88], [132, 112], [48, 112]], '[이런이상한', 0.8854403389234813), ([[283, 85], [349, 85], [349, 105], [283, 105]], '슈퍼갖다', 0.3249962031841278), ([[48, 108], [110, 108], [110, 132], [48, 132]], '사건에.', 0.9936531186103821), ([[283, 105], [337, 105], [337, 125], [283, 125]], '오는데', 0.8987065131858785), ([[65, 129], [117, 129], [117, 149], [65, 149]], '싸이면', 0.9995763909750733), ([[282, 122], [338, 122], [338, 146], [282, 146]], '갑자기', 0.9976023668276432), ([[53, 151], [85, 151], [85, 169], [53, 169]], '안돼', 0.49411430555142566), ([[299, 145], [347, 145], [347, 165], [299, 165]], '렇게.', 0.1419549608712218), ([[435, 229], [485, 229], [485, 249], [435, 249]], '무섭지', 0.9621155673459726), ([[239, 247], [285, 247], [285, 263], [239, 263]], '하지만', 0.9996845793282411), ([[432, 248], [496, 248], [496, 272], [432, 272]], '않앗어?', 0.2586957812309265), ([[239, 263], [299, 263], [299, 281], [239, 281]], '사요코가', 0.9980447888374329), ([[435, 269], [469, 269], [469, 289], [435, 289]], '도와', 0.7839640378952026), ([[433, 289], [469, 289], [469, 309], [433, 309]], '주고', 0.9951367245352766), ([[47, 299], [93, 299], [93, 319], [47, 319]], '여기논', 0.7776263389487216), ([[47, 317], [107, 317], [107, 335], [47, 335]], '있어도돼', 0.23715512454509735), ([[47, 333], [93, 333], [93, 353], [47, 353]], '난혼자', 0.9176419245332277), ([[49, 353], [79, 353], [79, 371], [49, 371]], '있어', 0.8069581909014665)]
[([[215, 39], [247, 39], [247, 59], [215, 59]], '그럼', 0.9987855439336658), ([[219, 59], [247, 59], [247, 75], [219, 75]], '신세', 0.9993379279122624), ([[395, 49], [439, 49], [439, 69], [395, 69]], '아무도', 0.9997349576463065), ([[217, 73], [247, 73], [247, 93], [217, 93]], '질께', 0.3490046068268782), ([[395, 67], [453, 67], [453, 85], [395, 85]], '모르다고', 0.6403294801712036), ([[397, 87], [443, 87], [443, 103], [397, 103]], '햇지 ?', 0.6476865410804749), ([[179, 163], [221, 163], [221, 179], [179, 179]], '사요코', 0.7822077046803688), ([[177, 177], [209, 177], [209, 197], [177, 197]], '지금', 0.9958436520174643), ([[177, 193], [221, 193], [221, 213], [177, 213]], '뭐하는', 0.7874984629510635), ([[179, 215], [211, 215], [211, 231], [179, 231]], '거야', 0.3554322542436258), ([[19, 535], [49, 535], [49, 555], [19, 555]], '부드', 0.999932650000384), ([[21, 555], [47, 555], [47, 571], [21, 571]], '러위', 0.8976440255350452), ([[231, 597], [259, 597], [259, 613], [231, 613]], '전부', 0.6065614471812639), ([[231, 615], [261, 615], [261, 629], [231, 629]], '빨아', 0.45210598049108347), ([[231, 631], [261, 631], [261, 647], [231, 647]], '내어', 0.9999478226002506), ([[229, 645], [261, 645], [261, 663], [229, 663]], '주지', 0.7115705240097402), ([[165.38813723766398, 61.063058740787184], [188.6900763617869, 58.08044616167077], [197.61186276233602, 114.93694125921282], [174.3099236382131, 118.91955383832924]], '늄', 0.0025195639368059825)]
[([[159, 93], [195, 93], [195, 113], [159, 113]], '안돼', 0.30198175696971374), ([[158, 110], [194, 110], [194, 134], [158, 134]], '그건', 0.9991487398206722), ([[158, 130], [194, 130], [194, 154], [158, 154]], '죽은', 0.9921837404946946), ([[159, 153], [211, 153], [211, 173], [159, 173]], '엄마의', 0.9995175487317174), ([[159, 173], [195, 173], [195, 193], [159, 193]], '사진', 0.9998774391644443), ([[159, 193], [201, 193], [201, 213], [159, 213]], '이야.', 0.9316688096816617), ([[51, 443], [67, 443], [67, 465], [51, 465]], '맛', 0.8194343127821782), ([[449, 459], [467, 459], [467, 481], [449, 481]], '중', 0.9997579005877277), ([[233, 547], [253, 547], [253, 627], [233, 627]], '흙', 0.43510434611321)]
[([[31, 51], [83, 51], [83, 71], [31, 71]], '여전히', 0.9994623544410698), ([[30, 70], [68, 70], [68, 94], [30, 94]], '조형', 0.9986405291889341), ([[31, 91], [83, 91], [83, 111], [31, 111]], '머리논', 0.7389886918123438), ([[30, 110], [80, 110], [80, 134], [30, 134]], '멋저~', 0.9965560436248779), ([[190, 252], [242, 252], [242, 276], [190, 276]], '완성은', 0.994844894280306), ([[191, 277], [225, 277], [225, 293], [191, 293]], '아직', 0.965890774139946), ([[189, 295], [241, 295], [241, 315], [189, 315]], '멀없어', 0.41438611243020623), ([[5, 503], [57, 503], [57, 523], [5, 523]], '이렇게', 0.8307554721832275), ([[5, 523], [59, 523], [59, 543], [5, 543]], '칭찬도', 0.9965511941470873), ([[7, 545], [65, 545], [65, 563], [7, 563]], '해주고', 0.999983619545306), ([[7, 563], [73, 563], [73, 583], [7, 583]], '영광인겉', 0.37935778498649597), ([[200.27164295927076, 75.06687198006216], [305.9668100266488, 98.48578388543442], [295.72835704072924, 136.93312801993784], [190.03318997335126, 113.51421611456558]], '(봇 ; 숲', 0.20898319215983804)]
[([[163, 31], [181, 31], [181, 71], [163, 71]], '단', 0.12002681849401231), ([[402, 92], [458, 92], [458, 116], [402, 116]], '당신만', 0.9999659314476219), ([[402, 112], [456, 112], [456, 136], [402, 136]], '있으면', 0.9869139639278839), ([[235, 257], [271, 257], [271, 275], [235, 275]], '너의', 0.9996807252632689), ([[433, 265], [485, 265], [485, 285], [433, 285]], '때문에', 0.9901093996507706), ([[235, 277], [287, 277], [287, 297], [235, 297]], '남편과', 0.9999615954612017), ([[433, 285], [469, 285], [469, 305], [433, 305]], '살아', 0.9999067724439678), ([[235, 297], [289, 297], [289, 317], [235, 317]], '아이가', 0.9996337884174648), ([[431, 305], [469, 305], [469, 325], [431, 325]], '가조', 0.9679031552935182), ([[237, 317], [287, 317], [287, 337], [237, 337]], '들으면', 0.9933009915949617), ([[43, 595], [93, 595], [93, 615], [43, 615]], '슬퍼서', 0.9730280637307261), ([[43, 615], [77, 615], [77, 635], [43, 635]], '자살', 0.9998785349433429), ([[42, 634], [96, 634], [96, 658], [42, 658]], '[한지도', 0.284706711769104), ([[42, 654], [80, 654], [80, 678], [42, 678]], '[올라', 0.2724219780784743)]
[([[449, 323], [483, 323], [483, 343], [449, 343]], '정말', 0.9962728002638732), ([[451, 343], [479, 343], [479, 361], [451, 361]], '크다', 0.9036881990331085), ([[47, 389], [81, 389], [81, 405], [47, 405]], '이제', 0.9990971653341317), ([[45, 407], [81, 407], [81, 427], [45, 427]], '나와', 0.9990497208660133)]
[([[390, 58], [444, 58], [444, 82], [390, 82]], '어떻께', 0.32226996549749354), ([[407, 79], [443, 79], [443, 99], [407, 99]], '거야', 0.9967617938318089), ([[45, 485], [65, 485], [65, 545], [45, 545]], '출', 0.00888961418084172)]
[([[435, 45], [455, 45], [455, 85], [435, 85]], '요', 0.7804734262600164), ([[144, 118], [192, 118], [192, 176], [144, 176]], '[슴', 0.0109612486377717), ([[292, 300], [316, 300], [316, 340], [292, 340]], '아', 0.050864210407092436), ([[295, 339], [313, 339], [313, 361], [295, 361]], '약', 0.8308749119145808), ([[27, 399], [47, 399], [47, 441], [27, 441]], '켓', 0.04186859584504021), ([[89, 507], [129, 507], [129, 547], [89, 547]], '3600 ', 0.07506806749871198), ([[285, 589], [311, 589], [311, 609], [285, 609]], '00', 0.17297166250255228), ([[415, 585], [433, 585], [433, 607], [415, 607]], '크', 0.9994806725681862), ([[235, 609], [269, 609], [269, 629], [235, 629]], '너무', 0.9988670279054235), ([[234, 628], [272, 628], [272, 652], [234, 652]], '좋아', 0.9949058102678584)]
[([[160, 104], [184, 104], [184, 206], [160, 206]], '"', 0.016390754266520924), ([[64, 254], [102, 254], [102, 278], [64, 278]], '그건', 0.9990257882053237), ([[65, 277], [101, 277], [101, 297], [65, 297]], '말환', 0.4056898836276742), ([[65, 297], [117, 297], [117, 317], [65, 317]], '필요도', 0.9994860975709136), ([[65, 317], [121, 317], [121, 337], [65, 337]], '없어~!', 0.6206619143486023), ([[288, 382], [324, 382], [324, 406], [288, 406]], '이건', 0.997970979800339), ([[289, 405], [341, 405], [341, 425], [289, 425]], '남편과', 0.9999772187891642), ([[433, 407], [451, 407], [451, 429], [433, 429]], '크', 0.9991919243294092), ([[228, 418], [266, 418], [266, 442], [228, 442]], '정말', 0.9998529106673101), ([[287, 425], [341, 425], [341, 445], [287, 445]], '비교가', 0.997137476875703), ([[228, 436], [266, 436], [266, 460], [228, 460]], '대단', 0.999778904792157), ([[289, 445], [325, 445], [325, 465], [289, 465]], '안돼', 0.4385297045588284), ([[229, 459], [265, 459], [265, 479], [229, 479]], '해요', 0.9999290254448385), ([[307, 469], [339, 469], [339, 485], [307, 485]], '~!', 0.857906461866971)]
[([[414, 246], [454, 246], [454, 270], [414, 270]], '좋아', 0.9984409228154368), ([[414, 266], [468, 266], [468, 290], [414, 290]], '안에다', 0.9543774678150515), ([[414, 286], [454, 286], [454, 310], [414, 310]], '사정', 0.9997074291147146), ([[414, 306], [468, 306], [468, 330], [414, 330]], '해출께', 0.4121613316489151), ([[49, 387], [69, 387], [69, 447], [49, 447]], '콩', 0.011033669020488246), ([[49, 449], [71, 449], [71, 469], [49, 469]], '~!', 0.45536454546777116), ([[419, 607], [455, 607], [455, 627], [419, 627]], '제발', 0.9999099755184897), ([[418, 626], [454, 626], [454, 650], [418, 650]], '빨리', 0.9999729418304774), ([[431, 651], [457, 651], [457, 667], [431, 667]], '~!', 0.586420573472241)]
