619060
51
[([[3, 5], [105, 5], [105, 19], [3, 19]], "27] 커쥐*: 매거 '나+디", 0.00014628629827029432), ([[37, 477], [376, 477], [376, 532], [37, 532]], '지@굽검[`@', 6.93912175996848e-05), ([[256, 536], [370, 536], [370, 568], [256, 568]], '-표라,..2', 0.000580445813207558), ([[771, 1129], [853, 1129], [853, 1167], [771, 1167]], '싣우6', 0.0019702571115720333), ([[709, 1175], [827, 1175], [827, 1191], [709, 1191]], '[,5 벼거 루트 (|하까', 0.0002808954395992562)]
[([[34, 508], [568, 508], [568, 585], [34, 585]], '알 @`박- 알->@', 0.00019523347128942733), ([[347, 591], [519, 591], [519, 635], [347, 635]], '-@@지_요', 0.01019207027588661), ([[685, 1127], [853, 1127], [853, 1167], [685, 1167]], '~)굽<둘6', 2.1848090110924136e-05), ([[707, 1167], [823, 1167], [823, 1198], [707, 1198]], '쉽/도 6 루드미 [ 3', 0.00626300028397117)]
[([[324, 896], [672, 896], [672, 946], [324, 946]], '` . 도어어담 훔익4.', 6.653673698184641e-05), ([[454, 963], [631, 963], [631, 1006], [454, 1006]], '못로"수오{}', 0.002261505119235726), ([[685, 1129], [853, 1129], [853, 1167], [685, 1167]], '밥)두<리6', 1.7419260603977983e-05), ([[709, 1173], [829, 1173], [829, 1191], [709, 1191]], '[하디5 버 두 4 ) [빼하7', 0.0007225342368891983)]
[([[578, 102], [688, 102], [688, 130], [578, 130]], '도풍~,. 2', 0.002044944840120097), ([[599, 139], [667, 139], [667, 177], [599, 177]], '#물', 0.23153471237131873), ([[171, 637], [239, 637], [239, 677], [171, 677]], '그건:', 0.9501046677929218), ([[315, 637], [365, 637], [365, 677], [315, 677]], '꿈?', 0.9986409504895443), ([[57, 937], [117, 937], [117, 1001], [57, 1001]], '허락', 0.1948932496364579), ([[414, 924], [442, 924], [442, 1028], [414, 1028]], '안', 0.6318073554044901), ([[57, 995], [117, 995], [117, 1139], [57, 1139]], '"#', 0.009690583553804914), ([[793, 1129], [853, 1129], [853, 1167], [793, 1167]], '46', 0.07845609570310061), ([[802, 1180], [824, 1180], [824, 1188], [802, 1188]], '서리이', 0.005540191057435259)]
[([[290, 114], [354, 114], [354, 140], [290, 140]], '그러고', 0.9998752203835962), ([[301, 141], [343, 141], [343, 161], [301, 161]], '보니', 0.9889770065381616), ([[290, 162], [356, 162], [356, 188], [290, 188]], '그 때.', 0.43441683599975367), ([[90, 488], [156, 488], [156, 514], [90, 514]], '누군가', 0.9944346455939289), ([[80, 512], [166, 512], [166, 540], [80, 540]], '문 밖에.', 0.5853402120666623), ([[791, 1129], [853, 1129], [853, 1167], [791, 1167]], '6', 0.21699833694674453), ([[709, 1177], [775, 1177], [775, 1191], [709, 1191]], '[,하7- 벼둠 투', 0.003549754617013016), ([[797, 1179], [829, 1179], [829, 1191], [797, 1191]], "'라", 0.03682952681050964), ([[584.575735931288, 144.0301515190165], [606.3631631259332, 138.0220623673484], [628.424264068712, 219.9698484809835], [605.6368368740668, 225.9779376326516]], '톱', 0.0421914453590313)]
[([[685, 1129], [853, 1129], [853, 1169], [685, 1169]], '밥아값6', 0.0009546005167067051), ([[719, 1161], [773, 1161], [773, 1177], [719, 1177]], '커두니티', 0.24673917889595032), ([[802, 1180], [824, 1180], [824, 1188], [802, 1188]], '글비반', 0.017256425110679242)]
[([[763, 105], [801, 105], [801, 185], [763, 185]], '빨', 0.38363224552057673), ([[549, 861], [591, 861], [591, 941], [549, 941]], '빨', 0.22343058265136406), ([[498, 857], [596, 857], [596, 1112], [498, 1112]], '#', 0.020767020435209282), ([[771, 1129], [853, 1129], [853, 1167], [771, 1167]], '다리흔', 0.0016633899377998538), ([[783, 1175], [811, 1175], [811, 1191], [783, 1191]], '0 +콤', 0.05807940619879997)]
[([[68, 164], [148, 164], [148, 190], [68, 190]], '이시간에', 0.9920673370361328), ([[78, 188], [140, 188], [140, 212], [78, 212]], '여기서', 0.9998622814142352), ([[350, 178], [422, 178], [422, 206], [350, 206]], '미야마?', 0.8283775448799133), ([[78, 212], [142, 212], [142, 240], [78, 240]], '뭐하는', 0.8935611534523703), ([[82, 236], [138, 236], [138, 262], [82, 262]], '렌지', 0.8376669779283671), ([[793, 1127], [853, 1127], [853, 1167], [793, 1167]], '_6', 0.0500309185134752), ([[709, 1177], [829, 1177], [829, 1191], [709, 1191]], '퍽.리7- 벼둠 루르0 (태하드까', 0.0001330860449335058)]
[([[791, 1129], [853, 1129], [853, 1167], [791, 1167]], '46', 0.14221004798992404), ([[709, 1177], [759, 1177], [759, 1191], [709, 1191]], '`리더 [)', 0.0030525808768056733), ([[758, 1168], [794, 1168], [794, 1192], [758, 1192]], '튀0', 0.18292895841224457), ([[797, 1177], [829, 1177], [829, 1191], [797, 1191]], '(콤라7', 0.002264523645862937)]
[([[99, 755], [119, 755], [119, 783], [99, 783]], '대', 0.8237671629861474), ([[791, 1129], [853, 1129], [853, 1167], [791, 1167]], '46', 0.12966526532147438), ([[709, 1177], [829, 1177], [829, 1193], [709, 1193]], '[하7 +둠 루트이 (태하까', 0.0006446293855937673)]
[([[86, 118], [164, 118], [164, 190], [86, 190]], '행점질', 0.5783094660307326), ([[684, 134], [734, 134], [734, 206], [684, 206]], '별률', 0.496293761939543), ([[732, 156], [756, 156], [756, 184], [732, 184]], '논', 0.6931827572254043), ([[734, 136], [780, 136], [780, 162], [734, 162]], '나1', 0.614802694406122), ([[756, 164], [780, 164], [780, 188], [756, 188]], '때', 0.9996484290935741), ([[87, 167], [165, 167], [165, 231], [87, 231]], '엄웅복', 0.0027150478591689967), ([[684, 182], [710, 182], [710, 230], [684, 230]], '류', 0.0316910356764879), ([[115, 211], [135, 211], [135, 237], [115, 237]], '할', 0.9916402312319548), ([[115, 239], [135, 239], [135, 265], [115, 265]], '수', 0.9999867678126328), ([[139, 211], [159, 211], [159, 279], [139, 279]], '협', 0.05492387366929563), ([[706, 202], [758, 202], [758, 274], [706, 274]], '육즉', 0.0292231199414776), ([[114, 266], [138, 266], [138, 314], [114, 314]], '옆', 0.1593242547315299), ([[480, 472], [536, 472], [536, 502], [480, 502]], '뭐그', 0.6306306981784889), ([[76, 462], [172, 462], [172, 634], [76, 634]], '떼', 0.02486661186296235), ([[446, 466], [544, 466], [544, 580], [446, 580]], '출겹출', 0.013370513943218571), ([[307, 879], [409, 879], [409, 921], [307, 921]], '쓰로요로', 0.022885870188474655), ([[593, 1003], [613, 1003], [613, 1079], [593, 1079]], '한', 0.24150996178485062), ([[791, 1129], [853, 1129], [853, 1167], [791, 1167]], '나6', 0.08933239118589197), ([[758, 1168], [794, 1168], [794, 1192], [758, 1192]], '두12', 0.32666391680021395), ([[797, 1177], [827, 1177], [827, 1191], [797, 1191]], '(태라7', 0.0011837314814329147), ([[304.9733597974952, 176.0376932459353], [626.7264719775371, 223.24609966594866], [602.0266402025047, 339.9623067540647], [280.27352802246287, 292.7539003340513]], '흔#트숲', 0.0008441791287623346), ([[709.5342535671674, 1173.1150817776181], [743.9805806756909, 1179.8038838648617], [741.4657464328326, 1193.8849182223819], [707.0194193243091, 1187.1961161351383]], '1', 0.007253134580009979)]
[([[432, 152], [472, 152], [472, 178], [432, 178]], '48', 0.6758062078654633), ([[482, 142], [532, 142], [532, 172], [482, 172]], '4>', 0.8999112721284991), ([[747, 1127], [853, 1127], [853, 1167], [747, 1167]], '드6', 0.024646314714058933), ([[775, 1163], [799, 1163], [799, 1175], [775, 1175]], '루트', 0.009840459445164575), ([[65, 1167], [89, 1167], [89, 1185], [65, 1185]], '13', 0.9542930029408336), ([[709, 1177], [829, 1177], [829, 1193], [709, 1193]], '7 매사 무속 [타라드', 0.0006127476841532517)]
[([[482, 846], [540, 846], [540, 872], [482, 872]], '이건!?', 0.5918476581573486), ([[791, 1129], [853, 1129], [853, 1167], [791, 1167]], '나6', 0.11147142772659831), ([[709, 1177], [761, 1177], [761, 1191], [709, 1191]], '7리더 벼)', 0.002939947667119073), ([[759, 1171], [793, 1171], [793, 1191], [759, 1191]], '튀4', 0.16733019407269623), ([[797, 1177], [829, 1177], [829, 1191], [797, 1191]], '(태라뭇', 0.0007138267974369228)]
[([[640, 156], [768, 156], [768, 188], [640, 188]], '전에 달의실', 0.4545879281059615), ([[648, 186], [758, 186], [758, 218], [648, 218]], '속옷 도둑', 0.9998986255077498), ([[638, 214], [762, 214], [762, 246], [638, 246]], '저녀석들이', 0.9989674432640928), ([[645, 241], [767, 241], [767, 277], [645, 277]], '범인 아냐?', 0.9860601483428003), ([[675, 843], [769, 843], [769, 881], [675, 881]], '히무로', 0.6473927959136877), ([[665, 879], [783, 879], [783, 919], [665, 919]], '아저씨!?', 0.8039335840340268), ([[687, 1129], [853, 1129], [853, 1167], [687, 1167]], '6', 0.49953091424047), ([[65, 1163], [89, 1163], [89, 1183], [65, 1183]], '15', 0.9999927507497521), ([[757, 1161], [801, 1161], [801, 1177], [757, 1177]], '= 루드', 0.36828841825746705), ([[743, 1175], [829, 1175], [829, 1193], [743, 1193]], '매루속 {트3커', 0.0031634352983586187), ([[709.5342535671674, 1173.1150817776181], [743.9805806756909, 1179.8038838648617], [741.4657464328326, 1193.8849182223819], [707.0194193243091, 1187.1961161351383]], '이,$', 0.001535022922111062)]
[([[94, 134], [176, 134], [176, 158], [94, 158]], '그녀석이', 0.9998025894165039), ([[94, 158], [194, 158], [194, 188], [94, 188]], '옷도둑질올', 0.36214661300693984), ([[474, 158], [536, 158], [536, 184], [474, 184]], '다나카', 0.9966719280121535), ([[690, 168], [792, 168], [792, 196], [690, 196]], '미안하구나', 0.9985919659427516), ([[102, 182], [164, 182], [164, 208], [102, 208]], '하기래', 0.9916500935591444), ([[474, 182], [538, 182], [538, 212], [474, 212]], '녀석이', 0.9476109147071838), ([[710, 194], [774, 194], [774, 220], [710, 220]], '미야마', 0.7802885498309183), ([[102, 206], [164, 206], [164, 232], [102, 232]], '주의블', 0.40455384370900443), ([[102, 230], [164, 230], [164, 258], [102, 258]], '략더니', 0.1741406362139594), ([[92, 254], [174, 254], [174, 280], [92, 280]], '허동대며', 0.27810436487197876), ([[104, 278], [168, 278], [168, 306], [104, 306]], '덮치논', 0.406969860349456), ([[96, 302], [172, 302], [172, 330], [96, 330]], '바람에 ', 0.9793935418128967), ([[92, 460], [156, 460], [156, 490], [92, 490]], '경찰에', 0.9913792991872534), ([[479, 471], [501, 471], [501, 489], [479, 489]], '그', 0.9998529011466104), ([[568, 460], [622, 460], [622, 486], [568, 486]], '아뇨 ', 0.8001731205526392), ([[82, 484], [164, 484], [164, 512], [82, 512]], '신고하는', 0.703070878982544), ([[468, 492], [510, 492], [510, 516], [468, 516]], '바보', 0.9999897161844511), ([[574, 484], [618, 484], [618, 510], [574, 510]], '대체', 0.9999899690647899), ([[86, 510], [162, 510], [162, 536], [86, 536]], '수 밖에!', 0.9489130631080479), ([[454, 514], [526, 514], [526, 544], [454, 544]], '천치가!', 0.7053224444389343), ([[576, 508], [618, 508], [618, 538], [576, 538]], '무슨', 0.9998283823464189), ([[568, 532], [620, 532], [620, 560], [568, 560]], '일이?', 0.9984568850714332), ([[664, 550], [782, 550], [782, 576], [664, 576]], '-매 7:45 -', 0.8276312535299777), ([[601, 591], [631, 591], [631, 607], [601, 607]], '저기_', 0.981942905931455), ([[664, 696], [792, 696], [792, 726], [664, 726]], '많이 늦없으니', 0.4513179184980655), ([[328, 716], [410, 716], [410, 742], [328, 742]], '아저씨는', 0.4823245704174042), ([[686, 722], [768, 722], [768, 748], [686, 748]], '미야마는', 0.9293471574783325), ([[328, 738], [412, 738], [412, 768], [328, 768]], '괜찮으니', 0.9589511156082153), ([[706, 746], [750, 746], [750, 772], [706, 772]], '집에', 0.9865078761465584), ([[668, 768], [790, 768], [790, 798], [668, 798]], '들어가보거라', 0.9989132307203349), ([[374, 940], [454, 940], [454, 1038], [374, 1038]], '훨기교', 0.0012994504731569673), ([[740, 976], [776, 976], [776, 1002], [740, 1002]], '네 ', 0.376552734804754), ([[378, 1014], [402, 1014], [402, 1100], [378, 1100]], '표', 0.018496378952060022), ([[791, 1129], [853, 1129], [853, 1167], [791, 1167]], '나6', 0.05310736761401931), ([[767, 1159], [795, 1159], [795, 1179], [767, 1179]], '16', 0.9380432449872562), ([[709, 1175], [775, 1175], [775, 1191], [709, 1191]], '포리-$ 매루', 0.003758843318350669), ([[797, 1177], [829, 1177], [829, 1191], [797, 1191]], '(라미까', 0.006047525908797979)]
[([[0, 10], [298, 10], [298, 282], [0, 282]], '{"', 0.3136173015418702), ([[682, 578], [768, 578], [768, 602], [682, 602]], '\'["하스;노', 0.002610260550091286), ([[791, 1129], [853, 1129], [853, 1167], [791, 1167]], '46', 0.06692289712506143), ([[800.0715233091147, 1181.6286093236458], [823.8858315352802, 1177.5359930053294], [824.9284766908853, 1186.3713906763542], [801.1141684647198, 1189.4640069946706]], '{', 0.13839722194399773)]
[([[32, 658], [166, 658], [166, 712], [32, 712]], '자필까', 0.9643409918080256), ([[737, 675], [809, 675], [809, 711], [737, 711]], '겨겨', 0.9050002966962993), ([[44, 708], [154, 708], [154, 758], [44, 758]], '보냐]', 0.39511036410466754), ([[711, 707], [837, 707], [837, 749], [711, 749]], '경찰따이', 0.975981593132019), ([[737, 747], [799, 747], [799, 785], [737, 785]], '한데', 0.18881974896810902), ([[623, 997], [671, 997], [671, 1041], [623, 1041]], '코', 0.009533984320487576), ([[33, 1159], [57, 1159], [57, 1179], [33, 1179]], '18', 0.8998140155381018)]
[([[280, 192], [304, 192], [304, 226], [280, 226]], '#', 0.19505543608119424), ([[452, 542], [498, 542], [498, 566], [452, 566]], '= ', 0.8058320450949135), ([[565, 779], [585, 779], [585, 803], [565, 803]], '사', 0.029435273991190947), ([[707, 1129], [853, 1129], [853, 1168], [707, 1168]], '스스6', 0.046795224351978255), ([[709, 1175], [775, 1175], [775, 1191], [709, 1191]], '포리더$ 매루', 0.004505164006197954), ([[770, 1164], [830, 1164], [830, 1192], [770, 1192]], '19 .서3', 0.04242119944156481)]
[([[256, 150], [330, 150], [330, 182], [256, 182]], '나메집', 0.9944479190020598), ([[244, 179], [342, 179], [342, 211], [244, 211]], '방바닥에', 0.9987248182296753), ([[232, 208], [354, 208], [354, 240], [232, 240]], '소변이라니', 0.9912642560404018), ([[256, 236], [330, 236], [330, 268], [256, 268]], '안데지', 0.9930953226255516), ([[492, 144], [520, 144], [520, 334], [492, 334]], '?', 0.020520648874194913), ([[82, 484], [108, 484], [108, 510], [82, 510]], '아', 0.9999753238292932), ([[322, 642], [350, 642], [350, 670], [322, 670]], '시', 0.9999738933359801), ([[456, 676], [556, 676], [556, 706], [456, 706]], '아저씨가', 0.997285008430481), ([[760, 672], [812, 672], [812, 702], [760, 702]], '속옷', 0.6001038264189746), ([[395, 687], [435, 687], [435, 731], [395, 731]], '13', 0.5040028613141555), ([[478, 706], [532, 706], [532, 734], [478, 734]], '가라', 0.9998728874712458), ([[399, 733], [441, 733], [441, 777], [399, 777]], '처', 0.35323517826385853), ([[456, 734], [554, 734], [554, 766], [456, 766]], '이펴주께', 0.792938768863678), ([[222, 674], [288, 674], [288, 869], [222, 869]], '혀', 0.040708508238598506), ([[407, 1169], [431, 1169], [431, 1189], [407, 1189]], '20', 0.9999989041821146), ([[367.32140589354253, 782.0462630228603], [407.66710723412524, 777.28611057937], [414.67859410645747, 864.9537369771397], [375.33289276587476, 868.71388942063]], '"', 0.17965824580162693)]
[([[56, 142], [82, 142], [82, 194], [56, 194]], '앞', 0.306584185099382), ([[793, 1129], [853, 1129], [853, 1169], [793, 1169]], '46', 0.08424785820696601), ([[69, 1165], [93, 1165], [93, 1185], [69, 1185]], '21', 0.9997003490583276), ([[797, 1177], [827, 1177], [827, 1191], [797, 1191]], '{@하7', 0.008001886308193207)]
[([[111, 0], [385, 0], [385, 245], [111, 245]], '강', 0.023935486797129535), ([[404, 678], [466, 678], [466, 704], [404, 704]], '암저니', 0.5943840568299243), ([[68, 690], [142, 690], [142, 716], [68, 716]], '양그러면', 0.9940762519836426), ([[394, 702], [476, 702], [476, 732], [394, 732]], '있으라고', 0.9448226094245911), ([[689, 1129], [853, 1129], [853, 1167], [689, 1167]], '~어디데6', 0.0007263966274171596), ([[61, 1163], [87, 1163], [87, 1183], [61, 1183]], '22', 0.9999998314126102), ([[709, 1175], [743, 1175], [743, 1191], [709, 1191]], '리훨$', 0.002957964050803121), ([[797, 1177], [829, 1177], [829, 1191], [797, 1191]], '[르라자', 0.0009138470632024109)]
[([[452, 198], [518, 198], [518, 228], [452, 228]], '햇햇햇', 0.5613860867805945), ([[88, 448], [118, 448], [118, 482], [88, 482]], '학', 0.28330667271427856), ([[652, 380], [680, 380], [680, 496], [652, 496]], '흙', 0.02985310078709369), ([[652, 494], [680, 494], [680, 556], [652, 556]], '화', 0.09493818071961702), ([[654, 560], [680, 560], [680, 636], [654, 636]], '푹', 0.04453121714576569), ([[654, 634], [680, 634], [680, 662], [654, 662]], '가', 0.9999829531442437), ([[654, 668], [682, 668], [682, 748], [654, 748]], '닭', 0.05165656003683594), ([[86, 759], [135, 759], [135, 788], [86, 788]], '헤헤:', 0.1985567203090088), ([[72, 784], [160, 784], [160, 812], [72, 812]], '오중 맛이', 0.5218560524840044), ([[94, 810], [138, 810], [138, 836], [94, 836]], '나네', 0.9994704237820823), ([[711, 1129], [853, 1129], [853, 1167], [711, 1167]], '기풀-펼', 0.0003534273128025234), ([[69, 1169], [93, 1169], [93, 1189], [69, 1189]], '23', 0.7485742701835174), ([[709, 1175], [829, 1175], [829, 1193], [709, 1193]], '이,7도 +둠 루트0 (빼3,까', 0.00014227277963363267)]
[([[86, 450], [110, 450], [110, 536], [86, 536]], '볶', 0.01600970302939686), ([[358, 476], [410, 476], [410, 504], [358, 504]], '싫어', 0.9938670872460188), ([[440, 526], [522, 526], [522, 550], [440, 550]], '미야마의', 0.7817993760108948), ([[756, 530], [822, 530], [822, 560], [756, 560]], '햇햇햇', 0.26263083462154446), ([[436, 550], [526, 550], [526, 578], [436, 578]], '보지 발견', 0.9989847394246608), ([[92, 798], [120, 798], [120, 828], [92, 828]], '반', 0.0275926934901074), ([[271, 991], [291, 991], [291, 1013], [271, 1013]], '7', 0.499838742047487), ([[276, 1020], [308, 1020], [308, 1062], [276, 1062]], '3약', 0.07289255863203838), ([[173, 1103], [191, 1103], [191, 1127], [173, 1127]], '7,', 0.9731907554283029), ([[686, 1129], [831, 1129], [831, 1169], [686, 1169]], '놈', 0.0019112973130456373), ([[59, 1163], [83, 1163], [83, 1183], [59, 1183]], '24', 0.9886381689360618), ([[775, 1163], [801, 1163], [801, 1177], [775, 1177]], '무', 0.16439321987613553), ([[709, 1175], [829, 1175], [829, 1191], [709, 1191]], '숨,7도 +! 루트미 (|하까', 0.00037045898976985754), ([[147.4597040961579, 603.0292776846527], [221.7863782055889, 666.5541149170617], [189.5402959038421, 704.9707223153473], [116.2136217944111, 640.4458850829383]], '< *', 0.023658743128180504), ([[145.3273272060037, 1075.1165161768104], [161.46324105461207, 1068.0543875706292], [178.6726727939963, 1106.8834838231896], [163.53675894538793, 1113.9456124293708]], '$', 0.6892162326765039)]
[([[142, 138], [178, 138], [178, 164], [142, 164]], '우옷', 0.7206747636183076), ([[466, 140], [492, 140], [492, 164], [466, 164]], '아', 0.9999436148008876), ([[542, 142], [608, 142], [608, 170], [542, 170]], '끈저칸', 0.8207728515048401), ([[720, 136], [752, 136], [752, 162], [720, 162]], '응?', 0.9996469119636234), ([[284, 170], [348, 170], [348, 198], [284, 198]], '그런게', 0.991887966299), ([[450, 164], [508, 164], [508, 190], [450, 190]], '아냐 ', 0.5014141203123624), ([[552, 166], [598, 166], [598, 194], [552, 194]], '것이', 0.9197539312009696), ([[706, 158], [766, 158], [766, 186], [706, 186]], '오줌이', 0.3939404479885588), ([[284, 194], [348, 194], [348, 220], [284, 220]], '아니야', 0.9998070157497693), ([[542, 190], [606, 190], [606, 216], [542, 216]], '나오네', 0.9994542336197996), ([[704, 184], [764, 184], [764, 210], [704, 210]], '아난데', 0.3317657703980583), ([[145, 261], [209, 261], [209, 305], [145, 305]], '벌7', 0.010840239280222761), ([[296, 398], [352, 398], [352, 422], [296, 422]], '느끼고', 0.9994186535155682), ([[296, 420], [354, 420], [354, 444], [296, 444]], '있거나', 0.8033521912728533), ([[566, 412], [610, 412], [610, 436], [566, 436]], '이거', 0.9998949716690293), ([[304, 440], [346, 440], [346, 464], [304, 464]], '하지', 0.9999103969758875), ([[546, 436], [630, 436], [630, 464], [546, 464]], '기분종은', 0.9834604859352112), ([[284, 462], [366, 462], [366, 488], [284, 488]], "'않분다고!", 0.11587066660119112), ([[552, 460], [624, 460], [624, 486], [552, 486]], '줍이지?', 0.6851454377174377), ([[61, 543], [87, 543], [87, 563], [61, 563]], '25', 0.5465163402512784), ([[600, 614], [644, 614], [644, 640], [600, 640]], '하아', 0.999969401525096), ([[148, 668], [192, 668], [192, 694], [148, 694]], '하아', 0.9999178146346028), ([[62, 930], [106, 930], [106, 956], [62, 956]], '하아', 0.999925232309435), ([[686, 1131], [831, 1131], [831, 1169], [686, 1169]], '밥악', 0.01031122208261202), ([[745, 1161], [775, 1161], [775, 1175], [745, 1175]], '나티', 0.5376080982521635), ([[638.5438284472382, 206.03488490704814], [663.334970835545, 194.018759563649], [702.4561715527618, 276.96511509295186], [677.665029164455, 288.981240436351]], '$', 0.04298904844358109), ([[689.5296973673978, 305.0370934146066], [715.3387290641328, 293.01918423563086], [752.4703026326022, 373.9629065853934], [727.6612709358672, 386.98081576436914]], '탑', 0.013417392479232737), ([[547.2155354594472, 305.07767729723633], [612.9857931674295, 330.66317240838623], [599.7844645405528, 362.92232270276367], [534.0142068325705, 337.33682759161377]], '[꺼$', 0.011737736339044784)]
[([[552, 100], [686, 100], [686, 224], [552, 224]], '#', 0.38809234485961497), ([[724, 558], [772, 558], [772, 584], [724, 584]], '헤헤', 0.5142286816695706), ([[70, 606], [136, 606], [136, 636], [70, 636]], '할타바 ', 0.6744915177288283), ([[467, 747], [505, 747], [505, 763], [467, 763]], '우메에', 0.2041721640935994), ([[422, 784], [490, 784], [490, 810], [422, 810]], '뛰야 !?', 0.5437412273943462), ([[420, 810], [490, 810], [490, 836], [420, 836]], '이 냄새', 0.80835702709501), ([[76, 1046], [140, 1046], [140, 1076], [76, 1076]], '토할것', 0.2758930933457176), ([[84, 1072], [128, 1072], [128, 1098], [84, 1098]], '같아', 0.9962948611426841), ([[735, 1129], [853, 1129], [853, 1167], [735, 1167]], "'대나6", 0.018551673740148544), ([[63, 1163], [89, 1163], [89, 1183], [63, 1183]], '26', 0.9999980612455189), ([[709, 1175], [783, 1175], [783, 1191], [709, 1191]], '1리더 매루', 0.0047840529294970215), ([[797, 1177], [827, 1177], [827, 1191], [797, 1191]], '(태라7까', 0.002178289074724464)]
[([[456, 84], [498, 84], [498, 110], [456, 110]], '오옷', 0.3501911964847077), ([[178, 76], [210, 76], [210, 158], [178, 158]], '#', 0.00998579559842), ([[232, 116], [274, 116], [274, 144], [232, 144]], '오웃', 0.7919355297373385), ([[199, 253], [237, 253], [237, 273], [199, 273]], '오오', 0.9995635551378227), ([[318, 258], [342, 258], [342, 284], [318, 284]], '옷', 0.9998320411641579), ([[458, 398], [486, 398], [486, 422], [458, 422]], '싸', 0.9964444112631874), ([[82, 410], [128, 410], [128, 436], [82, 436]], '산다', 0.6382765314284023), ([[452, 422], [498, 422], [498, 448], [452, 448]], '산다', 0.5853681911648915), ([[74, 434], [140, 434], [140, 462], [74, 462]], '산다앗', 0.86316311888672), ([[23, 753], [75, 753], [75, 789], [23, 789]], '싫어', 0.9988989647604921), ([[140, 748], [206, 748], [206, 778], [140, 778]], '싫어 ', 0.7886702867067102), ([[799, 1129], [853, 1129], [853, 1167], [799, 1167]], '46', 0.06503610175218871), ([[709, 1177], [761, 1177], [761, 1191], [709, 1191]], '포리더 매)', 0.0015928794970371328), ([[774, 1164], [828, 1164], [828, 1192], [774, 1192]], '27 .미', 0.03274796333922127)]
[([[339, 137], [367, 137], [367, 157], [339, 157]], '다', 0.9999966621426779), ([[88, 152], [172, 152], [172, 180], [88, 180]], '아래조글', 0.6240223050117493), ([[334, 158], [378, 158], [378, 188], [334, 188]], '담은', 0.9997077662606231), ([[78, 176], [178, 176], [178, 202], [78, 202]], '먹어보도록', 0.9996995281547554), ([[106, 202], [152, 202], [152, 226], [106, 226]], '하까', 0.9931670143041224), ([[356, 444], [380, 444], [380, 472], [356, 472]], '낡', 0.9378679450465519), ([[250, 728], [324, 728], [324, 844], [250, 844]], '7', 0.06504573090774102), ([[715, 1129], [853, 1129], [853, 1167], [715, 1167]], '기김신6', 0.0035214924719184637), ([[709, 1177], [759, 1177], [759, 1191], [709, 1191]], '7리더 벼', 0.0021193729647854473), ([[754, 1168], [830, 1168], [830, 1192], [754, 1192]], '28 0 {서하', 0.010667338026674213)]
[([[98, 174], [122, 174], [122, 198], [98, 198]], '에', 0.9994059491511962), ([[219, 593], [279, 593], [279, 635], [219, 635]], '벼7":', 0.07276224344968796), ([[67, 717], [129, 717], [129, 761], [67, 761]], '57"', 0.15013039553000948), ([[292, 864], [316, 864], [316, 962], [292, 962]], '탑', 0.01097584373750854), ([[376, 920], [490, 920], [490, 948], [376, 948]], '그 꿈에서 .!?', 0.38840852176223506), ([[410, 898], [454, 898], [454, 924], [410, 924]], '이건', 0.47497679681546223), ([[726, 900], [780, 900], [780, 926], [726, 926]], '이거 ', 0.5243226885795593), ([[268, 862], [292, 862], [292, 1022], [268, 1022]], '7', 0.005779888114809673), ([[400, 946], [464, 946], [464, 972], [400, 972]], '설마 !', 0.9525446891784668), ([[791, 1129], [853, 1129], [853, 1167], [791, 1167]], '46', 0.050758426268120896), ([[794, 1166], [822, 1166], [822, 1190], [794, 1190]], '29', 0.9999733632956482)]
[([[144, 274], [184, 274], [184, 393], [144, 393]], '혈', 0.05528218445960764), ([[141, 593], [183, 593], [183, 733], [141, 733]], '알', 0.05566495277136796), ([[348, 744], [380, 744], [380, 778], [348, 778]], '히', 0.9790702354189875), ([[685, 1129], [853, 1129], [853, 1167], [685, 1167]], '밥기값<신6', 0.00012382717885033539), ([[719, 1161], [775, 1161], [775, 1177], [719, 1177]], '국두니티', 0.15749230980873108), ([[773, 1177], [817, 1177], [817, 1191], [773, 1191]], "'", 0.7047995973080248)]
[([[470, 662], [534, 662], [534, 688], [470, 688]], '후카야', 0.998038180214502), ([[724, 656], [786, 656], [786, 682], [724, 682]], '후우카', 0.9974650365393173), ([[718, 820], [762, 820], [762, 850], [718, 850]], '야양', 0.9123972643226599), ([[312, 836], [350, 836], [350, 860], [312, 860]], '싫어', 0.9748143214203475), ([[180, 1016], [264, 1016], [264, 1040], [180, 1040]], '아저씨가', 0.9993305206298828), ([[320, 1014], [382, 1014], [382, 1040], [320, 1040]], '더이상', 0.9997210553988723), ([[192, 1040], [252, 1040], [252, 1066], [192, 1066]], '후카을', 0.2639628649589153), ([[330, 1038], [374, 1038], [374, 1066], [330, 1066]], '걱정', 0.9998518991866758), ([[180, 1062], [262, 1062], [262, 1090], [180, 1090]], '깨끗하게', 0.9978821873664856), ([[320, 1062], [380, 1062], [380, 1086], [320, 1086]], '안해도', 0.9999779070422494), ([[190, 1088], [256, 1088], [256, 1116], [190, 1116]], '해주마', 0.9999507210936407), ([[320, 1086], [382, 1086], [382, 1112], [320, 1112]], '된단다', 0.9048551766003112), ([[791, 1129], [853, 1129], [853, 1167], [791, 1167]], '나6', 0.07496834989783716), ([[709, 1177], [759, 1177], [759, 1191], [709, 1191]], '7리더 매)', 0.003207199113707617), ([[760, 1166], [830, 1166], [830, 1192], [760, 1192]], '31 +@3', 0.03634160016617455)]
[([[691, 137], [753, 137], [753, 223], [691, 223]], '월기', 0.030283076067275365), ([[365, 675], [385, 675], [385, 715], [365, 715]], '차', 0.7927496290290605), ([[365, 715], [385, 715], [385, 741], [365, 741]], '만', 0.999992728246557), ([[134, 716], [158, 716], [158, 804], [134, 804]], '물', 0.016721930855281508), ([[135, 805], [155, 805], [155, 827], [135, 827]], '더', 0.9998563579647204), ([[134, 826], [158, 826], [158, 874], [134, 874]], '양', 0.6395871446978028), ([[134, 872], [158, 872], [158, 916], [134, 916]], '동', 0.7192094232056121), ([[134, 912], [158, 912], [158, 940], [134, 940]], '갈', 0.8930681330166976), ([[137, 945], [157, 945], [157, 969], [137, 969]], '수', 0.9999945163801982), ([[134, 968], [160, 968], [160, 1016], [134, 1016]], '"', 0.12156778030316673), ([[717, 954], [801, 954], [801, 1093], [717, 1093]], '혈', 0.07950173324167142), ([[725, 1049], [745, 1049], [745, 1097], [725, 1097]], '틀', 0.39129412492104976), ([[749, 1091], [769, 1091], [769, 1117], [749, 1117]], '할', 0.9810544201579354), ([[772, 1160], [800, 1160], [800, 1184], [772, 1184]], '32', 0.9982856440487723), ([[709, 1175], [773, 1175], [773, 1191], [709, 1191]], '포리훨 매거 투', 0.002836354840762395), ([[797, 1177], [829, 1177], [829, 1191], [797, 1191]], '{라미까', 0.007130901329219341)]
[([[158, 656], [184, 656], [184, 710], [158, 710]], '물', 0.9609155389080684), ([[125, 653], [191, 653], [191, 823], [125, 823]], '곁', 0.004048315127867463), ([[348, 658], [374, 658], [374, 788], [348, 788]], '', 0.0), ([[130, 762], [156, 762], [156, 820], [130, 820]], '알', 0.14698200359839575), ([[125, 817], [189, 817], [189, 883], [125, 883]], '정춘', 0.00273298565640854), ([[350, 786], [378, 786], [378, 868], [350, 868]], '퍽', 0.681781843310322), ([[158, 852], [186, 852], [186, 886], [158, 886]], '한', 0.9999079725458273), ([[125, 877], [187, 877], [187, 967], [125, 967]], '출쎄', 0.017235584584199277), ([[125, 957], [189, 957], [189, 1027], [125, 1027]], '일빛', 0.06475286571591142), ([[128, 1010], [156, 1010], [156, 1066], [128, 1066]], '엄', 0.06245672707009242), ([[158, 1028], [186, 1028], [186, 1108], [158, 1108]], '옛', 0.17469996866465465), ([[687, 1127], [759, 1127], [759, 1165], [687, 1165]], '스', 0.40798216709299595), ([[793, 1129], [853, 1129], [853, 1167], [793, 1167]], '46', 0.02305744802630967), ([[743, 1175], [829, 1175], [829, 1191], [743, 1191]], '매루속다 +석3드', 0.002571637378618133), ([[709.5342535671674, 1173.1150817776181], [743.9805806756909, 1179.8038838648617], [741.4657464328326, 1193.8849182223819], [707.0194193243091, 1187.1961161351383]], '이,-', 0.0023742964019357747)]
[([[190, 92], [222, 92], [222, 124], [190, 124]], '라', 0.016099832687789473), ([[240, 122], [280, 122], [280, 146], [240, 146]], '응아', 0.8419943691528009), ([[505, 125], [523, 125], [523, 147], [505, 147]], '응', 0.9991322255026525), ([[312, 188], [336, 188], [336, 268], [312, 268]], '총', 0.05314199633939176), ([[503, 229], [519, 229], [519, 251], [503, 251]], '응', 0.9989198980214873), ([[82, 246], [114, 246], [114, 282], [82, 282]], '아', 0.9998558811618672), ([[82, 306], [114, 306], [114, 340], [82, 340]], '아', 0.9998956945916895), ([[491, 327], [507, 327], [507, 349], [491, 349]], '응', 0.9980859387578676), ([[86, 368], [118, 368], [118, 404], [86, 404]], '아', 0.9999107142352024), ([[90, 548], [124, 548], [124, 580], [90, 580]], '아', 0.9999268068355747), ([[99, 705], [135, 705], [135, 741], [99, 741]], '아', 0.9998705429016042), ([[170, 718], [202, 718], [202, 766], [170, 766]], '0', 0.9935324201388909), ([[628, 534], [778, 534], [778, 766], [628, 766]], '뛰7', 0.004588990726463897), ([[198, 758], [248, 758], [248, 828], [198, 828]], '낡', 0.005995981028821484), ([[88, 816], [122, 816], [122, 848], [88, 848]], '아', 0.9999288333203573), ([[272, 1004], [514, 1004], [514, 1036], [272, 1036]], '이 기모한 상황 속에서', 0.5877851220447087), ([[173, 1059], [685, 1059], [685, 1095], [173, 1095]], "나는 태어나서 처음으로 '간다_논것올 경험햇다", 0.4852526878011698), ([[684, 1128], [851, 1128], [851, 1172], [684, 1172]], '밥어김고5', 0.00012220257919044972), ([[719, 1161], [773, 1161], [773, 1177], [719, 1177]], '거두니티', 0.1936197280883789), ([[709.6333427848198, 111.01346187354832], [750.3219113899899, 102.0103734551577], [784.3666572151802, 256.9865381264517], [743.6780886100101, 266.9896265448423]], ' ', 0.08890273657627645), ([[188.63334278481972, 132.01346187354832], [224.29361010975734, 115.00862813412502], [297.3666572151803, 277.9865381264517], [261.70638989024263, 294.99137186587495]], '?', 0.13190913746786137), ([[167.3807811754616, 582.0213270441932], [232.27179707432302, 574.2914445484284], [249.6192188245384, 744.9786729558068], [185.72820292567698, 752.7085554515716]], '8', 0.14904947968494842)]
[([[522, 572], [570, 572], [570, 624], [522, 624]], '그"', 0.10480319687449804), ([[340, 672], [364, 672], [364, 698], [340, 698]], '에', 0.9993954618776115), ([[338, 698], [364, 698], [364, 722], [338, 722]], '!?', 0.99277257705623), ([[630, 1000], [654, 1000], [654, 1050], [630, 1050]], '봄', 0.056304901061765555), ([[630, 1052], [656, 1052], [656, 1120], [630, 1120]], '셋', 0.5233238540396066), ([[683, 1129], [853, 1129], [853, 1169], [683, 1169]], ' -6', 0.05976393863044422), ([[708, 1168], [828, 1168], [828, 1192], [708, 1192]], '자,히7도 터둠 투35 (태하', 0.0004348619207921837)]
[([[284, 134], [326, 134], [326, 162], [284, 162]], '무슨', 0.9999206805525138), ([[90, 162], [122, 162], [122, 186], [90, 186]], '나', 0.9989086984329312), ([[284, 158], [326, 158], [326, 186], [284, 186]], '일이', 0.9981132701549708), ([[698, 150], [760, 150], [760, 176], [698, 176]], '후카야', 0.9935171186289778), ([[84, 186], [128, 186], [128, 214], [84, 214]], '기절', 0.9999899690647899), ([[274, 182], [336, 182], [336, 208], [274, 208]], '일어난', 0.9820166446685249), ([[706, 174], [750, 174], [750, 202], [706, 202]], '정말', 0.9999693172321554), ([[70, 208], [142, 208], [142, 236], [70, 236]], '한거야?', 0.9986963675859737), ([[278, 206], [332, 206], [332, 232], [278, 232]], '거야?', 0.9998991024763835), ([[704, 198], [748, 198], [748, 224], [704, 224]], '기분', 0.9997547141535799), ([[686, 222], [772, 222], [772, 252], [686, 252]], '중앞단다', 0.18966923654079437), ([[505, 541], [519, 541], [519, 563], [505, 563]], '응', 0.9967412123062367), ([[239, 747], [259, 747], [259, 771], [239, 771]], '짓', 0.07179536497050609), ([[316, 774], [360, 774], [360, 798], [316, 798]], '아직', 0.9998614239745245), ([[304, 796], [372, 796], [372, 824], [304, 824]], '더 활수', 0.9806629158703549), ([[670, 796], [700, 796], [700, 834], [670, 834]], '다', 0.2264563539416855), ([[766, 788], [828, 788], [828, 814], [766, 814]], '하지만', 0.9998995154239049), ([[304, 822], [368, 822], [368, 852], [304, 852]], '있단다', 0.8963148996936756), ([[736, 812], [818, 812], [818, 840], [736, 840]], '아저씨는', 0.43142369389533997), ([[247, 953], [287, 953], [287, 995], [247, 995]], ')뻐', 0.04131906749528295), ([[65, 1167], [89, 1167], [89, 1185], [65, 1185]], '36', 0.9996991690503576)]
[([[30, 58], [68, 58], [68, 82], [30, 82]], '지금', 0.9999799381590507), ([[416, 96], [444, 96], [444, 126], [416, 126]], '맛', 0.29307428592382223), ([[186, 126], [270, 126], [270, 152], [186, 152]], '그러니까', 0.9998083114624023), ([[516, 124], [618, 124], [618, 152], [516, 152]], '아저씨같은', 0.8768906754540677), ([[164, 150], [290, 150], [290, 178], [164, 178]], '후카의 뱃속에', 0.7714989818727636), ([[526, 150], [608, 150], [608, 176], [526, 176]], '늙은이는', 0.5207933783531189), ([[692, 142], [774, 142], [774, 170], [692, 170]], '후카같은', 0.7843781113624573), ([[186, 174], [268, 174], [268, 200], [186, 200]], '아저씨틀', 0.4232955574989319), ([[514, 172], [624, 172], [624, 202], [514, 202]], '평생 기회가', 0.99507541906919), ([[710, 166], [752, 166], [752, 192], [710, 192]], '애랑', 0.7439910455114361), ([[166, 198], [290, 198], [290, 228], [166, 228]], '새거넣어주마', 0.3812076731942893), ([[526, 198], [612, 198], [612, 226], [526, 226]], '없흘거라', 0.5989084839820862), ([[676, 188], [790, 188], [790, 220], [676, 220]], '할 수 있다니', 0.8376680451866322), ([[511, 222], [617, 222], [617, 252], [511, 252]], '생각햇단다', 0.5775711223287268), ([[32, 242], [70, 242], [70, 268], [32, 268]], '지금', 0.9999713402633025), ([[721, 315], [789, 315], [789, 383], [721, 383]], '49', 0.1427528856317263), ([[38, 378], [78, 378], [78, 404], [38, 404]], '안돼.', 0.6015945955818749), ([[242, 404], [296, 404], [296, 436], [242, 436]], '아아', 0.999967631373782), ([[324, 430], [354, 430], [354, 462], [324, 462]], '맛', 0.19673590683112607), ([[427, 489], [469, 489], [469, 535], [427, 535]], '"빼', 0.45472151912373765), ([[2, 536], [66, 536], [66, 566], [2, 566]], '안돼앗', 0.820817693532095), ([[432, 560], [460, 560], [460, 590], [432, 590]], '맛', 0.19861059989403884), ([[75, 625], [99, 625], [99, 645], [75, 645]], '37', 0.9999955324369808), ([[761, 719], [813, 719], [813, 755], [761, 755]], '오웃', 0.8517499657046309), ([[76, 816], [116, 816], [116, 842], [76, 842]], '우우', 0.9966444862294079), ([[824, 1132], [850, 1132], [850, 1164], [824, 1164]], '너', 0.05165037602049538)]
[([[237, 79], [325, 79], [325, 171], [237, 171]], '게', 0.007688441702803639), ([[98, 998], [122, 998], [122, 1032], [98, 1032]], ']', 0.11169075204159018), ([[686, 1134], [769, 1134], [769, 1167], [686, 1167]], '<관킬', 0.003021407373972899), ([[791, 1129], [853, 1129], [853, 1167], [791, 1167]], '나6', 0.06642043630429456), ([[620, 1152], [704, 1152], [704, 1178], [620, 1178]], '매 9:10', 0.5528144695607131), ([[709, 1175], [783, 1175], [783, 1191], [709, 1191]], '.리훨 매루', 0.005822968374234702), ([[797, 1177], [829, 1177], [829, 1191], [797, 1191]], '[긋라금', 0.00028478153399191797), ([[240.18789049589284, 185.04132685974986], [329.0, 242.0], [291.8121095041072, 298.95867314025014], [203.0, 242.0]], '2', 0.10181065495162844), ([[359.38922835258086, 728.0133292741014], [601.6504269552823, 885.8910059603627], [536.6107716474191, 984.9866707258986], [293.3495730447176, 828.1089940396373]], '(44 8되', 0.057724874480454345)]
[([[79, 321], [97, 321], [97, 347], [79, 347]], '웃', 0.926690434252496), ([[659, 443], [703, 443], [703, 503], [659, 503]], '5', 0.3734111064000558), ([[356, 478], [382, 478], [382, 556], [356, 556]], '율', 0.03365849458381498), ([[673, 467], [785, 467], [785, 605], [673, 605]], "';", 0.028432930183723962), ([[605, 909], [737, 909], [737, 1053], [605, 1053]], '혀', 0.8538999683783608), ([[63, 1159], [87, 1159], [87, 1177], [63, 1177]], '39', 0.9999791795203197), ([[453, 999], [615, 999], [615, 1191], [453, 1191]], '히', 0.031319405869312256), ([[791, 1129], [853, 1129], [853, 1167], [791, 1167]], '46', 0.11730228358844998), ([[797, 1177], [827, 1177], [827, 1191], [797, 1191]], '{빼라7', 0.0019028657115995884)]
[([[720, 836], [760, 836], [760, 862], [720, 862]], '오늘', 0.5070029497146606), ([[708, 860], [772, 860], [772, 886], [708, 886]], '아빠가', 0.9997625946998596), ([[716, 882], [763, 882], [763, 911], [716, 911]], '늦게', 0.2594216871749202), ([[698, 906], [780, 906], [780, 934], [698, 934]], '퇴근해서', 0.9999463558197021), ([[698, 932], [782, 932], [782, 958], [698, 958]], '다행이네', 0.9887751936912537), ([[687, 1127], [853, 1127], [853, 1169], [687, 1169]], '부6', 0.010707837048703152), ([[771, 1157], [797, 1157], [797, 1177], [771, 1177]], '40', 0.9999888502748309), ([[743, 1175], [827, 1175], [827, 1191], [743, 1191]], '거 무스 +석3드', 0.0006600488709765342), ([[709.5342535671674, 1173.1150817776181], [743.9805806756909, 1179.8038838648617], [741.4657464328326, 1193.8849182223819], [707.0194193243091, 1187.1961161351383]], '1,5', 0.009554538107191878)]
[([[536, 416], [590, 416], [590, 444], [536, 444]], '편지?', 0.9999643484681607), ([[98, 595], [642, 595], [642, 628], [98, 628]], '이렇게 갑작스럽게 편지틀 보내게 되서 죄송랍니다 .', 0.32956849323428045), ([[98, 632], [326, 632], [326, 664], [98, 664]], '꽤나 놀라석올렉니다 .', 0.14766710374504471), ([[297, 903], [655, 903], [655, 943], [297, 943]], '오늘 당신에게 일어난 일은', 0.7202921283470695), ([[295, 963], [527, 963], [527, 1003], [295, 1003]], '전부 현실입니다 .', 0.9644544780020072), ([[275, 1093], [409, 1093], [409, 1177], [275, 1177]], ' 무', 0.053004224861761935), ([[685, 1125], [853, 1125], [853, 1167], [685, 1167]], '밥)드6', 0.0005890800966881216), ([[801, 1165], [825, 1165], [825, 1181], [801, 1181]], '41', 0.9904299816175103), ([[152.42752122286237, 291.45651273371743], [205.80780799900685, 263.6058758932071], [218.57247877713763, 288.54348726628257], [165.19219200099315, 317.3941241067929]], '후카님', 0.9062613944095292), ([[100.07944680100655, 323.6953361612079], [156.97551382360555, 293.7422699158794], [167.92055319899345, 316.3046638387921], [111.02448617639445, 346.2577300841206]], '미아마', 0.9985015437240304), ([[409.0378045449468, 1111.0515822680054], [615.865639343117, 1147.450664969164], [598.9621954550532, 1221.9484177319946], [392.13436065688296, 1186.549335030836]], '현실심', 0.23051036931782384)]
[([[458, 545], [667, 545], [667, 572], [458, 572]], '진정하시고 읽어주세요', 0.8263876405907943), ([[460, 576], [742, 576], [742, 606], [460, 606]], '오늘 일어난 일은 굽이 아니지만', 0.889460321869147), ([[458, 606], [692, 606], [692, 634], [458, 634]], '코실이라기엔 애매들니다 .', 0.23593144324114712), ([[188, 808], [506, 808], [506, 836], [188, 836]], '지금은 자세타게 이야기활수 없지만', 0.4581453465646543), ([[188, 844], [622, 844], [622, 874], [188, 874]], '모든 건 당신의 과거름 기점으로 일어난 일입니다', 0.5930988920561017), ([[718, 1026], [786, 1026], [786, 1052], [718, 1052]], '과거  !?', 0.22650420286092093), ([[791, 1129], [853, 1129], [853, 1167], [791, 1167]], '06', 0.012972752778659138), ([[795, 1157], [821, 1157], [821, 1177], [795, 1177]], '42', 0.9814455664543025), ([[798, 1180], [822, 1180], [822, 1188], [798, 1188]], '눕서리대', 0.0006832968792878091), ([[314.6573935716709, 997.1259148573367], [382.42058846046035, 981.2277834485915], [388.3426064283291, 1008.8740851426633], [321.57941153953965, 1025.7722165514085]], '불행이', 0.964866203908016), ([[267.87867965644034, 1012.8786796564403], [318.2577300841206, 1001.0244861763945], [324.12132034355966, 1027.1213203435595], [273.7422699158794, 1039.9755138236055]], '만은', 0.6960301346001682), ([[141.17086771745093, 1050.6221280326863], [272.65619370851385, 1013.6054983030302], [279.8291322825491, 1042.3778719673137], [147.34380629148617, 1079.3945016969697]], '이루 단신에계', 0.6256094775362979), ([[153.41000317999047, 1084.4560050879847], [285.62864772602995, 1044.5542437506836], [292.58999682000956, 1073.5439949120153], [160.37135227397005, 1113.4457562493164]], '찾아돌겁니다 .', 0.5243229523055846), ([[229.3358994113243, 1096.5038491169864], [356.6310592839543, 1058.5586370879207], [362.6641005886757, 1086.4961508830136], [236.36894071604567, 1124.4413629120793]], '믿어주십시오', 0.8951908072469862), ([[165.54230423844288, 1114.27961296691], [235.53445722666268, 1099.394843756447], [241.45769576155712, 1124.72038703309], [170.46554277333732, 1140.605156243553]], '하지만', 0.9988398296653306)]
[([[536, 148], [754, 148], [754, 178], [536, 178]], '그것은 진실들 알기 위란', 0.40255781831785153), ([[536, 176], [754, 176], [754, 206], [536, 206]], '퍼출조각 같은 것입니다 .', 0.8163359032215723), ([[536, 232], [756, 232], [756, 260], [536, 260]], '그리고 이제 곧 당신에게', 0.7681790677585445), ([[536, 260], [778, 260], [778, 290], [536, 290]], '있어 무엇과도 바꿀 수 없는', 0.6657708735823339), ([[536, 288], [732, 288], [732, 318], [536, 318]], '만남이 일어날겁니다 .', 0.8151727183780688), ([[52, 340], [110, 340], [110, 396], [52, 396]], '낫다', 0.23655311050067193), ([[262, 666], [312, 666], [312, 692], [262, 692]], '8일!?', 0.8394205570220947), ([[352, 654], [754, 654], [754, 684], [352, 684]], '당신과 만나는 것을 기다리고 있계습니다 ,', 0.32849375668904973), ([[62, 676], [120, 676], [120, 702], [62, 702]], '어제!?', 0.6451343297958374), ([[518, 714], [748, 714], [748, 744], [518, 744]], '12월 8일의 미래로부터', 0.9968841178088239), ([[384, 886], [460, 886], [460, 912], [384, 912]], '도대체 .', 0.6312968807811632), ([[400, 916], [444, 916], [444, 942], [400, 942]], '뭐가', 0.9421122356589093), ([[372, 946], [472, 946], [472, 976], [372, 976]], '일어난다는', 0.9056205600292458), ([[398, 976], [442, 976], [442, 1002], [398, 1002]], '거지', 0.9993851328607417), ([[718, 1124], [853, 1124], [853, 1168], [718, 1168]], '싸푸6', 0.0037021411058408235), ([[708, 1164], [790, 1164], [790, 1192], [708, 1192]], ',하75 +! 수스_', 0.0028392446803967458), ([[797, 1177], [827, 1177], [827, 1191], [797, 1191]], '[리라드', 0.000633152958471328), ([[51.8418973634698, 156.13596892657316], [146.613753160072, 82.73757176972872], [172.1581026365302, 123.86403107342683], [76.38624683992799, 197.26242823027127]], '(날겁니다,', 0.414427600118364), ([[132.5785086541822, 348.0148228893874], [354.06879576210673, 175.5903627080833], [376.4214913458178, 217.98517711061257], [154.9312042378933, 391.4096372919167]], '마음먹고 기다려주세요', 0.9968287957254541), ([[65.20510460345565, 402.3332719689847], [139.2360679774998, 345.5278640450004], [163.79489539654435, 385.6667280310153], [90.76393202250021, 442.4721359549996]], '단단히', 0.9996397071236877), ([[223.94525616909806, 477.0934345469491], [348.5631137810227, 387.17255552248537], [373.05474383090194, 432.9065654530509], [248.43688621897732, 522.8274444775146]], '만나는 것을', 0.5591593120516601), ([[155.31671842700024, 530.6334368540005], [233.898464057468, 477.7465338958392], [257.68328157299976, 521.3665631459995], [180.101535942532, 575.2534661041608]], '당신과 ', 0.805769681930542)]
[([[345, 401], [383, 401], [383, 571], [345, 571]], '"', 0.6847212075544498), ([[668, 442], [724, 442], [724, 514], [668, 514]], '물', 0.5162865590080266), ([[418, 818], [474, 818], [474, 890], [418, 890]], '쉬혈', 0.022659014670437964), ([[387, 815], [479, 815], [479, 983], [387, 983]], '얘77', 0.016652134531879977), ([[102, 1128], [295, 1128], [295, 1158], [102, 1158]], '.@용즐-편항-미|]대', 2.9572138355477163e-07), ([[685, 1129], [853, 1129], [853, 1167], [685, 1167]], '밥기값데6', 9.102724269874345e-05), ([[43, 1157], [69, 1157], [69, 1177], [43, 1177]], '44', 1.0), ([[717, 1161], [789, 1161], [789, 1177], [717, 1177]], '7두니티 `', 0.05260930633411585), ([[759, 1177], [827, 1177], [827, 1191], [759, 1191]], "'", 0.33119045273730663), ([[277.1708677174509, 125.6221280326862], [346.68328157299976, 117.65835921350012], [348.8291322825491, 143.3778719673138], [279.31671842700024, 151.34164078649988]], '4 + "', 0.3227526212196117)]
[([[58, 1007], [423, 1007], [423, 1076], [58, 1076]], '오4. $_어>', 0.0018908218143488635), ([[441, 1007], [597, 1007], [597, 1073], [441, 1073]], '퍽4@', 0.010154678227222604), ([[685, 1129], [853, 1129], [853, 1167], [685, 1167]], '()메명뒤6', 4.126933641034515e-05), ([[775, 1163], [803, 1163], [803, 1177], [775, 1177]], '쿠드', 0.2465195051802247), ([[65, 1167], [87, 1167], [87, 1185], [65, 1185]], '45', 0.8643224239076487), ([[709, 1175], [829, 1175], [829, 1191], [709, 1191]], '[,7- +거 투트미 (손하드가1', 0.00018153215123438673)]
[([[41, 47], [293, 47], [293, 279], [41, 279]], '내껍', 0.0025963266647751264), ([[585, 33], [825, 33], [825, 243], [585, 243]], '탓', 0.08103179724256027), ([[0, 249], [179, 249], [179, 411], [0, 411]], '8', 0.9870337113698611), ([[592, 218], [796, 218], [796, 412], [592, 412]], '슈', 0.14506076470775042), ([[57, 383], [217, 383], [217, 545], [57, 545]], '허', 0.03482153965992385), ([[179, 491], [287, 491], [287, 601], [179, 601]], '둑', 0.03293004914706388), ([[100, 630], [126, 630], [126, 666], [100, 666]], '#', 0.015682448255610604), ([[292, 630], [376, 630], [376, 656], [292, 656]], '""+39;', 0.04332962160971761), ([[122, 648], [146, 648], [146, 672], [122, 672]], ',', 0.04675450000776493), ([[424, 632], [455, 632], [455, 683], [424, 683]], '군', 0.0037018418864446373), ([[101, 661], [149, 661], [149, 697], [101, 697]], '#우', 0.002419043863668777), ([[339, 682], [414, 682], [414, 714], [339, 714]], '[,`장5=', 0.0015574823055409743), ([[727, 641], [760, 641], [760, 744], [727, 744]], '"', 0.9945116453691902), ([[68, 621], [191, 621], [191, 858], [68, 858]], '[', 0.5666004070316468), ([[196, 776], [256, 776], [256, 802], [196, 802]], '1805', 0.06631738692522049), ([[258, 772], [325, 772], [325, 803], [258, 803]], '쳐보', 0.21388609840342862), ([[428, 680], [454, 680], [454, 760], [428, 760]], '{', 0.6060307288277365), ([[442, 622], [592, 622], [592, 846], [442, 846]], '예', 0.043145077463372594), ([[726, 745], [756, 745], [756, 868], [726, 868]], ';', 0.028608882709902028), ([[758, 698], [784, 698], [784, 926], [758, 926]], '{', 0.23243881058283478), ([[129, 823], [149, 823], [149, 845], [129, 845]], '1-', 0.8970698614394191), ([[338, 820], [394, 820], [394, 848], [338, 848]], '347', 0.20920107486201925), ([[80, 898], [106, 898], [106, 970], [80, 970]], '돕', 0.0421239270687046), ([[113, 879], [127, 879], [127, 903], [113, 903]], '2', 0.3192638613129475), ([[440, 864], [466, 864], [466, 906], [440, 906]], '[', 0.23476510622470048), ([[459, 860], [519, 860], [519, 971], [459, 971]], '국', 0.2465572200423205), ([[551, 784], [587, 784], [587, 999], [551, 999]], '{', 0.43178670531787944), ([[574, 634], [614, 634], [614, 1065], [574, 1065]], '[', 0.056607777600349074), ([[639, 775], [774, 775], [774, 978], [639, 978]], '"', 0.005888162623509885), ([[78, 972], [104, 972], [104, 1104], [78, 1104]], '$', 0.08046610353918382), ([[107, 899], [140, 899], [140, 1138], [107, 1138]], '{', 0.35772162150005116), ([[401, 858], [493, 858], [493, 1117], [401, 1117]], '#', 0.9589747161843185), ([[484, 966], [584, 966], [584, 1106], [484, 1106]], '기;', 0.07740037002504062), ([[730, 1032], [756, 1032], [756, 1078], [730, 1078]], '8', 0.5767139044010605), ([[736, 968], [760, 968], [760, 1036], [736, 1036]], ' ', 0.051933756901739736), ([[433, 1027], [465, 1027], [465, 1138], [433, 1138]], '탑', 0.018539781273574585), ([[466, 1110], [490, 1110], [490, 1154], [466, 1154]], '못', 0.8917713760168375), ([[491, 1043], [519, 1043], [519, 1160], [491, 1160]], '{', 0.9891946537393324), ([[734, 1076], [766, 1076], [766, 1122], [734, 1122]], "푹'", 0.09368456388325522), ([[683, 1129], [853, 1129], [853, 1167], [683, 1167]], '~반루', 0.012751200972958515), ([[66, 1158], [92, 1158], [92, 1182], [66, 1182]], '46', 0.7035910556441223), ([[570, 1160], [710, 1160], [710, 1188], [570, 1188]], '7논##+233', 0.00047316765762091956), ([[709, 1175], [829, 1175], [829, 1193], [709, 1193]], '[체,도 벼거 루트이 +@라까까', 0.00015109944256667783), ([[197.71963120067105, 639.4635574408053], [238.77913403628708, 637.0863906300148], [240.28036879932895, 654.5364425591947], [198.22086596371292, 657.9136093699852]], '(술7', 0.18874129286938843), ([[712.613634257068, 1007.0249837794242], [738.8551710840344, 1015.6423867473729], [713.386365742932, 1089.9750162205758], [687.1448289159656, 1081.357613252627]], '(', 0.08791062255682736)]
[([[65, 102], [203, 102], [203, 331], [65, 331]], '@콩', 0.002311073743760387), ([[722, 116], [776, 116], [776, 262], [722, 262]], '눕', 0.12392443483296134), ([[390, 258], [422, 258], [422, 333], [390, 333]], '물', 0.6045263220784278), ([[554, 498], [606, 498], [606, 590], [554, 590]], "'", 0.1589722168784613), ([[686, 473], [719, 473], [719, 555], [686, 555]], '모', 0.03858835018102358), ([[212, 564], [236, 564], [236, 588], [212, 588]], ';', 0.04819605158561857), ([[163, 560], [196, 560], [196, 635], [163, 635]], '흙', 0.027913769555429013), ([[525, 525], [569, 525], [569, 673], [525, 673]], '표', 0.19807905337074772), ([[682, 564], [722, 564], [722, 731], [682, 731]], '{', 0.8988616826514431), ([[707, 467], [786, 467], [786, 774], [707, 774]], '{', 0.07953089459675766), ([[306, 842], [334, 842], [334, 876], [306, 876]], '9', 0.6387986676120505), ([[194, 844], [222, 844], [222, 926], [194, 926]], '"', 0.02314703043499211), ([[313, 885], [329, 885], [329, 915], [313, 915]], '1', 0.9131987446135668), ([[199, 979], [219, 979], [219, 1019], [199, 1019]], '"', 0.9585456338913936), ([[200, 825], [448, 825], [448, 1167], [200, 1167]], '(', 0.3028754242082563), ([[721, 853], [783, 853], [783, 1049], [721, 1049]], '탑', 0.006508404886625352), ([[685, 1129], [853, 1129], [853, 1169], [685, 1169]], '밥교6', 0.005355473955515913), ([[285, 1163], [745, 1163], [745, 1200], [285, 1200]], '{ 곳도국# [수시} [3시[[-성1<" =; <+,233', 0.0009217801407510062), ([[741, 1177], [829, 1177], [829, 1193], [741, 1193]], '벼애 투트이 (석하드7', 0.0008176274019187996), ([[184.62325944075158, 555.0237495819375], [205.33129457822454, 549.0183487959791], [229.37674055924842, 639.9762504180625], [207.66870542177546, 644.9816512040209]], '#', 0.8989669076489157), ([[217.7131418553622, 589.0206788019993], [236.2575771619546, 585.0166558529495], [253.2868581446378, 661.9793211980007], [234.7424228380454, 665.9833441470505]], '5', 0.3468907225816089), ([[274.6039083813344, 916.0087202562914], [343.1965985393107, 906.0799017978657], [376.3960916186656, 1160.9912797437084], [307.8034014606893, 1169.9200982021343]], '8', 0.11130551383445297), ([[82.32037233396942, 967.0581595370226], [140.98538659616702, 1002.6583954346142], [121.67962766603058, 1032.9418404629773], [63.014613403832996, 997.3416045653858]], '저맑', 0.024366790631866215)]
[([[285, 718], [631, 718], [631, 767], [285, 767]], '이늘데@ -괴어담 --산@', 4.224427137528334e-05), ([[648, 736], [752, 736], [752, 762], [648, 762]], '도풍~,].2', 0.0010294402118253927), ([[403, 801], [745, 801], [745, 837], [403, 837]], '또미 라005되1라되80 터', 0.004222506237401652), ([[483, 849], [745, 849], [745, 885], [483, 885]], '장고 :시_@끼_', 0.00035605005530533524), ([[500, 896], [745, 896], [745, 933], [500, 933]], '또시/|수한기1', 0.0010701574377330024), ([[490, 946], [744, 946], [744, 978], [490, 978]], '데`골하/ )모=끼화', 0.00032721614496556865), ([[413, 1003], [749, 1003], [749, 1041], [413, 1041]], '엇++오리카처(어-[/', 3.5696202518143794e-05), ([[444, 1039], [745, 1039], [745, 1077], [444, 1077]], '속리|신내리` @냐@시]응명', 4.9589027318716654e-06), ([[395, 1078], [745, 1078], [745, 1114], [395, 1114]], '번역사이트]_산-|로물|@어 국미@비', 9.582607694981137e-06)]
[([[281, 393], [419, 393], [419, 641], [281, 641]], '#', 0.16240534657244154), ([[207, 463], [321, 463], [321, 859], [207, 859]], '"', 0.21282982035371845), ([[685, 1129], [853, 1129], [853, 1167], [685, 1167]], '()굽명둘6', 1.7409237841799514e-05), ([[708, 1164], [814, 1164], [814, 1192], [708, 1192]], '[하도 버 투= 49', 0.02035698004563136), ([[46.579076321834215, 680.0126669424479], [94.3444099574491, 662.0084778637831], [166.4209236781658, 859.9873330575521], [118.6555900425509, 878.9915221362169]], "'", 0.21747258369416134)]
[([[303, 512], [841, 512], [841, 596], [303, 596]], '@미[신박|@@미[|', 0.0015349851553677879), ([[347, 591], [528, 591], [528, 651], [347, 651]], '오@|-무', 0.00015965037082828939), ([[700, 1134], [776, 1134], [776, 1166], [700, 1166]], '기김', 0.002456047702500984), ([[745, 1161], [775, 1161], [775, 1175], [745, 1175]], '나타', 0.7788691420250801), ([[785, 1189], [809, 1189], [809, 1200], [785, 1200]], ':', 0.009317702468658817)]
[([[264, 592], [558, 592], [558, 646], [264, 646]], '7(< 국씨터', 0.012404327482418393), ([[298, 644], [541, 644], [541, 699], [298, 699]], '가005 ";미', 0.03819878348481653), ([[685, 1129], [853, 1129], [853, 1167], [685, 1167]], '다어메<뒤6', 3.1607154241585674e-05), ([[777, 1163], [803, 1163], [803, 1177], [777, 1177]], '무드', 0.9159161080262723), ([[709, 1175], [829, 1175], [829, 1191], [709, 1191]], '[체7- 벼머 두트미 (태3,*', 0.00010202944460326226)]
[([[229, 73], [429, 73], [429, 115], [229, 115]], '동인지 번역 팀', 0.6472691128088638), ([[432, 48], [604, 48], [604, 122], [432, 122]], '루트미', 0.2052556026273659), ([[618, 114], [674, 114], [674, 140], [618, 140]], "'여기 로고", 0.44017210592224043), ([[25, 177], [637, 177], [637, 216], [25, 216]], '안녕하세요 위에도 씨쩐지만 동인지 번역 팀 루드미입니다:', 0.1812290955311478), ([[25, 214], [801, 214], [801, 252], [25, 252]], '앞으로 동인지 번역올함에 있어서 몇 가지 전달사항이 있어서 적어붙니다:', 0.6971904522999312), ([[25, 287], [719, 287], [719, 323], [25, 323]], '1. 앞으로 작업하는 모든 번역본은 1화는 홍보차 여러 곳에 뿌리고', 0.6524147491495936), ([[47, 323], [811, 323], [811, 359], [47, 359]], '2화부터는 자체 불로그([/이<어  나+탁~-에서 [버튼)에서만 공개합니다:', 0.006598351472666731), ([[46, 366], [380, 366], [380, 392], [46, 392]], '(단편자리 번역하는건 1화로 취급하켓조?)', 0.4568628237200308), ([[23, 395], [727, 395], [727, 431], [23, 431]], '2 재배포 퍼가기 파일플더 업로드등에 별로 상관하지 않젯습니다:', 0.39491617899312625), ([[48, 438], [550, 438], [550, 466], [48, 466]], '막는다고 막아지논것도 아니고 하여간 개념앗계만 퍼가주세요', 0.2478354616012465), ([[48, 472], [614, 472], [614, 502], [48, 502]], '행여 나중에 원가 제재먹논다튼가 그러면 방향울 바줄지도 모르켓지만 ', 0.3256745406429937), ([[23, 503], [531, 503], [531, 539], [23, 539]], '3. 번역올 원하는 동인지가 있으면 요청해주세요', 0.8213972728456557), ([[48, 546], [340, 546], [340, 574], [48, 574]], '요청은 자체 불로그에서 반켓습니다:', 0.6987380453447478), ([[48, 580], [526, 580], [526, 610], [48, 610]], '내용이라든가 대중성 등올 화서 번억해드리도록 하켓습니다:', 0.5744906342820592), ([[23, 611], [387, 611], [387, 647], [23, 647]], '4. 가능하면 불로그에서 화 주세요', 0.7121113543441658), ([[46, 650], [782, 650], [782, 680], [46, 680]], '파일더 등과 다르게 공짜입니다[ ] 동인지 그거 용량 작아보여도 만족(?할 때까지 받다보면', 0.8484933481276695), ([[48, 688], [304, 688], [304, 718], [48, 718]], '천원 이천원 금방 날아갑니다[ ]', 0.7032495963683074), ([[23, 719], [569, 719], [569, 757], [23, 757]], '5. 다 보고 시간남으면 배너나 한번씩 둘러주십서[ ]', 0.5746765016638591), ([[48, 762], [696, 762], [696, 788], [48, 788]], '공개한 불로그 본문 아래에 광고가 좀 있으니 클리해주시면 번역에 근 힘이 월 듯 ', 0.254092731714797), ([[23, 791], [671, 791], [671, 827], [23, 827]], '6. 불로그에서 앞으로 번역 예정된 동인지들올 공개활 겁니다:', 0.6683992089474886), ([[48, 832], [694, 832], [694, 862], [48, 862]], '공지사항으로 확인하주세요. 번역 예정 작품이나 번역 진도 등올 올려 놓젯습니다:', 0.3587983241974786), ([[23, 861], [575, 861], [575, 900], [23, 900]], '7. 그밖에 같이 작업 하실 분 있으시면 말씀해주세요', 0.618306800678283), ([[48, 906], [608, 906], [608, 932], [48, 932]], '번역은 후딱 하는데 식자 하는놈 컴이 구려서 토토산&작업이 느리네요', 0.2686364685716993), ([[46, 940], [634, 940], [634, 970], [46, 970]], '가족같은 분위기(원 알바 구인멘드갈네)에서 같이 작업하실 분 환영합니다:', 0.46079586868337524), ([[23, 971], [535, 971], [535, 1007], [23, 1007]], '8 동인지 한편은 20,6 이하로 만들고 있습니다:', 0.27807026705317317), ([[48, 1010], [434, 1010], [434, 1042], [48, 1042]], '혹시 받으신 동인지가 용량이 20데가 이상이라면', 0.7128709243474509), ([[442, 1014], [622, 1014], [622, 1040], [442, 1040]], '의심해불만 하켓네요 ', 0.5836221451557089), ([[25, 1051], [57, 1051], [57, 1071], [25, 1071]], '6*', 0.20983352680345374), ([[60, 1046], [514, 1046], [514, 1078], [60, 1078]], '앞으로 딸감으로 애용해 주십서 =미=;; 6거리토', 0.38226166253973004), ([[348, 1098], [517, 1098], [517, 1140], [348, 1140]], '_아값<나6', 0.00013387685420063392), ([[387, 1131], [437, 1131], [437, 1145], [387, 1145]], '듯니=', 0.1405333696524483), ([[373, 1147], [493, 1147], [493, 1163], [373, 1163]], '하7$ 3둠 루트미 (태라두', 0.00017996291759235158), ([[672.4199852094342, 120.08595119113305], [729.9865262781744, 134.76823860087964], [724.5800147905658, 156.91404880886694], [666.0134737218256, 142.23176139912036]], '춤 나중예', 0.22336949859069918), ([[726.556757792822, 133.04973428841708], [824.9984333689948, 158.92085412400021], [818.443242207178, 180.95026571158292], [720.0015666310052, 155.07914587599979]], '디자인래아쓰젓다', 0.43516704178474924)]
