621914
64
[([[45, 26], [114, 26], [114, 51], [45, 51]], '경파한', 0.5777234719997963), ([[1578, 32], [1668, 32], [1668, 64], [1578, 64]], '떠', 0.19256443488384267), ([[1578, 58], [1668, 58], [1668, 88], [1578, 88]], '(어,', 0.025801668057364065), ([[189, 61], [379, 61], [379, 123], [189, 123]], '7서치자', 0.0015763563569635153), ([[397, 63], [531, 63], [531, 123], [397, 123]], '5어7', 0.05009141989908044), ([[1579, 85], [1669, 85], [1669, 103], [1579, 103]], '736아이', 0.014153634801557496), ([[247, 121], [469, 121], [469, 183], [247, 183]], '장어산미디', 0.0029365388706247423), ([[582, 280], [800, 280], [800, 504], [582, 504]], '테', 0.5665742952487562), ([[1543, 205], [1677, 205], [1677, 599], [1543, 599]], '딸', 0.005644278550610837), ([[585, 617], [797, 617], [797, 887], [585, 887]], '곧', 0.02450108818999297), ([[613, 891], [773, 891], [773, 1075], [613, 1075]], '햇', 0.05980785327631133), ([[1282, 1090], [1358, 1090], [1358, 1118], [1282, 1118]], '표 %', 0.007314798237573745), ([[50, 1270], [494, 1270], [494, 1350], [50, 1350]], "'0 ' @` ", 0.07557006433845502), ([[585, 1073], [797, 1073], [797, 1289], [585, 1289]], '값', 0.007466038030479238), ([[802, 974], [915, 974], [915, 1391], [802, 1391]], '#', 0.10926691795205645), ([[901, 1249], [934, 1249], [934, 1364], [901, 1364]], '물', 0.45747915169727094), ([[908, 1198], [936, 1198], [936, 1248], [908, 1248]], '조', 0.9988725980588811), ([[1561, 999], [1649, 999], [1649, 1363], [1561, 1363]], '#', 0.13780561052323037), ([[1639, 1247], [1657, 1247], [1657, 1327], [1639, 1327]], '물', 0.7301749284328061), ([[125, 1341], [443, 1341], [443, 1379], [125, 1379]], '7서시쪽시 !4^ 명,@5라,+5', 1.3347621540984602e-05), ([[596, 1348], [802, 1348], [802, 1384], [596, 1384]], '73*00/*', 0.013245997811296772), ([[1575, 1359], [1665, 1359], [1665, 1395], [1575, 1395]], '출출#', 0.09672225372264641), ([[119.17239411139764, 28.17926704507479], [164.96116135138183, 35.60776772972363], [161.82760588860236, 53.82073295492521], [116.03883864861815, 45.39223227027637]], '녀석', 0.9659765528247722)]
[([[386, 504], [595, 504], [595, 579], [386, 579]], '가어치이', 0.00015334672934841365), ([[421, 581], [563, 581], [563, 647], [421, 647]], '5어7', 0.16504929157693646), ([[375, 657], [609, 657], [609, 723], [375, 723]], '없어산미디', 0.00033622356482452425), ([[99, 1107], [423, 1107], [423, 1191], [99, 1191]], '경과한녀석', 0.3281775716928095), ([[614, 1106], [882, 1106], [882, 1186], [614, 1186]], '마신황제', 0.17032910883426666), ([[377.0574282752855, 142.50337089551385], [500.7316925201703, 131.5596976237939], [501.9425717247145, 167.49662910448615], [379.2683074798297, 178.4403023762061]], '경파한', 0.9674158894846945), ([[509.16756942214056, 130.08757628406065], [597.9589134273758, 150.42815694937906], [588.8324305778594, 184.91242371593935], [500.0410865726242, 164.57184305062094]], '녀석', 0.9971113826753664)]
[([[130, 924], [184, 924], [184, 1104], [130, 1104]], '옛', 0.009469853661759287), ([[62, 934], [190, 934], [190, 1356], [62, 1356]], '{', 0.0766462607952656)]
[([[781, 1264], [925, 1264], [925, 1332], [781, 1332]], '빵땅이', 0.005351068617309797), ([[802, 1334], [909, 1334], [909, 1371], [802, 1371]], "[+' ]", 0.4417292440286266)]
[([[796, 1278], [916, 1278], [916, 1334], [796, 1334]], '방과후', 0.9906205915084367), ([[806, 1330], [910, 1330], [910, 1362], [806, 1362]], '[#등못쫓]', 0.024224159658018826)]
[([[756, 1338], [908, 1338], [908, 1370], [756, 1370]], "[537' -어담~]", 0.010852131062778643), ([[167.57514071133792, 197.0456472721544], [184.61011167470673, 206.8136019239003], [160.42485928866208, 246.9543527278456], [143.38988832529327, 237.1863980760997]], ')', 0.011947032899060128)]
[([[665, 1279], [933, 1279], [933, 1343], [665, 1343]], '행운의 네네장', 0.23995791636044606), ([[710, 1342], [908, 1342], [908, 1374], [710, 1374]], '[력**5+소]', 0.029525534573263033), ([[363.4740284673956, 444.046467547683], [389.37025546445614, 459.1610086913702], [351.5259715326044, 522.9535324523171], [326.62974453554386, 507.8389913086298]], '흙', 0.01892689306948747), ([[593.0, 1089.0], [740.7905595016882, 1039.3874469331531], [757.0, 1089.0], [609.2094404983118, 1138.6125530668469]], '@#즈요', 0.014284582808613777)]
[([[75, 49], [238, 49], [238, 348], [75, 348]], '%', 0.12062645574549524), ([[845, 1216], [916, 1216], [916, 1243], [845, 1243]], '경파한', 0.6630037750515626), ([[921.1055728090001, 1219.2111456180003], [964.9376054089552, 1225.5043335000348], [961.8944271909999, 1242.7888543819997], [918.0623945910448, 1237.4956664999652]], '녀석', 0.993370433658791)]
[([[246, 794], [384, 794], [384, 842], [246, 842]], '와 버(다니', 0.5864784571031708), ([[843, 789], [909, 789], [909, 829], [843, 829]], '여기', 0.9999817926099921), ([[246, 830], [380, 830], [380, 878], [246, 878]], '여기   호당이', 0.21616281517172115), ([[857, 831], [895, 831], [895, 873], [857, 873]], '와', 0.9979336218752941), ([[245, 873], [343, 873], [343, 917], [245, 917]], '아니라구', 0.9942540526390076), ([[810, 874], [942, 874], [942, 926], [810, 926]], '버럿어요', 0.536241352558136), ([[107, 1149], [145, 1149], [145, 1263], [107, 1263]], '과', 0.017279536669976503), ([[114, 1268], [138, 1268], [138, 1300], [114, 1300]], '요', 0.9999805689801953)]
[([[624, 96], [740, 96], [740, 148], [624, 148]], '모처럼', 0.9998597349175878), ([[624, 136], [738, 136], [738, 188], [624, 188]], '둘만의', 0.9970518225044303), ([[611, 179], [651, 179], [651, 227], [611, 227]], '첫', 0.9989507567871101), ([[671, 181], [757, 181], [757, 221], [671, 221]], '여행', 0.9999510257132871), ([[600, 218], [766, 218], [766, 266], [600, 266]], '이니까요', 0.9998970031738281), ([[56, 944], [170, 944], [170, 985], [56, 985]], '사호한터논', 0.17947408343584964), ([[548, 988], [658, 988], [658, 1020], [548, 1020]], '만약 지금', 0.9959636739629015), ([[57, 1007], [171, 1007], [171, 1045], [57, 1045]], '못당하켓네', 0.9512056788014119), ([[544, 1018], [640, 1018], [640, 1050], [544, 1050]], '누가와도', 0.9296191334724426), ([[506, 1053], [644, 1053], [644, 1083], [506, 1083]], '카즈키씨 가', 0.8273048988428443), ([[505, 1083], [567, 1083], [567, 1119], [505, 1119]], '함께', 0.9997027933618489), ([[576, 1084], [628, 1084], [628, 1116], [576, 1116]], '벗고', 0.9557482253270039), ([[507, 1111], [615, 1111], [615, 1149], [507, 1149]], '있어주 면', 0.7054535428998143), ([[531, 1195], [607, 1195], [607, 1235], [531, 1235]], '전-혀', 0.9998154810740716), ([[499, 1227], [636, 1227], [636, 1276], [499, 1276]], '문제없어요', 0.9993052626416119)]
[([[859, 457], [935, 457], [935, 497], [859, 497]], '네 옛', 0.4827176497311874), ([[791, 454], [827, 454], [827, 543], [791, 543]], '륙', 0.022320808447601204), ([[794, 546], [826, 546], [826, 670], [794, 670]], '대', 0.024447242819400694)]
[([[774, 34], [815, 34], [815, 129], [774, 129]], '섬', 0.32581992811402927), ([[614, 740], [644, 740], [644, 764], [614, 764]], '아', 0.9983480843893098), ([[614, 768], [644, 768], [644, 796], [614, 796]], '아', 0.9999463565391267), ([[127, 795], [141, 795], [141, 821], [127, 821]], '2', 0.7415480577535938), ([[529, 775], [613, 775], [613, 813], [529, 813]], '상쾌한', 0.9824332756015971), ([[97, 795], [113, 795], [113, 837], [97, 837]], '중', 0.9889935802768832), ([[511, 803], [626, 803], [626, 853], [511, 853]], '(저녁이다', 0.9061516299506144), ([[64, 828], [176, 828], [176, 878], [64, 878]], '닿이없어요', 0.48783732009849556), ([[53, 967], [115, 967], [115, 1007], [53, 1007]], '과연', 0.9924043001898), ([[37, 1003], [131, 1003], [131, 1045], [37, 1045]], '숨 겨 진', 0.35322389785466723), ([[27, 1039], [141, 1039], [141, 1081], [27, 1081]], '명소네요', 0.9893539547920227), ([[138, 1194], [162, 1194], [162, 1234], [138, 1234]], '응', 0.9969675914834433), ([[787.3528998917341, 413.05268933957785], [818.1475019687726, 416.6253540490716], [810.6471001082659, 481.94731066042215], [778.8524980312274, 478.3746459509284]], '모', 0.9647255565650994), ([[588.4848456760908, 620.033311705899], [619.6958479500888, 631.0449359008642], [594.5151543239092, 704.966688294101], [562.3041520499112, 693.9550640991358]], '총', 0.007680592408878306)]
[([[301, 65], [413, 65], [413, 107], [301, 107]], "'여관사람이", 0.7889815338928086), ([[456, 80], [482, 80], [482, 110], [456, 110]], '그', 0.9999378929244962), ([[820, 65], [926, 65], [926, 108], [820, 108]], '그것보다', 0.9998798370361328), ([[90, 68], [122, 68], [122, 194], [90, 194]], '품', 0.13820129546363447), ([[291, 99], [346, 99], [346, 138], [291, 138]], '[이상', 0.8547522146875877), ([[337, 101], [427, 101], [427, 141], [337, 141]], '한얼국올', 0.29949837923049927), ([[846, 102], [898, 102], [898, 134], [846, 134]], '사호', 0.991281381636965), ([[323, 135], [395, 135], [395, 177], [323, 177]], '하던결', 0.3704900978769237), ([[452, 112], [494, 112], [494, 295], [452, 295]], '푹', 0.0383314981828351), ([[786, 168], [876, 168], [876, 216], [786, 216]], '아까부터', 0.9948446750640869), ([[795, 209], [867, 209], [867, 253], [795, 253]], '나한켓', 0.2604211197448471), ([[763, 249], [843, 249], [843, 293], [763, 293]], "선생님'", 0.959532618522644), ([[845, 249], [911, 249], [911, 291], [845, 291]], '이라고', 0.9857184711633376), ([[762, 286], [900, 286], [900, 334], [762, 334]], '하지말랫잡아', 0.43685268265639504), ([[127, 413], [385, 413], [385, 457], [127, 457]], '나와 사호의 사랑은', 0.9007104160471893), ([[169, 461], [345, 461], [345, 505], [169, 505]], '계속 오랫동안', 0.8246273292442199), ([[153, 509], [359, 509], [359, 553], [153, 553]], '괴로운 시간 속에', 0.9902769389393257), ([[207, 559], [307, 559], [307, 601], [207, 601]], '잇있다 .', 0.2797012183788636), ([[791, 651], [889, 651], [889, 691], [791, 691]], '하지만', 0.9992172884642863), ([[287, 685], [429, 685], [429, 725], [287, 725]], "'아직   '카조씨", 0.41901051682765944), ([[810, 684], [844, 684], [844, 710], [810, 710]], '히', 0.35966937030606516), ([[315, 731], [427, 731], [427, 775], [315, 775]], '하고 부로논게', 0.3437214107619701), ([[789, 677], [887, 677], [887, 761], [789, 761]], '시위든', 0.02082642301447173), ([[793, 749], [885, 749], [885, 791], [793, 791]], '끝낫다', 0.9181069769393598), ([[338, 778], [402, 778], [402, 826], [338, 826]], '무섭게', 0.6864172001184817), ([[323, 833], [417, 833], [417, 871], [323, 871]], '느껴져서요', 0.7377422416044044), ([[837, 933], [903, 933], [903, 969], [837, 969]], '우리들', 0.9987825071470956), ([[834, 962], [906, 962], [906, 994], [834, 994]], '어렵게', 0.9769057145727583), ([[440, 964], [470, 964], [470, 1024], [440, 1024]], '산', 0.2417327487916774), ([[824, 990], [914, 990], [914, 1016], [824, 1016]], '여기까지', 0.999958872795105), ([[835, 1013], [905, 1013], [905, 1049], [835, 1049]], '앞구나', 0.28360482235942736)]
[([[79, 131], [192, 131], [192, 181], [79, 181]], '처음으로', 0.9857001900672913), ([[49, 169], [225, 169], [225, 213], [49, 213]], '손올 잡은것도', 0.38439201518906196), ([[89, 207], [187, 207], [187, 249], [89, 249]], '이렇계', 0.79094373501139), ([[47, 241], [230, 241], [230, 281], [47, 281]], '석양이비치는', 0.8091097903726961), ([[29, 273], [245, 273], [245, 317], [29, 317]], '귀가 길이없어요', 0.7678653163463041), ([[298, 920], [406, 920], [406, 974], [298, 974]], '아무말없이 ', 0.60238837733145), ([[505, 925], [593, 925], [593, 963], [505, 963]], '하지만', 0.9995649665967838), ([[847, 927], [867, 927], [867, 965], [847, 965]], '응', 0.9990170034691346), ([[292, 962], [410, 962], [410, 1012], [292, 1012]], '뒤도보지양2', 0.4011796658055963), ([[523, 959], [577, 959], [577, 997], [523, 997]], '저논', 0.47979393121271685), ([[424, 986], [538, 986], [538, 1034], [424, 1034]], '죽지않올까', 0.1341438971390717), ([[830, 996], [854, 996], [854, 1026], [830, 1026]], '그', 0.999953032091426), ([[302, 1004], [392, 1004], [392, 1054], [302, 1054]], '달럿어요', 0.13900326192378998), ([[431, 1025], [477, 1025], [477, 1069], [431, 1069]], '싶울', 0.10894178696728525), ([[469, 1025], [531, 1025], [531, 1069], [469, 1069]], '정도로', 0.99121142402699), ([[823, 1025], [861, 1025], [861, 1095], [823, 1095]], '햇', 0.7275036323940789), ([[426, 1058], [536, 1058], [536, 1108], [426, 1108]], '두근거려서', 0.6685114716837319), ([[444, 1154], [494, 1154], [494, 1204], [444, 1204]], '금새', 0.6227889162537344), ([[430, 1194], [504, 1194], [504, 1242], [430, 1242]], '떨어저', 0.5422738649282123), ([[418, 1234], [516, 1234], [516, 1282], [418, 1282]], '(버질까화', 0.19320864613651245)]
[([[837, 31], [929, 31], [929, 177], [837, 177]], '7', 0.38199070417569875), ([[378, 340], [466, 340], [466, 394], [378, 394]], '이결로', 0.6916475639548587), ([[358, 388], [466, 388], [466, 438], [358, 438]], "선생님'", 0.9942587018013), ([[400, 414], [446, 414], [446, 438], [400, 438]], '0 "', 0.1982584600160041), ([[474, 388], [498, 388], [498, 438], [474, 438]], '은', 0.9981226204004656), ([[358, 432], [488, 432], [488, 488], [358, 488]], '끝이에요-', 0.48071586805127825), ([[885, 447], [925, 447], [925, 575], [885, 575]], '삼', 0.03507926250415161), ([[791, 829], [815, 829], [815, 843], [791, 843]], '70', 0.1436619918138324), ([[560, 922], [711, 922], [711, 987], [560, 987]], '울어-', 0.020818999587927885), ([[114, 1088], [311, 1088], [311, 1149], [114, 1149]], '이제부터는', 0.5690109863015521), ([[138, 1138], [288, 1138], [288, 1190], [138, 1190]], '근 소리로', 0.8987133064237264), ([[96, 1180], [292, 1180], [292, 1234], [96, 1234]], '말하고심은', 0.8007177009733227), ([[177, 1273], [249, 1273], [249, 1311], [177, 1311]], '까-', 0.9990582321696243), ([[84.99470123870957, 1195.1687373083864], [338.8429500115782, 1176.8589461152], [339.0052987612904, 1277.8312626916136], [85.15704998842183, 1297.1410538848]], '딸해버실~전', 0.06507819379317034)]
[([[129, 101], [171, 101], [171, 169], [129, 169]], '중', 0.8779089748209259), ([[794, 50], [844, 50], [844, 242], [794, 242]], '#', 0.03524879115023172), ([[797, 247], [841, 247], [841, 301], [797, 301]], '임', 0.9945795279828076), ([[123, 169], [187, 169], [187, 459], [123, 459]], '1', 0.2570996799660783), ([[163, 1167], [323, 1167], [323, 1211], [163, 1211]], '여관사람이', 0.977920658132078), ([[726, 1166], [848, 1166], [848, 1216], [726, 1216]], '그날 밤', 0.9202509807572181), ([[175, 1205], [313, 1205], [313, 1245], [175, 1245]], '잠시 와서', 0.5002909414368446), ([[168, 1234], [316, 1234], [316, 1282], [168, 1282]], '두사람분의', 0.8172439216193863), ([[148, 1266], [336, 1266], [336, 1318], [148, 1318]], '이불올 하나로', 0.9365445296795326), ([[170, 1304], [318, 1304], [318, 1355], [170, 1355]], '붙여놓앗다', 0.7173447633428494)]
[([[239, 55], [259, 55], [259, 91], [239, 91]], '응', 0.9961549121758395), ([[817, 107], [837, 107], [837, 147], [817, 147]], '호', 0.9998806750609823), ([[148, 420], [180, 420], [180, 444], [148, 444]], '카', 0.9961484872724782), ([[473, 413], [491, 413], [491, 447], [473, 447]], '응', 0.9995761366909051), ([[148, 444], [180, 444], [180, 522], [148, 522]], '죽', 0.987985201786671), ([[415, 479], [435, 479], [435, 517], [415, 517]], '응', 0.9989764926472731), ([[664, 592], [694, 592], [694, 694], [664, 694]], '살', 0.08218365273379025), ([[88, 1178], [160, 1178], [160, 1226], [88, 1226]], '자꾸', 0.9483661541233323), ([[31, 1213], [196, 1213], [196, 1270], [31, 1270]], '불러주세요', 0.9993930209621273)]
[([[369, 449], [417, 449], [417, 491], [369, 491]], '@', 0.5318887811631754), ([[454, 754], [544, 754], [544, 806], [454, 806]], '손바닥에', 0.8599145349637549), ([[810, 766], [912, 766], [912, 818], [810, 818]], '가슴이', 0.9990964445161109), ([[357, 761], [393, 761], [393, 879], [357, 879]], '~', 0.0017320384487187201), ([[454, 796], [542, 796], [542, 852], [454, 852]], '달라불어', 0.5363081693649292), ([[806, 808], [914, 808], [914, 860], [806, 860]], '굉장히', 0.9996930445136498), ([[458, 842], [546, 842], [546, 892], [458, 892]], '오{ 것마', 0.5275302393473391), ([[823, 853], [897, 853], [897, 895], [823, 895]], '예버', 0.9937026778555256), ([[360, 882], [394, 882], [394, 914], [360, 914]], '야', 0.999870185296917), ([[470, 890], [516, 890], [516, 918], [470, 918]], '가아', 0.9968448295106724), ([[153, 1067], [171, 1067], [171, 1091], [153, 1091]], '으', 0.7683195594547811), ([[767, 1189], [825, 1189], [825, 1227], [767, 1227]], '역시', 0.9998786192340419), ([[837, 1187], [873, 1187], [873, 1223], [837, 1223]], '여', 0.9999490982811245), ([[771, 1221], [817, 1221], [817, 1265], [771, 1265]], '좋은', 0.6329203233440227), ([[759, 1259], [819, 1259], [819, 1301], [759, 1301]], '온천,', 0.42877216432473486)]
[([[119, 9], [141, 9], [141, 23], [119, 23]], '보', 0.009432066115068416), ([[426, 226], [450, 226], [450, 266], [426, 266]], '후', 0.9994206075917056), ([[111, 533], [147, 533], [147, 633], [111, 633]], '유', 0.007308824734487074), ([[473, 871], [515, 871], [515, 919], [473, 919]], ';', 0.07787442049470883), ([[652, 910], [684, 910], [684, 956], [652, 956]], '죽', 0.2843137086019851), ([[829, 1051], [867, 1051], [867, 1095], [829, 1095]], '잔', 0.9893402550642918), ([[880, 1048], [906, 1048], [906, 1094], [880, 1094]], '똑', 0.8227521619244307), ([[808, 1086], [916, 1086], [916, 1136], [808, 1136]], '젖엇네,', 0.1868167221546173), ([[785, 1137], [821, 1137], [821, 1213], [785, 1213]], '켜', 0.05058759411973868), ([[786, 1212], [818, 1212], [818, 1252], [786, 1252]], '위', 0.9667793758720608), ([[46.43826238111394, 10.750609904891151], [112.88138133279293, 4.321469027517305], [114.56173761888606, 21.249390095108847], [48.11861866720707, 27.678530972482694]], '경-다', 0.015346668341609263), ([[723.6411493522645, 280.02153962379555], [750.2981932027543, 284.29543082759517], [737.3588506477355, 368.97846037620445], [711.7018067972457, 364.70456917240483]], '숲', 0.19776625636440315), ([[210.5265977142842, 805.0112117713969], [291.2539388961531, 820.4914086903008], [248.4734022857158, 1035.988788228603], [167.7460611038469, 1020.5085913096992]], '도', 0.6434887235436726)]
[([[846, 118], [916, 118], [916, 166], [846, 166]], '처음', 0.999569876362673), ([[857, 159], [949, 159], [949, 197], [857, 197]], '거 지?', 0.9549305438995361), ([[706, 248], [730, 248], [730, 302], [706, 302]], '몹', 0.0434506029764572), ([[242, 320], [268, 320], [268, 360], [242, 360]], '손', 0.07178064059243727), ([[773, 339], [809, 339], [809, 419], [773, 419]], '꼴', 0.011943528120730351), ([[184, 432], [216, 432], [216, 490], [184, 490]], '색', 0.9396567178212081), ([[189, 493], [209, 493], [209, 519], [189, 519]], '요', 0.9999599460797981), ([[793, 877], [891, 877], [891, 917], [793, 917]], '참지마', 0.9674092531204224), ([[782, 912], [900, 912], [900, 944], [782, 944]], '가버려도', 0.9995266795158386), ([[811, 939], [871, 939], [871, 979], [811, 979]], '좋아', 0.9727380381929192), ([[455, 1079], [491, 1079], [491, 1115], [455, 1115]], '해', 0.9999812842291114), ([[889, 1083], [915, 1083], [915, 1103], [889, 1103]], '가', 0.9995612387435848), ([[498, 1272], [524, 1272], [524, 1318], [498, 1318]], '중', 0.2769010520865436), ([[466, 1294], [492, 1294], [492, 1346], [466, 1346]], '초', 0.5288527411353563), ([[191.86739437828095, 1082.256316950952], [294.28588434569355, 1063.558908633425], [304.13260562171905, 1140.743683049048], [200.71411565430648, 1159.441091366575]], '11', 0.16363850157110615)]
[([[176, 60], [200, 60], [200, 102], [176, 102]], '곳', 0.40938028459949294), ([[234, 402], [258, 402], [258, 444], [234, 444]], '옷', 0.9055037929444474), ([[103, 493], [121, 493], [121, 531], [103, 531]], '후', 0.9938081090071051), ([[502, 702], [526, 702], [526, 732], [502, 732]], '사', 0.194944046960277), ([[326, 994], [364, 994], [364, 1026], [326, 1026]], '사', 0.9999945163801982), ([[330, 1026], [354, 1026], [354, 1062], [330, 1062]], '호', 0.9994430125702856), ([[833, 991], [873, 991], [873, 1125], [833, 1125]], '출', 0.038849314052562756), ([[140, 1106], [194, 1106], [194, 1168], [140, 1168]], '2', 0.3373728108400975), ([[191, 1145], [211, 1145], [211, 1173], [191, 1173]], '2', 0.7619791919385221), ([[677, 1141], [751, 1141], [751, 1177], [677, 1177]], '아 직', 0.8877323379101101), ([[664, 1214], [698, 1214], [698, 1244], [664, 1244]], '히', 0.6637582456217075), ([[665, 1179], [701, 1179], [701, 1223], [665, 1223]], '넣', 0.7772868074420423), ([[692, 1172], [770, 1172], [770, 1263], [692, 1263]], '늘혀', 0.09084103539998917), ([[647, 1251], [761, 1251], [761, 1295], [647, 1295]], '하면서', 0.983803559543996)]
[([[863, 113], [901, 113], [901, 149], [863, 149]], '카', 0.965002020884814), ([[863, 147], [899, 147], [899, 253], [863, 253]], '죽', 0.0599943688618545), ([[160, 522], [201, 522], [201, 627], [160, 627]], '칼', 0.20836620564324537), ([[823, 403], [861, 403], [861, 585], [823, 585]], '#', 0.027203281497861775), ([[411, 705], [505, 705], [505, 745], [411, 745]], '이받길', 0.5068256854993003), ([[413, 741], [503, 741], [503, 783], [413, 783]], '렇아 숙', 0.21171196102407874), ([[413, 781], [505, 781], [505, 823], [413, 823]], '게주히', 0.9890331048312492), ([[441, 819], [477, 819], [477, 893], [441, 893]], '다', 0.021103893843715804), ([[169, 989], [242, 989], [242, 1114], [169, 1114]], '훌직', 0.00347882974821379), ([[176, 1074], [206, 1074], [206, 1114], [176, 1114]], '면', 0.9996768497267716), ([[173, 1111], [237, 1111], [237, 1147], [173, 1147]], '서리', 0.999669921840324), ([[210, 1148], [236, 1148], [236, 1188], [210, 1188]], '틀', 0.919500135487624)]
[([[75, 263], [116, 263], [116, 332], [75, 332]], '중', 0.8361295062657206), ([[68, 334], [124, 334], [124, 520], [68, 520]], '햇', 0.5636313876550503), ([[110, 988], [136, 988], [136, 1036], [110, 1036]], '중', 0.8542106404428615), ([[452, 963], [479, 963], [479, 1020], [452, 1020]], '울', 0.8880195348150579), ([[454, 1016], [480, 1016], [480, 1042], [454, 1042]], '대', 0.9999973773973494), ([[483, 993], [499, 993], [499, 1045], [483, 1045]], '큰', 0.031136484836677747), ([[782, 976], [808, 976], [808, 1024], [782, 1024]], '중', 0.7595995474569008), ([[777, 1029], [799, 1029], [799, 1049], [777, 1049]], '0', 0.9939573772133059), ([[106, 1040], [144, 1040], [144, 1072], [106, 1072]], '아', 0.9998189292865653), ([[459, 1045], [475, 1045], [475, 1071], [459, 1071]], '듯', 0.9999109526431518), ([[366, 1116], [390, 1116], [390, 1162], [366, 1162]], '중', 0.27548843168551684), ([[98, 1178], [150, 1178], [150, 1204], [98, 1204]], '야매', 0.9997542084277735), ([[362, 1168], [398, 1168], [398, 1198], [362, 1198]], '아', 0.9998239356296814), ([[772, 1106], [798, 1106], [798, 1252], [772, 1252]], '7', 0.00922000745841084), ([[98, 1204], [146, 1204], [146, 1236], [98, 1236]], '하우', 0.992868889871618), ([[100, 1236], [124, 1236], [124, 1260], [100, 1260]], '게', 0.9999637607043041)]
[([[861, 203], [903, 203], [903, 301], [861, 301]], '홍', 0.2738288458959346), ([[148, 378], [182, 378], [182, 410], [148, 410]], '네', 0.9999111910511296), ([[148, 417], [186, 417], [186, 488], [148, 488]], '옛', 0.482404473860246), ([[200, 878], [232, 878], [232, 912], [200, 912]], '하', 0.9998453915278596), ([[202, 914], [226, 914], [226, 954], [202, 954]], '우', 0.999988794358174), ([[178, 960], [210, 960], [210, 992], [178, 992]], '하', 0.9998257236124033), ([[180, 992], [204, 992], [204, 1028], [180, 1028]], '우', 0.9999650719831585), ([[899, 1045], [919, 1045], [919, 1071], [899, 1071]], '중', 0.32187050098633563), ([[843, 1087], [879, 1087], [879, 1125], [843, 1125]], '하', 0.9998383587358717), ([[902, 1086], [926, 1086], [926, 1128], [902, 1128]], '옷', 0.7435848961695832), ([[845, 1133], [865, 1133], [865, 1159], [845, 1159]], '중', 0.08132243247694593), ([[92, 1130], [122, 1130], [122, 1204], [92, 1204]], '후', 0.9000691449023748), ([[706, 1152], [786, 1152], [786, 1322], [706, 1322]], '#', 0.253487686281634)]
[([[207, 141], [243, 141], [243, 179], [207, 179]], '가', 0.9999181048948493), ([[144, 176], [168, 176], [168, 210], [144, 210]], '요', 0.999543003807176), ([[145, 225], [165, 225], [165, 283], [145, 283]], '오', 0.9976000896940604), ([[203, 211], [245, 211], [245, 289], [203, 289]], '가', 0.7508840562989008), ([[825, 177], [863, 177], [863, 265], [825, 265]], '잔', 0.010358681024551564), ([[830, 270], [854, 270], [854, 306], [830, 306]], '오', 0.9999868870211372), ([[439, 423], [481, 423], [481, 487], [439, 487]], '@', 0.03579311557419729), ([[744, 452], [770, 452], [770, 520], [744, 520]], '옷', 0.22690700330157654), ([[672, 572], [756, 572], [756, 626], [672, 626]], '아우', 0.9108604075474568), ([[673, 627], [761, 627], [761, 671], [673, 671]], '아아', 0.999984068528433), ([[676, 678], [764, 678], [764, 728], [676, 728]], '앗아', 0.28300241634965495), ([[124, 856], [176, 856], [176, 912], [124, 912]], '앗', 0.6356520935171375), ([[47, 1087], [104, 1087], [104, 1262], [47, 1262]], '약', 0.019220128613661736)]
[([[137, 657], [181, 657], [181, 701], [137, 701]], '하', 0.9998501595364964)]
[([[819, 51], [939, 51], [939, 91], [819, 91]], '과파이세', 0.14584599435329437), ([[789, 81], [855, 81], [855, 121], [789, 121]], '야입', 0.017819071496631495), ([[803, 141], [867, 141], [867, 183], [803, 183]], '입예', 0.4231317754283372), ([[816, 70], [968, 70], [968, 194], [816, 194]], '합롭혼  ', 0.001219760663123929), ([[190, 832], [216, 832], [216, 864], [190, 864]], '앞', 0.999932886296083), ([[227, 827], [299, 827], [299, 869], [227, 869]], '입술이', 0.867140110028847), ([[205, 859], [281, 859], [281, 897], [205, 897]], '가볍게', 0.9508313205410841), ([[207, 887], [279, 887], [279, 925], [207, 925]], '당논게', 0.3723066795969431), ([[173, 1177], [271, 1177], [271, 1261], [173, 1261]], '마표표잎', 0.022697554901242256), ([[221, 1215], [293, 1215], [293, 1255], [221, 1255]], '미끈해', 0.6210807315186565), ([[222, 1248], [270, 1248], [270, 1278], [222, 1278]], '아에', 0.9896598259985955), ([[226, 1264], [278, 1264], [278, 1316], [226, 1316]], '찾어', 0.8952125483326516), ([[84.96320313195125, 1127.090257852122], [122.56885455576797, 1103.0270271644363], [177.03679686804875, 1195.909742147878], [139.43114544423202, 1219.9729728355637]], '중', 0.00821272101340842), ([[198.550583861716, 1244.0338534873258], [225.47903771594264, 1247.389933442454], [214.449416138284, 1315.9661465126742], [188.52096228405736, 1312.610066557546]], '막', 0.26501089046350046)]
[([[435, 417], [557, 417], [557, 485], [435, 485]], '부풀허다', 0.22574763000011444), ([[469, 477], [523, 477], [523, 515], [469, 515]], '가슴', 0.9994632599369158), ([[108, 560], [190, 560], [190, 592], [108, 592]], '새하안', 0.9354418715512232), ([[111, 585], [185, 585], [185, 621], [111, 621]], '핏출의', 0.4257881645959778), ([[103, 611], [201, 611], [201, 647], [103, 647]], '얇음조차', 0.7108376622200012), ([[90, 636], [196, 636], [196, 684], [90, 684]], '사무 친다;', 0.353066720320846), ([[269, 853], [377, 853], [377, 897], [269, 897]], '이 쪽가슴은', 0.7798226078471279), ([[288, 888], [354, 888], [354, 920], [288, 920]], '가죽이', 0.6092773335552796), ([[271, 921], [365, 921], [365, 965], [271, 965]], '다로구나.', 0.23151846478506968), ([[441, 955], [527, 955], [527, 991], [441, 991]], '굉 장히', 0.9140357971191406), ([[417, 971], [510, 971], [510, 1026], [417, 1026]], "'맘예은", 0.14697007834911346), ([[506, 988], [540, 988], [540, 1014], [506, 1014]], '다', 0.9999892711927174), ([[760, 1116], [786, 1116], [786, 1160], [760, 1160]], '응', 0.9973508997889304), ([[708, 1230], [802, 1230], [802, 1278], [708, 1278]], '부드러', 0.9996540909758219), ([[672, 1270], [732, 1270], [732, 1302], [672, 1302]], '브라', 0.47146594567327565), ([[772, 1270], [804, 1270], [804, 1302], [772, 1302]], '제', 0.9999346743762203), ([[836, 1270], [868, 1270], [868, 1304], [836, 1304]], '서', 0.9996665994107481), ([[724, 1262], [816, 1262], [816, 1342], [724, 1342]], "'류두", 0.1523794837663106), ([[704, 1328], [837, 1328], [837, 1372], [704, 1372]], '바버로다', 0.11844950169324875), ([[235.47818194971444, 669.0692732139435], [253.43386091563733, 665.047625879632], [262.52181805028556, 709.9307267860565], [244.56613908436267, 713.952374120368]], '슈', 0.09337204527273357), ([[191.41998520943426, 711.0859511911331], [206.45302698932056, 706.0519839459216], [217.58001479056574, 747.9140488088669], [202.54697301067944, 752.9480160540784]], '4', 0.08923075529623148), ([[797.3424040507786, 1236.0544243046713], [832.447098776626, 1233.270937767925], [838.6575959492214, 1303.9455756953287], [803.552901223374, 1307.729062232075]], '뭐', 0.009355006796303356)]
[([[822, 102], [898, 102], [898, 132], [822, 132]], "'생벌처", 0.3284936845302582), ([[822, 130], [896, 130], [896, 162], [822, 162]], '각어 음', 0.7117948907198097), ([[822, 158], [900, 158], [900, 190], [822, 190]], '햇진 엔', 0.7738406761464532), ([[822, 188], [850, 188], [850, 212], [822, 212]], '다', 0.999994277962287), ([[848, 206], [900, 206], [900, 236], [848, 236]], '상커', 0.8517259995437528), ([[848, 232], [900, 232], [900, 262], [848, 262]], '처다', 0.9734809483442922), ([[845, 258], [905, 258], [905, 294], [845, 294]], '라량', 0.44623591384879613), ([[850, 290], [898, 290], [898, 314], [850, 314]], '고 게', 0.9994156254294271), ([[747, 541], [847, 541], [847, 581], [747, 581]], '부드러운', 0.9878261685371399), ([[858, 542], [884, 542], [884, 578], [858, 578]], '털', 0.9994183432727368), ([[751, 573], [905, 573], [905, 611], [751, 611]], '집고양이 같이', 0.6869883811949606), ([[749, 603], [845, 603], [845, 641], [749, 641]], '거스르는', 0.7647365298196953), ([[857, 605], [909, 605], [909, 641], [857, 641]], '느낌', 0.9986503876368555), ([[802, 734], [928, 734], [928, 810], [802, 810]], '한@이에', 0.017041495069861412), ([[736, 754], [930, 754], [930, 880], [736, 880]], '뼈려 기', 0.006550785154104233), ([[882, 800], [914, 800], [914, 836], [882, 836]], '꽤', 0.07478914139270731)]
[([[94, 820], [118, 820], [118, 850], [94, 850]], '7', 0.1066673947029182)]
[([[115, 92], [209, 92], [209, 132], [115, 132]], '두사람은', 0.9762964248657227), ([[833, 93], [894, 93], [894, 136], [833, 136]], '"사이', 0.42553698214603675), ([[125, 125], [207, 125], [207, 165], [125, 165]], '말없이', 0.9996975868122185), ([[728, 140], [768, 140], [768, 170], [728, 170]], '@3', 0.5604119494116317), ([[782, 129], [968, 129], [968, 178], [782, 178]], '벌레소리논 &3', 0.2612221837856143), ([[135, 157], [217, 157], [217, 195], [135, 195]], "어저서'", 0.2620167136192322), ([[806, 162], [898, 162], [898, 210], [806, 210]], '멈차다', 0.2405723817592079), ([[96, 190], [124, 190], [124, 220], [96, 220]], '나', 0.998669471153594), ([[159, 187], [233, 187], [233, 227], [159, 227]], '정 액올', 0.6724597215652466), ([[926, 196], [966, 196], [966, 228], [926, 228]], '@9', 0.5753666598988427), ([[85, 219], [151, 219], [151, 259], [85, 259]], '티슷로', 0.5822068781598742), ([[163, 219], [243, 219], [243, 259], [163, 259]], '닭앉다', 0.12058443136126627), ([[923, 245], [963, 245], [963, 287], [923, 287]], '요', 0.6846807644548427), ([[925, 297], [963, 297], [963, 339], [925, 339]], '0', 0.4022549735228864), ([[87, 849], [225, 849], [225, 889], [87, 889]], '이제  다시는', 0.26259645224486605), ([[505, 846], [591, 846], [591, 891], [505, 891]], '하지만', 0.989892478575313), ([[109, 881], [203, 881], [203, 919], [109, 919]], '이 전으로', 0.9844550835686171), ([[493, 885], [607, 885], [607, 925], [493, 925]], '1_관계가|', 0.434506407037432), ([[752, 820], [874, 820], [874, 956], [752, 956]], '@7@', 0.03858580129601064), ([[101, 911], [207, 911], [207, 951], [101, 951]], '돌아갈 수', 0.9512471224099797), ([[498, 918], [600, 918], [600, 966], [498, 966]], '무너겪다', 0.7626560926437378), ([[121, 945], [177, 945], [177, 983], [121, 983]], '없어,', 0.9484867487229087), ([[838, 1002], [868, 1002], [868, 1042], [838, 1042]], '터', 0.8883852281600504), ([[812, 1032], [886, 1032], [886, 1080], [812, 1080]], '함께씨', 0.3436981498281298), ([[624, 1104], [712, 1104], [712, 1158], [624, 1158]], '떨어젠', 0.07056289652429891), ([[612, 1144], [672, 1144], [672, 1196], [612, 1196]], '옛예', 0.053467645060608734), ([[181, 1217], [201, 1217], [201, 1243], [181, 1243]], '소', 0.9994740478506597), ([[632, 1182], [662, 1182], [662, 1228], [632, 1228]], '꼽', 0.08555831842480544), ([[650, 1138], [730, 1138], [730, 1267], [650, 1267]], '', 0.0), ([[176, 1288], [208, 1288], [208, 1326], [176, 1326]], '장', 0.9916410622018681), ([[510, 1204], [542, 1204], [542, 1334], [510, 1334]], "'", 0.11252975737378623), ([[627, 1213], [715, 1213], [715, 1307], [627, 1307]], '@히최', 0.020399290399646983), ([[109.46334368540005, 157.0483902697003], [133.44285568675807, 151.03286689872093], [148.53665631459995, 217.9516097302997], [124.55714431324193, 223.96713310127907]], '떡', 0.3281670118110789), ([[806.7806081104771, 896.0532052635824], [900.1792081983696, 965.2768155589658], [793.2193918895229, 1106.9467947364176], [700.8207918016304, 1036.7231844410342]], '', 0.0)]
[([[679, 157], [729, 157], [729, 171], [679, 171]], '94', 0.037443420099678104), ([[871, 791], [907, 791], [907, 869], [871, 869]], '4', 0.37300146194170125), ([[870, 870], [900, 870], [900, 904], [870, 904]], '히', 0.986857726414442), ([[416.93129425018134, 41.038119502538976], [515.6404410941686, -5.986321603545685], [606.0687057498186, 210.96188049746104], [506.35955890583136, 257.98632160354566]], ' ', 0.3330258798934125)]
[([[818, 32], [951, 32], [951, 134], [818, 134]], '하다 |값', 0.23004442881030449), ([[824, 94], [850, 94], [850, 164], [824, 164]], '아', 0.011306579066686029), ([[847, 125], [893, 125], [893, 163], [847, 163]], '어?', 0.9996609032987365), ([[908, 158], [940, 158], [940, 238], [908, 238]], '올', 0.20124930797469265), ([[731, 205], [769, 205], [769, 307], [731, 307]], '닭', 0.04776298073958518), ([[718, 326], [742, 326], [742, 366], [718, 366]], '곳', 0.9060340757115206), ([[905, 259], [941, 259], [941, 379], [905, 379]], '꿀', 0.005297025741587191), ([[342, 516], [396, 516], [396, 542], [342, 542]], '가나', 0.9967856263802123), ([[344, 540], [392, 540], [392, 568], [344, 568]], '로초', 0.514548939783255), ([[371, 569], [391, 569], [391, 591], [371, 591]], '히', 0.5253340760206449), ([[337, 565], [399, 565], [399, 629], [337, 629]], '책칠', 0.07091486033287216), ([[342, 622], [372, 622], [372, 654], [342, 654]], '%', 0.07444616669955906), ([[340, 650], [370, 650], [370, 680], [340, 680]], '언', 0.3849426209945115), ([[766, 816], [792, 816], [792, 858], [766, 858]], '응', 0.9984867341589485), ([[111, 989], [149, 989], [149, 1027], [111, 1027]], '다', 0.9999936819176334), ([[169, 951], [207, 951], [207, 1041], [169, 1041]], '쥐', 0.4337125496391856), ([[109, 1025], [148, 1025], [148, 1102], [109, 1102]], '혀', 0.08895662961458939), ([[739.4199852094342, 326.08595119113306], [756.0960525146218, 328.3270777408405], [751.5800147905658, 362.91404880886694], [734.9039474853782, 360.6729222591595]], '곳', 0.8577548604903882)]
[([[224, 344], [250, 344], [250, 388], [224, 388]], '응', 0.9969358111521274), ([[751, 503], [771, 503], [771, 529], [751, 529]], '중', 0.1590056324474185), ([[7, 661], [155, 661], [155, 701], [7, 701]], '포동포동하 게', 0.9660196207223074), ([[29, 689], [133, 689], [133, 734], [29, 734]], '딸려오는', 0.7330542206764221), ([[29, 723], [131, 723], [131, 759], [29, 759]], '나6히의', 0.24373705685138702), ([[41, 751], [123, 751], [123, 793], [41, 793]], '유방올', 0.3488781491349324), ([[87, 953], [123, 953], [123, 1045], [87, 1045]], '꼴', 0.003954742663695221), ([[329, 907], [395, 907], [395, 1051], [329, 1051]], '#', 0.028378178032291368), ([[432, 1072], [458, 1072], [458, 1118], [432, 1118]], '응', 0.9966085151182966), ([[355, 1103], [393, 1103], [393, 1185], [355, 1185]], '콩', 0.03927571008173292), ([[83, 1159], [119, 1159], [119, 1219], [83, 1219]], '하', 0.9965433003658433), ([[270, 1268], [406, 1268], [406, 1394], [270, 1394]], '다', 0.006756561660209437)]
[([[740, 120], [881, 120], [881, 170], [740, 170]], '두번 다시', 0.6874068893955635), ([[752, 160], [872, 160], [872, 208], [752, 208]], '돌아가지', 0.9991163015365601), ([[750, 198], [858, 198], [858, 246], [750, 246]], '못하도록', 0.9984118938446045), ([[88, 218], [216, 218], [216, 274], [88, 274]], '함께  가,', 0.36393451821500344), ([[219, 437], [297, 437], [297, 722], [219, 722]], '%', 0.0032718357028116984), ([[163, 885], [199, 885], [199, 979], [163, 979]], '', 0.0), ([[95, 1053], [115, 1053], [115, 1081], [95, 1081]], '중', 0.5619925511454404), ([[126, 1234], [224, 1234], [224, 1388], [126, 1388]], '푹', 0.23700530222419047), ([[842.438262381114, 1224.7506099048912], [908.8813813327929, 1218.3214690275172], [909.561737618886, 1235.2493900951088], [844.1186186672071, 1241.6785309724828]], '건파 간', 0.012451508082449436)]
[([[669, 65], [759, 65], [759, 103], [669, 103]], '아아곰', 0.08524092831075124), ([[641, 97], [765, 97], [765, 139], [641, 139]], '여름이다:', 0.4993969273616496), ([[878, 320], [902, 320], [902, 352], [878, 352]], '소', 0.9999961853063724), ([[873, 401], [911, 401], [911, 443], [873, 443]], '장', 0.9773592180181936), ([[100, 532], [240, 532], [240, 582], [100, 582]], '시 작되논', 0.6675659513126023), ([[123, 577], [213, 577], [213, 619], [123, 619]], '거네 ', 0.9496099302831092), ([[417, 739], [453, 739], [453, 775], [417, 775]], '여', 0.999736803209089), ([[417, 769], [455, 769], [455, 879], [417, 879]], '틈', 0.03377118321943673), ([[272, 1010], [296, 1010], [296, 1052], [272, 1052]], '응', 0.9964953427032732), ([[265, 1043], [331, 1043], [331, 1083], [265, 1083]], '그래', 0.9999924978692074), ([[383, 1157], [449, 1157], [449, 1199], [383, 1199]], '우리', 0.9999777465365097), ([[480, 1160], [512, 1160], [512, 1194], [480, 1194]], '의', 0.9994028506328192), ([[403, 1195], [439, 1195], [439, 1231], [403, 1231]], '여', 0.999902250771413), ([[800, 1216], [918, 1216], [918, 1243], [800, 1243]], '정파한 녀스', 0.4125683135569639), ([[383, 1227], [451, 1227], [451, 1271], [383, 1271]], '지금', 0.9997568213452458), ([[375, 1261], [527, 1261], [527, 1303], [375, 1303]], '시 작이야', 0.9630566729799123), ([[81, 1301], [139, 1301], [139, 1343], [81, 1343]], '떼', 0.4158599858391341), ([[443.5582738957006, 1161.0244650613056], [476.34063840104983, 1148.014530707717], [520.4417261042994, 1258.9755349386944], [487.65936159895017, 1272.985469292283]], '틈', 0.17613740553861135), ([[436.5697127830433, 1191.031018202999], [462.3675797160079, 1185.0226043003356], [479.4302872169567, 1265.968981797001], [453.6324202839921, 1271.9773956996644]], '특', 0.07823426346134088)]
[([[785, 149], [889, 149], [889, 189], [785, 189]], '언제나', 0.999901717811072), ([[731, 183], [939, 183], [939, 225], [731, 225]], '자신만만한게', 0.9980819123485278), ([[781, 219], [857, 219], [857, 255], [781, 255]], '지나', 0.9991636561165613), ([[771, 253], [833, 253], [833, 295], [771, 295]], '정도', 0.999913852928511), ([[766, 282], [834, 282], [834, 330], [766, 330]], '유마', 0.9969345204255056), ([[831, 253], [869, 253], [869, 331], [831, 331]], '영', 0.9579053406569074), ([[864, 288], [896, 288], [896, 322], [864, 322]], '이', 0.9993407621039729), ([[783, 321], [885, 321], [885, 363], [783, 363]], '완 전히', 0.8479978620848396), ([[746, 354], [924, 354], [924, 402], [746, 402]], '가라앉앗다', 0.7724169857917059), ([[312, 558], [338, 558], [338, 628], [312, 628]], '혹', 0.0605708764295656), ([[788, 1002], [864, 1002], [864, 1050], [788, 1050]], '리들의', 0.9235017093161385), ([[765, 1003], [873, 1003], [873, 1091], [765, 1091]], '울건달안', 0.00815192423760891), ([[782, 1084], [810, 1084], [810, 1120], [782, 1120]], '계', 0.9995222662385004), ([[804, 1078], [856, 1078], [856, 1160], [804, 1160]], '작올', 0.018765878322204926), ([[670, 1110], [696, 1110], [696, 1186], [670, 1186]], '흙', 0.09720212612158807), ([[775, 1115], [863, 1115], [863, 1207], [775, 1207]], '실패다', 0.09361520526558935), ([[844.4180240380207, 216.0425634585406], [877.4322367230736, 204.0234221477222], [907.5819759619793, 291.9574365414594], [874.5677632769264, 303.97657785227784]], '철', 0.8713723813005778)]
[([[783, 257], [827, 257], [827, 307], [783, 307]], '지:', 0.1075579402098478), ([[795, 301], [833, 301], [833, 349], [795, 349]], "퍽'", 0.9870353478020557), ([[766, 344], [846, 344], [846, 392], [766, 392]], '이라고7', 0.32618606090545654), ([[159, 329], [210, 329], [210, 500], [159, 500]], '월', 0.020488808795619207), ([[856, 838], [904, 838], [904, 930], [856, 930]], '종', 0.055579174789450514), ([[854, 926], [902, 926], [902, 1010], [854, 1010]], '행', 0.9806344735948755), ([[524, 1168], [576, 1168], [576, 1316], [524, 1316]], '지', 0.0050878142086055456), ([[777.5469730106795, 300.0519839459216], [797.6445275956086, 298.1067001878997], [801.4530269893205, 346.9480160540784], [780.3554724043914, 348.8932998121003]], '꿀', 0.6769830356421522)]
[([[766, 80], [828, 80], [828, 128], [766, 128]], '티수', 0.1485281603030098), ([[740, 118], [830, 118], [830, 168], [740, 168]], '준비할-', 0.8088816045472537), ([[820, 80], [853, 80], [853, 165], [820, 165]], '틀', 0.8218440158534577), ([[846, 124], [870, 124], [870, 156], [846, 156]], '도', 0.9999053500638553), ([[751, 161], [861, 161], [861, 205], [751, 205]], '없있다 ', 0.4943699240684509), ([[133, 373], [291, 373], [291, 417], [133, 417]], "'벼락이치논듯", 0.7216715987801077), ([[672, 374], [702, 374], [702, 404], [672, 404]], '1:', 0.4944579330052681), ([[725, 373], [865, 373], [865, 415], [725, 415]], '처음으로 한', 0.682390875642595), ([[157, 411], [269, 411], [269, 451], [157, 451]], '감격적인', 0.9428787702725435), ([[708, 404], [885, 404], [885, 448], [708, 448]], '감상은 머리에', 0.9288687541769316), ([[133, 443], [277, 443], [277, 485], [133, 485]], '사정이없다,', 0.9442639906504503), ([[721, 435], [871, 435], [871, 477], [721, 477]], "'번게가 치는", 0.45421782113901615), ([[740, 468], [764, 468], [764, 494], [740, 494]], '드', 0.9987788354484941), ([[769, 467], [835, 467], [835, 509], [769, 509]], '햇다', 0.7212927064792769), ([[156, 822], [194, 822], [194, 852], [156, 852]], '카', 0.995689041432243), ([[159, 851], [188, 851], [188, 948], [159, 948]], '줄', 0.4609387207820106), ([[48, 1067], [185, 1067], [185, 1115], [48, 1115]], '유마장도', 0.9298011550411867), ([[64, 1104], [174, 1104], [174, 1156], [64, 1156]], '벼락올', 0.7157397849514623), ([[60, 1144], [174, 1144], [174, 1194], [60, 1194]], '맞있다', 0.777880945776532), ([[49, 1219], [115, 1219], [115, 1243], [49, 1243]], '경과안', 0.002781283869383107)]
[([[625, 85], [689, 85], [689, 303], [625, 303]], '#', 0.1752155748757298), ([[125, 1021], [171, 1021], [171, 1063], [125, 1063]], '가', 0.9998271539997319), ([[488, 1006], [590, 1006], [590, 1214], [488, 1214]], '#출', 0.08534718713529722), ([[791, 1023], [833, 1023], [833, 1115], [791, 1115]], '또', 0.11863629481851579), ([[122, 1114], [176, 1114], [176, 1260], [122, 1260]], '별', 0.07705745268760111), ([[863, 1223], [911, 1223], [911, 1237], [863, 1237]], '사어', 0.006029642079524386)]
[([[601, 51], [641, 51], [641, 129], [601, 129]], '작', 0.04824233254067978), ([[218, 284], [244, 284], [244, 330], [218, 330]], '옷', 0.8968666260115157), ([[823, 487], [841, 487], [841, 523], [823, 523]], '응', 0.9993446947174931), ([[48.43826238111394, 10.750609904891151], [112.86341600347185, 3.2735835918669047], [114.56173761888606, 21.249390095108847], [50.136583996528145, 27.726416408133094]], '2 ', 0.007994056674493268)]
[([[375, 489], [437, 489], [437, 525], [375, 525]], '어서', 0.9999570104851716), ([[575, 469], [711, 469], [711, 513], [575, 513]], '말하자면', 0.9769740700721741), ([[364, 520], [448, 520], [448, 568], [364, 568]], '벗기고', 0.9938907313761789), ([[599, 505], [691, 505], [691, 549], [599, 549]], '밤이고', 0.5553246035554142), ([[596, 534], [691, 534], [691, 585], [596, 585]], '낮이고', 0.9986062758510921), ([[375, 561], [437, 561], [437, 603], [375, 603]], '싶어', 0.9987793084255395), ([[623, 575], [691, 575], [691, 617], [623, 617]], '칸립', 0.2340334850365463), ([[581, 611], [707, 611], [707, 653], [581, 653]], '하고싶어', 0.9898276329040527), ([[492, 666], [612, 666], [612, 716], [492, 716]], '다른일은', 0.9854108691215515), ([[509, 705], [597, 705], [597, 749], [509, 749]], '암컷도', 0.6979488005414566), ([[495, 741], [613, 741], [613, 783], [495, 783]], '하고심지', 0.9037883281707764), ([[335, 775], [385, 775], [385, 819], [335, 819]], '실은', 0.9997376038054188), ([[519, 777], [587, 777], [587, 819], [519, 819]], '않아', 0.9998498762263066), ([[277, 817], [297, 817], [297, 845], [277, 845]], '그', 0.9804424166724779), ([[297, 807], [446, 807], [446, 859], [297, 859]], '첫날영이래로', 0.21876454651531563), ([[272, 846], [328, 846], [328, 894], [272, 894]], '몇번', 0.6131078255095023), ([[272, 880], [372, 880], [372, 930], [272, 930]], '만족하지', 0.9892433881759644), ([[320, 842], [454, 842], [454, 938], [320, 938]], '해|러', 0.000757172883998158), ([[86, 918], [118, 918], [118, 948], [86, 948]], '네', 0.999965548812046), ([[86, 950], [116, 950], [116, 976], [86, 976]], '에', 0.9996582561690595), ([[392, 1032], [450, 1032], [450, 1064], [392, 1064]], '안안', 0.9957531479727633), ([[390, 1060], [448, 1060], [448, 1086], [390, 1086]], '아아', 0.9999346730098035), ([[390, 1086], [450, 1086], [450, 1116], [390, 1116]], '저저', 0.22880153612896112), ([[71, 1156], [158, 1156], [158, 1201], [71, 1201]], '하지만', 0.9819846499298603), ([[36, 1193], [191, 1193], [191, 1241], [36, 1241]], '나도 유마장도', 0.9632645714720808), ([[485, 1207], [523, 1207], [523, 1243], [485, 1243]], '제', 0.9998546891552316), ([[48, 1231], [181, 1231], [181, 1279], [48, 1279]], '실망하지논', 0.37378058225807725), ([[72, 1270], [160, 1270], [160, 1318], [72, 1318]], '않앉다', 0.19298475283788885)]
[([[194, 236], [242, 236], [242, 398], [194, 398]], '하', 0.18142945940804456), ([[678, 702], [902, 702], [902, 750], [678, 750]], '우리가 처음으로', 0.9987614292522865), ([[682, 740], [897, 740], [897, 780], [682, 780]], '제대로 하나가', 0.9850490104028163), ([[707, 775], [781, 775], [781, 819], [707, 819]], '된것', 0.8163883368267781), ([[769, 771], [877, 771], [877, 857], [769, 857]], "'용히하", 0.2427537441253662), ([[151, 811], [171, 811], [171, 845], [151, 845]], '우', 0.9999337207332815), ([[667, 807], [773, 807], [773, 849], [667, 849]], '호텔의', 0.9978989153177961), ([[807, 811], [883, 811], [883, 847], [807, 847]], '이아', 0.5876218199324432), ([[658, 840], [886, 840], [886, 888], [658, 888]], '집의 침대 위엿', 0.6286402785071256), ([[303, 977], [387, 977], [387, 1013], [303, 1013]], '제대로', 0.999983826021402), ([[333, 949], [353, 949], [353, 983], [333, 983]], '응', 0.9983713111278689), ([[895, 941], [933, 941], [933, 1019], [895, 1019]], '둑', 0.03702123811331148), ([[317, 1007], [371, 1007], [371, 1043], [317, 1043]], '속의', 0.9994464038899672), ([[301, 1037], [387, 1037], [387, 1075], [301, 1075]], '속까지', 0.5592872951952921), ([[893, 1015], [935, 1015], [935, 1093], [893, 1093]], '약', 0.03146372626961469), ([[295, 1127], [397, 1127], [397, 1171], [295, 1171]], '유마장의', 0.812610924243927), ([[320, 1166], [374, 1166], [374, 1198], [320, 1198]], '안에', 0.6459219181600273), ([[294, 1194], [400, 1194], [400, 1242], [294, 1242]], '들어가어', 0.96607905626297), ([[790, 1200], [818, 1200], [818, 1238], [790, 1238]], '들', 0.9990161694145208), ([[873, 1145], [913, 1145], [913, 1275], [873, 1275]], '꿀', 0.0493210915743012), ([[788, 1236], [820, 1236], [820, 1268], [788, 1268]], '어', 0.9999876022723129), ([[779, 1195], [855, 1195], [855, 1388], [779, 1388]], '#', 0.13814315823694656), ([[876.2038378058769, 809.0637943964367], [913.7993603411312, 805.3349917081784], [920.7961621941231, 880.9362056035633], [883.2006396588688, 884.6650082918216]], '남', 0.0173548632454521)]
[([[782, 162], [806, 162], [806, 206], [782, 206]], '중', 0.414486754743848), ([[778, 200], [814, 200], [814, 232], [778, 232]], '아', 0.9999459989208823), ([[761, 509], [781, 509], [781, 549], [761, 549]], '중', 0.875796302398669), ([[274, 528], [298, 528], [298, 570], [274, 570]], '중', 0.6928675725502877), ([[270, 566], [302, 566], [302, 596], [270, 596]], '아', 0.9953119436910901), ([[108, 690], [132, 690], [132, 734], [108, 734]], '중', 0.3340961375060978), ([[104, 730], [136, 730], [136, 756], [104, 756]], '아', 0.935677582430102), ([[60, 976], [160, 976], [160, 1096], [60, 1096]], '71', 0.9189976184480028), ([[375, 1019], [579, 1019], [579, 1079], [375, 1079]], '유마는 사정', 0.9804065260433243), ([[384, 1060], [502, 1060], [502, 1116], [384, 1116]], '받아주', 0.9761364266899636), ([[530, 1066], [562, 1066], [562, 1112], [530, 1112]], '동', 0.9999123830914449), ([[558, 1022], [612, 1022], [612, 1156], [558, 1156]], '떠', 0.017672463658166215), ([[364, 1100], [482, 1100], [482, 1154], [364, 1154]], '좋아해', 0.9939945733428232), ([[609, 1103], [645, 1103], [645, 1153], [609, 1153]], '올', 0.8675685848685397), ([[423, 1145], [461, 1145], [461, 1193], [423, 1193]], '몇', 0.9996615934615569), ([[495, 1145], [543, 1145], [543, 1185], [495, 1185]], '이', 0.9994974767835174), ([[398, 1136], [514, 1136], [514, 1238], [398, 1238]], '리#', 0.0033616602617034977), ([[502, 1184], [586, 1184], [586, 1234], [502, 1234]], '없다', 0.44265868315820767), ([[863, 1223], [911, 1223], [911, 1237], [863, 1237]], '면', 0.0425347525228057), ([[820.31030298491, 442.0340601475913], [873.4476852112034, 431.1513353469992], [897.68969701509, 556.9659398524087], [844.5523147887966, 567.8486646530008]], '1', 0.07632285811613215), ([[489.3585363632979, 1070.0343881786703], [530.4566866055599, 1051.0174054671654], [584.6414636367022, 1174.9656118213297], [542.5433133944401, 1193.9825945328346]], '8', 0.02124482204301703)]
[([[797, 87], [925, 87], [925, 129], [797, 129]], '나의 작은', 0.8952946336034835), ([[775, 119], [945, 119], [945, 161], [775, 161]], '침대위에서', 0.9928213682809928), ([[813, 153], [909, 153], [909, 195], [813, 195]], '둘이서', 0.9946364314693666), ([[799, 185], [921, 185], [921, 225], [799, 225]], '바동바동', 0.47774824500083923), ([[143, 265], [207, 265], [207, 305], [143, 305]], '나는', 0.9946593761849803), ([[105, 295], [175, 295], [175, 337], [105, 337]], '유마', 0.9990337938301734), ([[206, 296], [236, 296], [236, 334], [206, 334]], '의', 0.9991147094188477), ([[148, 330], [172, 330], [172, 360], [148, 360]], '코', 0.9999163168295269), ([[171, 297], [209, 297], [209, 371], [171, 371]], '잘', 0.3095626548965278), ([[91, 359], [257, 359], [257, 403], [91, 403]], '닦아주없다', 0.35926643997332786), ([[294, 466], [419, 466], [419, 506], [294, 506]], '카즈로군이', 0.6358330047782144), ([[316, 498], [398, 498], [398, 528], [316, 528]], '내안에', 0.9982855469613192), ([[421, 479], [450, 479], [450, 550], [421, 550]], '쫓', 0.31053562601579543), ([[293, 521], [345, 521], [345, 557], [293, 557]], '들어', 0.9999832255955002), ([[390, 524], [422, 524], [422, 556], [390, 556]], '때', 0.9997635027539218), ([[300, 576], [328, 576], [328, 606], [300, 606]], '생', 0.9997278637090155), ([[342, 522], [396, 522], [396, 608], [342, 608]], '알물', 0.004021254440637814), ([[369, 547], [409, 547], [409, 607], [369, 607]], '면연', 0.0458770491288253), ([[292, 602], [418, 602], [418, 632], [292, 632]], '보고 싶어저', 0.8945394110374388), ([[109, 773], [127, 773], [127, 797], [109, 797]], '7', 0.9999878406894283), ([[127, 757], [163, 757], [163, 799], [127, 799]], '후후', 0.9903013448825915), ([[104, 794], [164, 794], [164, 826], [104, 826]], '최고로', 0.9993083356251875), ([[91, 829], [181, 829], [181, 871], [91, 871]], '사랑스러', 0.9967789649963379), ([[91, 861], [179, 861], [179, 905], [91, 905]], '윗는걸0', 0.350651353597641), ([[245, 961], [265, 961], [265, 987], [245, 987]], '4', 0.06701448215812889), ([[805, 957], [881, 957], [881, 995], [805, 995]], '최고로', 0.9993250586939222), ([[787, 991], [900, 991], [900, 1039], [787, 1039]], '자신 잇고', 0.4860642589225017), ([[236, 1028], [268, 1028], [268, 1058], [236, 1058]], '지', 0.9988796274535083), ([[779, 1027], [907, 1027], [907, 1071], [779, 1071]], '자랑스러운', 0.9695582967702696), ([[778, 1058], [908, 1058], [908, 1106], [778, 1106]], '코가붉어 진', 0.5145905676339187), ([[144, 1084], [282, 1084], [282, 1132], [144, 1132]], '이제부터', 0.998228736294837), ([[297, 1087], [361, 1087], [361, 1131], [297, 1131]], '계 속', 0.6498958468437195), ([[811, 1099], [893, 1099], [893, 1141], [811, 1141]], '마장의', 0.9882254369414281), ([[817, 1133], [893, 1133], [893, 1177], [817, 1177]], '눈얼굴', 0.6863336313904483), ([[185, 1155], [323, 1155], [323, 1193], [185, 1193]], '잔 ~~~~똑', 0.40578500424454844), ([[141, 1215], [362, 1215], [362, 1265], [141, 1265]], '야한것하자 0', 0.7473880623547845), ([[95, 1301], [157, 1301], [157, 1345], [95, 1345]], '때', 0.009730937775594362), ([[319.3351366892331, 550.0746014326256], [343.50972074952296, 543.043619652767], [358.6648633107669, 599.9253985673744], [333.49027925047704, 606.956380347233]], '욕', 0.02013694720928072), ([[786.5635180285155, 1100.0319225939054], [809.480213475661, 1097.0386835667573], [819.4364819714845, 1173.9680774060946], [796.519786524339, 1176.9613164332427]], '유', 0.9213273806985889)]
[([[756, 142], [900, 142], [900, 196], [756, 196]], "'아주 거친 속옷", 0.6034252359615412), ([[756, 186], [898, 186], [898, 236], [756, 236]], '5-보라에다가', 0.3391253541079499), ([[802, 230], [854, 230], [854, 280], [802, 280]], '매발', 0.8748667333957493), ([[336, 294], [360, 294], [360, 332], [336, 332]], '응', 0.9993046539233461), ([[418, 310], [444, 310], [444, 342], [418, 342]], '1', 0.33987322891029237), ([[217, 317], [269, 317], [269, 361], [217, 361]], '털썩', 0.8612136271446102), ([[422, 338], [446, 338], [446, 366], [422, 366]], '히"', 0.2387357016153577), ([[195, 353], [291, 353], [291, 395], [195, 395]], '주저앉아', 0.9877508282661438), ([[243, 373], [265, 373], [265, 393], [243, 393]], '(*', 0.022876533336806084), ([[209, 387], [279, 387], [279, 431], [209, 431]], '과자지', 0.1109006890334698), ([[211, 425], [273, 425], [273, 465], [211, 465]], '안주로', 0.9753287378146096), ([[208, 456], [280, 456], [280, 504], [208, 504]], '잡지틀', 0.26285493008935096), ([[201, 497], [285, 497], [285, 539], [201, 539]], '보고있다', 0.9861510992050171), ([[827, 1011], [863, 1011], [863, 1047], [827, 1047]], '서', 0.9998086782421503), ([[829, 1006], [895, 1006], [895, 1109], [829, 1109]], '설률', 0.0796179929910875), ([[176, 1084], [206, 1084], [206, 1116], [176, 1116]], '뭐', 0.9945188971665999), ([[176, 1114], [204, 1114], [204, 1142], [176, 1142]], '어', 0.999985933353301), ([[790, 1112], [822, 1112], [822, 1150], [790, 1150]], '인', 0.9999911785320279), ([[862, 1112], [894, 1112], [894, 1150], [862, 1150]], '인', 0.9999884367323411), ([[176, 1144], [210, 1144], [210, 1174], [176, 1174]], '야', 0.9998486099324424), ([[745, 1103], [799, 1103], [799, 1214], [745, 1214]], '값', 0.047553706209328084), ([[794, 1144], [824, 1144], [824, 1182], [794, 1182]], '얼', 0.8685199759882813), ([[858, 1144], [888, 1144], [888, 1180], [858, 1180]], '의', 0.9999023699748797), ([[816, 1178], [884, 1178], [884, 1204], [816, 1204]], '짜이', 0.9978849682046393), ([[769, 1209], [879, 1209], [879, 1245], [769, 1245]], '여기에', 0.9993366891630072), ([[127, 1235], [203, 1235], [203, 1271], [127, 1271]], '빠히', 0.9963795695105565), ([[783, 1245], [853, 1245], [853, 1283], [783, 1283]], '있다', 0.9965813287499747), ([[127, 1260], [236, 1260], [236, 1315], [127, 1315]], '보기는', 0.4152660421551714), ([[744.3783634944433, 1009.0322895466553], [788.0456945564184, 1001.091825756236], [809.6216365055567, 1116.9677104533446], [765.9543054435816, 1125.908174243764]], '#', 0.03729930105378565), ([[783.6801436727833, 1013.0102412954193], [822.2788947325867, 1002.0077842866984], [873.3198563272167, 1178.9897587045807], [834.7211052674133, 1190.9922157133017]], "'", 0.3080514068063991)]
[([[685, 81], [785, 81], [785, 137], [685, 137]], '그대로', 0.99635217673157), ([[698, 132], [774, 132], [774, 184], [698, 184]], '세게', 0.6639354651430637), ([[689, 175], [787, 175], [787, 239], [689, 239]], '흔듣다', 0.377434534519433), ([[712, 238], [742, 238], [742, 272], [712, 272]], '!', 0.9680309641419313), ([[88, 618], [136, 618], [136, 678], [88, 678]], "'4", 0.9053303117829441), ([[33, 707], [71, 707], [71, 781], [33, 781]], '도', 0.016712640545471835), ([[153, 755], [199, 755], [199, 797], [153, 797]], '값', 0.1790442979844622), ([[87, 803], [131, 803], [131, 909], [87, 909]], '양', 0.17645283961157077), ([[769, 903], [841, 903], [841, 945], [769, 945]], '효라', 0.8505845384060902), ([[747, 944], [861, 944], [861, 992], [747, 992]], '간거지', 0.9992627774964524), ([[122, 1195], [154, 1195], [154, 1284], [122, 1284]], '응', 0.3463971730485902), ([[125, 1283], [165, 1283], [165, 1323], [125, 1323]], '0', 0.9843619945411461), ([[165.26190718873656, 623.0547781645348], [204.88469380896686, 612.0788906876218], [226.73809281126344, 699.9452218354652], [187.11530619103314, 710.9211093123782]], '렁', 0.004487972951632335)]
[([[421, 145], [495, 145], [495, 187], [421, 187]], '귀으', 0.8526410357998278), ([[421, 195], [461, 195], [461, 231], [421, 231]], '여', 0.9998438419275004), ([[418, 234], [496, 234], [496, 318], [418, 318]], '워응', 0.47759287587318483), ([[832, 338], [856, 338], [856, 368], [832, 368]], '층', 0.01732084462255501), ([[518, 686], [550, 686], [550, 754], [518, 754]], '마', 0.9978260900599167), ([[610, 656], [646, 656], [646, 782], [610, 782]], '역', 0.08426146587126837), ([[846, 760], [916, 760], [916, 810], [846, 810]], '177', 0.026359810650423685), ([[843, 805], [921, 805], [921, 849], [843, 849]], '재미어', 0.4240477596036602), ([[513, 760], [553, 760], [553, 987], [513, 987]], '}', 0.048070324447807344), ([[843, 843], [919, 843], [919, 883], [843, 883]], '보이네', 0.9926589727401733), ([[79, 1153], [149, 1153], [149, 1189], [79, 1189]], '기다려', 0.9914496263998702), ([[793, 1145], [903, 1145], [903, 1183], [793, 1183]], '우리들의', 0.9990848302841187), ([[811, 1173], [889, 1173], [889, 1209], [811, 1209]], '셈스는', 0.5335949859818698), ([[79, 1187], [149, 1187], [149, 1223], [79, 1223]], '기다려', 0.9862966142083213), ([[850, 1204], [910, 1204], [910, 1232], [850, 1232]], '에서', 0.998657296993414), ([[784, 1195], [890, 1195], [890, 1296], [784, 1296]], '씩금하', 0.0018816460991454569), ([[876, 1232], [904, 1232], [904, 1262], [876, 1262]], '게', 0.9999639991185774), ([[882, 1258], [906, 1258], [906, 1292], [882, 1292]], '논', 0.6337340554710522), ([[613, 1265], [631, 1265], [631, 1301], [613, 1301]], '응', 0.9993672180167188), ([[796, 1286], [828, 1286], [828, 1322], [796, 1322]], '것', 0.9998923569084504), ([[841, 1287], [905, 1287], [905, 1323], [841, 1323]], '같다', 0.9993474605732947), ([[231.94525616909806, 472.0934345469491], [274.0427120034543, 458.0912986470924], [299.05474383090194, 539.9065654530509], [256.9572879965457, 554.9087013529077]], '값', 0.017255295453635577)]
[([[812, 112], [872, 112], [872, 144], [812, 144]], '라니', 0.9997338108827114), ([[810, 144], [838, 144], [838, 180], [810, 180]], '덜', 0.5206896942945924), ([[190, 152], [264, 152], [264, 281], [190, 281]], '터로', 0.037910965969129275), ([[759, 175], [893, 175], [893, 217], [759, 217]], '하느거야기', 0.7044684435976646), ([[232, 358], [258, 358], [258, 422], [232, 422]], '초', 0.0685333993990298), ([[131, 493], [169, 493], [169, 563], [131, 563]], '약', 0.10955900752401249), ([[17, 547], [129, 547], [129, 587], [17, 587]], '토모군의', 0.4358314573764801), ([[25, 581], [125, 581], [125, 617], [25, 617]], '거시 기', 0.9155995332690421), ([[45, 613], [105, 613], [105, 655], [45, 655]], '갖고', 0.9991663528549833), ([[27, 647], [125, 647], [125, 687], [27, 687]], '놀거야', 0.9923983184859009), ([[715, 787], [843, 787], [843, 823], [715, 823]], '에헤헤-', 0.7169184684753418), ([[707, 817], [847, 817], [847, 859], [707, 859]], '빨빨하네', 0.22874684631824493), ([[637, 1089], [836, 1089], [836, 1380], [637, 1380]], '총', 0.08911059549107225)]
[([[838, 52], [870, 52], [870, 94], [838, 94]], '으', 0.9949123170730765), ([[844, 84], [872, 84], [872, 114], [844, 114]], '0', 0.9997772102480305), ([[13, 219], [211, 219], [211, 305], [13, 305]], '행복-햇0', 0.4851836531811656), ([[365, 701], [425, 701], [425, 775], [365, 775]], '4', 0.011319491478900545), ([[501, 737], [573, 737], [573, 777], [501, 777]], '나탕', 0.3557035860837438), ([[687, 719], [729, 719], [729, 801], [687, 801]], '약', 0.8997243475971892), ([[340, 760], [394, 760], [394, 830], [340, 830]], '뇨"', 0.13263404507646429), ([[483, 803], [521, 803], [521, 847], [483, 847]], '할', 0.9758614211111905), ([[485, 769], [557, 769], [557, 811], [485, 811]], '야한', 0.8854479913425238), ([[517, 803], [555, 803], [555, 841], [517, 841]], '때', 0.9994325251022396), ([[554, 770], [586, 770], [586, 840], [554, 840]], '퍽', 0.04044144043827935), ([[484, 832], [583, 832], [583, 881], [484, 881]], '토모군 ', 0.48685377836227417), ([[629, 799], [673, 799], [673, 885], [629, 885]], '와', 0.9585897516350919), ([[635, 949], [675, 949], [675, 999], [635, 999]], '3', 0.03451346231531094), ([[68, 1024], [92, 1024], [92, 1064], [68, 1064]], '볼', 0.9978344256523997), ([[135, 1025], [193, 1025], [193, 1061], [135, 1061]], '요가', 0.9917952199223016), ([[60, 1056], [118, 1056], [118, 1104], [60, 1104]], '없올', 0.2183239078187144), ([[143, 1059], [193, 1059], [193, 1095], [143, 1095]], '도로', 0.9999415006754448), ([[53, 1095], [203, 1095], [203, 1139], [53, 1139]], '자랑스럽 게', 0.9244626963044208), ([[38, 1125], [212, 1125], [212, 1176], [38, 1176]], '행복해하눈결', 0.3490467231783824), ([[33, 1245], [221, 1245], [221, 1379], [33, 1379]], '새', 0.4043125907035261), ([[657.5668519181758, 904.0187970590216], [693.3639951207509, 893.0132668457126], [733.4331480818242, 1028.9812029409784], [696.6360048792491, 1039.9867331542875]], '@', 0.010995018097459175), ([[638.3528998917341, 998.0526893395779], [670.4466277807268, 984.025012751532], [704.6471001082659, 1066.947310660422], [672.5533722192732, 1080.974987248468]], '흙', 0.12218570866957634), ([[103.54382844723818, 1026.034884907048], [129.37674055924842, 1019.0237495819375], [149.45617155276182, 1096.965115092952], [123.62325944075158, 1103.9762504180626]], '정', 0.27255695065037244)]
[([[599, 109], [671, 109], [671, 175], [599, 175]], '아', 0.9999712707675634)]
[([[624, 98], [656, 98], [656, 174], [624, 174]], '5', 0.0870383385523752), ([[207, 457], [250, 457], [250, 570], [207, 570]], '뇨', 0.13235552798779882), ([[265, 1207], [343, 1207], [343, 1252], [265, 1252]], '토모군', 0.218870793963926), ([[252, 1246], [352, 1246], [352, 1278], [252, 1278]], '배고프지', 0.9980116486549377), ([[161, 1269], [177, 1269], [177, 1299], [161, 1299]], '응', 0.9976275941660937), ([[269, 1279], [345, 1279], [345, 1319], [269, 1319]], '않아?', 0.9933141469955444), ([[131, 1323], [209, 1323], [209, 1361], [131, 1361]], '그렇네', 0.9993413688834951)]
[([[222, 105], [339, 105], [339, 148], [222, 148]], '앞치마는', 0.96538907289505), ([[248, 138], [310, 138], [310, 170], [248, 170]], '아직', 0.9982713213501279), ([[233, 166], [330, 166], [330, 209], [233, 209]], '내것이', 0.5900182732611245), ([[216, 230], [252, 230], [252, 260], [216, 260]], '깨', 0.9998648212342829), ([[224, 200], [252, 200], [252, 236], [224, 236]], '없', 0.9621362583151303), ([[244, 190], [319, 190], [319, 275], [244, 275]], "'달옷", 0.10849064847371702), ([[250, 230], [282, 230], [282, 266], [250, 266]], '달', 0.9988634241403851), ([[310, 198], [342, 198], [342, 262], [310, 262]], '곁', 0.04920428948578803), ([[152, 530], [188, 530], [188, 562], [152, 562]], '때', 0.9998562387639964), ([[82, 582], [154, 582], [154, 630], [82, 630]], '결심', 0.878449975096897), ([[845, 667], [937, 667], [937, 705], [845, 705]], '야식올', 0.9623997247895419), ([[829, 699], [953, 699], [953, 737], [829, 737]], '먹으면서', 0.9930247664451599), ([[723, 739], [875, 739], [875, 779], [723, 779]], '마-장에 게', 0.5675772056374679), ([[707, 769], [889, 769], [889, 809], [707, 809]], '청혼하(다 고', 0.2603816444091316), ([[103, 1065], [169, 1065], [169, 1101], [103, 1101]], '어린', 0.9992738870368449), ([[76, 1098], [140, 1098], [140, 1128], [76, 1128]], '아이', 0.5538181480293912), ([[174, 1094], [198, 1094], [198, 1132], [174, 1132]], '은', 0.9999620918051875), ([[162, 1158], [194, 1158], [194, 1194], [162, 1194]], '적', 0.3669076019111941), ([[841, 1167], [955, 1167], [955, 1205], [841, 1205]], '한마디로', 0.9998581409454346), ([[119, 1191], [185, 1191], [185, 1229], [119, 1229]], '없다', 0.20534244893951825), ([[850, 1202], [884, 1202], [884, 1232], [850, 1232]], '네', 0.9999613765631352), ([[912, 1200], [964, 1200], [964, 1232], [912, 1232]], '하고', 0.996263986133492), ([[869, 1231], [933, 1231], [933, 1271], [869, 1271]], '말한', 0.9941089198319353), ([[847, 1263], [949, 1263], [949, 1305], [847, 1305]], '마-장은', 0.7274731397628784), ([[95, 1313], [151, 1313], [151, 1353], [95, 1353]], '때', 0.8217497815915067), ([[848, 1316], [892, 1316], [892, 1340], [848, 1340]], '118', 0.9775281548500061), ([[120.3351548303622, 508.0245902098896], [237.79404700178213, 598.0856496322651], [189.6648451696378, 660.9754097901103], [73.20595299821787, 569.9143503677349]], '싫서하다 ', 0.0019447550240303576), ([[141.4986753096774, 1095.0421843270967], [169.88225754651256, 1092.1326629738342], [176.5013246903226, 1159.9578156729033], [148.11774245348744, 1162.8673370261658]], '꿀', 0.3505683926451333), ([[123.51467491880055, 1127.0395170046834], [147.4071564638745, 1121.027757813716], [166.48532508119945, 1193.9604829953166], [143.5928435361255, 1199.972242186284]], '물', 0.06591238432239166), ([[93.30880208796749, 1127.0601719014148], [121.67585526044338, 1120.0575109807469], [136.6911979120325, 1191.9398280985852], [108.32414473955662, 1197.9424890192531]], '`', 0.011680759698685927), ([[74.4986753096774, 1158.0421843270967], [98.38636574293191, 1149.0249837794242], [123.5013246903226, 1222.9578156729033], [99.61363425706809, 1231.9750162205758]], '', 0.0)]
[([[439, 115], [503, 115], [503, 159], [439, 159]], '가슴', 0.9375550853868989), ([[259, 233], [379, 233], [379, 273], [259, 273]], '유국균의 ', 0.06462807994241776), ([[265, 265], [393, 265], [393, 305], [265, 305]], '바닥 과 축의', 0.032401652029791686), ([[251, 291], [397, 291], [397, 333], [251, 333]], '언디예당 야3', 0.15546051205158323), ([[308, 326], [354, 326], [354, 358], [308, 358]], '아뇨', 0.752784427043519), ([[94, 370], [118, 370], [118, 412], [94, 412]], '후', 0.9999235883051405), ([[818, 530], [870, 530], [870, 610], [818, 610]], '박', 0.10703345162146238), ([[210, 654], [285, 654], [285, 775], [210, 775]], '#', 0.1439679586603626), ([[84, 808], [112, 808], [112, 836], [84, 836]], '이', 0.9998947409673384), ([[127, 805], [199, 805], [199, 843], [127, 843]], '손으로', 0.9960484670217559), ([[113, 835], [169, 835], [169, 871], [113, 871]], '아주', 0.9988437521106608), ([[85, 863], [195, 863], [195, 901], [85, 901]], '부드럽 게', 0.7075639236773509), ([[100, 894], [128, 894], [128, 960], [100, 960]], '털', 0.006798396058948164), ([[127, 895], [185, 895], [185, 931], [127, 931]], '논게', 0.3479708739369592), ([[128, 926], [162, 926], [162, 956], [128, 956]], '아', 0.9998391931336279), ([[182, 1144], [234, 1144], [234, 1234], [182, 1234]], '약', 0.016915406494263152), ([[81, 1169], [183, 1169], [183, 1376], [81, 1376]], '#', 0.15027745411881543), ([[293.37747643417845, 586.0277360627988], [351.99057083744407, 594.24888320486], [334.62252356582155, 711.9722639372012], [276.00942916255593, 703.75111679514]], '#', 0.01016557481717939), ([[478.65181877371504, 737.3117294627456], [530.6955875677388, 691.0269203761692], [612.348181226285, 791.6882705372544], [560.3044124322612, 837.9730796238308]], '$', 0.7749709853387685)]
[([[405, 123], [569, 123], [569, 167], [405, 167]], '소리가 좋아', 0.6701919898392907), ([[726, 242], [818, 242], [818, 290], [726, 290]], '남자의', 0.998799022593344), ([[830, 242], [882, 242], [882, 290], [830, 290]], '몸은', 0.99727418828713), ([[742, 280], [860, 280], [860, 330], [742, 330]], '부럽다고', 0.9979070425033569), ([[121, 317], [255, 317], [255, 357], [121, 357]], '이~렇게나', 0.6996662319757277), ([[729, 321], [878, 321], [878, 372], [729, 372]], '생 각되논게', 0.6625464144404225), ([[113, 347], [260, 347], [260, 397], [113, 397]], '솔직한 점0', 0.603969451678709), ([[775, 371], [835, 371], [835, 413], [775, 413]], '잇어', 0.15992482171490852), ([[354, 694], [386, 694], [386, 722], [354, 722]], '어', 0.9999693634472386), ([[351, 721], [387, 721], [387, 819], [351, 819]], '몇', 0.5546818947488106), ([[752, 918], [870, 918], [870, 966], [752, 966]], '내   가슴', 0.8364090557701936), ([[93, 915], [131, 915], [131, 1031], [93, 1031]], '콩', 0.0041005640377101416), ([[759, 959], [863, 959], [863, 1001], [759, 1001]], '만져서', 0.29307503536556323), ([[755, 995], [865, 995], [865, 1039], [755, 1039]], '빨빨해', 0.21480390664704668), ([[775, 1033], [849, 1033], [849, 1077], [775, 1077]], '젓네', 0.19700131891845982), ([[715, 1067], [751, 1067], [751, 1203], [715, 1203]], '월', 0.0039055734234484524), ([[128, 1206], [160, 1206], [160, 1232], [128, 1232]], '아', 0.9999260916061417), ([[124, 1236], [154, 1236], [154, 1262], [124, 1262]], '지', 0.9989355060634466), ([[125, 1263], [145, 1263], [145, 1297], [125, 1297]], '틈', 0.3710842640294345), ([[145, 1229], [186, 1229], [186, 1328], [145, 1328]], '류', 0.06059165006560363), ([[120, 1294], [152, 1294], [152, 1330], [120, 1330]], '햇', 0.9944688484147299)]
[([[110, 100], [184, 100], [184, 184], [110, 184]], '굉장?', 0.047410006550281256), ([[139, 139], [199, 139], [199, 181], [139, 181]], '장한', 0.9930142474938933), ([[293, 13], [337, 13], [337, 245], [293, 245]], '품', 0.005496851896325872), ([[113, 179], [165, 179], [165, 215], [113, 215]], '소리', 0.9999819611964912), ([[297, 249], [335, 249], [335, 299], [297, 299]], '오', 0.999979853731535), ([[756, 340], [858, 340], [858, 382], [756, 382]], '하지 만', 0.9678492153486264), ([[779, 379], [837, 379], [837, 423], [779, 423]], '역습', 0.9563373017386874), ([[759, 417], [859, 417], [859, 461], [759, 461]], '당햇다', 0.3543181874665802), ([[120, 470], [196, 470], [196, 882], [120, 882]], '}', 0.2604807779067677), ([[822, 916], [922, 916], [922, 1072], [822, 1072]], '박', 0.008160237961798489), ([[310, 1100], [458, 1100], [458, 1152], [310, 1152]], '깊은국에서', 0.2754008619315217), ([[314, 1142], [374, 1142], [374, 1192], [314, 1192]], '물이', 0.9967092449155096), ([[388, 1144], [448, 1144], [448, 1192], [388, 1192]], '잔뜩', 0.9983787430570142), ([[218, 1186], [432, 1186], [432, 1242], [218, 1242]], '여기야 나앉어', 0.4698777377204686), ([[217, 1283], [321, 1283], [321, 1327], [217, 1327]], '아사미', 0.8474345207214355)]
[([[201, 93], [261, 93], [261, 271], [201, 271]], '하', 0.0330697643749156), ([[124, 342], [172, 342], [172, 528], [124, 528]], '"', 0.8677897817613633), ([[867, 751], [887, 751], [887, 779], [867, 779]], '중', 0.0744932067902937), ([[534, 904], [560, 904], [560, 946], [534, 946]], '옷', 0.4892751015017929), ([[861, 903], [881, 903], [881, 931], [861, 931]], '5', 0.1237787956988976), ([[316, 761], [392, 761], [392, 1301], [316, 1301]], '}', 0.14674015289428155), ([[438, 1020], [466, 1020], [466, 1064], [438, 1064]], '옷', 0.9868680292734986), ([[460, 1088], [512, 1088], [512, 1180], [460, 1180]], '"', 0.1649094925419945), ([[595, 975], [637, 975], [637, 1129], [595, 1129]], '하', 0.17669761788410288), ([[412, 1141], [454, 1141], [454, 1224], [412, 1224]], '가', 0.07487275341457522), ([[409, 1217], [451, 1217], [451, 1257], [409, 1257]], '다', 0.9999959468882622), ([[454, 1190], [502, 1190], [502, 1288], [454, 1288]], '내', 0.22417864078236338), ([[536, 1256], [562, 1256], [562, 1300], [536, 1300]], '옷', 0.9789278686905369), ([[500, 1326], [524, 1326], [524, 1368], [500, 1368]], '웃', 0.5231982137733127), ([[504.63066943682793, 765.3589089337701], [557.4955115128569, 811.2040552293312], [469.36933056317207, 909.6410910662299], [416.50448848714313, 863.7959447706688]], '#', 0.03579449697636883)]
[([[107, 347], [169, 347], [169, 421], [107, 421]], '앗', 0.06602006204072038), ([[415, 767], [477, 767], [477, 811], [415, 811]], '실은', 0.9997885979532856), ([[607, 765], [757, 765], [757, 809], [607, 809]], '유타로군의', 0.77172602221281), ([[820, 764], [932, 764], [932, 814], [820, 814]], '처음으로', 0.9232599139213562), ([[355, 805], [535, 805], [535, 849], [355, 849]], '죽올것 같다 고', 0.4560486183425859), ([[654, 812], [716, 812], [716, 844], [654, 844]], '그 게', 0.9737044391623604), ([[381, 847], [513, 847], [513, 887], [381, 887]], '생 각햇다', 0.6556775373533945), ([[593, 847], [777, 847], [777, 891], [593, 891]], '들어앗올때는', 0.2669402412212044), ([[289, 1001], [309, 1001], [309, 1037], [289, 1037]], '좀', 0.9998463451286774), ([[330, 1004], [364, 1004], [364, 1034], [330, 1034]], '더', 0.999916078420938), ([[837, 989], [857, 989], [857, 1025], [837, 1025]], '응', 0.9989600502539275), ([[289, 1037], [367, 1037], [367, 1079], [289, 1079]], '안 쪽?', 0.9719929099082947), ([[834, 1026], [858, 1026], [858, 1064], [834, 1064]], '응', 0.9973031607944591), ([[287, 1075], [365, 1075], [365, 1117], [287, 1117]], '안 쪽?', 0.9162717461585999), ([[94, 1104], [118, 1104], [118, 1150], [94, 1150]], '응', 0.9977322575065415), ([[412, 1092], [436, 1092], [436, 1132], [412, 1132]], '응', 0.9916408247818573), ([[652, 1112], [676, 1112], [676, 1150], [652, 1150]], '응', 0.9983678568778522), ([[413, 1129], [433, 1129], [433, 1171], [413, 1171]], '롯', 0.09777027714932274)]
[([[104, 80], [134, 80], [134, 153], [104, 153]], '물', 0.47775705279793), ([[136, 86], [164, 86], [164, 120], [136, 120]], '의', 0.9988762914665337), ([[78, 120], [108, 120], [108, 160], [78, 160]], '겉', 0.9977896520215381), ([[147, 115], [201, 115], [201, 159], [147, 159]], '속도', 0.9997597714157636), ([[43, 153], [133, 153], [133, 197], [43, 197]], '바깥도', 0.9826869871486614), ([[149, 153], [231, 153], [231, 195], [149, 195]], '안쪽도', 0.8989444594637204), ([[671, 167], [711, 167], [711, 205], [671, 205]], '사', 0.9999973773973494), ([[77, 187], [129, 187], [129, 227], [77, 227]], '모두', 0.999822903535936), ([[143, 187], [199, 187], [199, 231], [143, 231]], '모두', 0.9998701901744363), ([[59, 223], [217, 223], [217, 267], [59, 267]], '사랑스러위', 0.9760245274230959), ([[41, 255], [232, 255], [232, 303], [41, 303]], '사랑스러워서', 0.9825070019663656), ([[339, 605], [411, 605], [411, 647], [339, 647]], '함께', 0.9998059614237738), ([[444, 600], [476, 600], [476, 630], [444, 630]], '어', 0.9999872446466931), ([[446, 564], [478, 564], [478, 604], [446, 604]], '각', 0.37741767251340264), ([[803, 501], [841, 501], [841, 679], [803, 679]], '}', 0.016706076076759224), ([[331, 641], [401, 641], [401, 683], [331, 683]], '가어', 0.26332218584995915), ([[661, 615], [701, 615], [701, 829], [661, 829]], '}', 0.15244075386235156), ([[235, 811], [271, 811], [271, 847], [235, 847]], '하', 0.9995921074137328), ([[234, 852], [268, 852], [268, 880], [234, 880]], '아', 0.9997748263292614), ([[777, 1109], [865, 1109], [865, 1149], [777, 1149]], '별처럼', 0.986422333357467), ([[106, 1092], [136, 1092], [136, 1228], [106, 1228]], '출', 0.1744492094326242), ([[763, 1143], [879, 1143], [879, 1179], [763, 1179]], '반짝 반 짝', 0.8881864189749554), ([[779, 1175], [863, 1175], [863, 1213], [779, 1213]], '빛나는', 0.993408194767483), ([[666, 1256], [700, 1256], [700, 1286], [666, 1286]], '사', 0.9999966621426779), ([[664, 1288], [696, 1288], [696, 1318], [664, 1318]], '미', 0.9994841615507687)]
[([[600, 582], [628, 582], [628, 637], [600, 637]], '중', 0.8238448497482445), ([[595, 633], [637, 633], [637, 675], [595, 675]], '아', 0.9999731780897072), ([[597, 677], [637, 677], [637, 723], [597, 723]], '해', 0.9999810458127776), ([[741, 921], [865, 921], [865, 965], [741, 965]], '사랑이니', 0.9983888864517212), ([[694, 954], [914, 954], [914, 1002], [694, 1002]], '행복이니   하느건', 0.25949438726884877), ([[697, 993], [755, 993], [755, 1035], [697, 1035]], '눈에', 0.9948892292715997), ([[767, 993], [855, 993], [855, 1031], [767, 1031]], '보이지', 0.9998042628008458), ([[884, 994], [908, 994], [908, 1026], [884, 1026]], '고', 0.5796401144106609), ([[180, 1014], [264, 1014], [264, 1062], [180, 1062]], '전혀', 0.9999843214083535), ([[464, 1030], [558, 1030], [558, 1078], [464, 1078]], '알수도', 0.989999632391821), ([[573, 1035], [635, 1035], [635, 1079], [573, 1079]], '없는', 0.5836793831913584), ([[721, 1027], [819, 1027], [819, 1067], [721, 1067]], '형체가', 0.9643225676138832), ([[832, 1032], [862, 1032], [862, 1070], [832, 1070]], '없', 0.4925068267699686), ([[856, 996], [888, 996], [888, 1070], [856, 1070]], '알', 0.40881171081452194), ([[162, 1056], [280, 1056], [280, 1108], [162, 1108]], '그렇지', 0.9996856804900273), ([[498, 1066], [604, 1066], [604, 1116], [498, 1116]], '것처럼', 0.7886436184213622), ([[697, 1061], [799, 1061], [799, 1103], [697, 1103]], '민가 불', 0.2498497698260135), ([[789, 1057], [879, 1057], [879, 1141], [789, 1141]], '탓', 0.3405769760509294), ([[855, 1063], [911, 1063], [911, 1101], [855, 1101]], '하고', 0.9999705816264819), ([[162, 1098], [284, 1098], [284, 1148], [162, 1148]], '않아!!', 0.9929990768432617), ([[467, 1102], [616, 1102], [616, 1152], [467, 1152]], '말하지 만;', 0.6098677971121227), ([[703, 1097], [801, 1097], [801, 1139], [703, 1139]], '애매한', 0.9973202094956378), ([[814, 1100], [844, 1100], [844, 1140], [814, 1140]], '것', 0.9997437164498848), ([[874, 1100], [904, 1100], [904, 1140], [874, 1140]], '럼', 0.7762923587239499), ([[730, 1132], [862, 1132], [862, 1174], [730, 1174]], '말하지 만.', 0.8296153153940614)]
[([[821, 73], [903, 73], [903, 113], [821, 113]], '나지', 0.9981771300432377), ([[824, 116], [904, 116], [904, 166], [824, 166]], '눈금', 0.8361011822277538), ([[816, 190], [864, 190], [864, 287], [816, 287]], '쭉', 0.1788856433275976), ([[422, 532], [450, 532], [450, 562], [422, 562]], '그', 0.9995705350496884), ([[384, 565], [504, 565], [504, 756], [384, 756]], '삶', 0.08133587806242204), ([[415, 739], [459, 739], [459, 779], [415, 779]], '다', 0.9999965429335909), ([[77, 1001], [117, 1001], [117, 1047], [77, 1047]], '잎', 0.5905840510905627), ([[73, 989], [201, 989], [201, 1097], [73, 1097]], "일상학'", 0.22610972821712494), ([[112, 1042], [190, 1042], [190, 1092], [112, 1092]], '랑 복', 0.5733625888824463), ([[761, 781], [849, 781], [849, 1129], [761, 1129]], '아', 0.00514478606834784), ([[76, 1088], [194, 1088], [194, 1138], [76, 1138]], '결하하', 0.8452583122625532), ([[83, 1135], [193, 1135], [193, 1175], [83, 1175]], '1! 고 게', 0.646590996627584)]
[([[698, 254], [724, 254], [724, 278], [698, 278]], '더', 0.999943018771333), ([[698, 280], [726, 280], [726, 362], [698, 362]], '국', 0.04537348152116838), ([[176, 758], [208, 758], [208, 784], [176, 784]], '에', 0.9991593936098617), ([[780, 728], [828, 728], [828, 796], [780, 796]], '4', 0.9242488778655265), ([[810, 760], [867, 760], [867, 871], [810, 871]], '7', 0.9870285002843957), ([[605, 1147], [715, 1147], [715, 1187], [605, 1187]], '어 젯밤에', 0.8178594779838905), ([[23, 1195], [85, 1195], [85, 1231], [23, 1231]], '뛰야', 0.7103897286507176), ([[583, 1183], [735, 1183], [735, 1225], [583, 1225]], '매끈매끈하게', 0.1930562186732754), ([[616, 1216], [701, 1216], [701, 1267], [616, 1267]], '햇는데', 0.6886230691568791), ([[605, 1263], [715, 1263], [715, 1303], [605, 1303]], '이제 조금', 0.9914409109661916), ([[609, 1299], [697, 1299], [697, 1341], [609, 1341]], '자탓네.', 0.12993070483207703)]
[([[866, 98], [898, 98], [898, 152], [866, 152]], '중', 0.9346330409362622), ([[858, 148], [908, 148], [908, 318], [858, 318]], '흙', 0.25943317401564414), ([[622, 808], [714, 808], [714, 858], [622, 858]], '조금즘', 0.777009832095035), ([[725, 815], [765, 815], [765, 851], [725, 851]], '더', 0.999852305144092), ([[597, 857], [635, 857], [635, 893], [597, 893]], '이', 0.9992031255055878), ([[648, 852], [794, 852], [794, 900], [648, 900]], '침대에서', 0.9913635849952698), ([[641, 897], [751, 897], [751, 939], [641, 939]], '편하 게', 0.9961777925491333), ([[350, 1043], [552, 1043], [552, 1094], [350, 1094]], '벗은 앞치마', 0.609311919826152), ([[320, 1086], [581, 1086], [581, 1139], [320, 1139]], '차림으로 서비스', 0.8278118179942601), ([[379, 1133], [523, 1133], [523, 1177], [379, 1177]], '해볼까 나', 0.18679031743822067), ([[95, 1313], [149, 1313], [149, 1351], [95, 1351]], '때때', 0.06754553869182753), ([[810.7805784783006, 1194.4147520217907], [882.85503778867, 1188.2524474582972], [884.2194215216994, 1210.5852479782093], [812.14496221133, 1216.7475525417028]], '경파한', 0.8110027381614278)]
[([[18, 876], [74, 876], [74, 908], [18, 908]], '드녀', 0.24683343486994588), ([[89, 873], [205, 873], [205, 913], [89, 913]], '다햇다~', 0.8397743701934814), ([[18, 912], [50, 912], [50, 942], [18, 942]], '이', 0.9991719053624024), ([[63, 907], [157, 907], [157, 949], [63, 949]], '작품과', 0.9844240653917417), ([[167, 911], [233, 911], [233, 949], [167, 949]], '함께', 0.9996819746947911), ([[245, 911], [311, 911], [311, 947], [245, 947]], '저의', 0.9995214139380383), ([[324, 914], [356, 914], [356, 944], [324, 944]], '여', 0.999767317003716), ([[16, 940], [243, 940], [243, 991], [16, 991]], '틈도 끝이 낫군요', 0.5062802647634888), ([[17, 985], [107, 985], [107, 1023], [17, 1023]], '그림이', 0.9101491145557885), ([[121, 983], [351, 983], [351, 1025], [121, 1025]], '예버서   번역하는', 0.661603925797102), ([[19, 1021], [293, 1021], [293, 1063], [19, 1063]], '내내  즐거워습니다 ~', 0.5310323924872113), ([[17, 1055], [205, 1055], [205, 1099], [17, 1099]], '다른  작품들에', 0.9326207590351583), ([[215, 1055], [353, 1055], [353, 1099], [215, 1099]], '비해  편수', 0.6475191742602681), ([[19, 1093], [187, 1093], [187, 1135], [19, 1135]], '가   적은대신', 0.8836564206061249), ([[199, 1095], [315, 1095], [315, 1133], [199, 1133]], '한   화의', 0.9481328193926091), ([[326, 1098], [358, 1098], [358, 1134], [326, 1134]], '길', 0.9999213234164586), ([[17, 1133], [85, 1133], [85, 1169], [17, 1169]], '이가', 0.9997731731967875), ([[97, 1135], [193, 1135], [193, 1173], [97, 1173]], '길어서', 0.9998419782894443), ([[205, 1131], [367, 1131], [367, 1173], [205, 1173]], '좀   힘들엇네', 0.4893181737844463), ([[20, 1174], [46, 1174], [46, 1202], [20, 1202]], '요', 0.9999760390763335), ([[65, 1171], [159, 1171], [159, 1209], [65, 1209]], '한자의', 0.9994189976163439), ([[175, 1171], [265, 1171], [265, 1209], [175, 1209]], '압박도', 0.9770810162655625), ([[277, 1171], [373, 1171], [373, 1209], [277, 1209]], '여전하', 0.9994558853115452), ([[814, 1189], [889, 1189], [889, 1217], [814, 1217]], '경파한', 0.14382967107815078), ([[20, 1212], [48, 1212], [48, 1240], [20, 1240]], '고 ', 0.25533533096313477), ([[77, 1205], [239, 1205], [239, 1247], [77, 1247]], '암튼  끝내서', 0.8142790359943461), ([[251, 1207], [361, 1207], [361, 1247], [251, 1247]], '다행 !!', 0.881892397824746), ([[17, 1261], [181, 1261], [181, 1297], [17, 1297]], '토*섞-4+7쳐', 0.00023357822685697975), ([[191, 1261], [347, 1261], [347, 1297], [191, 1297]], '[억형어4-버모', 4.7905393782094195e-05), ([[359, 1255], [521, 1255], [521, 1297], [359, 1297]], '경파한 녀석', 0.6555703393191801), ([[19, 1291], [341, 1291], [341, 1335], [19, 1335]], '4오도도+#7+ [품등등 불 유', 0.001009867009977512), ([[17, 1331], [101, 1331], [101, 1371], [17, 1371]], '2006', 0.9999194145202637), ([[111, 1335], [201, 1335], [201, 1371], [111, 1371]], '7_.(', 0.00020179197599645704), ([[212, 1338], [274, 1338], [274, 1370], [212, 1370]], '50*', 0.11846696382549723), ([[285, 1335], [553, 1335], [553, 1377], [285, 1377]], "4어나먹_ ,'안도쳐7+5", 0.0001750255143236798), ([[891.5342535671674, 1195.1150817776181], [929.9842712069939, 1201.8233359372061], [927.4657464328326, 1215.8849182223819], [889.0157287930061, 1209.1766640627939]], '너스', 0.6748989037467326)]
