622045
21
[([[172, 912], [750, 912], [750, 1012], [172, 1012]], '돕신성활의 타라기양', 0.04669032899940085), ([[508, 1006], [728, 1006], [728, 1054], [508, 1054]], '번역:린 민메이', 0.7809088990949463), ([[512, 1046], [722, 1046], [722, 1088], [512, 1088]], '식자:민명서방', 0.894477971788402)]
[]
[]
[]
[]
[]
[]
[]
[]
[]
[]
[]
[]
[]
[]
[]
[]
[]
[]
[]
[([[84.10263340389898, 636.307900211697], [117.64835508461051, 605.0351332215832], [179.89736659610102, 677.692099788303], [146.35164491538947, 708.9648667784168]], '줄', 0.8471262186741093)]
