631865
85
[([[744, 484], [957, 484], [957, 979], [744, 979]], '잎', 0.05053701218808748), ([[650, 922], [965, 922], [965, 1369], [650, 1369]], "'회", 0.9327487545867912), ([[214, 1302], [720, 1302], [720, 1375], [214, 1375]], '@램쪽-어` 0어담-~', 3.118024598652781e-05)]
[([[789, 89], [827, 89], [827, 269], [789, 269]], '#', 0.539652933990201), ([[150, 246], [182, 246], [182, 408], [150, 408]], '유', 0.03974169961711049), ([[786, 840], [860, 840], [860, 1000], [786, 1000]], '클로', 0.029725405389049272), ([[788, 1004], [827, 1004], [827, 1099], [788, 1099]], '속', 0.05414159483077641), ([[57, 1167], [93, 1167], [93, 1263], [57, 1263]], '올', 0.2032846234287442), ([[560, 1150], [682, 1150], [682, 1292], [560, 1292]], '출출론', 0.14071132251293866), ([[21, 1169], [57, 1169], [57, 1377], [21, 1377]], '3', 0.003813032867653124), ([[60, 1270], [90, 1270], [90, 1308], [60, 1308]], '꼭', 0.9992459050434412), ([[600, 1260], [680, 1260], [680, 1390], [600, 1390]], '퓨들', 0.013226107952600284)]
[([[252, 374], [664, 374], [664, 500], [252, 500]], '연쇄재양', 0.7207435965538025), ([[185, 713], [389, 713], [389, 803], [185, 803]], '제1화', 0.8441250032624813), ([[248, 1069], [680, 1069], [680, 1150], [248, 1150]], ":   }-?사'", 0.011334381854727238)]
[([[848, 398], [922, 398], [922, 470], [848, 470]], '월음', 0.06921305697238218), ([[813, 401], [851, 401], [851, 499], [813, 499]], '현', 0.03257770051078879), ([[852, 474], [884, 474], [884, 538], [852, 538]], '목', 0.008357620903972851), ([[849, 551], [887, 551], [887, 675], [849, 675]], '풀', 0.045370136077125034), ([[424, 706], [544, 706], [544, 846], [424, 846]], '훌출다', 0.0027875851893543187), ([[465, 845], [503, 845], [503, 913], [465, 913]], '창', 0.12099354411839158), ([[501, 815], [537, 815], [537, 945], [501, 945]], '곁', 0.4341420919114434)]
[([[701, 255], [970, 255], [970, 417], [701, 417]], '## ', 0.053073754672120485), ([[148, 472], [176, 472], [176, 504], [148, 504]], '오', 0.4745979012864311), ([[108, 471], [144, 471], [144, 597], [108, 597]], '흉', 0.005927819330825201), ([[726, 572], [754, 572], [754, 606], [726, 606]], '으', 0.9970994793195906), ([[683, 572], [724, 572], [724, 725], [683, 725]], '품', 0.09902859179113932), ([[860, 992], [892, 992], [892, 1024], [860, 1024]], '왜', 0.9997207121377336), ([[782, 986], [860, 986], [860, 1088], [782, 1088]], '며월', 0.013738744903108151), ([[895, 989], [931, 989], [931, 1071], [895, 1071]], '탑', 0.027689079169439745), ([[776, 1024], [900, 1024], [900, 1194], [776, 1194]], '#기', 0.023639612104664403)]
[([[287, 427], [403, 427], [403, 557], [287, 557]], '스', 0.016892464083284375), ([[330, 870], [554, 870], [554, 1020], [330, 1020]], '(한;', 0.007798895858985443), ([[836, 956], [912, 956], [912, 1028], [836, 1028]], '친셈', 0.043909169116605036), ([[840, 1034], [872, 1034], [872, 1084], [840, 1084]], ':', 0.5333865091609233), ([[95, 1203], [136, 1203], [136, 1270], [95, 1270]], '강', 0.02710979199817687), ([[63, 1203], [99, 1203], [99, 1385], [63, 1385]], '#', 0.00510491334332569), ([[100, 1278], [132, 1278], [132, 1370], [100, 1370]], '4', 0.0489825900188825), ([[19.822542124273816, 630.0462849782774], [204.67325524320682, 660.832172906597], [179.1774578757262, 786.9537150217226], [-6.673255243206825, 756.167827093403]], '80', 0.011126684619083059)]
[([[108, 202], [184, 202], [184, 332], [108, 332]], '@흉', 0.0014765171134266918), ([[867, 167], [903, 167], [903, 307], [867, 307]], '품', 0.029180026547509508), ([[109, 309], [145, 309], [145, 415], [109, 415]], '앞', 0.20605955218033856), ([[84, 602], [146, 602], [146, 634], [84, 634]], '어1?', 0.364410936832428), ([[905, 761], [941, 761], [941, 909], [905, 909]], '"', 0.3269240824367081), ([[347, 929], [469, 929], [469, 1015], [347, 1015]], '문째', 0.04655183897798642), ([[636, 1034], [680, 1034], [680, 1066], [636, 1066]], '앗!', 0.263338266840577), ([[287, 1195], [497, 1195], [497, 1403], [287, 1403]], '(+', 0.1508795302966143)]
[([[596, 62], [642, 62], [642, 94], [596, 94]], '옛?', 0.7789752965984345), ([[809, 45], [845, 45], [845, 113], [809, 113]], '곁', 0.02824808202763851), ([[809, 117], [847, 117], [847, 239], [809, 239]], '쪽', 0.03931274511544758), ([[100, 458], [174, 458], [174, 530], [100, 530]], '운용', 0.142096417282343), ([[98, 530], [174, 530], [174, 692], [98, 692]], '@물', 0.000991544262725656), ([[789, 800], [868, 800], [868, 932], [789, 932]], '지려', 0.0020597820020741412), ([[79, 1137], [118, 1137], [118, 1204], [79, 1204]], '삶', 0.23804200793188102), ([[269, 1098], [382, 1098], [382, 1177], [269, 1177]], '{=', 0.08238203185360053), ([[45, 1139], [81, 1139], [81, 1281], [45, 1281]], '쥐', 0.0028833047253712524), ([[527, 1235], [617, 1235], [617, 1331], [527, 1331]], '[다', 0.06758665696742608), ([[767.2090196504686, 457.0164716112453], [997.9998779575228, 596.9319000790053], [910.7909803495314, 734.9835283887547], [681.0001220424772, 596.0680999209947]], '))?', 0.06605514938904732), ([[306.9355997102224, 1159.0813981164456], [411.5334192434214, 1175.487146444838], [399.0644002897776, 1237.9186018835544], [294.4665807565786, 1220.512853555162]], '된좌', 0.004657588662465283), ([[609.5669080505784, 1293.1148299135862], [669.6599829873245, 1256.024231372387], [733.4330919494216, 1372.8851700864138], [674.3400170126755, 1409.975768627613]], '쪽', 0.025456134736151492)]
[([[162, 118], [194, 118], [194, 182], [162, 182]], '질', 0.8050158424420637), ([[120, 114], [198, 114], [198, 288], [120, 288]], '꿀', 0.03348790317932804), ([[644, 163], [722, 163], [722, 294], [644, 294]], '스루', 0.0021973557434901677), ([[909, 149], [945, 149], [945, 215], [909, 215]], '뭐', 0.7981644360396309), ([[910, 224], [942, 224], [942, 302], [910, 302]], '접', 0.6274279061908352), ([[874, 462], [908, 462], [908, 494], [874, 494]], '잘', 0.9920496874518656), ([[910, 462], [942, 462], [942, 524], [910, 524]], '진', 0.020644535120428742), ([[688, 473], [769, 473], [769, 634], [688, 634]], '꿀룹', 0.10607565779615946), ([[871, 503], [909, 503], [909, 597], [871, 597]], '$', 0.014878925074037819), ([[489.67267270320804, 825.0630633836847], [584.7157757150078, 789.2659342412462], [640.327327296792, 957.9369366163153], [544.2842242849922, 993.7340657587538]], '올', 0.013096186540730026)]
[([[48, 40], [174, 40], [174, 326], [48, 326]], '# ', 0.006600225751787158), ([[11, 578], [92, 578], [92, 769], [11, 769]], '푹', 0.19591231423672273), ([[432, 508], [510, 508], [510, 696], [432, 696]], '푹', 0.615096524123615), ([[185, 735], [295, 735], [295, 801], [185, 801]], '손질', 0.020212438290202157), ([[243, 795], [355, 795], [355, 879], [243, 879]], '@금', 0.002103778582998718), ([[219, 921], [300, 921], [300, 1052], [219, 1052]], '개', 0.013345407582395552), ([[222, 1024], [298, 1024], [298, 1188], [222, 1188]], '별', 0.01855488789067139), ([[248, 1256], [469, 1256], [469, 1407], [248, 1407]], '해', 0.0564429117686851)]
[([[651, 89], [695, 89], [695, 251], [651, 251]], '#', 0.0220603748868351), ([[344, 506], [459, 506], [459, 583], [344, 583]], '순끔', 0.0038964930292974547), ([[24, 694], [129, 694], [129, 918], [24, 918]], '"출', 0.02402717865198019), ([[79, 835], [119, 835], [119, 923], [79, 923]], '목', 0.45965414025733153), ([[31, 1005], [241, 1005], [241, 1156], [31, 1156]], '한;', 0.06253916018512141), ([[697, 1207], [904, 1207], [904, 1354], [697, 1354]], '한', 0.34320499826561957), ([[62.25146056613784, 144.02336905820533], [184.8328514153693, 248.00409735162447], [117.74853943386216, 327.97663094179467], [-4.83285141536931, 223.99590264837553]], '예0', 0.000529978974931614), ([[660.7888001502056, 1057.0432021028776], [852.9090453597344, 1083.831746425252], [826.2111998497944, 1230.9567978971224], [635.0909546402656, 1203.168253574748]], '방', 0.03119808505550048)]
[([[90, 34], [168, 34], [168, 194], [90, 194]], '퍽', 0.005055913026016157), ([[0, 904], [180, 904], [180, 1032], [0, 1032]], '+하', 0.3907941188513457), ([[644, 834], [846, 834], [846, 982], [644, 982]], '{하', 0.20419834989257019), ([[737, 939], [937, 939], [937, 1071], [737, 1071]], '1하', 0.0333865097889285), ([[70, 1008], [281, 1008], [281, 1153], [70, 1153]], '합', 0.0866602916595447), ([[19, 1095], [81, 1095], [81, 1305], [19, 1305]], '%', 0.0027246996781152277), ([[29, 1343], [67, 1343], [67, 1391], [29, 1391]], "'", 0.7049818529337735)]
[([[854, 10], [928, 10], [928, 106], [854, 106]], '눈해', 0.7567652550594837), ([[819, 55], [857, 55], [857, 149], [819, 149]], '꽃', 0.10605908794383367), ([[822, 160], [852, 160], [852, 222], [822, 222]], '코', 0.8566175065067547), ([[857, 85], [893, 85], [893, 207], [857, 207]], '품', 0.19183898188153226), ([[66, 203], [187, 203], [187, 342], [66, 342]], '월불출', 0.02758863170815695), ([[564, 206], [596, 206], [596, 280], [564, 280]], '언', 0.21617115418008837), ([[681, 165], [760, 165], [760, 353], [681, 353]], '꿀', 0.40489433678148146), ([[724, 272], [754, 272], [754, 336], [724, 336]], '준', 0.14171996692449174), ([[431, 562], [469, 562], [469, 663], [431, 663]], '값', 0.04556470650790012), ([[61, 797], [97, 797], [97, 893], [61, 893]], '굶', 0.5512785564324219), ([[23, 798], [64, 798], [64, 1007], [23, 1007]], '#', 0.08053628612310604), ([[864, 1065], [940, 1065], [940, 1223], [864, 1223]], '#물', 0.11875439341014259)]
[([[239, 35], [277, 35], [277, 89], [239, 89]], '종', 0.34558525234957926), ([[758, 56], [788, 56], [788, 88], [758, 88]], '우', 0.999963045461655), ([[719, 57], [755, 57], [755, 149], [719, 149]], '중', 0.0065308803533175586), ([[755, 85], [791, 85], [791, 121], [755, 121]], '와', 0.9999638799114372), ([[277, 111], [313, 111], [313, 165], [277, 165]], '장', 0.26234419738740655), ([[256, 196], [286, 196], [286, 260], [256, 260]], '성', 0.111186212404224), ([[222, 478], [280, 478], [280, 532], [222, 532]], '라', 0.0198995490526086), ([[201, 523], [243, 523], [243, 583], [201, 583]], '군)', 0.03507683813666221), ([[11, 569], [47, 569], [47, 667], [11, 667]], '값', 0.05884366669789998), ([[356, 590], [388, 590], [388, 654], [356, 654]], '여', 0.2786349061239015), ([[312, 582], [436, 582], [436, 780], [312, 780]], '@', 0.20905118037150316), ([[109, 733], [153, 733], [153, 775], [109, 775]], '7', 0.5000827627207549), ([[812, 998], [844, 998], [844, 1070], [812, 1070]], '언', 0.771875435455005), ([[98, 1034], [150, 1034], [150, 1102], [98, 1102]], '때', 0.51214719065689), ([[389, 1156], [428, 1156], [428, 1261], [389, 1261]], '굶', 0.3863719278399458), ([[382, 1294], [612, 1294], [612, 1462], [382, 1462]], '겉', 0.012560219669566275), ([[807.8293886190702, 1159.0360956289367], [1020.0418506283072, 1198.5990877184402], [984.1706113809298, 1358.9639043710633], [772.9581493716928, 1320.4009122815598]], '', 0.0)]
[([[888, 444], [920, 444], [920, 478], [888, 478]], '맘', 0.9990160502638901), ([[919, 445], [955, 445], [955, 509], [919, 509]], '짜', 0.05861227309708483), ([[886, 474], [918, 474], [918, 538], [886, 538]], ':', 0.02185198030007407), ([[882, 512], [958, 512], [958, 673], [882, 673]], '군?', 0.026069115782506876), ([[43, 579], [79, 579], [79, 787], [43, 787]], '#', 0.06079659150472616), ([[209, 610], [417, 610], [417, 746], [209, 746]], '7', 0.9917766336694491), ([[771, 896], [893, 896], [893, 1009], [771, 1009]], '며날경', 0.10055269322213793), ([[776, 973], [855, 973], [855, 1136], [776, 1136]], '꿀', 0.036134939143918965), ([[337, 1177], [433, 1177], [433, 1243], [337, 1243]], "')증", 0.18509284098779413), ([[42, 1230], [74, 1230], [74, 1354], [42, 1354]], '올', 0.017436692904485795), ([[312.0430649393721, 1079.0574389967883], [411.72630582356976, 1111.9253438066341], [387.9569350606279, 1177.9425610032117], [288.27369417643024, 1145.0746561933659]], '{승', 0.005129039244722851), ([[617.6915871093646, 1240.4280310155857], [689.7458956256978, 1172.0214161128586], [798.3084128906354, 1303.5719689844143], [726.2541043743022, 1371.9785838871414]], '못', 0.5770881236738354)]
[([[501, 109], [539, 109], [539, 165], [501, 165]], '응', 0.9840821792831775), ([[495, 153], [637, 153], [637, 222], [495, 222]], '"-초장', 0.023688632994890213), ([[737, 451], [857, 451], [857, 561], [737, 561]], '#청품', 0.1983005117308837), ([[779, 563], [815, 563], [815, 687], [779, 687]], '춤', 0.005952506808228009), ([[179, 679], [260, 679], [260, 780], [179, 780]], '풍출', 0.40824290607595853), ([[178, 753], [259, 753], [259, 914], [178, 914]], '물', 0.008875498613500676), ([[69, 953], [105, 953], [105, 1047], [69, 1047]], '해', 0.4582791878368795), ([[846, 1046], [900, 1046], [900, 1130], [846, 1130]], '1', 0.06857239891966405), ([[124, 1092], [312, 1092], [312, 1218], [124, 1218]], '뉴소', 0.021163353862334804), ([[688, 1172], [890, 1172], [890, 1318], [688, 1318]], '7수', 0.24391327930832843), ([[533, 1275], [735, 1275], [735, 1409], [533, 1409]], '7141', 0.14971379935741425)]
[([[0, 9], [181, 9], [181, 143], [0, 143]], '구1사', 0.2601246384342626), ([[410, 218], [442, 218], [442, 280], [410, 280]], '옛', 0.940314118637616), ([[898, 228], [926, 228], [926, 256], [898, 256]], '시', 0.9978639577459489), ([[373, 217], [409, 217], [409, 317], [373, 317]], '굶', 0.10986618539432502), ([[374, 318], [406, 318], [406, 364], [374, 364]], ':_', 0.5596956695121935), ([[898, 296], [930, 296], [930, 362], [898, 362]], '셋', 0.05579909392087168), ([[137, 439], [333, 439], [333, 571], [137, 571]], '7', 0.38155525436411963), ([[199, 571], [315, 571], [315, 709], [199, 709]], '연위영', 0.00975933540132368), ([[237, 706], [277, 706], [277, 834], [237, 834]], '향', 0.39387220147805024), ([[380, 781], [522, 781], [522, 884], [380, 884]], '{"', 0.09422167019026671), ([[606, 1258], [720, 1258], [720, 1338], [606, 1338]], '감홀', 0.001120880316347995), ([[634, 1322], [752, 1322], [752, 1398], [634, 1398]], '논?', 0.0727955845775736)]
[([[247, 17], [283, 17], [283, 111], [247, 111]], '꿀', 0.014298384062394531), ([[211, 17], [249, 17], [249, 199], [211, 199]], '출', 0.026688183755286587), ([[389, 195], [426, 195], [426, 266], [389, 266]], '성', 0.3550450960582374), ([[231, 741], [267, 741], [267, 849], [231, 849]], '하', 0.06728307753406071), ([[360, 694], [437, 694], [437, 854], [360, 854]], '몇', 0.003578366001782962), ([[25, 780], [214, 780], [214, 909], [25, 909]], '한', 0.4892672633662052), ([[29, 1033], [69, 1033], [69, 1075], [29, 1075]], '저', 0.9999907016970297), ([[22, 1027], [126, 1027], [126, 1337], [22, 1337]], '#', 0.710401195961655), ([[164, 1298], [258, 1298], [258, 1372], [164, 1372]], '덕증', 0.01973023384884671), ([[135.77662753199218, 224.0535538647109], [308.59562375783526, 247.8885139163166], [287.2233724680078, 365.9464461352891], [114.40437624216473, 342.11148608368336]], '한', 0.04160662411479965), ([[210.00772212328633, 1363.0617769862906], [305.69503197645855, 1394.812196791007], [282.9922778767137, 1458.9382230137094], [188.30496802354145, 1428.187803208993]], '{"돕', 0.0019046077826722434)]
[([[795, 67], [831, 67], [831, 149], [795, 149]], '전', 0.3557729037138415), ([[793, 167], [831, 167], [831, 247], [793, 247]], '전', 0.025879449584763847), ([[178, 512], [210, 512], [210, 546], [178, 546]], '저', 0.9999805689801953), ([[54, 498], [224, 498], [224, 722], [54, 722]], '뼈', 0.05027872820101553), ([[103, 704], [141, 704], [141, 831], [103, 831]], '열', 0.057053464232383), ([[600, 974], [678, 974], [678, 1074], [600, 1074]], '꿀약', 0.014831462558742986), ([[586, 1240], [652, 1240], [652, 1272], [586, 1272]], '나 찍', 0.4381643831729889), ([[204, 1268], [236, 1268], [236, 1336], [204, 1336]], '특', 0.011449610838454305), ([[574, 1230], [697, 1230], [697, 1372], [574, 1372]], '넓올울', 0.033335880070760646), ([[653, 1311], [690, 1311], [690, 1380], [653, 1380]], '질', 0.12166429072196028)]
[([[758, 160], [790, 160], [790, 236], [758, 236]], '젊', 0.002120763845896559), ([[197, 191], [233, 191], [233, 357], [197, 357]], '푹', 0.007380560088027233), ([[751, 331], [835, 331], [835, 421], [751, 421]], '버', 0.23002597703616434), ([[226, 496], [384, 496], [384, 600], [226, 600]], '통하', 0.024028020053173192), ([[596, 524], [756, 524], [756, 628], [596, 628]], '굽하', 0.3125596766837337), ([[774, 504], [835, 504], [835, 733], [774, 733]], '품', 0.003150640406129279), ([[75, 963], [135, 963], [135, 1119], [75, 1119]], '뜻', 0.026468321756567548), ([[71, 1135], [139, 1135], [139, 1316], [71, 1316]], '곁', 0.15757538834357465), ([[310, 1164], [470, 1164], [470, 1284], [310, 1284]], '" 제', 0.1993912254168396)]
[([[729, 671], [809, 671], [809, 733], [729, 733]], '앗!', 0.5647265941795051)]
[([[840, 208], [870, 208], [870, 242], [840, 242]], '오', 0.9999976158156301), ([[800, 206], [840, 206], [840, 305], [800, 305]], '짧', 0.018300560990561543), ([[14, 300], [136, 300], [136, 500], [14, 500]], '?', 0.09289730145634056), ([[60, 412], [92, 412], [92, 536], [60, 536]], '딸', 0.08532186005141185), ([[239, 385], [463, 385], [463, 571], [239, 571]], '"권', 0.051012606210239925), ([[858, 1002], [888, 1002], [888, 1050], [858, 1050]], '종', 0.509740742515735), ([[756, 1078], [841, 1078], [841, 1227], [756, 1227]], '#7', 0.0038029250924669915), ([[759, 1213], [838, 1213], [838, 1328], [759, 1328]], '문술', 0.005587593473476823), ([[472, 1312], [576, 1312], [576, 1418], [472, 1418]], "'수소", 0.3726134330564759), ([[775.9563638994289, 897.0683656356597], [872.4020152416672, 918.9651737509165], [854.0436361005711, 988.9316343643403], [757.5979847583328, 966.0348262490835]], '\'초"중', 0.004046672955155373), ([[147.05060438802255, 977.037615289084], [293.6459525666296, 1029.10659563562], [255.94939561197745, 1126.962384710916], [109.3540474333704, 1074.89340436438]], '7,?', 0.010277372616636853), ([[17.106960902140496, 1231.0332760886827], [169.8152851842978, 1292.902612097462], [128.8930390978595, 1388.9667239113173], [-22.815285184297792, 1327.097387902538]], '7쇼?', 0.05256049219553813)]
[([[99, 237], [141, 237], [141, 277], [99, 277]], '0', 0.3966920642040215), ([[522, 1002], [594, 1002], [594, 1134], [522, 1134]], '품%', 0.004826132268254238), ([[358, 1081], [451, 1081], [451, 1301], [358, 1301]], '설', 0.012832881301829469), ([[641.6267516602966, 357.74152881868207], [842.8053442318543, 250.93521799341647], [917.3732483397034, 419.25847118131793], [716.1946557681457, 525.0647820065835]], ';', 0.002892369411046661)]
[([[704, 92], [786, 92], [786, 146], [704, 146]], ')중', 0.10837380956496581), ([[308, 300], [340, 300], [340, 342], [308, 342]], '삶', 0.8946217641812702), ([[872, 286], [948, 286], [948, 390], [872, 390]], '%해', 0.08429759688747647), ([[310, 340], [336, 340], [336, 402], [310, 402]], '멋', 0.20271204655344732), ([[873, 394], [913, 394], [913, 519], [873, 519]], '곁', 0.002969355787653394), ([[110, 512], [297, 512], [297, 617], [110, 617]], '70', 0.5775817544943268), ([[340, 690], [418, 690], [418, 792], [340, 792]], '끝업', 0.03085810013146554), ([[80, 886], [110, 886], [110, 948], [80, 948]], '해', 0.17905814451896518), ([[4, 882], [82, 882], [82, 1042], [4, 1042]], '하울', 0.02732255055272998), ([[43, 1021], [79, 1021], [79, 1113], [43, 1113]], '곁', 0.1857323008908276), ([[683, 1231], [755, 1231], [755, 1295], [683, 1295]], "'구", 0.3843016586464375), ([[77.0905245867245, 75.09619340857253], [194.75337531575707, -0.9850579570779274], [313.9094754132755, 211.90380659142747], [196.24662468424293, 288.9850579570779]], '', 0.0), ([[351.8509805405407, 1322.338039675676], [456.5085698927303, 1305.6807804250184], [463.1490194594593, 1366.661960324324], [357.4914301072697, 1383.3192195749816]], '느문', 0.005586555746189556)]
[([[7, 124], [178, 124], [178, 210], [7, 210]], '5 ', 0.5613077970627172), ([[12, 256], [96, 256], [96, 328], [12, 328]], '5', 0.8452092962431976), ([[14, 354], [142, 354], [142, 428], [14, 428]], '5 4', 0.623509037172915), ([[524, 1076], [652, 1076], [652, 1272], [524, 1272]], '(', 0.06994541135657428), ([[278.98268547211705, 26.064946682513195], [372.4937395536382, 51.199309459751376], [352.01731452788295, 119.9350533174868], [258.5062604463618, 93.80069054024862]], '{3"전', 0.013561625964939594), ([[314.9953585086709, 99.06333221850001], [406.5093580761338, 126.24146029856308], [385.0046414913291, 193.9366677815], [293.4906419238662, 167.75853970143692]], "'}전", 0.004765960978560664), ([[37.46883599596033, 405.01411672405425], [111.59563515476897, 421.7121252896346], [69.53116400403967, 612.9858832759458], [-5.595635154768969, 595.2878747103654]], '쇼', 0.7250984947583028), ([[597.0796420133831, 552.035346173981], [691.1927728110172, 543.1817233103807], [701.9203579866169, 705.964653826019], [608.8072271889828, 714.8182766896193]], '(', 0.9064092474935457)]
[([[218, 32], [258, 32], [258, 157], [218, 157]], '움', 0.24303718804262875), ([[257, 35], [293, 35], [293, 99], [257, 99]], '약', 0.9720162919167166), ([[292, 36], [324, 36], [324, 158], [292, 158]], '영', 0.4483351183480977), ([[713, 35], [751, 35], [751, 207], [713, 207]], '#', 0.024658823772334637), ([[751, 35], [787, 35], [787, 117], [751, 117]], '스', 0.05149286616144), ([[425, 211], [503, 211], [503, 275], [425, 275]], '(3원)', 0.02275490015745163), ([[529, 307], [565, 307], [565, 371], [529, 371]], '춤', 0.6914565717054302), ([[561, 302], [640, 302], [640, 406], [561, 406]], '국중', 0.05083341452861222), ([[526, 376], [606, 376], [606, 536], [526, 536]], '출', 0.04461040581843734), ([[40, 456], [118, 456], [118, 604], [40, 604]], '양역', 0.0061318728794612), ([[79, 593], [115, 593], [115, 691], [79, 691]], '곁', 0.6649866225239407), ([[217, 777], [280, 777], [280, 938], [217, 938]], '꿀', 0.3044793071242111), ([[248, 1320], [278, 1320], [278, 1362], [248, 1362]], '양', 0.1507172306830853), ([[306, 1278], [456, 1278], [456, 1440], [306, 1440]], ' 1', 0.25829662862785935), ([[67.99599649376775, 62.07237580699751], [160.56840181771977, 83.58006248820851], [144.00400350623224, 144.9276241930025], [52.431598182280226, 123.41993751179149]], '{""장', 0.2105564922094345)]
[([[708, 37], [765, 37], [765, 112], [708, 112]], '꿀', 0.06621833031709912), ([[715, 115], [759, 115], [759, 169], [715, 169]], '엇', 0.8872542380288451), ([[808, 525], [884, 525], [884, 628], [808, 628]], '원햇', 0.05871983474676471), ([[95, 585], [259, 585], [259, 777], [95, 777]], '{37', 0.007848238712011726), ([[775, 529], [813, 529], [813, 713], [775, 713]], '#', 0.11383392633013134), ([[814, 632], [846, 632], [846, 698], [814, 698]], '다', 0.06493673547861878), ([[144, 730], [176, 730], [176, 794], [144, 794]], '삶', 0.03090186109184523), ([[312, 792], [388, 792], [388, 892], [312, 892]], '%월', 0.07807035291520599), ([[313, 899], [351, 899], [351, 1011], [313, 1011]], '꽃', 0.011434551271495508)]
[([[484, 48], [514, 48], [514, 124], [484, 124]], '울', 0.4977032629938982), ([[390, 202], [422, 202], [422, 328], [390, 328]], '흙', 0.05896712937070725), ([[882, 498], [912, 498], [912, 544], [882, 544]], '움', 0.4420477892344685), ([[662, 846], [692, 846], [692, 910], [662, 910]], '움', 0.7266562901181182), ([[62, 988], [136, 988], [136, 1062], [62, 1062]], '수왜', 0.05525057658669389), ([[134, 986], [210, 986], [210, 1122], [134, 1122]], '', 0.0), ([[58, 1056], [138, 1056], [138, 1182], [58, 1182]], '월출', 0.007850561351060718), ([[172, 1126], [204, 1126], [204, 1190], [172, 1190]], '뜻', 0.10672891885551739), ([[100, 1188], [132, 1188], [132, 1220], [100, 1220]], '더', 0.9998922377055806), ([[133, 1097], [171, 1097], [171, 1251], [133, 1251]], '푹', 0.08867806219859631), ([[668, 1168], [782, 1168], [782, 1245], [668, 1245]], '#금월', 0.28684771901736655), ([[746, 1218], [778, 1218], [778, 1282], [746, 1282]], '국', 0.46636471845340566), ([[709, 1247], [745, 1247], [745, 1315], [709, 1315]], '안', 0.09026051272491031), ([[662, 1235], [788, 1235], [788, 1398], [662, 1398]], '출유 ', 0.0341242901347043), ([[495.1228025548882, 726.0350319361027], [651.7984299275063, 780.9038341905429], [616.8771974451118, 872.9649680638973], [460.2015700724937, 818.0961658094571]], '744', 0.39204893291059223), ([[412.0725499096816, 1031.0358938348922], [564.7336289689289, 1087.4856509352296], [525.9274500903184, 1183.9641061651078], [373.26637103107106, 1128.5143490647704]], '7사보', 0.040799578598090934), ([[476.9714880870244, 1141.0407498965076], [630.2946502393382, 1184.7760710834175], [596.0285119129755, 1292.9592501034924], [442.7053497606618, 1249.2239289165825]], '74소', 0.20323756663756778)]
[([[23, 445], [111, 445], [111, 507], [23, 507]], ')중', 0.23553175043675684), ([[846, 679], [924, 679], [924, 838], [846, 838]], '꿀출', 0.008413291021395033), ([[40, 762], [175, 762], [175, 979], [40, 979]], '며물', 0.043159830023154315), ([[81.19149399277805, 499.0468483378912], [165.99143814352155, 545.6538892008158], [135.80850600722195, 598.9531516621088], [51.00856185647845, 551.3461107991842]], '"2', 0.22298578373371766)]
[([[178, 70], [286, 70], [286, 120], [178, 120]], '스 ', 0.12498161075939082), ([[626, 286], [658, 286], [658, 326], [626, 326]], '어', 0.9996137991968226), ([[554, 286], [586, 286], [586, 410], [554, 410]], '움', 0.07956332292266755), ([[587, 285], [623, 285], [623, 485], [587, 485]], '?', 0.01773549742374403), ([[39, 1089], [101, 1089], [101, 1209], [39, 1209]], '군', 0.9346650799532341)]
[([[185, 57], [221, 57], [221, 121], [185, 121]], '말', 0.38055240594028206), ([[210, 49], [334, 49], [334, 189], [210, 189]], '실월하', 0.011775219410692964), ([[607, 26], [686, 26], [686, 156], [607, 156]], '지육', 0.0008645394198157339), ([[683, 101], [719, 101], [719, 137], [683, 137]], '핸', 0.7821954285328871), ([[686, 32], [716, 32], [716, 94], [686, 94]], '질', 0.31256185417422344), ([[720, 30], [752, 30], [752, 124], [720, 124]], '옆', 0.08944386354450273), ([[210, 122], [334, 122], [334, 294], [210, 294]], '뭐국', 0.002665066009660624), ([[686, 134], [716, 134], [716, 228], [686, 228]], '등', 0.33295323763708495), ([[255, 189], [291, 189], [291, 345], [255, 345]], '7', 0.0036412314665890677), ([[428, 300], [458, 300], [458, 364], [428, 364]], '몸', 0.33475022057780635), ([[346, 290], [468, 290], [468, 492], [346, 492]], '얘', 0.013357325889160387), ([[389, 431], [425, 431], [425, 557], [389, 557]], '출', 0.3934411615350797), ([[119, 597], [283, 597], [283, 709], [119, 709]], '빠"', 0.10200633884790175), ([[564, 632], [596, 632], [596, 728], [564, 728]], '운', 0.005107886329782707), ([[37, 709], [73, 709], [73, 865], [37, 865]], '움', 0.009693179564020105), ([[68, 704], [146, 704], [146, 810], [68, 810]], "표론'", 0.04436457272843645), ([[524, 634], [562, 634], [562, 834], [524, 834]], '#', 0.009277294728384844), ([[563, 735], [599, 735], [599, 801], [563, 801]], '다', 0.8522003155167681), ([[70, 780], [148, 780], [148, 920], [70, 920]], '#위', 0.022220346470186315), ([[342, 1050], [372, 1050], [372, 1076], [342, 1076]], '비', 0.9844722285468066), ([[70, 1068], [102, 1068], [102, 1100], [70, 1100]], '당', 0.9999884367323411), ([[31, 1066], [67, 1066], [67, 1192], [31, 1192]], '여', 0.03539291044402071), ([[70, 1098], [100, 1098], [100, 1130], [70, 1130]], '신', 0.9998586227798256), ([[306, 1050], [338, 1050], [338, 1154], [306, 1154]], '해', 0.2094455464064282), ([[195, 1199], [231, 1199], [231, 1245], [195, 1245]], '종', 0.08749039404074566), ([[179.82590938685752, 1241.076911340117], [283.1272025927185, 1259.1336609024931], [267.1740906131425, 1334.923088659883], [163.87279740728152, 1315.8663390975069]], "'개중", 0.03423781891954164)]
[([[105, 141], [205, 141], [205, 233], [105, 233]], '단글', 0.05864994242667981), ([[49, 135], [209, 135], [209, 417], [49, 417]], '#', 0.03476045366172209), ([[42, 494], [90, 494], [90, 640], [42, 640]], '꿀', 0.3208298819701305), ([[532, 816], [564, 816], [564, 852], [532, 852]], '난', 0.982212247316113), ([[527, 857], [566, 857], [566, 924], [527, 924]], '겪', 0.20385528971875377), ([[655, 1131], [691, 1131], [691, 1197], [655, 1197]], '급', 0.45025412348201144), ([[828, 1142], [860, 1142], [860, 1204], [828, 1204]], '굶', 0.123274054540631), ([[617, 1131], [653, 1131], [653, 1287], [617, 1287]], '}', 0.0024823793177048), ([[256, 1227], [341, 1227], [341, 1427], [256, 1427]], '국', 0.226515213727553)]
[([[848, 98], [968, 98], [968, 267], [848, 267]], '출주', 0.00895411130787709), ([[319, 311], [355, 311], [355, 377], [319, 377]], '점', 0.7191649412630028), ([[846, 228], [968, 228], [968, 434], [846, 434]], '책', 0.11780420005187953), ([[242, 307], [322, 307], [322, 528], [242, 528]], '#', 0.004083490119113853), ([[283, 443], [319, 443], [319, 509], [283, 509]], '젖', 0.11555754994118672), ([[317, 382], [357, 382], [357, 509], [317, 509]], '곁', 0.004025477195591931), ([[315, 517], [358, 517], [358, 614], [315, 614]], '딸', 0.05357221637609744), ([[791, 650], [872, 650], [872, 781], [791, 781]], '물울', 0.016703102495283256), ([[836, 760], [868, 760], [868, 794], [836, 794]], '더', 0.999886635178715), ([[796, 786], [874, 786], [874, 900], [796, 900]], '#표', 0.10436809972707697), ([[95, 895], [133, 895], [133, 995], [95, 995]], '쭉', 0.04549867189433976), ([[130, 893], [209, 893], [209, 1054], [130, 1054]], '훌륭', 0.005313491014363392), ([[170, 1000], [202, 1000], [202, 1036], [170, 1036]], '그', 0.9999986886982448), ([[95, 999], [133, 999], [133, 1069], [95, 1069]], '가', 0.713765183818623), ([[87, 1035], [212, 1035], [212, 1178], [87, 1178]], '털부철', 0.00043549981536019185), ([[136, 1166], [168, 1166], [168, 1228], [136, 1228]], '단', 0.16973150105216295)]
[([[293, 433], [707, 433], [707, 567], [293, 567]], '동쪽몸락', 0.7601660490036011), ([[301, 775], [503, 775], [503, 863], [301, 863]], '제1 화', 0.8440858721733093), ([[333, 1116], [845, 1116], [845, 1207], [333, 1207]], "*   *-?사'", 0.023074595631438974)]
[([[914, 112], [944, 112], [944, 146], [914, 146]], '저', 0.9999912977407952), ([[381, 173], [417, 173], [417, 329], [381, 329]], ' ', 0.005652449381961022), ([[878, 112], [910, 112], [910, 264], [878, 264]], '물', 0.10050606367159176), ([[912, 184], [944, 184], [944, 244], [912, 244]], '쥐', 0.5917575380750009), ([[64, 762], [96, 762], [96, 796], [64, 796]], '아', 0.9730408313026864), ([[27, 761], [63, 761], [63, 857], [27, 857]], '월', 0.006222584066185866), ([[27, 861], [63, 861], [63, 959], [27, 959]], '품', 0.5769999226696179), ([[28, 968], [58, 968], [58, 1030], [28, 1030]], '출', 0.057562202362185566), ([[69, 1229], [105, 1229], [105, 1357], [69, 1357]], '품', 0.7976097654068894), ([[738, 1226], [816, 1226], [816, 1298], [738, 1298]], '약몽', 0.018592380648811548), ([[810, 1226], [888, 1226], [888, 1360], [810, 1360]], '콤출', 0.03886232189463132), ([[30, 1226], [111, 1226], [111, 1488], [30, 1488]], '#', 0.17799455894919802), ([[738, 1298], [816, 1298], [816, 1462], [738, 1462]], '출', 0.09896546622431757), ([[813, 1363], [849, 1363], [849, 1431], [813, 1431]], '뚱', 0.03001512523607719)]
[([[155, 52], [193, 52], [193, 149], [155, 149]], '역', 0.03110531334303701), ([[350, 62], [430, 62], [430, 139], [350, 139]], '중만', 0.16774173788271823), ([[102, 172], [134, 172], [134, 234], [102, 234]], '뭐', 0.8853667798581597), ([[157, 155], [193, 155], [193, 251], [157, 251]], '쪽', 0.03841509844259883), ([[353, 141], [389, 141], [389, 237], [353, 237]], '썩', 0.1369782613037387), ([[62, 168], [106, 168], [106, 323], [62, 323]], '춤', 0.020234388851110063), ([[371, 413], [407, 413], [407, 449], [371, 449]], '아', 0.996060444387922), ([[700, 404], [730, 404], [730, 436], [700, 436]], '에', 0.9990645451576405), ([[374, 470], [404, 470], [404, 532], [374, 532]], '출', 0.09309609946241437), ([[417, 461], [487, 461], [487, 501], [417, 501]], '1>', 0.006151599236775513), ([[661, 401], [699, 401], [699, 573], [661, 573]], '#', 0.005807443941054091), ([[852, 430], [976, 430], [976, 586], [852, 586]], '"#', 0.026095840971708747), ([[896, 668], [924, 668], [924, 702], [896, 702]], '으', 0.9954810051490348), ([[383, 644], [424, 644], [424, 797], [383, 797]], '품', 0.5688506089642296), ([[896, 730], [922, 730], [922, 772], [896, 772]], '응', 0.9854867419911706), ([[58, 838], [136, 838], [136, 1058], [58, 1058]], '$', 0.03235457116077001), ([[828, 1216], [906, 1216], [906, 1314], [828, 1314]], '교노', 0.06825863868384205)]
[([[124, 570], [158, 570], [158, 602], [124, 602]], '나', 0.9947974575272021), ([[158, 570], [190, 570], [190, 662], [158, 662]], '육', 0.02227239585246199), ([[158, 672], [190, 672], [190, 764], [158, 764]], '뒷', 0.03035035875077008), ([[860, 640], [936, 640], [936, 756], [860, 756]], '품원', 0.0031002169638364423), ([[718, 870], [748, 870], [748, 900], [718, 900]], '아', 0.9999580387702736), ([[44, 886], [121, 886], [121, 988], [44, 988]], '품통', 0.17898502224678578), ([[720, 930], [744, 930], [744, 960], [720, 960]], '응', 0.9890565320936027), ([[120, 892], [152, 892], [152, 1044], [120, 1044]], '출', 0.15692452207991892), ([[688, 870], [720, 870], [720, 1060], [688, 1060]], '}', 0.011482550668127978)]
[([[794, 32], [868, 32], [868, 104], [794, 104]], '몸호', 0.07726164497758391), ([[213, 66], [256, 66], [256, 221], [213, 221]], '품', 0.08822172323184052), ([[245, 61], [367, 61], [367, 169], [245, 169]], '#퓨국', 0.008041327348048877), ([[760, 37], [796, 37], [796, 220], [760, 220]], '#', 0.0015817776235743791), ([[796, 106], [870, 106], [870, 206], [796, 206]], '슬틀', 0.16141206435759575), ([[242, 134], [366, 134], [366, 302], [242, 302]], '상', 0.010682425010426988), ([[287, 273], [323, 273], [323, 309], [287, 309]], '단', 0.8893540331868657), ([[316, 698], [392, 698], [392, 856], [316, 856]], '유물', 0.025205199182797504), ([[563, 691], [679, 691], [679, 859], [563, 859]], '훌흙', 0.0005913352033118907), ([[718, 766], [796, 766], [796, 866], [718, 866]], '교물', 0.033233700772460906), ([[571, 829], [607, 829], [607, 913], [571, 913]], '양', 0.11927895103525898), ([[641, 783], [677, 783], [677, 939], [641, 939]], '군', 0.0029900471362869774), ([[160, 920], [226, 920], [226, 948], [160, 948]], '|스앙', 0.0014664787193151391)]
[([[804, 64], [836, 64], [836, 100], [804, 100]], '아', 0.9578724390752456), ([[764, 60], [842, 60], [842, 232], [764, 232]], '출륭', 0.03613447913885592), ([[324, 320], [364, 320], [364, 475], [324, 475]], '푹', 0.05175362236556702), ([[98, 505], [222, 505], [222, 722], [98, 722]], '국', 0.0034578431403701343), ([[179, 617], [215, 617], [215, 715], [179, 715]], '품', 0.4738834408968273), ([[552, 858], [628, 858], [628, 958], [552, 958]], '출월', 0.3004716796721338), ([[719, 839], [757, 839], [757, 965], [719, 965]], '#', 0.9985746459585165), ([[758, 840], [790, 840], [790, 902], [758, 902]], '중', 0.22528121702271164), ([[120, 1232], [152, 1232], [152, 1292], [120, 1292]], '와', 0.043136894198742226), ([[120, 1290], [148, 1290], [148, 1320], [120, 1320]], '로', 0.999859218784227)]
[([[882, 66], [914, 66], [914, 94], [882, 94]], '에', 0.9988015906458259), ([[49, 741], [85, 741], [85, 805], [49, 805]], '상', 0.5151811668512529), ([[122, 746], [150, 746], [150, 804], [122, 804]], '성', 0.12430087471646178), ([[85, 745], [121, 745], [121, 925], [85, 925]], ';', 0.06964504086962453), ([[88, 1078], [118, 1078], [118, 1102], [88, 1102]], '그', 0.9939179093654573), ([[46, 1070], [162, 1070], [162, 1172], [46, 1172]], '훌금표', 0.004615016149083821), ([[84, 1176], [158, 1176], [158, 1302], [84, 1302]], '표#', 0.0020200911320360855), ([[766.2186554432467, 529.0127221076748], [1009.8376110600998, 722.2128331683575], [880.7813445567533, 883.9872778923252], [637.1623889399002, 689.7871668316425]], '"', 0.012391650603074178), ([[843.4537322194531, 1084.0501539850466], [867.5116130765723, 1087.4086632973047], [859.5462677805469, 1143.9498460149534], [836.4883869234277, 1140.5913367026953]], '엇', 0.3715884064806687)]
[([[846, 290], [878, 290], [878, 324], [846, 324]], '나', 0.9861010278421567), ([[878, 290], [910, 290], [910, 352], [878, 352]], '어', 0.6203906274710249), ([[61, 328], [134, 328], [134, 426], [61, 426]], '푹점', 0.017761525196932245), ([[64, 400], [138, 400], [138, 488], [64, 488]], '싶옥', 0.0393662811904796), ([[80, 778], [178, 778], [178, 854], [80, 854]], '세장', 0.0033084658378059453), ([[872, 788], [952, 788], [952, 863], [872, 863]], '박뭐', 0.17522170894624764), ([[169, 873], [207, 873], [207, 925], [169, 925]], '중', 0.27775250696425147), ([[874, 864], [952, 864], [952, 964], [874, 964]], '#통', 0.21393012364940586), ([[72, 966], [102, 966], [102, 1002], [72, 1002]], '쓰', 0.9997022373636497), ([[526, 964], [554, 964], [554, 1008], [526, 1008]], '응', 0.9918955927995263), ([[36, 964], [64, 964], [64, 1054], [36, 1054]], '경', 0.19764134986122261), ([[28, 1018], [108, 1018], [108, 1178], [28, 1178]], '#', 0.07748421176043596)]
[([[157, 157], [223, 157], [223, 243], [157, 243]], '앗', 0.21821453486484987), ([[619, 685], [779, 685], [779, 799], [619, 799]], '속금', 0.30934888318031484), ([[94, 934], [288, 934], [288, 1062], [94, 1062]], '눕', 0.05103098923132898), ([[706, 982], [886, 982], [886, 1102], [706, 1102]], '늑7', 0.002060778900516247), ([[912, 1096], [936, 1096], [936, 1120], [912, 1120]], '어', 0.9999431379772297), ([[840, 1094], [872, 1094], [872, 1156], [840, 1156]], '주', 0.5609378946160746), ([[842, 1154], [868, 1154], [868, 1186], [842, 1186]], '트', 0.22599113464452003), ([[873, 1091], [942, 1091], [942, 1189], [873, 1189]], '%혀', 0.17977768317816542), ([[840, 1186], [872, 1186], [872, 1218], [840, 1218]], '고', 0.9999974966064862), ([[838, 1228], [868, 1228], [868, 1292], [838, 1292]], '엇', 0.4943832568835802), ([[876, 1200], [908, 1200], [908, 1296], [876, 1296]], '꼴', 0.07193834334100391), ([[58, 1256], [84, 1256], [84, 1350], [58, 1350]], '%', 0.013664337706869256), ([[92, 1256], [120, 1256], [120, 1406], [92, 1406]], "'", 0.0034176387822254656), ([[819, 1328], [978, 1328], [978, 1433], [819, 1433]], '민마', 0.0030504571919205245)]
[([[380, 72], [410, 72], [410, 104], [380, 104]], '토', 0.7242394676300279), ([[416, 72], [448, 72], [448, 134], [416, 134]], '열', 0.5733877701858461), ([[916, 82], [940, 82], [940, 112], [916, 112]], '소', 0.9999909401145146), ([[380, 102], [412, 102], [412, 132], [380, 132]], '조', 0.9972335186747081), ([[54, 110], [130, 110], [130, 240], [54, 240]], '#릎', 0.02108008775210956), ([[413, 143], [452, 143], [452, 210], [413, 210]], '마', 0.18280360489243108), ([[165, 209], [289, 209], [289, 325], [165, 325]], '74', 0.7678979760141726), ([[913, 151], [949, 151], [949, 307], [913, 307]], '출', 0.1630768811055674), ([[509, 509], [545, 509], [545, 681], [509, 681]], '#', 0.6228355235346648), ([[854, 824], [926, 824], [926, 880], [854, 880]], '에 앗', 0.1624036729335785), ([[85, 867], [277, 867], [277, 1005], [85, 1005]], '세째', 0.03828994343102064), ([[820, 828], [852, 828], [852, 980], [820, 980]], '7', 0.311893879197104), ([[856, 900], [886, 900], [886, 974], [856, 974]], '얼', 0.012158446171533832), ([[258, 1268], [467, 1268], [467, 1405], [258, 1405]], '물막', 0.019587926660576502)]
[([[226, 30], [256, 30], [256, 120], [226, 120]], '퍽', 0.44514132350946056), ([[814, 6], [934, 6], [934, 176], [814, 176]], '#분3', 0.012752781167225205), ([[893, 103], [929, 103], [929, 171], [893, 171]], '박', 0.5815837673722513), ([[226, 132], [252, 132], [252, 254], [226, 254]], '혀', 0.027599327529665096), ([[852, 116], [930, 116], [930, 274], [852, 274]], '협복', 0.003159276216693513), ([[42, 432], [66, 432], [66, 466], [42, 466]], '길', 0.19890412599545826), ([[0, 425], [72, 425], [72, 604], [0, 604]], '터', 0.3352894509024651), ([[39, 597], [77, 597], [77, 633], [39, 633]], '야', 0.999787222737897), ([[218, 764], [341, 764], [341, 908], [218, 908]], '훌륭히', 0.11938847427976208), ([[225, 877], [261, 877], [261, 973], [225, 973]], '불', 0.04973640600811202), ([[412, 1154], [442, 1154], [442, 1186], [412, 1186]], '우', 0.999946714157435), ([[412, 1222], [440, 1222], [440, 1258], [412, 1258]], '응', 0.9995967556331529), ([[83, 1237], [119, 1237], [119, 1329], [83, 1329]], '월', 0.8586585486402534), ([[45, 1237], [83, 1237], [83, 1433], [45, 1433]], '}', 0.002321177691639101), ([[829.2917949420224, 735.022821601347], [910.6419648433199, 727.6204001965383], [923.7082050579776, 911.977178398653], [843.3580351566801, 919.3795998034617]], '틀', 0.784617360298455)]
[([[627, 41], [664, 41], [664, 104], [627, 104]], '몸', 0.9949976931636719), ([[665, 45], [698, 45], [698, 136], [665, 136]], '푹', 0.20486772378551255), ([[837, 53], [979, 53], [979, 167], [837, 167]], '넷래', 0.023522939289023288), ([[626, 119], [663, 119], [663, 215], [626, 215]], '푹', 0.8405835939824478), ([[771, 469], [919, 469], [919, 577], [771, 577]], '넷재', 0.006462278430686058), ([[200, 662], [304, 662], [304, 734], [200, 734]], '제중', 0.0015506258005677483), ([[5, 759], [121, 759], [121, 899], [5, 899]], '왼문주', 0.007879665437871157), ([[41, 870], [81, 870], [81, 996], [41, 996]], '혀', 0.0038345826169183944), ([[84, 898], [110, 898], [110, 962], [84, 962]], '히', 0.1817226351569481), ([[878, 1132], [946, 1132], [946, 1184], [878, 1184]], '"중', 0.20013291444042486), ([[878, 1190], [978, 1190], [978, 1270], [878, 1270]], '히', 0.8928546636036891), ([[40, 1166], [95, 1166], [95, 1371], [40, 1371]], '{', 0.3307127987014269), ([[531, 1241], [576, 1241], [576, 1328], [531, 1328]], '난', 0.6516321984918818), ([[552.8239833327128, 297.06304499422885], [690.8241018163432, 315.05156352954566], [674.1760166672872, 411.93695500577115], [536.1758981836568, 392.94843647045434]], '셋숫', 0.14994310490740956), ([[179.03156499751168, 569.0588329795958], [278.5750527097636, 597.4273405891369], [256.9684350024883, 666.9411670204042], [157.42494729023636, 638.5726594108631]], "'{초선", 0.01862676814198494)]
[([[816, 50], [938, 50], [938, 188], [816, 188]], '#국출', 0.3349561517121499), ([[864, 142], [892, 142], [892, 178], [864, 178]], '올', 0.9822178001060458), ([[756, 452], [866, 452], [866, 556], [756, 556]], '3', 0.17752806415867273), ([[33, 845], [97, 845], [97, 1000], [33, 1000]], '할', 0.01851157330503761), ([[329.77473427997353, 34.075347667785636], [425.3068823993836, 47.4326213706259], [410.22526572002647, 134.92465233221435], [314.6931176006164, 121.56737862937409]], '새', 0.9424372143035384)]
[([[105, 89], [145, 89], [145, 129], [105, 129]], '에', 0.9995103481929277), ([[48, 83], [100, 83], [100, 208], [48, 208]], '뭐', 0.02002324415153467), ([[48, 211], [103, 211], [103, 338], [48, 338]], '합', 0.014367362869317779), ([[106.16445884946232, 214.07030721182767], [143.98611502891134, 210.4113894159634], [148.8355411505377, 282.9296927881723], [111.01388497108864, 286.5886105840366]], '엔', 0.7223815930722743), ([[6.258368563208701, 947.0693533850061], [38.515154323909215, 935.033311705899], [62.7416314367913, 1007.9306466149939], [30.484845676090785, 1019.966688294101]], '6', 0.4767885503817446)]
[([[41, 629], [103, 629], [103, 749], [41, 749]], '양', 0.8197038975324631), ([[14, 892], [149, 892], [149, 1165], [14, 1165]], '[', 0.5703083574918679), ([[138, 902], [206, 902], [206, 1283], [138, 1283]], "'", 0.06368085468303608), ([[726, 846], [966, 846], [966, 1068], [726, 1068]], '1퍼', 0.015523008523974185), ([[86, 1172], [138, 1172], [138, 1326], [86, 1326]], '육', 0.022299152233618003)]
[([[724, 132], [802, 132], [802, 264], [724, 264]], '"움', 0.01666405164304412), ([[885, 53], [923, 53], [923, 255], [885, 255]], '7', 0.013484768760723187), ([[727, 235], [765, 235], [765, 361], [727, 361]], '움', 0.2973260961264259), ([[766, 268], [798, 268], [798, 332], [766, 332]], '전', 0.9723157801364692), ([[9, 263], [64, 263], [64, 464], [9, 464]], '로', 0.0936926007320702), ([[175, 525], [281, 525], [281, 593], [175, 593]], '꼼#', 0.013084113510663862), ([[289, 653], [403, 653], [403, 719], [289, 719]], '훈=', 0.004011976165557181), ([[238, 706], [359, 706], [359, 785], [238, 785]], '달값', 0.016917263224479305), ([[565, 950], [606, 950], [606, 1077], [565, 1077]], '올', 0.14430395469866486), ([[847, 1006], [887, 1006], [887, 1103], [847, 1103]], '한', 0.11719356893314625), ([[888, 1008], [920, 1008], [920, 1042], [888, 1042]], '하', 0.9997551591078633), ([[18, 1314], [92, 1314], [92, 1469], [18, 1469]], '향', 0.7937006079345146), ([[316, 1310], [348, 1310], [348, 1434], [316, 1434]], '품', 0.01910487887060075), ([[709.8834515520108, 1381.0480380033257], [896.2793439607058, 1414.731778837188], [871.1165484479892, 1522.9519619966743], [684.7206560392942, 1488.268221162812]], '[물', 0.01245173314572367)]
[([[68, 140], [148, 140], [148, 238], [68, 238]], '앗', 0.11664007090121586), ([[197, 53], [429, 53], [429, 215], [197, 215]], "'", 0.14045122422265965), ([[460, 1172], [488, 1172], [488, 1204], [460, 1204]], '시', 0.9993419538042225), ([[454, 1225], [494, 1225], [494, 1306], [454, 1306]], '면', 0.37129568614782116)]
[([[488, 86], [518, 86], [518, 122], [488, 122]], '맛', 0.29670013181814525), ([[450, 88], [482, 88], [482, 178], [450, 178]], '록', 0.2308387932384628), ([[444, 154], [520, 154], [520, 255], [444, 255]], '평달', 0.00827350382432259), ([[938, 404], [966, 404], [966, 452], [938, 452]], '공', 0.28437988223788935), ([[302, 460], [336, 460], [336, 492], [302, 492]], '빨', 0.9889025348659288), ([[302, 490], [332, 490], [332, 522], [302, 522]], '리', 0.9996766113467324), ([[338, 460], [368, 460], [368, 546], [338, 546]], '언', 0.03284344645059023), ([[265, 459], [301, 459], [301, 609], [265, 609]], '푹', 0.017542382631351217), ([[301, 533], [337, 533], [337, 687], [301, 687]], '봄', 0.0019419798657461934), ([[300, 826], [354, 826], [354, 894], [300, 894]], '안', 0.3421981265098708), ([[514, 802], [612, 802], [612, 902], [514, 902]], '문', 0.1812277291272304), ([[76, 1268], [132, 1268], [132, 1396], [76, 1396]], '향', 0.7622320774558489), ([[788.0196811266568, 1217.0401097452122], [948.6536370672013, 1266.1377031764769], [914.9803188733432, 1362.9598902547878], [754.3463629327987, 1313.8622968235231]], '7사;', 0.041745496761059486), ([[437.0866267888802, 1316.0348109343308], [592.7285869445184, 1372.4622355734084], [553.9133732111197, 1470.9651890656692], [398.2714130554817, 1414.5377644265916]], '744', 0.14880274526555304)]
[([[16, 0], [192, 0], [192, 110], [16, 110]], '5하', 0.09798156013076303), ([[415, 35], [583, 35], [583, 149], [415, 149]], '', 0.0), ([[575, 191], [617, 191], [617, 293], [575, 293]], '홍', 0.042276026488949014), ([[64, 282], [112, 282], [112, 384], [64, 384]], '항', 0.5922310936834982), ([[741, 243], [935, 243], [935, 377], [741, 377]], '효하', 0.02408363882296749), ([[460, 520], [512, 520], [512, 664], [460, 664]], '향', 0.6226141732305592), ([[801, 796], [897, 796], [897, 1081], [801, 1081]], '현', 0.09364622886839502), ([[36, 1256], [64, 1256], [64, 1314], [36, 1314]], ')', 0.9994939014067228), ([[128, 1364], [178, 1364], [178, 1426], [128, 1426]], '종', 0.6508219036104244), ([[507.02759865089484, 359.03946340600646], [671.6649865028794, 409.18431360275326], [638.9724013491052, 505.96053659399354], [474.33501349712054, 456.81568639724674]], '계푸', 0.05890938290102978), ([[837.1086320966537, 605.0361747888393], [981.7428054955977, 657.6352314946797], [945.8913679033463, 749.9638252111607], [801.2571945044023, 697.3647685053203]], "'사", 0.10655684297677731), ([[65.08647461900404, 1240.052329185335], [149.7565093669734, 1277.0412855133904], [119.91352538099596, 1342.947670814665], [35.24349063302659, 1305.9587144866096]], '"', 0.9991298423529749)]
[([[30, 78], [151, 78], [151, 155], [30, 155]], '3/', 0.6533522680592015), ([[33, 157], [151, 157], [151, 221], [33, 221]], '5/', 0.2071591806449379), ([[57, 215], [181, 215], [181, 275], [57, 275]], '5 /', 0.3671191930770874), ([[853, 289], [919, 289], [919, 439], [853, 439]], '셋', 0.07761563926289572), ([[852, 523], [927, 523], [927, 700], [852, 700]], '뭐', 0.6234017308381681), ([[852, 698], [930, 698], [930, 888], [852, 888]], '용', 0.09985536880020707), ([[150.91424942966802, 468.0740208365765], [246.43303286203485, 490.0419563100065], [229.08575057033198, 556.9259791634236], [133.56696713796515, 534.9580436899935]], '{초장', 0.006599196017845212), ([[180.99535850867088, 538.0633322185], [284.47035777188137, 562.1375264612417], [265.0046414913291, 632.9366677815], [162.5296422281186, 608.8624735387583]], '["중', 0.2217115608060027), ([[175.16866881586026, 1104.0288309483878], [329.9576173417522, 1178.992335617268], [282.83133118413974, 1271.9711690516122], [128.0423826582478, 1196.007664382732]], '74사', 0.05934453313177326), ([[232.13891613415095, 1212.0309342646983], [384.87802478938806, 1279.293387242904], [339.861083865849, 1374.9690657353017], [187.12197521061194, 1307.706612757096]], '대사;', 0.3085410566697372)]
[([[289, 5], [353, 5], [353, 71], [289, 71]], '&)', 0.43923185248451657), ([[493, 29], [529, 29], [529, 97], [493, 97]], '육', 0.05386765470877486), ([[298, 490], [372, 490], [372, 592], [298, 592]], '발혀', 0.008034027459415442), ([[49, 657], [87, 657], [87, 811], [49, 811]], '흙', 0.09218820548630902), ([[761, 917], [881, 917], [881, 1025], [761, 1025]], '#율름', 0.2989222841195069), ([[757, 990], [886, 990], [886, 1132], [757, 1132]], '훌움', 0.010274458297149722), ([[17, 1265], [101, 1265], [101, 1333], [17, 1333]], '(30)', 0.008426658809185028), ([[286.8994530298025, 1342.076061814578], [385.36465425500205, 1361.8756012251506], [370.1005469701975, 1429.923938185422], [271.63534574499795, 1410.1243987748494]], '(꿈장', 0.046785583311013)]
[([[871, 1265], [937, 1265], [937, 1353], [871, 1353]], '맛', 0.11736533808137128)]
[([[36, 5], [242, 5], [242, 182], [36, 182]], '#?', 0.025220674262376116), ([[874, 54], [906, 54], [906, 114], [874, 114]], '해', 0.7444583000338731), ([[126, 122], [158, 122], [158, 184], [126, 184]], '또', 0.07099459550483633), ([[158, 120], [197, 120], [197, 215], [158, 215]], '올', 0.150917133136673), ([[336, 546], [414, 546], [414, 721], [336, 721]], '꿀', 0.02040888886707415), ([[342, 684], [372, 684], [372, 748], [342, 748]], '출', 0.030340951633460955), ([[70, 718], [196, 718], [196, 908], [70, 908]], ']7', 0.0010851302749071638), ([[341, 763], [377, 763], [377, 849], [341, 849]], '약', 0.15825894702130938), ([[115, 829], [151, 829], [151, 925], [115, 925]], '하', 0.014507984718648892), ([[68, 1218], [148, 1218], [148, 1368], [68, 1368]], '중', 0.041913380040276005), ([[577, 1103], [613, 1103], [613, 1287], [577, 1287]], '}', 0.026943877077473255), ([[105, 1321], [146, 1321], [146, 1390], [105, 1390]], '}', 0.06802226945638168)]
[([[132, 60], [210, 60], [210, 132], [132, 132]], '안성', 0.08150680474952451), ([[819, 79], [855, 79], [855, 115], [819, 115]], '하', 0.9998917608941724), ([[821, 149], [857, 149], [857, 259], [821, 259]], '교', 0.15925269806308506), ([[815, 735], [903, 735], [903, 853], [815, 853]], '"', 0.16506766092977276), ([[207, 955], [273, 955], [273, 991], [207, 991]], '굉로', 0.7624663083444899), ([[200, 982], [280, 982], [280, 1056], [200, 1056]], '장촌', 0.18876786445398655), ([[841, 951], [961, 951], [961, 1061], [841, 1061]], '옆설금', 0.028494953632295393), ([[169, 955], [207, 955], [207, 1139], [169, 1139]], '움', 0.0022711578606965516), ([[203, 1057], [244, 1057], [244, 1124], [203, 1124]], '양', 0.6600917444490193), ([[244, 1060], [276, 1060], [276, 1156], [244, 1156]], '철', 0.5110469228398529), ([[846, 1028], [922, 1028], [922, 1208], [846, 1208]], '7', 0.04073009183020204), ([[922, 1090], [954, 1090], [954, 1126], [922, 1126]], '라', 0.98192553202745), ([[919, 1131], [955, 1131], [955, 1229], [919, 1229]], '향', 0.12832343387175627)]
[([[34, 982], [64, 982], [64, 1044], [34, 1044]], '출', 0.01245058175478797), ([[790, 922], [948, 922], [948, 1050], [790, 1050]], '74소', 0.08060040230802744), ([[61, 977], [145, 977], [145, 1139], [61, 1139]], '국', 0.0037530655507159866), ([[856.1002839280849, 1002.0337762435287], [1004.7273901151566, 1060.4567105774358], [962.8997160719151, 1158.9662237564712], [815.2726098848434, 1101.5432894225642]], '"44', 0.018894640321131043)]
[([[879, 69], [915, 69], [915, 133], [879, 133]], '만', 0.9660888238266274), ([[877, 127], [915, 127], [915, 163], [877, 163]], '하', 0.9998453915278596), ([[880, 160], [912, 160], [912, 192], [880, 192]], '네', 0.9990881376936933), ([[911, 70], [952, 70], [952, 221], [911, 221]], '품', 0.018713471113244395), ([[356, 332], [388, 332], [388, 362], [356, 362]], '개', 0.999989390401371), ([[310, 322], [432, 322], [432, 490], [310, 490]], '월?로', 0.0008274193058650644), ([[389, 433], [425, 433], [425, 497], [389, 497]], '뉴', 0.043109217985804804), ([[353, 463], [389, 463], [389, 559], [353, 559]], '봄', 0.013256052589849576), ([[847, 657], [917, 657], [917, 693], [847, 693]], '없 내', 0.8332626750711535), ([[846, 688], [916, 688], [916, 720], [846, 720]], '지 가', 0.9797725677490234), ([[876, 654], [956, 654], [956, 860], [876, 860]], '$', 0.0021074295691037165), ([[19, 815], [109, 815], [109, 899], [19, 899]], '배5', 0.10514376927343984), ([[917, 819], [953, 819], [953, 917], [917, 917]], '움', 0.774690183734549), ([[53, 885], [147, 885], [147, 973], [53, 973]], "'", 0.9882673489692628), ([[878, 862], [918, 862], [918, 957], [878, 957]], '#', 0.049936204682873075), ([[739.0275986508948, 14.039463406006465], [897.6252459714416, 63.02449061445245], [863.9724013491052, 160.96053659399354], [706.3747540285584, 111.97550938554754]], '대사소 ', 0.02238612435758114), ([[451.1135397738163, 184.03278694651948], [606.8580868403102, 248.15995204202085], [564.8864602261838, 342.9672130534805], [409.14191315968986, 278.84004795797915]], '매사;', 0.0097367363597169), ([[823.0796420133831, 367.035346173981], [977.7534845190798, 423.58016495195415], [939.9203579866169, 520.964653826019], [784.2465154809202, 463.41983504804585]], '메사;', 0.015639117874129006), ([[457.13270887305833, 468.0313824482053], [609.8667326271627, 534.2165604144149], [565.8672911269416, 629.9686175517948], [413.1332673728373, 563.7834395855851]], '미쇼사', 0.008167958607705398), ([[787.1590586700357, 1132.0221147306797], [908.8768465395829, 1174.5033256770575], [844.8409413299643, 1353.9778852693203], [723.1231534604171, 1311.4966743229425]], '1', 0.7548618840728558)]
[([[194, 126], [224, 126], [224, 180], [194, 180]], '성', 0.818139995859557), ([[242, 176], [466, 176], [466, 376], [242, 376]], '77', 0.1331402293740078), ([[15, 347], [51, 347], [51, 485], [15, 485]], '흉', 0.027329370194426383), ([[793, 591], [977, 591], [977, 777], [793, 777]], '기구', 0.16022129182711872), ([[626, 710], [854, 710], [854, 906], [626, 906]], '74', 0.6535421055418682), ([[844, 946], [876, 946], [876, 980], [844, 980]], '이', 0.9991610618390077), ([[669, 969], [705, 969], [705, 1043], [669, 1043]], '양', 0.9966070870351729), ([[843, 989], [879, 989], [879, 1083], [843, 1083]], '끝', 0.018481292124889137), ([[434, 1040], [616, 1040], [616, 1162], [434, 1162]], '최하', 0.012486430596587529), ([[14, 1270], [54, 1270], [54, 1380], [14, 1380]], '향', 0.24537073995830738), ([[428, 1272], [458, 1272], [458, 1394], [428, 1394]], '물', 0.6724957882660796), ([[848, 1344], [977, 1344], [977, 1472], [848, 1472]], '손', 0.0043134686012094026), ([[5.989883120268341, 1046.0300364205082], [215.34036544766693, 1110.310388391701], [169.01011687973167, 1247.9699635794918], [-40.340365447666926, 1183.689611608299]], '사소', 0.01309222277595205), ([[274.9427133238818, 1332.0349711906147], [484.24124228794875, 1384.131269824683], [447.0572866761182, 1514.9650288093853], [237.75875771205122, 1462.868730175317]], '미사)', 0.0024127214106455137)]
[([[924, 62], [961, 62], [961, 161], [924, 161]], '짧', 0.035727228302864456), ([[398, 206], [452, 206], [452, 270], [398, 270]], '양', 0.5482206933261438), ([[886, 64], [928, 64], [928, 279], [886, 279]], '7', 0.014844301179901598), ([[493, 453], [531, 453], [531, 589], [493, 589]], '출', 0.02034401711483813), ([[72, 730], [128, 730], [128, 906], [72, 906]], '흉', 0.028827141165186143), ([[389, 1077], [425, 1077], [425, 1199], [389, 1199]], '꿈', 0.4775761251796986), ([[306, 1254], [382, 1254], [382, 1386], [306, 1386]], '률"', 0.006463992511329951), ([[805, 1391], [913, 1391], [913, 1471], [805, 1471]], '소', 0.9998184524926366), ([[521.1135397738162, 1242.0327869465195], [675.856470886622, 1306.1495681275214], [633.8864602261838, 1400.9672130534805], [479.143529113378, 1336.8504318724786]], '7사;', 0.0147874777699251), ([[345.25097310286003, 1383.0564224788761], [383.93254906075924, 1387.950289392285], [373.74902689713997, 1458.9435775211239], [336.06745093924076, 1454.049710607715]], '맛', 0.1712933162788568)]
[([[167, 87], [203, 87], [203, 197], [167, 197]], '흉', 0.3117025709564736), ([[886, 102], [918, 102], [918, 174], [886, 174]], '양', 0.9901578607784955), ([[30, 166], [62, 166], [62, 240], [30, 240]], '열', 0.09312490888932246), ([[648, 154], [726, 154], [726, 264], [648, 264]], '"', 0.09669876883617068), ([[109, 725], [245, 725], [245, 899], [109, 899]], '11', 0.11419349381490347), ([[254, 998], [482, 998], [482, 1198], [254, 1198]], '기쥐', 0.1090757428804158), ([[583, 1050], [622, 1050], [622, 1157], [583, 1157]], '칼', 0.018774641514255563), ([[878, 1030], [998, 1030], [998, 1200], [878, 1200]], '(7', 0.3539551452627387), ([[370, 1268], [398, 1268], [398, 1336], [370, 1336]], '흥', 0.1242656570605627), ([[7, 1299], [229, 1299], [229, 1483], [7, 1483]], '7주', 0.6047322092304764), ([[503, 1321], [667, 1321], [667, 1477], [503, 1477]], '주', 0.42928587441042865), ([[514.2590673519819, 34.117098404665796], [657.6228486511931, 20.259245808499617], [661.7409326480181, 133.8829015953342], [518.3771513488069, 146.74075419150037]], '사,', 0.03186859087676879), ([[630.309540323244, 57.0216911395801], [710.775063307043, 92.36688127971554], [645.690459676756, 237.9783088604199], [566.224936692957, 201.63311872028444]], '7', 0.2492687097404911), ([[828.0796420133831, 634.035346173981], [971.8122285300698, 694.8854652631356], [929.9203579866169, 787.964653826019], [786.1877714699302, 728.1145347368644]], '메사소', 0.030711127108311434)]
[([[21, 107], [185, 107], [185, 204], [21, 204]], '34', 0.3146959785841868), ([[43, 213], [163, 213], [163, 277], [43, 277]], '5/', 0.5893561222465239), ([[56, 270], [162, 270], [162, 320], [56, 320]], '5 4', 0.35274785825357474), ([[938, 436], [964, 436], [964, 484], [938, 484]], '종', 0.45366576152800064), ([[95.26484056798412, 307.0452086006714], [139.8430220027389, 325.4580883860566], [107.73515943201588, 399.9547913993286], [63.1569779972611, 381.5419116139434]], '0', 0.9006944492967364)]
[([[501, 427], [583, 427], [583, 493], [501, 493]], '(30', 0.05968265676170814), ([[762, 398], [792, 398], [792, 460], [762, 460]], '출', 0.008547639032678911), ([[788, 390], [908, 390], [908, 558], [788, 558]], '빗하', 0.004018571381212597), ([[35, 745], [119, 745], [119, 813], [35, 813]], '(30', 0.1281701255448917), ([[136, 1182], [256, 1182], [256, 1352], [136, 1352]], '출#&', 0.016752827304073813)]
[([[848, 94], [876, 94], [876, 124], [848, 124]], '꽤', 0.9786859751477692), ([[818, 94], [842, 94], [842, 174], [818, 174]], '놔', 0.02370998321457396), ([[115, 141], [220, 141], [220, 286], [115, 286]], '#', 0.8509651478962041), ([[813, 125], [881, 125], [881, 289], [813, 289]], '입', 0.004407793393106596), ([[116, 229], [221, 229], [221, 372], [116, 372]], '호습', 0.001900578475002837), ([[86, 624], [114, 624], [114, 702], [86, 702]], '댐', 0.016718859488392468), ([[116, 622], [146, 622], [146, 752], [116, 752]], '흉', 0.0027938557943942843), ([[81, 706], [117, 706], [117, 839], [81, 839]], '품', 0.01107064109762157), ([[94, 1176], [126, 1176], [126, 1284], [94, 1284]], '푹', 0.009873402421419541), ([[94, 1288], [124, 1288], [124, 1342], [94, 1342]], '여', 0.20427866885126011)]
[([[830, 112], [906, 112], [906, 257], [830, 257]], '출륭', 0.11693037238562848), ([[134, 228], [166, 228], [166, 290], [134, 290]], '박', 0.868542861998467), ([[131, 299], [169, 299], [169, 427], [131, 427]], '움', 0.03141156643147647), ([[326, 768], [356, 768], [356, 798], [326, 798]], '이', 0.9994813876383013), ([[326, 796], [358, 796], [358, 830], [326, 830]], '헌', 0.24184887078093542), ([[358, 762], [432, 762], [432, 890], [358, 890]], '년하', 0.010101222263128352), ([[321, 823], [360, 823], [360, 892], [321, 892]], '제', 0.7079616289241955), ([[107, 1337], [169, 1337], [169, 1459], [107, 1459]], '푹', 0.8229603245787445), ([[262.3044124322612, 1141.0269203761693], [327.6844749382235, 1133.4096801976848], [342.6955875677388, 1287.9730796238307], [277.3155250617765, 1294.5903198023152]], '?', 0.06478898639116792)]
[([[154, 147], [232, 147], [232, 300], [154, 300]], '불륭', 0.08932610707777217), ([[188, 250], [237, 250], [237, 381], [188, 381]], '%', 0.02561882784711944), ([[461, 862], [545, 862], [545, 1043], [461, 1043]], '혀', 0.008084514271913756), ([[256.7426694080676, 1330.3250759874297], [301.6755446134894, 1288.0285735608245], [379.2573305919324, 1379.6749240125703], [334.3244553865106, 1421.9714264391755]], '쭉', 0.06523065288810415)]
[([[348, 76], [474, 76], [474, 238], [348, 238]], '[%', 0.16002148336529595), ([[408, 178], [504, 178], [504, 300], [408, 300]], '미', 0.9850469173175611), ([[94, 242], [170, 242], [170, 432], [94, 432]], '불', 0.012483593317159036), ([[136, 380], [168, 380], [168, 444], [136, 444]], '계', 0.23806175422989018), ([[96, 866], [152, 866], [152, 920], [96, 920]], '알', 0.999966502470162), ([[96, 936], [150, 936], [150, 998], [96, 998]], '바', 0.9991759568038248), ([[148, 860], [274, 860], [274, 1076], [148, 1076]], '쓸톱', 0.0018488253853903814), ([[93, 1007], [155, 1007], [155, 1191], [93, 1191]], '안', 0.6201101946441021), ([[118, 1288], [148, 1288], [148, 1320], [118, 1320]], '츠', 0.2108094326371237), ([[118, 1320], [152, 1320], [152, 1350], [118, 1350]], '카', 0.9942237347128504), ([[154, 1290], [184, 1290], [184, 1350], [154, 1350]], '부', 0.9856667469780547), ([[855, 1253], [891, 1253], [891, 1391], [855, 1391]], '불', 0.1751819691539005), ([[117, 1345], [189, 1345], [189, 1381], [117, 1381]], '사 한', 0.9913381934165955), ([[154, 1380], [184, 1380], [184, 1410], [154, 1410]], '데', 0.9999654296048135)]
[([[133, 223], [164, 223], [164, 294], [133, 294]], '신', 0.10302219930489187), ([[134, 292], [166, 292], [166, 358], [134, 358]], '허', 0.1849670346686958), ([[71, 493], [109, 493], [109, 679], [71, 679]], '푹', 0.001656057288784929), ([[556, 766], [588, 766], [588, 798], [556, 798]], '잠', 0.9994101202412118), ([[552, 794], [588, 794], [588, 824], [552, 824]], '깐', 0.3050562011277549), ([[416, 1046], [446, 1046], [446, 1076], [416, 1076]], '초', 0.2901143243212232), ([[410, 1040], [488, 1040], [488, 1142], [410, 1142]], '축금', 0.08667526457855144), ([[482, 1042], [558, 1042], [558, 1144], [482, 1144]], '팔울', 0.01496793135170094), ([[440, 1110], [564, 1110], [564, 1280], [440, 1280]], '올', 0.0021284823046086587)]
[([[911, 115], [952, 115], [952, 186], [911, 186]], '잠', 0.12002669459427384), ([[878, 118], [910, 118], [910, 269], [878, 269]], '푹', 0.015764415672992138), ([[428, 482], [460, 482], [460, 546], [428, 546]], '동', 0.9733971659201792), ([[458, 476], [534, 476], [534, 582], [458, 582]], '#여', 0.1278300807832997), ([[600, 566], [670, 566], [670, 598], [600, 598]], '거 어', 0.9974505305290222), ([[421, 550], [464, 550], [464, 699], [421, 699]], '푹', 0.004395549350669159), ([[462, 584], [494, 584], [494, 648], [462, 648]], '옛', 0.05628484753508989), ([[592, 560], [713, 560], [713, 664], [592, 664]], '경유물', 0.013028858533592714), ([[632, 634], [713, 634], [713, 768], [632, 768]], '출씨', 0.09183766543875259), ([[817.5571443132419, 221.03286689872093], [843.367579716008, 214.0226043003357], [864.4428556867581, 293.9671331012791], [837.632420283992, 300.9773956996643]], '풀', 0.07134505619890152)]
[([[724, 116], [778, 116], [778, 166], [724, 166]], '"', 0.7468239136272956), ([[515, 313], [577, 313], [577, 389], [515, 389]], '7', 0.04526237345351647), ([[700, 365], [760, 365], [760, 498], [700, 498]], '알', 0.009910991953612724), ([[25, 493], [118, 493], [118, 634], [25, 634]], '#', 0.18155533114713762), ([[75, 1085], [203, 1085], [203, 1173], [75, 1173]], '7', 0.08024942423299208), ([[289, 936], [355, 936], [355, 1267], [289, 1267]], '탑', 0.002359153428223293), ([[543.234300746846, 365.03672776719776], [631.9987691360801, 425.8596707169109], [590.765699253154, 484.96327223280224], [502.0012308639199, 424.1403292830891]], '"1촌', 0.0029719627564944303), ([[465.98194474561035, 1135.034587760472], [686.5670463340017, 1192.422128970596], [650.0180552543897, 1311.965412239528], [429.4329536659983, 1255.577871029404]], "4기서'", 0.12103424221277237)]
[([[774, 168], [898, 168], [898, 338], [774, 338]], '축교', 0.14784392876098645), ([[160, 538], [253, 538], [253, 871], [160, 871]], '영', 0.9017791793159837), ([[332, 794], [404, 794], [404, 872], [332, 872]], '7', 0.08600120511346176), ([[75, 1041], [161, 1041], [161, 1135], [75, 1135]], '4', 0.9936492267444272), ([[774.0748741583966, 453.03059979178784], [994.7304108165854, 516.2658056382558], [956.9251258416034, 631.9694002082122], [736.2695891834146, 567.7341943617442]], '다기방', 0.040598279365071405), ([[386.26476084499257, 847.0300823089092], [474.82247897370956, 928.2212744004618], [420.73523915500743, 986.9699176910908], [333.17752102629044, 906.7787255995382]], "''1골", 0.0690671056509018), ([[557.0367707173847, 1015.0331754020782], [807.6396715054346, 1068.8441544359976], [776.9632292826153, 1187.9668245979217], [525.3603284945654, 1134.1558455640024]], '7되,', 0.325317384769981), ([[808.9733597974953, 1176.0376932459353], [1010.369630242022, 1221.846328468498], [978.0266402025047, 1339.9623067540647], [777.630369757978, 1294.153671531502]], '화기}', 0.021869647494169604)]
[([[43, 87], [289, 87], [289, 293], [43, 293]], '7"', 0.3951491320535021), ([[158, 380], [208, 380], [208, 434], [158, 434]], '?', 0.9993793735534986), ([[798, 814], [874, 814], [874, 886], [798, 886]], '히굴', 0.005962107260603288), ([[247, 863], [311, 863], [311, 927], [247, 927]], '앗', 0.5791819301694865), ([[384, 966], [414, 966], [414, 998], [384, 998]], '그', 0.7333906902399526), ([[796, 886], [876, 886], [876, 1018], [796, 1018]], '훌볶', 0.0015213270328508677), ([[381, 993], [417, 993], [417, 1061], [381, 1061]], '권', 0.09875180274804851), ([[419, 965], [455, 965], [455, 1091], [419, 1091]], '불', 0.7615236876250151), ([[418, 1100], [450, 1100], [450, 1164], [418, 1164]], '국', 0.0075369101281457795), ([[835, 1025], [871, 1025], [871, 1147], [835, 1147]], '흙', 0.19771494265866352), ([[378, 1064], [459, 1064], [459, 1284], [378, 1284]], '#', 0.02975377707255067), ([[722.9666700642312, 1277.0766894303488], [774.6116862340039, 1253.0267769323555], [817.0333299357688, 1357.9233105696512], [766.3883137659961, 1380.9732230676445]], '톤', 0.9809507533582043)]
[([[792, 126], [948, 126], [948, 270], [792, 270]], '축뉘보', 0.008987554139397159), ([[894, 226], [944, 226], [944, 324], [894, 324]], '', 0.0), ([[167, 369], [213, 369], [213, 409], [167, 409]], '끝2 ,', 0.02503582090139389), ([[842, 266], [946, 266], [946, 459], [842, 459]], '"품', 0.003914525012626865), ([[264, 1010], [342, 1010], [342, 1082], [264, 1082]], '녹양', 0.02680481612624116), ([[222, 1034], [344, 1034], [344, 1260], [222, 1260]], '색', 0.0067353957028934985), ([[233, 1237], [269, 1237], [269, 1299], [233, 1299]], '양', 0.08368879663852713), ([[124.95187467829594, 467.0289316771563], [261.17158199010856, 432.7173650772219], [316.04812532170405, 685.9710683228436], [179.82841800989146, 720.2826349227781]], '털', 0.04325897463705908), ([[719.8045365444193, 1003.0357602918025], [862.082397849723, 959.6565454973231], [928.1954634555807, 1209.9642397081975], [784.917602150277, 1253.3434545026769]], '톤', 0.05599170835921541), ([[908.9563638994289, 1079.138546427887], [937.9362153543001, 1071.111105451369], [952.0436361005711, 1123.861453572113], [923.0637846456999, 1132.888894548631]], ')', 0.021789968440849572)]
[([[136, 120], [208, 120], [208, 202], [136, 202]], '7', 0.43188423540370025), ([[770, 140], [890, 140], [890, 280], [770, 280]], '개혼요', 0.005732825260855971), ([[852, 256], [884, 256], [884, 302], [852, 302]], ':', 0.21923459695159764), ([[813, 261], [849, 261], [849, 373], [813, 373]], '굶', 0.002780192985879504), ([[142, 428], [174, 428], [174, 502], [142, 502]], '열', 0.053508787836165084), ([[106, 426], [138, 426], [138, 590], [106, 590]], '출', 0.22241389296514402), ([[252, 1140], [308, 1140], [308, 1216], [252, 1216]], '빚', 0.4908244474724519), ([[418, 1182], [486, 1182], [486, 1230], [418, 1230]], '통', 0.010516331342139473), ([[883, 1123], [919, 1123], [919, 1237], [883, 1237]], '춤', 0.20561027561440426), ([[915, 1122], [955, 1122], [955, 1325], [915, 1325]], '7', 0.05761451087778724), ([[434, 1278], [464, 1278], [464, 1344], [434, 1344]], '호', 0.08420880701905631), ([[395, 1279], [433, 1279], [433, 1479], [395, 1479]], '7', 0.015026809712701594), ([[189.01978742397884, 172.0602781342285], [247.7045782844609, 161.471038829744], [263.9802125760212, 268.9397218657715], [205.2954217155391, 279.528961170256]], '싹', 0.043089004863766656), ([[701.1752602674111, 462.030961556568], [825.997829685064, 537.7815000724821], [777.8247397325889, 616.969038443432], [653.002170314936, 541.2184999275179]], '*대', 0.36391885737711793), ([[771.2272685141362, 1343.0499675588485], [844.9984856133025, 1385.8652025704876], [817.7727314858638, 1431.9500324411515], [744.0015143866975, 1388.1347974295124]], '해대사', 0.005105548331962865)]
[([[779, 169], [821, 169], [821, 239], [779, 239]], '"', 0.0419825918784591), ([[208, 628], [240, 628], [240, 660], [208, 660]], '질', 0.9980943945312823), ([[241, 629], [277, 629], [277, 697], [241, 697]], '화', 0.6510647563857361), ([[205, 657], [241, 657], [241, 811], [205, 811]], '품', 0.004029259798711549), ([[244, 714], [276, 714], [276, 780], [244, 780]], '영', 0.6741304240167665), ([[159, 867], [249, 867], [249, 1055], [159, 1055]], '마', 0.011619297833860343), ([[706, 1230], [756, 1230], [756, 1370], [706, 1370]], '영', 0.24246320970759427), ([[329, 1377], [389, 1377], [389, 1415], [329, 1415]], '0_', 0.1753486048235375)]
[([[138, 108], [246, 108], [246, 281], [138, 281]], '물국', 0.13409669042150604), ([[145, 253], [189, 253], [189, 339], [145, 339]], '화', 0.060070346339405), ([[671, 251], [801, 251], [801, 367], [671, 367]], '간,', 0.043799053445056045), ([[433, 473], [473, 473], [473, 551], [433, 551]], '성', 0.01387089285940224), ([[556, 630], [632, 630], [632, 730], [556, 730]], '훈없', 0.07471702727950791), ([[596, 718], [628, 718], [628, 782], [596, 782]], '춤', 0.9553862728232367), ([[559, 735], [595, 735], [595, 829], [559, 829]], '북', 0.107139481150619), ([[34, 1149], [159, 1149], [159, 1410], [34, 1410]], '"류', 0.0013206757694054737), ([[330.146718166348, 65.04054074665443], [454.96616529376115, 120.22033345271642], [423.853281833652, 187.95945925334556], [299.03383470623885, 133.77966654728357]], '사<', 0.07792030935244168)]
[([[94, 330], [130, 330], [130, 358], [94, 358]], '34', 0.9180366997342795), ([[94, 352], [126, 352], [126, 376], [94, 376]], '34', 0.24876853835703222), ([[683, 545], [719, 545], [719, 685], [683, 685]], '월', 0.006196735704734557), ([[459, 945], [582, 945], [582, 1130], [459, 1130]], '7 ', 0.03242198890093342), ([[52.81787110214888, 164.07011725805057], [125.92011606385657, 137.1860734513998], [168.18212889785113, 267.9298827419494], [95.07988393614343, 294.8139265486002]], '톤', 0.9877057013171431), ([[457.66840187157857, 672.0808953469442], [535.8942914637132, 647.387597966385], [571.3315981284214, 775.9191046530558], [494.1057085362868, 800.612402033615]], '톤', 0.9421071885672063), ([[720.8449914182544, 1063.0669261969874], [791.8645299946091, 1037.175361182252], [833.1550085817456, 1168.9330738030126], [762.1354700053909, 1193.824638817748]], '톤', 0.9916139965037054), ([[142.82590938685752, 1107.076911340117], [208.4460804187354, 1081.1169345706255], [251.17409061314248, 1200.923088659883], [184.5539195812646, 1227.8830654293745]], '톤', 0.613661861409355), ([[651.7596526541079, 1248.0772212328634], [722.7378533390905, 1220.1521644118206], [766.2403473458921, 1347.9227787671366], [695.2621466609095, 1375.8478355881794]], '톤', 0.9506682841936396)]
[([[743, 133], [785, 133], [785, 241], [743, 241]], '뚫', 0.10124251076035762), ([[131, 227], [175, 227], [175, 395], [131, 395]], '출', 0.4067330069228916)]
[([[792, 46], [824, 46], [824, 110], [792, 110]], '어', 0.7114356703338878), ([[755, 43], [791, 43], [791, 197], [755, 197]], '"', 0.013459696815211475), ([[794, 144], [824, 144], [824, 210], [794, 210]], '슬', 0.6709458402535837), ([[52, 241], [112, 241], [112, 378], [52, 378]], '면', 0.003926229067479581), ([[726, 310], [763, 310], [763, 405], [726, 405]], '국', 0.963051224269762), ([[781, 593], [895, 593], [895, 894], [781, 894]], '향', 0.4173302825566658), ([[920, 1186], [996, 1186], [996, 1296], [920, 1296]], '앗', 0.15223210021284572), ([[18, 1235], [116, 1235], [116, 1442], [18, 1442]], '안', 0.6505409241917484), ([[555.7305673448777, 163.06733304185065], [635.3810068091874, 128.07973069964532], [692.2694326551223, 280.93266695814935], [613.6189931908126, 315.9202693003547]], '초', 0.169182990852196), ([[650.305004411579, 1100.015101466319], [853.7349616288507, 1252.0998306017411], [770.694995588421, 1361.984898533681], [567.2650383711493, 1210.9001693982589]], '["작사', 0.0003400135028641671), ([[230.02802107538494, 1140.031524560928], [443.6289064395987, 1202.6841145403575], [403.9719789246151, 1323.968475439072], [189.3710935604013, 1260.3158854596425]], '[,주쥐', 0.0003479090810287744)]
[([[227, 93], [259, 93], [259, 111], [227, 111]], '3스', 0.544173740699529), ([[818, 74], [848, 74], [848, 108], [818, 108]], '널', 0.9877737066933925), ([[805, 66], [928, 66], [928, 220], [805, 220]], '@주', 0.010701501304811846), ([[852, 208], [882, 208], [882, 270], [852, 270]], '목', 0.9549819920182792), ([[883, 487], [915, 487], [915, 507], [883, 507]], '9', 0.08371859525893033), ([[671, 615], [739, 615], [739, 651], [671, 651]], '잠 실', 0.499506413936615), ([[215, 631], [251, 631], [251, 697], [215, 697]], '', 0.0), ([[669, 643], [705, 643], [705, 709], [669, 709]], '만', 0.3075944493745375), ([[215, 703], [251, 703], [251, 771], [215, 771]], '와', 0.7381451619439758), ([[250, 630], [288, 630], [288, 787], [250, 787]], '물', 0.24077529451081237), ([[706, 674], [738, 674], [738, 734], [706, 734]], '선', 0.27834558610210536), ([[842, 676], [870, 676], [870, 732], [842, 732]], '옛', 0.14562155665932242), ([[839, 736], [876, 736], [876, 817], [839, 817]], '굶', 0.3982119040202292), ([[172, 1034], [244, 1034], [244, 1126], [172, 1126]], '혀립', 0.011457941383730304), ([[207, 1123], [239, 1123], [239, 1204], [207, 1204]], '읽', 0.04267106001896637), ([[560, 1226], [658, 1226], [658, 1358], [560, 1358]], '셈', 0.036845434939902555)]
[([[120, 232], [296, 232], [296, 462], [120, 462]], '7', 0.10338373486597252), ([[161, 953], [258, 953], [258, 1300], [161, 1300]], '영', 0.04712269648174705)]
[([[874, 128], [906, 128], [906, 192], [874, 192]], '춤', 0.9882098734706801), ([[907, 127], [945, 127], [945, 255], [907, 255]], '주', 0.2014237383722639), ([[84, 220], [180, 220], [180, 418], [84, 418]], '물', 0.04446821097444187), ([[868, 196], [946, 196], [946, 332], [868, 332]], '통철', 0.13102850660859142), ([[910, 336], [942, 336], [942, 458], [910, 458]], '출', 0.2673793791969423), ([[64, 742], [138, 742], [138, 824], [64, 824]], '움', 0.5019905326686427), ([[734, 1170], [832, 1170], [832, 1248], [734, 1248]], '10', 0.16990311606405073), ([[26, 1242], [76, 1242], [76, 1396], [26, 1396]], '흥', 0.02995193496490267)]
[([[189, 235], [357, 235], [357, 373], [189, 373]], '데)', 0.010775982753502595), ([[834, 1111], [934, 1111], [934, 1407], [834, 1407]], '양', 0.9192187246527652), ([[239.9420756197123, 591.1250200816411], [499.6952051003488, 556.9281899710439], [509.05792438028766, 706.8749799183589], [249.3047948996512, 741.0718100289561]], '719', 0.11359792221357831)]
[([[678, 280], [798, 280], [798, 674], [678, 674]], '약', 0.10780777788926699), ([[55.92137586284624, 25.025305878624863], [305.52891152388435, 96.90642423914123], [246.07862413715375, 283.97469412137514], [-3.5289115238843287, 213.09357576085876]], '1)', 0.004952515694661173), ([[676.9709044392969, 1044.0220734356171], [933.6863764384732, 1128.1687597347618], [864.0290955607031, 1324.9779265643829], [607.3136235615268, 1240.8312402652382]], '[*', 0.013449212674554921)]
