635115
24
[([[0, 0], [752, 0], [752, 278], [0, 278]], '예권드', 0.07914645361548149), ([[3, 457], [167, 457], [167, 615], [3, 615]], '0', 0.01834642546548282), ([[101, 589], [245, 589], [245, 727], [101, 727]], '2', 0.7782393007467512), ([[9, 941], [215, 941], [215, 1181], [9, 1181]], '트', 0.08377465448730081), ([[1006, 1432], [1236, 1432], [1236, 1482], [1006, 1482]], '{`', 0.00549105044481811), ([[974, 1483], [1250, 1483], [1250, 1538], [974, 1538]], '(3적어출-어03', 6.636161887276075e-05), ([[3, 1411], [261, 1411], [261, 1689], [3, 1689]], '헌', 0.37372273230022657), ([[1032, 1594], [1134, 1594], [1134, 1626], [1032, 1626]], '4퍽[익7', 0.0002952351066968455), ([[1073, 1539], [1159, 1539], [1159, 1581], [1073, 1581]], '(9', 0.0656079569867712), ([[1136, 1594], [1220, 1594], [1220, 1626], [1136, 1626]], '0꼴오%', 0.0012478844728320837)]
[]
[([[70, 117], [871, 117], [871, 324], [70, 324]], '소>가', 0.12074362046127295), ([[61, 537], [212, 537], [212, 998], [61, 998]], '호', 0.017223377077030477), ([[952, 109], [1240, 109], [1240, 1022], [952, 1022]], '[', 0.2318217873811399), ([[96, 990], [192, 990], [192, 1192], [96, 1192]], '1', 0.19812866325077394), ([[76, 1532], [373, 1532], [373, 1606], [76, 1606]], '40-옛사', 0.2137593368414045), ([[1013, 1474], [1211, 1474], [1211, 1606], [1013, 1606]], '93', 0.8265968101035995), ([[9, 1641], [25, 1641], [25, 1663], [9, 1663]], '2', 0.9284389563359865)]
[([[689, 413], [755, 413], [755, 453], [689, 453]], '있지', 0.6074467341546531), ([[689, 455], [753, 455], [753, 491], [689, 491]], '신지', 0.9977940729036462), ([[590, 548], [650, 548], [650, 578], [590, 578]], '키스', 0.9996759061193897), ([[591, 581], [679, 581], [679, 623], [591, 623]], '활까?', 0.9533854488521089), ([[288, 768], [330, 768], [330, 798], [288, 798]], '에.', 0.6182439120042934), ([[286, 804], [395, 804], [395, 845], [286, 845]], '뭐라고?', 0.9968445897102356), ([[1028, 1064], [1154, 1064], [1154, 1100], [1028, 1100]], '키스말야', 0.9991552829742432), ([[1099, 1083], [1121, 1083], [1121, 1103], [1099, 1103]], '2', 0.8178797243485327), ([[487, 1109], [549, 1109], [549, 1147], [487, 1147]], '그럼', 0.9945514827376004), ([[1030, 1108], [1096, 1108], [1096, 1140], [1030, 1140]], '키스', 0.9998765119671894), ([[486, 1150], [556, 1150], [556, 1182], [486, 1182]], '아자', 0.9202006821313092), ([[1031, 1141], [1127, 1141], [1127, 1185], [1031, 1185]], '해본적', 0.9614615375954361), ([[1030, 1184], [1111, 1184], [1111, 1225], [1030, 1225]], '없지?', 0.99915177373455), ([[63, 1357], [133, 1357], [133, 1397], [63, 1397]], '한가', 0.9997081876930556), ([[60, 1396], [165, 1396], [165, 1434], [60, 1434]], '하니까', 0.9941824553495748), ([[447, 1477], [499, 1477], [499, 1513], [447, 1513]], '에?', 0.9985223985516635), ([[447, 1517], [567, 1517], [567, 1553], [447, 1553]], '어째서!?', 0.7784096112348255), ([[25, 1575], [111, 1575], [111, 1617], [25, 1617]], '한가|', 0.8527204233116065), ([[1217, 1647], [1233, 1647], [1233, 1669], [1217, 1669]], '3', 0.6897164343492305)]
[([[543, 475], [599, 475], [599, 519], [543, 519]], '으응', 0.9993356617321141), ([[338, 1094], [406, 1094], [406, 1142], [338, 1142]], '콩량', 0.3161045775103408), ([[340, 1134], [406, 1134], [406, 1182], [340, 1182]], '콩량', 0.7135407189327391), ([[338, 1174], [406, 1174], [406, 1222], [338, 1222]], '콩량', 0.18423176489276466), ([[235, 1251], [331, 1251], [331, 1293], [235, 1293]], '우웬액', 0.4706201691270096), ([[235, 1291], [299, 1291], [299, 1329], [235, 1329]], '역시', 0.9971657064966971), ([[232, 1326], [378, 1326], [378, 1376], [232, 1376]], '심심풀이로', 0.963806802229884), ([[233, 1369], [331, 1369], [331, 1413], [233, 1413]], '하는게', 0.18277443193556533), ([[926, 1362], [960, 1362], [960, 1394], [926, 1394]], '!2', 0.9011103188484192), ([[233, 1409], [369, 1409], [369, 1453], [233, 1453]], '아니언어!', 0.6800903883078727), ([[1013, 1369], [1103, 1369], [1103, 1491], [1013, 1491]], '2', 0.727281380911112), ([[68, 1538], [100, 1538], [100, 1576], [68, 1576]], '무', 0.9999117870711984), ([[621, 1541], [731, 1541], [731, 1581], [621, 1581]], '아아스카?', 0.42907516391672285)]
[([[289, 892], [372, 892], [372, 932], [289, 932]], '키스:', 0.25224958628265376), ([[291, 933], [419, 933], [419, 973], [291, 973]], '해버려에', 0.6754589080810547), ([[202, 1024], [311, 1024], [311, 1065], [202, 1065]], '신지랑;', 0.381516695022583), ([[210, 1448], [272, 1448], [272, 1480], [210, 1480]], '역시', 0.9979957474988955), ([[220, 1490], [272, 1490], [272, 1518], [220, 1518]], '나.', 0.8360151163570448), ([[744.8509805405407, 520.3380396756761], [786.639516134592, 481.02927413294736], [858.1490194594593, 564.6619603243239], [816.360483865408, 603.9707258670526]], '뿐', 0.022301404168175942)]
[([[442, 130], [536, 130], [536, 162], [442, 162]], '아스카', 0.9974222417466918), ([[252, 106], [330, 106], [330, 224], [252, 224]], '#', 0.2913342232044478), ([[441, 167], [539, 167], [539, 207], [441, 207]], '화장실', 0.9993876156908914), ([[441, 209], [527, 209], [527, 247], [441, 247]], '인가', 0.9994320763155274), ([[764, 352], [844, 352], [844, 466], [764, 466]], '', 0.0), ([[88, 794], [208, 794], [208, 844], [88, 844]], '멈워어?!', 0.35201667149797333), ([[3, 1641], [21, 1641], [21, 1663], [3, 1663]], '8', 1.0), ([[669.3719130657265, 1525.0282350295643], [754.8013059677336, 1599.3440298513344], [711.6280869342735, 1649.9717649704357], [626.1986940322664, 1574.6559701486656]], "{'칼닫", 0.0014258369337767363)]
[([[1057, 231], [1165, 231], [1165, 349], [1057, 349]], "'!)", 0.5095712902543358), ([[484, 536], [600, 536], [600, 584], [484, 584]], '등너머로', 0.9893099665641785), ([[485, 581], [609, 581], [609, 619], [485, 619]], '아스카의', 0.9978256225585938), ([[487, 619], [595, 619], [595, 661], [487, 661]], '온기가 .', 0.45372291338203985), ([[557, 807], [623, 807], [623, 917], [557, 917]], '낮', 0.020274385287743835), ([[450, 1268], [522, 1268], [522, 1300], [450, 1300]], "'저기", 0.6859267359537179), ([[325, 1383], [453, 1383], [453, 1427], [325, 1427]], '깨어있지', 0.841068625141481), ([[6, 1636], [36, 1636], [36, 1660], [6, 1660]], '10', 0.9999511100057761)]
[([[432, 144], [528, 144], [528, 194], [432, 194]], '방금전', 0.9991114466765679), ([[433, 191], [513, 191], [513, 227], [433, 227]], '키스 .', 0.8276475667953491), ([[53, 291], [171, 291], [171, 342], [53, 342]], '어쨌어}', 0.1937420815229416), ([[691, 283], [761, 283], [761, 327], [691, 327]], '으응', 0.8983848569421736), ([[654, 548], [732, 548], [732, 596], [654, 596]], '"기분', 0.9523971237770298), ([[652, 588], [760, 588], [760, 638], [652, 638]], '좋안어}', 0.45646777749061584), ([[87, 653], [151, 653], [151, 689], [87, 689]], '그래', 0.9999822983695145), ([[175, 707], [219, 707], [219, 751], [175, 751]], '잘:', 0.9054222572659224), ([[962, 706], [992, 706], [992, 734], [962, 734]], '어', 0.9999736549205274), ([[989, 701], [1087, 701], [1087, 743], [989, 743]], '멋냐니', 0.1850516504158668), ([[177, 749], [293, 749], [293, 791], [177, 791]], '모르젠어', 0.3499212861061096), ([[907, 1037], [975, 1037], [975, 1077], [907, 1077]], '그럼.', 0.38798594882936716), ([[816, 1152], [918, 1152], [918, 1200], [816, 1200]], '한번더', 0.8375916194368733), ([[814, 1192], [918, 1192], [918, 1240], [814, 1240]], '해복까', 0.5119710351875929), ([[588, 1500], [684, 1500], [684, 1574], [588, 1574]], '꿀러', 0.07084482820069117)]
[([[160, 728], [214, 728], [214, 842], [160, 842]], '여', 0.23336075771681752), ([[1091, 981], [1167, 981], [1167, 1023], [1091, 1023]], '안돼 .', 0.43137094378471375), ([[1092, 1026], [1124, 1026], [1124, 1054], [1092, 1054]], '이', 0.9987399973335052), ([[1130, 1016], [1222, 1016], [1222, 1064], [1130, 1064]], '이상은', 0.9971133284351027), ([[1093, 1061], [1129, 1061], [1129, 1105], [1093, 1105]], '웃.', 0.29172184962927683), ([[810, 1089], [859, 1089], [859, 1202], [810, 1202]], '벼', 0.12175231216134819), ([[602, 1380], [708, 1380], [708, 1428], [602, 1428]], '{거짓말:', 0.5531696982412061), ([[604, 1422], [732, 1422], [732, 1460], [604, 1460]], '기대하고', 0.9986250400543213), ([[602, 1460], [758, 1460], [758, 1508], [602, 1508]], '입는주제에', 0.5291084121728702), ([[0, 1646], [28, 1646], [28, 1670], [0, 1670]], '14', 1.0), ([[170.42623413407864, 610.0164739329682], [243.73871685515311, 589.0273224554329], [300.57376586592136, 803.9835260670318], [226.26128314484689, 824.9726775445671]], '"', 0.018235427344791333), ([[172.96969135218157, 1229.066623411798], [228.62310133834328, 1204.024302869206], [278.03030864781846, 1321.933376588202], [223.37689866165672, 1347.975697130794]], '약', 0.0051625983482219695)]
[([[548, 173], [633, 173], [633, 225], [548, 225]], '싫어}', 0.6196223699696076), ([[1094, 368], [1130, 368], [1130, 398], [1094, 398]], '아', 0.9999470717758072), ([[1079, 405], [1175, 405], [1175, 441], [1079, 441]], '(아스카', 0.894818127155304), ([[895, 555], [989, 555], [989, 591], [895, 591]], '어째서', 0.9960952401161194), ([[64, 792], [160, 792], [160, 840], [64, 840]], '실지논', 0.4282165467111951), ([[66, 832], [168, 832], [168, 880], [66, 880]], '않지만.', 0.5083266496658325), ([[924, 1300], [1046, 1300], [1046, 1348], [924, 1348]], '아스카님', 0.9331940412521362), ([[822, 1392], [946, 1392], [946, 1442], [822, 1442]], '카지씨름', 0.8954823017120361), ([[822, 1432], [976, 1432], [976, 1480], [822, 1480]], '좋아하는거', 0.677955367634714), ([[819, 1469], [962, 1469], [962, 1520], [819, 1520]], '아니없어}', 0.6993246253599097), ([[603.4518433132068, 413.0250921139549], [652.0791637680849, 419.8503640430305], [636.5481566867932, 533.9749078860451], [587.9208362319151, 527.1496359569695]], '벼', 0.045820456017678035)]
[([[1009, 103], [1099, 103], [1099, 147], [1009, 147]], '그만뒤', 0.9519624628873468), ([[169, 141], [299, 141], [299, 185], [169, 185]], '목으니까', 0.4919597804546356), ([[1008, 145], [1105, 145], [1105, 184], [1008, 184]], '아스카', 0.9916506435451022), ([[169, 181], [271, 181], [271, 225], [169, 225]], '양전히', 0.36746303744431535), ([[697, 169], [767, 169], [767, 211], [697, 211]], '뭐야', 0.9099586483931611), ([[895, 179], [1015, 179], [1015, 223], [895, 223]], '부부끄러워', 0.43981076945846215), ([[171, 223], [247, 223], [247, 265], [171, 265]], '있어!', 0.49013535542714404), ([[701, 211], [797, 211], [797, 251], [701, 251]], '남자인', 0.9994052335976988), ([[700, 250], [797, 250], [797, 291], [700, 291]], '주제에', 0.7509910464286804), ([[728, 780], [781, 780], [781, 891], [728, 891]], '#', 0.02553864288020713), ([[579, 959], [663, 959], [663, 1001], [579, 1001]], '안돼.', 0.6705429457999794), ([[579, 1001], [693, 1001], [693, 1037], [579, 1037]], '아스카 .', 0.4785028843954474), ([[1077, 1021], [1145, 1021], [1145, 1057], [1077, 1057]], '베에', 0.8510317904415101), ([[1076, 1064], [1138, 1064], [1138, 1096], [1076, 1096]], '니꺼', 0.8350839952295765), ([[1075, 1103], [1171, 1103], [1171, 1145], [1075, 1145]], '이렇계', 0.32595337718352335), ([[1075, 1141], [1171, 1141], [1171, 1183], [1075, 1183]], '생경네', 0.1588468837319139), ([[594, 1182], [650, 1182], [650, 1258], [594, 1258]], '응', 0.24880712808098693), ([[574, 1254], [678, 1254], [678, 1330], [574, 1330]], '하룻', 0.14886742616806473), ([[775, 1355], [815, 1355], [815, 1391], [775, 1391]], '꽤', 0.998605261138664), ([[775, 1393], [883, 1393], [883, 1437], [775, 1437]], '크잡아;', 0.5018056035041809), ([[0, 1638], [22, 1638], [22, 1662], [0, 1662]], '18', 0.9300708124045293)]
[([[531, 71], [567, 71], [567, 129], [531, 129]], '응', 0.8945232203820161), ([[682, 71], [739, 71], [739, 172], [682, 172]], '약', 0.0963223581232251), ([[79, 163], [165, 163], [165, 203], [79, 203]], '뭐야.', 0.4452675786133571), ([[699, 171], [755, 171], [755, 213], [699, 213]], '카드', 0.6827779687386938), ([[77, 199], [177, 199], [177, 243], [77, 243]], '이상한', 0.9959445963327144), ([[81, 241], [195, 241], [195, 281], [81, 281]], '목소리로', 0.9993605017662048), ([[78, 276], [240, 276], [240, 326], [78, 326]], '남의 이름올', 0.8550109241729821), ([[303, 269], [359, 269], [359, 372], [303, 372]], '내', 0.0759877828931943), ([[79, 319], [167, 319], [167, 363], [79, 363]], '부르고', 0.9663410162383039), ([[1095, 333], [1145, 333], [1145, 373], [1095, 373]], '아', 0.9938314017151839), ([[1095, 377], [1157, 377], [1157, 447], [1095, 447]], '앗', 0.13799682800963442), ([[739, 603], [795, 603], [795, 734], [739, 734]], '햇', 0.5556921774971215), ([[70, 966], [168, 966], [168, 998], [70, 998]], '나까지', 0.9995743263270994), ([[69, 1003], [135, 1003], [135, 1045], [69, 1045]], '점점', 0.9998526577971234), ([[69, 1043], [141, 1043], [141, 1085], [69, 1085]], '야한', 0.9995627123087273), ([[752, 982], [803, 982], [803, 1095], [752, 1095]], '학', 0.9606832423160085), ([[69, 1081], [187, 1081], [187, 1125], [69, 1125]], '기분이!', 0.9956966042518616), ([[933, 1225], [1025, 1225], [1025, 1263], [933, 1263]], '신지의', 0.9998583584332755), ([[129, 1265], [169, 1265], [169, 1323], [129, 1323]], '응', 0.8575926821097859), ([[911, 1257], [1088, 1257], [1088, 1311], [911, 1311]], '기분종은듯한', 0.4762354824065256), ([[917, 1305], [1007, 1305], [1007, 1347], [917, 1347]], '목소리', 0.9998421847616219), ([[916, 1342], [1040, 1342], [1040, 1390], [916, 1390]], '들으니까', 0.9943410158157349), ([[466.3822497293352, 1240.1317233489447], [522.6522031950352, 1194.0212911159617], [614.6177502706648, 1320.8682766510553], [559.3477968049648, 1366.9787088840383]], '품', 0.13588440169876836), ([[181.52968113596825, 1356.0904172013427], [255.66564023547028, 1307.018475761535], [346.47031886403175, 1460.9095827986573], [272.3343597645297, 1510.981524238465]], '뺨', 0.0319743538313253), ([[420.282292999454, 1449.0286624931748], [539.9457034211287, 1527.0128878983583], [496.717707000546, 1591.9713375068252], [377.0542965788714, 1512.9871121016417]], '[또염', 0.025845774909348952)]
[([[50, 196], [116, 196], [116, 246], [50, 246]], '좀더', 0.12686886036543135), ([[50, 236], [180, 236], [180, 284], [50, 284]], '안쪽까지', 0.8691951036453247), ([[53, 281], [179, 281], [179, 325], [53, 325]], '자궁까지', 0.795383870601654), ([[48, 318], [142, 318], [142, 366], [48, 366]], '원해!!', 0.756759762763977), ([[880, 398], [946, 398], [946, 446], [880, 446]], '더는', 0.9541086723443987), ([[881, 443], [955, 443], [955, 483], [881, 483]], '안돼 .', 0.5515199899673462), ([[759, 541], [841, 541], [841, 579], [759, 579]], '스스로', 0.9998337882310109), ([[757, 583], [847, 583], [847, 623], [757, 623]], '만져도', 0.6485969576938162), ([[60, 592], [109, 592], [109, 699], [60, 699]], '학', 0.8076142285492018), ([[755, 621], [911, 621], [911, 663], [755, 663]], '애달프기만', 0.997563503556181), ([[755, 661], [819, 661], [819, 699], [755, 699]], '해. !', 0.3805770551107425), ([[1072, 606], [1185, 606], [1185, 873], [1072, 873]], '춤', 0.08390851349684514), ([[1098, 1556], [1138, 1556], [1138, 1588], [1098, 1588]], '아', 0.8680927517655199), ([[1214, 1634], [1244, 1634], [1244, 1660], [1214, 1660]], '23', 0.9999990727694587), ([[659.6280459781144, 89.01154024764271], [702.3346736791041, 80.00934114403807], [737.3719540218856, 261.9884597523573], [695.6653263208959, 270.9906588559619]], '"', 0.3017327983116047), ([[582.4597040961579, 330.0292776846527], [625.6030371213233, 335.7310191210298], [613.5402959038421, 431.9707223153473], [570.3969628786767, 426.2689808789702]], '하', 0.9932125739209283), ([[747.9076744813115, 866.0598377799342], [810.55164490616, 821.0152271985033], [910.0923255186885, 976.9401622200658], [847.44835509384, 1021.9847728014967]], '표', 0.19609650524949362), ([[1005.5296811359682, 960.0904172013428], [1078.7046642634177, 916.0207075219], [1157.4703188640317, 1064.9095827986573], [1084.2953357365823, 1109.9792924781]], '월', 0.32239377752092935)]
[([[226, 154], [322, 154], [322, 186], [226, 186]], '신지께', 0.8353004943504408), ([[102, 198], [136, 198], [136, 230], [102, 230]], '하', 0.9756294980055235), ([[226, 189], [335, 189], [335, 234], [226, 234]], '필요해!', 0.9572470784187317), ([[114, 238], [146, 238], [146, 264], [114, 264]], '5', 0.35349545957297224), ([[1106, 348], [1138, 348], [1138, 392], [1106, 392]], '하', 0.9947787905048244), ([[1096, 394], [1130, 394], [1130, 420], [1096, 420]], '아', 0.9983996600261804), ([[164, 486], [216, 486], [216, 554], [164, 554]], '기', 0.011579466792292159), ([[152, 1006], [186, 1006], [186, 1038], [152, 1038]], '너', 0.9998647020330544), ([[148, 1038], [284, 1038], [284, 1088], [148, 1088]], '처음이지?', 0.968972428771031), ([[75, 1167], [147, 1167], [147, 1211], [75, 1211]], '으응', 0.9630861739268756), ([[682, 1181], [781, 1181], [781, 1229], [682, 1229]], "'아직도", 0.9991002678871155), ([[687, 1227], [783, 1227], [783, 1271], [687, 1271]], '그런말', 0.5548025893447059), ([[683, 1261], [824, 1261], [824, 1311], [683, 1311]], '하느거야)', 0.3754781960765506), ([[1041, 1367], [1137, 1367], [1137, 1403], [1041, 1403]], '아스카', 0.9928521166345458), ([[1040, 1402], [1156, 1402], [1156, 1450], [1040, 1450]], '괜찮아?', 0.9797436594963074), ([[0, 1638], [36, 1638], [36, 1664], [0, 1664]], "'24", 0.9028482157823091)]
[([[1085, 101], [1179, 101], [1179, 143], [1085, 143]], '신지꺼', 0.9923291510882335), ([[1087, 143], [1195, 143], [1195, 183], [1087, 183]], '뜨거워;', 0.39185407757759094), ([[616, 166], [708, 166], [708, 214], [616, 214]], '고동이', 0.6922202716185236), ([[619, 211], [785, 211], [785, 251], [619, 251]], '전해져와.!', 0.4464548334366723), ([[1065, 311], [1188, 311], [1188, 570], [1065, 570]], '"', 0.05758175984803082), ([[155, 735], [253, 735], [253, 773], [155, 773]], '신체가', 0.7600680056501341), ([[300, 716], [354, 716], [354, 774], [300, 774]], '하', 0.9965468704613158), ([[153, 773], [221, 773], [221, 815], [153, 815]], '엄청', 0.9900037248202412), ([[304, 784], [350, 784], [350, 816], [304, 816]], '아', 0.8593310739968416), ([[157, 817], [267, 817], [267, 857], [157, 857]], '뜨거워;.', 0.2638478362750558), ([[986, 812], [1064, 812], [1064, 844], [986, 844]], '저기 .', 0.5849544405937195), ([[63, 955], [171, 955], [171, 993], [63, 993]], '만져보!', 0.14848504960536957), ([[1214, 1630], [1242, 1630], [1242, 1654], [1214, 1654]], '27', 0.9096890216334703)]
[([[331, 57], [375, 57], [375, 139], [331, 139]], '하', 0.9869562571077637), ([[1036, 25], [1087, 25], [1087, 119], [1036, 119]], '하', 0.8933225272475198), ([[1081, 181], [1203, 181], [1203, 219], [1081, 219]], '아스카의', 0.9885213375091553), ([[713, 241], [775, 241], [775, 279], [713, 279]], '바보', 0.47975673898775917), ([[1080, 218], [1158, 218], [1158, 266], [1080, 266]], '가슴.', 0.7429522087549842), ([[713, 283], [797, 283], [797, 323], [713, 323]], '신지.', 0.8462725619381091), ([[411, 523], [503, 523], [503, 565], [411, 565]], '그렇게', 0.5538946436971015), ([[411, 563], [481, 563], [481, 605], [411, 605]], '반히', 0.7999386807518151), ([[411, 603], [531, 603], [531, 643], [411, 643]], '보지마 !', 0.9551804991234635), ([[224, 748], [298, 748], [298, 840], [224, 840]], '5', 0.19250598108919803), ([[788, 912], [840, 912], [840, 978], [788, 978]], '앗', 0.19085217562562296), ([[701, 1037], [791, 1037], [791, 1145], [701, 1145]], '게', 0.39944385150397466), ([[543, 1433], [567, 1433], [567, 1449], [543, 1449]], '<', 0.153672660507155), ([[499, 1453], [551, 1453], [551, 1495], [499, 1495]], '내', 0.5855626310803927), ([[11, 1641], [37, 1641], [37, 1661], [11, 1661]], '28', 0.9999976397772992), ([[1135.570558289235, 1418.0184761551252], [1178.370499115175, 1424.5976445003892], [1159.429441710765, 1543.9815238448748], [1117.629500884825, 1537.4023554996108]], '육', 0.6644509991923861)]
[([[1057, 39], [1117, 39], [1117, 121], [1057, 121]], '탓', 0.06486102587663911), ([[259, 93], [321, 93], [321, 169], [259, 169]], '잇', 0.740109431603301), ([[538, 826], [604, 826], [604, 969], [538, 969]], '물', 0.6335129590769526), ([[1224, 1640], [1250, 1640], [1250, 1666], [1224, 1666]], '31', 0.9999996628252286), ([[612.3425418378304, 194.03094348100143], [669.8687187494309, 200.16621775879472], [656.6574581621696, 313.96905651899857], [599.1312812505691, 306.83378224120526]], '양', 0.9935678297579784), ([[1021.4917192927886, 423.1978315445686], [1169.4954044649369, 378.44167772262614], [1201.5082807072113, 517.8021684554315], [1053.5045955350631, 563.5583222773738]], '1간', 0.01318602314234083)]
[([[389, 157], [497, 157], [497, 195], [389, 195]], '너. 역시', 0.365239928657542), ([[1037, 139], [1173, 139], [1173, 183], [1037, 183]], '관계없어!', 0.6744480674135096), ([[388, 194], [494, 194], [494, 242], [388, 242]], '그 애름', 0.908753158741088), ([[386, 232], [584, 232], [584, 282], [386, 282]], '좋아하는거지?', 0.4068534904442343), ([[329, 359], [419, 359], [419, 395], [329, 395]], '그래서', 0.9999641419926035), ([[325, 399], [395, 399], [395, 435], [325, 435]], '내가', 0.9996872004211441), ([[323, 435], [449, 435], [449, 479], [323, 479]], '임신하면', 0.5497763346301998), ([[324, 472], [426, 472], [426, 520], [324, 520]], '곤란한', 0.7208897688537088), ([[328, 520], [410, 520], [410, 552], [328, 552]], '거지:', 0.41102176904678345), ([[450, 862], [486, 862], [486, 892], [450, 892]], '아', 0.9999570851161934), ([[449, 899], [545, 899], [545, 935], [449, 935]], '아스카', 0.991822309909123), ([[448, 929], [563, 929], [563, 981], [448, 981]], '진정해;', 0.40962257981300354), ([[214, 970], [397, 970], [397, 1019], [214, 1019]], '그치만 안돼비', 0.2573330775226268), ([[215, 1017], [339, 1017], [339, 1053], [215, 1053]], '여기까지', 0.999885618686676), ([[213, 1053], [387, 1053], [387, 1097], [213, 1097]], '해버린 이상', 0.7373322098269426), ([[305, 1277], [399, 1277], [399, 1319], [305, 1319]], '절대로', 0.9994077799392336), ([[303, 1317], [367, 1317], [367, 1361], [303, 1361]], '임신', 0.9999546502921897), ([[305, 1359], [405, 1359], [405, 1401], [305, 1401]], '해버질', 0.42850977987251515), ([[307, 1401], [417, 1401], [417, 1437], [307, 1437]], '테니까!', 0.922739565372467), ([[8, 1638], [42, 1638], [42, 1664], [8, 1664]], '34', 0.6320692300796509)]
[([[77, 289], [167, 289], [167, 327], [77, 327]], '시끄것', 0.7853261608192857), ([[1043, 315], [1153, 315], [1153, 353], [1043, 353]], '여 역시', 0.9121214588324548), ([[1043, 353], [1165, 353], [1165, 395], [1043, 395]], '그만두자', 0.9980119466781616), ([[1044, 398], [1156, 398], [1156, 430], [1044, 430]], '아스카 .', 0.8137029308686603), ([[141, 833], [235, 833], [235, 871], [141, 871]], '진짜로', 0.9964945083816206), ([[990, 820], [1056, 820], [1056, 868], [990, 868]], '얼른', 0.9987375139627076), ([[139, 873], [209, 873], [209, 911], [139, 911]], '이젠.', 0.4463969952755137), ([[993, 865], [1087, 865], [1087, 905], [993, 905]], '멈추;.!', 0.1865262510520408), ([[138, 913], [232, 913], [232, 949], [138, 949]], '산다!!', 0.4825611114501953), ([[706, 1338], [796, 1338], [796, 1370], [706, 1370]], '시끄러', 0.9561821953578311), ([[706, 1374], [823, 1374], [823, 1415], [706, 1415]], '우니까!!', 0.8719175097405997), ([[447, 1453], [489, 1453], [489, 1505], [447, 1505]], '응', 0.8014942673641059), ([[627, 1463], [672, 1463], [672, 1558], [627, 1558]], '움', 0.8430798858316848), ([[1216, 1654], [1248, 1654], [1248, 1684], [1216, 1684]], '35', 0.9999865130351151), ([[82.31808429320984, 1070.0211571206783], [214.82754093055223, 1175.0598048043519], [152.68191570679016, 1252.9788428793217], [20.17245906944776, 1147.9401951956481]], "',", 0.012115716797710728)]
[([[716, 72], [828, 72], [828, 310], [716, 310]], '행', 0.28751464472549415), ([[958, 228], [1081, 228], [1081, 305], [958, 305]], '만메', 0.31517768878988645), ([[1210, 1660], [1240, 1660], [1240, 1690], [1210, 1690]], '37', 1.0), ([[971.7095603064832, 305.2963291646362], [1139.5672364259722, 281.1279436709495], [1146.2904396935169, 360.7036708353638], [978.432763574028, 384.8720563290505]], '쓰다!{', 0.05321142077445984), ([[311.0446652881101, 1059.104466528811], [477.5674472579762, 994.8462502070931], [503.9553347118899, 1061.895533471189], [337.4325527420238, 1126.1537497929069]], '신디의', 0.17550248665842375), ([[347.2300095399714, 1121.3680152639542], [560.1127679719416, 1046.4856068532138], [580.7699904600286, 1120.6319847360458], [367.8872320280584, 1195.5143931467862]], '뜨거문깨', 0.3128815293312073), ([[369.17477391878174, 1202.2349547837564], [533.4154885285648, 1135.6879870928638], [560.8252260812183, 1203.7650452162436], [396.5845114714353, 1270.3120129071362]], '(와:.!!', 0.3572627180119642), ([[404.1067444385465, 1555.050025503064], [469.0769230769231, 1546.6153846153845], [482.8932555614535, 1659.949974496936], [417.9230769230769, 1669.3846153846155]], '유', 0.9967130059763463)]
[([[930, 178], [970, 178], [970, 208], [930, 208]], '너.', 0.5179364455277724), ([[929, 213], [1051, 213], [1051, 253], [929, 253]], '후회하고', 0.7931487097116391), ([[928, 254], [1008, 254], [1008, 295], [928, 295]], '있어?', 0.9648904517141326), ([[235, 605], [327, 605], [327, 645], [235, 645]], '그렇지', 0.9994260860958535), ([[233, 645], [319, 645], [319, 687], [233, 687]], '않아.', 0.7220740982163065), ([[189, 1233], [295, 1233], [295, 1275], [189, 1275]], '"거짓말', 0.6112134456634521), ([[209, 1275], [275, 1275], [275, 1311], [209, 1311]], '쟁이', 0.6999410535741837), ([[12, 1638], [44, 1638], [44, 1666], [12, 1666]], '38', 0.9999996628252286)]
[([[2, 912], [291, 912], [291, 1012], [2, 1012]], '*나략체구', 0.00497162522384438), ([[35, 1013], [273, 1013], [273, 1049], [35, 1049]], '터떨나 없] -#:', 0.012846655003767901), ([[34, 1037], [273, 1037], [273, 1077], [34, 1077]], "807*85250 '*}", 0.011155677335041381), ([[35, 1092], [438, 1092], [438, 1129], [35, 1129]], '뜰부북# 71- _ 서 5 초중:; 2<', 0.0011647953423311777), ([[35, 1120], [430, 1120], [430, 1156], [35, 1156]], '내:?<내-부위다  *스 5#우요', 0.0004120811771728804), ([[35, 1147], [409, 1147], [409, 1183], [35, 1183]], '517 (3애스느 -71-주,시', 0.000600080665529465), ([[36, 1172], [197, 1172], [197, 1209], [36, 1209]], '도만-니-', 0.011517619732573472), ([[33, 1199], [305, 1199], [305, 1237], [33, 1237]], '(스:-:<2<:화} )', 0.04914367992642217), ([[30, 1404], [759, 1404], [759, 1446], [30, 1446]], '쓸`하니{01*나 <츠--"- 지유야-떠(-(선< \'찾니-오:', 3.924968949396065e-05), ([[31, 1432], [753, 1432], [753, 1472], [31, 1472]], "소취- *수즈귀@35+ {문+소51 내<<:어##+교`6 '*0$", 2.1367063270158942e-05), ([[33, 1458], [419, 1458], [419, 1498], [33, 1498]], '-:교& 거력5551-+*0*(-', 0.0006982557448826395), ([[31, 1512], [674, 1512], [674, 1550], [31, 1550]], "스미0쇼 방초<꼼짝우자-'-디:습촌<563 ", 0.0025760060900957655), ([[30, 1538], [729, 1538], [729, 1578], [30, 1578]], '-0$스구즈8> 0*{습+ 내출촌 @가+고가(_:< 독춧<', 0.0004941000223784909), ([[30, 1568], [330, 1568], [330, 1600], [30, 1600]], '#<3,+-하실하니-:', 0.00021073541382956727), ([[29, 1593], [306, 1593], [306, 1629], [29, 1629]], " ' #21--내*57", 0.004597594401378098), ([[29, 1645], [377, 1645], [377, 1683], [29, 1683]], '가규] <뱀#+3{85내<국}', 0.00012586588797866056), ([[1192, 1674], [1220, 1674], [1220, 1698], [1192, 1698]], '39', 0.6273565888404846)]
[([[45, 83], [461, 83], [461, 125], [45, 125]], '꼬히4/.피-어밟 54고 3어어첫', 1.4618952265546493e-05), ([[45, 117], [463, 117], [463, 177], [45, 177]], '{애-아탁_ -;-어,~,', 2.9142874995262487e-05), ([[42, 168], [194, 168], [194, 270], [42, 270]], '몸벼', 0.07929363820722243), ([[51, 261], [191, 261], [191, 299], [51, 299]], '좁;+하(}-', 0.0006337285666784994)]
