641322
28
[([[623, 67], [695, 67], [695, 83], [623, 83]], '@[3@미쪽)', 0.0005207435748299503), ([[76, 458], [164, 458], [164, 534], [76, 534]], "0'", 0.02343205730249789), ([[336, 886], [682, 886], [682, 941], [336, 941]], "[어거@ '@ {리|튜리", 0.00025337036767450347), ([[436, 938], [584, 938], [584, 964], [436, 964]], '#40# 근옛 5+* +', 0.006194601779859254), ([[17, 945], [203, 945], [203, 989], [17, 989]], '-설:이영', 0.0013070872547972481), ([[396, 998], [496, 998], [496, 1022], [396, 1022]], '역자 : /어*뒤', 0.011410043510203848), ([[506, 998], [546, 998], [546, 1022], [506, 1022]], '식자', 0.99940856236786), ([[554, 998], [624, 998], [624, 1024], [554, 1024]], '호로짜응', 0.3283636293690442)]
[([[623, 67], [695, 67], [695, 83], [623, 83]], '@프_[3@ 쪽)', 0.0001856623031079688), ([[76, 456], [164, 456], [164, 534], [76, 534]], '(', 0.2832227966954157), ([[336, 888], [682, 888], [682, 941], [336, 941]], "[어거@ '@ {리|튜.사", 0.00014176651822590347), ([[435, 936], [584, 936], [584, 965], [435, 965]], '#0 3근3조 +처 <', 0.03127314559814281)]
[([[392, 333], [600, 333], [600, 365], [392, 365]], '[@~@ [@ {@|@?', 0.1021344780920011)]
[([[103.45373221945307, 389.0501539850466], [128.42426406871192, 381.0301515190165], [149.5462677805469, 448.9498460149534], [124.57573593128807, 456.9698484809835]], '*', 0.03984447129739355), ([[75.65465441200737, 412.2330323536207], [101.65759594922143, 396.05442430467144], [131.34534558799263, 447.7669676463793], [105.34240405077857, 463.94557569532856]], '*', 0.0919824617252809), ([[122.58729488617594, 464.0285231804667], [181.73990565822874, 518.7781501794385], [161.41270511382407, 541.9714768195332], [102.26009434177125, 488.2218498205615]], '"위+,나', 0.020851879158433645), ([[92.19706840864171, 502.1094462711102], [109.4364819714845, 486.03192259390545], [161.8029315913583, 543.8905537288898], [144.56351802851552, 559.9680774060946]], '물', 0.1619094881638583)]
[([[169, 85], [185, 85], [185, 117], [169, 117]], '중', 0.3888418804365301), ([[251, 95], [291, 95], [291, 113], [251, 113]], '언제나', 0.999978319994131), ([[239, 115], [291, 115], [291, 135], [239, 135]], '이런일올', 0.9815698862075806), ([[241, 139], [307, 139], [307, 159], [241, 159]], '하고 있논건', 0.36966546300063785), ([[241, 165], [281, 165], [281, 179], [241, 179]], '아니야', 0.9999625590135218), ([[344, 428], [450, 428], [450, 458], [344, 458]], '[-4흡. 1', 0.03270108557225641), ([[342, 457], [519, 457], [519, 493], [342, 493]], '나카가와 카논', 0.6040759262892141), ([[569, 735], [625, 735], [625, 751], [569, 751]], '처음이니깐', 0.5207692499260378), ([[569, 757], [595, 757], [595, 773], [569, 773]], '말이', 0.4474431618295887), ([[101, 849], [123, 849], [123, 865], [101, 865]], '아 ', 0.6243787052760111), ([[99, 871], [147, 871], [147, 891], [99, 891]], '알앞어!', 0.5107177495956421)]
[([[589, 87], [659, 87], [659, 107], [589, 107]], '함꺼면 빨랑', 0.5590186782346022), ([[589, 111], [619, 111], [619, 131], [589, 131]], '빨랑', 0.8640473355145658), ([[308, 126], [346, 126], [346, 158], [308, 158]], '앗!', 0.45053262709469244), ([[589, 133], [635, 133], [635, 153], [589, 153]], '하자고!', 0.7800872301583288), ([[188, 150], [222, 150], [222, 174], [188, 174]], '정말', 0.999991992108174), ([[545, 151], [571, 151], [571, 171], [545, 171]], '나는', 0.9812553928061876), ([[188, 176], [264, 176], [264, 200], [188, 200]], '게임만 하고', 0.999252010572438), ([[545, 173], [609, 173], [609, 191], [545, 191]], '지금 바쁘니', 0.7973600019010879), ([[189, 203], [223, 203], [223, 223], [189, 223]], '말야', 0.9845453193530025), ([[245, 375], [279, 375], [279, 395], [245, 395]], '그럼', 0.9999586963383006), ([[245, 401], [289, 401], [289, 421], [245, 421]], '보여쥐', 0.8277732133865356), ([[244, 424], [304, 424], [304, 448], [244, 448]], '버월까나', 0.25914880633354187), ([[149, 539], [185, 539], [185, 553], [149, 553]], '에해제', 0.14375974180075837), ([[87, 577], [119, 577], [119, 593], [87, 593]], '이러면', 0.9998386059113539), ([[85, 597], [119, 597], [119, 611], [85, 611]], '정뚱파', 0.08749875305425044), ([[85, 615], [147, 615], [147, 631], [85, 631]], '아이들이라곧', 0.5892036074979673), ([[83, 631], [151, 631], [151, 649], [83, 649]], '말활수 언젯네', 0.18500607334043703), ([[367.1758366163079, 171.11542815707753], [411.9241969555848, 185.3298715310118], [402.8241633836921, 211.88457184292247], [358.0758030444152, 197.6701284689882]], '5?', 0.11722640024295714)]
[([[552, 94], [620, 94], [620, 118], [552, 118]], '기분종아?', 0.34678421049570946), ([[267, 363], [293, 363], [293, 377], [267, 377]], '미군', 0.8930470407570957), ([[615, 357], [635, 357], [635, 391], [615, 391]], '꼭', 0.24544635958442118), ([[599, 683], [655, 683], [655, 703], [599, 703]], '키스하는', 0.9036406874656677), ([[395, 707], [459, 707], [459, 727], [395, 727]], '기분탓이다!', 0.4118691915317427), ([[473, 731], [535, 731], [535, 747], [473, 747]], '저음 하느것이', 0.8966632176552551), ([[473, 751], [497, 751], [497, 765], [473, 765]], '아난', 0.3571973842276653), ([[91, 771], [119, 771], [119, 787], [91, 787]], '정말 ', 0.8538427948951721), ([[475, 769], [529, 769], [529, 785], [475, 785]], '느낌이 듣어', 0.5971208768739693), ([[89, 789], [143, 789], [143, 805], [89, 805]], '차갑계구네', 0.9760509925263906)]
[([[613, 55], [639, 55], [639, 71], [613, 71]], '저기', 0.9999851643415568), ([[613, 77], [671, 77], [671, 93], [613, 93]], '테이마군도', 0.3104933565950207), ([[613, 95], [645, 95], [645, 115], [613, 115]], '할래?', 0.7814308309955811), ([[115, 115], [171, 115], [171, 135], [115, 135]], '나만하면', 0.9998922348022461), ([[115, 141], [187, 141], [187, 161], [115, 161]], '부끄럽잡아', 0.9328731421386465), ([[73, 479], [113, 479], [113, 493], [73, 493]], '귀이마군', 0.9040640592575073), ([[171, 811], [211, 811], [211, 831], [171, 831]], '굉장해', 0.9993536187539676), ([[171, 833], [221, 833], [221, 853], [171, 853]], '들어올어', 0.31690555810928345)]
[([[572, 9], [657, 9], [657, 247], [572, 247]], '뽑', 0.2153331872822415), ([[476, 302], [516, 302], [516, 326], [476, 326]], '48!', 0.07725052007732706), ([[558, 306], [604, 306], [604, 338], [558, 338]], '인7', 0.018900846686883434), ([[588, 447], [631, 447], [631, 465], [588, 465]], '테이마군', 0.48241278529167175), ([[551, 499], [595, 499], [595, 513], [551, 513]], '테이마군', 0.6023581027984619), ([[479, 605], [527, 605], [527, 623], [479, 623]], '기분줌아', 0.18945586681365967), ([[35, 919], [95, 919], [95, 937], [35, 937]], '테이 잇 !', 0.33635256055391083)]
[([[639, 759], [673, 759], [673, 779], [639, 779]], '정말!', 0.5983441472053528), ([[465, 841], [507, 841], [507, 857], [465, 857]], '이런일올', 0.6049976348876953), ([[465, 859], [537, 859], [537, 875], [465, 875]], '하고싶없던거야', 0.524139145212464), ([[99, 897], [149, 897], [149, 913], [99, 913]], '모르켓어.', 0.3167188395878756), ([[298.38388874687905, 23.018997699440316], [370.09537020230016, 61.129311685354864], [293.61611125312095, 204.98100230055968], [222.90462979769987, 167.87068831464515]], '총', 0.11024320731479875), ([[199.22726851413617, 189.04996755884855], [250.48844783025044, 202.0183124086488], [230.77273148586383, 277.95003244115145], [179.51155216974956, 264.9816875913512]], '칼', 0.15110551349207046)]
[([[557, 79], [615, 79], [615, 95], [557, 95]], '과외받어서', 0.6135036926116216), ([[555, 97], [617, 97], [617, 117], [555, 117]], '10점맛앗고', 0.4398516900704962), ([[483, 149], [523, 149], [523, 169], [483, 169]], '그래서', 0.999991465640968), ([[483, 173], [573, 173], [573, 193], [483, 193]], '좋아해 버려다는', 0.7536432651035193), ([[211, 205], [261, 205], [261, 221], [211, 221]], '내 자신도', 0.5467319396463874), ([[483, 197], [525, 197], [525, 217], [483, 217]], '걸까.?', 0.530805766582489), ([[211, 225], [247, 225], [247, 243], [211, 243]], '이상해', 0.9990197825709978), ([[47, 415], [93, 415], [93, 431], [47, 431]], '생각암해', 0.7563893795013428), ([[233, 593], [291, 593], [291, 613], [233, 613]], '귀이마군은', 0.5684802371215144), ([[234, 613], [291, 613], [291, 634], [234, 634]], '이상하다고', 0.9996372039692433), ([[235, 637], [277, 637], [277, 655], [235, 655]], '생각해?', 0.9993301630020142)]
[([[69, 93], [349, 93], [349, 111], [69, 111]], '+/5+서(당?시:나+줄-/팔움느내중난스1', 1.4432272301307225e-05), ([[71, 111], [201, 111], [201, 127], [71, 127]], '@손#3\'디내:"풍니도', 0.0006052380125788522), ([[67, 125], [443, 125], [443, 145], [67, 145]], '15):0)미뻗차-5구트놔{++=5+-느3*)203?2<<501', 3.5816881962013076e-05), ([[69, 143], [263, 143], [263, 161], [69, 161]], '손늦심하-<손스 뜨 스한:0닫', 0.00015172551115420402), ([[67, 175], [335, 175], [335, 195], [67, 195]], '##0)3*0)72 숨싣빛히<+"-<내=-금곳,-{#]술[/', 6.449082554151242e-06), ([[67, 191], [383, 191], [383, 211], [67, 211]], '#튜하 13/+구느한표7손530101디도)3*5', 0.0004174926644331207), ([[69, 211], [397, 211], [397, 229], [69, 229]], '굳0소물+5,모#디내선-+-0 |근3*다구청년즐 춤다', 4.93633277574793e-05), ([[79, 229], [297, 229], [297, 245], [79, 245]], '손소하(당#<교화-<,기려1간급])"""', 9.935968828139449e-05), ([[67, 243], [243, 243], [243, 261], [67, 261]], '~+느위#|칭소<니해-+?', 5.536160008459163e-06), ([[67, 259], [309, 259], [309, 279], [67, 279]], ' 0*디{#}손#듯부 51금5*-9532<5', 0.0013872958439521289), ([[68, 278], [238, 278], [238, 294], [68, 294]], '31 비:값-위#이:(헌금내', 5.044742478546459e-06), ([[71, 295], [397, 295], [397, 311], [71, 311]], '느(하룻/+#틈다{40스+구손1모0)5+ 긋림다  ]료다 중화', 2.1810831788692428e-05), ([[349, 811], [513, 811], [513, 831], [349, 831]], '숙봇하 #손소+-1간3[가느', 0.00025318851999218104), ([[353, 831], [621, 831], [621, 849], [353, 849]], '1+30),71쨌+수] #비다{규니/렇77-년톱-다', 0.0003362877195705443), ([[351, 847], [487, 847], [487, 865], [351, 865]], '##금2놓[다그<한르+}', 0.00014206013186724673), ([[353, 861], [619, 861], [619, 881], [353, 881]], '속1 쓸픔하느피시) +변초++= 30-+}', 0.0004698609500999002), ([[351, 879], [517, 879], [517, 899], [351, 899]], '5+소관6디시내-#화5#', 0.0004780066022286225), ([[348, 895], [556, 895], [556, 915], [348, 915]], '0536901/13/혼#7*<3[-8', 0.004079293777974188), ([[361, 915], [567, 915], [567, 931], [361, 931]], "솔쩍도이'-/>(논:소토다<답", 5.86366543595234e-05)]
[([[488, 454], [592, 454], [592, 480], [488, 480]], '5니46 2', 0.21966894339565626), ([[491, 479], [577, 479], [577, 495], [491, 495]], '시오미야 사오리', 0.4271187453966808), ([[169, 575], [217, 575], [217, 591], [169, 591]], '카스라기', 0.5610406398773193), ([[169, 597], [211, 597], [211, 611], [169, 611]], '귀이마.', 0.5894703269004822), ([[593, 599], [643, 599], [643, 617], [593, 617]], '저 사람올', 0.6348808886094611), ([[327, 611], [369, 611], [369, 627], [327, 627]], '그런가 .', 0.9560510453652026), ([[593, 621], [663, 621], [663, 637], [593, 637]], '보기 시작하면', 0.9934398115047017), ([[327, 631], [383, 631], [383, 649], [327, 649]], '검모습으로', 0.9906501365685422), ([[593, 643], [635, 643], [635, 659], [593, 659]], '권가가 .', 0.6814814280998904), ([[327, 653], [387, 653], [387, 669], [327, 669]], '사람울 판단', 0.38187102341406715), ([[324, 672], [379, 672], [379, 693], [324, 693]], '하는구나 .', 0.35458388632779936), ([[111, 687], [147, 687], [147, 701], [111, 701]], '조사해', 0.9368287324905396), ([[550, 680], [612, 680], [612, 704], [550, 704]], '두근거려 .', 0.9739662807276346), ([[109, 707], [153, 707], [153, 723], [109, 723]], '버려다 .', 0.48840416181827523), ([[268, 748], [326, 748], [326, 772], [268, 772]], '그런 뜻은', 0.9191382373478699), ([[55, 771], [113, 771], [113, 787], [55, 787]], '스토커같아', 0.5022114612740456), ([[269, 773], [325, 773], [325, 793], [269, 793]], '없엎는데.', 0.3975396836840743), ([[525, 773], [601, 773], [601, 793], [525, 793]], '대화해본적도', 0.9972124726143478), ([[525, 797], [567, 797], [567, 817], [525, 817]], '없는데', 0.3758175334112103), ([[527, 823], [579, 823], [579, 839], [527, 839]], '어깨서 ?', 0.8027024557004688)]
[([[141, 83], [210, 83], [210, 108], [141, 108]], '[카춧라기플', 0.10818369674363477), ([[145, 109], [197, 109], [197, 129], [145, 129]], '본 날은 ,', 0.9487038192964302), ([[237, 385], [273, 385], [273, 401], [237, 401]], '이것이', 0.9992419254548323), ([[235, 407], [265, 407], [265, 421], [235, 421]], '자위 .', 0.5200995802879333), ([[161, 439], [243, 439], [243, 459], [161, 459]], '사전에서 항상', 0.7107888307052458), ([[159, 463], [225, 463], [225, 483], [159, 483]], '지위저임는', 0.25700898720560833), ([[163, 489], [197, 489], [197, 505], [163, 505]], '단어 .', 0.5485705937521117), ([[241, 747], [259, 747], [259, 773], [241, 773]], '쪽', 0.03483177871322263), ([[71, 835], [107, 835], [107, 851], [71, 851]], '해시는', 0.700644844759612), ([[71, 857], [107, 857], [107, 873], [71, 873]], '안되는', 0.5523461844224375), ([[71, 877], [95, 877], [95, 893], [71, 893]], '일율', 0.2595060880827745), ([[71, 899], [119, 899], [119, 915], [71, 915]], '하고있어', 0.9809318780899048)]
[([[365, 41], [427, 41], [427, 59], [365, 59]], '나의 직안에', 0.5789442418246148), ([[365, 63], [411, 63], [411, 79], [365, 79]], '커니스트', 0.29334890842437744), ([[363, 81], [411, 81], [411, 101], [363, 101]], '끼워념는', 0.15337687730789185), ([[365, 103], [447, 103], [447, 121], [365, 121]], '이야기루 만들면', 0.38641380692608485), ([[570, 106], [627, 106], [627, 125], [570, 125]], '[카즈라기들', 0.4344393480924615), ([[571, 129], [595, 129], [595, 145], [571, 145]], '알고', 0.24072276999953088), ([[571, 151], [617, 151], [617, 167], [571, 167]], '만나시 .', 0.9010803677834928), ([[37, 321], [81, 321], [81, 337], [37, 337]], '심반망상', 0.3723994493484497), ([[491, 457], [523, 457], [523, 471], [491, 471]], '그래도', 0.9999845142750965), ([[381, 485], [455, 485], [455, 501], [381, 501]], '카즈라기름 보면', 0.16501550101279955), ([[381, 503], [433, 503], [433, 517], [381, 517]], '머리속어서', 0.7415607557984674), ([[383, 521], [425, 521], [425, 537], [383, 537]], '이야기가', 0.9963752031326294), ([[383, 541], [445, 541], [445, 555], [383, 555]], '흘러나피버려', 0.10309955023767771), ([[95, 557], [139, 557], [139, 573], [95, 573]], '멈출수가', 0.6035245656967163), ([[95, 575], [123, 575], [123, 591], [95, 591]], '없어 .', 0.9844880104064941)]
[([[533, 191], [577, 191], [577, 207], [533, 207]], '갈거같아 ,', 0.9150298275471127), ([[362, 222], [422, 222], [422, 254], [362, 254]], '씨씨', 0.011897519519602039), ([[375, 555], [407, 555], [407, 569], [375, 569]], '이것이', 0.9996678554535882), ([[365, 573], [427, 573], [427, 589], [365, 589]], '나의 소원이야', 0.9675051570896854), ([[145, 591], [185, 591], [185, 611], [145, 611]], '담기글', 0.5194022092539035), ([[147, 617], [185, 617], [185, 635], [147, 635]], '원해 ..', 0.26913188861890686), ([[71, 645], [157, 645], [157, 665], [71, 665]], '넘어주길원해 .', 0.6036164358952065), ([[73, 667], [151, 667], [151, 687], [73, 687]], '필러주길원해', 0.35860850139876127), ([[100.93098527849408, 831.448167612687], [132.66958948000698, 805.0450378479484], [177.0690147215059, 862.551832387313], [145.33041051999302, 888.9549621520516]], '쇼', 0.14897095170781327)]
[([[577, 53], [649, 53], [649, 69], [577, 69]], '그래서 이렇게', 0.33641698775299594), ([[575, 71], [641, 71], [641, 91], [575, 91]], '넘치고 있어.', 0.4480426507644653), ([[33, 203], [104, 203], [104, 228], [33, 228]], '카즈라기늘', 0.14756831978770463), ([[35, 231], [123, 231], [123, 251], [35, 251]], '좋아해  그러니', 0.4845114712815713), ([[314.272393124891, 432.089572499564], [354.976833630141, 451.6278957962324], [342.727606875109, 477.910427500436], [301.023166369859, 458.3721042037676]], '의1', 0.05982412787871534)]
[([[487, 101], [511, 101], [511, 115], [487, 115]], '전달', 0.9995530197890908), ([[599, 105], [645, 105], [645, 121], [599, 121]], '이런기본', 0.17318836624604794), ([[487, 119], [521, 119], [521, 133], [487, 133]], '버아지', 0.2375909711569421), ([[101, 141], [141, 141], [141, 157], [101, 157]], '하지만', 0.9998695767878186), ([[453, 139], [477, 139], [477, 155], [453, 155]], '말을', 0.636990122744671), ([[551, 149], [587, 149], [587, 165], [551, 165]], '어떻게', 0.28532775801405436), ([[99, 161], [137, 161], [137, 177], [99, 177]], '제대로', 0.9999596683569345), ([[451, 159], [477, 159], [477, 175], [451, 175]], '히고', 0.6763515133840404), ([[551, 169], [587, 169], [587, 187], [551, 187]], '전하면', 0.985593657030894), ([[101, 183], [149, 183], [149, 199], [101, 199]], '말갈수가', 0.10689855366945267), ([[551, 191], [599, 191], [599, 207], [551, 207]], '중올가나', 0.11641925573348999), ([[101, 205], [129, 205], [129, 221], [101, 221]], '없어', 0.9963490035242308), ([[577, 365], [605, 365], [605, 379], [577, 379]], '그래', 0.9999971340155042), ([[525, 399], [577, 399], [577, 419], [525, 419]], '글이라면', 0.7897259593009949), ([[71, 643], [105, 643], [105, 663], [71, 663]], '안되!', 0.9778512272383032), ([[71, 667], [111, 667], [111, 687], [71, 687]], '이런결', 0.41127629901827834), ([[69, 687], [124, 687], [124, 713], [69, 713]], '보여출순', 0.959488034248352), ([[73, 715], [109, 715], [109, 733], [73, 733]], '없어 .', 0.6168608839835816), ([[557, 721], [583, 721], [583, 735], [557, 735]], '앗--', 0.19308924674987793), ([[179, 793], [217, 793], [217, 807], [179, 807]], '바 밤에', 0.5905968546867371), ([[179, 809], [213, 809], [213, 827], [179, 827]], '손것올', 0.28939607288360414), ([[179, 829], [235, 829], [235, 845], [179, 845]], '아침에 보니', 0.9778008995672028)]
[([[194, 86], [458, 86], [458, 110], [194, 110]], '쫓변3#0)3,초(:내버<춤#소디입한염+7[디#}한소', 2.3845257078165067e-06), ([[465, 91], [593, 91], [593, 107], [465, 107]], '기난류-*++=23', 0.005482247306967096), ([[197, 107], [492, 107], [492, 125], [197, 125]], "+#어0#' [-니13++58+065,사(룻포+숙-{", 0.0001555410649021057), ([[199, 125], [417, 125], [417, 141], [199, 141]], '-규>차질존-그7우자표-스즐하병', 2.2313645198631804e-06), ([[197, 138], [465, 138], [465, 159], [197, 159]], '쫓다보3#3(악.하+- \',3-5표#근-1-"', 0.00024711845595354033), ([[197, 155], [629, 155], [629, 175], [197, 175]], '-리20)+1)신국룹-움-트영+) 2<손15*8*55 1느톱-< 충5<내다 초화', 1.4891676667597165e-05), ([[197, 172], [422, 172], [422, 192], [197, 192]], '하느도(다 세질-다 쓸#07,1찬35+48', 0.0004106340723095495), ([[431, 175], [461, 175], [461, 191], [431, 191]], '#불다', 0.07191039207180491), ([[195, 189], [495, 189], [495, 209], [195, 209]], "']++ ()-엽소+중하-시위버싣교교?느톱그15", 1.325460063762116e-06), ([[195, 207], [481, 207], [481, 227], [195, 227]], '붉륙다%0)7 분스분 스금(균중교   존-{7한?합', 5.120437651856248e-06), ([[404, 776], [652, 776], [652, 800], [404, 800]], '틈#"록:+-유장#"--3교-도듯니중합', 0.00020260547296711913), ([[407, 797], [471, 797], [471, 815], [407, 815]], '숨^ 근년}', 0.03804295368802065), ([[403, 813], [561, 813], [561, 831], [403, 831]], '##디3 15토째- 차#(1!', 0.005344691394032058)]
[([[301, 89], [349, 89], [349, 103], [301, 103]], '그러니까', 0.9998399019241333), ([[301, 109], [337, 109], [337, 125], [301, 125]], '말이조', 0.7155080079803988), ([[241, 149], [319, 149], [319, 167], [241, 167]], '연습하는것으로', 0.5871446562548762), ([[239, 171], [323, 171], [323, 187], [239, 187]], '자신이 생기도록', 0.994296397254464), ([[241, 191], [309, 191], [309, 209], [241, 209]], '공라대상의 ', 0.33009537156763125), ([[79, 261], [109, 261], [109, 281], [79, 281]], '역시', 0.8946619732589323), ([[76, 286], [132, 286], [132, 310], [76, 310]], '앞는가 .', 0.6237409708364617), ([[119, 375], [167, 375], [167, 391], [119, 391]], '이 전개는', 0.6909562371700441), ([[119, 393], [183, 393], [183, 413], [119, 413]], '벌써 위있다!', 0.22735690932294553), ([[153, 533], [225, 533], [225, 549], [153, 549]], '폐라부터 십입', 0.5754551047218308), ([[409, 509], [523, 509], [523, 547], [409, 547]], "[니'6 3", 0.07512767667579243), ([[151, 553], [227, 553], [227, 571], [151, 571]], '제위는 기승위', 0.3509662031622227), ([[155, 575], [253, 575], [253, 593], [155, 593]], '그리고 동시에 간다', 0.7257023027839518), ([[408, 564], [632, 564], [632, 596], [408, 596]], '에류시아 데 루트 이마', 0.6552550009178099), ([[153, 595], [237, 595], [237, 613], [153, 613]], '일시의 캐릭성올', 0.8300675561992953), ([[155, 617], [201, 617], [201, 633], [155, 633]], '고려하면', 0.8809517025947571), ([[73, 635], [109, 635], [109, 655], [73, 655]], '엔딩은', 0.6840554859691139), ([[153, 639], [225, 639], [225, 655], [153, 655]], '청소 필라루트', 0.8539635957158783), ([[75, 659], [115, 659], [115, 675], [75, 675]], '보엿다!', 0.18028299510478973), ([[163, 689], [369, 689], [369, 709], [163, 709]], '그리고 테이마는 성인계도 잘 알고있없다.', 0.22877772072687896), ([[63, 855], [115, 855], [115, 871], [63, 871]], '뭐 얼시루', 0.22645511494239487), ([[61, 873], [145, 873], [145, 893], [61, 893]], '생각한 무트라면', 0.34895039577806636), ([[63, 897], [123, 897], [123, 913], [63, 913]], '이런기켓지.', 0.31509914330913574)]
[([[352, 260], [390, 260], [390, 284], [352, 284]], '신-남', 0.3388984501361847), ([[353, 287], [409, 287], [409, 307], [353, 307]], '어떤가요', 0.9413325380598249), ([[20, 394], [98, 394], [98, 418], [20, 418]], '기분 중나요?', 0.8183148789870011), ([[483, 737], [535, 737], [535, 751], [483, 751]], '괜찮으니까', 0.5732886419090495), ([[413, 757], [459, 757], [459, 773], [413, 773]], '너무해요', 0.8013855812702718), ([[483, 755], [519, 755], [519, 771], [483, 771]], '빨리해!', 0.696439802646637), ([[359, 783], [395, 783], [395, 799], [359, 799]], '열심히', 0.9447513507029196), ([[357, 803], [415, 803], [415, 821], [357, 821]], '하고있는데', 0.6415980772314045), ([[73, 845], [121, 845], [121, 861], [73, 861]], '지니지게', 0.9965742826461792), ([[71, 863], [121, 863], [121, 883], [71, 883]], '길게하면', 0.35229313373565674), ([[73, 887], [113, 887], [113, 903], [73, 903]], '건달 수', 0.9582761357140952), ([[75, 907], [123, 907], [123, 923], [75, 923]], '없으니까', 0.7212280935878882)]
[([[269, 119], [303, 119], [303, 133], [269, 133]], '기다려', 0.8080541930485791), ([[361, 127], [383, 127], [383, 143], [361, 143]], '그럼', 0.9998359684062199), ([[369, 147], [423, 147], [423, 163], [369, 163]], '넘계습니다;', 0.5031429596605126), ([[161, 269], [185, 269], [185, 285], [161, 285]], '너는', 0.6076002194331533), ([[161, 289], [233, 289], [233, 305], [161, 305]], '캐릭터에 비해', 0.9977144319981237), ([[159, 311], [245, 311], [245, 327], [159, 327]], '가슴이 있으니까', 0.7114948079239838), ([[105, 329], [133, 329], [133, 349], [105, 349]], '지금', 0.9999908962928589), ([[159, 329], [211, 329], [211, 349], [159, 349]], '장점이다.', 0.9017570325468742), ([[105, 353], [157, 353], [157, 371], [105, 371]], '안꺼내면', 0.9984924793243408), ([[105, 375], [159, 375], [159, 395], [105, 395]], '어떻하나', 0.9639945030212402), ([[81, 717], [113, 717], [113, 737], [81, 737]], '여기', 0.9999865973284802), ([[562, 724], [626, 724], [626, 748], [562, 748]], '오라버니', 0.9881283044815063), ([[80, 742], [166, 742], [166, 766], [80, 766]], '부탁드컵니다', 0.6607590929818088), ([[282, 726], [330, 726], [330, 794], [282, 794]], '호', 0.15481450484262282), ([[560, 752], [646, 752], [646, 776], [560, 776]], '가슴을 좋아', 0.5075171384766494), ([[560, 780], [632, 780], [632, 804], [560, 804]], '햇없균요!', 0.5377367220734951)]
[([[445, 241], [489, 241], [489, 257], [445, 257]], '오리버니', 0.8948924541473389), ([[373, 321], [401, 321], [401, 337], [373, 337]], '딱딱', 0.8200088471962762), ([[371, 341], [405, 341], [405, 361], [371, 361]], '해요 .', 0.9290753609931248), ([[95, 735], [125, 735], [125, 749], [95, 749]], '어이!', 0.920725739230617), ([[45, 767], [87, 767], [87, 787], [45, 787]], '그렇게', 0.7040980989225893), ([[49, 793], [107, 793], [107, 811], [49, 811]], '움직이면. ', 0.4091207634619906), ([[559.5928435361255, 143.0277578137162], [581.3312945782245, 135.01834879597914], [614.4071564638745, 221.9722421862838], [591.6687054217755, 230.98165120402086]], '물', 0.20981341789969576)]
[([[417, 117], [461, 117], [461, 135], [417, 135]], '이대로', 0.9999642796429743), ([[413, 139], [474, 139], [474, 165], [413, 165]], '싸주세요', 0.9474957152046966), ([[123, 731], [159, 731], [159, 747], [123, 747]], '이것도', 0.999755742242758), ([[113, 751], [173, 751], [173, 769], [113, 769]], '계약의 일부', 0.7556782708283918), ([[113, 773], [137, 773], [137, 789], [113, 789]], '에요', 0.9997196506751767), ([[63, 869], [89, 869], [89, 887], [63, 887]], '옛!?', 0.8660053610801697), ([[261, 937], [333, 937], [333, 1003], [261, 1003]], '7요', 0.07806563001134645)]
[([[457, 121], [523, 121], [523, 141], [457, 141]], '죄송합니다!', 0.8971584079605491), ([[457, 141], [517, 141], [517, 161], [457, 161]], '거짓말해서', 0.6764744838514808), ([[221, 159], [277, 159], [277, 177], [221, 177]], '저 신념과', 0.8294533184543719), ([[221, 181], [275, 181], [275, 197], [221, 197]], '해버려서 .', 0.4713977583334861), ([[569, 401], [627, 401], [627, 421], [569, 421]], '그 전개는', 0.5374885083674869), ([[108, 488], [148, 488], [148, 514], [108, 514]], '예상', 0.8434381730759448), ([[108, 520], [172, 520], [172, 546], [108, 546]], '범위다!', 0.653308093547821), ([[517, 725], [551, 725], [551, 741], [517, 741]], '더욱더', 0.9472941756248474), ([[373, 745], [439, 745], [439, 765], [373, 765]], '그럼 어째서', 0.8867357585768377), ([[515, 745], [567, 745], [567, 763], [515, 763]], '궁리해화!', 0.48586949492165316), ([[371, 767], [431, 767], [431, 787], [371, 787]], '한거예요?', 0.9872729833824769), ([[64.25097310286003, 709.0564224788761], [102.91453958091496, 699.084349752582], [122.74902689713997, 784.9435775211239], [85.08546041908504, 794.915650247418]], '숙', 0.791464055106875)]
[([[264, 466], [314, 466], [314, 528], [264, 528]], '#', 0.04348986075287087), ([[309, 503], [349, 503], [349, 523], [309, 523]], '논', 0.5227904395951555), ([[319, 487], [421, 487], [421, 507], [319, 507]], '200947리53', 0.22278270127600716), ([[345, 503], [397, 503], [397, 523], [345, 523]], '(묘)', 0.1258685899866151), ([[309, 521], [425, 521], [425, 537], [309, 537]], '훌로속~*(3 감라매|형대', 1.4583036390739897e-07), ([[269, 535], [297, 535], [297, 553], [269, 553]], '꼬끼', 0.029555941706861436), ([[307, 535], [369, 535], [369, 553], [307, 553]], '3-화@:;', 0.0018918948849511075)]
[]
[([[8, 58], [50, 58], [50, 82], [8, 82]], '역자', 0.9979959159872573), ([[58, 58], [108, 58], [108, 82], [58, 82]], '/아*나', 0.0005489438190124929), ([[8, 120], [158, 120], [158, 148], [8, 148]], '후기; 2번째 번역작.', 0.849367642057056), ([[42, 152], [258, 152], [258, 178], [42, 178]], '묘-18급은 그만하려고합니다.', 0.3970253543551441), ([[42, 184], [98, 184], [98, 210], [42, 210]], '정신이.', 0.9629034996032715), ([[114, 198], [152, 198], [152, 206], [114, 206]], '##848#84', 0.0006839131193964671), ([[148, 184], [342, 184], [342, 212], [148, 212]], '(근데 함게 없으면 활듯?)', 0.5281698006732585), ([[452, 173], [670, 173], [670, 222], [452, 222]], '-태러-이"영', 0.00011509154339471524), ([[8, 245], [132, 245], [132, 274], [8, 274]], '식자 : 호로짜응', 0.5803416402281166), ([[8, 310], [480, 310], [480, 336], [8, 336]], '후기 : 이런  테이마 개객끼 리얼충이고 오타구고 폭발해버려라!', 0.4642243967664006), ([[390, 332], [603, 332], [603, 368], [390, 368]], '[@어@ [@ {@@]입?', 0.008325050005245981)]
