655891
17
[([[20, 92], [468, 92], [468, 436], [20, 436]], "'", 0.03518558160067187), ([[671, 1303], [731, 1303], [731, 1345], [671, 1345]], '체톤', 0.12036490867234702), ([[302.71806521676416, 358.38238912861607], [391.62906592516276, 336.7491192490691], [404.28193478323584, 400.61761087138393], [315.37093407483724, 423.2508807509309]], '코레', 0.029047684619343865), ([[227.73977497017165, 385.8055724433261], [319.701822242829, 358.8141666439386], [334.26022502982835, 417.1944275566739], [242.29817775717103, 444.1858333560614]], '세멘든', 0.0055023109160433695), ([[4.700664196076523, 425.9713948117607], [171.61243230486713, 381.51533544400206], [188.29933580392347, 465.0286051882393], [21.387567695132887, 509.48466455599794]], '[지멘', 0.2049465031181838), ([[7.416812645230958, 1007.0189147365568], [76.15174203867177, 991.0739992002938], [118.58318735476904, 1178.9810852634432], [49.84825796132823, 1194.9260007997061]], '#', 0.3931376380879925), ([[640.0574282752855, 1276.5033708955139], [742.5931949113684, 1264.2424590107437], [744.9425717247145, 1301.4966291044861], [643.4068050886316, 1312.7575409892563]], '여식자', 0.9513614890345892)]
[([[1699, 41], [2059, 41], [2059, 125], [1699, 125]], '-닿9|.+기7', 0.0013323258047163139), ([[1682, 117], [1889, 117], [1889, 196], [1682, 196]], '예-0김3', 0.0008584250797331399), ([[1910, 116], [2066, 116], [2066, 192], [1910, 192]], '추트;', 0.006866626965254127), ([[1720, 192], [2036, 192], [2036, 270], [1720, 270]], '[저안5.탁+5', 0.0011106917583513555), ([[58.792611077691475, 57.01695436581667], [494.3607324733915, 131.71207692019567], [418.2073889223085, 498.9830456341833], [-17.36073247339155, 423.28792307980433]], '(국', 0.008101137103794424), ([[4.286093236458962, 422.7152330911474], [173.63174945144834, 379.5380807564379], [189.71390676354105, 466.2847669088526], [21.368250548551668, 508.4619192435621]], '[멘]', 0.017636065791543882), ([[1764.3203723339693, 903.0581595370226], [1826.9699425213623, 939.5105550316129], [1809.6796276660307, 968.9418404629774], [1746.0300574786377, 931.4894449683871]], '1', 0.7053200040169294), ([[6.352014050256619, 1005.021016373952], [76.37712714358152, 989.0952778519329], [117.64798594974339, 1178.9789836260481], [47.622872856418475, 1195.904722148067]], '#', 0.14521928735791167), ([[1504.2973689906814, 1067.0176429145604], [1602.9954176610697, 1042.1429329092375], [1661.7026310093186, 1293.9823570854396], [1563.0045823389303, 1319.8570670907625]], '#', 0.24870632000961823)]
[]
[([[281.29261210045945, 1069.096569406432], [610.1415372586566, 961.1731580657618], [687.7073878995405, 1284.903430593568], [357.8584627413434, 1393.8268419342382]], '북 ', 0.027866018777520696)]
[([[167, 305], [433, 305], [433, 357], [167, 357]], '벼 컵 입 표 법 법', 0.008233158250735426), ([[787, 309], [869, 309], [869, 353], [787, 353]], '탑 *', 0.016313308849930763), ([[897, 441], [965, 441], [965, 485], [897, 485]], '제독', 0.9748808367687309), ([[844, 528], [902, 528], [902, 560], [844, 560]], '좁다', 0.38891904142449835), ([[830, 560], [928, 560], [928, 592], [830, 592]], '좁더 세게', 0.39434284167269873), ([[826, 592], [932, 592], [932, 624], [826, 624]], '해주세헤에', 0.029897190937198143), ([[67, 1197], [199, 1197], [199, 1233], [67, 1233]], '달러들면 놓지', 0.6506517921818306), ([[86, 1166], [178, 1166], [178, 1198], [86, 1198]], '저논 한번', 0.8505610398449), ([[874, 1032], [1022, 1032], [1022, 1296], [874, 1296]], '벽', 0.0039000447356777462), ([[70, 1228], [194, 1228], [194, 1264], [70, 1264]], '안듣다구니이', 0.025019467731832598), ([[168, 1262], [390, 1262], [390, 1480], [168, 1480]], '#', 0.2103489631114721)]
[([[145, 141], [181, 141], [181, 181], [145, 181]], '맛', 0.3256988185165852), ([[108, 246], [156, 246], [156, 278], [108, 278]], '으웃', 0.7122629508118621), ([[116, 452], [218, 452], [218, 572], [116, 572]], '외', 0.026702207343337392), ([[109, 553], [201, 553], [201, 693], [109, 693]], '잡', 0.012887723352656089), ([[933, 521], [1047, 521], [1047, 673], [933, 673]], '틈', 0.05461292140898877), ([[97, 673], [185, 673], [185, 785], [97, 785]], '탑', 0.649986259370511), ([[864, 812], [1008, 812], [1008, 996], [864, 996]], '', 0.0), ([[806.575449552801, 1240.0534790522538], [933.1636978256327, 1180.123601728101], [1026.424550447199, 1410.9465209477462], [899.8363021743673, 1470.876398271899]], '동', 0.22383464215462912)]
[([[142, 200], [168, 200], [168, 228], [142, 228]], '바', 0.02048023527728393), ([[102, 232], [210, 232], [210, 264], [102, 264]], '시마카제씨', 0.9974334371050233), ([[87, 263], [225, 263], [225, 299], [87, 299]], '안녕하신가}이', 0.09336952087832825), ([[142, 808], [172, 808], [172, 840], [142, 840]], '뒷', 0.057999485682122875), ([[89, 837], [225, 837], [225, 873], [89, 873]], '나는 어린애가', 0.7113535514968002), ([[534, 845], [664, 845], [664, 881], [534, 881]], '고멩이한데는', 0.25364339688832344), ([[863, 853], [999, 853], [999, 889], [863, 889]], '제독의방에서', 0.9750042422066442), ([[122, 872], [188, 872], [188, 904], [122, 904]], '아니걸', 0.20106359568065704), ([[531, 877], [665, 877], [665, 913], [531, 913]], '비밀이에니)-', 0.11834926027413196), ([[871, 885], [995, 885], [995, 921], [871, 921]], '훨한거야-?', 0.6046691503175461), ([[749, 911], [811, 911], [811, 947], [749, 947]], '응-?', 0.9895280710037191)]
[([[861, 125], [949, 125], [949, 165], [861, 165]], '앗안돼', 0.3661275535642025), ([[382, 160], [446, 160], [446, 208], [382, 208]], '가', 0.9998176181035348), ([[863, 165], [945, 165], [945, 205], [863, 205]], '아타고', 0.9234929930858166), ([[389, 357], [449, 357], [449, 441], [389, 441]], '엇', 0.9610165055374296), ([[854, 868], [1049, 868], [1049, 1186], [854, 1186]], '쟁', 0.08098570416508721), ([[399.425944089434, 213.02062284313217], [463.94257241545523, 227.70945328942062], [430.574055910566, 367.9793771568678], [366.05742758454477, 352.2905467105794]], ';', 0.20870902903142508), ([[410.3822497293352, 935.1317233489447], [471.6608041725739, 890.0218569941342], [554.6177502706648, 1015.8682766510553], [493.3391958274261, 1060.9781430058658]], '톤', 0.24361060935804346)]
[([[111, 157], [223, 157], [223, 193], [111, 193]], '무슨일이야', 0.9951736193887314), ([[122, 192], [212, 192], [212, 224], [122, 224]], '시마카제', 0.9962796568870544), ([[839, 197], [941, 197], [941, 235], [839, 235]], '제-도욕', 0.7071373529262768), ([[82, 430], [173, 430], [173, 468], [82, 468]], '야 그거', 0.7514505982398987), ([[379, 439], [431, 439], [431, 475], [379, 475]], '우엇.', 0.13481082098984612), ([[95, 463], [163, 463], [163, 499], [95, 499]], '말이지', 0.9968764577145061), ([[388, 474], [434, 474], [434, 502], [388, 502]], '보고', 0.9999140374262734), ([[93, 495], [163, 495], [163, 531], [93, 531]], '새로운', 0.9925367239752786), ([[354, 501], [466, 501], [466, 539], [354, 539]], '있엿던건가', 0.12932713011963257), ([[883, 499], [977, 499], [977, 535], [883, 535]], '맨날 밤에', 0.9340049227582856), ([[84, 530], [172, 530], [172, 562], [84, 562]], '커맨드트', 0.26794907450675964), ([[896, 532], [962, 532], [962, 564], [896, 564]], '훨하고', 0.3909760324849945), ([[73, 559], [183, 559], [183, 595], [73, 595]], '시험해보고', 0.9982906975936713), ([[875, 562], [967, 562], [967, 598], [875, 598]], '있는거야', 0.5973953008651733), ([[83, 591], [173, 591], [173, 627], [83, 627]], '있어 음', 0.10316584150825588), ([[914, 596], [940, 596], [940, 624], [914, 624]], '12', 0.6072560406958134), ([[67, 863], [235, 863], [235, 902], [67, 902]], '새로운 커멘드!?', 0.6008153145279614), ([[74, 900], [230, 900], [230, 932], [74, 932]], '그거면 지금보다', 0.9991572114069214), ([[79, 929], [225, 929], [225, 965], [79, 965]], '빨라질수 있어?', 0.9703138188646518)]
[([[889, 137], [951, 137], [951, 173], [889, 173]], '뭐 음', 0.6667977571487427), ([[887, 169], [957, 169], [957, 205], [887, 205]], '경우에', 0.9930793011767615), ([[869, 201], [963, 201], [963, 237], [869, 237]], '따라서는.', 0.5162499047668172), ([[72, 288], [164, 288], [164, 320], [72, 320]], '아직 조금', 0.8590649315560664), ([[76, 320], [162, 320], [162, 352], [76, 352]], '이틀지도', 0.5448354482650757), ([[966, 276], [1016, 276], [1016, 406], [966, 406]], '숫', 0.08126157578618987), ([[815, 389], [967, 389], [967, 425], [815, 425]], '나한테도 해쥐-', 0.5702255471349691), ([[840, 424], [944, 424], [944, 456], [840, 456]], '좀더좁더', 0.2335018366575241), ([[827, 455], [959, 455], [959, 491], [827, 491]], '빨라지고 싶어', 0.9703972224505941), ([[412, 724], [458, 724], [458, 756], [412, 756]], '에?', 0.9977545649515787), ([[100, 738], [228, 738], [228, 770], [100, 770]], '그래도 그래도', 0.9583595094357954), ([[383, 754], [489, 754], [489, 790], [383, 790]], '이르다구? ', 0.39922758186622254), ([[113, 769], [213, 769], [213, 805], [113, 805]], '좀더빨라', 0.6459341049194336), ([[316, 776], [364, 776], [364, 806], [316, 806]], '아니', 0.9998282137675036), ([[105, 801], [215, 801], [215, 837], [105, 837]], '지고싶어', 0.9994089007377625), ([[316, 808], [364, 808], [364, 840], [316, 840]], '아니', 0.9997622157618383), ([[863, 793], [999, 793], [999, 835], [863, 835]], '시마카제라.', 0.903907660255431), ([[77, 1007], [187, 1007], [187, 1043], [77, 1043]], '야 알앉어', 0.3651838477998216), ([[99, 1037], [167, 1037], [167, 1073], [99, 1073]], '알앉어', 0.797385793408132), ([[408, 1132], [492, 1132], [492, 1164], [408, 1164]], '부-탁-', 0.4493323564529419), ([[418, 1164], [488, 1164], [488, 1194], [418, 1194]], '아야', 0.88350696021582), ([[82, 1172], [138, 1172], [138, 1228], [82, 1228]], '(0', 0.9998349569306058), ([[124, 1260], [208, 1260], [208, 1292], [124, 1292]], '해낫다', 0.4311116337776184)]
[([[469, 85], [537, 85], [537, 165], [469, 165]], '가', 0.14016359212077134), ([[484, 164], [514, 164], [514, 204], [484, 204]], '"', 0.04100921346534747), ([[921, 425], [991, 425], [991, 461], [921, 461]], '후 아', 0.2540276161716191), ([[390, 468], [446, 468], [446, 498], [390, 498]], '제독', 0.49306136685616125), ([[62, 512], [156, 512], [156, 544], [62, 544]], '자제대로', 0.9999664425849915), ([[86, 544], [134, 544], [134, 576], [86, 576]], '서화', 0.8544785722326714), ([[107, 729], [215, 729], [215, 954], [107, 954]], '눕', 0.024726044762118926), ([[114, 1122], [160, 1122], [160, 1152], [114, 1152]], '그건', 0.9996792775488362), ([[97, 1151], [165, 1151], [165, 1187], [97, 1187]], '그렇고', 0.9932979659987282)]
[([[853, 127], [945, 127], [945, 163], [853, 163]], '응? 뛰야', 0.7029431546356107), ([[854, 161], [944, 161], [944, 191], [854, 191]], '시마카제', 0.9849234223365784), ([[835, 191], [959, 191], [959, 227], [835, 227]], '가버린거야?', 0.6251607140053971), ([[400, 622], [444, 622], [444, 652], [400, 652]], '역시', 0.9990981765910788), ([[374, 652], [470, 652], [470, 682], [374, 682]], '시마카제는', 0.48296182770208296), ([[74, 708], [144, 708], [144, 740], [74, 740]], '아하.', 0.5339665289741083), ([[75, 739], [153, 739], [153, 775], [75, 775]], '빨라 ?', 0.5551961660385132), ([[372, 682], [468, 682], [468, 712], [372, 712]], '빠르구나 ^', 0.5872859113483819), ([[806, 487], [1002, 487], [1002, 882], [806, 882]], '색', 0.00870989290893931), ([[491, 815], [579, 815], [579, 851], [491, 851]], '작은데도', 0.997812032699585), ([[502, 850], [572, 850], [572, 882], [502, 882]], '얼마나', 0.9993339363876211), ([[482, 882], [592, 882], [592, 914], [482, 914]], '느끼는거야', 0.6097886712613712), ([[63, 943], [105, 943], [105, 989], [63, 989]], '(', 0.9997406174079515), ([[700, 890], [850, 890], [850, 1102], [700, 1102]], '=', 0.8789993474697475), ([[878, 917], [1042, 917], [1042, 1252], [878, 1252]], '#', 0.025763556916501784), ([[438, 1152], [534, 1152], [534, 1184], [438, 1184]], '좀더좁더', 0.2800596356391907), ([[454, 1182], [518, 1182], [518, 1212], [454, 1212]], '빠르게', 0.920250572021045), ([[47, 1199], [199, 1199], [199, 1235], [47, 1235]], '이건 . 즐길만한', 0.33226723528679397), ([[436, 1212], [538, 1212], [538, 1242], [436, 1242]], '해출테니까', 0.40976919382180055), ([[78, 1234], [166, 1234], [166, 1266], [78, 1266]], '상태로군', 0.9986118674278259), ([[384, 1256], [414, 1256], [414, 1294], [384, 1294]], '웃', 0.4361911077798517), ([[175, 1309], [237, 1309], [237, 1403], [175, 1403]], '%', 0.07520472637065811), ([[54.33156707956986, 877.0562457694622], [87.56568542494924, 868.0402020253554], [108.66843292043015, 943.9437542305378], [75.43431457505076, 952.9597979746446]], '응', 0.990904128697423), ([[44.352899891734076, 995.0526893395779], [78.26491106406735, 991.2052668077979], [86.64710010826592, 1063.947310660422], [52.73508893593265, 1067.794733192202]], '8', 0.45321607120291674)]
[([[566, 180], [598, 180], [598, 218], [566, 218]], '웃', 0.5010133688877296), ([[510, 218], [635, 218], [635, 261], [510, 261]], '시마카제.', 0.561642947983171), ([[497, 335], [581, 335], [581, 377], [497, 377]], '산다구', 0.43819097070959584), ([[267, 991], [499, 991], [499, 1253], [267, 1253]], '박신', 0.00278071861448018)]
[([[0, 662], [74, 662], [74, 766], [0, 766]], '박', 0.005793729859675578), ([[519.0061162653263, 702.0550463879374], [670.7073454949482, 733.7235698052423], [650.9938837346737, 809.9449536120626], [500.29265450505176, 778.2764301947577]], '시과', 0.013579423921397764), ([[308.3760064094642, 887.0177128065703], [484.8150760968414, 1003.9914858677295], [429.6239935905358, 1084.9822871934298], [253.18492390315862, 969.0085141322705]], '55~', 0.21078907025895294)]
[([[1638, 182], [1670, 182], [1670, 218], [1638, 218]], '웃', 0.4567962301887327), ([[1581, 219], [1697, 219], [1697, 259], [1581, 259]], '시마카제', 0.9945029616355896), ([[1929, 163], [2069, 163], [2069, 351], [1929, 351]], '월', 0.03433850056137744), ([[1569, 335], [1653, 335], [1653, 377], [1569, 377]], '센다구', 0.5167183442871534), ([[0, 666], [70, 666], [70, 760], [0, 760]], '0', 0.0042042415580942905), ([[1341, 989], [1569, 989], [1569, 1243], [1341, 1243]], '고', 0.24784046897644263), ([[514.0274673730843, 701.0526998323749], [668.7213914631817, 733.7779894361321], [648.9725326269157, 810.9473001676251], [494.27860853681824, 778.2220105638679]], '사과', 0.07089606663066611), ([[304.37952054822773, 886.0175137036312], [484.8377025305267, 1002.1173943961057], [430.62047945177227, 1084.9824862963687], [250.16229746947326, 968.8826056038943]], '55^', 0.11693452113358793)]
[([[170, 778], [873, 778], [873, 832], [170, 832]], '머리말에 섞다 시작 30분만에 시마카제름 얻은-친구가,', 0.10013664546712811), ([[168, 815], [698, 815], [698, 867], [168, 867]], '그다음날 유키카제, 2번째의 시마카제틀', 0.546255290328481), ([[167, 850], [551, 850], [551, 939], [167, 939]], '연속스물넘건저임없어금뉘다', 0.0005501581855208313), ([[202, 889], [864, 889], [864, 941], [202, 941]], '{직후; 3번째의 지마카제가 2-4에서 드랍빵다더군요', 0.14757884687795958), ([[198, 966], [778, 966], [778, 1018], [198, 1018]], '잠시동안 입종 열지 말아줄래 라고 생각햇조;', 0.394508034832134), ([[170, 1038], [988, 1038], [988, 1090], [170, 1090]], '그런이유로 통수 있는한 무욕으로 시마카제 노리기름 계속하고', 0.1474198294636506), ([[170, 1077], [810, 1077], [810, 1128], [170, 1128]], '타찰다&렌류 오오잇치8키타카미씨의 백합커플올', 0.49744785699630706), ([[170, 1114], [506, 1114], [506, 1164], [170, 1164]], '슬쩍 지지하고있습니다 ?', 0.6277711785980472), ([[170, 1188], [559, 1188], [559, 1239], [170, 1239]], '그럼 다음에 또는기로하조-!', 0.18118133271847292), ([[508, 1464], [538, 1464], [538, 1488], [508, 1488]], '21', 0.942573750644873)]
[([[563, 69], [1175, 69], [1175, 155], [563, 155]], "6~+아,'$ 291} @커기;.-+", 0.00012253356134614313), ([[81, 117], [189, 117], [189, 203], [81, 203]], '후기', 0.9931769410200292), ([[163, 319], [305, 319], [305, 379], [163, 379]], '29번째', 0.9919284582138062), ([[325, 319], [635, 319], [635, 381], [325, 381]], '번역작품입니다', 0.9396029313562251), ([[167, 377], [389, 377], [389, 439], [167, 439]], '현자타임온', 0.9610760043511736), ([[409, 379], [545, 379], [545, 439], [409, 439]], '와중에', 0.9355556515815812), ([[563, 377], [653, 377], [653, 439], [563, 439]], '대충', 0.9859157654635158), ([[671, 379], [889, 379], [889, 439], [671, 439]], '끄적거리며', 0.34101523035235237), ([[907, 379], [1007, 379], [1007, 439], [907, 439]], '작업', 0.9997504154866149), ([[168, 492], [351, 492], [351, 557], [168, 557]], '게임상의', 0.9903315305709839), ([[372, 498], [560, 498], [560, 550], [372, 550]], '시마카제', 0.9985963702201843), ([[580, 498], [728, 498], [728, 550], [580, 550]], '대사가', 0.9999942186589443), ([[747, 497], [787, 497], [787, 551], [747, 551]], '좀', 0.9997562318604061), ([[810, 496], [978, 496], [978, 552], [810, 552]], '보이는데', 0.4507012603985634), ([[167, 553], [263, 553], [263, 613], [167, 613]], '역시', 0.9998710330794603), ([[282, 556], [418, 556], [418, 612], [282, 612]], '이런거', 0.999692562754873), ([[438, 556], [520, 556], [520, 612], [438, 612]], '보는', 0.9844001581318222), ([[537, 555], [715, 555], [715, 615], [537, 615]], '재미인듯', 0.9345460534095764), ([[166, 667], [307, 667], [307, 733], [166, 733]], '섬청년', 0.5240287580319929), ([[325, 669], [527, 669], [527, 731], [325, 731]], '그냥   좀만', 0.5646967510662989), ([[545, 669], [645, 669], [645, 729], [545, 729]], '하면', 0.9985002389807748), ([[163, 725], [545, 725], [545, 793], [163, 793]], '허벌나게 대주논데.', 0.7914107947762812), ([[167, 784], [419, 784], [419, 847], [167, 847]], '괜히 초반에', 0.6687974226436406), ([[437, 787], [537, 787], [537, 847], [437, 847]], '섬쟁', 0.9253109515620279), ([[553, 787], [731, 787], [731, 849], [553, 849]], '얻계다고', 0.6444501876831055), ([[169, 845], [255, 845], [255, 905], [169, 905]], '건조', 0.999935768807073), ([[273, 845], [389, 845], [389, 905], [273, 905]], '동고쇼', 0.7950158290616128), ([[407, 845], [589, 845], [589, 907], [407, 907]], '하지말고', 0.9995132088661194), ([[167, 903], [283, 903], [283, 965], [167, 965]], '전함 .', 0.9507923056185307), ([[305, 905], [513, 905], [513, 965], [305, 965]], '공모레시피', 0.5659594903722014), ([[533, 905], [665, 905], [665, 969], [533, 969]], '둘려서', 0.47260999666107345), ([[166, 964], [302, 964], [302, 1014], [166, 1014]], '바르게', 0.807864367612837), ([[319, 961], [533, 961], [533, 1023], [319, 1023]], '해억품논게', 0.10875297566015779), ([[553, 961], [735, 961], [735, 1023], [553, 1023]], '낫습니다', 0.98960942029953), ([[165, 1079], [299, 1079], [299, 1139], [165, 1139]], '제독이', 0.8595228910692405), ([[318, 1075], [727, 1075], [727, 1142], [318, 1142]], '되실분은   참고하시길', 0.935216743002316)]
