656281
42
[([[6, 468], [140, 468], [140, 522], [6, 522]], '벤비터', 0.00853285097238735), ([[179, 470], [323, 470], [323, 520], [179, 520]], "'운일무리", 0.505645984566668), ([[655, 621], [691, 621], [691, 671], [655, 671]], '}', 0.10772272107644998), ([[568, 670], [795, 670], [795, 714], [568, 714]], '앞게임   시리즈', 0.6263321159271629), ([[250, 709], [1116, 709], [1116, 762], [250, 762]], '룹{오요시기감감감[* . .+| @ 흔.*_;4도+ [화명?]=4525', 2.8585849923629043e-07), ([[6, 720], [235, 720], [235, 799], [6, 799]], '(로발리', 0.04032213465796243), ([[251, 753], [585, 753], [585, 795], [251, 795]], '일레스트미 20247220', 0.36280147898847886), ([[605, 753], [1117, 753], [1117, 798], [605, 798]], '20312190120525461,23901885', 0.39799475413650837), ([[-6.946353169977331, 548.6482821470204], [167.64948213618084, 504.55203559809524], [181.94635316997733, 568.3517178529796], [6.35051786381916, 612.4479644019048]], '@@딱기@|(', 0.0002857057713426266), ([[169.2802656784306, 566.3885579247043], [193.66843292043015, 547.0562457694622], [230.7197343215694, 594.6114420752957], [207.33156707956985, 613.9437542305378]], '[', 0.5052305279204781)]
[([[67, 92], [125, 92], [125, 122], [67, 122]], '우와 ,', 0.8538694666824905), ([[500, 106], [562, 106], [562, 132], [500, 132]], '3번이', 0.8769841188592832), ([[52, 120], [118, 120], [118, 146], [52, 146]], '나야 ~', 0.7950392365455627), ([[478, 132], [588, 132], [588, 162], [478, 162]], '양적꾸지루', 0.1581191546918064), ([[484, 158], [574, 158], [574, 186], [484, 186]], '보여춘다', 0.5084936758947671), ([[0, 290], [80, 290], [80, 314], [0, 314]], '젖꼭지?', 0.41196632385253906), ([[8, 316], [70, 316], [70, 342], [8, 342]], '양쪽?', 0.9982225298881531), ([[13, 529], [47, 529], [47, 545], [13, 545]], '상세', 0.994307935562893), ([[7, 551], [55, 551], [55, 567], [7, 567]], '아네~', 0.7382276925309939)]
[]
[([[655, 619], [693, 619], [693, 673], [655, 673]], '국', 0.9634265526989481)]
[([[82, 50], [136, 50], [136, 76], [82, 76]], '응~?', 0.5164863894149077), ([[56, 76], [90, 76], [90, 100], [56, 100]], '아 ,', 0.9931239275300977), ([[96, 74], [132, 74], [132, 98], [96, 98]], '나?', 0.8928737588892326), ([[502, 90], [558, 90], [558, 114], [502, 114]], '4번이', 0.6470190037505458), ([[502, 114], [558, 114], [558, 138], [502, 138]], '1 번의', 0.7726249694824219), ([[40, 146], [118, 146], [118, 170], [40, 170]], '하라고기', 0.9977986216545105), ([[490, 138], [570, 138], [570, 164], [490, 164]], '폐니스홀', 0.4786992073059082), ([[476, 162], [586, 162], [586, 188], [476, 188]], '뿌리   골까지', 0.49244359358955986), ([[484, 186], [570, 186], [570, 212], [484, 212]], '머금분다 ', 0.18759085158857133), ([[69, 241], [89, 241], [89, 263], [69, 263]], '응', 0.9995744681152843), ([[66, 264], [90, 264], [90, 288], [66, 288]], '응', 0.9937110193836283), ([[32, 286], [98, 286], [98, 312], [32, 312]], '1 번은?', 0.9244024757275696), ([[5, 391], [35, 391], [35, 409], [5, 409]], '아 -', 0.6442156094943385), ([[0, 410], [62, 410], [62, 436], [0, 436]], '아걸어', 0.22938361537408464), ([[86, 496], [118, 496], [118, 520], [86, 520]], "'대", 0.3890173610141365), ([[111.98198161801106, 490.78017977981216], [186.4901487993478, 475.3269312754382], [192.01801838198892, 506.21982022018784], [117.50985120065222, 521.6730687245617]], '~웨업', 0.007341334588335687), ([[77.78119921509908, 527.6717988226486], [196.5976550139863, 511.25160690909075], [201.2188007849009, 549.3282011773514], [82.40234498601369, 566.7483930909092]], '\'대"웃음\'', 0.12022376233755877)]
[([[20, 17], [126, 17], [126, 45], [20, 45]], '이곡 누가', 0.9706782804846817), ([[21, 39], [138, 39], [138, 71], [21, 71]], '예약해어~?', 0.5930855634559487), ([[30, 114], [58, 114], [58, 138], [30, 138]], '야', 0.9918813458211027), ([[70.17086771745092, 130.6221280326862], [131.51090884192064, 121.3582519110519], [134.82913228254907, 148.3778719673138], [74.48909115807936, 158.6417480889481]], '나~', 0.997874943488052), ([[17.41000317999046, 142.45600508798475], [69.47868202842264, 136.30998952607547], [71.58999682000955, 163.54399491201525], [20.521317971577357, 169.69001047392453]], '나야', 0.990508038561536), ([[34.42229123600033, 239.21114561800016], [179.69230769230768, 214.46153846153845], [185.57770876399965, 247.78885438199984], [40.30769230769231, 272.53846153846155]], '들어가려나 `', 0.1872938861122217)]
[([[584, 48], [698, 48], [698, 76], [584, 76]], '지금 여름이야 ~', 0.40400992613630504), ([[619, 69], [669, 69], [669, 89], [619, 89]], '(웃음)', 0.9794062376022339), ([[468.00992561958003, 14.800992561958003], [573.8489611845781, -5.7624582204445804], [577.99007438042, 14.199007438041997], [473.1510388154219, 35.76245822044458]], '드라마력하개', 0.28397912834755334), ([[535.5134117075056, 21.662070536755103], [592.6998053834247, 10.94612066227665], [596.4865882924944, 33.3379294632449], [539.3001946165753, 44.05387933772335]], '사합해', 0.455424562160067), ([[616.286093236459, 273.51443729458356], [688.9311739665052, 248.2781956025309], [699.713906763541, 280.48556270541644], [627.0688260334948, 305.7218043974691]], '갈까?', 0.961633689413917), ([[568.1715728752538, 288.1715728752538], [628.766285996504, 270.1107679592069], [638.8284271247462, 303.8284271247462], [578.233714003496, 322.8892320407931]], '두어', 0.4385916806066797)]
[]
[([[551, 605], [587, 605], [587, 659], [551, 659]], '국', 0.19284403727174126)]
[([[136, 4], [172, 4], [172, 28], [136, 28]], '응?', 0.9899978416038754), ([[96, 28], [184, 28], [184, 52], [96, 52]], '또 나~?', 0.7923643766141795), ([[26, 54], [100, 54], [100, 80], [26, 80]], '부출 곡', 0.8547534942626953), ([[32, 78], [96, 78], [96, 102], [32, 102]], '예약해', 0.9993633911369724), ([[22, 102], [86, 102], [86, 128], [22, 128]], '놔는데', 0.7178135514259338), ([[502, 96], [562, 96], [562, 122], [502, 122]], '왕이', 0.9760021759701802), ([[492, 122], [568, 122], [568, 146], [492, 146]], '나번에계', 0.7554199695587158), ([[490, 146], [570, 146], [570, 170], [490, 170]], '기승위로', 0.8102660179138184), ([[492, 170], [572, 170], [572, 194], [492, 194]], '질내사정', 0.8376206159591675), ([[502, 190], [551, 190], [551, 219], [502, 219]], '한다', 0.9988192495803871), ([[52, 228], [128, 228], [128, 252], [52, 252]], '하라고?', 0.9999748468399048), ([[55, 253], [75, 253], [75, 277], [55, 277]], '응', 0.9986057376432314), ([[103, 253], [123, 253], [123, 277], [103, 277]], '응', 0.9011534984343008), ([[52, 278], [86, 278], [86, 302], [52, 302]], '응 ~', 0.604665994644165), ([[3, 363], [21, 363], [21, 387], [3, 387]], '음', 0.9879445597958671), ([[6, 386], [30, 386], [30, 412], [6, 412]], '그', 0.9999958276792178), ([[2, 410], [26, 410], [26, 436], [2, 436]], '한', 0.9972211261099558), ([[6, 434], [50, 434], [50, 460], [6, 460]], '하계', 0.439439871152424), ([[22.272393124891, 388.089572499564], [46.70011885742597, 383.08283809405845], [56.727606875109, 433.910427500436], [33.29988114257403, 438.91716190594155]], '팬', 0.06531413316495005), ([[3.907464438906156, 449.10030797009324], [53.41917933056764, 455.94157000253995], [46.09253556109385, 514.8996920299068], [-4.419179330567637, 509.05842999746005]], '다시', 0.08743594083900927)]
[([[481, 29], [527, 29], [527, 65], [481, 65]], '아', 0.40375997086673365), ([[662, 20], [704, 20], [704, 52], [662, 52]], ')', 0.8472824665691157), ([[467, 79], [513, 79], [513, 119], [467, 119]], '나', 0.9901571490514129), ([[730, 144], [762, 144], [762, 176], [730, 176]], '설', 0.0069668419492235345), ([[685, 165], [723, 165], [723, 205], [685, 205]], '7', 0.3091382471735784), ([[79, 943], [135, 943], [135, 981], [79, 981]], '나 ,', 0.3872877359390259), ([[119, 971], [161, 971], [161, 1007], [119, 1007]], '량', 0.8707902684584248), ([[500.5278640450004, 65.76393202250021], [583.3081081854342, 32.25081072317454], [599.4721359549995, 75.23606797749979], [516.6918918145658, 107.74918927682546]], "'대신", 0.3874021458601787), ([[670.127036057031, 48.063845187810884], [714.5797981043564, 30.028079525128895], [749.872963942969, 127.93615481218912], [705.4202018956436, 144.9719204748711]], '축', 0.8441943095767925), ([[467.1588936020131, 124.39067232241574], [604.6327646357977, 73.18719370682139], [619.8411063979869, 121.60932767758426], [482.3672353642023, 173.81280629317862]], '불리쥐 ~', 0.5043931720768651), ([[58.12652114433654, 738.137956343301], [102.56904865955777, 713.443031814054], [115.87347885566345, 736.862043656699], [72.43095134044223, 762.556968185946]], "'뭐야", 0.41640051035896447), ([[71.0, 758.0], [114.7609027143828, 735.5711686698169], [126.0, 758.0], [82.2390972856172, 780.4288313301831]], "'이거", 0.6675917054018259), ([[84.01488842937003, 779.701488842937], [127.56904865955777, 754.443031814054], [140.98511157062995, 779.298511157063], [97.43095134044223, 803.556968185946]], '"기엇', 0.3625015892215615), ([[49.01985123916004, 1013.601985123916], [117.4413525679174, 979.8314360288732], [133.98014876083997, 1013.398014876084], [65.5586474320826, 1047.1685639711268]], '사~', 0.607934910619988), ([[-1.0621482216552185, 1083.114118180386], [158.93159169411211, 1006.9108922403404], [172.0621482216552, 1046.885881819614], [11.068408305887887, 1123.0891077596596]], '그~대로 ~', 0.9671561753435812)]
[]
[([[37, 93], [113, 93], [113, 135], [37, 135]], "'싸어", 0.1828421247580722), ([[69, 145], [85, 145], [85, 169], [69, 169]], '7', 0.7468049581696192), ([[1043, 133], [1085, 133], [1085, 169], [1043, 169]], '야', 0.8537392563233794)]
[([[366.184182983552, 742.0840783210496], [397.4403023762061, 738.2683074798297], [404.815817016448, 797.9159216789504], [372.5596976237939, 802.7316925201703]], '국', 0.37208838271625666)]
[([[79, 39], [145, 39], [145, 75], [79, 75]], '자위', 0.9998490333265065), ([[93, 77], [135, 77], [135, 113], [93, 113]], '12', 0.47664475572670123), ([[498, 88], [568, 88], [568, 118], [498, 118]], '3번이', 0.7172812719053532), ([[13, 131], [47, 131], [47, 147], [13, 147]], '으', 0.9855183393102038), ([[47, 127], [65, 127], [65, 151], [47, 151]], '음', 0.9927456101444001), ([[508, 120], [560, 120], [560, 148], [508, 148]], '크리', 0.9866096359771176), ([[10, 150], [70, 150], [70, 174], [10, 174]], '괜찮긴', 0.35939037416057285), ([[484, 148], [584, 148], [584, 178], [484, 178]], '토리스로', 0.9819180965423584), ([[8, 172], [70, 172], [70, 196], [8, 196]], '하지만', 0.9997782474836638), ([[502, 180], [556, 180], [556, 210], [502, 210]], '자위', 0.5959690450310464), ([[97, 235], [119, 235], [119, 255], [97, 255]], '때', 0.883814485117572), ([[70, 256], [122, 256], [122, 280], [70, 280]], '까지?', 0.9760191440582275), ([[66, 302], [126, 302], [126, 326], [66, 326]], '가능하', 0.9999759111084772), ([[70, 324], [124, 324], [124, 348], [70, 348]], '다면?', 0.9608120108509323), ([[0, 394], [56, 394], [56, 418], [0, 418]], '어휴 ~', 0.6020004058932807), ([[8, 418], [52, 418], [52, 442], [8, 442]], '뭐야', 0.8006840754452442), ([[9, 443], [49, 443], [49, 463], [9, 463]], '이게', 0.9852174219727214), ([[0, 462], [60, 462], [60, 488], [0, 488]], '(웃음)', 0.7850021183992295)]
[([[662, 108], [714, 108], [714, 138], [662, 138]], '그럼', 0.9980785605329899), ([[646, 136], [698, 136], [698, 162], [646, 162]], '시작', 0.9999011249251576), ([[628, 162], [700, 162], [700, 188], [628, 188]], '하게요', 0.45830546844418346)]
[]
[]
[]
[([[662, 96], [718, 96], [718, 128], [662, 128]], '싫다', 0.9217775269835455), ([[648, 128], [728, 128], [728, 158], [648, 158]], '정말 ~', 0.839805304090645), ([[27.026823415011336, 160.3241410735102], [131.1554321746262, 122.54169818953538], [141.97317658498866, 156.6758589264898], [38.84456782537377, 194.4583018104646]], '셈스하는', 0.3057939410209656), ([[40.67504722512361, 190.74506611517307], [144.10224801484478, 149.4749144065217], [155.32495277487638, 183.25493388482693], [51.897751985155224, 224.5250855934783]], '것보다도', 0.9907346367835999), ([[64.72307231792384, 215.7061506225467], [146.82842712474618, 180.17157287525382], [160.27692768207615, 213.2938493774533], [78.17157287525382, 248.82842712474618]], '부끄럽', 0.8740178492011642), ([[79.65739357167091, 246.12591485733674], [149.023713299654, 212.78537035132203], [162.34260642832908, 241.87408514266326], [91.976286700346, 275.21462964867794]], '잡아 ~', 0.9699829700986252)]
[([[654, 64], [734, 64], [734, 94], [654, 94]], '그리고', 0.7640462362178545), ([[654, 96], [736, 96], [736, 124], [654, 124]], '어째서', 0.9765400302830843), ([[618, 126], [772, 126], [772, 158], [618, 158]], '여자애들까지', 0.9445382775373425), ([[624, 158], [770, 158], [770, 188], [624, 188]], '보고 있어1?', 0.41186713954909715), ([[18, 642], [100, 642], [100, 696], [18, 696]], '용미', 0.18310567948276624), ([[96.28026567843061, 139.3885579247043], [155.19216547572384, 132.58958933465752], [157.7197343215694, 167.6114420752957], [99.80783452427616, 174.41041066534248]], '보고', 0.9999996628252286), ([[34.28026567843061, 151.3885579247043], [95.17743133190878, 143.5701995697168], [98.71973432156939, 179.6114420752957], [37.822568668091215, 187.4298004302832]], "'저쪽", 0.7973784488112199), ([[58.43926240134208, 180.9271148816105], [145.47012171472588, 167.01046355022382], [149.5607375986579, 199.0728851183895], [63.52987828527412, 213.98953644977618]], '노래냐', 0.6858890451210244), ([[60.057428275285474, 209.50337089551385], [156.56099265190934, 198.17809678274406], [158.94257172471453, 234.49662910448615], [63.43900734809065, 245.82190321725594]], '불러~', 0.9230555614352691), ([[7.316718427000252, 693.6334368540005], [153.17679616186712, 667.966720998906], [159.68328157299976, 724.3665631459995], [14.823203838132883, 749.033279001094]], '엔눈전 (', 0.0965604347979077)]
[]
[]
[([[37, 45], [79, 45], [79, 83], [37, 83]], "'", 0.5768609337429211), ([[19.710199258822957, 91.29141844352822], [117.28169350660572, 46.052212860214624], [128.28980074117703, 75.70858155647178], [30.718306493394277, 119.94778713978538]], "'", 0.6062955219042578), ([[12.570028297149824, 158.9420169782899], [94.09582919681328, 134.46704883897095], [104.42997170285018, 169.0579830217101], [21.904170803186716, 193.53295116102905]], '477', 0.20498112272145175)]
[([[21, 29], [106, 29], [106, 72], [21, 72]], '마련?', 0.24920565891775412), ([[189, 17], [231, 17], [231, 75], [189, 75]], "'4", 0.021932981500919914), ([[138, 202], [168, 202], [168, 230], [138, 230]], '다', 0.9999923706200207), ([[46, 230], [76, 230], [76, 260], [46, 260]], '두', 0.999822505244655), ([[83.93098527849408, 47.44816761268697], [198.48080268844524, 34.78135012513876], [201.0690147215059, 78.55183238731303], [86.51919731155475, 90.21864987486124]], '해세{ ?<', 0.13528403116050655), ([[3.971919493746425, 71.55226313936892], [91.38195561212389, 57.864028034448076], [96.02808050625357, 95.44773686063108], [8.618044387876115, 110.13597196555193]], '어떤', 0.1337101083819457), ([[74.97191949374643, 217.55226313936893], [135.0728851183895, 206.4392624013421], [140.0280805062536, 241.44773686063107], [80.92711488161049, 251.5607375986579]], '사람', 0.9955820808620236), ([[97.16869485911539, 247.8506084577346], [179.11885963377847, 221.49546120317788], [188.8313051408846, 253.1493915422654], [106.88114036622152, 279.5045387968221]], '눈빛이', 0.9997399817321961), ([[43.33589941132431, 260.5038491169865], [98.26706724836946, 249.03520838474648], [103.6641005886757, 280.4961508830135], [48.73293275163055, 291.96479161525355]], '웬지', 0.8443133221724234), ([[49.42229123600033, 288.21114561800016], [191.56649402974747, 253.18888975051885], [199.57770876399965, 286.78885438199984], [56.433505970252526, 321.81111024948115]], '무서운데~?', 0.9969149512338089)]
[([[16, 44], [108, 44], [108, 98], [16, 98]], '손음', 0.6869243861000799), ([[0, 91], [199, 91], [199, 141], [0, 141]], '많.다 ~면', 0.10760467832821821), ([[28, 184], [192, 184], [192, 232], [28, 232]], '야보하@', 0.10679398477077484)]
[([[0, 0], [109, 0], [109, 138], [0, 138]], '2', 0.01585105022015032), ([[88, 46], [118, 46], [118, 72], [88, 72]], '0', 0.5515722739621651), ([[49, 83], [210, 83], [210, 170], [49, 170]], '04309', 0.24443424727909266), ([[178, 212], [202, 212], [202, 236], [178, 236]], '서', 0.9963456460585327), ([[158, 240], [206, 240], [206, 270], [158, 270]], '있어', 0.25211399123195977), ([[146, 288], [178, 288], [178, 318], [146, 318]], '년', 0.0550712739655177), ([[-10.081076444648584, 196.21894071015166], [123.5973953433396, 175.4977247061508], [132.08107644464857, 262.7810592898484], [-2.597395343339599, 283.5022752938492]], '[#?', 0.007670901529342791), ([[26.36836596710399, 273.1681566420992], [160.7422840299793, 262.69400347665186], [162.63163403289602, 336.8318433579008], [28.2577159700207, 347.30599652334814]], '야제', 0.002461187114899253)]
[([[4, 240], [56, 240], [56, 314], [4, 314]], '>', 0.2392399259736857), ([[126, 246], [180, 246], [180, 304], [126, 304]], "49'", 0.08707451075315475), ([[172, 264], [196, 264], [196, 292], [172, 292]], '"', 0.9884153708857326), ([[-17.315653204104144, 285.1798194937335], [139.2035675852013, 246.1554086729583], [163.31565320410414, 378.8201805062665], [5.7964324147986765, 417.8445913270417]], '마동 ', 0.0012983672026408537)]
[([[0, 9], [221, 9], [221, 102], [0, 102]], '` ', 0.018267445621588153), ([[31, 101], [171, 101], [171, 169], [31, 169]], '뀌기다?', 0.008453693240880966), ([[0, 151], [145, 151], [145, 259], [0, 259]], '더릿 ;', 0.03630032762885094)]
[([[608, 204], [663, 204], [663, 235], [608, 235]], '(하아', 0.9689345370799689), ([[80, 234], [156, 234], [156, 264], [80, 264]], '어쩐제', 0.6430651528746129), ([[46, 262], [178, 262], [178, 290], [46, 290]], '대많없에6 6 @', 0.027217016487649903), ([[103.43431457505076, 132.04020202535534], [165.87153481168286, 179.99440654242002], [144.56568542494924, 209.95979797464466], [81.12846518831712, 162.00559345757998]], "'", 0.6236035461099618), ([[54.34240405077857, 153.05442430467141], [125.99878123092844, 185.90126466096473], [109.65759594922143, 220.94557569532859], [37.001218769071556, 188.09873533903527]], "'", 0.6236035461099618), ([[35.05131670194949, 230.15395010584845], [88.85664594959593, 238.08371733692206], [83.94868329805051, 265.8460498941515], [30.143354050404074, 256.91628266307794]], '에@(', 0.16860793503255544)]
[]
[([[650, 158], [700, 158], [700, 188], [650, 188]], '어휴', 0.891051023139161), ([[650, 188], [698, 188], [698, 212], [650, 212]], '노래', 0.9999769036051378), ([[622, 214], [728, 214], [728, 244], [622, 244]], '안 부르네', 0.8929136749728767)]
[]
[]
[]
[]
[]
[([[187, 269], [219, 269], [219, 285], [187, 285]], '하아', 0.9886371607916121)]
[]
[([[90, 22], [142, 22], [142, 80], [90, 80]], '(약', 0.750298236909602), ([[18, 68], [136, 68], [136, 142], [18, 142]], '(뺨@', 0.05564557501934498), ([[689, 83], [759, 83], [759, 119], [689, 119]], '네 ~', 0.6509888172149658), ([[671, 123], [777, 123], [777, 163], [671, 163]], '종료 ~', 0.871074861543058), ([[655, 165], [795, 165], [795, 205], [655, 205]], '종~료~', 0.9230038557545227), ([[15, 263], [91, 263], [91, 303], [15, 303]], '뭐야', 0.9483936255603692), ([[31, 305], [71, 305], [71, 343], [31, 343]], '그', 0.9999969005608733), ([[0, 344], [105, 344], [105, 392], [0, 392]], '박수 ~', 0.8521119827173806), ([[19.065270019460822, 2.0547951654169907], [113.81471428720764, 39.288205441849755], [87.93472998053917, 102.94520483458301], [-6.814714287207639, 65.71179455815025]], '/ 외', 0.0889594918251316), ([[58.80223097682098, 116.30780841887342], [176.3148177390106, 98.08847509188064], [183.19776902317903, 166.6921915811266], [64.6851822609894, 184.91152490811936]], '1약1우', 0.022053856402635574)]
[([[1031, 657], [1069, 657], [1069, 711], [1031, 711]], '국', 0.9154227532074835)]
[([[251, 305], [423, 305], [423, 349], [251, 349]], '벤식 후기', 0.5609965058172078), ([[248, 346], [643, 346], [643, 390], [248, 390]], '피시브에서 1/-4525이신', 0.28440381494516026), ([[691, 349], [793, 349], [793, 391], [691, 391]], '(넘이', 0.5601158738136292), ([[805, 351], [879, 351], [879, 389], [805, 389]], '그런', 0.8861449957615875), ([[249, 389], [355, 389], [355, 431], [249, 431]], '일런의', 0.9286173101900095), ([[367, 389], [509, 389], [509, 431], [367, 431]], '일러스트', 0.9913644194602966), ([[523, 389], [665, 389], [665, 431], [523, 431]], '시리즈률', 0.7144445180892944), ([[678, 386], [952, 386], [952, 434], [678, 434]], '번역해   보습니다 ,', 0.3056694383669793), ([[251, 473], [649, 473], [649, 517], [251, 517]], '질 왼쪽의 가장 청순하게', 0.8241623780586504), ([[660, 471], [858, 471], [858, 519], [660, 519]], '생긴   언니가', 0.6576635828924255), ([[0, 502], [248, 502], [248, 602], [0, 602]], '@오때@)"&', 0.0026544533988329187), ([[250, 513], [355, 513], [355, 557], [250, 557]], '나오지', 0.999649204592322), ([[368, 512], [822, 512], [822, 560], [368, 560]], '앉아서 조금 아쉬워습니다만', 0.5791636794880157), ([[249, 557], [425, 557], [425, 599], [249, 599]], '그것마저도', 0.9984020348282118), ([[436, 553], [922, 553], [922, 602], [436, 602]], '작가가 아쉬움올 느끼계하려고', 0.8875005300987182), ([[249, 599], [981, 599], [981, 643], [249, 643]], '의도적   장치률 한 건 아년가 생각해   보습니다', 0.1680817978821167), ([[1031, 655], [1069, 655], [1069, 711], [1031, 711]], '국', 0.1927836829282379), ([[10, 724], [250, 724], [250, 798], [10, 798]], '@로_보렉', 0.02263218865390205)]
