656962
17
[([[334, 1572], [564, 1572], [564, 1650], [334, 1650]], '절*-54)_', 0.00018613666854551766), ([[1201, 1644], [1324, 1644], [1324, 1692], [1201, 1692]], '도구,다도', 0.013598502958435092), ([[246, 1701], [542, 1701], [542, 1778], [246, 1778]], '(예야존교', 0.0031151468947696677), ([[286, 1788], [404, 1788], [404, 1838], [286, 1838]], '시물-', 0.0006548621828605535), ([[229.9613785480575, 1419.2339277566473], [553.784588763748, 1316.483344403286], [569.0386214519425, 1393.7660722433527], [245.21541123625192, 1495.516655596714]], '~>)오또굽-((', 6.21436076675058e-05), ([[241.41440553737806, 1480.1819438107257], [514.0429142201466, 1389.466844508382], [527.585594462622, 1450.8180561892743], [253.9570857798534, 1541.533155491618]], '(틱.|올47', 7.61112562838979e-05), ([[1326.1210468075817, 1646.0778621224576], [1423.9372031595835, 1670.2100474944666], [1411.8789531924183, 1711.9221378775424], [1314.0627968404165, 1687.7899525055334]], "':77", 0.013358171097934246), ([[1128.9719194937463, 1670.552263139369], [1200.0555425021842, 1655.4185934033271], [1207.0280805062537, 1694.447736860631], [1135.9444574978158, 1709.5814065966729]], '7거', 0.0329416268447147), ([[1156.2869763201895, 1720.0212021791822], [1297.898114367217, 1826.4395915583978], [1232.7130236798105, 1911.9787978208178], [1091.101885632783, 1805.5604084416022]], '로망', 0.021607660148747165), ([[294.0557630317494, 1823.0899677650968], [400.8227676205407, 1837.6805635755125], [392.9442369682506, 1884.9100322349032], [285.1772323794593, 1869.3194364244875]], "'너거", 0.035935346506328146)]
[]
[]
[]
[]
[]
[]
[]
[]
[([[481, 481], [571, 481], [571, 605], [481, 605]], '(', 0.13495645394972744)]
[]
[([[272, 302], [426, 302], [426, 356], [272, 356]], '디스?', 0.9992441276478936), ([[111, 397], [589, 397], [589, 460], [111, 460]], '미안! 나 거기 못갈거같아]', 0.60964942795975), ([[192, 500], [508, 500], [508, 556], [192, 556]], '나 남치당햇거든', 0.451644070235152), ([[136, 600], [560, 600], [560, 656], [136, 656]], '그래! 그들이 내일 나흘', 0.5355089524562275), ([[238, 650], [462, 650], [462, 706], [238, 706]], '강갈활거래!', 0.7576945054642104), ([[66, 750], [634, 750], [634, 806], [66, 806]], '그들 모두 나랑 할 생각인가화!', 0.46297989157820457), ([[182, 848], [516, 848], [516, 904], [182, 904]], '"나 존나 심각해!', 0.48928953893054167)]
[([[1073, 205], [1469, 205], [1469, 265], [1073, 265]], '그들이 나름 묶없어 _', 0.3604094748349103), ([[1124, 306], [1416, 306], [1416, 362], [1124, 362]], '오 내게 원가을', 0.39920887688402185), ([[87, 335], [367, 335], [367, 395], [87, 395]], '오, 시작벗다  ', 0.2481185004500787), ([[1127, 355], [1413, 355], [1413, 411], [1127, 411]], '주사하고있어  ', 0.2687136677460776), ([[130, 438], [326, 438], [326, 490], [130, 490]], '오, 와우-', 0.5468959862610602), ([[1070, 456], [1468, 456], [1468, 512], [1070, 512]], '이게 원진 모르켓지만', 0.72874102858812), ([[1086, 506], [1456, 506], [1456, 562], [1086, 562]], '점점 기분이 좋아제!', 0.5548404939034628)]
[([[633, 187], [856, 187], [856, 350], [633, 350]], '사', 0.24216859935003132), ([[103, 327], [379, 327], [379, 387], [103, 387]], '오 무슨일이니', 0.8404710398603454), ([[164, 380], [318, 380], [318, 434], [164, 434]], '캠디스?', 0.5719641447067261), ([[1244, 384], [1443, 384], [1443, 444], [1244, 444]], '여보세요?', 0.9998947081160758), ([[114, 478], [368, 478], [368, 534], [114, 534]], '그래! 나 지금', 0.5649119793789039), ([[1246, 486], [1442, 486], [1442, 542], [1246, 542]], '여보세요?', 0.8591019439376752), ([[82, 528], [402, 528], [402, 584], [82, 584]], '셋스하는 중이야]', 0.29619847068582333), ([[80, 628], [402, 628], [402, 684], [80, 684]], '그들은 날 쉬지도', 0.8658889818842089), ([[35, 675], [449, 675], [449, 735], [35, 735]], '암고 계속 범하고있어!', 0.4356158444533467)]
[([[1094, 226], [1426, 226], [1426, 280], [1094, 280]], '그래! 그들이 네가', 0.7471531777341275), ([[1081, 273], [1441, 273], [1441, 333], [1081, 333]], '씩스하는겉 볼거야]', 0.22042900766819987), ([[156, 360], [292, 360], [292, 414], [156, 414]], '이것화,', 0.8418965437715058), ([[39, 407], [413, 407], [413, 467], [39, 467]], '네 사진올 좀 올료어', 0.8078173535789613), ([[8, 508], [446, 508], [446, 564], [8, 564]], '네? 뛰에요? 진짜로요?', 0.7556222088460951)]
[([[134, 72], [326, 72], [326, 128], [134, 128]], '응? . 나?', 0.4638683549504941), ([[1156, 90], [1352, 90], [1352, 144], [1156, 144]], '여보세요?', 0.8624576554922758), ([[0, 117], [457, 117], [457, 182], [0, 182]], '잘 모르켓는데? 누구야?', 0.7004562806707195), ([[1156, 138], [1352, 138], [1352, 194], [1156, 194]], '누구에요?', 0.9343766314372202), ([[1196, 190], [1350, 190], [1350, 244], [1196, 244]], '캠디스?', 0.5527116656303406), ([[127, 221], [323, 221], [323, 278], [127, 278]], '그래, 잘가', 0.6508420376374264), ([[1127, 235], [1381, 235], [1381, 296], [1127, 296]], '그게 뛰에요?', 0.6882589450788923), ([[1137, 287], [1371, 287], [1371, 347], [1137, 347]], '먹느거에요?', 0.717358177730028), ([[865, 1163], [907, 1163], [907, 1229], [865, 1229]], '17', 0.9416074005335688)]
[([[998, 1798], [1113, 1798], [1113, 1855], [998, 1855]], "'7:17", 0.02200177391658789), ([[923, 1889], [1159, 1889], [1159, 1954], [923, 1954]], "6*'자'4(거", 0.0006390731351004125), ([[789.5339183338988, 1790.627134667119], [1145.7215615718158, 1748.0453619168013], [1151.4660816661012, 1807.372865332881], [795.2784384281842, 1849.9546380831987]], '꾸5헤어-느운4풍(<', 0.00014840105343108103), ([[801.6717988226486, 1837.0076982339729], [1004.6130518764824, 1811.8801772168604], [1008.3282011773514, 1861.9923017660271], [805.3869481235176, 1887.1198227831396]], '(급시괴닦', 0.00010528660869808405)]
