668604
15
[([[185, 17], [536, 17], [536, 65], [185, 65]], '무르가토리오(산,8하+기7;0', 0.002685530449806182), ([[553, 21], [633, 21], [633, 61], [553, 61]], '연욕)', 0.7765876054763794), ([[85, 57], [744, 57], [744, 185], [85, 185]], "7 -^'가", 0.03775842698295263), ([[676, 174], [712, 174], [712, 200], [676, 200]], "5하)'", 0.016963638365268707), ([[651, 285], [795, 285], [795, 341], [651, 341]], '[로 리', 0.1782776564359665), ([[668, 346], [762, 346], [762, 376], [668, 376]], '번의까', 0.9531156682279682), ([[672, 376], [776, 376], [776, 408], [672, 408]], '유일무리', 0.9992294311523438), ([[709.422756617837, 160.05605875096853], [787.9997874375595, 188.96428824479096], [776.577243382163, 216.94394124903147], [698.0002125624405, 188.03571175520904]], "어_'서.네", 0.0005251196973616205)]
[([[593, 169], [687, 169], [687, 205], [593, 205]], '잘 앉다', 0.32658230131226057), ([[614, 202], [666, 202], [666, 232], [614, 232]], '우리', 0.9999862601550323), ([[587, 229], [693, 229], [693, 265], [587, 265]], '수용소에', 0.9992242455482483), ([[385, 1153], [413, 1153], [413, 1167], [385, 1167]], '212', 0.9953800054200175)]
[([[385, 993], [493, 993], [493, 1029], [385, 1029]], '시작해라', 0.9974990487098694)]
[([[397, 101], [479, 101], [479, 137], [397, 137]], '항문내', 0.9969680954493423), ([[398, 134], [478, 134], [478, 166], [398, 166]], '이물질', 0.9995798320562994), ([[411, 163], [465, 163], [465, 199], [411, 199]], '없음', 0.9985116979043912), ([[182, 510], [238, 510], [238, 542], [182, 542]], '좋아', 0.998533014975062), ([[176, 540], [242, 540], [242, 572], [176, 572]], '채변!', 0.9275930832557341), ([[77, 849], [243, 849], [243, 885], [77, 885]], '신참의 죄수는', 0.9376695165710792), ([[95, 879], [227, 879], [227, 915], [95, 915]], '수용소장과', 0.9999192319122739), ([[96, 910], [224, 910], [224, 942], [96, 942]], '간호대표의', 0.998446238716527), ([[103, 939], [219, 939], [219, 975], [103, 975]], '입회 하에', 0.9773186091973478), ([[92, 972], [232, 972], [232, 1002], [92, 1002]], '전라가 되어', 0.9431805933559311), ([[96, 1002], [226, 1002], [226, 1034], [96, 1034]], '신체검사틀', 0.40196465992607017), ([[119, 1029], [203, 1029], [203, 1065], [119, 1065]], '받흔다', 0.14134406571314795)]
[([[492, 822], [548, 822], [548, 854], [492, 854]], '좋아', 0.9993493989582479), ([[473, 851], [565, 851], [565, 887], [473, 887]], '넘버량 !', 0.3124814018979451), ([[59, 897], [199, 897], [199, 933], [59, 933]], '두발올 모두', 0.5999526301412728), ([[60, 930], [200, 930], [200, 962], [60, 962]], '밀어 버리고', 0.6982572006820261), ([[88, 956], [171, 956], [171, 992], [88, 992]], '이마에', 0.9819437298238604), ([[63, 987], [195, 987], [195, 1023], [63, 1023]], '죄수번호의', 0.912271336531602), ([[47, 1017], [213, 1017], [213, 1053], [47, 1053]], '낙인이 찍히면', 0.6660995431278104), ([[90, 1050], [168, 1050], [168, 1082], [90, 1082]], '입소홀', 0.33612649637026226), ([[59, 1077], [203, 1077], [203, 1113], [59, 1113]], '마치게 된다', 0.8355117104884907)]
[([[659, 132], [744, 132], [744, 162], [659, 162]], '잠자리는', 0.879956841468811), ([[666, 158], [742, 158], [742, 186], [666, 186]], '한 방에', 0.9963104841269784), ([[684, 182], [722, 182], [722, 208], [684, 208]], '6인', 0.9999398148308071), ([[660, 230], [746, 230], [746, 260], [660, 260]], '죄수들은', 0.9539687037467957), ([[678, 252], [727, 252], [727, 281], [678, 281]], '벽에', 0.9873546249777877), ([[670, 278], [738, 278], [738, 308], [670, 308]], '묶인다', 0.9716107804836089), ([[88, 378], [192, 378], [192, 404], [88, 404]], '죄수기리의', 0.4983658143424539), ([[109, 400], [172, 400], [172, 430], [109, 430]], '대화는', 0.9184126291543077), ([[110, 426], [174, 426], [174, 452], [110, 452]], '어떠한', 0.9944248796818594), ([[100, 450], [182, 450], [182, 476], [100, 476]], '경우에도', 0.985144853591919), ([[98, 474], [182, 474], [182, 500], [98, 500]], '허용되지', 0.9996989965438843), ([[108, 500], [176, 500], [176, 528], [108, 528]], '앉듣다', 0.052682472853804736), ([[116, 650], [200, 650], [200, 678], [116, 678]], '이새끼들', 0.9657860398292542), ([[292, 634], [344, 634], [344, 702], [292, 702]], '늙', 0.2220220153690775), ([[668, 666], [710, 666], [710, 692], [668, 692]], '오전', 0.9999871030887143), ([[670, 690], [706, 690], [706, 714], [670, 714]], '4시', 0.9992506270048911), ([[428, 794], [472, 794], [472, 820], [428, 820]], '얼른', 0.9997430824789927), ([[398, 818], [500, 818], [500, 844], [398, 844]], '먹이통으로', 0.9002768516718924), ([[428, 842], [472, 842], [472, 866], [428, 866]], '가! !', 0.9704430393163497), ([[74, 1006], [158, 1006], [158, 1036], [74, 1036]], '우물주물', 0.5988698585997637), ([[223, 1017], [257, 1017], [257, 1037], [223, 1037]], '5)터', 0.0007117637425733196), ([[82, 1032], [148, 1032], [148, 1058], [82, 1058]], '하지마', 0.9995511334874507), ([[374, 1122], [414, 1122], [414, 1146], [374, 1146]], '216', 0.9413263429764491)]
[([[517, 553], [537, 553], [537, 577], [517, 577]], '오', 0.9999964237245109), ([[517, 551], [561, 551], [561, 605], [517, 605]], '요며', 0.01661423294860079), ([[510, 620], [562, 620], [562, 702], [510, 702]], '캠', 0.005060999066810956)]
[([[1323, 539], [1341, 539], [1341, 563], [1323, 563]], '오', 0.9999941587533421), ([[1323, 537], [1365, 537], [1365, 593], [1323, 593]], '용고', 0.010649098559035716), ([[1320, 610], [1344, 610], [1344, 636], [1320, 636]], '강', 0.9999105950312384), ([[1316, 606], [1368, 606], [1368, 686], [1316, 686]], '갖짝', 0.009689549820706366), ([[107.96393915740543, 1003.0538159110922], [195.49601209160238, 1040.8653940668496], [161.03606084259457, 1118.9461840889078], [73.5039879083976, 1081.1346059331504]], "새'", 0.44931552667940433)]
[([[209, 401], [261, 401], [261, 441], [209, 441]], '7', 0.05541603928595351), ([[104.0479255086583, 1010.050499781388], [191.51278168752768, 1045.078947460162], [158.9520744913417, 1121.949500218612], [72.48721831247234, 1085.921052539838]], "'새", 0.745565205137502)]
[([[207, 129], [271, 129], [271, 169], [207, 169]], '병신', 0.9985946919934944), ([[189, 165], [285, 165], [285, 205], [189, 205]], '새끼들', 0.9931151947710909), ([[667, 249], [755, 249], [755, 343], [667, 343]], '서', 0.026723366556641537), ([[692, 446], [720, 446], [720, 470], [692, 470]], '아', 0.9998964098102512), ([[164, 611], [261, 611], [261, 655], [164, 655]], '뭐하는', 0.8118202090263367), ([[168, 650], [261, 650], [261, 690], [168, 690]], '거야! !', 0.854674933286196), ([[217, 817], [260, 817], [260, 900], [217, 900]], '값', 0.04071114799749953), ([[31.33005832890989, 468.037519127298], [73.51095760157473, 454.0217960615756], [106.66994167109011, 568.962480872702], [64.48904239842527, 582.9782039384244]], '%', 0.09392792033509156), ([[59.01690703318032, 1036.0538540019409], [227.83507903159602, 1072.2849552468078], [207.9830929668197, 1144.9461459980591], [40.16492096840396, 1108.7150447531922]], '쇼', 0.02005346504684773)]
[([[64, 88], [166, 88], [166, 120], [64, 120]], '이새끼들', 0.9618926644325256), ([[90, 118], [140, 118], [140, 150], [90, 150]], '운이', 0.9987953185369176), ([[402, 110], [490, 110], [490, 140], [402, 140]], '점심시간', 0.9995312690734863), ([[424, 136], [468, 136], [468, 160], [424, 160]], '인가', 0.9990688502613287), ([[88, 148], [142, 148], [142, 180], [88, 180]], '종군', 0.3189987273086134), ([[553, 179], [607, 179], [607, 215], [553, 215]], '[*?', 0.06278102392555765), ([[686, 414], [724, 414], [724, 440], [686, 440]], '정오', 0.999323778654736), ([[660, 456], [752, 456], [752, 482], [660, 482]], '죄수들에게', 0.9828106197806546), ([[686, 480], [728, 480], [728, 504], [686, 504]], '물이', 0.9993950777397957), ([[668, 500], [744, 500], [744, 526], [668, 526]], '배급되다', 0.47794002294540405), ([[78, 566], [152, 566], [152, 592], [78, 592]], '활당렉은', 0.126353457570076), ([[90, 590], [140, 590], [140, 614], [90, 614]], '1인당', 0.9456822276115417), ([[90, 610], [138, 610], [138, 634], [90, 634]], '한 컴', 0.3231777548789978), ([[72, 814], [161, 814], [161, 863], [72, 863]], '#@3', 0.0798388084671338), ([[163.30930882401475, 762.0402397064162], [257.28277361895135, 740.7145246956668], [265.69069117598525, 778.9597602935838], [171.71722638104865, 800.2854753043332]], '{문히렉다', 0.16270275035673812)]
[([[668, 148], [752, 148], [752, 174], [668, 174]], '밤새도록', 0.9990202784538269), ([[670, 172], [752, 172], [752, 198], [670, 198]], '계속되는', 0.9557856917381287), ([[668, 196], [752, 196], [752, 222], [668, 222]], '간수들의', 0.9993002414703369), ([[688, 220], [732, 220], [732, 244], [688, 244]], '카드', 0.9999457995830391), ([[678, 244], [742, 244], [742, 270], [678, 270]], '놀이의', 0.9973910746329242), ([[678, 268], [742, 268], [742, 294], [678, 294]], '테이블', 0.9999285594568981), ([[668, 292], [752, 292], [752, 318], [668, 318]], '아래에서', 0.9980541467666626), ([[100, 876], [164, 876], [164, 902], [100, 902]], '그들의', 0.9984314249424212), ([[102, 900], [166, 900], [166, 928], [102, 928]], '위안올', 0.8374241328705067), ([[112, 924], [156, 924], [156, 950], [112, 950]], '위해', 0.9999660298090982), ([[80, 946], [184, 946], [184, 974], [80, 974]], '구강성교틀', 0.6531718004340372), ([[90, 972], [174, 972], [174, 998], [90, 998]], '강요받는', 0.6751920580863953), ([[100, 996], [164, 996], [164, 1022], [100, 1022]], '자들도', 0.9976400023738883), ([[112, 1020], [158, 1020], [158, 1050], [112, 1050]], '있다', 0.9997130763130756), ([[518, 1012], [552, 1012], [552, 1038], [518, 1038]], '19', 0.2500079676019809)]
[([[662, 116], [746, 116], [746, 146], [662, 146]], '죄수들은', 0.9711676239967346), ([[682, 142], [726, 142], [726, 166], [682, 166]], '모두', 0.9999859229816177), ([[662, 166], [750, 166], [750, 196], [662, 196]], '알고있다 ', 0.9552258067132621), ([[76, 270], [162, 270], [162, 300], [76, 300]], '반항햇다', 0.3366692066192627), ([[86, 296], [152, 296], [152, 322], [86, 322]], '자들이', 0.9999727451456574), ([[86, 318], [152, 318], [152, 344], [86, 344]], '어떻게', 0.6963146643899294), ([[76, 342], [162, 342], [162, 372], [76, 372]], '되엿는지', 0.19400927424430847), ([[664, 496], [748, 496], [748, 526], [664, 526]], '수용소의', 0.9999575614929199), ([[674, 520], [738, 520], [738, 546], [674, 546]], '지하에', 0.9947276289304222), ([[674, 544], [738, 544], [738, 570], [674, 570]], '무엇이', 0.9997079790511618), ([[664, 568], [748, 568], [748, 598], [664, 598]], '있는지률', 0.2153489887714386), ([[193, 846], [258, 846], [258, 874], [193, 874]], '그리고', 0.9768297237013978), ([[170, 872], [282, 872], [282, 900], [170, 900]], '단들로스 속', 0.21900380324241916), ([[184, 898], [268, 898], [268, 924], [184, 924]], '자신들의', 0.9994485974311829), ([[194, 922], [258, 922], [258, 948], [194, 948]], '분뇨에', 0.8129132251508402), ([[194, 946], [258, 946], [258, 970], [194, 970]], '무엇이', 0.9998255981815655), ([[184, 968], [270, 968], [270, 996], [184, 996]], '가라앉아', 0.9639882445335388), ([[168, 994], [254, 994], [254, 1022], [168, 1022]], '있는지틀', 0.2920061945915222)]
[([[293, 183], [527, 183], [527, 225], [293, 225]], '여기 들어오는 자,', 0.7070209410515041), ([[279, 219], [541, 219], [541, 261], [279, 261]], '모든 희망울 버려라', 0.8874611031909525), ([[335, 665], [483, 665], [483, 705], [335, 705]], '단테[신곡]', 0.8754573498719279), ([[36, 703], [67, 703], [67, 784], [36, 784]], '털', 0.910988249989316), ([[41, 793], [61, 793], [61, 883], [41, 883]], '풀', 0.07118255077373092), ([[45, 884], [65, 884], [65, 969], [45, 969]], ';', 0.05568897458202415), ([[43, 975], [63, 975], [63, 1027], [43, 1027]], '@', 0.004965258260903271), ([[47, 1027], [63, 1027], [63, 1057], [47, 1057]], '돈', 0.14630663210774575)]
[([[193, 39], [211, 39], [211, 61], [193, 61]], '8', 0.7982739234776695), ([[682, 152], [724, 152], [724, 178], [682, 178]], '그런', 0.9996812758438574), ([[678, 174], [728, 174], [728, 256], [678, 256]], '필률', 0.013479997241814022), ([[683, 223], [703, 223], [703, 249], [683, 249]], '들', 0.9998273923977194), ([[39, 219], [258, 219], [258, 285], [39, 285]], '@로자템', 0.03953411430120468), ([[32, 332], [164, 332], [164, 364], [32, 364]], '벤식 후기:', 0.5419866316416052), ([[31, 389], [657, 389], [657, 427], [31, 427]], '1. 타가메 렌고로 선생님의 만화는 항상 잘 보고 있습니다.', 0.5250309234951122), ([[32, 422], [634, 422], [634, 454], [32, 454]], '자극적이고 매력적인 만화들이라 성적지향성올 떠나서', 0.7470513960428776), ([[31, 449], [579, 449], [579, 487], [31, 487]], '누구라도 재미있게 볼 수 잇는 만화라 생각합니다.', 0.42021050102785673), ([[29, 511], [643, 511], [643, 547], [29, 547]], '2. 평소처럼 원가 쇼랗하거나 웃긴거 없올까 고민하다가', 0.27288283593616414), ([[32, 542], [192, 542], [192, 574], [32, 574]], '번역팀 이름이', 0.9382396014294586), ([[210, 542], [354, 542], [354, 574], [210, 574]], "'팀 로지보리'", 0.9888342680885917), ([[366, 542], [424, 542], [424, 574], [366, 574]], '인데', 0.9991608751072966), ([[32, 572], [194, 572], [194, 604], [32, 604]], '로리도 보지도', 0.9948375128217612), ([[203, 570], [707, 570], [707, 607], [203, 607]], '심지어 여자조차 안나오는겉 번역하게 된다면', 0.4874973676094055), ([[31, 601], [635, 601], [635, 637], [31, 637]], '아이러니함이 꽤 웃기지않나 하는 생각이 들없습니다:', 0.5302315789448329), ([[29, 660], [705, 660], [705, 697], [29, 697]], '3.다른 재미난 작품들은 대체로 번역된 적이 있는것 같더군요.', 0.2875852746133576), ([[31, 691], [785, 691], [785, 727], [31, 727]], '미번역 단편들올 중심으로 찾다보니 이 작품올 작업하게 되/습니다', 0.4795067113940877), ([[29, 751], [411, 751], [411, 787], [29, 787]], '4. 앞으로도 평범한 야한 것들 외에', 0.8448751665030115), ([[31, 777], [671, 777], [671, 817], [31, 817]], '특이하거나 웃기거나 기발한 야한 것들도 많이 번역할테니', 0.6374318450024555), ([[31, 811], [353, 811], [353, 847], [31, 847]], '재미핑게 화주시기 바람니다.', 0.4424774805173941), ([[29, 871], [465, 871], [465, 907], [29, 907]], '5.저희 팀 이름은 로리보지가 아팔니다', 0.42581744364041674), ([[74, 916], [148, 916], [148, 940], [74, 940]], '저랑하지', 0.39656019270319864), ([[82, 936], [140, 936], [140, 960], [82, 960]], '암고서', 0.99231636275345), ([[82, 958], [140, 958], [140, 982], [82, 982]], '묵묵히', 0.34509967608065356), ([[93, 981], [131, 981], [131, 1001], [93, 1001]], '계속', 0.9999527958559914), ([[74, 1000], [150, 1000], [150, 1026], [74, 1026]], '견디번다', 0.21470093727111816), ([[20.739009663000587, 42.869504831500294], [192.87913619038602, -2.7994417556916513], [206.2609903369994, 54.130495168499706], [34.12086380961397, 99.79944175569165]], '{@@---@불_', 0.0016866018322101066)]
