697636
35
[([[513, 1], [557, 1], [557, 15], [513, 15]], '?40)', 0.002846622606739402), ([[484, 278], [550, 278], [550, 302], [484, 302]], '역자 : 피빠빠', 0.5857148202410295), ([[390, 300], [470, 300], [470, 324], [390, 324]], '(어/히*명어손', 3.434165685962304e-05), ([[489, 303], [511, 303], [511, 317], [489, 317]], '식사', 0.9995999655534692), ([[517, 301], [547, 301], [547, 319], [517, 319]], '이;-', 4.92490539206708e-05), ([[396.6712678358369, 346.57540888809007], [493.21412105317035, 331.3090552311081], [498.3287321641631, 374.42459111190993], [401.78587894682965, 389.6909447688919]], '@하8', 0.08750471225240329), ([[489.9153477109067, 359.11906469908024], [554.4291576764008, 367.6799650266472], [547.0846522890932, 413.88093530091976], [482.5708423235992, 405.3200349733528]], "'", 0.2286319921837645)]
[([[920.0895536990885, 821.0835899750776], [1024.8742925328593, 839.8858759924893], [1014.9104463009115, 884.9164100249224], [910.1257074671406, 866.1141240075107]], '$ $', 0.7297640442848206)]
[([[919.0895536990885, 821.0835899750776], [1024.876566494868, 839.895871737011], [1014.9104463009115, 884.9164100249224], [909.123433505132, 866.104128262989]], '$ 8', 0.31946879625320435)]
[]
[]
[]
[]
[([[1054, 508], [1150, 508], [1150, 556], [1054, 556]], '그훨숙', 0.019320459996508714), ([[1041, 547], [1159, 547], [1159, 589], [1041, 589]], '미라]면', 0.008915023878216743), ([[1030, 578], [1174, 578], [1174, 626], [1030, 626]], '불탕렉훨세', 0.008876133392786749), ([[1022, 612], [1180, 612], [1180, 662], [1022, 662]], '줄이패럿', 0.022119389846920967), ([[1057, 653], [1147, 653], [1147, 697], [1057, 697]], '같이히-', 0.0027755398768931627)]
[]
[]
[]
[]
[]
[]
[]
[]
[]
[]
[]
[]
[]
[]
[([[1048, 528], [1170, 528], [1170, 576], [1048, 576]], '엉령의에', 0.7252562642097473), ([[1161, 559], [1189, 559], [1189, 573], [1161, 573]], '00)', 0.10038665076106058), ([[1089, 565], [1154, 565], [1154, 610], [1089, 610]], '텅품', 0.07191597361851007), ([[1060, 598], [1180, 598], [1180, 646], [1060, 646]], '듭어끗에', 0.041710373014211655), ([[961, 649], [1081, 649], [1081, 691], [961, 691]], '이쪽에물', 0.1786838173866272), ([[983, 683], [1057, 683], [1057, 727], [983, 727]], '좀(', 0.41065953249098747), ([[942, 718], [1100, 718], [1100, 766], [942, 766]], '레내랍 건"', 0.0018992788172657528), ([[960, 752], [1080, 752], [1080, 800], [960, 800]], '취어훨0', 0.01083872839808464)]
[]
[]
[([[473, 343], [705, 343], [705, 581], [473, 581]], '=', 0.2332198349593142)]
[([[473, 343], [705, 343], [705, 581], [473, 581]], '=', 0.2332198349593142)]
[]
[]
[([[221, 47], [377, 47], [377, 91], [221, 91]], '문_립되에', 0.004737074636914687), ([[701, 67], [753, 67], [753, 109], [701, 109]], '43', 0.10228546561650244), ([[253, 81], [345, 81], [345, 125], [253, 125]], '여행흘', 0.541728532645693), ([[216, 114], [385, 114], [385, 164], [216, 164]], '활수 없어제', 0.18541481469107698), ([[208, 150], [392, 150], [392, 198], [208, 198]], '굉장해 손표에', 0.06269507541628248), ([[684, 404], [708, 404], [708, 436], [684, 436]], '월', 0.3935778600845339), ([[481, 353], [687, 353], [687, 577], [481, 577]], '=', 0.8543372389857637), ([[0, 598], [148, 598], [148, 646], [0, 646]], '및렉니-모', 0.00023161471270363149), ([[9, 633], [137, 633], [137, 677], [9, 677]], '오물 @음', 0.4212671178568768), ([[21, 665], [66, 665], [66, 750], [21, 750]], '월', 0.10927113435796887), ([[53, 703], [95, 703], [95, 747], [53, 747]], '이', 0.5171194666107546), ([[57, 669], [125, 669], [125, 711], [57, 711]], '해물', 0.6657261148230189), ([[86, 708], [116, 708], [116, 740], [86, 740]], '@', 0.9945807168408152)]
[]
[]
[]
[]
[]
