699405
14
[([[208, 1004], [328, 1004], [328, 1104], [208, 1104]], '5로', 0.08616262833268008), ([[392, 1076], [894, 1076], [894, 1124], [392, 1124]], '본 동인지논 어떠한 상업적 이용에도', 0.5385371434997976), ([[95, 1056], [395, 1056], [395, 1192], [95, 1192]], '410393}', 0.07091942817519319), ([[392, 1112], [954, 1112], [954, 1160], [392, 1160]], '동의하지 않습니다 저작권올 포함한 모든', 0.7430635319200422), ([[392, 1152], [924, 1152], [924, 1200], [392, 1200]], '권리논 원번역자에게 있으미, 번역자의', 0.3119215987494218), ([[136, 1182], [344, 1182], [344, 1210], [136, 1210]], '1" 5 1" 5 3,5 + { 거', 0.05908771091725715), ([[391, 1173], [825, 1173], [825, 1237], [391, 1237]], '배포동단 및 작제 요청 시 이예', 0.1506909079169209), ([[392, 1224], [904, 1224], [904, 1275], [392, 1275]], '적극적으로 임할 것올 알려 드립니다.', 0.6553276144457063)]
[]
[([[192, 178], [238, 178], [238, 210], [192, 210]], '아-', 0.9998845195881492), ([[183, 213], [247, 213], [247, 249], [183, 249]], '역시', 0.9997586756749879), ([[181, 249], [245, 249], [245, 289], [181, 289]], '추위', 0.9965101727275874), ([[531, 407], [595, 407], [595, 447], [531, 447]], '그럼', 0.9999350101781567), ([[499, 440], [628, 440], [628, 488], [499, 488]], '옛찌활까', 0.5491752028465271), ([[226, 618], [282, 618], [282, 650], [226, 650]], '어이', 0.9981810054839417), ([[220, 652], [288, 652], [288, 684], [220, 684]], '어이!', 0.9960913914918637), ([[507, 863], [567, 863], [567, 899], [507, 899]], '설마', 0.9999303741162199), ([[493, 895], [577, 895], [577, 933], [493, 933]], '그런일', 0.9994883686568583), ([[481, 929], [595, 929], [595, 965], [481, 965]], '하느거야', 0.5744136571884155), ([[812, 928], [842, 928], [842, 958], [812, 958]], '너', 0.9999868870211372), ([[155, 924], [194, 924], [194, 1037], [155, 1037]], '짧', 0.010962392481778105), ([[787, 955], [847, 955], [847, 997], [787, 997]], '[무슨', 0.9089492684578635), ([[461, 1051], [521, 1051], [521, 1087], [461, 1087]], '안해', 0.9999339986731972), ([[343, 1149], [409, 1149], [409, 1189], [343, 1189]], '그럼', 0.9999380446948334), ([[331, 1189], [423, 1189], [423, 1227], [331, 1227]], '어째서', 0.9994801789865485), ([[337, 1225], [405, 1225], [405, 1265], [337, 1265]], '그런', 0.9999448723672177)]
[([[315, 127], [415, 127], [415, 167], [315, 167]], '형 다시', 0.993292447308158), ([[319, 167], [411, 167], [411, 205], [319, 205]], '학교에', 0.9961301888222986), ([[319, 205], [415, 205], [415, 243], [319, 243]], '돌아가', 0.9999629031393806), ([[295, 239], [437, 239], [437, 281], [295, 281]], '버리잖아?', 0.5703210838352478), ([[128, 254], [158, 254], [158, 356], [128, 356]], '국', 0.02383565778672292), ([[82, 382], [150, 382], [150, 412], [82, 412]], '그래도', 0.9998069469260338), ([[82, 412], [170, 412], [170, 444], [82, 444]], '빗으니까', 0.41160181164741516), ([[82, 442], [134, 442], [134, 474], [82, 474]], '춤네.', 0.23567967314511015), ([[592, 774], [624, 774], [624, 808], [592, 808]], '자', 0.9998949793733836), ([[496, 836], [604, 836], [604, 884], [496, 884]], '잠깐만', 0.999954919423543), ([[494, 882], [614, 882], [614, 930], [494, 930]], '기다려!', 0.8273558020591736), ([[678, 976], [854, 976], [854, 1212], [678, 1212]], '회', 0.05573714632471494)]
[([[517, 423], [581, 423], [581, 461], [517, 461]], '고추', 0.7938014404371749), ([[471, 461], [625, 461], [625, 503], [471, 503]], '(커저버로다', 0.3509037144446658), ([[214, 1060], [248, 1060], [248, 1092], [214, 1092]], '어', 0.9999707939373117), ([[208, 1094], [262, 1094], [262, 1126], [208, 1126]], '어떤', 0.9995947399606823), ([[181, 1125], [293, 1125], [293, 1163], [181, 1163]], '느낌이야? ', 0.7438081482642772)]
[([[495, 133], [601, 133], [601, 171], [495, 171]], '형손으로', 0.7887194156646729), ([[509, 169], [587, 169], [587, 205], [509, 205]], '만지는', 0.8194790088875866), ([[521, 201], [575, 201], [575, 239], [521, 239]], '느낌', 0.9996547504756274), ([[376, 260], [404, 260], [404, 296], [376, 296]], '@', 0.8885793964163078), ([[327, 861], [365, 861], [365, 899], [327, 899]], '형', 0.9998550467571476), ([[253, 923], [349, 923], [349, 961], [253, 961]], '그러면-', 0.9713588953018188), ([[165, 1165], [227, 1165], [227, 1207], [165, 1207]], '우웃', 0.8936999737318166)]
[([[795, 127], [833, 127], [833, 171], [795, 171]], '웃', 0.9815702379917788), ([[171, 451], [243, 451], [243, 487], [171, 487]], '후 앗', 0.7071700318078852), ([[453, 911], [489, 911], [489, 951], [453, 951]], '응', 0.9995586167163459), ([[183, 933], [237, 933], [237, 969], [183, 969]], '그럼', 0.9998594852987375), ([[167, 965], [245, 965], [245, 1003], [167, 1003]], '다리블', 0.23046802036678538), ([[458, 950], [490, 950], [490, 988], [458, 988]], '형', 0.9999597076660081), ([[799, 967], [893, 967], [893, 1011], [799, 1011]], '넣어도', 0.9969578446256485), ([[417, 985], [529, 985], [529, 1027], [417, 1027]], '종올대로', 0.5304825305938721), ([[427, 1027], [521, 1027], [521, 1063], [427, 1063]], '해도돼', 0.4492279291152954), ([[801, 1009], [879, 1009], [879, 1053], [801, 1053]], '훨까.', 0.24101928978921394), ([[384, 1072], [412, 1072], [412, 1098], [384, 1098]], '나', 0.9998635100211608), ([[366, 1100], [432, 1100], [432, 1132], [366, 1132]], '누울게', 0.9278654279355129)]
[([[601, 149], [641, 149], [641, 193], [601, 193]], '응', 0.9995662444414997), ([[805, 141], [899, 141], [899, 177], [805, 177]], '손가락되', 0.8806738089109315), ([[785, 173], [897, 173], [897, 211], [785, 211]], '안들어기면', 0.9713861569198985), ([[301, 425], [345, 425], [345, 473], [301, 473]], '웃', 0.9793777687233138), ([[713, 963], [757, 963], [757, 1007], [713, 1007]], '앗', 0.44698693669804257), ([[839, 1177], [881, 1177], [881, 1255], [839, 1255]], '후', 0.9995194059010828)]
[([[390, 84], [420, 84], [420, 164], [390, 164]], '영', 0.7061158497099882), ([[526, 110], [570, 110], [570, 142], [526, 142]], '+', 0.1948844173756612), ([[240, 170], [268, 170], [268, 288], [240, 288]], '굶', 0.374353011314966), ([[440, 194], [494, 194], [494, 250], [440, 250]], '5', 0.4363664604412065), ([[822, 302], [876, 302], [876, 334], [822, 334]], '이제', 0.9997867436072883), ([[797, 335], [901, 335], [901, 373], [797, 373]], "'뜻다니간", 0.06203352312066234), ([[648, 744], [676, 744], [676, 800], [648, 800]], '꿀', 0.5869818917149452)]
[([[677, 71], [713, 71], [713, 233], [677, 233]], '"', 0.00944552972056556), ([[157, 412], [271, 412], [271, 468], [157, 468]], '후앗 ', 0.2354385037549695), ([[543, 763], [587, 763], [587, 809], [543, 809]], '웃', 0.936372931295196), ([[575, 836], [699, 836], [699, 884], [575, 884]], '이야앗!', 0.5303701758384705), ([[191, 1167], [227, 1167], [227, 1203], [191, 1203]], '혀', 0.9966762312342361)]
[([[102, 129], [208, 129], [208, 198], [102, 198]], '다 ', 0.03215967175702794), ([[762, 130], [836, 130], [836, 178], [762, 178]], '히잇', 0.2565246613964218), ([[191, 235], [257, 235], [257, 273], [191, 273]], "'아앗", 0.6916735054132049), ([[652, 365], [796, 365], [796, 488], [652, 488]], "(예좋'", 0.03637668117880821), ([[215, 681], [347, 681], [347, 771], [215, 771]], '낱', 0.00814372182441675), ([[514, 892], [594, 892], [594, 924], [514, 924]], '미 미안', 0.9908950924873352), ([[514, 922], [594, 922], [594, 954], [514, 954]], '나 너무', 0.9979740076659142), ([[156, 946], [190, 946], [190, 978], [156, 978]], '에', 0.9988868951587051), ([[486, 952], [594, 952], [594, 984], [486, 984]], '거칠없지?', 0.9795261146848068)]
[([[623, 23], [903, 23], [903, 215], [623, 215]], '굶', 0.00684617044336111), ([[221, 457], [261, 457], [261, 503], [221, 503]], '맛', 0.16333123174006037), ([[221, 523], [257, 523], [257, 561], [221, 561]], '? !', 0.4510701677495163), ([[348, 848], [372, 848], [372, 874], [348, 874]], '나', 0.9996502705274821), ([[819, 845], [891, 845], [891, 889], [819, 889]], '혀엉', 0.5633213603883849), ([[587, 1049], [625, 1049], [625, 1209], [587, 1209]], '월', 0.010486267594033372), ([[641, 1179], [683, 1179], [683, 1259], [641, 1259]], '잎', 0.03857240459645883)]
[([[452, 60], [490, 60], [490, 92], [452, 92]], ';', 0.059609155954465365), ([[444, 146], [474, 146], [474, 176], [444, 176]], '아', 0.9998322795627281), ([[271, 645], [333, 645], [333, 685], [271, 685]], '혀엉', 0.8613127899325393), ([[337, 1036], [416, 1036], [416, 1075], [337, 1075]], '부모님', 0.9652514457702637), ([[339, 1071], [417, 1071], [417, 1109], [339, 1109]], '돌아오', 0.999659183829636), ([[349, 1107], [407, 1107], [407, 1143], [349, 1143]], '싶다', 0.2693558158958603), ([[417, 1127], [479, 1127], [479, 1167], [417, 1167]], '우반', 0.04625620688743307)]
[([[270, 891], [435, 891], [435, 996], [270, 996]], '585', 0.16337650067642484), ([[167, 957], [456, 957], [456, 1085], [167, 1085]], '{?334', 0.0013311721189412057), ([[278, 1108], [330, 1108], [330, 1138], [278, 1138]], '부화', 0.007708173535025601), ([[164, 1154], [412, 1154], [412, 1184], [164, 1184]], '?록 주터: 2005112130.', 0.007958614754307211), ([[164, 1182], [226, 1182], [226, 1212], [164, 1212]], '푹록주:', 0.01350301131606102), ([[248, 1182], [318, 1182], [318, 1212], [248, 1212]], '(<1', 0.2474675640680671), ([[332, 1182], [524, 1182], [524, 1212], [332, 1212]], '룹+://형응라감%;명/히', 4.631781810600057e-05), ([[164, 1210], [224, 1210], [224, 1238], [164, 1238]], '타쌓:', 0.03141338298156445), ([[246, 1209], [382, 1209], [382, 1239], [246, 1239]], '해+) 그수다-료', 0.003935876079486277)]
