699955
27
[([[347, 599], [587, 599], [587, 739], [347, 739]], '탈론', 0.9727076864368922), ([[612, 598], [1078, 598], [1078, 742], [612, 742]], '{ 르불랑', 0.22590576546895424), ([[370, 740], [737, 740], [737, 874], [370, 874]], '오: *', 0.08313699641725629), ([[773, 722], [998, 722], [998, 832], [773, 832]], '7쑤형', 0.001267132147907327), ([[547.6756834461655, 920.3730071631281], [890.2933816594275, 870.0511868598447], [898.3243165538345, 993.6269928368719], [555.7066183405725, 1044.9488131401554]], '구1? 호충', 0.0376595646756894)]
[([[995, 21], [1135, 21], [1135, 57], [995, 57]], '수고해취서', 0.7431772659339663), ([[1007, 57], [1155, 57], [1155, 95], [1007, 95]], '고마위 탈론', 0.47137030085628767), ([[997, 91], [1135, 91], [1135, 127], [997, 127]], '너월급에서', 0.977299461080607), ([[995, 125], [1189, 125], [1189, 161], [995, 161]], '좀만더 빌밀게?', 0.17256773298116942), ([[173, 511], [227, 511], [227, 551], [173, 551]], '씨<:', 0.007868491211744589), ([[408, 878], [511, 878], [511, 918], [408, 918]], '3달간의', 0.9996461272239685), ([[421, 915], [543, 915], [543, 951], [421, 951]], '내 월급이', 0.5571790299609327), ([[409, 947], [585, 947], [585, 985], [409, 985]], '이 할망구한테', 0.4296602259813595), ([[410, 982], [531, 982], [531, 1022], [410, 1022]], '뜯기다니.', 0.6850177464478885), ([[412, 1020], [468, 1020], [468, 1050], [412, 1050]], '다시', 0.9999881146094074), ([[409, 1050], [585, 1050], [585, 1086], [409, 1086]], '받고야말거다 .', 0.8328563745043368), ([[218.31478714334182, 497.2518297146735], [327.62236592674816, 465.17459371579463], [340.68521285665815, 512.7481702853265], [231.37763407325187, 544.8254062842053]], ',오]"5.', 0.00487021818515172)]
[([[1066, 170], [1124, 170], [1124, 202], [1066, 202]], '저건', 0.9998502976762846), ([[1065, 203], [1151, 203], [1151, 239], [1065, 239]], '이번달', 0.9998449377245344), ([[545, 237], [603, 237], [603, 273], [545, 273]], '준비', 0.9999589492163418), ([[1067, 235], [1127, 235], [1127, 273], [1067, 273]], '월급.', 0.9896541201746338), ([[545, 271], [605, 271], [605, 307], [545, 307]], '완료', 0.9832769230150873), ([[1007, 621], [1145, 621], [1145, 659], [1007, 659]], '하이락론~', 0.6046489702724611), ([[1009, 655], [1145, 655], [1145, 691], [1009, 691]], '내가너하고', 0.8957088495386027), ([[1007, 689], [1121, 689], [1121, 725], [1007, 725]], '상의할게', 0.6385852098464966), ([[1009, 723], [1093, 723], [1093, 759], [1009, 759]], '있어~', 0.9893029198226155), ([[1149, 1319], [1185, 1319], [1185, 1527], [1149, 1527]], '}', 0.017266517138960547)]
[([[1015, 129], [1085, 129], [1085, 189], [1015, 189]], '뭐', 0.9999969005608733), ([[1013, 189], [1169, 189], [1169, 257], [1013, 257]], '뭐야:?', 0.2928362701279807), ([[65, 819], [149, 819], [149, 1079], [65, 1079]], '꿈', 0.01985162612015956)]
[([[1063, 66], [1167, 66], [1167, 106], [1063, 106]], '*꽉조이', 0.9435468912124634), ([[1067, 103], [1127, 103], [1127, 139], [1067, 139]], '이는', 0.3589181176435157), ([[1067, 137], [1153, 137], [1153, 173], [1067, 173]], '가죽옷', 0.9959181817664369), ([[20, 166], [120, 166], [120, 220], [20, 220]], '에??', 0.7136855125427246), ([[20, 218], [190, 218], [190, 272], [20, 272]], '내스관이', 0.3857147837215419), ([[19, 264], [114, 264], [114, 300], [19, 300]], '안써제!', 0.0843522772192955), ([[740, 1296], [824, 1296], [824, 1346], [740, 1346]], '할댐', 0.19597554412414786), ([[740, 1346], [904, 1346], [904, 1400], [740, 1400]], '어디한번', 0.999066948890686), ([[738, 1394], [999, 1394], [999, 1455], [738, 1455]], '탈출해보시지!', 0.7266147239639078)]
[([[944, 82], [1036, 82], [1036, 132], [944, 132]], '그럼', 0.7555980069150068), ([[946, 132], [1166, 132], [1166, 184], [946, 184]], '이 뜨거운건', 0.676014301447773), ([[946, 182], [1060, 182], [1060, 236], [946, 236]], '뭐야?', 0.9413806862849237), ([[10, 271], [139, 271], [139, 323], [10, 323]], '제기활', 0.5104069503717813), ([[12, 322], [296, 322], [296, 378], [12, 378]], '나이먹엇논데도', 0.5309451259762247), ([[10, 374], [388, 374], [388, 428], [10, 428]], '가슴은 존나행행하네', 0.2926611444156371), ([[12, 474], [338, 474], [338, 530], [12, 530]], '얼마나 돈손거야?', 0.2702411790278877), ([[320, 538], [382, 538], [382, 566], [320, 566]], '*명아`.', 0.005052204337745544), ([[826, 514], [1018, 514], [1018, 578], [826, 578]], "'국찌르다*", 0.6758688378548005), ([[230, 1176], [637, 1176], [637, 1236], [230, 1236]], '굽같아 엄청 부드럽다', 0.4285066008360912)]
[([[466, 272], [518, 272], [518, 302], [466, 302]], '시9}!', 0.04145370423793793), ([[860, 248], [1080, 248], [1080, 302], [860, 302]], '나의 불타는', 0.920447832317341), ([[860, 300], [1158, 300], [1158, 354], [860, 354]], '분노의 조이스틱', 0.8069764143124337), ([[876, 350], [1094, 350], [1094, 406], [876, 406]], '의맛올바탓!', 0.06512353226153049), ([[315, 1101], [389, 1101], [389, 1143], [315, 1143]], '내가', 0.9547484281953903), ([[315, 1145], [387, 1145], [387, 1187], [315, 1187]], '너무', 0.9973976663321271), ([[315, 1187], [447, 1187], [447, 1231], [315, 1231]], '방심햇(', 0.64975506067276), ([[314, 1226], [454, 1226], [454, 1274], [314, 1274]], '이할멈- !', 0.01709797021191634), ([[350, 1270], [424, 1270], [424, 1318], [350, 1318]], '혀는', 0.712372471494261), ([[324, 1314], [433, 1314], [433, 1359], [324, 1359]], "'다지어", 0.1398518681526184), ([[315, 1357], [485, 1357], [485, 1399], [315, 1399]], '내조이스 증', 0.04566056048044646), ([[352, 1402], [439, 1402], [439, 1455], [352, 1455]], '보다', 0.9999992413568111), ([[346, 1456], [430, 1456], [430, 1504], [346, 1504]], '뜨겁', 0.9833345479398481), ([[343, 1504], [447, 1504], [447, 1556], [343, 1556]], '다니)', 0.537193991262005)]
[([[997, 311], [1037, 311], [1037, 355], [997, 355]], '음', 0.9962746095343391), ([[1052, 314], [1076, 314], [1076, 350], [1052, 350]], '?', 0.4039755455395298), ([[35, 515], [143, 515], [143, 557], [35, 557]], '*싸다*', 0.9926556348800659), ([[159, 607], [248, 607], [248, 637], [159, 637]], '*(신쪽-*', 0.001054437223115381), ([[875, 861], [983, 861], [983, 905], [875, 905]], '*삼림*', 0.9324905276298523)]
[([[14, 132], [44, 132], [44, 156], [14, 156]], '4소', 0.025029342896554074), ([[14, 160], [44, 160], [44, 184], [14, 184]], '4소', 0.021135223479920324), ([[21, 193], [35, 193], [35, 257], [21, 257]], '{', 0.9926434653198193), ([[969, 299], [1129, 299], [1129, 343], [969, 343]], '(@)목즐기!', 0.1540332434917703), ([[969, 343], [1185, 343], [1185, 387], [969, 387]], '아직안끝낫어!', 0.7664305167516411), ([[307, 953], [411, 953], [411, 997], [307, 997]], '이웃은', 0.9830851843452646), ([[307, 997], [411, 997], [411, 1041], [307, 1041]], '이렇게', 0.3606179612775217), ([[305, 1037], [503, 1037], [503, 1085], [305, 1085]], '쓰는거라고~', 0.8569873828397507)]
[([[977, 11], [1051, 11], [1051, 51], [977, 51]], '너가', 0.9999951109690732), ([[22, 72], [74, 72], [74, 96], [22, 96]], '요#;+', 0.007154496386647224), ([[977, 53], [1115, 53], [1115, 95], [977, 95]], '그러고도', 0.9988031140015925), ([[977, 97], [1047, 97], [1047, 139], [977, 139]], '폭딪', 0.2554305033028578), ([[975, 137], [1169, 137], [1169, 181], [975, 181]], '암살챔이나?', 0.8178133235700861), ([[21, 139], [59, 139], [59, 267], [21, 267]], '꿀', 0.10010120376737408), ([[26, 296], [48, 296], [48, 304], [26, 304]], '] 타', 0.0704149678349495), ([[253, 636], [385, 636], [385, 693], [253, 693]], '#질끝에', 0.8416818976402283), ([[261, 685], [349, 685], [349, 727], [261, 727]], '도착*', 0.9988994923462762), ([[983, 1265], [1025, 1265], [1025, 1345], [983, 1345]], '[', 0.2742226090731634), ([[977, 1339], [1030, 1339], [1030, 1600], [977, 1600]], '{', 0.1692026046198727)]
[([[884, 400], [932, 400], [932, 490], [884, 490]], '뼈', 0.038743446771722034), ([[994, 544], [1045, 544], [1045, 639], [994, 639]], '#', 0.0813916780661117), ([[15, 625], [115, 625], [115, 669], [15, 669]], '천천히', 0.9995985515659697), ([[13, 669], [55, 669], [55, 711], [13, 711]], '해', 0.9999445684485444), ([[15, 711], [149, 711], [149, 755], [15, 755]], '너무거칠', 0.9980916976928711), ([[15, 753], [65, 753], [65, 797], [15, 797]], '옛', 0.8752602232118676), ([[15, 1227], [97, 1227], [97, 1267], [15, 1267]], '기다:', 0.9262880625156468), ([[15, 1267], [121, 1267], [121, 1311], [15, 1311]], '기달려_', 0.9471232510667799), ([[13, 1309], [93, 1309], [93, 1353], [13, 1353]], '제발', 0.9992257659141862)]
[([[819, 87], [863, 87], [863, 125], [819, 125]], '표', 0.020684390333747027), ([[1126, 32], [1178, 32], [1178, 124], [1126, 124]], '뼈', 0.002270934172208819), ([[1050, 96], [1102, 96], [1102, 190], [1050, 190]], '표', 0.003190454335466178), ([[300, 146], [348, 146], [348, 248], [300, 248]], '물', 0.017168699038514257), ([[294, 246], [351, 246], [351, 345], [294, 345]], '가숨', 0.01816199925628501), ([[835, 531], [949, 531], [949, 575], [835, 575]], '기달려.', 0.9011359214782715), ([[835, 573], [945, 573], [945, 617], [835, 617]], '기달려', 0.9997026108729469), ([[832, 606], [1143, 606], [1143, 669], [832, 669]], '이건진짜가아날거야', 0.5056925008647222), ([[831, 654], [1022, 654], [1022, 711], [831, 711]], '왜이런일이.', 0.9729843645161612), ([[1106, 674], [1172, 674], [1172, 702], [1106, 702]], '구],79', 0.0008322088468566949), ([[1023, 1137], [1189, 1137], [1189, 1177], [1023, 1177]], '르불항할멈의', 0.05160321137653768), ([[1028, 1176], [1162, 1176], [1162, 1208], [1028, 1208]], '보지가마치', 0.8826868750734996), ([[1025, 1207], [1189, 1207], [1189, 1245], [1025, 1245]], '내조이스틱올', 0.9545679022813773), ([[1025, 1241], [1189, 1241], [1189, 1279], [1025, 1279]], '빨아드리논거', 0.8625815232050371), ([[29, 1269], [151, 1269], [151, 1307], [29, 1307]], '갈거같아!', 0.468666768237191), ([[1025, 1277], [1087, 1277], [1087, 1313], [1025, 1313]], '같아', 0.9957308380435251), ([[1025, 1309], [1199, 1309], [1199, 1347], [1025, 1347]], '내분노틀 없에', 0.5415173981686275), ([[1025, 1345], [1167, 1345], [1167, 1381], [1025, 1381]], '주느거갈군', 0.1821888788739675), ([[824, 1396], [874, 1396], [874, 1488], [824, 1488]], '몇', 0.018521488671755293), ([[1025, 1413], [1199, 1413], [1199, 1449], [1025, 1449]], '기분다이스키!', 0.8566865397795179), ([[1025, 1481], [1200, 1481], [1200, 1519], [1025, 1519]], '내든어디갖어?', 0.2683407812681237)]
[([[1031, 93], [1147, 93], [1147, 129], [1031, 129]], '가버로어.', 0.4830760977543154), ([[107, 307], [183, 307], [183, 345], [107, 345]], '*신음', 0.9996822393599848), ([[773, 1059], [811, 1059], [811, 1133], [773, 1133]], '뜻', 0.011307189098257675)]
[([[698, 272], [782, 272], [782, 304], [698, 304]], '*뼈*', 0.3730225305060135), ([[11, 359], [53, 359], [53, 431], [11, 431]], '[', 0.16022555665609062), ([[402, 1332], [566, 1332], [566, 1382], [402, 1382]], '이화할~', 0.08576876670122147), ([[402, 1383], [648, 1383], [648, 1437], [402, 1437]], '내조이스틱의', 0.8789941662598406), ([[402, 1434], [596, 1434], [596, 1488], [402, 1488]], '맛은어때?', 0.6646398389851336)]
[([[36, 134], [124, 134], [124, 188], [36, 188]], '많이', 0.9991820276892681), ([[36, 186], [190, 186], [190, 240], [36, 240]], '즐것나?', 0.21363140642642975), ([[894, 686], [1072, 686], [1072, 740], [894, 740]], '방심있다.', 0.2894203702657086), ([[894, 738], [1098, 738], [1098, 792], [894, 792]], '이할망구의', 0.32420447790298945), ([[894, 790], [1060, 790], [1060, 842], [894, 842]], '패시브틀', 0.2951097786426544), ([[891, 838], [1084, 838], [1084, 894], [891, 894]], '까먹다니.', 0.9878682371540367), ([[158, 1190], [404, 1190], [404, 1244], [158, 1244]], '활망구라고좀', 0.5530373567444522), ([[157, 1241], [326, 1241], [326, 1296], [157, 1296]], '불르지마', 0.996351420879364), ([[156, 1294], [310, 1294], [310, 1344], [156, 1344]], '그단어기', 0.9977797269821167), ([[157, 1343], [288, 1343], [288, 1399], [157, 1399]], '얼마나', 0.9996893969122556), ([[158, 1394], [364, 1394], [364, 1450], [158, 1450]], '거슬리논지', 0.2982952336590802), ([[158, 1446], [274, 1446], [274, 1498], [158, 1498]], '알아?', 0.9999580853788016)]
[([[1016, 98], [1092, 98], [1092, 152], [1016, 152]], '음?', 0.9994371330996369), ([[1014, 152], [1144, 152], [1144, 204], [1014, 204]], '아직도', 0.9989861313915763), ([[1012, 200], [1200, 200], [1200, 260], [1012, 260]], '팔팔하네?', 0.8639900671509291), ([[1055, 741], [1099, 741], [1099, 789], [1055, 789]], '[슬', 0.6462283886071386), ([[98, 770], [150, 770], [150, 860], [98, 860]], '#표', 0.13371466729508671), ([[1055, 781], [1099, 781], [1099, 827], [1055, 827]], '[', 0.1468382122790537), ([[0, 1146], [46, 1146], [46, 1198], [0, 1198]], '[류', 0.10732233410627318), ([[0, 1186], [44, 1186], [44, 1236], [0, 1236]], '미', 0.029679925580545552), ([[0, 1231], [43, 1231], [43, 1275], [0, 1275]], '메', 0.033003018019371666), ([[338, 1120], [368, 1120], [368, 1290], [338, 1290]], "'", 0.21549900690056578), ([[398, 1422], [478, 1422], [478, 1448], [398, 1448]], '*5나후컨*', 0.0011028125163820462)]
[([[318, 406], [372, 406], [372, 494], [318, 494]], '지', 0.05080371612534251), ([[891, 375], [935, 375], [935, 503], [891, 503]], '통', 0.0023414663779121186), ([[384, 672], [434, 672], [434, 758], [384, 758]], '[', 0.00876415379018397), ([[8, 890], [100, 890], [100, 942], [8, 942]], '안돼', 0.3295727944751807), ([[520, 912], [658, 912], [658, 964], [520, 964]], '할멈이', 0.1582505843412891), ([[8, 940], [132, 940], [132, 992], [8, 992]], '참율수', 0.3697507455630689), ([[522, 962], [780, 962], [780, 1018], [522, 1018]], '더 거칠계빨면', 0.7381619664682775), ([[8, 992], [98, 992], [98, 1046], [8, 1046]], '없어', 0.9999905591189865), ([[632, 1394], [682, 1394], [682, 1446], [632, 1446]], '표', 0.9422415293763073), ([[257, 1445], [301, 1445], [301, 1535], [257, 1535]], '@', 0.039195072082557125), ([[852, 1510], [884, 1510], [884, 1550], [852, 1550]], '[소', 0.04183727657493376), ([[258, 1534], [290, 1534], [290, 1593], [258, 1593]], '?', 0.9811987126795465)]
[([[100, 340], [236, 340], [236, 390], [100, 390]], '뜨거위', 0.5159625579081614), ([[872, 222], [920, 222], [920, 446], [872, 446]], '출', 0.011022943494265969), ([[266, 962], [436, 962], [436, 1018], [266, 1018]], '*가버림*', 0.9181590568126391), ([[326, 1012], [400, 1012], [400, 1038], [326, 1038]], '*네0골도*', 0.00035133941266959337), ([[764, 1214], [816, 1214], [816, 1348], [764, 1348]], '떨', 0.00190620437998891)]
[([[60, 304], [200, 304], [200, 356], [60, 356]], '이 늙은', 0.9536327193872629), ([[58, 352], [267, 352], [267, 413], [58, 413]], '마법사님이', 0.5576962118437988), ([[880, 364], [968, 364], [968, 414], [880, 414]], '그럼', 0.999573500536868), ([[60, 408], [266, 408], [266, 462], [60, 462]], '따먹어주지', 0.9714830358145128), ([[60, 458], [251, 458], [251, 512], [60, 512]], '고멩아햇.', 0.3042080721922972)]
[([[903, 304], [1077, 304], [1077, 369], [903, 369]], '*비비기*', 0.9905563629169181), ([[24, 402], [271, 402], [271, 464], [24, 464]], '십입태버럿~', 0.04298184491158873), ([[842, 786], [1200, 786], [1200, 842], [842, 842]], '산지얼마나돼없다고', 0.6918818908311959), ([[842, 888], [970, 888], [970, 942], [842, 942]], '체젠이', 0.840194084342781), ([[842, 940], [1104, 940], [1104, 994], [842, 994]], '높구나 고멩아', 0.3868326978952798), ([[32, 1474], [164, 1474], [164, 1526], [32, 1526]], '무거워', 0.9106975969046753)]
[([[974, 220], [1024, 220], [1024, 268], [974, 268]], '하', 0.999510109832741), ([[976, 270], [1104, 270], [1104, 324], [976, 324]], '팔팔한', 0.8457684114974173), ([[990, 322], [1156, 322], [1156, 376], [990, 376]], '어씨신의', 0.24215282499790192), ([[992, 374], [1158, 374], [1158, 428], [992, 428]], '박는것은', 0.4397246241569519), ([[990, 426], [1134, 426], [1134, 476], [990, 476]], '기분이', 0.9998263552445825), ([[469, 587], [509, 587], [509, 659], [469, 659]], '#', 0.018387727918691477), ([[675, 761], [713, 761], [713, 831], [675, 831]], '폐', 0.007087579093628671), ([[46, 914], [186, 914], [186, 966], [46, 966]], '뜨거워!', 0.7570207715034485), ([[46, 966], [132, 966], [132, 1018], [46, 1018]], '이게', 0.9571053986905991), ([[45, 1025], [173, 1025], [173, 1069], [45, 1069]], '~어47그', 0.0007236889898916286), ([[46, 1067], [161, 1067], [161, 1121], [46, 1121]], '이야?', 0.9996941456766854), ([[43, 1118], [394, 1118], [394, 1174], [43, 1174]], '([ 거 려음이 안처주', 0.08950316620299639), ([[667, 1359], [703, 1359], [703, 1429], [667, 1429]], '쁨', 0.0030881974323691136)]
[([[862, 252], [960, 252], [960, 304], [862, 304]], '하아,', 0.7658505685274305), ([[862, 302], [1028, 302], [1028, 356], [862, 356]], '내몸에서', 0.8580252528190613), ([[876, 352], [1004, 352], [1004, 406], [876, 406]], '팔팔한', 0.8026634876966229), ([[864, 404], [988, 404], [988, 458], [864, 458]], '청년의', 0.9999648990696743), ([[878, 454], [1002, 454], [1002, 510], [878, 510]], '정력이', 0.9994665524962095), ([[878, 506], [1082, 506], [1082, 562], [878, 562]], '느껴저엇 !!', 0.8640024873391885), ([[659, 959], [699, 959], [699, 1031], [659, 1031]], '#', 0.014678451275374427), ([[176, 1108], [428, 1108], [428, 1181], [176, 1181]], '이할멈때문에', 0.1951910953883405), ([[177, 1173], [305, 1173], [305, 1225], [177, 1225]], '불알이', 0.5283419489860535), ([[180, 1226], [392, 1226], [392, 1278], [180, 1278]], '말챙거같아.', 0.16620015297877913)]
[([[167, 103], [371, 103], [371, 147], [167, 147]], '아~~~~', 0.8988853546618301), ([[621, 725], [657, 725], [657, 793], [621, 793]], '[', 0.16887873091892303)]
[([[114, 34], [138, 34], [138, 58], [114, 58]], '4.', 0.14258233064220824), ([[146, 34], [198, 34], [198, 58], [146, 58]], '4어.', 0.017701972488617698), ([[752, 466], [922, 466], [922, 522], [752, 522]], '*가버림*', 0.996055377628567), ([[314, 1080], [350, 1080], [350, 1104], [314, 1104]], '베히.', 0.004824084748904171), ([[896, 1130], [1124, 1130], [1124, 1186], [896, 1186]], '곧월급줄게..', 0.3481379304632477)]
[([[12, 414], [138, 414], [138, 466], [12, 466]], '믿을수', 0.6372651121067284), ([[12, 466], [96, 466], [96, 520], [12, 520]], '없어', 0.9999189104264612), ([[524, 486], [612, 486], [612, 536], [524, 536]], '*껑*', 0.1426471322774887), ([[12, 516], [100, 516], [100, 568], [12, 568]], '내가', 0.9994838244269488), ([[10, 567], [227, 567], [227, 621], [10, 621]], '서서즐다니;', 0.30126611918764135), ([[1048, 902], [1134, 902], [1134, 952], [1048, 952]], '이화', 0.6081262494192887), ([[1050, 954], [1150, 954], [1150, 1008], [1050, 1008]], '탈론!', 0.3766204528251533)]
[([[640, 216], [724, 216], [724, 264], [640, 264]], '여기', 0.9999556618032679), ([[640, 264], [766, 264], [766, 320], [640, 320]], '니월급', 0.7786723212185964), ([[858, 348], [944, 348], [944, 396], [858, 396]], '노인', 0.9997808434221807), ([[245, 949], [289, 949], [289, 1021], [245, 1021]], '2', 0.7733406121953976), ([[649, 1254], [802, 1254], [802, 1314], [649, 1314]], '*강하게', 0.9931491613388062), ([[654, 1306], [846, 1306], [846, 1370], [654, 1370]], '잡아당김*', 0.9958824576531538), ([[5, 1539], [73, 1539], [73, 1575], [5, 1575]], '[시7', 0.20695893654637892)]
[([[41, 47], [185, 47], [185, 133], [41, 133]], '후기', 0.9999951109690732), ([[41, 221], [743, 221], [743, 309], [41, 309]], '르불항은 이어 하더군요', 0.21258606963592602), ([[802, 236], [926, 236], [926, 292], [802, 292]], '다드', 0.053036016563939525), ([[41, 395], [843, 395], [843, 488], [41, 488]], '맞출법 틀린거 지적할거면', 0.5394123434884284), ([[43, 485], [593, 485], [593, 575], [43, 575]], '직접 번역증해쥐..', 0.44193922762059157), ([[39, 663], [189, 663], [189, 751], [39, 751]], '누가', 0.9996265150597693), ([[33, 741], [468, 741], [468, 842], [33, 842]], '[6달(궁 스짧로]', 0.04397224303649642), ([[41, 837], [441, 837], [441, 925], [41, 925]], '18 ##_#:름다', 0.04250579947030449), ([[39, 925], [1001, 925], [1001, 1013], [39, 1013]], '-기) 간7 0!) > 0##0', 0.015202444520473056), ([[43, 1013], [629, 1013], [629, 1101], [43, 1101]], '18 7" 55풍@-', 0.046282242029559426), ([[43, 1191], [387, 1191], [387, 1279], [43, 1279]], '번역증해쥐', 0.6734759896246878), ([[36, 1275], [707, 1275], [707, 1367], [36, 1367]], '(라9어,-라 치면나용', 0.0040745239236070815), ([[42, 1361], [660, 1361], [660, 1459], [42, 1459]], '대플인데 일본어야 .', 0.250421535192445)]
