716602
26
[([[10, 12], [212, 12], [212, 66], [10, 66]], '52번째 번역본', 0.4413988198961068), ([[871, 59], [1081, 59], [1081, 103], [871, 103]], '50 4튿- (', 0.003106715859578517), ([[926, 106], [1086, 106], [1086, 160], [926, 160]], '성박)', 0.006373482972173153), ([[40, 888], [1112, 888], [1112, 1184], [40, 1184]], '앙@어|고기', 2.7017418176778662e-05), ([[375, 1197], [858, 1197], [858, 1296], [375, 1296]], '@태-때 물@ 잃에다', 0.0014502753268756936), ([[127, 1325], [163, 1325], [163, 1339], [127, 1339]], '-미-.', 0.006368196103721857), ([[931, 1317], [967, 1317], [967, 1357], [931, 1357]], '1.', 0.5606999595693256), ([[980, 1308], [1004, 1308], [1004, 1340], [980, 1340]], '3', 0.9051793918075965), ([[31, 1493], [170, 1493], [170, 1549], [31, 1549]], '{오오여@옛', 0.00031797472973164995), ([[943.0876568944764, 138.0697698140963], [1082.856129358207, 159.69395676183873], [1071.9123431055236, 214.9302301859037], [932.143870641793, 193.30604323816127]], '-하여', 0.0010093730912331743), ([[165.41998520943426, 1323.085951191133], [218.99491739966146, 1342.857505900024], [212.58001479056574, 1359.914048808867], [159.00508260033854, 1339.142494099976]], "관'0?", 0.0029408580157905817), ([[817.9819816180111, 1329.3495485304309], [917.0103647036773, 1317.6990538422833], [921.0180183819889, 1368.6504514695691], [821.9896352963227, 1380.3009461577167]], '2008.', 0.9957457512900986), ([[539.0823106418454, 1420.9563902195064], [1061.4381620789763, 1328.8821947467457], [1077.9176893581546, 1470.0436097804936], [555.5618379210237, 1562.1178052532543]], '(뇨-퓨-박보', 0.00043624919774821753), ([[543.3167184270003, 1384.6334368540006], [700.3201865053627, 1361.2259027507753], [705.6832815729997, 1415.3665631459994], [549.6798134946373, 1439.7740972492247]], '민영요심식자', 0.06665296673402293)]
[([[110, 80], [160, 80], [160, 140], [110, 140]], '그', 0.9957661238581892), ([[110, 200], [164, 200], [164, 374], [110, 374]], '세', 0.01984886325980839), ([[987, 73], [1047, 73], [1047, 307], [987, 307]], '류', 0.025374396224187246), ([[990, 366], [1044, 366], [1044, 488], [990, 488]], '적', 0.20887244216511647), ([[107, 449], [167, 449], [167, 581], [107, 581]], '쥐', 0.048166934505289305), ([[110, 600], [162, 600], [162, 662], [110, 662]], '왜', 0.9996497937737701), ([[990, 558], [1044, 558], [1044, 740], [990, 740]], '품', 0.47756969941903904), ([[108, 690], [164, 690], [164, 926], [108, 926]], '흘', 0.0693473886060616), ([[985, 769], [1049, 769], [1049, 1005], [985, 1005]], '"', 0.02423728801158398)]
[]
[([[795.6690130563039, 55.009136319102], [846.4031859159899, 62.502300712735554], [819.3309869436961, 247.990863680898], [768.5968140840101, 240.49769928726445]], '축', 0.18032730487605253), ([[912.3557146187308, -9.99284215711669], [1117.4756376490438, 94.9737133534408], [911.6442853812692, 497.9928421571167], [706.5243623509563, 393.0262866465592]], '봄', 0.17936186875865534)]
[]
[]
[]
[]
[]
[([[76, 1506], [106, 1506], [106, 1532], [76, 1532]], '11', 0.9871231837988278)]
[([[60, 1504], [96, 1504], [96, 1534], [60, 1534]], '13', 0.4140356183052063)]
[([[1070, 1540], [1104, 1540], [1104, 1568], [1070, 1568]], '16', 0.998808312547937)]
[([[42, 1536], [76, 1536], [76, 1564], [42, 1564]], '17', 0.9999994099441718)]
[([[38, 1546], [70, 1546], [70, 1572], [38, 1572]], '17', 1.0), ([[2202, 1542], [2238, 1542], [2238, 1570], [2202, 1570]], '16', 0.9783503810791144)]
[([[1058, 1540], [1094, 1540], [1094, 1568], [1058, 1568]], '18', 0.9999997471189183)]
[([[29, 1559], [53, 1559], [53, 1579], [29, 1579]], '19', 0.9784477522875354)]
[([[483, 31], [575, 31], [575, 73], [483, 73]], '이렇게?', 0.3891810178756714), ([[392, 74], [428, 74], [428, 104], [392, 104]], '나.', 0.6794348515468555), ([[483, 81], [577, 81], [577, 121], [483, 121]], '이렇게?', 0.5857490301132202), ([[620, 84], [770, 84], [770, 128], [620, 128]], '우라우라우탓', 0.4159644676112123), ([[1016, 74], [1066, 74], [1066, 106], [1016, 106]], '사야', 0.999767441611042), ([[1026, 114], [1052, 114], [1052, 144], [1026, 144]], '뭐', 0.9999948740071183), ([[459, 127], [601, 127], [601, 171], [459, 171]], '이러는거야?', 0.4013487674718825), ([[761, 79], [833, 79], [833, 349], [761, 349]], '8', 0.03339699119955242), ([[350, 368], [400, 368], [400, 400], [350, 400]], '아양', 0.8287338253492837), ([[592, 330], [668, 330], [668, 410], [592, 410]], '{력', 0.08690855184499074), ([[1067, 461], [1121, 461], [1121, 503], [1067, 503]], '별름', 0.39138638582319274), ([[559, 485], [659, 485], [659, 521], [559, 521]], '뭐 . 뭐든지', 0.30969497377858884), ([[577, 525], [641, 525], [641, 561], [577, 561]], '열심히', 0.9997335811850093), ([[205, 559], [229, 559], [229, 579], [205, 579]], '아', 0.9987373763836196), ([[732, 542], [830, 542], [830, 574], [732, 574]], '이렇게 하면', 0.8231916972565922), ([[242, 586], [304, 586], [304, 616], [242, 616]], '어째서', 0.9994896074313013), ([[563, 567], [655, 567], [655, 603], [563, 603]], '하는 것은', 0.44743261518678895), ([[734, 578], [832, 578], [832, 610], [734, 610]], '기분 좋다고', 0.9923680384015804), ([[567, 609], [637, 609], [637, 645], [567, 645]], '증지만', 0.455878937849884), ([[722, 614], [842, 614], [842, 646], [722, 646]], '오빠방에 있단', 0.344595831432874), ([[752, 650], [812, 650], [812, 680], [752, 680]], '책에서', 0.9826285537519152), ([[732, 686], [812, 686], [812, 718], [732, 718]], '읽없어요', 0.6119779944419861), ([[65, 761], [135, 761], [135, 797], [65, 797]], '이런 걸', 0.3656300575103676), ([[55, 801], [145, 801], [145, 837], [55, 837]], '하고 있는', 0.29872237539039026), ([[886, 824], [956, 824], [956, 856], [886, 856]], '어때요?', 0.9998258352279663), ([[72, 842], [128, 842], [128, 874], [72, 874]], '거지?', 0.9995010316941945), ([[601, 815], [709, 815], [709, 995], [601, 995]], '팩', 0.09390055771767525), ([[846, 936], [926, 936], [926, 968], [846, 968]], '정말 기분', 0.9983037779896103), ([[850, 972], [920, 972], [920, 1004], [850, 1004]], '좋아요?', 0.9992172122001648), ([[776, 1130], [826, 1130], [826, 1158], [776, 1158]], '빨리~', 0.9998832728386188), ([[1042, 1202], [1082, 1202], [1082, 1234], [1042, 1234]], '빨리', 0.999968221424118), ([[1026, 1238], [1096, 1238], [1096, 1268], [1026, 1268]], '싸취요~', 0.27929094433784485), ([[130, 1290], [208, 1290], [208, 1314], [130, 1314]], '하고 하고', 0.8930030386683432), ([[468, 1278], [520, 1278], [520, 1308], [468, 1308]], '오늘은', 0.9993448098563151), ([[576, 1278], [636, 1278], [636, 1310], [576, 1310]], '수단올', 0.5569095580377643), ([[138, 1322], [192, 1322], [192, 1348], [138, 1348]], '또하는', 0.762889224375284), ([[468, 1310], [522, 1310], [522, 1340], [468, 1340]], '철저히', 0.9999383325929406), ([[568, 1314], [644, 1314], [644, 1346], [568, 1346]], '위해서는', 0.6547042727470398), ([[138, 1352], [196, 1352], [196, 1380], [138, 1380]], '거에요', 0.7927730385053651), ([[458, 1340], [530, 1340], [530, 1370], [458, 1370]], '하켓어요', 0.8680914044380188), ([[576, 1350], [634, 1350], [634, 1382], [576, 1382]], '목적올', 0.9068961049703768), ([[65, 1373], [85, 1373], [85, 1401], [65, 1401]], '음', 0.9996211887590931), ([[682, 1352], [746, 1352], [746, 1404], [682, 1404]], '83', 0.023386058712569286), ([[568, 1386], [646, 1386], [646, 1418], [568, 1418]], '선택해야', 0.9545375254355352), ([[38, 1406], [114, 1406], [114, 1438], [38, 1438]], '신부로는', 0.9888318777084351), ([[550, 1422], [664, 1422], [664, 1454], [550, 1454]], '하늘 법이지', 0.48475781646882077), ([[38, 1444], [116, 1444], [116, 1476], [38, 1476]], '어울리지', 0.9963489770889282), ([[685, 1423], [749, 1423], [749, 1489], [685, 1489]], "뼈'", 0.8537533658207139), ([[44, 1480], [106, 1480], [106, 1512], [44, 1512]], '않젯어.', 0.23280951380729675)]
[([[76, 42], [134, 42], [134, 72], [76, 72]], '하지만', 0.9997732233720112), ([[456, 36], [552, 36], [552, 68], [456, 68]], '내 매그남은', 0.5366095534740362), ([[722, 40], [774, 40], [774, 72], [722, 72]], '하아?', 0.9992060710905255), ([[940, 24], [968, 24], [968, 60], [940, 60]], '요', 0.006970694419733414), ([[38, 76], [172, 76], [172, 106], [38, 106]], '단군의 아이라면', 0.997994831431481), ([[454, 70], [554, 70], [554, 102], [454, 102]], '대단하다고?', 0.9999183847114714), ([[604, 72], [780, 72], [780, 104], [604, 104]], '아이름 만들고 싶어요?', 0.8487584672185675), ([[68, 110], [142, 110], [142, 142], [68, 142]], '얼마듣지', 0.8265893459320068), ([[466, 106], [542, 106], [542, 136], [466, 136]], '미야미야', 0.7018715143203735), ([[657, 106], [749, 106], [749, 136], [657, 136]], '무슨 소리블', 0.273772969187627), ([[1000, 96], [1088, 96], [1088, 128], [1000, 128]], '미야미야', 0.9990348815917969), ([[46, 144], [160, 144], [160, 176], [46, 176]], '만들 수 있어>', 0.18915934723332173), ([[448, 140], [560, 140], [560, 170], [448, 170]], '어떤 여자라도', 0.9990586351608027), ([[643, 139], [765, 139], [765, 171], [643, 171]], '하시는 거에요?', 0.5271651242947532), ([[1022, 138], [1050, 138], [1050, 170], [1022, 170]], '논;', 0.5929490591789762), ([[464, 174], [544, 174], [544, 204], [464, 204]], '한방이야', 0.9993082880973816), ([[680, 182], [738, 182], [738, 214], [680, 214]], '아무리', 0.9999529234959179), ([[655, 218], [763, 218], [763, 248], [655, 248]], '선생님이라도', 0.9025304310199636), ([[660, 249], [759, 249], [759, 286], [660, 286]], '처맞는 수가', 0.5947153020947443), ([[463, 275], [551, 275], [551, 311], [463, 311]], '그녀석은', 0.9990483522415161), ([[676, 286], [744, 286], [744, 318], [676, 318]], '있어요?', 0.7605061679044346), ([[481, 315], [531, 315], [531, 353], [481, 353]], '중종', 0.7026691864378918), ([[11, 345], [31, 345], [31, 421], [11, 421]], '률', 0.017198675022108922), ([[332, 368], [394, 368], [394, 398], [332, 398]], '단군0', 0.8984525638663408), ([[445, 359], [567, 359], [567, 395], [445, 395]], '단러브니까.', 0.6757126371863286), ([[461, 399], [551, 399], [551, 437], [461, 437]], '안되켓군;', 0.9083717367714671), ([[337, 767], [447, 767], [447, 803], [337, 803]], '외모만 농고', 0.9931504373771755), ([[337, 807], [447, 807], [447, 843], [337, 843]], '보면 최고의', 0.9887216816249804), ([[978, 816], [1048, 816], [1048, 846], [978, 846]], '아; 아니', 0.5101942255593426), ([[360, 852], [424, 852], [424, 884], [360, 884]], '신부감', 0.9999410167663474), ([[972, 848], [1052, 848], [1052, 880], [972, 880]], '역시 뒷어', 0.6564592464876721), ([[352, 892], [420, 892], [420, 924], [352, 924]], '이지만', 0.9994988982461811), ([[186, 1064], [272, 1064], [272, 1092], [186, 1092]], '아이느 역시', 0.6051019499318333), ([[36, 1086], [76, 1086], [76, 1112], [36, 1112]], '그래', 0.999960550777704), ([[200, 1096], [258, 1096], [258, 1126], [200, 1126]], '단군올', 0.7213325854456961), ([[16, 1116], [100, 1116], [100, 1146], [16, 1146]], '천산갑이량', 0.528572683746415), ([[176, 1126], [286, 1126], [286, 1156], [176, 1156]], '꼭 닮은 아이가', 0.7597802963309798), ([[861, 1127], [933, 1127], [933, 1163], [861, 1163]], '하지만', 0.9936614589632026), ([[32, 1148], [84, 1148], [84, 1174], [32, 1174]], '닮아서', 0.9648625050973104), ([[194, 1158], [260, 1158], [260, 1186], [194, 1186]], '쫓켓지 ', 0.04852474853396416), ([[24, 1180], [88, 1180], [88, 1206], [24, 1206]], '귀여워"', 0.15002259612083435), ([[336, 1172], [366, 1172], [366, 1212], [336, 1212]], '단', 0.9997284596744436), ([[853, 1167], [941, 1167], [941, 1203], [853, 1203]], '불렉이든', 0.5149878859519958), ([[851, 1209], [943, 1209], [943, 1245], [851, 1245]], '뭐문 간에', 0.44444415833244305), ([[294, 1230], [406, 1230], [406, 1278], [294, 1278]], '(주제에]', 0.3482884518582742), ([[874, 1252], [918, 1252], [918, 1284], [874, 1284]], '너무', 0.9998864387634857), ([[849, 1291], [945, 1291], [945, 1327], [849, 1327]], '부럽다고', 0.8817214369773865), ([[403, 1321], [423, 1321], [423, 1343], [403, 1343]], '요', 0.9998962906071398), ([[378, 1348], [454, 1348], [454, 1378], [378, 1378]], '용서 못해', 0.9866279509696954), ([[365, 1421], [439, 1421], [439, 1487], [365, 1487]], '1그', 0.15324997984888658), ([[820, 1442], [878, 1442], [878, 1468], [820, 1468]], '이자색', 0.7075530322711477)]
[([[396, 28], [424, 28], [424, 54], [396, 54]], '아', 0.9991105389453345), ([[1002, 24], [1078, 24], [1078, 54], [1002, 54]], '검도로는', 0.9950417280197144), ([[274, 52], [304, 52], [304, 80], [274, 80]], '아', 0.9987434522272451), ([[776, 46], [866, 46], [866, 100], [776, 100]], '머리!', 0.83786288729448), ([[1010, 60], [1068, 60], [1068, 92], [1010, 92]], '타마을', 0.6234289281268548), ([[4, 74], [44, 74], [44, 104], [4, 104]], '그런', 0.999126828995829), ([[4, 110], [36, 110], [36, 138], [4, 138]], '건 .', 0.7651933552719431), ([[1000, 96], [1080, 96], [1080, 128], [1000, 128]], '당해널 수', 0.40991558337596845), ([[1010, 132], [1070, 132], [1070, 164], [1010, 164]], '없지만', 0.9994324175589746), ([[373, 149], [471, 149], [471, 209], [373, 209]], '분명]', 0.5989245481291952), ([[990, 168], [1090, 168], [1090, 198], [990, 198]], '이쪽 분야의', 0.9640534054439096), ([[1002, 204], [1078, 204], [1078, 236], [1002, 236]], '검도라면', 0.9820107817649841), ([[30, 278], [134, 278], [134, 328], [30, 328]], '지지논}', 0.10864615440368652), ([[394, 300], [520, 300], [520, 372], [394, 372]], '허리오', 0.11529802691756612), ([[976, 362], [1012, 362], [1012, 392], [976, 392]], '에?', 0.9976666213900349), ([[630, 434], [658, 434], [658, 472], [630, 472]], '양', 0.9423544710064711), ([[324, 478], [404, 478], [404, 532], [324, 532]], '손목', 0.9999586963383006), ([[526, 582], [558, 582], [558, 610], [526, 610]], "'아", 0.4570525236217952), ([[136, 710], [248, 710], [248, 762], [136, 762]], '그리고', 0.9832729261293067), ([[883, 835], [1105, 835], [1105, 949], [883, 949]], '않아]!', 0.5851288437843323), ([[89, 1213], [291, 1213], [291, 1301], [89, 1301]], '선생님]', 0.4661727249622345), ([[39, 1335], [339, 1335], [339, 1419], [39, 1419]], '너무 세요]', 0.5568236911930877), ([[909, 1323], [1055, 1323], [1055, 1409], [909, 1409]], '아아!', 0.4705340023029387), ([[575.3297979182843, 347.02812260695987], [635.5426865151629, 367.4148652842211], [557.6702020817157, 588.9718773930401], [497.457313484837, 567.5851347157788]], '륙', 0.020623126095946853), ([[445.4913427360585, 403.0324733412566], [478.42417286105143, 411.81827311987], [459.5086572639415, 488.9675266587434], [425.57582713894857, 481.18172688013]], '3', 0.5207802773256844), ([[202.21222931118098, 558.025885529951], [269.4474498119187, 500.00834504057866], [455.787770688819, 733.974114470049], [388.5525501880813, 791.9916549594213]], '"', 0.0418716449488985), ([[35.58019706762069, 695.0055082763482], [457.8793715227829, 989.1174577700626], [376.4198029323793, 1107.994491723652], [-44.879371522782904, 813.8825422299374]], '찌르기~!!느', 0.849515140124954)]
[([[1084, 1552], [1112, 1552], [1112, 1576], [1084, 1576]], '28', 0.9998098387156548)]
[([[1084, 1558], [1112, 1558], [1112, 1582], [1084, 1582]], '30', 0.9998062142905013)]
[([[328, 310], [435, 310], [435, 359], [328, 359]], '709', 0.1580282691085647), ([[19, 1559], [41, 1559], [41, 1577], [19, 1577]], '31', 0.9997119805872899), ([[430.9973506193548, 282.0843686541932], [509.4335793446021, 296.45515904113574], [498.0026493806452, 352.9156313458068], [419.5664206553979, 338.54484095886426]], '973', 0.2756199932248434)]
[([[808, 806], [1036, 806], [1036, 838], [808, 838]], '여러모로 기호름 넣지 않으면', 0.6207345712194782), ([[806, 842], [1100, 842], [1100, 874], [806, 874]], '누구인지 알아 볼 수 없게 돼버럿지만,', 0.3412732597071692), ([[808, 878], [962, 878], [962, 910], [808, 910]], '일단은 후카입니다.', 0.9122403058930204), ([[808, 914], [1034, 914], [1034, 946], [808, 946]], '뱀부 불레이드 동인지인데도,', 0.719542771039049), ([[808, 950], [1076, 950], [1076, 982], [808, 982]], '그냥 그려지고 싶어저 버린경니다:', 0.3260202829564319), ([[807, 985], [1051, 985], [1051, 1021], [807, 1021]], '진부한 감상이지만, 귀엽군요~ .', 0.7019078987999334), ([[807, 1020], [979, 1020], [979, 1058], [807, 1058]], '두꺼운 허버지라든가', 0.28203227574900325), ([[807, 1057], [1015, 1057], [1015, 1093], [807, 1093]], '허리에 쓸데없이 남아도는', 0.7084250258782191), ([[805, 1093], [963, 1093], [963, 1129], [805, 1129]], '살이라든가 (웃음)', 0.6182875994226121)]
[([[520, 24], [1063, 24], [1063, 271], [520, 271]], '한세', 0.02840573649410568), ([[541, 285], [859, 285], [859, 327], [541, 327]], '여러분 오랫만입니다. 7어7없입니다', 0.019265627897174144), ([[541, 321], [1059, 321], [1059, 361], [541, 361]], "이번에 '타켓우치 군이 앉어틀 구입해 주서서 감사합니다.", 0.1351029924329514), ([[541, 357], [1063, 357], [1063, 395], [541, 395]], '어쨌든 이번에는 시간이 너무 부족해서 저로서논 아쉬움이', 0.45542135850808935), ([[541, 391], [1041, 391], [1041, 431], [541, 431]], '너무 크군요 가장 아쉬운 부분은 충분한 폐이지의 만화큼', 0.7653526890072041), ([[539, 425], [1015, 425], [1015, 467], [539, 467]], '그리치 못한 것 입니다 내용올 너무 줄여 버려서 원지', 0.45257400780462526), ([[539, 459], [857, 459], [857, 501], [539, 501]], '캐릭터 소개처럼 되어버려습니다 ;', 0.37113898376048965), ([[541, 493], [1041, 493], [1041, 535], [541, 535]], '타마장 부분은 좀 더 제대로 그리고 싶어논데.아 하지만', 0.3903693131071318), ([[541, 531], [1099, 531], [1099, 569], [541, 569]], '미야미야도 상당히 좋아합니다 물론 단 군과 세트로 해서 (웃음)', 0.5398945265204195), ([[539, 565], [915, 565], [915, 607], [539, 607]], '여러 의미로 미소 짓게 만드는 커플입니다 ', 0.5807323488824314), ([[536, 599], [1119, 599], [1119, 642], [536, 642]], '@리고 내년의 저논 여전히 제 시간이 없을 정도로 바뿐 나날이 월', 0.13221133327522686), ([[539, 633], [1125, 633], [1125, 678], [539, 678]], '꾸(게임이라든가; 애니메이선이라든가 여러가지가 있든것 같으니', 0.061112006061811684), ([[542, 672], [773, 672], [773, 711], [542, 711]], '즐겨주석으면 증계습니다:', 0.2550854531326841), ([[541, 705], [837, 705], [837, 747], [541, 747]], '그럼 다음 여름 코미켜에 만나요', 0.49103173834067804), ([[893, 781], [947, 781], [947, 823], [893, 823]], '12;', 0.42756184935569763), ([[29, 1411], [89, 1411], [89, 1449], [29, 1449]], '* 역', 0.7051016688346863), ([[110, 1412], [142, 1412], [142, 1450], [110, 1450]], '주', 0.9999276412702365), ([[23, 1449], [515, 1449], [515, 1491], [23, 1491]], '제목에 대해서인데 원작올 보신 분은 아시켓지만', 0.41547632808959706), ([[11, 1485], [1002, 1485], [1002, 1534], [11, 1534]], '[죽도( 사] )_가앉다는컷올 키리노가 잘못 씨서 [타켓우치 #진)_가앉다고 쓰는내용이 있습니다;', 0.013201459857271424), ([[25, 1529], [273, 1529], [273, 1573], [25, 1573]], '거기서 나온제목입니다;', 0.5610667724292563), ([[1070, 1530], [1118, 1530], [1118, 1588], [1070, 1588]], '벼', 0.22229640862576705), ([[925.6717988226486, 762.007698233973], [982.8549115136059, 738.7227393233345], [1001.3282011773514, 786.992301766027], [944.1450884863941, 810.2772606766655]], '32', 0.10674660433328982), ([[802.6366360300184, 840.3002996330202], [886.008292280847, 796.0062326616343], [905.3633639699816, 836.6997003669798], [821.991707719153, 880.9937673383657]], '28', 0.6110746983770857)]
[([[35, 43], [474, 43], [474, 192], [35, 192]], '톤@예@ ', 0.003334841765009555), ([[46, 190], [104, 190], [104, 214], [46, 214]], '표;타', 0.03199224030364077), ([[116, 188], [264, 188], [264, 212], [116, 212]], '2008 쇼 12 팀 31 타', 0.3065809564332314), ([[278, 186], [354, 186], [354, 212], [278, 212]], '#]#:포돈;7', 0.00932822011012357), ([[46, 220], [106, 220], [106, 246], [46, 246]], '표수하다', 0.007905263453722), ([[116, 220], [222, 220], [222, 244], [116, 244]], '12 4볕- "-슬-', 0.0009038158151037583), ([[46, 250], [106, 250], [106, 276], [46, 276]], '디수등#', 0.006076513789594173), ([[119, 253], [155, 253], [155, 273], [119, 273]], '[어거', 0.0002516707060192152), ([[116, 282], [300, 282], [300, 306], [116, 306]], '1라`리 +아훨흡6.*어라물안,처;명', 5.20424908017939e-08), ([[116, 310], [384, 310], [384, 336], [116, 336]], '확+ ://감감감 이@|||라물깨,북 !/ +하`교 (어7!', 1.2194629514471035e-07), ([[120, 341], [428, 341], [428, 368], [120, 368]], '주162-0804 롯%하 #하 표굽[다 상써 7 표교', 0.008687722557816897), ([[118, 374], [210, 374], [210, 400], [118, 400]], '##느보15', 0.035771905135600815), ([[253, 370], [370, 370], [370, 398], [253, 398]], '7-15-7소', 0.0909150194598853), ([[49, 409], [71, 409], [71, 429], [49, 429]], '1]', 0.3513748712709715), ([[84, 406], [108, 406], [108, 430], [84, 430]], '^', 0.034971209364024425), ([[117, 403], [220, 403], [220, 431], [117, 431]], '그-~9버#', 0.026844215633552666), ([[1083, 1555], [1107, 1555], [1107, 1573], [1083, 1573]], '34', 0.9999632481459069)]
[([[926, 1290], [1006, 1290], [1006, 1342], [926, 1342]], '1. 3', 0.7242631791423548), ([[388.642811787085, 944.0925260457207], [689.755620037112, 805.6872860163043], [716.3571882129149, 890.9074739542793], [416.24437996288805, 1028.3127139836959]], '388? 응', 0.16022048760384552), ([[813.1430466182295, 1317.3576165455736], [904.061618667958, 1304.083966084543], [909.8569533817705, 1351.6423834544264], [817.938381332042, 1365.916033915457]], '2008.', 0.8056890008764362), ([[538.3806578484223, 1407.347118342318], [1058.4762301168644, 1315.9653499468798], [1075.6193421515777, 1453.652881657682], [554.5237698831357, 1545.0346500531202]], '나-물', 0.002550023913940312), ([[538.6717988226486, 1371.0076982339729], [695.2962256418244, 1343.1804266367265], [702.3282011773514, 1395.9923017660271], [545.7037743581756, 1422.8195733632735]], '번역요식자', 0.7973801590296433)]
