719268
26
[([[106, 161], [375, 161], [375, 209], [106, 209]], '`이유^스-', 0.0007364480035426864), ([[142, 208], [410, 208], [410, 236], [142, 236]], '기-1 7| 디+ 기0+ 06 *', 0.0023251557564687476)]
[([[42, 74], [148, 74], [148, 124], [42, 124]], '[네네', 0.9885485768318176), ([[1696, 54], [1838, 54], [1838, 110], [1696, 110]], '[하루히', 0.9996297955513), ([[1825, 50], [1891, 50], [1891, 156], [1825, 156]], '[잘', 0.3576935202287978), ([[41, 104], [264, 104], [264, 173], [41, 173]], '이렇계요?]', 0.4294765268131764), ([[1693, 91], [1801, 91], [1801, 239], [1693, 239]], '옳륙들', 0.007041842812597848), ([[1705, 93], [1749, 93], [1749, 149], [1705, 149]], '엉', 0.9954057177858431), ([[1787, 99], [1828, 99], [1828, 186], [1787, 186]], '입', 0.25245060109172357), ([[1780, 180], [1890, 180], [1890, 236], [1780, 236]], '볼까]', 0.9689752470649625)]
[([[1190, 90], [1316, 90], [1316, 144], [1190, 144]], '[짜잔]', 0.9832490897225475), ([[88, 1172], [236, 1172], [236, 1226], [88, 1226]], '[이전에', 0.8461413474560138), ([[240, 1169], [297, 1169], [297, 1270], [240, 1270]], '뿐', 0.05324948674345209), ([[284, 1172], [332, 1172], [332, 1226], [284, 1226]], "'은", 0.7913308546549576), ([[84, 1256], [134, 1256], [134, 1350], [84, 1350]], '업', 0.022411553629725356), ([[113, 1203], [355, 1203], [355, 1363], [113, 1363]], '[플렉로움', 0.010565409658686877), ([[186, 1256], [324, 1256], [324, 1308], [186, 1308]], '밟어요_', 0.12778747243585334)]
[([[60, 222], [350, 222], [350, 272], [60, 272]], '[하아 그런가요', 0.9987996790266819), ([[17, 255], [431, 255], [431, 323], [17, 323]], '다행이다 편한일이라]', 0.9361716575274205), ([[989, 215], [1373, 215], [1373, 325], [989, 325]], '[알아"늄적지음로', 0.0034097511451499436)]
[([[0, 790], [392, 790], [392, 1138], [0, 1138]], '(', 0.8172068115340068), ([[35, 1481], [347, 1481], [347, 1541], [35, 1541]], '여자얘들 앞에서', 0.7336817912978933), ([[48, 1515], [240, 1515], [240, 1630], [48, 1630]], '회교록_', 0.011193524114787579), ([[232, 1568], [286, 1568], [286, 1616], [232, 1616]], '도.', 0.9812839782114539), ([[236, 1528], [324, 1528], [324, 1580], [236, 1580]], '조금', 0.9999264966874346)]
[([[44, 98], [384, 98], [384, 154], [44, 154]], '[더 서비스 할건데', 0.9108457252629311), ([[1052, 83], [1307, 83], [1307, 199], [1052, 199]], '[알규왼다올', 0.016050344191482272), ([[74, 140], [162, 140], [162, 190], [74, 190]], '사진', 0.9998880598055085), ([[180, 140], [356, 140], [356, 194], [180, 194]], '이상한데', 0.720833957195282), ([[59, 173], [194, 173], [194, 238], [59, 238]], '뿌리치', 0.9920727698184735), ([[73, 170], [380, 170], [380, 285], [73, 285]], '짝부-해펴체다,', 0.0003200717201106781), ([[1081, 171], [1287, 171], [1287, 281], [1081, 281]], '하곧--]', 0.009359363629803117), ([[1223, 179], [1267, 179], [1267, 225], [1223, 225]], '어', 0.9999899864447457)]
[([[86, 128], [278, 128], [278, 182], [86, 182]], '[이렇게나', 0.8681846025380978), ([[1027, 115], [1293, 115], [1293, 177], [1027, 177]], '[잔뜩 싸네요]', 0.7530967322655963), ([[94, 170], [266, 170], [266, 222], [94, 222]], '진심으로', 0.9996206760406494), ([[114, 212], [244, 212], [244, 264], [114, 264]], '와취서', 0.5024975801722827), ([[108, 254], [256, 254], [256, 304], [108, 304]], '기뻐요]', 0.9997864961624146)]
[([[920, 150], [1272, 150], [1272, 272], [920, 272]], '스류루출물영-품', 0.002397161850594624), ([[1054, 284], [1274, 284], [1274, 340], [1054, 340]], '신만무해요', 0.3943112166365764), ([[980, 368], [1028, 368], [1028, 424], [980, 424]], '않', 0.40737286904490944), ([[977, 1511], [1349, 1511], [1349, 1571], [977, 1571]], '[하루히장 뒤쪽에도', 0.807300939472651), ([[83, 1541], [315, 1541], [315, 1649], [83, 1649]], '이뤄국요?}', 0.04437270867306269), ([[186, 1546], [276, 1546], [276, 1594], [186, 1594]], '네에', 0.9910617776119879), ([[1076, 1554], [1246, 1554], [1246, 1608], [1076, 1608]], '원한다면', 0.9350264072418213), ([[993, 1587], [1335, 1587], [1335, 1699], [993, 1699]], '허녁훌등 불러화]', 0.012523471578470032), ([[926.0416255536154, 247.02418596158475], [1274.7002153870374, 329.6381635259259], [1229.9583744463846, 482.97581403841525], [881.2997846129628, 400.3618364740741]], '[플다주;교권', 0.0016581231480703102), ([[1164.400319904032, 1578.1615675297567], [1282.6071294104534, 1570.489363575556], [1283.599680095968, 1642.8384324702433], [1165.3928705895466, 1650.510636424444]], '벌리고', 0.7342619565324195)]
[([[130, 16], [362, 16], [362, 92], [130, 92]], '3500,', 0.397400313125589), ([[136, 86], [362, 86], [362, 160], [136, 160]], '4000,', 0.3268163873931807), ([[294, 152], [432, 152], [432, 224], [294, 224]], '솜랍이 ', 0.08708704262971878), ([[1055, 153], [1347, 153], [1347, 213], [1055, 213]], '[또 와주석네요', 0.6643258681065679), ([[8, 141], [435, 141], [435, 309], [8, 309]], '말름-말계 _빠', 0.0012790982479020721), ([[1108, 198], [1296, 198], [1296, 252], [1108, 252]], '기뻐라  ]', 0.4882214546170333), ([[33, 237], [137, 237], [137, 301], [33, 301]], '잔뜩_', 0.21781183597859002), ([[131, 295], [363, 295], [363, 372], [131, 372]], '6000,', 0.1693599470140395), ([[122, 356], [374, 356], [374, 524], [122, 524]], '6000/', 0.3058342767771472), ([[98, 506], [360, 506], [360, 580], [98, 580]], '10000마', 0.32563860600557687)]
[]
[]
[]
[]
[]
[]
[([[5.296738472051897, 824.0392248435262], [335.7009209213205, 792.4525045487131], [347.7032615279481, 1114.9607751564738], [17.299079078679462, 1147.5474954512867]], '(씨', 0.15148528894215352)]
[]
[]
[]
[]
[]
[]
[]
[]
[]
[([[393, 323], [639, 323], [639, 387], [393, 387]], '역식자후기', 0.8080827732401554), ([[423, 373], [609, 373], [609, 433], [423, 433]], '124번째', 0.997447302422695), ([[465, 417], [570, 417], [570, 484], [465, 484]], '름감', 0.2580504854275104), ([[326, 522], [712, 522], [712, 574], [326, 574]], '20140716 |;<;+.', 0.01784683764318657), ([[302, 569], [739, 569], [739, 623], [302, 623]], '사0 ^4- 히0 -긋', 0.003941165049984238)]
