730283
15
[([[309, 1369], [913, 1369], [913, 1431], [309, 1431]], '[1 < 거5 + 소- < [- <', 0.14435856355897933), ([[940, 1378], [972, 1378], [972, 1426], [940, 1426]], '2', 0.9999967813517721)]
[([[549, 465], [587, 465], [587, 481], [549, 481]], '어-이', 0.9993842435181609), ([[514, 500], [550, 500], [550, 524], [514, 524]], '이어', 0.385487675505526), ([[105, 1153], [161, 1153], [161, 1193], [105, 1193]], '어제', 0.9999836470619405), ([[710, 1164], [760, 1164], [760, 1196], [710, 1196]], '4자"7', 0.10837500542402267), ([[99, 1185], [191, 1185], [191, 1273], [99, 1273]], '"론', 0.0014557244109727585), ([[123, 1184], [188, 1184], [188, 1235], [123, 1235]], "'콤페", 0.054932730076297356), ([[680, 1324], [734, 1324], [734, 1354], [680, 1354]], '4자0', 0.23090722226063598), ([[792.0789916602317, 1256.1448741467184], [846.9195538383292, 1267.3099236382131], [840.9210083397683, 1292.8551258532816], [786.0804461616708, 1281.6900763617869]], '나제0', 0.3359732118587525)]
[([[863, 61], [883, 61], [883, 87], [863, 87]], '83', 0.5000143937302992), ([[739, 117], [755, 117], [755, 141], [739, 141]], '유', 0.015048556444753558), ([[139, 1013], [199, 1013], [199, 1079], [139, 1079]], '매', 0.022645908343012167), ([[181, 1107], [245, 1107], [245, 1167], [181, 1167]], '뼈', 0.15611347520178143), ([[873.4437764224065, 380.0520150387546], [900.7054539489031, 376.08412367786684], [910.5562235775935, 438.9479849612454], [884.2945460510969, 443.91587632213316]], '움', 0.7790473794750064), ([[697.6712678358369, 1051.5754088880901], [771.6204871283217, 1003.7417084164773], [792.3287321641631, 1041.4245911119099], [718.3795128716783, 1090.2582915835228]], '스우으', 0.06867884970698475), ([[716.2844582472001, 1286.0645203596005], [744.4961389383568, 1274.0308884931453], [775.7155417527999, 1348.9354796403995], [747.5038610616432, 1361.9691115068547]], '욕', 0.2767056211998806)]
[([[690, 90], [762, 90], [762, 168], [690, 168]], '하', 0.9993972494771732), ([[771, 169], [813, 169], [813, 227], [771, 227]], '하', 0.47148966590046726), ([[166, 518], [218, 518], [218, 580], [166, 580]], '하', 0.9986135999850063)]
[([[940, 70], [990, 70], [990, 180], [940, 180]], '한', 0.2559711423601243), ([[903, 121], [947, 121], [947, 235], [903, 235]], '힘', 0.022962708520753106), ([[271, 237], [381, 237], [381, 351], [271, 351]], '{7', 0.14437185167479175), ([[158, 512], [186, 512], [186, 556], [158, 556]], '주', 0.8014699345767582), ([[166, 584], [196, 584], [196, 630], [166, 630]], '주', 0.8830737434273175), ([[336, 756], [355, 756], [355, 807], [336, 807]], '응', 0.17864950632537901), ([[312, 834], [338, 834], [338, 930], [312, 930]], '음', 0.12257028872433295), ([[282, 1012], [308, 1012], [308, 1082], [282, 1082]], '응', 0.22787175415504013), ([[297, 1125], [343, 1125], [343, 1165], [297, 1165]], '비사', 0.5255990795458934), ([[161, 1309], [199, 1309], [199, 1365], [161, 1365]], '"', 0.6505931344635343), ([[97, 1319], [137, 1319], [137, 1415], [97, 1415]], '앗', 0.009288240382477275), ([[103.3300922577378, 311.02809786707985], [205.83284441942422, 390.37317846673494], [162.6699077422622, 445.97190213292015], [60.16715558057577, 366.62682153326506]], '[고', 0.043488990448146816), ([[230.72592165660345, 505.01254605697744], [257.336984138634, 502.0189864659299], [269.2740783433966, 619.9874539430225], [243.66301586136598, 622.9810135340701]], '틀', 0.7943158572617257), ([[204.72592165660345, 507.01254605697744], [231.2856527304118, 504.0136305456946], [246.27407834339655, 621.9874539430225], [219.7143472695882, 624.9863694543054]], '축', 0.15783455385957623), ([[155.34863285439877, 509.03037154206686], [208.01143519896442, 502.2952160034519], [221.65136714560123, 629.9696284579331], [167.98856480103558, 635.704783996548]], '출', 0.20762697300629984)]
[([[394, 150], [422, 150], [422, 206], [394, 206]], '하', 0.41886882791974145), ([[89, 443], [125, 443], [125, 539], [89, 539]], '항', 0.01883751102683484), ([[501, 749], [593, 749], [593, 847], [501, 847]], '대', 0.4506345591073604), ([[828, 888], [902, 888], [902, 962], [828, 962]], '에0', 0.18042954339744618), ([[179, 1189], [223, 1189], [223, 1269], [179, 1269]], '항', 0.13199485577453007), ([[794, 1194], [820, 1194], [820, 1228], [794, 1228]], '기', 0.6852389847208009), ([[842, 1162], [892, 1162], [892, 1250], [842, 1250]], '항', 0.09498781053367455), ([[108, 1208], [180, 1208], [180, 1352], [108, 1352]], '하', 0.01652807376837373), ([[808, 1280], [834, 1280], [834, 1308], [808, 1308]], '1', 0.9746983997136773), ([[472.4765760774098, 29.02747273539297], [510.96293810275597, 23.09360109548146], [527.5234239225903, 133.97252726460704], [488.03706189724403, 139.90639890451854]], '양', 0.05762303811554048)]
[([[128, 324], [176, 324], [176, 424], [128, 424]], '하', 0.3347562211371411), ([[290, 358], [322, 358], [322, 420], [290, 420]], '앗', 0.08327452931644075), ([[843, 357], [887, 357], [887, 439], [843, 439]], '햇', 0.06354085235651397)]
[([[94, 92], [311, 92], [311, 237], [94, 237]], '아아_', 0.9011067849393024), ([[701, 885], [909, 885], [909, 1308], [701, 1308]], '품', 0.03487678498004243)]
[([[118, 940], [144, 940], [144, 1024], [118, 1024]], '?', 0.23697939035616233), ([[386, 894], [414, 894], [414, 1120], [386, 1120]], "'", 0.527859114656394), ([[324, 1132], [354, 1132], [354, 1166], [324, 1166]], '쇼', 0.2073750634932745), ([[112, 1140], [329, 1140], [329, 1224], [112, 1224]], '[회 @', 0.25439786675882), ([[195, 1199], [413, 1199], [413, 1283], [195, 1283]], '뒷퀴최전다', 0.003211692043424645), ([[273, 1267], [407, 1267], [407, 1335], [273, 1335]], '[>>', 0.01612263570470033), ([[24, 1377], [689, 1377], [689, 1439], [24, 1439]], '11 < 거 ; + 소 (= < (= < 2', 0.2675092413311474)]
[([[816, 16], [1000, 16], [1000, 64], [816, 64]], '1 주자', 0.3931590934578422)]
[([[675, 605], [753, 605], [753, 646], [675, 646]], '조늘', 0.03589515598987182)]
[([[902, 32], [984, 32], [984, 60], [902, 60]], '5<,"+', 0.07610759533402923), ([[286, 700], [386, 700], [386, 726], [286, 726]], "1?6 버1''", 0.016364592323930335), ([[710, 864], [781, 864], [781, 892], [710, 892]], "경%' (", 0.0338524829938104), ([[743, 891], [771, 891], [771, 911], [743, 911]], "6'*", 0.17569874227046967), ([[922, 1306], [952, 1306], [952, 1364], [922, 1364]], '0', 0.2968883390062196), ([[708.8858279709377, 839.2145699273442], [749.7500878941253, 844.8012437384582], [746.1141720290623, 869.7854300726558], [705.2499121058747, 864.1987562615418]], '3&', 0.006942197782071256), ([[670.0513167019495, 1233.1539501058485], [693.5665421809504, 1222.053980659058], [714.9486832980505, 1268.8460498941515], [690.4334578190496, 1279.946019340942]], '3', 0.206530880334995)]
[([[325, 118], [555, 118], [555, 157], [325, 157]], '깥0-$커4 +라산기+.', 0.0007443912003125021), ([[566, 122], [654, 122], [654, 152], [566, 152]], '101. 41', 0.34740075895036293), ([[58, 164], [770, 164], [770, 238], [58, 238]], '11 < 거5 + 소- < [- <', 0.13560830529570042), ([[845, 167], [917, 167], [917, 233], [845, 233]], '2', 0.9999991655351472), ([[459, 313], [523, 313], [523, 351], [459, 351]], '놀출', 0.02546140746044399), ([[415, 353], [565, 353], [565, 391], [415, 391]], '출 9다 ^^', 0.11826348833379172), ([[426, 388], [554, 388], [554, 412], [426, 412]], '@라명. *0-싫>나', 0.00015912963127520403), ([[443, 473], [535, 473], [535, 509], [443, 509]], '티]관로', 0.00675765099003911), ([[403, 515], [577, 515], [577, 551], [403, 551]], "그-' 9버#:", 0.1234903002912439), ([[445, 601], [535, 601], [535, 639], [445, 639]], '쭉수타', 0.031853376606978935), ([[329, 639], [451, 639], [451, 677], [329, 677]], '* #표껍47', 0.004843059347859908), ([[512, 640], [660, 640], [660, 672], [512, 672]], '2014. 08. 17', 0.6594451265270405), ([[457, 719], [521, 719], [521, 757], [457, 757]], '쭉수', 0.033484180682678714), ([[415, 765], [563, 765], [563, 801], [415, 801]], '#;준기볶 숨', 0.0028905705158908277), ([[390, 800], [588, 800], [588, 826], [390, 826]], '3323어찌 훌라+어째영어산+~7', 4.0632534225861124e-06), ([[322, 850], [656, 850], [656, 880], [322, 880]], '++명: / /하라`하+0. 53니나<라7]. 스명', 2.3535679387004886e-05), ([[303, 882], [382, 882], [382, 913], [303, 913]], '0+하영아<', 0.0002554886820314693), ([[392, 882], [600, 882], [600, 910], [392, 910]], '@라리라+어-투. $나금기어어', 1.3762744381084609e-05), ([[606, 884], [674, 884], [674, 914], [606, 914]], '미.. 스명', 0.009896085108626542), ([[341, 1213], [627, 1213], [627, 1241], [341, 1241]], '1-=-표(소3상수" < 73', 0.004644087968208623), ([[322, 1240], [666, 1240], [666, 1266], [322, 1266]], '(*내-즈습손 뉴(+-내중 논 손 |상#하1-)', 0.005171488664700681), ([[206, 1345], [529, 1345], [529, 1387], [206, 1387]], '* 1 8 #*##070 #', 0.09446574712082446), ([[545, 1349], [763, 1349], [763, 1385], [545, 1385]], '깥돌 손출 ( *학 .', 0.02123496359075526), ([[169, 1389], [575, 1389], [575, 1427], [169, 1427]], '주름0 # 씌 #주축 .  #빛 .  소문', 0.04763934685505018), ([[589, 1389], [799, 1389], [799, 1427], [589, 1427]], '##손총 ( *화', 0.06430128057691038)]
[]
[([[90, 28], [176, 28], [176, 58], [90, 58]], '70-8없신', 0.005943292097654756), ([[88, 50], [219, 50], [219, 88], [88, 88]], '훌비어미훨이.위}', 9.21083678608303e-07), ([[90, 80], [164, 80], [164, 112], [90, 112]], '벼디41', 0.028141330927610397), ([[709, 642], [966, 642], [966, 668], [709, 668]], '교어교동^~ 메미맣05훨0-(쇄물 [칭쇄째형굽5', 3.576916741170526e-08), ([[701, 671], [977, 671], [977, 737], [701, 737]], "'축-$전뜩", 3.4330026829721704e-05), ([[725, 733], [955, 733], [955, 795], [725, 795]], '미디신쪽', 0.004427507519721985), ([[821, 795], [859, 795], [859, 849], [821, 849]], '2', 0.6421165514945504)]
