773009
12
[([[506, 402], [647, 402], [647, 471], [506, 471]], '0,03', 0.6964414541470404), ([[774, 394], [1152, 394], [1152, 472], [774, 472]], '어서오세요', 0.9997407397038868), ([[774, 554], [1152, 554], [1152, 623], [774, 623]], '부끄러워요', 0.9990544053173325), ([[506, 707], [645, 707], [645, 776], [506, 776]], '005', 0.585279107093811), ([[769, 692], [1155, 692], [1155, 778], [769, 778]], '처음해보는', 0.629637747235245), ([[1180, 692], [1540, 692], [1540, 780], [1180, 780]], '의식(키스)', 0.9270555131278835), ([[506, 859], [647, 859], [647, 928], [506, 928]], '5,06', 0.22483563423156738), ([[774, 835], [1231, 835], [1231, 919], [774, 919]], '일어나주세요', 0.6368926503341947), ([[769, 996], [1233, 996], [1233, 1080], [769, 1080]], '부탁드컵니다', 0.7900645248577783), ([[762, 1137], [1022, 1137], [1022, 1227], [762, 1227]], '(넓히고', 0.9996798038482666), ([[1095, 1144], [1281, 1144], [1281, 1223], [1095, 1223]], '활고)', 0.653204599010448), ([[774, 1300], [1305, 1300], [1305, 1386], [774, 1386]], '달아오르고엇어', 0.4048019199529505), ([[513, 1472], [646, 1472], [646, 1538], [513, 1538]], '[10', 0.05117436699498879), ([[770, 1450], [1205, 1450], [1205, 1534], [770, 1534]], '산입(넣없다)', 0.391741560671412), ([[511, 1627], [636, 1627], [636, 1688], [511, 1688]], '0311', 0.053921833634376526), ([[772, 1600], [1411, 1600], [1411, 1687], [772, 1687]], '저논 괜찮으니까요', 0.6083013695589287), ([[511, 1778], [644, 1778], [644, 1843], [511, 1843]], '012', 0.6021417851611505), ([[772, 1740], [1298, 1740], [1298, 1824], [772, 1824]], '질내(안) 에 사정', 0.9850951436008878), ([[763, 1817], [1206, 1817], [1206, 1902], [763, 1902]], '(나오고있어)', 0.6462583825781445), ([[511, 1932], [644, 1932], [644, 1993], [511, 1993]], '033', 0.4164968455813305), ([[774, 1937], [1036, 1937], [1036, 2002], [774, 2002]], '옛? 또:?', 0.74879492541406), ([[511, 2081], [646, 2081], [646, 2142], [511, 2142]], '04', 0.8881396031907937), ([[775, 2065], [1173, 2065], [1173, 2145], [775, 2145]], '더논양대~!!', 0.2609029971334346), ([[511, 2229], [642, 2229], [642, 2292], [511, 2292]], '015', 0.8491871953010559), ([[773, 2217], [1001, 2217], [1001, 2295], [773, 2295]], '필로우', 0.9945047267060653), ([[1079, 2214], [1514, 2214], [1514, 2298], [1079, 2298]], '토크 (판권장)', 0.7237741847471636), ([[1330, 2622], [1452, 2622], [1452, 2658], [1330, 2658]], "'", 0.6062955219042578), ([[510.25995562830275, 567.2578535733992], [642.3123874170277, 555.2109966060605], [644.7400443716972, 611.7421464266008], [511.68761258297235, 623.7890033939395]], '004', 0.6698418523683921), ([[509.1736368240006, 1022.2424562488021], [644.240396295152, 1012.8286510631194], [644.8263631759994, 1072.7575437511978], [509.759603704848, 1081.1713489368806]], '0,07', 0.5489189242921323), ([[510.25995562830275, 1177.2578535733992], [642.3123874170277, 1165.2109966060605], [644.7400443716972, 1221.7421464266008], [511.68761258297235, 1233.7890033939395]], '008', 0.8510975719367289), ([[508.3070020560507, 1329.2438069905725], [642.3218598600201, 1317.2291142877582], [644.6929979439493, 1374.7561930094275], [510.67814013997986, 1385.7708857122418]], '009', 0.9843283935020163)]
[]
[]
[]
[]
[([[88, 357], [187, 357], [187, 447], [88, 447]], '야', 0.3526685319478453), ([[1137.6456128186726, 99.00628148656813], [1575.4970831763976, 322.8686406880424], [1533.3543871813274, 400.9937185134319], [1095.5029168236024, 177.1313593119576]], '넓히 지말 야 "', 0.22633970179226998), ([[1414.3448087826484, 152.02388032228262], [1613.9920513322224, 233.62182961686915], [1580.6551912173516, 306.9761196777174], [1382.0079486677776, 225.37817038313085]], '그런:', 0.47029784760713633), ([[16.57623620696758, 520.0074846571824], [575.140575692111, 169.2250481662721], [612.4237637930324, 260.99251534281757], [54.85942430788897, 611.7749518337279]], '그런 곳을 함으면', 0.19476239520340752), ([[178.3761958152204, 307.1205119619767], [411.4274854264792, 175.88627950694388], [445.6238041847796, 261.8794880380233], [212.57251457352078, 393.1137204930561]], '안되요', 0.9800334410144245), ([[1609.4588124137867, 348.0162860688617], [1840.7898002003458, 466.06624395592394], [1804.5411875862133, 531.9837139311384], [1573.2101997996542, 414.93375604407606]], '주세요', 0.999655673889473)]
[([[1431, 223], [1540, 223], [1540, 314], [1431, 314]], '8', 0.7800689376249477), ([[1399.1896655424123, 121.03288617167206], [1486.861798660721, 201.34321782499887], [1428.8103344575877, 263.96711382832797], [1342.138201339279, 183.65678217500113]], '하', 0.761440467199975), ([[14.500433463453824, 420.0104031228918], [462.55097090310755, 112.58092067894549], [505.4995665365462, 203.98959687710823], [56.449029096892424, 512.4190793210545]], '안쪽 까지', 0.8816565496804557), ([[84.29451937684456, 509.01915653394], [482.2060368160601, 252.8212808006048], [524.7054806231554, 350.98084346606], [126.79396318393992, 607.1787191993952]], '들 어 .. 맛?', 0.43959619378760784), ([[1564.2525906813164, 271.03108817579607], [1660.9722290130335, 344.2935252745643], [1611.7474093186836, 408.96891182420393], [1516.0277709869665, 335.7064747254357]], '아', 0.46479760946068893), ([[1671.407010571767, 325.0135315216952], [1839.1263757472727, 485.3148093703719], [1762.592989428233, 569.9864684783048], [1594.8736242527273, 409.6851906296281]], '아앗', 0.6071748301283256)]
[]
[([[219, 168], [307, 168], [307, 273], [219, 273]], '옷', 0.9543254219809114), ([[606, 96], [709, 96], [709, 265], [606, 265]], '햄', 0.052743875031963094), ([[1533, 192], [1609, 192], [1609, 243], [1533, 243]], '아', 0.97674377358587), ([[7, 242], [156, 242], [156, 473], [7, 473]], '응', 0.858151594215574), ([[1606, 393], [1663, 393], [1663, 430], [1606, 430]], '이', 0.140338685960387), ([[1607, 445], [1719, 445], [1719, 495], [1607, 495]], '원가', 0.3117206215431897), ([[47, 466], [183, 466], [183, 569], [47, 569]], '이', 0.2102529666463946), ([[1610, 511], [1669, 511], [1669, 547], [1610, 547]], '가', 0.9987651348002515), ([[18, 573], [165, 573], [165, 690], [18, 690]], '야', 0.5629149248161411), ([[20, 679], [178, 679], [178, 839], [20, 839]], '야', 0.0533601354409905), ([[438.0729607040109, 274.08669173125764], [539.8058200693191, 289.6201110692054], [530.9270392959892, 336.91330826874236], [429.1941799306809, 321.3798889307946]], '안예', 0.3598792749875011), ([[373.185687072251, 325.0555156274324], [578.9716478035537, 356.41740021428745], [567.814312927749, 409.9444843725676], [362.0283521964463, 377.58259978571255]], '싸 주세 옷', 0.4391313401730039)]
[([[1556, 122], [1722, 122], [1722, 237], [1556, 237]], '아', 0.493746068933535), ([[180, 264], [234, 264], [234, 338], [180, 338]], '7', 0.7994263398127863), ([[1350, 359], [1438, 359], [1438, 460], [1350, 460]], '8', 0.21975587219877557), ([[1146, 1114], [1194, 1114], [1194, 1238], [1146, 1238]], '국', 0.415329488792171), ([[1268.1644588494623, 97.07030721182768], [1432.9550711222582, 120.33121739454185], [1424.8355411505377, 165.92969278817233], [1260.0449288777418, 143.66878260545815]], '또 터분', 0.13434026006317132), ([[1286.9074644389061, 150.10030797009324], [1398.775049629546, 166.37248601349157], [1389.0925355610939, 215.89969202990676], [1277.224950370454, 200.62751398650843]], '양켓', 0.17128485926168155), ([[1233.2397140787302, 202.05814151174692], [1437.9984988500853, 236.8774877732822], [1427.7602859212698, 276.9418584882531], [1224.0015011499147, 242.1225122267178]], '저이거', 0.7100526454735878), ([[1606.1890822799826, 207.02531647972245], [1711.39397666775, 222.0732102016175], [1684.8109177200174, 392.97468352027755], [1579.60602333225, 377.92678979838246]], '액', 0.16559505644488937), ([[1253.1360026099594, 260.0752148767684], [1373.9464518178725, 284.27019563342867], [1363.8639973900406, 326.9247851232316], [1242.0535481821275, 303.72980436657133]], '느은', 0.6251058024561862), ([[160.48945978956164, 333.0144922962848], [228.6098080231881, 353.9622408436368], [176.51054021043836, 526.9855077037153], [107.39019197681192, 506.0377591563632]], '%', 0.15347290217734155), ([[1589.1478758857115, 955.0201811885145], [1726.682356063411, 976.3061124289818], [1690.8521241142885, 1201.9798188114855], [1552.317643936589, 1180.6938875710182]], '<', 0.041182896568216165), ([[1173.013606076168, 1012.0816364570071], [1217.4341413593506, 1044.4563593637083], [1157.986393923832, 1125.918363542993], [1112.5658586406494, 1093.5436406362917]], '2', 0.2934109353923908), ([[1576.6750115999953, 1161.0031066797528], [1698.8714192473358, 1140.022349146735], [1790.3249884000047, 1717.9968933202472], [1668.1285807526642, 1738.977650853265]], '{', 0.46380751038714507), ([[1714.6364862379733, 2040.0047201619682], [1813.3863561500038, 2027.0688113706924], [1868.3635137620267, 2452.995279838032], [1769.6136438499962, 2466.9311886293076]], ';', 0.22504663564805938)]
[([[1579, 238], [1629, 238], [1629, 280], [1579, 280]], '요', 0.9989215660506865), ([[188, 665], [251, 665], [251, 719], [188, 719]], '휴', 0.08356567494070077), ([[129, 847], [194, 847], [194, 897], [129, 897]], '^', 0.4644356935389169), ([[810, 2043], [1258, 2043], [1258, 2103], [810, 2103]], '8 메사마~~~~!', 0.3562603963402673), ([[491, 2111], [1575, 2111], [1575, 2185], [491, 2185]], "폐로페로페로폐로폐하  가*가*아칭'' 릇!!", 0.00021461032297773078), ([[541, 2195], [625, 2195], [625, 2233], [541, 2233]], '못;', 0.013472174949385513), ([[689, 2195], [951, 2195], [951, 2233], [689, 2233]], '201 4세 2/30', 0.2942431428270538), ([[687, 2269], [771, 2269], [771, 2305], [687, 2305]], '그-돈', 0.749850875818497), ([[787, 2267], [1042, 2267], [1042, 2305], [787, 2305]], '(꾸:-)디- *^꼬신4)', 0.00022442634457831655), ([[610, 2315], [1180, 2315], [1180, 2355], [610, 2355]], '\'");//>담 [*거 "서"/ 커뱀6형\' ["5?히= ] 48008', 8.146636683150081e-06), ([[610, 2364], [998, 2364], [998, 2409], [610, 2409]], "훌+명:/ /*어무나덧미명'어 >@6,(<2.<어`/", 2.1693319276120063e-06), ([[542, 2440], [575, 2440], [575, 2471], [542, 2471]], '67', 0.18257438565211673), ([[593, 2440], [624, 2440], [624, 2469], [593, 2469]], '뭐]', 0.020551380003788474), ([[683, 2436], [951, 2436], [951, 2474], [683, 2474]], '*슨17 >7 4" 7', 0.1215120908452389), ([[1293.172509771504, 91.04908208063539], [1479.9750507378767, 131.40951951425384], [1464.827490228496, 188.9509179193646], [1277.0249492621233, 148.59048048574616]], '정말 "', 0.19460377097129822), ([[1101.2894041839063, 122.03616100228113], [1362.999799136286, 176.9469712186645], [1347.7105958160937, 233.96383899771885], [1085.000200863714, 179.0530287813355]], '몇 번 이나', 0.6667823724888603), ([[1378.3069948509526, 181.04015571819247], [1584.997529056361, 226.82782213235328], [1570.6930051490474, 278.95984428180753], [1364.002470943639, 233.17217786764672]], '산거에', 0.3191243739324176), ([[56.140056594299644, 732.8840339565797], [182.11581915001227, 673.8495207971763], [208.85994340570036, 735.1159660434203], [82.88418084998771, 793.1504792028237]], '우후', 0.9972017544100636), ([[46.81905150197848, 809.0876450632558], [311.4494795096325, 693.2666910036603], [330.1809484980215, 757.9123549367442], [65.5505204903675, 873.7333089963397]], '저 정말로', 0.7159374330407048), ([[174.31478714334182, 833.2518297146735], [300.4819822314408, 784.0110358140178], [317.68521285665815, 832.7481702853265], [191.51801776855925, 880.9889641859822]], '뼈요', 0.6518042561767426)]
[]
