778267
36
[([[62, 22], [244, 22], [244, 72], [62, 72]], '물운물운물', 0.3363043126191926), ([[79, 69], [133, 69], [133, 111], [79, 111]], '떠)갑', 0.0007536219682471731), ([[67, 111], [127, 111], [127, 155], [67, 155]], '운물', 0.882205290874366), ([[68, 152], [100, 152], [100, 196], [68, 196]], '', 0.0), ([[62, 192], [248, 192], [248, 244], [62, 244]], '유물운물유하', 0.06630026655142918), ([[61, 275], [182, 275], [182, 327], [61, 327]], '@뛰야켓', 0.037859007716178894), ([[64, 318], [248, 318], [248, 370], [64, 370]], '@프확바스', 0.012415468876319348), ([[59, 359], [340, 359], [340, 412], [59, 412]], '@문매있어 동물멘', 0.028741129345443445), ([[62, 402], [346, 402], [346, 458], [62, 458]], '@등 비전바', 0.03375371034568492), ([[62, 446], [744, 446], [744, 500], [62, 500]], '(젠장꿀장훌방애하다4일어어눈센원찮지워이터', 0.003844732370742732), ([[64, 490], [182, 490], [182, 540], [64, 540]], '운출유물', 0.24300040304660797), ([[62, 530], [484, 530], [484, 587], [62, 587]], '(경쓰여때제되미있그이켓', 0.0031001897514051392)]
[([[76, 708], [150, 708], [150, 760], [76, 760]], '딸객', 0.3323762025209202), ([[84, 766], [168, 766], [168, 816], [84, 816]], '[?@', 0.019574725381916777), ([[84, 822], [246, 822], [246, 872], [84, 872]], '@웃으웃고 ', 0.03257214568480599), ([[68, 880], [194, 880], [194, 934], [68, 934]], '눈엉덩애', 0.11383600533008575), ([[69, 936], [505, 936], [505, 996], [69, 996]], '엉덩이메문지아름다운 엉덩이개', 0.7466693674901526), ([[84, 996], [220, 996], [220, 1048], [84, 1048]], '@/옷[', 0.02432306483387947), ([[71, 1053], [345, 1053], [345, 1113], [71, 1113]], '아아내사람이대', 0.08629390963649838), ([[74, 1113], [470, 1113], [470, 1169], [74, 1169]], '여자애가명장고킬뒤지교언대', 0.10488706394032882)]
[]
[]
[([[1123, 43], [1470, 43], [1470, 95], [1123, 95]], '모일단 침대에 눕혀빛는데', 0.13137994961064636), ([[1210, 104], [1484, 104], [1484, 154], [1210, 154]], '"으음 어떤계 된건지,', 0.3768165468335006), ([[922, 160], [1484, 160], [1484, 213], [922, 213]], "'약마가 와서? 마법올 쓰고? _너무 오결트잡아", 0.19179301606359317), ([[1064, 220], [1482, 220], [1482, 272], [1064, 272]], '교치만 그 빛은 어떻게 설명하지?', 0.3154252839546244), ([[948, 280], [1482, 280], [1482, 332], [948, 332]], '일단 이 녀석은 정체률 알 수 없는 녀석이다', 0.3166711412212407), ([[1170, 338], [1452, 338], [1452, 386], [1170, 386]], '라는 것 만은 확실한데', 0.8610974444115151)]
[([[1242, 46], [1481, 46], [1481, 94], [1242, 94]], '벗길까? 벗겨불까?', 0.3056129889503815), ([[1232, 104], [1484, 104], [1484, 152], [1232, 152]], '아니 그래도 말이야', 0.9214174154197167), ([[1268, 162], [1482, 162], [1482, 210], [1268, 210]], '불법침입이라고?', 0.9060654431424785), ([[1167, 219], [1482, 219], [1482, 271], [1167, 271]], '이쪽은 냉장고 털려다고?', 0.30480377717293455), ([[1122, 280], [1482, 280], [1482, 328], [1122, 328]], '조금 맛보는 정도는 괜찮잖아', 0.763871498435073), ([[1168, 338], [1480, 338], [1480, 386], [1168, 386]], '거기다 이것화 약마잡아', 0.8283115002437407), ([[1068, 396], [1480, 396], [1480, 444], [1068, 444]], '패 괜찮은거지 분명 그렇고 말고', 0.857677228344413)]
[([[1345, 48], [1485, 48], [1485, 102], [1345, 102]], '조물조물', 0.998760461807251), ([[1147, 103], [1491, 103], [1491, 163], [1147, 163]], '[우와; 무지 부드러워 ]', 0.2441571092380633), ([[1304, 164], [1470, 164], [1470, 220], [1304, 220]], '@응; 우  ', 0.16338120863489058), ([[1280, 222], [1488, 222], [1488, 278], [1280, 278]], '[이게; 가슴]', 0.7659195208023145), ([[1347, 281], [1483, 281], [1483, 335], [1347, 335]], '문질문질', 0.9996907711029053), ([[1319, 335], [1471, 335], [1471, 395], [1319, 395]], '유하응 ', 0.024320581927895546), ([[997, 395], [1491, 395], [1491, 457], [997, 457]], '(아; 안일어나네 중아 그렇다면 ]', 0.42015515582586094)]
[([[1390, 46], [1516, 46], [1516, 100], [1390, 100]], '(으싸]', 0.3641869127750397), ([[1312, 106], [1516, 106], [1516, 162], [1312, 162]], '부비부비부비', 0.8355235514847558), ([[1386, 168], [1410, 168], [1410, 198], [1386, 198]], '[', 0.897038798880633), ([[1400, 164], [1498, 164], [1498, 218], [1400, 218]], '\'"응[', 0.1687479333688118), ([[1209, 219], [1521, 219], [1521, 279], [1209, 279]], '[아; 이거 위험한걸 ]', 0.5610317034237473), ([[1377, 281], [1513, 281], [1513, 335], [1377, 335]], '문질문질', 0.9997637271881104), ([[1314, 338], [1516, 338], [1516, 394], [1314, 394]], '부비부비부비', 0.637484618654043), ([[1350, 398], [1500, 398], [1500, 452], [1350, 452]], '[응응]', 0.33708181977272034), ([[1083, 449], [1522, 449], [1522, 514], [1083, 514]], '[위험해; 이이제 갈 것 같아 ]', 0.5642663548965698), ([[1378, 514], [1516, 514], [1516, 570], [1378, 570]], '부비부비', 0.9953948855400085), ([[1237, 571], [1521, 571], [1521, 631], [1237, 631]], '붐부비부비부비', 0.3010325958795599)]
[]
[]
[([[35, 31], [401, 31], [401, 97], [35, 97]], '어라 혹시 젖은결까?', 0.3476914640135765), ([[54, 96], [124, 96], [124, 150], [54, 150]], '["!', 0.05150870311806269), ([[35, 149], [451, 149], [451, 213], [35, 213]], '어절 수 없지 빗겨줄까?', 0.6228435985956787), ([[31, 205], [683, 205], [683, 273], [31, 273]], '팬티가 축축하게 되어있으니 불쌍하네', 0.8691522827734587), ([[35, 263], [283, 263], [283, 331], [35, 331]], '나 상낭하구나', 0.6916241453506724)]
[([[53, 45], [337, 45], [337, 107], [53, 107]], '하오오 1오오오 ', 0.13857304654259553), ([[37, 103], [611, 103], [611, 169], [37, 169]], '이게  어점 이리도 아름다울수가"', 0.4070284581346076), ([[39, 157], [226, 157], [226, 226], [39, 226]], '너; 넣어도', 0.7866104574890518), ([[37, 217], [333, 217], [333, 283], [37, 283]], '아니 말설이지마', 0.9651076461348005), ([[35, 276], [401, 276], [401, 343], [35, 343]], '차려농은 밥상이잡아', 0.4449379540165117), ([[35, 335], [481, 335], [481, 401], [35, 401]], '마음먹없으면 실행해야지', 0.7919580900485642)]
[([[41, 39], [175, 39], [175, 99], [41, 99]], '@용웃갑', 0.017907220870256424), ([[39, 95], [273, 95], [273, 157], [39, 157]], '@;용화0@', 0.010938322393488752), ([[41, 155], [301, 155], [301, 217], [41, 217]], '하으유야 :0@', 0.011154204147208366), ([[23, 213], [553, 213], [553, 273], [23, 273]], '[기분 증야그보다 잘도 자는구나]', 0.21583905053780478), ([[25, 268], [489, 268], [489, 333], [25, 333]], '[그만림마법이 강력햇당건가?]', 0.2749485382293676), ([[41, 331], [315, 331], [315, 391], [41, 391]], '[햇 기훈조아 0 [', 0.19032004475852182), ([[25, 387], [447, 387], [447, 449], [25, 449]], '(그그렇구나 /1렇다면 ]', 0.11678467498648491), ([[41, 445], [267, 445], [267, 507], [41, 507]], '@야(아 어쇼', 0.011324503273435399), ([[25, 505], [473, 505], [473, 565], [25, 565]], '[전력으로 질내에 부어주켓어)', 0.8744647562636334)]
[([[33, 49], [318, 49], [318, 135], [33, 135]], '품옷 품옷', 0.07542765325210661), ([[49, 172], [266, 172], [266, 234], [49, 234]], '@훈이@빠', 0.0013206084833838462), ([[49, 231], [555, 231], [555, 293], [49, 293]], '[하아하아 더너무 기분종아-', 0.06949600850145415), ([[49, 291], [235, 291], [235, 351], [49, 351]], '@응하0갑', 0.038977449754677124)]
[([[37, 33], [295, 33], [295, 95], [37, 95]], '@응앙흉에 0', 0.0224669091214819), ([[40, 92], [158, 92], [158, 148], [40, 148]], '떠예고', 0.15477081984308252), ([[105, 267], [211, 267], [211, 327], [105, 327]], '@?@', 0.012989572419790811), ([[39, 320], [481, 320], [481, 386], [39, 386]], '[야그저 이건 말이야그-', 0.08855243168230717), ([[36, 383], [361, 383], [361, 443], [36, 443]], '문음 그일단 그거야]', 0.2646211601789934), ([[37, 438], [557, 438], [557, 503], [37, 503]], '@이결로 냉장고 일은-없둘년결로 @', 0.04171702263197694), ([[47.072960704010875, 150.08669173125764], [132.80552982664926, 167.61910062452608], [120.92703929598912, 212.91330826874236], [36.19447017335074, 195.38089937547392]], '다손', 0.013804162201343492), ([[48.08955369908846, 207.0835899750777], [131.8848660955806, 227.9331901630341], [119.91044630091153, 270.9164100249223], [35.1151339044194, 249.0668098369659]], '[ ', 0.0016929247075196162), ([[42.94525616909806, 261.0934345469491], [121.32443251602879, 272.2340610306344], [112.05474383090194, 328.9065654530509], [33.67556748397121, 317.7659389693656]], '떼아;(', 0.06644263863563538)]
[]
[]
[([[1335, 743], [1523, 743], [1523, 805], [1335, 805]], '@듭지캠', 0.004607520531862974), ([[1087, 801], [1523, 801], [1523, 865], [1087, 865]], '딴결복숙하리올비니-', 0.0019533116901644405), ([[1172, 854], [1544, 854], [1544, 927], [1172, 927]], '@려다오르씹0?]', 0.007890390590422939), ([[925, 973], [1539, 973], [1539, 1041], [925, 1041]], '"둘본때진_로망하눈여적이없되거야?', 0.012251932253274268), ([[1227, 1034], [1542, 1034], [1542, 1097], [1227, 1097]], '운연하늘올 날앉어', 0.04580789170383887), ([[1201, 1093], [1543, 1093], [1543, 1157], [1201, 1157]], '약마란거 진짜여구다-', 0.29050751938492947)]
[([[40, 44], [278, 44], [278, 100], [40, 100]], '#뭐하는 거야? ', 0.24154814625436163), ([[42, 102], [482, 102], [482, 158], [42, 158]], '하이 일어낫구나 인간 어떠나', 0.4455859466124444), ([[25, 159], [689, 159], [689, 219], [25, 219]], '자고있는 사이에 멋대로 당하고 잇는 기분이노', 0.1637175887242893), ([[40, 220], [236, 220], [236, 276], [40, 276]], '[어떠나니', 0.2596154206843198), ([[23, 275], [373, 275], [373, 335], [23, 335]], '[음 기다려화 여기논]', 0.462575260750655), ([[120, 812], [310, 812], [310, 962], [120, 962]], '00', 0.19915828763109777)]
[([[40, 44], [262, 44], [262, 100], [40, 100]], '#릇; 분하다: ', 0.03062123525493317), ([[41, 101], [777, 101], [777, 161], [41, 161]], '@후후후; 그 표정이다 그 표정올 보고 싶엿되거다 ', 0.3000421258977017), ([[39, 158], [680, 158], [680, 220], [39, 220]], '무제장 정신올 차리고 보니 자지틀 붙잡혀서', 0.16141418521974993), ([[27, 217], [703, 217], [703, 285], [27, 285]], '이 상태예서 손으로 문질리지기라도 한다면 신', 0.2143356189495241), ([[39, 275], [721, 275], [721, 339], [39, 339]], '@후후 바보같으니 입 밖으로 내탤과있다고? ', 0.08804433720562568), ([[28, 338], [166, 338], [166, 392], [28, 392]], '문질문질', 0.9974725246429443), ([[40, 394], [192, 394], [192, 450], [40, 450]], '@우아앗노', 0.02714177644727873), ([[24, 452], [304, 452], [304, 508], [24, 508]], '[진짜로 하고있에]', 0.5119881640260796), ([[39, 509], [283, 509], [283, 569], [39, 569]], '끊어떠나 자 자례', 0.11397783066852188), ([[39, 565], [451, 565], [451, 630], [39, 630]], '{위험해 이런" 이 이상원', 0.04166619195306551), ([[27, 625], [665, 625], [665, 687], [27, 687]], '예틀 들어 혀로 분드완움아지거나 하면-', 0.07818784057039298), ([[23, 685], [255, 685], [255, 745], [23, 745]], '[좀-억지인가켓', 0.20071633288888266), ([[158, 818], [304, 818], [304, 962], [158, 962]], ')', 0.8724282906192151)]
[([[48, 50], [260, 50], [260, 106], [48, 106]], '[이, 이렇계? ', 0.07261376341648831), ([[27, 105], [166, 105], [166, 166], [27, 166]], '[앉다-개]', 0.1105206719036577), ([[48, 166], [258, 166], [258, 220], [48, 220]], '하아 위험해', 0.29202283280802216), ([[48, 226], [276, 226], [276, 278], [48, 278]], '[응 후 별름-', 0.15534825214103137), ([[47, 276], [415, 276], [415, 345], [47, 345]], '"손으로 문질러지면서 {', 0.10359007814460132), ([[48, 342], [126, 342], [126, 394], [48, 394]], '무옷기', 0.106049733158419), ([[34, 400], [235, 400], [235, 456], [34, 456]], '문질문질문질', 0.9993229419992732), ([[48, 458], [260, 458], [260, 514], [48, 514]], '.어, 어떠나? ', 0.17539533732609688), ([[47, 515], [337, 515], [337, 575], [47, 575]], '[중아 무지 중아{', 0.19066282348741107), ([[47, 573], [211, 573], [211, 633], [47, 633]], '@응, 으후{', 0.14075259294438303), ([[46, 629], [375, 629], [375, 693], [46, 693]], '7위험해 이제 괜매 @', 0.038494635654501105), ([[47, 689], [211, 689], [211, 749], [47, 749]], "'하아;화짝@", 0.08849574697268041), ([[34, 749], [171, 749], [171, 805], [34, 805]], '문질문질', 0.9975178837776184), ([[48, 808], [242, 808], [242, 864], [48, 864]], "'[응 하잇어@", 0.06436856607010531), ([[48, 868], [176, 868], [176, 920], [48, 920]], ' 웃료', 0.08675041794776917), ([[45, 923], [375, 923], [375, 985], [45, 985]], '[하` 춤_떨름얼름', 0.014175047483507248)]
[([[28, 38], [206, 38], [206, 134], [28, 134]], '뜻; 뜻', 0.13787436345134535), ([[42, 168], [178, 168], [178, 220], [42, 220]], '하으옛? ', 0.055028644801047945), ([[42, 226], [255, 226], [255, 278], [42, 278]], '하하아 하아]', 0.16616835745324768), ([[21, 279], [453, 279], [453, 345], [21, 345]], '(뜨거워" 원가 잔뜩 나아서니]', 0.21334333539239728), ([[120, 812], [310, 812], [310, 962], [120, 962]], '00', 0.19915828763109777)]
[([[1293, 23], [1565, 23], [1565, 85], [1293, 85]], '[자 잠깐 기다려@', 0.11475886429877334), ([[1195, 79], [1563, 79], [1563, 142], [1195, 142]], '[아이권문가 이상해]', 0.03936708024445045), ([[1129, 135], [1564, 135], [1564, 204], [1129, 204]], '[나라아이예권 벌월쥐야지_', 0.057981889843644975), ([[1241, 199], [1561, 199], [1561, 259], [1241, 259]], '예마련 너도전예{', 0.07486406536971514), ([[1450, 258], [1562, 258], [1562, 314], [1450, 314]], '@후옷말', 0.07626096159219742), ([[1494, 316], [1576, 316], [1576, 372], [1494, 372]], '무위', 0.8280588789122121), ([[1261, 373], [1563, 373], [1563, 433], [1261, 433]], "'#아앗이 답그만0 -", 0.03669300640791404), ([[1399, 431], [1565, 431], [1565, 491], [1399, 491]], '@육반이 .', 0.02135429978659444), ([[1425, 491], [1579, 491], [1579, 551], [1425, 551]], '피걱찌계', 0.014772804453969002), ([[1331, 547], [1565, 547], [1565, 609], [1331, 609]], '떼아아아앉어@', 0.026068577855890993), ([[1207, 607], [1565, 607], [1565, 669], [1207, 669]], '[양다양때양대양되0@', 0.029318200780067034), ([[47, 639], [307, 639], [307, 703], [47, 703]], '[기분증은거야고  ', 0.06797736701197883), ([[44, 694], [293, 694], [293, 759], [44, 759]], '@닥치 이 약매]', 0.03449303963617233), ([[31, 755], [507, 755], [507, 815], [31, 815]], "[약마에게 '악마란 소길 들없다 !", 0.1675241499438836), ([[50, 816], [284, 816], [284, 872], [50, 872]], '[응 용어 응어-', 0.14777479681806371), ([[48, 874], [370, 874], [370, 930], [48, 930]], '하아히횟, 안쪽까짓( -', 0.03851902676625046), ([[48, 932], [364, 932], [364, 988], [48, 988]], '[안쪽까지 들어외서진', 0.08023529867808432), ([[44, 985], [236, 985], [236, 1047], [44, 1047]], '하아0 아이}', 0.032231923643284185), ([[48, 1050], [240, 1050], [240, 1102], [48, 1102]], '하아 양대0-', 0.22538223335903762), ([[48, 1108], [292, 1108], [292, 1160], [48, 1160]], '[정말로 이게-', 0.1406711567528055)]
[]
[([[79, 41], [443, 41], [443, 173], [79, 173]], '떠회이햇"포', 0.00015219340693618192), ([[80, 175], [241, 175], [241, 288], [80, 288]], '[말갑', 0.00336567377346313)]
[([[69, 47], [343, 47], [343, 107], [69, 107]], '_애애여괴에` ', 0.0006643976344840481), ([[39, 105], [409, 105], [409, 167], [39, 167]], '(일단 상황울지켜보자 ]', 0.20416781082924446), ([[53, 158], [238, 158], [238, 227], [53, 227]], '@목욕이다', 0.7383307409792205), ([[57, 218], [355, 218], [355, 285], [57, 285]], '@의목욕인데  뭐? }', 0.16317887024376374), ([[55, 278], [785, 278], [785, 343], [55, 343]], '문꼼짝도 못하켓지? 후후후 자 각오하도록해라 노', 0.2903633488984614)]
[([[72, 80], [329, 80], [329, 146], [72, 146]], '@다리게없다 ', 0.11063116960376308), ([[70, 138], [192, 138], [192, 203], [70, 203]], '@오옷 ', 0.0185707900673151), ([[59, 199], [351, 199], [351, 261], [59, 261]], '(묶아야 못참없어]', 0.21537718330283737), ([[76, 260], [392, 260], [392, 316], [76, 316]], '문자; 각오해래 인간-', 0.1504840285143815), ([[75, 315], [265, 315], [265, 377], [75, 377]], '@우 우아--', 0.10572415818825794)]
[]
[([[1070, 48], [1534, 48], [1534, 102], [1070, 102]], '월드 들어와 0 너 너무 귀  0-', 0.163033025516557), ([[1133, 103], [1534, 103], [1534, 163], [1133, 163]], '하위험해 이 녀석 귀여워 [', 0.11949488458357792), ([[1404, 162], [1535, 162], [1535, 217], [1404, 217]], '@구 웃]', 0.08299695840194661), ([[1104, 222], [1535, 222], [1535, 278], [1104, 278]], '[와켓? 무, 무 월 움직이고:]', 0.05480254362265674), ([[1302, 280], [1536, 280], [1536, 336], [1302, 336]], '@응, 응0 응어  ', 0.14206499954828664), ([[1129, 335], [1537, 335], [1537, 395], [1129, 395]], '@안돼켓어 너 너무 귀여워[', 0.1814583111467773), ([[1400, 396], [1538, 396], [1538, 452], [1400, 452]], '[후옛? [', 0.19633343474744352), ([[1132, 456], [1554, 456], [1554, 512], [1132, 512]], '[우대들? 무지 조이고 있어?]', 0.10825690511127024)]
[([[1302, 60], [1506, 60], [1506, 172], [1302, 172]], '품준', 0.04083585664589514), ([[1280, 190], [1489, 190], [1489, 253], [1280, 253]], '$우하아앗- ', 0.025680999915820162), ([[1308, 254], [1488, 254], [1488, 308], [1308, 308]], '5아 안에-', 0.5179807814819023), ([[1262, 312], [1486, 312], [1486, 366], [1262, 366]], '@뜻뜻하고 0-', 0.06696025990790963), ([[1356, 368], [1488, 368], [1488, 424], [1356, 424]], '하아즈]', 0.06325680017471313)]
[]
[]
[([[1348, 40], [1524, 40], [1524, 100], [1348, 100]], '@웃웃웃0 -', 0.0367309883208772), ([[1230, 102], [1522, 102], [1522, 156], [1230, 156]], '하아움 춤 활짝 0 -', 0.23662130147613492), ([[1198, 160], [1524, 160], [1524, 216], [1198, 216]], '@뭐; 뭐야 갑자기 웃{', 0.10563744799422554), ([[1282, 218], [1524, 218], [1524, 274], [1282, 274]], '@응; 햇, 춤우0 ', 0.06665550557931889), ([[1151, 271], [1509, 271], [1509, 334], [1151, 334]], '@양대; 괴로위 으우웃이 _', 0.17934054675916), ([[1501, 299], [1517, 299], [1517, 323], [1501, 323]], '김', 0.06831378006220135), ([[1190, 331], [1525, 331], [1525, 393], [1190, 393]], '뚜혀, 빨지 말아주엇0 -', 0.1365839319204054), ([[1074, 394], [1522, 394], [1522, 450], [1074, 450]], '[머리가  이상하게 되버려 0 -', 0.3045627395087603), ([[1364, 452], [1520, 452], [1520, 508], [1364, 508]], '[하웃; 축_', 0.06685262813042965), ([[1203, 505], [1507, 505], [1507, 567], [1203, 567]], '(옷; 양대, 양대에 0_', 0.11836715458649233), ([[1499, 531], [1517, 531], [1517, 557], [1499, 557]], '김', 0.1731244991781331), ([[1245, 567], [1525, 567], [1525, 627], [1245, 627]], "'[보지; 녹아버려]", 0.22558459538873527)]
[([[1227, 67], [1501, 67], [1501, 155], [1227, 155]], '뜻 뜻유차', 0.1077448276472654), ([[1242, 194], [1480, 194], [1480, 248], [1242, 248]], '@으우우웃어0[', 0.17718284349057933), ([[1252, 252], [1480, 252], [1480, 306], [1252, 306]], '떼네, 햇 응  0[', 0.08078147478241293), ([[1234, 310], [1480, 310], [1480, 362], [1234, 362]], '하하아하아 0!', 0.0356997048852701), ([[1308, 370], [1480, 370], [1480, 422], [1308, 422]], '[초, 춤0[', 0.10298715288460594)]
[([[1267, 851], [1508, 851], [1508, 913], [1267, 913]], '`또올테이_@', 0.005329797279104879), ([[1237, 909], [1509, 909], [1509, 973], [1237, 973]], '@음예,아직', 0.007862744275886851), ([[1358, 970], [1508, 970], [1508, 1026], [1358, 1026]], '@흐 흥', 0.3143584094612373)]
[([[0, 0], [66, 0], [66, 68], [0, 68]], '후', 0.9989518291079982), ([[189, 5], [401, 5], [401, 69], [189, 69]], '".형감', 0.00047525210538879037), ([[396, 60], [626, 60], [626, 136], [396, 136]], '역히한', 0.5676789995781828), ([[400, 128], [504, 128], [504, 200], [400, 200]], '끊이', 0.9962256477201971), ([[403, 203], [1125, 203], [1125, 265], [403, 265]], '요즘 계속 거유만 햇더니 속이 니글거리네요', 0.5875213874374418), ([[403, 263], [1103, 263], [1103, 327], [403, 327]], '앞으로는 로리로 심신올 정화해아켓습니다.', 0.7301851287411524), ([[403, 385], [1009, 385], [1009, 449], [403, 449]], '근데 악마년 거유인데도 존나 귀엽네.', 0.7665565462945341), ([[403, 1545], [599, 1545], [599, 1611], [403, 1611]], '팀 개드컵', 0.5368124863255491), ([[403, 1635], [1141, 1635], [1141, 1699], [403, 1699]], '팀 개드립에서는 일본어름 한글로 번역해주실', 0.2754945829616233), ([[1138, 1617], [1332, 1617], [1332, 1708], [1138, 1708]], '역자분과', 0.9978582262992859), ([[401, 1708], [1344, 1708], [1344, 1786], [401, 1786]], '번역된 한국어름 편집해 주실 식자분올 구하고 있습니다', 0.5168206051624626), ([[400, 1798], [1385, 1798], [1385, 1874], [400, 1874]], '신청은 [--권이: 어:꼬예서 하실수 있습니다', 0.004719776538297279), ([[403, 1885], [1276, 1885], [1276, 1949], [403, 1949]], '혼자하는 작업보다 같이 하는 작업이 더욱 즐겁습니다', 0.6964524597910063)]
