940819
157
[([[98, 1731], [635, 1731], [635, 1819], [98, 1819]], '홍숙 도미토리라더니', 0.6265381775138638), ([[170, 1811], [540, 1811], [540, 1923], [170, 1923]], '남녀 합방!', 0.9181880998044909), ([[56, 2119], [232, 2119], [232, 2193], [56, 2193]], '너무 중드', 0.31175202321812845), ([[56, 2185], [232, 2185], [232, 2259], [56, 2259]], '이 나라트', 0.5454966322024144), ([[115, 3064], [622, 3064], [622, 3262], [115, 3262]], '후쿠오칸하', 0.011516569374804145), ([[213, 3233], [508, 3233], [508, 3297], [213, 3297]], '초문하@*시*3', 0.0352821744583969), ([[127, 3276], [595, 3276], [595, 3501], [127, 3501]], '여인들', 0.9992821843994452), ([[347, 3562], [605, 3562], [605, 3613], [347, 3613]], '글그림 화초바시', 0.7343329212808888), ([[171, 4367], [539, 4367], [539, 4465], [171, 4465]], '일본여자와', 0.9253781329571493), ([[168, 4461], [557, 4461], [557, 4553], [168, 4553]], '사귀고싶다!', 0.9469531919589348)]
[([[163, 2132], [605, 2132], [605, 2230], [163, 2230]], '눈생각만으로', 0.7760244540238056), ([[100, 2225], [477, 2225], [477, 2333], [100, 2333]], '일본에 앓다', 0.2711472915984861), ([[144, 2972], [570, 2972], [570, 3070], [144, 3070]], '이뤄사이마세!', 0.760974528328349)]
[([[175, 515], [508, 515], [508, 613], [175, 613]], '이이쁘다', 0.9994441866874695), ([[179, 613], [508, 613], [508, 718], [179, 718]], '일본 여자', 0.9950001478986362), ([[205, 1432], [419, 1432], [419, 1501], [205, 1501]], '큰입니다', 0.21272753179073334), ([[412, 1959], [590, 1959], [590, 2020], [412, 2020]], '개인 서탑', 0.42717596065008395), ([[412, 2014], [590, 2014], [590, 2075], [412, 2075]], '키있어요', 0.9920958280563354), ([[330, 2775], [357, 2775], [357, 2806], [330, 2806]], '0', 0.9975213885159953), ([[539, 3180], [632, 3180], [632, 3272], [539, 3272]], '철러', 0.13068257619983453), ([[528, 3383], [620, 3383], [620, 3479], [528, 3479]], '철척', 0.05801626190439356), ([[177, 3982], [427, 3982], [427, 4060], [177, 4060]], '이상하네.', 0.9981235290221588), ([[45, 4608], [219, 4608], [219, 4672], [45, 4672]], '(이게 웬', 0.9039032121740098), ([[49, 4674], [215, 4674], [215, 4743], [49, 4743]], '떡이나', 0.27073661521687775), ([[240, 4834], [427, 4834], [427, 4997], [240, 4997]], '러', 0.3841404786550271)]
[([[133, 2930], [589, 2930], [589, 3018], [133, 3018]], '여자 팬티는 정말', 0.5260603938827738), ([[133, 3012], [448, 3012], [448, 3100], [133, 3100]], '부드럽구나', 0.970564432517641), ([[210, 3378], [273, 3378], [273, 3429], [210, 3429]], '보들', 0.9978772180009932), ([[145, 3410], [237, 3410], [237, 3499], [145, 3499]], '보리', 0.044865192850858174), ([[125, 4110], [569, 4110], [569, 4194], [125, 4194]], '일본여자는 가슴이', 0.6390939213276752), ([[130, 4189], [494, 4189], [494, 4263], [130, 4263]], '크다더니 역시.', 0.9905003841672817)]
[([[145, 555], [475, 555], [475, 643], [145, 643]], '일본여자와', 0.9243370437513556), ([[141, 637], [577, 637], [577, 729], [141, 729]], '식스하고 싶다!', 0.4534314173637349), ([[69, 1483], [406, 1483], [406, 1820], [69, 1820]], '과', 0.9324165380612612), ([[55, 1989], [463, 1989], [463, 2432], [55, 2432]], '안', 0.7765592686629965), ([[0, 2442], [526, 2442], [526, 2850], [0, 2850]], '(대', 0.12890546035738704), ([[128, 3011], [422, 3011], [422, 3387], [128, 3387]], '0', 0.9842806240417445), ([[34, 3687], [711, 3687], [711, 4301], [34, 4301]], '야', 0.8468135467100559)]
[([[147, 336], [572, 336], [572, 434], [147, 434]], '이뤄사이마세!', 0.7280406179609109), ([[93, 2233], [535, 2233], [535, 2310], [93, 2310]], '미인 앞에서 비 좋딱', 0.6353030191603531), ([[93, 2298], [535, 2298], [535, 2379], [93, 2379]], '맞은 거지끌이라니:.', 0.5108354409202086), ([[230, 3353], [522, 3353], [522, 3430], [230, 3430]], '번역어름로-', 0.23169202831157343), ([[123, 4176], [290, 4176], [290, 4248], [123, 4248]], '플리즈', 0.975560320096971), ([[261, 4878], [449, 4878], [449, 4950], [261, 4950]], '아고상', 0.5273749828338623), ([[261, 4942], [471, 4942], [471, 5019], [261, 5019]], '예약되어', 0.9998723268508911), ([[261, 5011], [479, 5011], [479, 5088], [261, 5088]], '있습니다', 0.9370821714401245), ([[195, 5264], [274, 5264], [274, 5300], [195, 5300]], '습;67*%', 0.04041463862164644)]
[([[139, 395], [363, 395], [363, 467], [139, 467]], '저,한국어', 0.9514201649656528), ([[139, 465], [363, 465], [363, 537], [139, 537]], '조금 해요', 0.9127169121318072), ([[403, 656], [561, 656], [561, 723], [403, 723]], '오세요', 0.7886977575060784), ([[69, 1202], [107, 1202], [107, 1243], [69, 1243]], '0', 0.9998753109702108), ([[68, 1248], [143, 1248], [143, 1301], [68, 1301]], '아', 0.03894426230526826), ([[172, 2871], [239, 2871], [239, 2947], [172, 2947]], '살', 0.9998191676835724)]
[([[247, 167], [408, 167], [408, 236], [247, 236]], '서랍이', 0.4584656658697934), ([[250, 235], [501, 235], [501, 304], [250, 304]], '고장 낫나?', 0.8947543085688585), ([[-74.42086222478177, 1219.018028343598], [230.63344363448672, 974.0035827113741], [746.4208622247818, 1724.981971656402], [440.3665563655133, 1969.996417288626]], '호', 0.03188641021039751)]
[([[175, 80], [426, 80], [426, 158], [175, 158]], '이상하네.', 0.9865762867200462), ([[48, 703], [223, 703], [223, 770], [48, 770]], '이게 웬', 0.6528611227575178), ([[48, 769], [215, 769], [215, 836], [48, 836]], '떡이나', 0.3405766725450187), ([[235, 931], [431, 931], [431, 1201], [235, 1201]], '텅', 0.3547871559969771), ([[89, 1481], [157, 1481], [157, 1553], [89, 1553]], '크', 0.9948509627018929), ([[84, 1562], [228, 1562], [228, 1636], [84, 1636]], '크다:', 0.872886947454596), ([[138, 2897], [598, 2897], [598, 3082], [138, 3082]], '나온다 .', 0.4042572922669252), ([[138, 3066], [479, 3066], [479, 3240], [138, 3240]], '나와 .', 0.907550036907196), ([[53, 4035], [353, 4035], [353, 4179], [53, 4179]], '제발..', 0.8880100250244141), ([[48, 4179], [622, 4179], [622, 4336], [48, 4336]], '꼭지까지만', 0.99645795488735), ([[93, 4533], [157, 4533], [157, 5107], [93, 5107]], "'", 0.431294835932988), ([[76.45535598428583, 2037.0052975922918], [275.80357415428637, 2004.4151187179593], [364.54464401571414, 2606.9947024077082], [165.19642584571363, 2639.5848812820404]], '슬', 0.707521666987251)]
[([[290, 112], [341, 112], [341, 168], [290, 168]], '2', 0.996145393807879), ([[364, 117], [412, 117], [412, 165], [364, 165]], '7', 0.7762928838853931), ([[298, 689], [404, 689], [404, 750], [298, 750]], '0좁!', 0.04254360264861096), ([[275, 1565], [376, 1565], [376, 1632], [275, 1632]], '공-', 0.9994914097209521), ([[271, 2681], [462, 2681], [462, 2756], [271, 2756]], '그그럼', 0.9999709556890053), ([[127, 3350], [360, 3350], [360, 3428], [127, 3428]], '때냉규-', 0.29817759237178054), ([[264.85809327375506, 42.06541148166888], [430.50991184554096, 65.90782007476277], [415.14190672624494, 148.9345885183311], [248.49008815445907, 125.09217992523723]], '차각', 0.6371359331788428)]
[([[98, 187], [252, 187], [252, 273], [98, 273]], '진장!', 0.2267481474461555), ([[97, 275], [177, 275], [177, 325], [97, 325]], '너무', 0.9999425964749058), ([[95, 317], [281, 317], [281, 380], [95, 380]], '노골적으로', 0.9220971214884969), ([[97, 372], [266, 372], [266, 427], [97, 427]], '쳐다차어!', 0.12767078601549087), ([[21, 1258], [283, 1258], [283, 1355], [21, 1355]], '첫날부터', 0.9970587491989136), ([[394, 1216], [587, 1216], [587, 1418], [394, 1418]], '수서', 0.00274710078349683), ([[26, 1348], [282, 1348], [282, 1438], [26, 1438]], '일본너의', 0.9086835384368896), ([[25, 1432], [224, 1432], [224, 1528], [25, 1528]], '유료올', 0.843826486318042), ([[26, 1522], [223, 1522], [223, 1608], [26, 1608]], '보다니', 0.9998948353533328), ([[20, 2061], [691, 2061], [691, 2483], [20, 2483]], '대발', 0.1573227134676208), ([[140, 4096], [325, 4096], [325, 4150], [140, 4150]], '짐 정리 끝!', 0.9048144082891078), ([[140, 4147], [292, 4147], [292, 4197], [140, 4197]], '사워하러', 0.6739944219589233), ([[140, 4198], [262, 4198], [262, 4252], [140, 4252]], '가볼까', 0.8503819676143605), ([[345.41000317999044, 4809.4560050879845], [415.5578037572328, 4799.4323138262125], [418.58999682000956, 4830.5439949120155], [348.4421962427672, 4840.5676861737875]], '{농능', 0.16242160552219062)]
[([[56, 301], [691, 301], [691, 557], [56, 557]], '후구오카 ', 0.027506783604758906), ([[174, 518], [550, 518], [550, 603], [174, 603]], '초습맺@*시*3', 0.009494920416914262), ([[67, 578], [661, 578], [661, 862], [67, 862]], '여인들', 0.999747001693488), ([[354, 941], [673, 941], [673, 1008], [354, 1008]], '글,그림 화초바시', 0.4034807314804264), ([[270, 1264], [411, 1264], [411, 1360], [270, 1360]], '2회', 0.5023953393857226)]
[([[263, 201], [381, 201], [381, 279], [263, 279]], '그럼', 0.9998980904412973), ([[263, 279], [466, 279], [466, 357], [263, 357]], '그렇지.', 0.9993138313293457), ([[135, 565], [294, 565], [294, 633], [135, 633]], '사워나', 0.9970188681936666), ([[135, 631], [247, 631], [247, 696], [135, 696]], '하자', 0.9997057433856712), ([[123, 3002], [585, 3002], [585, 3095], [123, 3095]], '여자 팬티는 정말', 0.4675123907720288), ([[125, 3090], [440, 3090], [440, 3178], [125, 3178]], '부드럽구나', 0.9515904486138774), ([[206, 3453], [265, 3453], [265, 3504], [206, 3504]], '보들', 0.9962914088583126), ([[137, 3489], [233, 3489], [233, 3573], [137, 3573]], '보뭐', 0.1378648010999597), ([[125, 4274], [573, 4274], [573, 4358], [125, 4358]], '일본여자는 가슴이', 0.5865837522260029), ([[130, 4357], [490, 4357], [490, 4431], [130, 4431]], '크다더니 역시.', 0.8892346490908788)]
[([[164, 453], [260, 453], [260, 538], [164, 538]], '아:', 0.7067845310538563), ([[164, 543], [565, 543], [565, 635], [164, 635]], '여자 살 냄새.', 0.7116837159894418), ([[2, 2893], [320, 2893], [320, 3127], [2, 3127]], '버쩍', 0.45060764255324876), ([[506, 3452], [583, 3452], [583, 3520], [506, 3520]], '태', 0.5268985251350387), ([[419, 3732], [506, 3732], [506, 3806], [419, 3806]], '대', 0.3916675093266839), ([[502, 3709], [571, 3709], [571, 3817], [502, 3817]], '글', 0.8256789090119696), ([[405.8739011716143, 2948.0275839009323], [661.1154341313323, 3006.8819716251064], [610.1260988283857, 3197.9724160990677], [354.8845658686676, 3139.1180283748936]], '버쩍', 0.4147772831825787), ([[591.3774764341784, 3460.027736062799], [649.1010070451266, 3479.2062825359053], [612.6225235658216, 3585.972263937201], [555.8989929548734, 3566.7937174640947]], '글', 0.1461795107894126)]
[([[159, 197], [565, 197], [565, 275], [159, 275]], '사위 중인 여자틀', 0.659640450927939), ([[163, 266], [499, 266], [499, 347], [163, 347]], '훈처본 한국인', 0.88201261506985), ([[163, 342], [482, 342], [482, 420], [163, 420]], '변태틀 체포-', 0.3175900312478426), ([[194, 801], [513, 801], [513, 875], [194, 875]], '용서해 주세요!', 0.994971863622759), ([[187, 1709], [568, 1709], [568, 1787], [187, 1787]], '여행 와서 은팔찌', 0.8802418393461081), ([[190, 1778], [492, 1778], [492, 1856], [190, 1856]], '촬 수는 없지!', 0.4333224396014341), ([[247, 2111], [326, 2111], [326, 2176], [247, 2176]], '벌떡', 0.9998897456245891), ([[184, 2680], [398, 2680], [398, 2749], [184, 2749]], '아무래도', 0.9999440908432007), ([[194, 2748], [468, 2748], [468, 2823], [194, 2823]], '옆 사위 실로', 0.9584023620909933), ([[183, 2818], [399, 2818], [399, 2892], [183, 2892]], '가야켓네', 0.989276647567749), ([[420, 3175], [480, 3175], [480, 3190], [420, 3190]], '진_', 0.0039931479494586366), ([[244, 3644], [470, 3644], [470, 3746], [244, 3746]], '재빨리', 0.9999207822521489), ([[247, 3744], [432, 3744], [432, 3847], [247, 3847]], '탈출!', 0.9668563023346534), ([[443, 3868], [595, 3868], [595, 4068], [443, 4068]], '탓', 0.6226934710058494), ([[173, 4178], [448, 4178], [448, 4338], [173, 4338]], '우파다_', 0.12631727755069733)]
[([[176, 870], [398, 870], [398, 951], [176, 951]], '마주치면', 0.9996102452278137), ([[177, 945], [506, 945], [506, 1023], [177, 1023]], '걸그러우니까', 0.35824527370719955), ([[179, 1016], [541, 1016], [541, 1101], [179, 1101]], '빨리 씻어야지!', 0.9879417790716108), ([[245, 1508], [385, 1508], [385, 1551], [245, 1551]], "'소리22로{", 0.0038372083777560755), ([[393, 2162], [487, 2162], [487, 2222], [393, 2222]], '웃차', 0.7846362457437965), ([[314, 3079], [621, 3079], [621, 3159], [314, 3159]], '초스피드로', 0.9982591837712144), ([[311, 3156], [524, 3156], [524, 3249], [311, 3249]], '셋없다!', 0.4050209837613336), ([[160.48100555791416, 2134.011228387817], [241.40654614798908, 2102.006888634322], [347.51899444208584, 2388.988771612183], [266.5934538520109, 2420.993111365678]], '물', 0.8309252232086237), ([[-26.27592355652624, 3100.050955543422], [69.63442131853226, 3037.012582772987], [196.27592355652624, 3256.949044456578], [99.36557868146774, 3320.987417227013]], '둘', 0.19395163886662203), ([[92.32045951601917, 3366.077975918882], [179.98477767606838, 3385.698168549611], [172.67954048398084, 3414.922024081118], [85.01522232393162, 3395.301831450389]], '5전]씬안끈', 0.0004048937121238288)]
[([[67, 1699], [142, 1699], [142, 1767], [67, 1767]], '하', 0.9998707813047645), ([[588, 1736], [675, 1736], [675, 1764], [588, 1764]], '구구구', 0.2664630115032196), ([[249, 1747], [486, 1747], [486, 1815], [249, 1815]], '한심하다는', 0.9780881237305588), ([[253, 1817], [347, 1817], [347, 1873], [253, 1873]], '소리', 0.9696188927770094), ([[304, 2218], [424, 2218], [424, 2286], [304, 2286]], '간다', 0.996069796374299), ([[42, 2821], [414, 2821], [414, 2895], [42, 2895]], '어떻게 생격올까?', 0.6293325813247408), ([[40, 2883], [264, 2883], [264, 2963], [40, 2963]], '궁금한데..', 0.6860451566665036), ([[19, 3630], [155, 3630], [155, 3735], [19, 3735]], '행글', 0.06710169761150649), ([[593, 3719], [695, 3719], [695, 3873], [593, 3873]], '3', 0.260053118100533), ([[32.92927022636362, 2033.0441697389997], [227.37637129670844, 2071.0218806546295], [202.07072977363637, 2179.9558302610003], [6.6236287032915655, 2141.9781193453705]], '탁탁다', 0.016823474898508765)]
[([[111, 271], [296, 271], [296, 356], [111, 356]], '우와~', 0.8613346815109253), ([[110, 360], [316, 360], [316, 457], [110, 457]], '엉덩이', 0.9985578318984865), ([[108, 450], [278, 450], [278, 538], [108, 538]], '대박!', 0.7830763993030116), ([[175, 1286], [512, 1286], [512, 1378], [175, 1378]], '몸매도 완전', 0.8885760998847767), ([[175, 1379], [430, 1379], [430, 1467], [175, 1467]], '글래머네', 0.8463960886001587)]
[([[106, 1215], [582, 1215], [582, 1499], [106, 1499]], '석', 0.15413761483392818), ([[178, 2948], [374, 2948], [374, 3167], [178, 3167]], '쭉', 0.3514676237881851)]
[([[423, 201], [460, 201], [460, 246], [423, 246]], '근', 0.5570497855501912), ([[245, 964], [309, 964], [309, 1032], [245, 1032]], '근', 0.8779887270662243), ([[453, 873], [660, 873], [660, 1045], [453, 1045]], '활짝', 0.1325400837997898), ([[51, 1774], [198, 1774], [198, 1890], [51, 1890]], '꾸육', 0.24305098428406358), ([[238.24187739017404, 71.11083138237501], [382.4378249857966, 50.65942653730109], [391.75812260982593, 177.889168617625], [248.56217501420338, 197.3405734626989]], '할-', 0.5432286934494017), ([[417.9604922764289, 144.06023357728873], [548.4083543072076, 167.79070446289788], [530.0395077235711, 247.93976642271127], [400.59164569279244, 224.20929553710212]], '살자', 0.06596003572292805), ([[185.93938270436314, 639.1332468235961], [339.06969037412443, 609.5661214510811], [357.06061729563686, 747.8667531764039], [203.93030962587554, 776.4338785489189]], '활짝', 0.5076714457684635), ([[313.2767581253976, 838.0163545712869], [470.5783480283024, 986.3510175789562], [374.7232418746024, 1090.983645428713], [217.4216519716976, 941.6489824210438]], '항짝', 0.9314159119100942)]
[]
[([[596, 320], [672, 320], [672, 374], [596, 374]], '44', 0.1709476511563206), ([[595, 359], [657, 359], [657, 423], [595, 423]], '2', 0.48258142774706414), ([[341, 397], [475, 397], [475, 511], [341, 511]], "' 1", 0.12122943252325058), ([[557.8990472064042, 278.05523399307805], [634.6642779631372, 327.7462649999053], [543.1009527935958, 468.94476600692195], [466.33572203686276, 419.2537350000947]], '>', 0.1275494725167272)]
[([[118, 105], [263, 105], [263, 244], [118, 244]], '야;', 0.36008609634214694), ([[340, 1155], [442, 1155], [442, 1239], [340, 1239]], '문욕', 0.021919620449023423), ([[319, 2174], [463, 2174], [463, 2286], [319, 2286]], '회적', 0.45835666510002354), ([[541, 2355], [677, 2355], [677, 2494], [541, 2494]], "'피적", 0.10754261869116), ([[377, 3369], [419, 3369], [419, 3401], [377, 3401]], '대', 0.028332585600740146), ([[335, 3368], [429, 3368], [429, 3440], [335, 3440]], '물쩍', 0.449082158563858)]
[([[92, 80], [356, 80], [356, 239], [92, 239]], '하야', 0.5377429763066466), ([[192, 2235], [339, 2235], [339, 2374], [192, 2374]], '7 /', 0.036253428100799914), ([[449, 2331], [500, 2331], [500, 2410], [449, 2410]], "'", 0.10609216733428184), ([[141, 2993], [370, 2993], [370, 3139], [141, 3139]], '아야', 0.6755920293654835), ([[41.064326435822636, 4246.017515836465], [174.4920306623539, 4125.004842352421], [527.9356735641774, 4562.982484163535], [394.5079693376461, 4682.995157647579]], '8', 0.0676089062286147)]
[([[233, 247], [345, 247], [345, 313], [233, 313]], '미안', 0.9986704416616198), ([[233, 313], [492, 313], [492, 380], [233, 380]], '나도 모르게', 0.997219077278381), ([[233, 384], [345, 384], [345, 446], [233, 446]], '그만:', 0.5991748571395874), ([[102, 3436], [174, 3436], [174, 3528], [102, 3528]], '당', 0.26941092466303473), ([[477, 3425], [605, 3425], [605, 3504], [477, 3504]], '학 헌', 0.253998339176178), ([[17, 4086], [74, 4086], [74, 4140], [17, 4140]], '씨', 0.9999915361583511), ([[53, 4133], [97, 4133], [97, 4199], [53, 4199]], '익', 0.6354520438804947)]
[([[79.9692531715352, 65.0161014891264], [619.9307511279634, 178.66770545383437], [549.0307468284648, 450.9838985108736], [8.069248872036564, 338.33229454616566]], '척척척', 0.5686935054884797), ([[75.2109530998776, 1072.0129742362792], [236.55157841047526, 1007.0063391443261], [388.7890469001224, 1423.9870257637208], [227.44842158952474, 1489.9936608556739]], '척', 0.9466127804621658), ([[33.18753234036599, 2320.0194259136492], [129.47204014308602, 2244.0065548489038], [356.812467659634, 2562.9805740863508], [260.527959856914, 2637.9934451510962]], '%', 0.5872940142688918)]
[([[44.28721545528228, 206.02311801134715], [184.88691296895428, 304.42674668078695], [129.71278454471772, 381.97688198865285], [-9.886912968954292, 282.57325331921305]], '엇다', 0.013646265959444018), ([[289.38576153986594, 2680.0125815727292], [501.41874561108, 2850.864812579464], [418.61423846013406, 2953.9874184272708], [207.58125438891997, 2783.135187420536]], '고택다.', 0.05625259131193161)]
[([[82, 188], [296, 188], [296, 327], [82, 327]], '교르록', 0.1592726804511027), ([[416, 373], [680, 373], [680, 442], [416, 442]], '그러고 보니', 0.9829436943918833), ([[416, 440], [571, 440], [571, 508], [416, 508]], '저녁도', 0.9991260359624714), ([[415, 501], [685, 501], [685, 580], [415, 580]], '안 먹엇잡아', 0.38595292709366724), ([[186, 1186], [434, 1186], [434, 1251], [186, 1251]], '편의점 가서', 0.7820767315166968), ([[186, 1248], [465, 1248], [465, 1313], [186, 1313]], '도시락이라도', 0.9838557318448091), ([[186, 1311], [481, 1311], [481, 1380], [186, 1380]], '사 먹어야켓다', 0.9185988916377348), ([[436, 1592], [590, 1592], [590, 1661], [436, 1661]], '플래시', 0.9922586780123797), ([[432, 1659], [606, 1659], [606, 1727], [432, 1727]], '어른이', 0.2852428448843012), ([[136, 2183], [375, 2183], [375, 2336], [136, 2336]], '파', 0.625490553085811), ([[20.29911803751466, 3396.007224819461], [261.49772044104736, 3351.8370057415214], [357.70088196248537, 3948.992775180539], [116.50227955895261, 3993.1629942584786]], '확', 0.36199799904546026)]
[([[205, 276], [524, 276], [524, 340], [205, 340]], '반바지가 조금만', 0.8233127443522152), ([[205, 330], [438, 330], [438, 391], [205, 391]], '내려가면다', 0.9983269036846742), ([[209, 381], [426, 381], [426, 446], [209, 446]], '보이켓는데', 0.5139274494326983), ([[57, 904], [243, 904], [243, 1063], [57, 1063]], '뒤척', 0.3046965296303126), ([[119, 2888], [220, 2888], [220, 2966], [119, 2966]], '휴-', 0.9935245453141611), ([[84, 3842], [673, 3842], [673, 3950], [84, 3950]], '이렇게 훈처보다가', 0.42879177763995086), ([[89, 3941], [601, 3941], [601, 4043], [89, 4043]], '들키기라도 하면', 0.9935077676916837), ([[576.4095257509892, 529.0438225316279], [635.8743322745894, 575.0052390105784], [613.5904742490108, 603.9561774683721], [554.1256677254106, 557.9947609894216]], "'000", 0.16153331100940704)]
[([[142, 232], [408, 232], [408, 306], [142, 306]], '꼬리가 길면', 0.9668141730084394), ([[143, 299], [383, 299], [383, 368], [143, 368]], '잡히눈 법!', 0.3264235077434132), ([[204, 540], [607, 540], [607, 615], [204, 615]], '이제 어떤 유혹에도', 0.7600819003013152), ([[205, 608], [626, 608], [626, 676], [205, 676]], '훈처보지 않을 테다!', 0.279334989008744), ([[66, 2476], [609, 2476], [609, 2621], [66, 2621]], '다리 벌려화', 0.3389678347634104)]
[([[46, 352], [678, 352], [678, 606], [46, 606]], '후구오카 ', 0.07885611995992214), ([[161, 568], [538, 568], [538, 655], [161, 655]], '초습떠@*시3', 0.010952208800472783), ([[58, 623], [648, 623], [648, 907], [58, 907]], '여인들', 0.9969043204198863), ([[340, 992], [664, 992], [664, 1057], [340, 1057]], '글,그림 화초바시', 0.6357234084035392), ([[278, 1322], [416, 1322], [416, 1413], [278, 1413]], '4회', 0.9999909805863321)]
[([[205, 27], [433, 27], [433, 212], [205, 212]], '주육', 0.7134831446329223), ([[99, 1764], [341, 1764], [341, 1829], [99, 1829]], '자기 술 많이', 0.9967680801911846), ([[99, 1815], [237, 1815], [237, 1883], [99, 1883]], '취햇어', 0.3627072105457635), ([[370, 1919], [558, 1919], [558, 1983], [370, 1983]], '방에 가서', 0.9966545891380219), ([[370, 1973], [469, 1973], [469, 2034], [370, 2034]], '자자', 0.999916297384918), ([[192, 3089], [446, 3089], [446, 3153], [192, 3153]], '바방금 살짝', 0.9961625118075095), ([[196, 3143], [353, 3143], [353, 3207], [196, 3207]], '보/어!', 0.4058111310005188), ([[211, 4003], [527, 4003], [527, 4067], [211, 4067]], '술은 취해도 할 건', 0.8818473113053287), ([[212, 4058], [426, 4058], [426, 4112], [212, 4112]], '하고 자야지', 0.9885420086109771), ([[56, 4552], [229, 4552], [229, 4660], [56, 4660]], '딸국', 0.8659005987085259), ([[14.917048275955008, 4288.128091035235], [226.33931032265843, 4252.306351263992], [241.082951724045, 4402.871908964765], [29.660689677341555, 4438.693648736008]], '딸국', 0.8231643069036203)]
[([[399, 1377], [604, 1377], [604, 1514], [399, 1514]], '지덕', 0.8634343344419919), ([[117, 1856], [215, 1856], [215, 1942], [117, 1942]], '욕!', 0.20948634858580967), ([[119, 1933], [356, 1933], [356, 1996], [119, 1996]], '더러운 새끼!', 0.9871774124099925), ([[224, 2905], [318, 2905], [318, 2965], [224, 2965]], '그럼', 0.9999452938289235), ([[221, 2955], [464, 2955], [464, 3021], [221, 3021]], '들어가 불까', 0.8012716212750771), ([[448, 3250], [689, 3250], [689, 3430], [448, 3430]], '꾸움', 0.3250736208810381)]
[([[146, 286], [353, 286], [353, 365], [146, 365]], '야안돼 .', 0.26722246947207084), ([[287, 983], [610, 983], [610, 1047], [287, 1047]], '내방으로 억지로', 0.9867391262511371), ([[284, 1037], [532, 1037], [532, 1102], [284, 1102]], '들어오지마', 0.9997817911123358), ([[168, 2938], [296, 2938], [296, 3037], [168, 3037]], '꾸육', 0.23673729060590856), ([[265, 4542], [324, 4542], [324, 4597], [265, 4597]], '또.', 0.5537210755104881), ([[260, 4592], [446, 4592], [446, 4661], [260, 4661]], '쓸데없이', 0.5688586739918349), ([[260, 4647], [407, 4647], [407, 4715], [260, 4715]], '힘쓰다:', 0.8372709155082703)]
[([[174, 490], [324, 490], [324, 554], [174, 554]], '아무리', 0.9999676520778519), ([[178, 547], [471, 547], [471, 611], [178, 611]], '막아보려 해도', 0.9819418711025198), ([[76.30939329727798, 3384.0795689511465], [263.932182572692, 3366.479670375483], [269.69060670272205, 3525.9204310488535], [81.06781742730799, 3543.520329624517]], '비집', 0.9993397070444939), ([[503.8558217779603, 3509.036401913976], [696.4176885910819, 3553.620331895928], [658.1441782220397, 3701.963598086024], [465.58231140891814, 3657.379668104072]], '비집', 0.9991229524799321)]
[([[240, 207], [414, 207], [414, 279], [240, 279]], '그럴순', 0.9493748771306983), ([[240, 267], [348, 267], [348, 341], [240, 341]], '없지', 0.9998851096241208), ([[278, 1239], [396, 1239], [396, 1337], [278, 1337]], '깎!', 0.13891177402447005), ([[132, 1968], [206, 1968], [206, 2046], [132, 2046]], '음', 0.9994125037251287), ([[129, 2526], [606, 2526], [606, 2613], [129, 2613]], '확실히 엉덩이 부가', 0.7253195480217624), ([[132, 2600], [483, 2600], [483, 2678], [132, 2678]], '더 자극적이야', 0.9747664941757563)]
[([[172, 117], [331, 117], [331, 182], [172, 182]], '신호가', 0.970555643137881), ([[176, 176], [300, 176], [300, 245], [176, 245]], '온다', 0.9965020888239137), ([[196, 492], [267, 492], [267, 547], [196, 547]], '1-]', 0.0011716211845843527), ([[541, 804], [667, 804], [667, 990], [541, 990]], '퍽', 0.9997345385319569), ([[213, 2390], [514, 2390], [514, 2479], [213, 2479]], '나나온다! !', 0.6784263380820945), ([[380, 2963], [552, 2963], [552, 3071], [380, 3071]], '꿀럭', 0.5664132997609473), ([[271, 3708], [468, 3708], [468, 3759], [271, 3759]], '으으으으', 0.9067780375480652), ([[642, 4154], [699, 4154], [699, 4199], [642, 4199]], '리미', 0.007704248653421161), ([[76.70513484289772, 2863.1654304159943], [276.59819218806183, 2825.9781154983016], [292.29486515710227, 2963.8345695840057], [92.40180781193817, 3001.0218845016984]], '퍽', 0.023750695710519132)]
[([[140, 232], [351, 232], [351, 393], [140, 393]], '털', 0.3128420993269323), ([[68, 1444], [164, 1444], [164, 1599], [68, 1599]], '공', 0.10209685631072407), ([[61.540467098188905, 2788.0150998924714], [106.33138160000105, 2758.0078482399776], [227.4595329018111, 2953.9849001075286], [182.66861839999896, 2982.9921517600224]], '8', 0.26466715709938526)]
[([[157, 206], [382, 206], [382, 365], [157, 365]], '끄움', 0.07000060059986339), ([[206, 1148], [489, 1148], [489, 1240], [206, 1240]], '나변새끼:', 0.2806518225089999), ([[190, 2080], [552, 2080], [552, 2157], [190, 2157]], '같은 수컷으로써', 0.6112628569564184), ([[193, 2146], [560, 2146], [560, 2221], [193, 2221]], '용서할 수 없다! !', 0.8804691842807182)]
[([[53, 298], [684, 298], [684, 551], [53, 551]], '후쿠오카하', 0.1187098419079771), ([[170, 510], [544, 510], [544, 603], [170, 603]], '초흙빼@*시*3', 0.00467479117499972), ([[61, 566], [654, 566], [654, 854], [61, 854]], '여인들', 0.9703183174133301), ([[351, 981], [668, 981], [668, 1046], [351, 1046]], '글그림 화초바시', 0.9536179284908302), ([[302, 1302], [423, 1302], [423, 1387], [302, 1387]], '5회', 0.9888928190643081)]
[([[240, 446], [426, 446], [426, 581], [240, 581]], '비틀', 0.9979197600969185), ([[407, 659], [578, 659], [578, 779], [407, 779]], '비틀', 0.9984624079549732), ([[441, 1286], [623, 1286], [623, 1399], [441, 1399]], '나별', 0.22213738739802796), ([[441, 1397], [620, 1397], [620, 1505], [441, 1505]], '새끼', 0.9996039268952683), ([[118, 2247], [482, 2247], [482, 2362], [118, 2362]], '영원히 널', 0.9691735064601644), ([[113, 2351], [601, 2351], [601, 2471], [113, 2471]], '저주해 주마!', 0.9739248730037727)]
[([[178, 2693], [298, 2693], [298, 2807], [178, 2807]], '아', 0.9999219194395472)]
[([[345, 1232], [398, 1232], [398, 1299], [345, 1299]], '로', 0.06469491127989446), ([[178, 1683], [504, 1683], [504, 1780], [178, 1780]], '흐;흘러요.', 0.7289801513520284), ([[212.74390260113054, 1115.0719526298358], [280.6135684116907, 1069.0171254307365], [374.25609739886943, 1223.9280473701642], [306.3864315883093, 1269.9828745692635]], '중', 0.0156393493859055)]
[([[239, 124], [425, 124], [425, 238], [239, 238]], '깜짝!', 0.673332871706107), ([[231, 1093], [539, 1093], [539, 1170], [231, 1170]], '쓰쓰미마생!', 0.9607025929148344), ([[34.03254097731887, 2935.036049096073], [108.51343308541743, 2875.0101429389388], [266.9674590226811, 3094.963950903927], [192.48656691458257, 3153.9898570610612]], '올', 0.6598166142750053)]
[([[133, 1054], [398, 1054], [398, 1343], [133, 1343]], '4', 0.8914398773415542), ([[117, 2611], [256, 2611], [256, 2674], [117, 2674]], '카드.', 0.8339761315109276), ([[409, 2753], [627, 2753], [627, 2828], [409, 2828]], '비자카도', 0.9988306760787964), ([[410, 2826], [495, 2826], [495, 2887], [410, 2887]], '0', 0.1117650459656403), ([[478.87652476222786, 1806.5012198097822], [589.2736520981055, 1769.7014783140962], [600.1234752377721, 1803.4987801902178], [488.7263479018946, 1840.2985216859038]], '타니한시', 0.011750850826501846), ([[370.1055728090001, 3305.211145618], [426.9746607425534, 3311.6826438092326], [424.8944271909999, 3328.788854382], [367.0253392574466, 3321.3173561907674]], '수39', 0.0021920835870101814)]
[([[98, 1820], [284, 1820], [284, 1905], [98, 1905]], '설마 ..', 0.8952350622526818), ([[262, 2774], [290, 2774], [290, 2822], [262, 2822]], '철', 0.9995139235991388), ([[207, 2849], [245, 2849], [245, 2901], [207, 2901]], '척', 0.422812605486115), ([[173, 2870], [227, 2870], [227, 2926], [173, 2926]], '철', 0.9481838296187597)]
[([[165, 1762], [316, 1762], [316, 1834], [165, 1834]], '아함~', 0.8875910417846674), ([[127, 2139], [159, 2139], [159, 2185], [127, 2185]], '똑', 0.9824180654670869), ([[202.29519260697197, 1461.0766379373888], [421.25591081587277, 1441.4393866865553], [426.70480739302803, 1609.9233620626112], [207.74408918412726, 1629.5606133134447]], '시골', 0.8186401622694843)]
[([[146, 339], [474, 339], [474, 583], [146, 583]], '시골', 0.7158515321877973), ([[270, 1738], [399, 1738], [399, 1818], [270, 1818]], '비가', 0.999906182404252), ([[270, 1812], [454, 1812], [454, 1892], [270, 1892]], '그청네', 0.3815482375354761), ([[51, 2794], [385, 2794], [385, 3046], [51, 3046]], '시골', 0.9130479065448583), ([[549, 2920], [650, 2920], [650, 3051], [549, 3051]], '꼴', 0.7818468075423688)]
[([[157, 469], [319, 469], [319, 615], [157, 615]], '아', 0.9999470717758072), ([[100, 1502], [374, 1502], [374, 1592], [100, 1592]], '여기튿..', 0.20450779430671404)]
[([[178, 460], [362, 460], [362, 586], [178, 586]], '텔으', 0.11389243797574863), ([[97, 1733], [610, 1733], [610, 1810], [97, 1810]], '새벽에 도시락스 들고', 0.6412772100531914), ([[97, 1801], [473, 1801], [473, 1879], [97, 1879]], '방으로 가다가 .', 0.822754874752425), ([[200, 3407], [502, 3407], [502, 3474], [200, 3474]], '이건,그아가씨', 0.9975868135046319), ([[205, 3473], [321, 3473], [321, 3499], [205, 3499]], '때드?', 0.4303647806870632), ([[356.84846737030153, 764.0604400178645], [491.79411825467207, 782.9924808923481], [474.15153262969847, 880.9395599821355], [339.20588174532793, 861.0075191076519]], '털래', 0.7489060225270673)]
[([[353, 246], [498, 246], [498, 436], [353, 436]], '퍽', 0.9999165552381442), ([[265, 634], [434, 634], [434, 724], [265, 724]], '그만!', 0.8746591806411743), ([[480, 811], [678, 811], [678, 996], [480, 996]], '퍽', 0.18466356816631802), ([[220, 1800], [494, 1800], [494, 1864], [220, 1864]], '배고름은 이미', 0.5660408849461696), ([[220, 1856], [404, 1856], [404, 1917], [220, 1917]], '사라점고', 0.31053503622556894), ([[200, 3283], [503, 3283], [503, 3355], [200, 3355]], '그녀의 체취름', 0.3013668634487092), ([[202, 3343], [517, 3343], [517, 3417], [202, 3417]], '실컷 즐기다가:', 0.7419950974322695), ([[88.98194474561035, 2452.0345877604723], [413.7242308450287, 2506.1369551134667], [386.01805525438965, 2628.9654122395277], [60.27576915497128, 2574.8630448865333]], '탁 탁  탁', 0.4646066226240832)]
[([[245, 1063], [345, 1063], [345, 1135], [245, 1135]], '음~', 0.943798296038684), ([[245, 1131], [492, 1131], [492, 1206], [245, 1206]], '보* 냄새 ~', 0.6284028979915025), ([[412, 1812], [500, 1812], [500, 1884], [412, 1884]], '와!', 0.5405527827556799), ([[415, 1883], [555, 1883], [555, 1955], [415, 1955]], '대박', 0.9974600808810977), ([[267, 2523], [454, 2523], [454, 2600], [267, 2600]], '털이다!', 0.6436063333490161), ([[269, 2593], [323, 2593], [323, 2659], [269, 2659]], '털', 0.9997545631344771), ([[169, 3401], [462, 3401], [462, 3478], [169, 3478]], '도시락 따원', 0.9991300998716153), ([[176, 3479], [392, 3479], [392, 3498], [176, 3498]], "군'미-", 0.00394617673009634), ([[107.78640563788214, 667.3592169136464], [213.24530359836803, 646.3646154246981], [223.21359436211787, 710.6407830863536], [116.75469640163197, 731.6353845753019]], '콩콩', 0.9183752528806296)]
[([[174, 0], [448, 0], [448, 42], [174, 42]], '긋이미디스', 0.19249527512932174), ([[166, 40], [476, 40], [476, 117], [166, 117]], '잠들엇는데..', 0.22562090812494898)]
[([[268, 566], [343, 566], [343, 615], [268, 615]], '부스력', 0.7391329068995686), ([[213, 1339], [485, 1339], [485, 1401], [213, 1401]], '장마철에 음식', 0.9916101447108977), ([[215, 1391], [497, 1391], [497, 1455], [215, 1455]], '상하는 건 흔한', 0.510445575092726), ([[215, 1445], [349, 1445], [349, 1505], [215, 1505]], '일이지', 0.9885490982197894)]
[([[183, 73], [495, 73], [495, 135], [183, 135]], '변태들은 고생올', 0.46301663934983206), ([[179, 125], [397, 125], [397, 190], [179, 190]], '해 화야해!', 0.5092398622237019), ([[105, 957], [222, 957], [222, 1168], [105, 1168]], '극', 0.9992555573777651), ([[250, 1268], [324, 1268], [324, 1376], [250, 1376]], '크', 0.9979273103240871), ([[310, 1544], [384, 1544], [384, 1676], [310, 1676]], '극', 0.9947777204260468), ([[405, 1741], [467, 1741], [467, 1853], [405, 1853]], '극', 0.9971532844437583), ([[474, 1910], [522, 1910], [522, 1990], [474, 1990]], '극', 0.999335518631316)]
[([[168, 341], [445, 341], [445, 420], [168, 420]], '일본에 오길', 0.9069220885004474), ([[171, 410], [509, 410], [509, 484], [171, 484]], '잘한 것 같아~', 0.9428457452911992), ([[266, 1407], [481, 1407], [481, 1476], [266, 1476]], '일단 셋고', 0.978795014759044), ([[268, 1468], [421, 1468], [421, 1535], [268, 1535]], '도시락', 0.8881875872612), ([[268, 1530], [503, 1530], [503, 1599], [268, 1599]], '먹어야지~', 0.996691502767048), ([[183.15116363183287, 1740.0744290347275], [460.4839813191738, 1710.0564262229284], [468.84883636816716, 1909.9255709652725], [191.51601868082622, 1939.9435737770716]], '도록', 0.33354196502883915)]
[([[57, 491], [691, 491], [691, 750], [57, 750]], '후국오키끌', 0.03276462631843641), ([[173, 708], [548, 708], [548, 795], [173, 795]], '초듭떠@*시*5', 0.010964200064794889), ([[70, 764], [657, 764], [657, 1047], [70, 1047]], '여인들', 0.9975800745645449), ([[352, 1132], [674, 1132], [674, 1198], [352, 1198]], '글그림 화초바시', 0.7045183197408434), ([[292, 1459], [423, 1459], [423, 1546], [292, 1546]], '6회', 0.9996583747399518)]
[([[74, 354], [329, 354], [329, 423], [74, 423]], '6~+ 0나+!', 0.010784621073014287), ([[415, 351], [527, 351], [527, 469], [415, 469]], '탁', 0.9923418124493857), ([[451, 473], [543, 473], [543, 587], [451, 587]], '(', 0.014580366994261462), ([[280, 1024], [400, 1024], [400, 1122], [280, 1122]], '극!', 0.9870337523318883), ([[462.3119790838462, 597.0236967157701], [528.499376169439, 569.0124766112216], [601.6880209161537, 761.9763032842299], [535.500623830561, 788.9875233887784]], '탁', 0.929285401855168)]
[([[194, 321], [383, 321], [383, 418], [194, 418]], '소리!', 0.9129907592603603), ([[107, 598], [251, 598], [251, 800], [107, 800]], '탕', 0.8333830922854446), ([[242, 1836], [414, 1836], [414, 1928], [242, 1928]], '으악!', 0.7224932907822998), ([[242, 1921], [483, 1921], [483, 2013], [242, 2013]], '더러워!', 0.9099913239479065), ([[130, 2207], [175, 2207], [175, 2225], [130, 2225]], '9형감의', 0.0046418397687375546), ([[327, 2292], [411, 2292], [411, 2330], [327, 2330]], '내눈!: ', 0.20971740914131967)]
[([[246, 347], [491, 347], [491, 445], [246, 445]], '5시디못', 0.002614625496789813), ([[243, 448], [472, 448], [472, 546], [243, 546]], '표어굉!', 0.002168168080970645), ([[231, 644], [383, 644], [383, 865], [231, 865]], '퍽', 0.9993425496546138), ([[203, 1746], [318, 1746], [318, 1803], [203, 1803]], '1어', 0.008692179072835883), ([[93, 1807], [426, 1807], [426, 1869], [93, 1869]], '않4, [상? !', 0.005289585509782486), ([[200, 1870], [327, 1870], [327, 1930], [200, 1930]], '룹나교?', 0.0010653405915945768), ([[421, 1938], [658, 1938], [658, 2269], [421, 2269]], '꽉', 0.26912736269083837), ([[413, 2750], [587, 2750], [587, 2846], [413, 2846]], '아야!', 0.7536494379943548)]
[([[220, 1287], [522, 1287], [522, 1364], [220, 1364]], '1층으로가면', 0.6120179842794068), ([[224, 1356], [437, 1356], [437, 1424], [224, 1424]], '모리씨틀', 0.29952946096652777), ([[220, 1418], [547, 1418], [547, 1496], [220, 1496]], '볼 수 있율까?', 0.16679117411718336), ([[267, 1580], [309, 1580], [309, 1627], [267, 1627]], '8', 0.5782355314345331), ([[306, 2920], [404, 2920], [404, 2985], [306, 2985]], '없네', 0.6016498873441145)]
[([[175, 260], [494, 260], [494, 327], [175, 327]], '새벽에 떡 치고', 0.9778874630589427), ([[177, 319], [509, 319], [509, 391], [177, 391]], '벌써 나가다니:.', 0.5386004748052813), ([[187, 1137], [532, 1137], [532, 1223], [187, 1223]], '체력 장이로군', 0.997451931075854), ([[129, 3093], [587, 3093], [587, 3263], [129, 3263]], '오하요즐', 0.09358912706375122)]
[([[293, 1185], [443, 1185], [443, 1245], [293, 1245]], '뭐 뛰야', 0.5909824967384338), ([[292, 1240], [412, 1240], [412, 1294], [292, 1294]], '저건..', 0.42691564559936523), ([[146.1236495166169, 118.01920897886487], [294.04517171619716, 97.28194573441738], [325.87635048338313, 385.98079102113513], [177.95482828380284, 405.7180542655826]], '콩', 0.6546974546500337)]
[([[155, 241], [567, 241], [567, 305], [155, 305]], '구보타 손님들 드시게', 0.8870786314008393), ([[155, 291], [536, 291], [536, 360], [155, 360]], '양배추 몇 개 따거라', 0.9355526659529954), ([[182, 1151], [501, 1151], [501, 1219], [182, 1219]], '아버지 손님들은', 0.9742698174115482), ([[182, 1205], [512, 1205], [512, 1274], [182, 1274]], '양배추안 먹어요', 0.989180052983973), ([[132, 2156], [324, 2156], [324, 2211], [132, 2211]], '제가 따서', 0.9994384992479186), ([[131, 2205], [395, 2205], [395, 2270], [131, 2270]], '올려놓올게요', 0.45537516277783596), ([[345, 2484], [622, 2484], [622, 2552], [345, 2552]], '모리가 최고다', 0.9994755940971568), ([[342, 2541], [501, 2541], [501, 2602], [342, 2602]], '최고야!', 0.8962906002998352), ([[178, 3850], [493, 3850], [493, 3911], [178, 3911]], '우리집 며느리가', 0.9834399969982338), ([[174, 3901], [450, 3901], [450, 3965], [174, 3965]], '된다면 죽어도', 0.7683780443520654), ([[174, 3955], [516, 3955], [516, 4020], [174, 4020]], '여한이 없으런만-', 0.7675468142812666), ([[297, 4215], [546, 4215], [546, 4307], [297, 4307]], '아버지!', 0.9834713935852051), ([[280, 4299], [583, 4299], [583, 4368], [280, 4368]], '쓸데없는 소리', 0.9865644110214141), ([[280, 4362], [598, 4362], [598, 4430], [280, 4430]], '좀하지 마세요', 0.9971029408730808)]
[([[103, 1211], [275, 1211], [275, 1271], [103, 1271]], '이사람.', 0.9990365505218506), ([[192, 2228], [502, 2228], [502, 2330], [192, 2330]], '모리씨틀', 0.4504563510417938)]
[([[247, 222], [410, 222], [410, 392], [247, 392]], '사', 0.5384095096383703), ([[289, 1523], [420, 1523], [420, 1598], [289, 1598]], '하아', 0.4774529646100575), ([[278, 2514], [410, 2514], [410, 2589], [278, 2589]], '하아', 0.710278162147435), ([[183, 3315], [474, 3315], [474, 3444], [183, 3444]], '그녀의', 0.6145710349082947), ([[107, 4213], [609, 4213], [609, 4352], [107, 4352]], '중만한 가슴', 0.675083809133794)]
[([[292, 453], [421, 453], [421, 528], [292, 528]], '하아', 0.9269725484201148), ([[158, 1320], [469, 1320], [469, 1398], [158, 1398]], '모리씨 다치지', 0.9495367625631344), ([[156, 1386], [387, 1386], [387, 1454], [156, 1454]], '않앉어요?', 0.6064840081895083), ([[163, 1413], [210, 1413], [210, 1449], [163, 1449]], '노', 0.5137608467712198), ([[212, 2396], [261, 2396], [261, 2448], [212, 2448]], '네', 0.9997644563156882), ([[208, 2442], [398, 2442], [398, 2506], [208, 2506]], '괜찮은 거', 0.9223796542983819), ([[208, 2499], [346, 2499], [346, 2561], [208, 2561]], '같아요', 0.9827976754230134)]
[([[191, 437], [464, 437], [464, 557], [191, 557]], '그녀의', 0.5363156795501709), ([[131, 1210], [611, 1210], [611, 1321], [131, 1321]], '육감적인 몸매', 0.9673456925332092)]
[([[277, 255], [436, 255], [436, 384], [277, 384]], '앗!', 0.6097876882805222), ([[284, 391], [472, 391], [472, 489], [284, 489]], '뜨거', 0.9987050730493235), ([[180, 1479], [350, 1479], [350, 1613], [180, 1613]], '깎!', 0.1082306903309863), ([[227, 3227], [488, 3227], [488, 3389], [227, 3389]], '내가', 0.9994375544986509)]
[([[101, 799], [428, 799], [428, 1155], [101, 1155]], '맛', 0.4368765770798291)]
[([[142, 374], [585, 374], [585, 525], [142, 525]], '모리씨틀', 0.5962103605270386), ([[142, 1105], [254, 1105], [254, 1165], [142, 1165]], '치이', 0.9976875119921462), ([[279, 1763], [349, 1763], [349, 1826], [279, 1826]], '꽉', 0.9999679329581888), ([[278, 1832], [463, 1832], [463, 1911], [278, 1911]], '잡아요', 0.9997616610457151), ([[111, 2150], [222, 2150], [222, 2212], [111, 2212]], '치이', 0.3426051026018829), ([[371, 3190], [486, 3190], [486, 3253], [371, 3253]], '끄덕', 0.9961739490753485), ([[222, 4310], [347, 4310], [347, 4464], [222, 4464]], '꽉', 0.9575896487831557)]
[([[251, 103], [349, 103], [349, 165], [251, 165]], '헤~', 0.9979837006026201), ([[207, 985], [481, 985], [481, 1045], [207, 1045]], '쿠루구루 버스', 0.8676499204949613), ([[209, 1039], [405, 1039], [405, 1099], [209, 1099]], '놓치켓어!', 0.5014466882977142), ([[199, 1721], [509, 1721], [509, 1781], [199, 1781]], '2층 객실은 단체', 0.9794799834997246), ([[191, 1773], [547, 1773], [547, 1835], [191, 1835]], '관광객용인가 보군', 0.9978859373699498)]
[([[227, 844], [445, 844], [445, 904], [227, 904]], '일본거리도', 0.9882447804403228), ([[227, 894], [448, 894], [448, 954], [227, 954]], '우리나라와', 0.9984346145559782), ([[224, 947], [407, 947], [407, 1011], [224, 1011]], '비슷하네', 0.9990314841270447), ([[224, 1265], [331, 1265], [331, 1366], [224, 1366]], '#질', 0.04034449648697976), ([[232, 1355], [311, 1355], [311, 1396], [232, 1396]], '유 교', 0.4057503044605255), ([[258, 1567], [291, 1567], [291, 1593], [258, 1593]], '몸리', 0.0038061885593490556), ([[252, 2045], [479, 2045], [479, 2108], [252, 2108]], '식당이 어디', 0.7096423309321489), ([[246, 2095], [432, 2095], [432, 2162], [246, 2162]], '있으려나', 0.9816955924034119), ([[253, 2543], [343, 2543], [343, 2670], [253, 2670]], '통', 0.6913533842079609), ([[274.4816015659756, 222.04512892606107], [387.99116345650475, 257.7699105033458], [377.5183984340244, 284.95487107393893], [265.00883654349525, 249.23008949665422]], '꼴갈`[*! 간4', 0.00010628855447980911), ([[263.600079976008, 250.0403918824392], [387.9776418572105, 285.7017841643889], [381.399920023992, 302.95960811756083], [258.0223581427895, 267.2982158356111]], '(항고미고결어중', 7.982798722914531e-05)]
[([[227, 213], [486, 213], [486, 275], [227, 275]], '관광 보트다 !', 0.9832333027660255), ([[153, 1496], [349, 1496], [349, 1694], [153, 1694]], '좌', 0.27270465568386726), ([[235, 2589], [363, 2589], [363, 2651], [235, 2651]], '뭐야?', 0.8919171100667205), ([[238, 2644], [478, 2644], [478, 2709], [238, 2709]], '쓰레기 수거', 0.9791258415630697), ([[235, 2702], [393, 2702], [393, 2763], [235, 2763]], '배 잡아', 0.4936804384986009)]
[([[219, 1442], [314, 1442], [314, 1517], [219, 1517]], '앗!', 0.6357317140151013), ([[220, 1513], [512, 1513], [512, 1582], [220, 1582]], '푸딩 범인이다!', 0.614904367207527), ([[205, 1733], [251, 1733], [251, 1773], [205, 1773]], '8', 0.879767114512763), ([[120, 2361], [303, 2361], [303, 2683], [120, 2683]], '셋', 0.12216637469668967)]
[([[63, 139], [259, 139], [259, 283], [63, 283]], '곳', 0.9346846724284319), ([[77, 1685], [336, 1685], [336, 1771], [77, 1771]], '뭐 뛰야 .', 0.33113605084507924), ([[300, 1944], [638, 1944], [638, 2022], [300, 2022]], '저 당당함은 .', 0.9401086665921405), ([[351, 2220], [456, 2220], [456, 2289], [351, 2289]], '또각', 0.9957569364658546), ([[365, 2340], [474, 2340], [474, 2406], [365, 2406]], '또각', 0.9878585431660939)]
[([[128, 0], [391, 0], [391, 36], [128, 36]], '0', 0.7503087905298713), ([[409, 0], [540, 0], [540, 39], [409, 39]], '느하 너', 0.06067824422052432), ([[105, 31], [435, 31], [435, 133], [105, 133]], '곳에서 흙', 0.39125787583189126), ([[108, 123], [441, 123], [441, 221], [108, 221]], '들어오네.', 0.7101346671777112), ([[175, 1996], [396, 1996], [396, 2092], [175, 2092]], '모리씨', 0.9998873334816263), ([[172, 2085], [527, 2085], [527, 2184], [172, 2184]], '뭐하세요?', 0.9998191104019146), ([[450, 2571], [604, 2571], [604, 2633], [450, 2633]], '아고상', 0.9999291788806336), ([[208, 3393], [442, 3393], [442, 3458], [208, 3458]], '사와실 물이', 0.9340942689206013), ([[208, 3445], [582, 3445], [582, 3513], [208, 3513]], '안나가서 고청니다', 0.38775377870364613)]
[([[304, 649], [393, 649], [393, 738], [304, 738]], '76', 0.38131785313069255), ([[335, 713], [404, 713], [404, 761], [335, 761]], '(0간', 0.005394668366053939), ([[86, 1422], [504, 1422], [504, 1486], [86, 1486]], '하수도 구멍 막휘올 때', 0.422815054989253), ([[87, 1475], [403, 1475], [403, 1542], [87, 1542]], '락스만 부어서든', 0.35617418264501643), ([[88, 1530], [276, 1530], [276, 1591], [88, 1591]], '안 뜻려요', 0.29123153001638624), ([[257, 1820], [623, 1820], [623, 1887], [257, 1887]], '이런 건 자취하면서', 0.9640125537262788), ([[259, 1874], [539, 1874], [539, 1936], [259, 1936]], '많이 해 밟으니', 0.21819589546749435), ([[260, 1929], [477, 1929], [477, 1986], [260, 1986]], '도와줄께요', 0.4124360536715202), ([[284, 2447], [341, 2447], [341, 2497], [284, 2497]], '아', 0.999899389890345), ([[285, 2495], [506, 2495], [506, 2559], [285, 2559]], '고맙습니다', 0.9042765936151812)]
[([[266, 125], [488, 125], [488, 507], [266, 507]], '_', 0.08697290053735074), ([[123, 1049], [251, 1049], [251, 1149], [123, 1149]], '꽉!', 0.36410387702641617), ([[196, 1888], [422, 1888], [422, 1955], [196, 1955]], '정액은 물에', 0.9403110952007908), ([[196, 1945], [560, 1945], [560, 2008], [196, 2008]], '녹지름 않기 때문에', 0.6098330848476942), ([[196, 1998], [562, 1998], [562, 2062], [196, 2062]], '털들이 엉켜 붙어서', 0.9287372293380102), ([[194, 2051], [562, 2051], [562, 2114], [194, 2114]], '하수도틀 막게 되조', 0.6264863232682781), ([[84, 2409], [440, 2409], [440, 2472], [84, 2472]], '사위하면서 딸잡는', 0.8526616951839386), ([[84, 2462], [358, 2462], [358, 2526], [84, 2526]], '놈들이 문제야', 0.3466490827022689), ([[395, 2666], [626, 2666], [626, 2730], [395, 2730]], '여기 비니루', 0.9985741171589483), ([[395, 2720], [532, 2720], [532, 2782], [395, 2782]], '있어요', 0.9961310029029846)]
[([[365.9838560627564, 1219.030396248032], [495.3390505154802, 1197.2260836010144], [526.0161439372436, 1419.969603751968], [396.6609494845198, 1442.7739163989856]], '탕', 0.8981989406804338)]
[([[201, 1291], [349, 1291], [349, 1378], [201, 1378]], '철러', 0.12538095870760066), ([[328, 1389], [459, 1389], [459, 1481], [328, 1481]], '철러', 0.2903015274232182)]
[([[177, 197], [568, 197], [568, 275], [177, 275]], '누가 우리 여기에', 0.189706277649213), ([[169, 259], [423, 259], [423, 338], [169, 338]], '가뒷올까?', 0.29899690898752584), ([[190, 916], [493, 916], [493, 985], [190, 985]], '누군지 올라도', 0.9388820416061664), ([[201, 2800], [541, 2800], [541, 2940], [201, 2940]], '고맙다!', 0.6749304702559079), ([[47, 4029], [687, 4029], [687, 4283], [47, 4283]], '후쿠오카하', 0.07927185331314025), ([[168, 4239], [546, 4239], [546, 4327], [168, 4327]], '초습떠이*시*3', 0.008461164611179305), ([[59, 4306], [656, 4306], [656, 4590], [59, 4590]], '여인들', 0.9995088772824583), ([[349, 4707], [675, 4707], [675, 4780], [349, 4780]], '글그림 화초바시', 0.6005983556900062)]
[([[131, 431], [583, 431], [583, 491], [131, 491]], '기약도 없는 쿠보타씨틀', 0.3018455696355436), ([[135, 484], [543, 484], [543, 546], [135, 546]], '언제까지 기다필 수는', 0.378016659001042), ([[135, 539], [595, 539], [595, 599], [135, 599]], '없으니 어서 올라가세요', 0.9695661304905877)]
[([[62, 368], [283, 368], [283, 687], [62, 687]], '포', 0.5602080672311196), ([[157.95187467829592, 675.0289316771564], [295.14300588967745, 646.0204705667977], [338.04812532170405, 893.9710683228436], [200.85699411032255, 921.9795294332023]], '잎', 0.6928369113683317)]
[([[253, 179], [402, 179], [402, 355], [253, 355]], '흙', 0.8593231175008356), ([[213, 1455], [540, 1455], [540, 1567], [213, 1567]], '생각보다', 0.9999343156814575), ([[213, 1553], [497, 1553], [497, 1665], [213, 1665]], '무거워!', 0.9464254975318909), ([[182, 2389], [278, 2389], [278, 2450], [182, 2450]], '너무', 0.9998594596207051), ([[182, 2444], [364, 2444], [364, 2508], [182, 2508]], '높습니다', 0.548600435256958), ([[182, 3420], [504, 3420], [504, 3481], [182, 3481]], '그럼 제가 허리지', 0.2575641901212861), ([[182, 3471], [551, 3471], [551, 3536], [182, 3536]], '조금 놈혀 불테니까', 0.48151126568011093), ([[241, 4557], [633, 4557], [633, 5000], [241, 5000]], '통', 0.5834066855479705)]
[([[350, 68], [603, 68], [603, 356], [350, 356]], '두', 0.8971955187810785), ([[475, 322], [681, 322], [681, 559], [475, 559]], '근', 0.9938782256379), ([[96, 487], [341, 487], [341, 598], [96, 598]], '그곳을', 0.48184574316475), ([[227, 594], [507, 594], [507, 686], [227, 686]], '볼수 있는', 0.40624888711267826), ([[191, 945], [527, 945], [527, 1094], [191, 1094]], '찬스가', 0.8932765536888613), ([[160, 2223], [565, 2223], [565, 2405], [160, 2405]], '나에게', 0.8572912964647171), ([[200, 2411], [541, 2411], [541, 2588], [200, 2588]], '윗다!', 0.13215259175914554), ([[153, 3586], [553, 3586], [553, 3674], [153, 3674]], '목이 조금만 더', 0.6255619189457164), ([[157, 3664], [542, 3664], [542, 3753], [157, 3753]], '돌아가 준다면', 0.9916972268678582)]
[([[463, 251], [599, 251], [599, 365], [463, 365]], '희!', 0.4863018885529404)]
[]
[([[178, 326], [423, 326], [423, 434], [178, 434]], '그녀의', 0.9701147675514221), ([[246, 457], [499, 457], [499, 542], [246, 542]], '허녁지가', 0.862281092377445), ([[301, 547], [436, 547], [436, 632], [301, 632]], '나름', 0.526807293390232), ([[211, 641], [557, 641], [557, 729], [211, 729]], '취감논 순간', 0.6048054939474993), ([[84, 2162], [532, 2162], [532, 2270], [84, 2270]], '온몸의 신경이', 0.9684628263972194), ([[80, 2268], [665, 2268], [665, 2376], [80, 2376]], '목뒤로 집중되없다', 0.5780374560366653)]
[([[192, 184], [335, 184], [335, 319], [192, 319]], '야', 0.8843086733920758), ([[104, 2010], [337, 2010], [337, 2075], [104, 2075]], '그녀의 체온', 0.7075373161450536), ([[363, 2206], [578, 2206], [578, 2304], [363, 2304]], '따뜻해', 0.8548483858890268), ([[174, 3721], [317, 3721], [317, 3786], [174, 3786]], '이렇계', 0.5259469916365707), ([[270, 4125], [573, 4125], [573, 4210], [270, 4210]], '머물고 싶어', 0.6670279676257405)]
[([[215, 78], [383, 78], [383, 222], [215, 222]], '문질', 0.9967700467802098), ([[102, 993], [210, 993], [210, 1081], [102, 1081]], '아', 0.9995729187248834), ([[425, 1343], [605, 1343], [605, 1420], [425, 1420]], '어쩌지..', 0.7319799162041691), ([[239, 2352], [604, 2352], [604, 2440], [239, 2440]], '기분이 좋아.', 0.9719466939586126), ([[240, 3277], [567, 3277], [567, 3476], [240, 3476]], '꾸우육', 0.924963604230601), ([[217, 4002], [497, 4002], [497, 4110], [217, 4110]], '뭐 뭐야', 0.5471312999725342), ([[266, 4957], [526, 4957], [526, 4999], [266, 4999]], '7% 6', 0.08893004804849625)]
[([[136, 0], [552, 0], [552, 74], [136, 74]], '이 소러는', 0.27325062527561844)]
[([[192, 1512], [362, 1512], [362, 1604], [192, 1604]], '으름!', 0.4432560183044374), ([[209, 3455], [321, 3455], [321, 3520], [209, 3520]], '이건:', 0.577272279519726), ([[165, 4271], [537, 4271], [537, 4396], [165, 4396]], '모리씨의', 0.9990520477294922), ([[202, 4405], [543, 4405], [543, 4551], [202, 4551]], '자위! !', 0.8640317661439804)]
[([[139, 171], [603, 171], [603, 261], [139, 261]], '도와주고 싶다!', 0.9870259236919292)]
[([[633, 1644], [672, 1644], [672, 1688], [633, 1688]], '*', 0.29121725814818333)]
[([[137, 1127], [212, 1127], [212, 1192], [137, 1192]], '아:', 0.5046925289816647), ([[361, 1308], [596, 1308], [596, 1386], [361, 1386]], '결렬해서', 0.17732763290405273), ([[369, 1381], [577, 1381], [577, 1459], [369, 1459]], '더 좋아!', 0.8360530295942371), ([[65, 3463], [593, 3463], [593, 3598], [65, 3598]], '일본에 와서', 0.8769312304381598), ([[210.2859836831465, 3944.0098060665323], [473.15367644968444, 4193.420291718884], [318.71401631685353, 4359.990193933468], [55.846323550315574, 4110.579708281116]], '*청', 0.11661588729829482)]
[([[123, 428], [317, 428], [317, 493], [123, 493]], '못 참젯어', 0.2817993593185774), ([[285, 743], [569, 743], [569, 831], [285, 831]], '쌀거 같아', 0.896926856410827), ([[454, 3818], [545, 3818], [545, 3896], [454, 3896]], '%', 0.3509720990190637), ([[603, 3786], [681, 3786], [681, 3865], [603, 3865]], '4', 0.14125158990498576), ([[315, 3862], [383, 3862], [383, 3926], [315, 3926]], '방', 0.02765384098347945), ([[540, 3876], [631, 3876], [631, 3955], [540, 3955]], '*', 0.6907593881392451), ([[392, 3911], [486, 3911], [486, 3990], [392, 3990]], '*', 0.9916290725268482), ([[341, 3997], [423, 3997], [423, 4076], [341, 4076]], '4', 0.12818342607766287), ([[486, 3970], [568, 3970], [568, 4045], [486, 4045]], '*', 0.9357223296352437), ([[571, 4024], [659, 4024], [659, 4108], [571, 4108]], '%', 0.27027260812463183), ([[158.11068062025495, 2764.039622946855], [222.5095413237191, 2722.0129900551055], [325.8893193797451, 2895.960377053145], [261.49045867628087, 2937.9870099448945]], '8', 0.10608671198575426), ([[67.96933989416385, 4357.0443427723], [143.55496113673865, 4307.012839446445], [255.03066010583615, 4496.9556572277], [178.44503886326135, 4546.987160553555]], '후', 0.013013103378478386)]
[([[199, 0], [451, 0], [451, 41], [199, 41]], '아픔, 이튿 때', 0.20275023960475885), ([[250, 52], [398, 52], [398, 126], [250, 126]], '쥐가!', 0.9258488869546032)]
[([[163, 2070], [597, 2070], [597, 2168], [163, 2168]], '강제로 하려는', 0.42958301624846656), ([[168, 2157], [358, 2157], [358, 2249], [168, 2249]], '걸까?', 0.9863064380863676), ([[162, 2768], [274, 2768], [274, 2915], [162, 2915]], '꽉', 0.9999883175237443), ([[175, 3753], [347, 3753], [347, 3855], [175, 3855]], '역시', 0.9997844678203958), ([[174, 3850], [614, 3850], [614, 3962], [174, 3962]], '남자들이런!', 0.394117643005757), ([[207, 4914], [464, 4914], [464, 5000], [207, 5000]], '모리씨', 0.9978594895131281)]
[([[107, 2286], [322, 2286], [322, 2361], [107, 2361]], '미안해요', 0.9996788501739502), ([[178, 2495], [290, 2495], [290, 2559], [178, 2559]], '제가', 0.9994260924640119), ([[173, 2548], [537, 2548], [537, 2627], [173, 2627]], '하체 부실이라서', 0.8733994922007511), ([[184, 4192], [296, 4192], [296, 4280], [184, 4280]], '까!', 0.6082440051378982)]
[]
[([[192, 70], [286, 70], [286, 126], [192, 126]], '설마', 0.9999093011867617), ([[138, 534], [246, 534], [246, 590], [138, 590]], '치이', 0.9984138770087766), ([[253, 943], [466, 943], [466, 1003], [253, 1003]], '날 위해서?', 0.9393622561611793)]
[([[567, 1], [683, 1], [683, 161], [567, 161]], '척', 0.9996141567556585)]
[([[109, 222], [390, 222], [390, 320], [109, 320]], '이남자 .', 0.49841119161763137), ([[160, 676], [569, 676], [569, 764], [160, 764]], '손님일 뿐인데..', 0.9476070564850203), ([[27, 840], [409, 840], [409, 1116], [27, 1116]], '두같', 0.12598533780398946), ([[140, 2292], [590, 2292], [590, 2394], [140, 2394]], '가슴이 왜 이리', 0.8221130497058425), ([[144, 2374], [531, 2374], [531, 2476], [144, 2476]], '두근거리지.', 0.9014697288195641), ([[233, 3127], [438, 3127], [438, 3392], [233, 3392]], '꽉', 0.9998405043308054), ([[114, 3985], [292, 3985], [292, 4077], [114, 4077]], '끄악!', 0.47626030496504185), ([[436, 4162], [497, 4162], [497, 4227], [436, 4227]], '또', 0.9999307406020286), ([[422, 4235], [577, 4235], [577, 4319], [422, 4319]], '쥐가!', 0.9129184169633127), ([[391.9055012740346, 352.03526974753623], [590.8826421432454, 400.93850855402707], [551.0944987259654, 540.9647302524638], [352.11735785675455, 492.06149144597293]], '두끈', 0.27275984858979885), ([[433.04894933789905, 1957.0251424862918], [657.5158670121017, 2035.8533865848901], [600.951050662101, 2181.9748575137082], [377.4841329878983, 2102.1466134151096]], '두근', 0.9095499250766309)]
[([[255, 5], [417, 5], [417, 143], [255, 143]], '0)', 0.22962199156618185), ([[439, 173], [611, 173], [611, 257], [439, 257]], '까악!', 0.8111962676048279), ([[262, 1372], [396, 1372], [396, 1424], [262, 1424]], '1으으', 0.956546438632486)]
[([[174, 1961], [568, 1961], [568, 2096], [174, 2096]], '푸딩녀?!', 0.7929078466840538)]
[([[138, 357], [388, 357], [388, 431], [138, 431]], '사살려쥐.', 0.7956322846910135), ([[25, 1642], [248, 1642], [248, 1818], [25, 1818]], '털썩', 0.26181746547873835), ([[451, 2108], [563, 2108], [563, 2223], [451, 2223]], '팩', 0.9794284980735632), ([[56, 2899], [689, 2899], [689, 3145], [56, 3145]], '후쿠오카학', 0.09468688407809002), ([[172, 3106], [553, 3106], [553, 3194], [172, 3194]], '초습하@*시*3', 0.016210625325853642), ([[68, 3174], [663, 3174], [663, 3455], [68, 3455]], '여인들', 0.9996174775885662), ([[347, 3530], [679, 3530], [679, 3604], [347, 3604]], '글그림 화초바시', 0.9257441188724587), ([[283, 3876], [431, 3876], [431, 3955], [283, 3955]], '10회', 0.9999529234959179)]
[([[387, 321], [557, 321], [557, 460], [387, 460]], '피', 0.8283773469888764), ([[5, 1583], [643, 1583], [643, 1932], [5, 1932]], '계화칙', 0.006796941779874366), ([[219, 2746], [452, 2746], [452, 2839], [219, 2839]], '어제 온', 0.6804496908200997), ([[222, 2831], [504, 2831], [504, 2929], [222, 2929]], '일본여행', 0.9703385829925537), ([[168, 3305], [401, 3305], [401, 3573], [168, 3573]], '생', 0.09518129212540671), ([[436, 3545], [508, 3545], [508, 3606], [436, 3606]], '꽉!', 0.1742108713314659), ([[194, 4401], [505, 4401], [505, 4469], [194, 4469]], '이름도 모르는', 0.937940381038922), ([[194, 4463], [555, 4463], [555, 4532], [194, 4532]], '여자틀 어쩌다가', 0.6977939550496003), ([[194, 4526], [551, 4526], [551, 4594], [194, 4594]], '병원에 데려가고', 0.9994117086554243), ([[194, 4588], [333, 4588], [333, 4657], [194, 4657]], '잇지?', 0.4699377982661257)]
[]
[([[229, 330], [380, 330], [380, 391], [229, 391]], '사거리', 0.9997386740930774), ([[229, 389], [485, 389], [485, 450], [229, 450]], '어디로 가야', 0.9990028476410303), ([[225, 441], [513, 441], [513, 516], [225, 516]], '하느 거야? ! !', 0.5628311775219056), ([[241, 1416], [446, 1416], [446, 1481], [241, 1481]], '알고 잇는', 0.1991955267810659), ([[241, 1471], [438, 1471], [438, 1540], [241, 1540]], '일본어는', 0.6860191226005554), ([[241, 1530], [458, 1530], [458, 1598], [241, 1598]], '단한 개! !', 0.5917451133244609), ([[121, 2309], [272, 2309], [272, 2393], [121, 2393]], '보임!', 0.1585985213467039), ([[13, 3716], [185, 3716], [185, 3892], [13, 3892]], '보', 0.9999777079870888), ([[104, 4303], [231, 4303], [231, 4372], [104, 4372]], "'병원)", 0.9991357922554016), ([[48.44641583583447, 3896.00851466462], [178.57598262605782, 3883.591370444345], [208.55358416416553, 4256.991485335379], [77.42401737394218, 4268.408629555654]], '임', 0.04079221639698738)]
[([[239, 516], [464, 516], [464, 604], [239, 604]], '찾있다!', 0.4030343294143677), ([[411.2016370719101, 1659.0953884759551], [515.7384328126972, 1591.016045307964], [624.7983629280899, 1786.9046115240449], [520.2615671873028, 1854.983954692036]], '칼', 0.05566636608922071), ([[273.5455609869096, 3357.004917595223], [423.03882159078984, 3335.2210307440587], [492.4544390130904, 3860.995082404777], [342.96117840921016, 3882.7789692559413]], '헬', 0.10030137015384355)]
[([[232, 62], [492, 62], [492, 142], [232, 142]], '9| 아파요', 0.13277973203397359), ([[233, 127], [473, 127], [473, 196], [233, 196]], '시크시크!', 0.9218165276221866), ([[298, 1833], [377, 1833], [377, 1920], [298, 1920]], '음', 0.40466988566496426), ([[213, 3116], [422, 3116], [422, 3184], [213, 3184]], '당신 지금', 0.9023692196711909), ([[212, 3170], [521, 3170], [521, 3247], [212, 3247]], '뭐 하느 거야?!', 0.49304041926351044), ([[233, 3955], [383, 3955], [383, 4016], [233, 4016]], '고찌라', 0.90830832636738), ([[229, 4014], [399, 4014], [399, 4079], [229, 4079]], '하야꾸!', 0.4898292124271393), ([[276, 4780], [434, 4780], [434, 4848], [276, 4848]], '아무리', 0.9999955951683134), ([[228, 4837], [490, 4837], [490, 4916], [228, 4916]], '일본이지만', 0.7966330264869335), ([[228, 4902], [574, 4902], [574, 4981], [228, 4981]], '미친 거 아냐?숙', 0.18744796908738556)]
[([[168, 1653], [400, 1653], [400, 1863], [168, 1863]], '짝', 0.0826505231359187), ([[315, 3372], [534, 3372], [534, 3543], [315, 3543]], '주육', 0.8563500507234201), ([[285.6601166578198, 946.075038254596], [348.56808274285896, 885.0134541256763], [499.3398833421802, 1058.924961745404], [436.43191725714104, 1119.9865458743236]], '올', 0.6935935178305819)]
[([[264, 483], [469, 483], [469, 551], [264, 551]], '일본여행.', 0.9912754614550686), ([[213, 1092], [337, 1092], [337, 1161], [213, 1161]], '뛰야 .', 0.3321487605571747), ([[370, 1252], [493, 1252], [493, 1317], [370, 1317]], '이게.', 0.9449310466360229), ([[74, 1890], [218, 1890], [218, 1941], [74, 1941]], '입원햇고', 0.7124463644181038), ([[74, 1933], [254, 1933], [254, 1984], [74, 1984]], '무사합니다', 0.8753209502396168), ([[356, 1954], [569, 1954], [569, 1999], [356, 1999]], '게스트 하우스', 0.9954922285278021), ([[352, 1997], [569, 1997], [569, 2042], [352, 2042]], '아가씨가 와서', 0.8222368700039207), ([[355, 2038], [566, 2038], [566, 2089], [355, 2089]], '도와켓습니다', 0.7190428913886255), ([[268, 2639], [528, 2639], [528, 2708], [268, 2708]], '감사합니다!', 0.9013797471638115), ([[267, 2693], [529, 2693], [529, 2767], [267, 2767]], '감사합니다!', 0.8872673551353957), ([[173, 3224], [502, 3224], [502, 3302], [173, 3302]], '선생님께 정말', 0.8871974685484021), ([[172, 3285], [440, 3285], [440, 3370], [172, 3370]], '죄송햇다고', 0.5691259153749959), ([[172, 3352], [608, 3352], [608, 3436], [172, 3436]], '통역 부탁드컵니다', 0.5783134213123351), ([[111, 4619], [263, 4619], [263, 4650], [111, 4650]], '지분노 미쓰오', 0.5971841785932052), ([[111, 4650], [287, 4650], [287, 4681], [111, 4681]], '흔또니 쓰미마센', 0.5573376212337188), ([[111, 4681], [209, 4681], [209, 4709], [111, 4709]], '또시마스', 0.9994577169418335), ([[434, 4680], [479, 4680], [479, 4725], [434, 4725]], '소', 0.9999995231628986)]
[]
[([[156, 167], [312, 167], [312, 218], [156, 218]], '다이조부', 0.9396745562553406), ([[152, 214], [332, 214], [332, 269], [152, 269]], '다이조부!', 0.6914761894257104), ([[434, 325], [561, 325], [561, 370], [434, 370]], '괜찮다고', 0.9992582201957703), ([[434, 364], [565, 364], [565, 409], [434, 409]], '하십니다', 0.9505656957626343), ([[60, 404], [181, 404], [181, 435], [60, 435]], '나도 한국어', 0.6512664735604301), ([[60, 431], [201, 431], [201, 462], [60, 462]], '공부 해아켓어', 0.6572150164146672), ([[559, 610], [620, 610], [620, 651], [559, 651]], '다행', 0.9999620680470559), ([[564, 650], [642, 650], [642, 681], [564, 681]], '이네요', 0.9937753378362316), ([[300, 1031], [382, 1031], [382, 1086], [300, 1086]], '아-', 0.9976641785457356), ([[118, 1700], [256, 1700], [256, 1745], [118, 1745]], '한국청년', 0.9999620318412781), ([[121, 1738], [324, 1738], [324, 1789], [121, 1789]], '일본에 맞으니', 0.40854823660243583), ([[121, 1781], [324, 1781], [324, 1832], [121, 1832]], '일본어름 배원', 0.46723945394664923), ([[121, 1820], [300, 1820], [300, 1871], [121, 1871]], '보도록 하게.', 0.7163724040131935), ([[438, 1903], [616, 1903], [616, 1948], [438, 1948]], '일본어 공부해', 0.7096182210720775), ([[437, 1936], [645, 1936], [645, 1987], [437, 1987]], '보라고 하십니다', 0.5885363307925634), ([[308, 4429], [519, 4429], [519, 4531], [308, 4531]], '고상-', 0.7424119685890881)]
[([[274, 502], [442, 502], [442, 576], [274, 576]], '모리씨', 0.9999680650291661), ([[331, 1057], [371, 1057], [371, 1095], [331, 1095]], '@', 0.07840759448322387)]
[([[57, 452], [684, 452], [684, 698], [57, 698]], '후쿠오카하', 0.14305810394335375), ([[172, 662], [544, 662], [544, 752], [172, 752]], '초류되@*시*3', 0.008761883191900454), ([[64, 719], [653, 719], [653, 1002], [64, 1002]], '여인들', 0.999134844601741), ([[346, 1087], [671, 1087], [671, 1153], [346, 1153]], '글그림 화초바시', 0.8583252711054266), ([[279, 1433], [432, 1433], [432, 1514], [279, 1514]], '11회', 0.9956036905487659)]
[]
[([[438, 292], [554, 292], [554, 389], [438, 389]], '창피', 0.9903077329486056), ([[79, 434], [216, 434], [216, 498], [79, 498]], '으아]', 0.13495693232002576), ([[73, 492], [277, 492], [277, 547], [73, 547]], '주제미스다!', 0.8918250367309011), ([[284, 1105], [404, 1105], [404, 1159], [284, 1159]], '저기.', 0.9401573126889211), ([[172, 1447], [532, 1447], [532, 1507], [172, 1507]], '조금 전 의사 선생님은', 0.9898144535018957), ([[241, 1497], [451, 1497], [451, 1557], [241, 1557]], '누구입니까?', 0.9371503224643114), ([[141, 2248], [205, 2248], [205, 2308], [141, 2308]], '아:', 0.4552418365412661), ([[141, 2305], [413, 2305], [413, 2366], [141, 2366]], '길을 잃어버려서', 0.6988134324710494), ([[142, 2353], [339, 2353], [339, 2407], [142, 2407]], '다른 병원올', 0.9492905720631944), ([[142, 2399], [339, 2399], [339, 2453], [142, 2453]], '갖단 거예요', 0.36432886824767746), ([[466, 2600], [557, 2600], [557, 2645], [466, 2645]], '에~?', 0.9996168581907032), ([[287, 3388], [513, 3388], [513, 3448], [287, 3448]], '산부인과엿던', 0.13338414019723963), ([[288, 3435], [404, 3435], [404, 3485], [288, 3485]], '거예요', 0.9961602500136268), ([[188, 3616], [366, 3616], [366, 3670], [188, 3670]], '산부인과?', 0.9994058700688027), ([[292, 4040], [520, 4040], [520, 4094], [292, 4094]], '아기 태어나는', 0.953788823077818), ([[346, 4086], [462, 4086], [462, 4140], [346, 4140]], '병원요', 0.9998929770908314)]
[([[329, 102], [444, 102], [444, 147], [329, 147]], '고환씨', 0.9982687830924988), ([[328, 144], [476, 144], [476, 199], [328, 199]], '엉뚱해요', 0.9890551567077637), ([[204, 247], [241, 247], [241, 284], [204, 284]], '오', 0.12557549746247876), ([[404, 962], [478, 962], [478, 1064], [404, 1064]], '특', 0.7423762007320533), ([[88, 1487], [653, 1487], [653, 1551], [88, 1551]], '웃으며 터치하는 그녀의 손길이', 0.37697137073530085), ([[131, 1537], [583, 1537], [583, 1602], [131, 1602]], '마치 나의 애인인 것 같은', 0.8946217320419689), ([[221, 1588], [485, 1588], [485, 1653], [221, 1653]], '착각이 들없다', 0.9974067017174133), ([[174, 1967], [571, 1967], [571, 2032], [174, 2032]], '진짜 나의 애인이면', 0.9490800333204382), ([[174, 2026], [501, 2026], [501, 2094], [174, 2094]], '얼마나 종올까?', 0.5920889315602763), ([[153, 2336], [499, 2336], [499, 2424], [153, 2424]], '그럼 씌스도', 0.4075409696668778), ([[153, 2418], [592, 2418], [592, 2510], [153, 2510]], '할수 있올 렌데', 0.15117994546502347), ([[357, 2630], [396, 2630], [396, 2662], [357, 2662]], '아', 0.9998362131432401), ([[425, 4089], [558, 4089], [558, 4144], [425, 4144]], '고환씨', 0.9983900008102966), ([[420, 4143], [575, 4143], [575, 4208], [420, 4208]], '표정이.', 0.6674593091011047), ([[194, 4225], [278, 4225], [278, 4286], [194, 4286]], '네?', 0.9998675771701846), ([[129.29650905826693, 129.03543967684251], [180.5133201012524, 111.01884662296764], [224.70349094173307, 241.96456032315749], [173.4866798987476, 260.98115337703234]], '호', 0.5302206658498676)]
[([[182, 147], [426, 147], [426, 208], [182, 208]], '더운데 음료수', 0.9927737135709827), ([[183, 195], [363, 195], [363, 250], [183, 250]], '먹울까요?', 0.44089060154383836), ([[141, 422], [233, 422], [233, 467], [141, 467]], '제가', 0.9991715777917423), ([[100, 463], [290, 463], [290, 528], [100, 528]], '뽑아오조!', 0.9729519674878616), ([[471, 444], [680, 444], [680, 606], [471, 606]], '벌떡', 0.9967932056708667), ([[89, 1246], [168, 1246], [168, 1296], [89, 1296]], '그럼', 0.9999663669805482), ([[453, 1261], [605, 1261], [605, 1316], [453, 1316]], '괜찮아요', 0.9975349733662061), ([[89, 1292], [207, 1292], [207, 1343], [89, 1343]], '코인을', 0.41869947523597617), ([[453, 1308], [613, 1308], [613, 1359], [453, 1359]], '저도 동전', 0.6379623241395896), ([[449, 1347], [569, 1347], [569, 1408], [449, 1408]], '있어요', 0.9967398287732139), ([[578, 1735], [663, 1735], [663, 1874], [578, 1874]], '특', 0.019123539684617663), ([[221, 2092], [536, 2092], [536, 2153], [221, 2153]], '일본은 동전 사용이', 0.956017874026107), ([[222, 2140], [496, 2140], [496, 2195], [222, 2195]], '많다고 해서 미리', 0.8486490657360829), ([[222, 2187], [410, 2187], [410, 2238], [222, 2238]], '준비해뒷조', 0.5188173536054504), ([[477, 2411], [588, 2411], [588, 2448], [477, 2448]], '쓰고이~', 0.9992548785046297), ([[233, 2928], [438, 2928], [438, 2993], [233, 2993]], '금방 올께요', 0.6291057553358405), ([[206, 4031], [324, 4031], [324, 4082], [206, 4082]], '고상 월', 0.994666337966919), ([[202, 4073], [430, 4073], [430, 4133], [202, 4133]], '떨어뜨덧는데', 0.2266380009182366)]
[([[250, 584], [470, 584], [470, 640], [250, 640]], '거길 그렇게', 0.9752119141943947), ([[249, 633], [383, 633], [383, 693], [249, 693]], '비비면_', 0.8266435182069899), ([[126, 1350], [212, 1350], [212, 1424], [126, 1424]], '불끈', 0.9611624700253724), ([[118, 1464], [206, 1464], [206, 1544], [118, 1544]], '물곧', 0.7382568725267648)]
[]
[]
[([[255, 427], [432, 427], [432, 504], [255, 504]], '실프도', 0.9225042491801202), ([[280, 499], [407, 499], [407, 575], [280, 575]], '중네', 0.7378904021903818), ([[417, 750], [532, 750], [532, 876], [417, 876]], '팎', 0.1301774772994726), ([[94, 1030], [202, 1030], [202, 1148], [94, 1148]], '맛', 0.13370497753237842), ([[198, 1134], [310, 1134], [310, 1259], [198, 1259]], '팎', 0.08090162700270653), ([[352, 1789], [514, 1789], [514, 2037], [352, 2037]], '움', 0.8037491055722548), ([[90, 2982], [249, 2982], [249, 3209], [90, 3209]], '웬', 0.2719784048753269), ([[456, 3032], [608, 3032], [608, 3109], [456, 3109]], '으약!', 0.8131564966923575)]
[([[245, 768], [462, 768], [462, 833], [245, 833]], '이건 뭐야?', 0.9612345390639525), ([[209, 1670], [286, 1670], [286, 1731], [209, 1731]], '욕!', 0.265339880162826), ([[209, 1729], [380, 1729], [380, 1794], [209, 1794]], '더러워!', 0.799403965473175), ([[195, 1867], [398, 1867], [398, 1921], [195, 1921]], '누가 이런 걸', 0.9193027867054401), ([[195, 1913], [453, 1913], [453, 1964], [195, 1964]], '여기에 문 거야!', 0.4733583307102647), ([[213, 2752], [274, 2752], [274, 2844], [213, 2844]], '틀', 0.1281627910509009), ([[53, 3806], [689, 3806], [689, 4055], [53, 4055]], '후쿠오카하', 0.1293396095891661), ([[172, 4016], [549, 4016], [549, 4104], [172, 4104]], '초습속@**3', 0.010406849521854548), ([[65, 4082], [662, 4082], [662, 4370], [65, 4370]], '여인들', 0.9996142429558484), ([[349, 4439], [678, 4439], [678, 4514], [349, 4514]], '글그림 화초바시', 0.8981105352859466), ([[285, 4766], [444, 4766], [444, 4850], [285, 4850]], '12회', 0.9999899514815137)]
[([[379, 184], [581, 184], [581, 276], [379, 276]], '으약! !', 0.5064773652762466), ([[286, 1313], [331, 1313], [331, 1370], [286, 1370]], '응', 0.9997329890175024), ([[280, 1366], [485, 1366], [485, 1426], [280, 1426]], '내 팬티네.', 0.7450397841335219), ([[84, 2495], [188, 2495], [188, 2559], [84, 2559]], '그럼', 0.9998678300414764), ([[394, 2523], [578, 2523], [578, 2578], [394, 2578]], '모,모리씨', 0.7234890677605023), ([[393, 2573], [590, 2573], [590, 2637], [393, 2637]], '제 얘기 좀', 0.6879702844308913), ([[393, 2627], [610, 2627], [610, 2692], [393, 2692]], '들어보세요', 0.9995429437650999), ([[590, 2832], [639, 2832], [639, 2874], [590, 2874]], '꽉', 0.627679104732696), ([[198, 4307], [434, 4307], [434, 4368], [198, 4368]], '모리씨 잠깐만', 0.9990198578162061), ([[198, 4354], [372, 4354], [372, 4415], [198, 4415]], '설명올 .! !', 0.558072704076243), ([[33.42972823222936, 214.08241820617891], [119.65439819366338, 147.01428136510864], [250.57027176777063, 338.9175817938211], [163.34560180633662, 405.9857186348914]], '8', 0.9653674220358575)]
[([[241, 916], [387, 916], [387, 977], [241, 977]], '하루가', 0.9994545089017317), ([[241, 967], [532, 967], [532, 1036], [241, 1036]], '엉망진창이야!', 0.9648067710808516), ([[326, 3654], [404, 3654], [404, 3759], [326, 3759]], '액', 0.404713671686352), ([[315, 4932], [387, 4932], [387, 5000], [315, 5000]], '헌', 0.3743651190348487), ([[336.7751056896261, 226.20806015501836], [400.68851903910564, 165.01976871956182], [515.2248943103739, 302.79193984498164], [452.31148096089436, 362.98023128043815]], '육', 0.0062574190576492605), ([[451.22181281395046, 2645.0275606767013], [628.9908485841064, 2722.5513939353427], [588.7781871860495, 2807.9724393232987], [411.00915141589365, 2731.4486060646573]], '필질질', 0.056983326855817994), ([[234.85809327375503, 4121.065411481669], [294.59418639984216, 4080.017668482652], [383.14190672624494, 4227.934588518331], [322.40581360015784, 4267.982331517348]], '올', 0.08103230625661784)]
[([[215, 781], [469, 781], [469, 843], [215, 843]], '패,팬티가 왜', 0.43219893589004643), ([[219, 837], [547, 837], [547, 901], [219, 901]], '벗겨지는 거야? !', 0.48376667843784554), ([[191, 1881], [545, 1881], [545, 1941], [191, 1941]], '누가 보고 오해하기', 0.8318125053967861), ([[193, 1933], [505, 1933], [505, 1993], [193, 1993]], '전에 빨리 입히자', 0.9921342405374954)]
[([[234, 112], [523, 112], [523, 308], [234, 308]], '핑짓', 0.021555398721561404), ([[237, 1143], [340, 1143], [340, 1208], [237, 1208]], '그럼', 0.9998967417826695), ([[232, 1201], [494, 1201], [494, 1275], [232, 1275]], '지금 저곳은', 0.5425838888974509), ([[233, 1983], [477, 1983], [477, 2091], [233, 2091]], '노괜티', 0.39708123315478433), ([[248, 2494], [465, 2494], [465, 2563], [248, 2563]], '지 진정해', 0.5652407330246724), ([[307, 2557], [415, 2557], [415, 2622], [307, 2622]], '고환', 0.9998926115189366), ([[155, 2823], [415, 2823], [415, 2883], [155, 2883]], '년 여자 잠지나', 0.6998050616103396), ([[156, 2874], [320, 2874], [320, 2929], [156, 2929]], '훈처보는', 0.26971420645713806), ([[155, 2920], [422, 2920], [422, 2981], [155, 2981]], '변태가 아니야!', 0.7947793111847432), ([[247.45441558772842, 4062.180909114099], [442.196702925767, 4010.906248065468], [471.5455844122716, 4167.819090885901], [276.803297074233, 4219.093751934532]], '주육', 0.952227799902135)]
[([[213, 107], [277, 107], [277, 151], [213, 151]], '어?', 0.9999249794338912), ([[212, 148], [444, 148], [444, 202], [212, 202]], '정신이 들없네', 0.6697664998276059), ([[270, 826], [436, 826], [436, 882], [270, 882]], '잠시만요', 0.9998677968978882), ([[272, 876], [494, 876], [494, 932], [272, 932]], '번역 어름 좀', 0.24027484413099726)]
[([[425, 211], [605, 211], [605, 449], [425, 449]], '석', 0.998498050501496)]
[([[198.96667006423115, 119.07668943034881], [243.56723412031135, 91.02302032017045], [306.03332993576885, 199.9233105696512], [261.43276587968865, 227.97697967982955]], '8', 0.004495780769227464)]
[([[144, 228], [282, 228], [282, 285], [144, 285]], '난 먹지', 0.6841693894190976), ([[143, 273], [313, 273], [313, 340], [143, 340]], '않있어요', 0.6531076431274414), ([[440, 455], [584, 455], [584, 519], [440, 519]], '요맛따', 0.21236773692907093), ([[317, 1155], [516, 1155], [516, 1228], [317, 1228]], '다행이야', 0.9975895285606384), ([[246, 1754], [359, 1754], [359, 1883], [246, 1883]], '스_', 0.14077776527043093), ([[282, 2191], [368, 2191], [368, 2285], [282, 2285]], '퍽', 0.5161041288043897), ([[220, 2334], [347, 2334], [347, 2438], [220, 2438]], '꽉 |', 0.20135602355003357), ([[448, 2291], [557, 2291], [557, 2401], [448, 2401]], '딱', 0.3515715912756292), ([[305, 2690], [380, 2690], [380, 2734], [305, 2734]], '하아', 0.9999704130405446), ([[453, 2776], [529, 2776], [529, 2826], [453, 2826]], '하아', 0.9999558303884767), ([[161, 3087], [242, 3087], [242, 3202], [161, 3202]], '퍽', 0.9999520784397333), ([[378, 3331], [459, 3331], [459, 3430], [378, 3430]], '퍽', 0.9998210748606517), ([[163, 3363], [267, 3363], [267, 3489], [163, 3489]], '퍽', 0.11710872080105705), ([[262, 3755], [499, 3755], [499, 3805], [262, 3805]], '그럼 그 도시락올', 0.5098639441541525), ([[262, 3797], [529, 3797], [529, 3847], [262, 3847]], '푸딩너가 훈처먹고.', 0.6064195733939702), ([[436, 3941], [500, 3941], [500, 4031], [436, 4031]], '퍽', 0.9997693433268786), ([[196, 4417], [260, 4417], [260, 4496], [196, 4496]], '웬', 0.09697159104846165), ([[272.199210734348, 3896.0291870605674], [353.7906415775714, 3886.6737694955814], [369.800789265652, 4054.9708129394326], [288.2093584224286, 4065.3262305044186]], '퍽', 0.9999232306909676)]
[([[446, 452], [526, 452], [526, 517], [446, 517]], '꼴력', 0.1092967113202054), ([[544, 455], [627, 455], [627, 517], [544, 517]], '꼴럭', 0.11439293478426145), ([[167, 1141], [438, 1141], [438, 1203], [167, 1203]], '사귀어보고 싶어', 0.9992017742305945), ([[169, 1191], [333, 1191], [333, 1245], [169, 1245]], '한국 남자', 0.9887352276364382), ([[436, 2809], [588, 2809], [588, 2922], [436, 2922]], '드록', 0.784468546217991), ([[103, 3413], [149, 3413], [149, 3456], [103, 3456]], '아', 0.9999133367242088), ([[310, 3449], [428, 3449], [428, 3497], [310, 3497]], '오하요', 0.9998969000899881)]
[([[126, 1761], [631, 1761], [631, 2161], [126, 2161]], '두근', 0.9971321856487163), ([[248, 2209], [477, 2209], [477, 2274], [248, 2274]], '모모리씨.', 0.5520619136422442), ([[236, 2806], [509, 2806], [509, 2881], [236, 2881]], '한 남자에게', 0.9090426099060386), ([[236, 2869], [513, 2869], [513, 2947], [236, 2947]], '사랑울 받고', 0.4460954845015209), ([[142, 4177], [595, 4177], [595, 4256], [142, 4256]], '그남자가 나름 보고', 0.935098336053405), ([[224, 4244], [506, 4244], [506, 4318], [224, 4318]], '가슴 설레는', 0.5621330449418416), ([[90.9092711799491, 124.00991489720063], [768.970290180554, 300.3822615173422], [623.0907288200509, 793.9900851027994], [-54.970290180553974, 618.6177384826578]], '두관', 0.36627019933101407)]
[([[50, 467], [691, 467], [691, 721], [50, 721]], '후쿠오카학', 0.04011820201955815), ([[168, 680], [549, 680], [549, 764], [168, 764]], '초퍼하@*시*3', 0.019134555102230225), ([[63, 743], [660, 743], [660, 1028], [63, 1028]], '여인들', 0.9996752194596191), ([[410, 1105], [685, 1105], [685, 1161], [410, 1161]], '글그림   화초바시', 0.9563965477912217), ([[282, 1426], [444, 1426], [444, 1510], [282, 1510]], '14회', 0.9999849960527203), ([[241, 3756], [356, 3756], [356, 3821], [241, 3821]], '{니.', 0.04645384063924953), ([[492, 4249], [578, 4249], [578, 4300], [492, 4300]], '값네', 0.375997580629825), ([[356.1430466182295, 3757.357616545574], [444.25251776318885, 3748.3701534885545], [446.8569533817705, 3791.642383454426], [359.74748223681115, 3800.6298465114455]], '-(*연', 0.0193195678293705)]
[([[77, 166], [294, 166], [294, 231], [77, 231]], '뭐 하세요?', 0.7762480995085674), ([[411, 204], [483, 204], [483, 249], [411, 249]], '지금', 0.9999954481433951), ([[410, 242], [636, 242], [636, 293], [410, 293]], '비가 안 올니다', 0.3154179657857117), ([[429, 355], [617, 355], [617, 406], [429, 406]], '그래서 여기', 0.9988490785367136), ([[429, 398], [578, 398], [578, 449], [429, 449]], '고침니다', 0.2695237994194031), ([[284, 846], [473, 846], [473, 907], [284, 907]], '아: 천정에', 0.6562798687600689), ([[288, 894], [492, 894], [492, 949], [288, 949]], '물새는 거요', 0.8627403910317003), ([[316, 1230], [441, 1230], [441, 1285], [316, 1285]], '이런 건', 0.9923716069858672), ([[316, 1277], [437, 1277], [437, 1328], [316, 1328]], '남자가', 0.9999000660206357), ([[313, 1318], [478, 1318], [478, 1379], [313, 1379]], '하는 건데', 0.6313942900348604), ([[603, 1341], [654, 1341], [654, 1365], [603, 1365]], '바빠', 0.999667393274858), ([[114, 1809], [198, 1809], [198, 1854], [114, 1854]], '제가', 0.9996545819052873), ([[117, 1851], [300, 1851], [300, 1906], [117, 1906]], '도와줄게요', 0.9443493459438955), ([[335, 1902], [461, 1902], [461, 1953], [335, 1953]], '이패널', 0.7718543736169321), ([[334, 1944], [555, 1944], [555, 2005], [334, 2005]], '불이면 되조?', 0.5588518820323667), ([[306, 2142], [345, 2142], [345, 2173], [306, 2173]], '내', 0.001594485595948783), ([[202, 2659], [343, 2659], [343, 2761], [202, 2761]], '미꼴', 0.34969162731106135), ([[511, 2699], [597, 2699], [597, 2754], [511, 2754]], '꽉!!', 0.40882438382670094), ([[330, 4897], [399, 4897], [399, 4965], [330, 4965]], '으', 0.981702284584518)]
[([[247, 515], [412, 515], [412, 576], [247, 576]], '모리씨는', 0.4408372640609741), ([[245, 569], [489, 569], [489, 630], [245, 630]], '기절한 건가?', 0.8426097245616049), ([[343, 1078], [398, 1078], [398, 1132], [343, 1132]], '크', 0.31956764782623637), ([[352, 1118], [389, 1118], [389, 1155], [352, 1155]], '@', 0.9996435959858587), ([[418, 1098], [460, 1098], [460, 1163], [418, 1163]], '콩', 0.9951828458219012), ([[194, 1416], [465, 1416], [465, 1477], [194, 1477]], '소금기 가득한', 0.6866596830969678), ([[194, 1471], [516, 1471], [516, 1536], [194, 1536]], '바다 냄새가 난다', 0.9769242895506689), ([[287, 1932], [383, 1932], [383, 1993], [287, 1993]], '어떤', 0.9999234621810222), ([[287, 1987], [450, 1987], [450, 2047], [287, 2047]], '맛일까?', 0.9982556104660034), ([[205, 2674], [563, 2674], [563, 2735], [205, 2735]], '모리씨 그대로 5분만', 0.9534148495430085), ([[202, 2725], [493, 2725], [493, 2786], [202, 2786]], '기절하고 있어요', 0.9968398249016797), ([[284, 3495], [411, 3495], [411, 3555], [284, 3555]], '당있다', 0.8161951990003985), ([[291, 4252], [426, 4252], [426, 4321], [291, 4321]], '짜다:', 0.5973431970298639), ([[409.9973506193548, 4474.084368654193], [516.8176426783303, 4494.531996707337], [505.0026493806452, 4544.915631345807], [398.1823573216696, 4524.468003292663]], '깜짝', 0.036295856851314194)]
[([[278, 578], [438, 578], [438, 630], [278, 630]], '왜 이렇게', 0.9356776834385065), ([[282, 624], [420, 624], [420, 678], [282, 678]], '젖없지?', 0.9265199899673462), ([[92, 1380], [322, 1380], [322, 1434], [92, 1434]], '여분의 팬티도', 0.6482385886291165), ([[92, 1426], [222, 1426], [222, 1478], [92, 1478]], '없는데.', 0.765958309173584), ([[336, 1480], [590, 1480], [590, 1534], [336, 1534]], '공구들은 1층에', 0.5624312008907131), ([[336, 1526], [634, 1526], [634, 1578], [336, 1578]], '가져다 두면 되조?', 0.9006461851638942)]
[([[118, 8], [304, 8], [304, 61], [118, 61]], '퇴원행구멍', 0.13852624167378716), ([[118, 55], [443, 55], [443, 109], [118, 109]], '몸은 괜찮아켓는가?', 0.4057087587992093), ([[363, 531], [536, 531], [536, 583], [363, 583]], '네. 덕분에', 0.9337162321790121), ([[366, 577], [589, 577], [589, 632], [366, 632]], '좋아져습니다', 0.550206994049312), ([[469, 1004], [543, 1004], [543, 1059], [469, 1059]], '9*1', 0.06453330445280248), ([[241, 1794], [478, 1794], [478, 1872], [241, 1872]], '폐~~ 이어응싹', 5.5464707566940704e-05), ([[321, 2461], [539, 2461], [539, 2518], [321, 2518]], '>골 >어4 90', 0.0015667023419684623), ([[321, 2510], [564, 2510], [564, 2558], [321, 2558]], '00+ 담;+^ <.', 0.0012706760513991374), ([[383.9074644389062, 999.1003079700932], [479.7385781462382, 1016.2482235132536], [469.0925355610938, 1064.8996920299069], [373.2614218537618, 1048.7517764867464]], '베서컨,', 0.00039035576628521085)]
[([[243, 719], [327, 719], [327, 817], [243, 817]], '탁', 0.9990254631856068)]
[([[172, 4153], [420, 4153], [420, 4228], [172, 4228]], '엎드리세요', 0.9987489411637586), ([[-20.29944424547263, 1954.0563911770648], [66.5854909761053, 1883.0114310117044], [220.29944424547264, 2098.9436088229354], [133.4145090238947, 2168.988568988296]], '8', 0.9465253119089745)]
[([[60, 32], [217, 32], [217, 154], [60, 154]], '우엇드', 0.06493013550144394), ([[248, 83], [502, 83], [502, 150], [248, 150]], '나의 컬렉선올!', 0.3735494729184411), ([[257, 746], [488, 746], [488, 796], [257, 796]], '여캐 백 명을 꼭', 0.3837025747309188), ([[257, 788], [480, 788], [480, 839], [257, 839]], '채우고말 테다', 0.7503339054172807), ([[51, 1812], [686, 1812], [686, 2064], [51, 2064]], '후쿠오카하', 0.1663589624885534), ([[168, 2024], [549, 2024], [549, 2108], [168, 2108]], '초습뉘이*시*3', 0.002188933277627464), ([[59, 2087], [656, 2087], [656, 2372], [59, 2372]], '여인들', 0.9990996789242997), ([[406, 2449], [681, 2449], [681, 2505], [406, 2505]], '글그림   화초바시', 0.646190416349623), ([[278, 2770], [436, 2770], [436, 2854], [278, 2854]], '15회', 0.9995725369659842), ([[213, 4791], [501, 4791], [501, 4852], [213, 4852]], '나때문에 상처가', 0.9566993205958685), ([[241, 4838], [434, 4838], [434, 4899], [241, 4899]], '심해젓군요', 0.09410705201636757)]
[([[101, 148], [355, 148], [355, 199], [101, 199]], '저 자식은 여자지', 0.45340273036921214), ([[101, 191], [316, 191], [316, 242], [101, 242]], '번갈아 가면서', 0.974258916663548), ([[101, 234], [410, 234], [410, 285], [101, 285]], '몇 번이나 하는 거야!', 0.42409816876043693), ([[506, 287], [626, 287], [626, 348], [506, 348]], '부러운', 0.9983574534394501), ([[504, 340], [600, 340], [600, 385], [504, 385]], '새끼!', 0.9386858060641552), ([[259, 447], [513, 447], [513, 576], [259, 576]], '탁탁탁', 0.9624923009193362), ([[133, 1336], [198, 1336], [198, 1381], [133, 1381]], '오늘', 0.35854366421699524), ([[129, 1375], [319, 1375], [319, 1420], [129, 1420]], '계획 있어요?', 0.9959787049185701), ([[81, 1722], [293, 1722], [293, 1777], [81, 1777]], '어, 없는데요', 0.3684179512079128), ([[421, 2019], [671, 2019], [671, 2070], [421, 2070]], '그럼, 함께 야구', 0.7353446595897385), ([[421, 2066], [640, 2066], [640, 2117], [421, 2117]], '보러 갈까요?', 0.9989518331734053), ([[286, 2942], [456, 2942], [456, 2987], [286, 2987]], '설마; 데이트', 0.6810121317606015), ([[282, 2985], [428, 2985], [428, 3030], [282, 3030]], '신청인가?', 0.9822127547484865), ([[113, 3695], [347, 3695], [347, 3750], [113, 3750]], '내가 일본에서', 0.7432933642740386), ([[112, 3740], [392, 3740], [392, 3804], [112, 3804]], '포렌 터지는구나', 0.30729038030826683), ([[142, 3955], [283, 3955], [283, 3986], [142, 3986]], '구구구>', 0.1410197615623474), ([[190, 4932], [583, 4932], [583, 4997], [190, 4997]], '야구 티켓올 편의점에서', 0.8863972679866151)]
[([[198, 0], [412, 0], [412, 31], [198, 31]], '손수 싸나니,', 0.08728957634343931), ([[421, 0], [493, 0], [493, 27], [421, 27]], '부시', 0.18101898725539986), ([[196, 28], [501, 28], [501, 84], [196, 84]], '편의점의 나라답군', 0.5241241334388564), ([[89, 484], [356, 484], [356, 534], [89, 534]], '티켓 1800엔,2', 0.6086318910089993), ([[89, 529], [278, 529], [278, 582], [89, 582]], '결제하세요', 0.9996625282231217), ([[461, 593], [588, 593], [588, 647], [461, 647]], '당햇다:', 0.39363178610801697), ([[505, 654], [557, 654], [557, 687], [505, 687]], '역시', 0.9998733089240648), ([[504, 682], [584, 682], [584, 720], [504, 720]], '푸딩녀.', 0.643942654132843), ([[454, 2213], [572, 2213], [572, 2266], [454, 2266]], '야후톱', 0.0684199327235389), ([[454, 2258], [588, 2258], [588, 2311], [454, 2311]], '멋지다!', 0.9629992246627808), ([[337, 2596], [535, 2596], [535, 2743], [337, 2743]], '중', 0.003705112361732432), ([[71, 3364], [306, 3364], [306, 3596], [71, 3596]], '와', 0.28303161595318116), ([[402, 3450], [525, 3450], [525, 3514], [402, 3514]], '안타!', 0.9528118438955924), ([[354.27577350128934, 1903.8067017028366], [584.9390418137236, 1863.7607058276233], [594.7242264987107, 1942.1932982971634], [363.0609581862763, 1982.2392941723767]], '[어어트', 0.018606752157211304), ([[127.56053135686122, 1985.7771158494086], [364.84552018649566, 1914.8600901729287], [379.4394686431388, 1979.2228841505914], [141.15447981350434, 2050.1399098270713]], '킬집@입', 0.0004307442286517471)]
[([[96, 139], [215, 139], [215, 200], [96, 200]], '우와-', 0.9881131052970886), ([[108, 198], [231, 198], [231, 258], [108, 258]], '글래머', 0.8550618277840587), ([[265, 535], [476, 535], [476, 586], [265, 586]], '찌질한 새끼들', 0.8672739184092412), ([[218, 578], [539, 578], [539, 629], [218, 629]], '나는 벌써 저 가슴으로', 0.8466218182807994), ([[242, 621], [500, 621], [500, 671], [242, 671]], '딸까지 친 몸이야', 0.7246447736829571), ([[128, 1624], [324, 1624], [324, 1675], [128, 1675]], '오늘 덕분에', 0.5077016893893459), ([[127, 1670], [317, 1670], [317, 1731], [127, 1731]], '즐거워어요', 0.9966285164094227), ([[449, 1757], [601, 1757], [601, 1808], [449, 1808]], '저야말로', 0.9997903108596802), ([[159, 2355], [351, 2355], [351, 2590], [159, 2590]], '꽉', 0.23216796146245144), ([[205, 3217], [419, 3217], [419, 3278], [205, 3278]], '고노야로!', 0.9539615126820017), ([[206, 4101], [445, 4101], [445, 4156], [206, 4156]], '왜, 왜 이래요!', 0.9346058964067323)]
[([[50, 526], [687, 526], [687, 779], [50, 779]], '후쿠오칸학', 0.05100126134880719), ([[168, 739], [546, 739], [546, 823], [168, 823]], '초떠떠@*시*3', 0.005596705497558132), ([[63, 802], [657, 802], [657, 1087], [63, 1087]], '여인들', 0.9997566369452293), ([[406, 1167], [679, 1167], [679, 1218], [406, 1218]], '글그림   화초바시', 0.5438734854967722), ([[282, 1485], [444, 1485], [444, 1569], [282, 1569]], '16회', 0.9031375499727989), ([[223, 3817], [491, 3817], [491, 3901], [223, 3901]], '((71가', 0.02768993371970513), ([[264, 3893], [481, 3893], [481, 3958], [264, 3958]], '있있다니!', 0.29566491950844537)]
[([[128, 60], [384, 60], [384, 120], [128, 120]], '내일 모리상이', 0.883199273294929), ([[129, 111], [472, 111], [472, 168], [129, 168]], '출근하면 이 영상울', 0.47732123764050205), ([[131, 159], [361, 159], [361, 219], [131, 219]], '보여줄 테다!', 0.7362958061473647), ([[325, 354], [498, 354], [498, 409], [325, 409]], '이놈 보고', 0.17751979517872088), ([[324, 400], [536, 400], [536, 460], [324, 460]], '어떤 반응올', 0.8402210293321429), ([[327, 450], [630, 450], [630, 510], [327, 510]], '보일지 궁금하군!', 0.9756331038706207), ([[169, 1233], [222, 1233], [222, 1278], [169, 1278]], '아', 0.999971866805538), ([[325, 1548], [512, 1548], [512, 1598], [325, 1598]], '모리씨와는', 0.6470756899929255), ([[320, 1590], [519, 1590], [519, 1645], [320, 1645]], '끝이로구나:', 0.7358024419269179), ([[267, 2459], [502, 2459], [502, 2524], [267, 2524]], '성추행으로', 0.9905932427193703), ([[267, 2516], [455, 2516], [455, 2581], [267, 2581]], '고발하면', 0.9998165369033813), ([[267, 2574], [533, 2574], [533, 2642], [267, 2642]], '볼만 하켓어!', 0.605147810620768), ([[343.1537115632518, 2843.044888694567], [397.54296280234115, 2816.018446805585], [457.8462884367482, 2952.955111305433], [403.45703719765885, 2978.981553194415]], '장', 0.03658441003180557)]
[([[189, 244], [396, 244], [396, 318], [189, 318]], '으아아~', 0.9941883797678911), ([[297, 438], [514, 438], [514, 526], [297, 526]], '망있다!', 0.35123032331466675), ([[284, 1510], [391, 1510], [391, 1571], [284, 1571]], '내가', 0.999720577829825), ([[241, 1565], [508, 1565], [508, 1633], [241, 1633]], '도와줄까요?', 0.8660074335135367), ([[191, 2011], [261, 2011], [261, 2066], [191, 2066]], '네?', 0.48033269875551815), ([[226, 2585], [496, 2585], [496, 2640], [226, 2640]], '나도 쿠보타상과', 0.7844792497915396), ([[242, 2632], [441, 2632], [441, 2683], [242, 2683]], '해결해야할', 0.9891899346721011), ([[226, 2679], [461, 2679], [461, 2734], [226, 2734]], '일이 잇거든요', 0.6967850267945435), ([[277.4010806238995, 4428.006899077237], [467.19561288981663, 4403.748972675958], [526.5989193761005, 4913.993100922763], [335.80438711018337, 4939.251027324042]], '아', 0.7554612726515622)]
[([[246, 0], [378, 0], [378, 26], [246, 26]], ' :', 0.7365245322319774), ([[277, 51], [479, 51], [479, 113], [277, 113]], '내 사진도', 0.9872895810876143), ([[275, 107], [443, 107], [443, 173], [275, 173]], '있잖아!', 0.351496160030365), ([[190, 918], [294, 918], [294, 992], [190, 992]], '어?', 0.9997415653069687), ([[211, 1001], [427, 1001], [427, 1063], [211, 1063]], '이 사진은 .', 0.536866333385186), ([[189, 2015], [337, 2015], [337, 2079], [189, 2079]], '란코씨', 0.34913615681267357), ([[185, 2073], [413, 2073], [413, 2141], [185, 2141]], '아니에요?', 0.9993167256573621)]
[]
[([[109, 124], [375, 124], [375, 175], [109, 175]], '그런데 오늘까지', 0.9988912051395636), ([[124, 171], [359, 171], [359, 222], [124, 222]], '생리 중이라서', 0.997091293245028), ([[108, 213], [422, 213], [422, 274], [108, 274]], '내일 밤에 찾아가조', 0.9804298819368992), ([[409, 444], [544, 444], [544, 512], [409, 512]], '뭐야!', 0.9601629910414102), ([[412, 522], [551, 522], [551, 583], [412, 583]], '잔머리', 0.9994906397434944), ([[416, 573], [661, 573], [661, 637], [416, 637]], '꿀리는 거나!', 0.3127827330434601), ([[117, 1324], [234, 1324], [234, 1379], [117, 1379]], '생리대', 0.9979813455103725), ([[121, 1371], [293, 1371], [293, 1421], [121, 1421]], '보여주요?', 0.9018053326125225), ([[446, 1434], [538, 1434], [538, 1479], [446, 1479]], '0어!', 0.190568232374574), ([[441, 1480], [546, 1480], [546, 1535], [441, 1535]], '-^+!', 0.00313365226611495), ([[120, 2303], [340, 2303], [340, 2364], [120, 2364]], '너희가 훔친', 0.7171547274797582), ([[121, 2346], [392, 2346], [392, 2419], [121, 2419]], '그박스트 내놔', 0.2204279377858808), ([[355, 2890], [550, 2890], [550, 2941], [355, 2941]], '날 찾아오면', 0.997455107576773), ([[355, 2937], [586, 2937], [586, 2988], [355, 2988]], '그때 돌려주지', 0.9996475450574321), ([[179, 3960], [473, 3960], [473, 4289], [179, 4289]], '사', 0.20378486788857586), ([[308, 4808], [582, 4808], [582, 4863], [308, 4863]], '정말 그양키에게', 0.9693143065472152), ([[307, 4850], [493, 4850], [493, 4911], [307, 4911]], '갈 거예요?', 0.6340040539613754)]
[([[222, 398], [498, 398], [498, 452], [222, 452]], '그럼 다른 방법이', 0.8393015504362864), ([[258, 444], [394, 444], [394, 494], [258, 494]], '있나요?', 0.9359158873558044), ([[204, 1308], [506, 1308], [506, 1362], [204, 1362]], '내가 성추행범으로', 0.9961915237468412), ([[206, 1354], [508, 1354], [508, 1408], [206, 1408]], '망신올 당하더라도', 0.9096972681109761), ([[242, 1402], [426, 1402], [426, 1450], [242, 1450]], '모리씨에게', 0.9805704193190744), ([[222, 1445], [446, 1445], [446, 1499], [222, 1499]], '사과하켓어요', 0.9920086974281851), ([[228, 2022], [466, 2022], [466, 2074], [228, 2074]], '나 때문에 그런', 0.7082685347961015), ([[228, 2068], [457, 2068], [457, 2121], [228, 2121]], '녀석과 잠자리', 0.9851081725276675), ([[226, 2114], [468, 2114], [468, 2168], [226, 2168]], '할 필요 없어요', 0.979308875649629)]
[([[147, 756], [352, 756], [352, 821], [147, 821]], '날 걱정해', 0.9830237678532282), ([[143, 815], [422, 815], [422, 883], [143, 883]], '주는 건가요?', 0.76481836663902), ([[254, 2395], [526, 2395], [526, 2483], [254, 2483]], '이리 와요', 0.690223023846385), ([[186, 3506], [501, 3506], [501, 3567], [186, 3567]], '양키에게 주기 전에', 0.9218008538644816), ([[286, 3559], [366, 3559], [366, 3604], [286, 3604]], '먼저', 0.9996967247494318), ([[249, 3601], [406, 3601], [406, 3652], [249, 3652]], '날 가져요', 0.5498093462055298)]
[([[280, 167], [527, 167], [527, 352], [280, 352]], '푹 )', 0.9251728057861328), ([[576, 238], [660, 238], [660, 323], [576, 323]], '움', 0.8600565959676629), ([[357, 343], [457, 343], [457, 457], [357, 457]], '푹', 0.9974011400643725), ([[213, 888], [523, 888], [523, 945], [213, 945]], '긴 혀가 쓸모없다고', 0.8753709177825122), ([[213, 937], [425, 937], [425, 994], [213, 994]], '생각햇든데..', 0.4760302187590723), ([[305, 1309], [460, 1309], [460, 1359], [305, 1359]], '햇바닥 뒤7', 0.29028424715544615), ([[298, 1344], [495, 1344], [495, 1394], [298, 1394]], '귀찮아죽켓네', 0.823638143531599), ([[277, 2054], [362, 2054], [362, 2104], [277, 2104]], '이럴', 0.1629930595680666), ([[241, 2096], [488, 2096], [488, 2153], [241, 2153]], '쓸모가 있구나!', 0.733496447017554), ([[248, 4056], [467, 4056], [467, 4106], [248, 4106]], '혀가 어디까지', 0.7782272460563093), ([[248, 4098], [481, 4098], [481, 4155], [248, 4155]], '들어오는 거야', 0.9222231107775349), ([[233, 5467], [552, 5467], [552, 5533], [233, 5533]], '마치 장어 한마리가', 0.6472195527955662), ([[255, 5517], [488, 5517], [488, 5574], [255, 5574]], '취젓고 다니는', 0.35740621853174526), ([[284, 5559], [446, 5559], [446, 5616], [284, 5616]], '느낌이야!', 0.9589125454792504), ([[178, 6929], [516, 6929], [516, 6986], [178, 6986]], '삼입도 하지 않앞논데', 0.1691813767834196), ([[226, 6977], [468, 6977], [468, 7037], [226, 7037]], '오르가증이 .! !', 0.5525645179033903), ([[193, 8237], [319, 8237], [319, 8447], [193, 8447]], '주', 0.9269861854455144), ([[22.751442119587647, 2584.029996087423], [294.61574905181004, 2625.173157254197], [252.24855788041236, 2843.970003912577], [-18.615749051810067, 2802.826842745803]], '회적', 0.41327069368145886), ([[79.45687811368245, 5926.009835937635], [190.78714238209514, 5908.26121316587], [237.54312188631755, 6231.990164062365], [126.21285761790487, 6249.73878683413]], '퍽', 0.09744045152280023), ([[425.83512958792704, 6299.032332582687], [653.6008721504386, 6340.252818087107], [614.164870412073, 6520.967667417313], [387.39912784956147, 6479.747181912893]], '위적', 0.8159306927312537)]
