2007810
2006992
2006513
2005865
2005091
2004604
2003661
2003168
2002421
2001895
2001111
2000467
1999790
1999284
1998627
1997755
1996957
1996611
1995992
1995638
1994537
1993934
1993204
1992689
1992045
1991406
1990895
1990080
1989456
1988833
1988242
1987755
1987086
1986438
1986116
1985884
1985642
1984920
1984734
1984053
1983527
1982726
1982075
1981572
1980922
1980307
1979209
1978664
1977792
1977070
1976631
1975994
1975621
1974938
1974441
1973893
1973454
1972728
1972124
1971927
1971337
1970873
1970470
1970088
1969637
1968810
1968248
1967601
1966995
1966162
1965646
1964634
1964133
1963553
1962865
1962250
1961535
1961042
1960396
1959372
1958563
1957627
1956980
1956104
1955611
1954492
1954022
1953356
1952847
1952344
1951844
1951013
1950313
1949722
1948665
1948021
1947379
1946630
1945902
1944919
1944309
1943675
1943245
1942445
1942167
1941594
1941160
1940878
1940765
1940210
1939628
1939273
1938660
1937757
1936961
1936414
1935995
1935368
1934761
1934349
1933917
1933275
1932789
1932239
1931509
1931267
1930897
1930180
1929522
1929140
1928775
1927987
1927607
1926597
1926187
1925708
1924930
1924317
1923528
1922742
1922064
1921562
1920979
1920509
1920471
1920136
1919806
1919483
1918845
1917996
1917205
1916627
1916174
1915168
1914796
1914483
1914257
1913800
1913323
1912963
1912502
1912167
1911539
1910865
1910404
1910068
1909554
1908801
1908203
1907684
1907492
1906832
1906299
1905827
1905110
1904706
1904155
1903639
1903108
1902612
1902021
1901236
1900728
1899996
1899210
1898542
1897877
1897168
1896317
1895736
1895226
1894933
1893998
1893163
1892232
1891432
1890743
1889989
1889564
1889182
1888814
1888329
1887705
1887019
1886723
1885933
1885346
1884705
1884319
1883794
1883405
1882846
1882392
1881332
1880867
1879969
1879375
1878747
1878015
1877670
1877259
1876685
1875903
1875539
1875033
1874337
1873917
1872877
1872358
1871685
1871222
1870613
1869908
1869357
1868695
1868095
1867463
1866793
1866433
1866024
1865035
1864750
1864136
1863743
1863180
1862607
1862057
1861641
1861173
1860642
1860104
1859556
1859353
1858834
1858443
1857976
1857485
1857054
1856371
1855962
1855702
1855300
1854878
1854556
1854185
1853818
1853435
1853118
1852760
1852512
1852089
1851481
1851247
1850903
1850344
1849842
1849637
1849047
1848751
1848384
1848076
1847525
1847351
1847101
1846494
1845746
1845403
1844933
1844188
1843448
1843113
1842968
1842450
1842231
1842155
1841736
1841441
1840828
1840296
1839964
1839532
1839234
1838671
1838371
1837971
1837734
1837184
1836878
1836372
1836034
1835584
1835232
1834709
1834243
1833461
1833161
1832789
1832375
1831987
1831609
1830988
1830352
1829865
1829540
1829140
1828809
1828347
1827599
1827237
1826400
1825812
1825260
1824514
1824182
1823798
1823381
1823145
1822723
1822225
1821576
1821114
1820843
1820363
1819761
1819136
1818846
1818379
1817917
1817408
1817129
1816638
1816296
1815824
1815436
1815027
1814912
1814405
1813924
1813603
1813202
1812977
1812699
1812082
1811618
1811286
1810906
1810491
1810190
1809703
1809340
1808654
1807999
1807635
1807179
1806877
1806628
1806013
1805725
1805183
1804908
1804343
1804260
1803965
1803387
1803033
1802584
1802288
1801728
1801495
1801052
1800734
1800297
1800054
1799683
1799382
1798741
1798353
1797621
1797256
1796448
1795999
1795398
1795168
1794409
1793873
1793499
1792813
1792516
1792022
1791739
1791158
1790543
1789623
1789124
1788839
1788237
1787881
1787258
1787096
1786501
1786220
1785902
1785216
1784874
1784493
1783905
1783565
1783117
1782573
1782161
1781625
1781283
1780864
1780509
1780183
1779653
1779172
1778616
1778129
1777659
1776954
1776199
1775686
1775006
1774351
1773719
1773519
1772918
1772540
1772112
1771612
1771251
1770737
1770172
1769515
1769028
1768357
1768082
1767290
1767113
1766731
1766431
1765760
1764950
1764565
1764054
1763391
1763116
1762475
1762157
1761711
1761330
1760663
1760209
1759728
1759100
1758853
1758513
1758089
1757627
1757118
1756808
1756326
1755494
1755056
1754537
1754121
1753612
1753176
1752926
1752672
1752077
1751736
1750939
1750816
1750287
1749871
1749475
1748977
1748148
1747487
1747113
1746687
1746455
1745756
1745372
1744978
1744809
1744432
1744134
1743634
1743040
1742201
1741736
1741373
1740736
1739918
1739364
1738580
1737769
1737236
1736463
1736242
1735955
1735840
1735409
1735044
1734932
1734378
1733898
1733284
1732786
1732329
1731595
1731293
1730797
1730433
1730080
1729978
1729348
1728800
1728560
1728057
1727468
1727188
1726229
1726007
1725644
1725410
1724595
1724158
1723695
1723211
1722415
1721893
1721039
1720425
1719741
1718907
1718652
1718145
1717988
1717385
1716983
1716522
1716205
1715509
1715072
1714407
1713714
1713275
1712791
1712429
1711902
1711364
1710991
1710421
1709744
1709210
1708740
1708171
1707582
1707019
1706190
1705750
1705104
1704404
1703369
1702722
1702537
1702056
1701784
1701275
1700916
1700349
1699923
1699321
1698915
1698498
1697891
1697413
1697203
1696779
1696625
1696395
1695706
1695309
1694576
1694186
1693896
1693055
1692569
1691901
1691284
1690965
1690443
1689891
1689277
1688502
1688240
1687544
1687179
1686532
1686096
1685736
1685071
1684596
1683935
1683280
1682551
1681996
1681291
1680585
1679845
1679362
1678519
1677861
1677385
1676669
1676182
1675499
1675096
1674611
1673912
1673138
1672484
1672015
1671318
1670986
1670196
1669667
1669308
1668340
1667628
1667364
1666852
1666284
1666015
1665515
1664803
1664335
1663885
1663402
1662878
1662542
1662171
1661719
1661140
1660856
1660360
1659903
1659289
1658457
1657444
1656895
1656330
1656186
1655586
1655023
1654253
1653914
1653350
1652778
1652414
1651759
1651089
1650369
1649700
1649498
1648826
1648236
1647684
1647426
1646972
1646498
1645948
1645397
1644827
1644334
1643632
1642797
1642271
1641917
1641251
1640685
1640089
1639521
1638999
1638325
1637954
1637379
1636907
1636237
1635834
1635286
1634788
1634106
1633794
1633228
1632833
1632391
1632002
1631501
1631052
1630777
1630311
1629958
1629640
1629431
1629034
1628685
1628197
1627631
1627240
1626815
1626398
1626071
1625681
1625428
1624696
1624487
1623742
1623140
1622941
1622772
1622214
1621870
1621447
1621085
1620399
1619706
1619271
1618733
1617978
1617474
1616628
1616127
1615543
1615093
1614839
1614082
1613533
1613154
1612718
1612132
1611528
1611302
1610899
1610418
1610075
1609462
1608526
1607881
1607454
1606783
1606397
1605903
1605413
1605054
1604332
1603889
1603427
1602826
1602305
1601687
1601356
1600775
1599921
1599211
1598619
1597897
1597338
1596805
1596524
1595875
1595429
1595190
1594526
1594335
1593671
1593298
1592827
1592269
1591858
1591637
1591491
1591110
1590835
1590257
1589654
1589237
1588904
1588515
1588079
1587635
1587009
1586593
1586264
1585887
1585402
1585235
1584673
1584412
1583873
1583508
1583135
1582570
1582158
1581996
1581540
1581137
1580688
1580404
1579964
1579797
1579256
1579029
1578604
1578080
1577727
1576834
1576244
1575750
1575253
1574988
1574677
1574084
1573624
1573194
1572771
1572492
1571952
1571661
1571299
1570814
1570360
1570021
1569832
1569607
1569105
1568736
1568438
1567897
1567712
1567438
1567107
1566555
1566276
1565901
1565372
1564966
1564667
1564278
1563827
1563459
1562906
1562544
1562064
1561442
1560701
1560283
1560069
1559600
1559216
1558722
1558049
1557611
1557323
1556921
1556456
1555946
1555437
1555181
1554909
1554450
1554082
1553665
1553423
1552992
1552471
1552226
1551419
1551100
1550479
1549952
1549707
1549465
1549267
1548911
1548574
1548180
1547740
1547566
1546977
1546734
1546459
1546117
1545763
1545603
1545176
1544726
1544476
1544276
1543854
1543803
1543658
1543300
1542983
1542758
1542175
1541570
1541063
1540434
1539971
1539532
1539241
1538792
1538265
1538180
1538137
1538109
1538078
1538049
1537992
1537427
1536919
1536441
1536106
1535520
1534922
1534472
1534039
1533381
1532934
1532568
1531976
1531626
1531367
1530860
1529950
1529525
1529149
1528813
1528510
1528147
1527693
1527273
1526646
1526089
1525427
1524988
1524497
1524127
1523871
1523405
1522922
1522363
1521792
1521428
1521008
1520497
1520052
1519266
1518749
1518506
1518118
1517817
1517473
1517061
1516906
1516528
1515910
1515519
1515049
1514628
1514097
1513816
1513445
1513165
1513023
1512564
1512180
1511944
1511436
1511143
1510774
1510270
1510079
1509581
1509191
1508765
1508532
1507853
1507531
1507191
1506522
1505957
1505533
1505053
1504512
1504183
1503787
1503235
1502816
1502411
1501892
1501338
1500644
1500238
1499725
1499468
1499081
1498716
1498295
1497887
1497593
1497013
1496489
1496231
1495916
1495667
1495277
1494867
1494291
1494056
1493462
1493091
1492591
1492359
1491447
1490736
1490329
1489872
1489472
1489126
1488644
1488401
1487951
1487309
1486399
1485888
1485573
1485390
1484878
1484254
1484001
1483623
1482971
1482353
1481894
1481626
1481207
1480783
1480236
1480003
1479408
1478854
1478355
1477790
1477363
1476865
1476642
1476075
1475616
1475363
1474627
1474274
1473978
1473627
1473179
1472639
1472157
1471633
1471451
1471212
1470511
1470167
1469822
1469302
1468852
1468316
1468040
1467521
1467142
1466971
1466594
1466130
1465930
1465587
1465169
1464924
1464454
1464184
1463779
1463577
1463243
1463078
1462687
1462307
1462108
1461631
1461030
1460519
1459818
1459295
1458774
1458174
1457781
1457301
1456497
1456241
1455580
1455274
1454641
1454298
1454057
1453684
1453452
1453018
1452634
1452255
1451693
1451403
1451047
1450698
1450208
1450065
1449690
1449467
1448967
1448558
1448462
1448099
1447554
1446911
1446464
1445826
1445571
1445209
1444600
1444314
1443868
1443519
1443295
1442814
1442454
1442127
1441786
1441420
1440953
1440331
1439799
1439506
1439267
1438702
1438356
1438095
1437778
1437431
1437090
1436763
1436223
1435815
1435508
1435019
1434597
1434211
1433556
1432881
1432709
1432067
1431666
1431340
1430747
1430114
1429861
1429312
1428733
1428188
1427820
1427344
1427008
1426878
1426514
1425990
1425444
1425012
1424826
1424724
1424640
1424323
1423805
1423420
1422909
1422475
1421965
1421508
1421179
1420731
1420323
1419741
1419146
1418548
1418185
1417683
1417338
1416848
1416388
1415938
1415589
1415203
1414847
1414381
1413884
1413581
1413242
1412745
1412190
1411708
1411387
1411142
1410472
1410083
1409699
1409269
1408799
1408520
1407730
1406924
1406391
1405649
1405307
1404916
1404291
1403192
1402870
1402127
1401750
1401410
1401206
1400813
1399991
1399454
1398727
1398380
1398038
1397638
1396870
1396389
1396043
1395583
1395034
1394711
1394378
1394074
1393511
1392518
1391936
1391438
1390880
1390600
1390279
1389692
1389154
1388566
1388133
1387634
1387178
1386382
1385955
1385525
1384813
1384240
1383574
1382874
1382593
1382217
1381930
1381453
1380868
1380056
1379515
1378991
1378671
1377997
1377369
1376767
1376333
1375523
1374989
1374717
1374142
1373579
1373209
1372801
1372299
1371863
1371116
1370655
1370342
1369845
1369353
1368769
1368436
1367869
1367378
1366606
1365953
1365507
1364687
1364416
1363610
1362968
1362568
1361752
1361435
1360547
1360078
1359463
1358988
1358700
1358674
1358345
1358141
1357729
1357069
1356435
1355693
1354975
1354594
1354100
1353636
1353061
1352483
1352296
1351851
1351427
1350653
1350137
1349724
1349078
1348362
1348102
1347771
1347405
1346995
1346220
1345533
1344885
1344358
1343849
1343539
1342986
1342630
1342263
1342055
1341828
1341394
1341157
1340845
1340484
1340078
1339888
1339551
1339212
1338961
1338751
1338507
1338165
1337765
1337524
1337106
1336572
1336072
1335529
1335258
1334825
1334695
1334323
1333917
1333597
1333028
1332073
1331443
1330966
1330435
1329842
1329041
1328895
1328457
1327856
1327394
1326867
1326377
1325653
1324917
1324415
1323863
1323487
1323194
1323098
1323020
1322733
1322668
1321979
1321537
1321091
1320283
1319640
1319362
1318741
1318221
1317619
1317386
1316587
1316235
1315773
1315082
1314649
1314239
1313605
1313103
1312870
1312511
1312133
1311645
1311189
1310796
1310345
1309901
1309623
1309444
1309020
1308506
1308106
1307613
1307027
1306810
1306468
1306024
1305659
1305261
1304778
1304139
1303982
1303908
1303401
1302650
1302185
1301735
1301327
1300767
1300346
1300059
1299409
1298792
1298194
1297781
1297466
1297102
1296744
1296582
1296120
1295707
1295417
1294941
1294416
1294281
1294220
1293901
1293582
1292987
1292530
1292039
1291757
1291161
1290645
1290141
1289670
1289036
1288551
1288180
1287728
1287336
1286928
1286637
1286298
1285811
1285516
1285187
1284823
1284431
1284031
1283771
1283207
1282730
1282220
1281472
1281205
1280682
1280415
1280374
1280336
1279764
1279249
1278648
1278417
1278217
1278134
1277762
1277412
1277242
1276703
1276411
1276007
1275510
1275144
1274803
1274379
1273950
1273413
1273098
1272804
1272558
1272331
1272024
1271881
1271538
1271421
1271211
1270913
1270784
1270651
1270267
1270128
1269981
1269555
1269307
1269008
1268849
1268681
1268428
1267907
1267548
1267292
1266959
1266621
1266173
1265859
1265495
1265100
1264672
1264207
1263805
1263507
1263207
1262862
1262524
1262361
1262038
1261556
1261278
1260864
1260478
1260331
1260037
1259688
1259431
1258950
1258535
1258164
1257816
1257366
1256932
1256685
1255909
1255396
1254520
1254066
1253025
1252016
1250969
1250316
1249425
1248637
1247849
1247032
1246525
1246198
1246031
1245528
1245097
1244785
1244452
1244146
1243619
1243224
1243114
1242771
1242485
1242086
1241704
1241528
1241268
1240761
1240387
1240126
1239823
1239577
1239232
1238950
1238622
1238195
1237738
1237411
1236976
1236859
1236380
1236039
1235582
1235364
1235233
1234834
1234485
1234409
1234316
1234229
1233784
1233671
1233272
1232842
1232598
1231958
1231682
1231380
1230976
1230602
1230404
1229923
1229467
1229074
1228761
1228432
1228217
1227880
1227726
1227546
1227291
1226968
1226669
1226341
1225685
1225166
1224649
1224346
1224159
1223705
1223081
1222668
1222256
1221967
1221291
1220826
1220436
1220054
1219625
1219237
1218765
1218324
1217775
1217458
1217372
1216787
1216386
1215999
1215361
1214985
1214632
1214267
1213791
1213523
1212911
1212200
1211808
1211407
1211091
1210605
1210181
1209753
1208949
1208839
1208342
1208179
1208058
1207792
1207451
1207403
1207085
1206912
1206633
1206333
1205875
1205437
1204938
1204036
1203618
1203088
1202698
1202178
1201424
1201230
1200749
1200132
1199886
1199509
1199022
1198603
1198204
1197905
1197412
1197071
1196684
1196142
1195619
1195275
1194703
1194564
1194424
1193938
1193794
1193505
1193440
1193145
1192924
1192737
1192087
1191648
1191279
1190796
1190408
1189967
1189403
1189031
1188576
1188175
1187609
1187355
1186831
1186548
1186370
1186058
1185737
1185563
1185388
1185172
1184854
1184551
1184134
1183657
1183405
1182980
1182548
1182112
1181743
1181369
1180976
1180620
1180318
1179864
1179373
1178931
1178280
1177620
1176962
1176630
1176580
1176537
1176397
1176271
1175998
1175836
1175690
1175206
1174897
1174546
1174096
1173708
1173235
1172945
1172530
1172480
1172096
1171815
1171501
1171229
1170838
1170482
1170081
1169734
1169436
1169145
1168833
1168537
1168300
1168034
1167647
1167455
1167191
1167023
1166707
1166505
1166089
1165854
1165487
1165251
1164909
1164600
1164360
1164168
1163924
1163658
1163314
1163081
1162761
1162460
1162112
1161772
1161404
1160896
1160463
1159994
1159486
1159239
1159134
1159017
1158984
1158554
1158197
1157801
1157425
1156898
1156444
1156109
1155435
1155028
1154699
1154131
1153531
1152936
1152387
1151978
1151360
1150929
1150490
1150273
1149598
1148902
1148427
1148103
1147855
1147738
1147349
1147080
1147025
1146973
1146504
1146045
1145689
1145141
1144503
1144092
1143780
1143247
1142788
1142428
1141846
1141189
1140986
1140673
1140260
1139826
1139189
1138731
1138180
1137831
1137335
1136809
1136299
1135729
1135017
1134756
1134299
1133862
1133106
1132568
1131972
1131596
1131201
1130884
1130406
1129915
1129425
1129044
1128648
1128220
1127660
1127022
1126493
1125995
1125481
1125264
1124942
1124401
1124236
1123993
1123579
1123222
1123171
1122914
1122547
1122233
1121865
1121725
1121110
1120472
1119994
1119211
1118870
1118486
1118121
1117758
1117282
1117176
1116868
1116289
1115965
1115386
1115098
1114691
1114194
1113801
1113556
1113385
1113144
1112839
1112434
1112076
1111697
1111529
1111224
1110614
1110172
1109906
1109443
1109117
1108616
1108386
1108039
1107943
1107441
1106988
1106798
1106474
1106089
1105783
1105276
1104874
1104656
1104321
1103928
1103779
1103397
1103033
1102723
1102532
1102170
1102122
1101795
1101533
1101305
1101028
1100804
1100552
1100288
1099886
1099430
1098955
1098408
1097609
1097298
1096962
1096407
1095691
1095173
1094675
1094051
1093741
1093478
1093405
1092888
1092440
1091882
1091542
1090888
1090746
1090105
1089497
1089161
1088897
1088294
1087731
1087360
1086886
1086461
1086208
1085879
1085415
1085119
1084779
1084249
1083794
1083110
1082763
1082673
1082603
1082276
1081649
1080884
1080265
1079811
1079174
1078764
1078368
1078022
1077499
1077171
1076788
1076719
1076568
1076234
1075935
1075747
1075359
1074963
1074566
1074015
1073732
1073445
1073125
1072568
1072168
1071748
1071449
1071043
1070863
1070459
1070096
1069783
1069532
1069346
1068916
1067948
1067293
1066719
1066548
1066249
1065763
1065338
1065123
1064800
1064439
1063845
1063635
1063017
1062757
1062366
1062044
1061695
1061420
1061023
1060340
1059944
1059599
1059181
1058838
1058717
1058598
1058358
1058117
1057812
1057341
1057107
1056805
1056657
1056432
1055989
1055298
1054958
1054802
1054239
1053903
1053728
1053173
1052882
1052509
1052141
1051963
1051830
1051309
1050803
1050467
1049990
1049656
1049372
1049089
1048911
1048652
1048351
1048008
1047897
1047574
1047258
1046959
1046344
1046057
1045676
1045158
1044772
1044452
1044179
1043992
1043583
1043172
1042783
1042516
1042143
1041645
1041126
1040573
1040226
1039920
1039533
1039159
1038611
1038198
1037798
1037306
1036780
1036558
1036054
1035738
1035588
1035137
1034910
1034648
1034314
1034141
1033766
1033352
1033057
1032705
1032387
1032093
1031858
1031614
1031261
1030917
1030577
1030452
1030196
1029889
1029499
1029298
1029262
1028950
1028861
1028575
1028208
1027951
1027592
1027272
1026906
1026797
1026681
1026652
1026505
1026143
1026004
1025681
1025408
1025048
1024712
1024553
1024140
1023808
1023327
1023100
1022888
1022591
1022313
1022087
1021897
1021620
1021463
1021069
1020772
1020687
1020465
1020291
1019831
1019503
1019239
1018914
1018787
1018411
1018071
1017820
1017553
1017185
1016853
1016569
1016423
1016111
1015716
1015590
1015242
1015152
1014807
1014512
1014358
1013955
1013618
1013393
1012964
1012788
1012512
1012345
1012046
1011720
1011493
1011406
1011001
1010669
1010342
1010131
1009821
1009607
1009414
1009138
1008819
1008568
1008252
1008017
1007480
1007151
1006727
1006241
1005849
1005552
1005315
1005133
1004772
1004596
1004266
1003827
1003310
1003003
1002625
1002586
1002336
1002134
1001811
1001484
1001172
1000971
1000570
1000255
1000054
999603
999422
998999
998754
998485
998331
998137
998109
997942
997347
997042
996737
996467
996106
995688
995363
995103
994811
994478
993966
993764
993506
993146
992862
992478
992116
991813
991455
991224
990750
990411
989992
989738
989384
989030
988748
988479
988180
987927
987716
987590
987286
986965
986579
986283
986242
986216
986185
985897
985661
985332
985063
985026
984637
984421
984079
983765
983684
983381
982916
982575
982161
981929
981554
981207
981066
980582
980340
979997
979709
979567
979286
978959
978613
978376
978083
977720
977537
977119
976896
976564
976216
976067
975816
975259
974792
974592
974117
973856
973585
973369
973079
972583
972407
972065
971791
971409
971010
970628
970242
969929
969531
968917
968627
968268
967832
967596
967427
967213
966868
966705
966512
966332
966066
965846
965662
965461
965192
964967
964637
964265
963795
963467
963112
962603
962270
961989
961699
961418
961011
960794
960627
960331
960092
959780
959462
959246
959119
958803
958590
958349
958084
958044
957809
957463
957302
957159
956866
956623
956535
956498
956345
956065
955675
955181
954940
954577
954237
953903
953842
953794
953626
953397
953366
953231
952895
952759
952445
952011
951851
951521
951308
951042
950810
950449
950127
949867
949523
948944
948694
948337
947761
947349
947125
946866
946482
946212
945893
945540
945053
944683
944138
943881
943292
942882
942227
941740
941454
941060
940792
940447
940029
939374
939069
938693
938390
937890
937792
937481
936873
936579
936351
936106
935785
935268
934887
934280
933940
933817
933538
933245
932836
932399
931747
931395
931212
930788
930535
930164
929684
929191
929097
928991
928662
928423
928146
927812
927406
927047
926810
926289
925902
925334
925051
924788
924583
924012
923712
923135
922875
922479
922080
921473
920976
920641
920399
920191
919890
919837
919702
919672
919541
919324
919274
919146
918874
918814
918652
918533
918276
917888
917648
917291
917167
916930
916797
916504
916153
915692
915277
914950
914660
914384
914084
913799
913490
913166
912726
912265
912029
911724
911390
911147
910919
910688
910377
909930
909736
909305
908882
908597
908403
908276
908017
907615
907239
907065
906535
906211
905944
905636
905538
905208
905005
904527
904032
903632
903296
902724
901873
901570
901093
900737
900215
899953
899563
899075
898638
898188
897875
897312
897004
896640
896504
896321
896136
895848
895561
895246
894953
894668
894414
894281
893905
893455
893142
892821
892438
892263
891965
891650
891374
891098
890761
890608
890403
890068
889843
889408
889048
888734
888661
888551
888189
888062
887815
887419
887268
887010
886763
886330
885987
885319
884999
884679
884235
883848
883367
882817
882215
881831
881363
881006
880626
880330
879876
879492
879187
878527
877910
877503
877047
876472
875883
875545
874775
874111
873823
873416
872890
872584
872257
871938
871553
871212
870899
870356
869503
869104
868872
868568
867757
867058
866553
865995
865575
865387
864928
864069
863620
862816
862595
862488
861971
861528
861451
861155
860874
860290
859739
859279
858952
858562
858234
857904
857504
857009
856756
856406
855880
855332
855186
854785
854044
853687
853233
852974
852714
852247
851931
851648
851135
850607
850109
849893
849348
849231
848600
848241
847914
847518
847275
846968
846742
846445
846114
845715
845219
845049
844766
844631
844449
844231
844058
843814
843594
843426
843170
843041
842936
842736
842623
842484
842077
841931
841594
841253
840896
840623
840572
840123
839503
838999
838337
837929
837376
836865
836600
836042
835747
835354
834783
834276
834244
833772
833386
832574
831883
831366
830762
830214
829783
829354
828720
828218
827959
827588
827064
826434
826005
825518
825219
824860
824269
823991
823468
823019
822642
822318
821790
821209
820551
820135
819903
819734
819172
818550
818101
817714
817203
816374
815899
815506
815294
814709
814675
814331
814173
813763
813424
813303
813108
812932
812785
812525
812153
811732
811467
811189
810807
810774
810406
809833
809556
808895
808615
808449
808255
807985
807239
806777
806422
806032
805734
805375
804869
804384
804110
803626
803460
803259
802898
802559
802144
801891
801567
801006
800773
800305
799692
799221
798518
798190
797882
797469
796795
796327
795947
795290
794757
794251
794023
793618
792991
792679
791988
791542
791504
791417
791050
790626
790022
789675
789150
788735
788296
787810
787459
787104
786504
785906
785035
784864
784329
783950
783409
783051
782603
782544
782116
781739
781362
780967
780523
780097
779637
779291
779005
778420
778111
778022
777548
777277
776670
776369
775873
775594
775380
775197
775003
774793
774572
774474
774313
773903
773698
773438
773163
772790
772524
772123
771894
771576
771275
770938
770494
770205
769895
769500
769152
768631
768277
768244
767972
767556
767250
766985
766648
765946
765544
765174
764749
764452
764137
763981
763606
763269
762710
762271
762091
761619
761249
760782
760308
760272
760034
759746
759503
759315
758907
758778
758452
758064
757619
757231
756963
756610
756234
755778
755396
754643
754157
753946
753909
753732
753227
752781
752327
751909
751677
751146
750549
750041
749341
748701
748125
747690
747098
746413
745769
745374
744636
743938
743439
742941
742327
741672
741160
740887
740527
740327
739975
739460
739090
738885
738736
738497
738224
738105
737865
737587
737304
736737
736249
735943
735648
735110
734730
734226
733914
733501
733173
732738
731982
731730
731293
731111
730705
730374
729990
729460
728875
728423
728058
727764
727231
726822
726285
725900
725314
725033
2088658
2087530
2087490
2087451
2087183
2086312
2085337
2084405
2084051
2083489
2082962
2082367
2081745
2081072
2080678
2080186
2079825
2079241
2078567
2077483
2077306
2076411
2075696
2074963
2074360
2073857
2073408
2073044
2072342
2071601
2070755
2070395
2069880
2069447
2069154
2068546
2067831
2067489
2066932
2066271
2065550
2064824
2063695
2063164
2062747
2061744
2060529
2060188
2059553
2058723
2058289
2057476
2056699
2055825
2055033
2054728
2054194
2053571
2053278
2052757
2051961
2051116
2050404
2049485
2049023
2048337
2048092
2047675
2046998
2046206
2045606
2044654
2043756
2043218
2042303
2041297
2040406
2039519
2038648
2037910
2036789
2036111
2035466
2035002
2034195
2033681
2032762
2031749
2030505
2029703
2029170
2028480
2027760
2027120
2026407
2025559
2025196
2024557
2023819
2022941
2022392
2021748
2020777
2020063
2019433
2019136
2018407
2018116
2018064
2017766
2017355
2016917
2016335
2015849
2014921
2014261
2013674
2013112
2012327
2011574
2010941
2010274
2009177
2008897
2008086
1983431
1965654
1936414
1923747
1901870
1870955
1852960
1839476
1809916
1797546
1772453
1757912
1748148
1735259
1701010
1662976
1623667
1606540
1588356
1573331
1549932
1524994
1511980
1489059
1471977
1462187
1416859
1402628
1390894
1372011
1359452
1339932
1329050
1314839
1292809
1269425
1254064
1237000
1215608
1192990
1179989
1163305
1149679
1122967
1103121
1089154
1074782
1061492
1032702
1029414
1026435
1023864
1021954
1019278
1017222
1014802
1012966
1010493
1008314
1005831
1003611
1002134
1000223
998809
996998
995104
993819
992346
989908
987917
985914
984152
981278
979072
976653
974734
972069
969725
967591
965611
962857
959982
957100
955674
952129
949620
946876
944319
941752
938931
935851
932992
928214
923092
915855
911724
888661
843215
794233
778074
774869
772718
768980
765839
762864
760293
757155
753861
751120
747469
743460
740354
738443
736397
733803
731275
728536
725666
723995
722564
720065
718395
716110
713648
711568
708839
706621
704872
701718
698540
