2007114
2006535
2005995
2005224
2004691
2004088
2003275
2002495
2002077
2001375
2000556
1999868
1999358
1999008
1997829
1997132
1996710
1996013
1995712
1994828
1993969
1993276
1992916
1992323
1991512
1990909
1990139
1989828
1988957
1988299
1987992
1987202
1986531
1986366
1985896
1985702
1985111
1984823
1984132
1983587
1982815
1982180
1981640
1980975
1980565
1979386
1978756
1977883
1977158
1976759
1976202
1975629
1975364
1974476
1974018
1973592
1972864
1972192
1971990
1971473
1971105
1970537
1970176
1969744
1968889
1968522
1967963
1967082
1966249
1965680
1964657
1964207
1963734
1962947
1962423
1961629
1961118
1960502
1959427
1958696
1957912
1957036
1956342
1955626
1954832
1954239
1953392
1952979
1952426
1952045
1951063
1950356
1949860
1948774
1948100
1947605
1947008
1945939
1945238
1944479
1943860
1943339
1942518
1942210
1941673
1941361
1940913
1940804
1940367
1939745
1939317
1938768
1937829
1937007
1936519
1936155
1935454
1935011
1934448
1933944
1933374
1932838
1932248
1931739
1931280
1930975
1930625
1929585
1929346
1928791
1928127
1927749
1926640
1926437
1925816
1925040
1924428
1923583
1922879
1922391
1921711
1921126
1920570
1920477
1920194
1919933
1919562
1919080
1918024
1917325
1916731
1916333
1915462
1914802
1914514
1914325
1913864
1913459
1912991
1912535
1912234
1911647
1910982
1910417
1910148
1909601
1908808
1908233
1907706
1907510
1906973
1906336
1906046
1905191
1904731
1904224
1903945
1903154
1902647
1902216
1901617
1900920
1900117
1899371
1898585
1897966
1897275
1896366
1895766
1895295
1894997
1894032
1893245
1892335
1891444
1890851
1890021
1889723
1889243
1888896
1888419
1887810
1887065
1886748
1886153
1885527
1884822
1884373
1883935
1883455
1883129
1882483
1881515
1880942
1880053
1879436
1878815
1878096
1877721
1877320
1876824
1876162
1875606
1875096
1874543
1874063
1873123
1872617
1871698
1871300
1870707
1869942
1869522
1868735
1868117
1867590
1866868
1866477
1866079
1865199
1864784
1864332
1863801
1863216
1862812
1862152
1861735
1861335
1860742
1860154
1859592
1859372
1858911
1858594
1858083
1857741
1857123
1856526
1855994
1855783
1855331
1855034
1854574
1854262
1853826
1853500
1853163
1852960
1852541
1852270
1851535
1851255
1850946
1850358
1850035
1849673
1849175
1848789
1848489
1848082
1847608
1847393
1847153
1846667
1845968
1845473
1845118
1844298
1843573
1843213
1842989
1842508
1842361
1842162
1841769
1841531
1840878
1840467
1840034
1839684
1839321
1838825
1838472
1838011
1837791
1837332
1836896
1836496
1836079
1835692
1835327
1834823
1834326
1833572
1833283
1832849
1832457
1832059
1831658
1831146
1830390
1830004
1829622
1829159
1828847
1828393
1827841
1827253
1826463
1825940
1825466
1824748
1824223
1823896
1823413
1823208
1822729
1822293
1821697
1821236
1820957
1820430
1819872
1819229
1818946
1818511
1817927
1817457
1817162
1816663
1816332
1815887
1815623
1815047
1814934
1814564
1813972
1813635
1813278
1813053
1812735
1812172
1811776
1811300
1810972
1810528
1810246
1809874
1809417
1808825
1808092
1807751
1807333
1806905
1806676
1806071
1805757
1805303
1804972
1804377
1804308
1804098
1803440
1803071
1802718
1802301
1801808
1801540
1801172
1800813
1800370
1800159
1799774
1799487
1798801
1798436
1797626
1797483
1796651
1796135
1795474
1795231
1794645
1793920
1793579
1792871
1792586
1792038
1791760
1791257
1790680
1789683
1789221
1788870
1788256
1787933
1787295
1787129
1786531
1786241
1786039
1785348
1784943
1784613
1784018
1783569
1783201
1782632
1782314
1781781
1781309
1781065
1780535
1780241
1779780
1779249
1778650
1778330
1777789
1776966
1776322
1775725
1775102
1774514
1773813
1773577
1773019
1772632
1772192
1771775
1771350
1770748
1770266
1769751
1769142
1768723
1768091
1767412
1767205
1766791
1766507
1765837
1765267
1764685
1764070
1763440
1763186
1762495
1762212
1761717
1761573
1760907
1760330
1759811
1759276
1758906
1758569
1758139
1757808
1757170
1756882
1756432
1755512
1755080
1754648
1754233
1753821
1753277
1752988
1752685
1752334
1751816
1751182
1750831
1750383
1750093
1749589
1749063
1748192
1747575
1747204
1746742
1746522
1745817
1745395
1745078
1744826
1744457
1744163
1743694
1743082
1742535
1741817
1741398
1740845
1740140
1739525
1738822
1737852
1737299
1736647
1736273
1735970
1735875
1735525
1735060
1734963
1734414
1734050
1733367
1733033
1732382
1731748
1731382
1730837
1730545
1730112
1730042
1729453
1728861
1728590
1728088
1727671
1727309
1726325
1726013
1725902
1725422
1724604
1724244
1723770
1723340
1722716
1722031
1721102
1720535
1719842
1719011
1718703
1718196
1717996
1717458
1716990
1716583
1716230
1715629
1715162
1714530
1713761
1713370
1712909
1712544
1712021
1711438
1711098
1710463
1709853
1709343
1708849
1708284
1707714
1707139
1706350
1705800
1705181
1704546
1703504
1702760
1702584
1702215
1701845
1701345
1700926
1700419
1699989
1699357
1698956
1698545
1697985
1697616
1697289
1696802
1696642
1696412
1695990
1695372
1694726
1694208
1693916
1693275
1692637
1691998
1691336
1690978
1690467
1689984
1689514
1688807
1688283
1687595
1687274
1686647
1686170
1685779
1685207
1684707
1684117
1683421
1682671
1682041
1681383
1680763
1679882
1679446
1678681
1677950
1677450
1676744
1676388
1675625
1675115
1674850
1674155
1673300
1672553
1672072
1671424
1671027
1670301
1669722
1669320
1668586
1667761
1667442
1666946
1666333
1666043
1665594
1664878
1664452
1663922
1663554
1662895
1662599
1662230
1661724
1661324
1660914
1660383
1659985
1659352
1658547
1657633
1657077
1656410
1656271
1655769
1655121
1654519
1654023
1653443
1652870
1652471
1651853
1651138
1650413
1649778
1649536
1648958
1648351
1647801
1647451
1647030
1646562
1645996
1645441
1644984
1644532
1643758
1642858
1642492
1641956
1641352
1640737
1640479
1639701
1639118
1638363
1638006
1637577
1636975
1636339
1635968
1635402
1634900
1634213
1633852
1633322
1632913
1632439
1632049
1631600
1631123
1630869
1630443
1630026
1629684
1629491
1629160
1628744
1628324
1627736
1627340
1626840
1626437
1626079
1625824
1625449
1624863
1624537
1623815
1623167
1622973
1622881
1622245
1621923
1621463
1621222
1620476
1619727
1619299
1618760
1618124
1617597
1616818
1616193
1615824
1615180
1614901
1614243
1613561
1613289
1612808
1612190
1611850
1611349
1610942
1610483
1610182
1609656
1608572
1608275
1607509
1606875
1606540
1606017
1605459
1605191
1604448
1603974
1603598
1602892
1602399
1601866
1601434
1600848
1600135
1599348
1598781
1598076
1597676
1596921
1596569
1595929
1595558
1595233
1594550
1594383
1593737
1593374
1592935
1592375
1591904
1591666
1591506
1591165
1590967
1590320
1589745
1589291
1588921
1588537
1588161
1587659
1587060
1586687
1586336
1585936
1585565
1585256
1584718
1584477
1583937
1583679
1583150
1582685
1582233
1582015
1581648
1581188
1580743
1580476
1579977
1579815
1579396
1579046
1578666
1578152
1577748
1577015
1576442
1575828
1575397
1575085
1574736
1574183
1573688
1573290
1572842
1572582
1572019
1571767
1571348
1570915
1570573
1570026
1569883
1569658
1569195
1568891
1568470
1567913
1567722
1567507
1567151
1566668
1566325
1565980
1565415
1565093
1564764
1564329
1564072
1563547
1563005
1562608
1562173
1561635
1560870
1560359
1560082
1559662
1559220
1558821
1558122
1557676
1557412
1556946
1556534
1556084
1555709
1555206
1554975
1554500
1554133
1553678
1553455
1553053
1552537
1552341
1551600
1551188
1550590
1550035
1549775
1549492
1549289
1548997
1548637
1548212
1547904
1547597
1547094
1546753
1546484
1546209
1545805
1545664
1545199
1544822
1544518
1544350
1543974
1543809
1543713
1543359
1542998
1542765
1542321
1541615
1541165
1540561
1539988
1539634
1539368
1538935
1538311
1538185
1538141
1538114
1538084
1538054
1538026
1537525
1537009
1536491
1536160
1535587
1535175
1534534
1534070
1533528
1533007
1532631
1532071
1531701
1531377
1530935
1530234
1529617
1529184
1528873
1528625
1528256
1527743
1527352
1526752
1526169
1525633
1525035
1524586
1524203
1523929
1523466
1522977
1522526
1521879
1521556
1521211
1520758
1520191
1519745
1518904
1518516
1518210
1517902
1517568
1517214
1516930
1516568
1515941
1515655
1515223
1514692
1514237
1513892
1513469
1513173
1513070
1512590
1512359
1512018
1511493
1511175
1510843
1510396
1510107
1509671
1509250
1508806
1508569
1507965
1507571
1507264
1506574
1506069
1505591
1505100
1504617
1504236
1503852
1503304
1502887
1502490
1502042
1501443
1500699
1500304
1499815
1499513
1499185
1498804
1498351
1497986
1497646
1497071
1496588
1496293
1495978
1495680
1495303
1494958
1494361
1494141
1493591
1493122
1492632
1492457
1491522
1491087
1490505
1490021
1489597
1489161
1488715
1488501
1488052
1487438
1486628
1485972
1485699
1485417
1484980
1484350
1484060
1483688
1483030
1482417
1481943
1481769
1481280
1480822
1480275
1480083
1479436
1478896
1478412
1477845
1477398
1477085
1476713
1476114
1475719
1475447
1474843
1474324
1474026
1473690
1473342
1472764
1472244
1471672
1471478
1471238
1470608
1470238
1469971
1469394
1468879
1468352
1468069
1467535
1467375
1466990
1466707
1466172
1465968
1465612
1465269
1464945
1464759
1464195
1463834
1463645
1463265
1463098
1462792
1462444
1462129
1461731
1461063
1460619
1459923
1459318
1458949
1458402
1457839
1457345
1456715
1456259
1455661
1455341
1454856
1454448
1454068
1453844
1453512
1453134
1452700
1452279
1451743
1451446
1451135
1450756
1450260
1450089
1449759
1449488
1449094
1448780
1448521
1448165
1447772
1447264
1446534
1446016
1445603
1445268
1444673
1444414
1443978
1443635
1443314
1442907
1442519
1442184
1441848
1441606
1441004
1440397
1439918
1439518
1439332
1438806
1438487
1438174
1437857
1437488
1437216
1436809
1436384
1435843
1435552
1435247
1434635
1434298
1433631
1432985
1432713
1432231
1431830
1431400
1430855
1430263
1429872
1429463
1428928
1428256
1427925
1427415
1427142
1426916
1426751
1426107
1425508
1425257
1424846
1424758
1424662
1424416
1424056
1423550
1423019
1422537
1422079
1421535
1421224
1420844
1420370
1419890
1419348
1418686
1418300
1417849
1417357
1416919
1416427
1416062
1415641
1415254
1414881
1414422
1413970
1413620
1413294
1412899
1412381
1411906
1411403
1411246
1410606
1410111
1409746
1409448
1408866
1408559
1407944
1407023
1406412
1405882
1405474
1404924
1404400
1403488
1403006
1402236
1401911
1401472
1401269
1400869
1400261
1399613
1398839
1398457
1398146
1397689
1397115
1396516
1396079
1395637
1395142
1394743
1394452
1394118
1393640
1392717
1392147
1391621
1390921
1390631
1390334
1389758
1389221
1388647
1388144
1387645
1387292
1386608
1386024
1385571
1384960
1384302
1383722
1383179
1382694
1382383
1381988
1381587
1380875
1380109
1379690
1379041
1378692
1378117
1377663
1376843
1376387
1375793
1375082
1374948
1374336
1373668
1373295
1372865
1372424
1372000
1371233
1370773
1370399
1369936
1369404
1368810
1368507
1367957
1367476
1366930
1366019
1365651
1364887
1364466
1363789
1362997
1362604
1362285
1361547
1360687
1360130
1359564
1359053
1358708
1358679
1358384
1358152
1357829
1357140
1356540
1355830
1355180
1354642
1354146
1353660
1353322
1352568
1352336
1351920
1351526
1350757
1350176
1349793
1349222
1348587
1348151
1347884
1347441
1347026
1346405
1345583
1345088
1344471
1343886
1343742
1343089
1342644
1342479
1342088
1341892
1341432
1341184
1341008
1340593
1340128
1339917
1339579
1339290
1339017
1338766
1338541
1338212
1337822
1337543
1337138
1336661
1336232
1335727
1335317
1334934
1334718
1334366
1334055
1333683
1333115
1332426
1331509
1330992
1330549
1329941
1329067
1328930
1328545
1327861
1327398
1327157
1326453
1325699
1325100
1324558
1323999
1323693
1323235
1323104
1323030
1322738
1322680
1322039
1321678
1321110
1320647
1319661
1319453
1318823
1318261
1317755
1317395
1316797
1316285
1315903
1315104
1314816
1314258
1313757
1313142
1312902
1312594
1312173
1311700
1311246
1310809
1310447
1309948
1309743
1309492
1309025
1308610
1308163
1307682
1307270
1306833
1306481
1306087
1305694
1305301
1304868
1304375
1304004
1303933
1303528
1302829
1302494
1301741
1301389
1300826
1300473
1300106
1299508
1298887
1298324
1297861
1297629
1297146
1296777
1296593
1296166
1295757
1295502
1295230
1294484
1294317
1294247
1293999
1293635
1293054
1292545
1292143
1291802
1291299
1290718
1290292
1289738
1289320
1288659
1288224
1287858
1287386
1286953
1286690
1286483
1285844
1285566
1285245
1284827
1284483
1284172
1283890
1283399
1282782
1282258
1281517
1281217
1280694
1280465
1280382
1280344
1280019
1279370
1278690
1278466
1278222
1278171
1277807
1277433
1277270
1276790
1276473
1276052
1275549
1275178
1274867
1274440
1273994
1273476
1273206
1272841
1272593
1272370
1272057
1271912
1271559
1271446
1271272
1270964
1270791
1270693
1270349
1270164
1270007
1269591
1269347
1269142
1268931
1268687
1268509
1267957
1267752
1267388
1266974
1266664
1266217
1265900
1265637
1265142
1264716
1264276
1263867
1263604
1263258
1262886
1262536
1262386
1262116
1261583
1261337
1260935
1260638
1260363
1260114
1259793
1259448
1259062
1258598
1258191
1257879
1257418
1257167
1256748
1255978
1255440
1254718
1254112
1253323
1252148
1251086
1250408
1249530
1248729
1247960
1247112
1246556
1246227
1246108
1245580
1245260
1244870
1244480
1244170
1243687
1243311
1243140
1242796
1242607
1242177
1241893
1241553
1241337
1240862
1240430
1240187
1239879
1239694
1239321
1238968
1238678
1238375
1237800
1237426
1237022
1236897
1236436
1236114
1235644
1235450
1235249
1234932
1234535
1234428
1234333
1234270
1233792
1233705
1233407
1232992
1232651
1232202
1231708
1231402
1231041
1230708
1230422
1230027
1229592
1229212
1228869
1228444
1228281
1227933
1227778
1227592
1227327
1227013
1226794
1226444
1225759
1225211
1224768
1224375
1224199
1223758
1223369
1222846
1222442
1222021
1221368
1221064
1220486
1220059
1219788
1219311
1218848
1218382
1217825
1217463
1217408
1217030
1216462
1216030
1215513
1215075
1214687
1214362
1213846
1213527
1213036
1212217
1211915
1211594
1211154
1210647
1210333
1209847
1208953
1208882
1208375
1208305
1208091
1207838
1207467
1207414
1207128
1206990
1206753
1206366
1205900
1205502
1205032
1204253
1203869
1203123
1202751
1202260
1201511
1201259
1200822
1200331
1199950
1199573
1199106
1198665
1198290
1197962
1197521
1197087
1196695
1196229
1195789
1195365
1194725
1194569
1194500
1194094
1193834
1193538
1193454
1193154
1192941
1192851
1192225
1191681
1191326
1190824
1190435
1190068
1189472
1189076
1188757
1188346
1187911
1187411
1186974
1186570
1186385
1186147
1185808
1185573
1185431
1185234
1184915
1184596
1184230
1183689
1183453
1183028
1182582
1182191
1181940
1181499
1181121
1180820
1180358
1179981
1179393
1178963
1178343
1177756
1177067
1176658
1176590
1176546
1176416
1176339
1176076
1175923
1175729
1175252
1174922
1174666
1174151
1173726
1173294
1173023
1172622
1172497
1172128
1171901
1171529
1171240
1170906
1170628
1170199
1169793
1169471
1169230
1168872
1168578
1168347
1168047
1167692
1167515
1167247
1167062
1166731
1166538
1166117
1165912
1165514
1165299
1164946
1164706
1164410
1164199
1163931
1163716
1163357
1163099
1162802
1162548
1162174
1161813
1161424
1161047
1160530
1160021
1159545
1159256
1159152
1159024
1158988
1158638
1158237
1157890
1157487
1156914
1156507
1156150
1155641
1155065
1154808
1154267
1153688
1153098
1152520
1152049
1151399
1150988
1150579
1150285
1149703
1149030
1148466
1148204
1148000
1147793
1147411
1147091
1147035
1146981
1146614
1146056
1145708
1145226
1144697
1144262
1143875
1143456
1142855
1142461
1141926
1141275
1141020
1140704
1140296
1139928
1139327
1138829
1138257
1138016
1137513
1137032
1136418
1135823
1135124
1134942
1134582
1133955
1133180
1132619
1132106
1131621
1131347
1130927
1130501
1130254
1129520
1129083
1128676
1128293
1127730
1127305
1126541
1126089
1125537
1125384
1125066
1124413
1124263
1124035
1123605
1123229
1123184
1122971
1122679
1122269
1121972
1121740
1121182
1120498
1120135
1119335
1118911
1118559
1118345
1117907
1117305
1117224
1116901
1116474
1116018
1115541
1115131
1114758
1114251
1113838
1113592
1113456
1113152
1112899
1112535
1112104
1111781
1111550
1111247
1110645
1110213
1109972
1109485
1109198
1108713
1108431
1108083
1108007
1107470
1107011
1106874
1106498
1106287
1105953
1105413
1104980
1104705
1104360
1103993
1103799
1103464
1103060
1102836
1102562
1102207
1102132
1101804
1101624
1101400
1101077
1100859
1100633
1100362
1099963
1099443
1098994
1098484
1097897
1097358
1096998
1096544
1095749
1095254
1094783
1094250
1093779
1093488
1093442
1092900
1092472
1091959
1091618
1090956
1090757
1090267
1089622
1089278
1088936
1088456
1087850
1087535
1087027
1086467
1086245
1085942
1085519
1085173
1084798
1084420
1083853
1083372
1082891
1082693
1082612
1082420
1081783
1080987
1080370
1080004
1079240
1078870
1078399
1078068
1077599
1077177
1076957
1076734
1076598
1076245
1076072
1075778
1075372
1074977
1074609
1074209
1073755
1073524
1073157
1072623
1072216
1071809
1071518
1071102
1070895
1070497
1070127
1069793
1069574
1069370
1068945
1068004
1067379
1066825
1066553
1066419
1065893
1065490
1065147
1064897
1064497
1063984
1063710
1063071
1062783
1062408
1062064
1061730
1061469
1061044
1060390
1060014
1059633
1059194
1059053
1058749
1058631
1058379
1058148
1057899
1057484
1057151
1056811
1056705
1056454
1055996
1055572
1055112
1054810
1054347
1054052
1053782
1053198
1052901
1052577
1052149
1051989
1051903
1051384
1050898
1050520
1050061
1049733
1049393
1049143
1048958
1048662
1048395
1048187
1047914
1047670
1047371
1046989
1046392
1046102
1045685
1045354
1044805
1044593
1044313
1044041
1043689
1043233
1042865
1042522
1042233
1041748
1041164
1040778
1040416
1040165
1039690
1039271
1038870
1038240
1037859
1037491
1036809
1036659
1036064
1035793
1035644
1035253
1034951
1034671
1034372
1034211
1033770
1033419
1033066
1032720
1032411
1032224
1031942
1031633
1031294
1030973
1030624
1030492
1030213
1029897
1029506
1029363
1029271
1028970
1028871
1028686
1028327
1028005
1027645
1027361
1027047
1026835
1026687
1026661
1026509
1026336
1026049
1025743
1025420
1025132
1024882
1024622
1024258
1023862
1023334
1023140
1022961
1022654
1022350
1022238
1021957
1021633
1021503
1021151
1020845
1020720
1020474
1020335
1019912
1019534
1019274
1018945
1018801
1018420
1018335
1017861
1017609
1017216
1016912
1016648
1016438
1016157
1015811
1015617
1015285
1015164
1014926
1014528
1014423
1014033
1013824
1013441
1012978
1012803
1012564
1012410
1012059
1011880
1011543
1011467
1011153
1010745
1010409
1010141
1009860
1009713
1009492
1009196
1008899
1008721
1008364
1008039
1007519
1007200
1006814
1006406
1005968
1005607
1005350
1005197
1004786
1004662
1004363
1003851
1003407
1003081
1002794
1002592
1002341
1002154
1001866
1001594
1001239
1000975
1000594
1000317
1000118
999690
999462
999061
998809
998499
998392
998154
998114
998016
997417
997162
996760
996480
996124
995724
995429
995108
994861
994518
994212
993819
993510
993196
992927
992553
992200
991884
991459
991247
990854
990447
990104
989780
989477
989101
988809
988530
988206
988034
987806
987605
987387
987011
986605
986290
986250
986222
986190
985914
985680
985434
985122
985036
984789
984468
984159
983771
983689
983452
983004
982633
982187
981948
981596
981274
981075
980637
980392
980033
979742
979616
979330
979020
978713
978483
978092
977732
977567
977212
976950
976653
976237
976073
975919
975304
974822
974670
974179
973896
973597
973398
973177
972792
972432
972074
971839
971445
971062
970684
970329
970028
969577
969033
968668
968277
967861
967727
967461
967249
966928
966774
966517
966379
966140
965898
965693
965504
965315
965035
964675
964384
963878
963586
963198
962812
962323
962070
961808
961423
961094
960801
960682
960384
960135
959837
959510
959293
959129
958877
958615
958480
958126
958052
957875
957578
957374
957172
956979
956686
956542
956508
956393
956095
955843
955211
955024
954728
954367
953917
953853
953801
953721
953404
953375
953289
952900
952873
952463
952057
951906
951668
951317
951210
950818
950458
950132
949873
949536
949111
948702
948341
947882
947413
947266
946915
946529
946218
945935
945588
945100
944764
944370
943945
943578
942897
942394
941843
941589
941174
940823
940466
940036
939676
939189
938757
938464
938029
937843
937514
937030
936658
936357
936133
935851
935385
934912
934357
934019
933890
933609
933314
932938
932452
931985
931505
931237
930829
930556
930217
929823
929200
929103
929070
928751
928427
928165
927854
927427
927062
926999
926419
925959
925542
925111
924815
924593
924078
923795
923246
922925
922685
922134
921651
921084
920778
920450
920263
919933
919842
919713
919677
919545
919369
919281
919151
918890
918822
918785
918544
918284
917957
917751
917384
917180
916945
916878
916637
916216
915810
915288
914969
914702
914425
914099
913823
913580
913200
912813
912363
912138
911789
911505
911211
910934
910803
910480
909991
909774
909327
908915
908645
908493
908283
908082
907674
907359
907098
906702
906249
906003
905642
905583
905280
905016
904545
904085
903640
903375
902866
901896
901584
901211
900806
900255
900066
899620
899233
898654
898226
897928
897359
897040
896703
896551
896342
896182
895900
895610
895283
894995
894713
894502
894299
893947
893482
893233
892985
892593
892317
891973
891763
891402
891113
890844
890619
890423
890173
889898
889497
889075
888748
888678
888571
888245
888093
887910
887629
887318
887033
886780
886493
886095
885519
885033
884846
884258
883918
883410
882884
882357
881873
881447
881237
880852
880464
879910
879504
879234
878531
877987
877751
877221
876518
876054
875685
875115
874327
873852
873471
873022
872810
872297
871962
871597
871254
871052
870425
869761
869139
868946
868598
867987
867068
866641
866047
865732
865427
865125
864292
863647
863125
862718
862518
862083
861545
861474
861217
860887
860524
859746
859383
858974
858791
858270
857959
857548
857155
856778
856434
856004
855457
855199
854904
854126
853874
853297
852980
852719
852357
851939
851688
851165
850715
850175
849938
849371
849237
848672
848279
847947
847732
847358
847094
846805
846479
846177
845811
845403
845070
844873
844664
844466
844270
844085
843844
843696
843442
843198
843067
842961
842846
842631
842522
842098
841935
841647
841392
840918
840635
840579
840197
839590
839198
838448
837967
837515
836923
836648
836289
835797
835424
834825
834280
834254
833938
833415
832582
832100
831396
830823
830283
829790
829572
829040
828321
828055
827712
827280
826646
826030
825538
825238
824968
824339
824003
823510
823203
822720
822383
821803
821420
820684
820212
820027
819781
819262
818584
818279
817722
817294
816644
815968
815537
815335
814722
814679
814341
814297
813847
813454
813351
813134
812946
812797
812620
812189
811797
811515
811236
810898
810780
810552
809922
809592
808936
808737
808485
808305
808144
807388
806967
806474
806061
805753
805507
804942
804430
804130
803799
803503
803271
802984
802571
802318
801917
801621
801045
800792
800421
799753
799394
798752
798237
797946
797538
796945
796428
796010
795395
794775
794332
794048
793678
793067
792712
792104
791712
791518
791438
791101
790710
790151
789711
789390
788776
788435
787958
787479
787138
786570
785949
785228
784882
784392
784009
783447
783120
782674
782568
782285
781817
781391
781038
780650
780133
779713
779352
779035
778530
778127
778028
777611
777338
776717
776391
775973
775619
775505
775252
775022
774837
774595
774481
774349
774123
773737
773506
773198
772835
772572
772349
771949
771618
771324
771173
770616
770236
770055
769602
769277
768727
768281
768251
767986
767666
767280
767027
766771
766212
765647
765217
764784
764501
764159
764050
763666
763415
762719
762393
762099
761839
761271
760885
760416
760280
760119
759792
759660
759321
758929
758783
758583
758175
757692
757380
757061
756679
756285
755961
755513
754832
754260
753950
753917
753766
753295
752791
752565
752027
751695
751240
750763
750095
749419
748754
748267
747776
747351
746460
746074
745443
744929
744100
743463
743032
742410
741716
741376
740916
740592
740331
740027
739566
739134
738928
738785
738538
738323
738117
737904
737649
737400
736776
736293
735995
735705
735193
734798
734270
733934
733602
733264
732805
732151
731763
731421
731137
730760
730493
730151
729518
728938
728544
728084
727806
727407
726857
726356
725983
725415
725068
724967
724610
724403
724012
723669
723545
723374
722934
722574
722116
721882
720999
720397
719861
719302
718824
718667
718516
718174
717517
717073
716817
716393
716025
715511
715090
714398
713801
713525
713192
712514
712055
711727
711378
710437
709882
709825
709219
708726
708225
707594
707127
706906
706590
706116
705625
705167
704928
704834
704399
703792
703205
702760
701663
701031
699981
699759
699111
698355
698272
697670
697452
697191
697046
696353
695558
694911
694233
693320
692779
692402
691778
691058
690545
690260
689705
688961
688594
687974
687697
687374
687231
687038
686862
686483
686200
686028
685723
685125
684748
684191
683585
683399
682955
682583
682022
681423
680724
680240
679852
679467
679149
678663
678308
677905
677380
676734
676159
675607
675192
674854
674492
673895
673488
673123
672692
672235
671760
671293
671060
670308
669810
669453
669100
668645
668411
667574
667084
666348
665969
665420
664842
663861
663154
662354
661882
661232
660884
660495
659618
658784
658206
657872
657202
656808
656261
655119
654329
653974
653090
652526
652237
651710
651084
650949
650744
650440
650167
649855
649489
649249
648837
648611
648058
647746
647500
646861
646344
645941
645444
644812
644485
643962
643181
642183
641129
640264
639668
638658
638078
637454
636778
635861
635270
633665
633003
631918
631691
630704
629574
628063
627388
626943
625960
625337
624884
624609
624436
624331
623853
623152
622461
622184
621986
621785
621713
621413
621251
620639
2087539
2087496
2087456
2087271
2086459
2085751
2084767
2084132
2083509
2083163
2082538
2081787
2081215
2080789
2080317
2079841
2079311
2078967
2077904
2077323
2076464
2075751
2074968
2074527
2073865
2073519
2073071
2072449
2071947
2071129
2070420
2070045
2069630
2069168
2068659
2067842
2067590
2067035
2066379
2065563
2064958
2064107
2063249
2062890
2061915
2060683
2060301
2059699
2058887
2058509
2057631
2057064
2055861
2055157
2054811
2054220
2053664
2053310
2052827
2052100
2051332
2050450
2049582
2049049
2048421
2048126
2047739
2047184
2046356
2046064
2045012
2044035
2043520
2042699
2041509
2040772
2039677
2038745
2038022
2037112
2036212
2035486
2035239
2034271
2033735
2032818
2031818
2030721
2029977
2029195
2028497
2027984
2027341
2026478
2025675
2025282
2024674
2023884
2023346
2022482
2021771
2021029
2020206
2019506
2019209
2018594
2018122
2018072
2017792
2017626
2016941
2016551
2015930
2015229
2014332
2013842
2013303
2012415
2011686
2011058
2010425
2009311
2008911
2008174
1985853
1966238
1945854
1924862
1902854
1874313
1853547
1840825
1814407
1798962
1778573
1760469
1750856
1737187
1709769
1664896
1633035
1609824
1591087
1575750
1557135
1527496
1513113
1494206
1477385
1464073
1422623
1408788
1392369
1377419
1362587
1343142
1333610
1319119
1296396
1273458
1260456
1239977
1222930
1196511
1183108
1166095
1152257
1125611
1109327
1091392
1078556
1063656
1035688
1030280
1027255
1024648
1022087
1019348
1017548
1015675
1013289
1010641
1008779
1006424
1003974
1002522
1000572
999396
997344
995417
994212
992928
990519
988205
986605
984563
982209
979616
977286
974917
972816
970358
967969
966080
963041
961093
957702
956239
952714
949936
947764
945102
942207
939340
936295
933268
928793
923473
917555
912830
891326
847275
803539
779486
775197
773237
769790
766349
763789
761058
757796
753933
751691
747903
744094
740684
738777
737266
734232
731653
728980
726174
724330
