2007452
2006880
2006484
2005719
2005084
2004502
2003569
2003006
2002348
2001802
2000892
2000256
1999710
1999254
1998574
1997741
1996886
1996484
1995973
1995469
1994512
1993878
1993172
1992618
1991856
1991345
1990828
1989992
1989365
1988729
1988225
1987640
1987048
1986427
1986064
1985873
1985629
1984904
1984576
1984005
1983438
1982681
1982030
1981454
1980896
1980139
1979135
1978491
1977718
1977035
1976542
1975962
1975610
1974839
1974436
1973809
1973364
1972637
1972107
1971894
1971292
1970735
1970445
1969931
1969205
1968720
1968237
1967419
1966912
1966070
1965619
1964616
1964053
1963345
1962665
1962154
1961489
1960928
1960314
1959028
1958443
1957372
1956878
1955961
1955540
1954450
1953817
1953224
1952826
1952285
1951688
1950577
1950275
1949505
1948573
1947899
1947276
1946438
1945727
1944760
1944274
1943641
1943188
1942367
1942129
1941500
1940962
1940864
1940733
1940145
1939577
1939251
1938574
1937484
1936901
1936352
1935748
1935279
1934654
1934208
1933895
1933234
1932636
1932226
1931424
1931238
1930849
1930090
1929490
1929049
1928677
1927964
1927078
1926586
1926073
1925655
1924856
1924208
1923440
1922689
1922038
1921424
1920844
1920503
1920416
1920083
1919784
1919398
1918804
1917930
1917105
1916527
1915906
1915149
1914763
1914412
1914197
1913757
1913235
1912917
1912477
1912023
1911218
1910758
1910302
1909793
1909509
1908692
1908111
1907670
1907272
1906416
1906183
1905704
1904982
1904694
1904101
1903521
1903102
1902520
1901887
1901159
1900484
1899611
1898884
1898392
1897869
1897146
1896300
1895688
1895117
1894630
1893856
1893041
1892156
1891372
1890578
1889954
1889554
1889174
1888777
1888286
1887656
1886980
1886507
1885824
1885282
1884673
1884277
1883719
1883393
1882801
1882226
1881325
1880575
1879928
1879356
1878664
1877997
1877638
1877216
1876652
1875806
1875465
1874894
1874313
1873667
1872849
1872225
1871613
1871163
1870466
1869845
1869310
1868658
1868004
1867327
1866731
1866341
1865886
1864966
1864701
1864035
1863613
1863091
1862536
1862035
1861556
1861140
1860524
1860083
1859529
1859259
1858828
1858345
1857909
1857405
1856969
1856330
1855911
1855665
1855293
1854768
1854551
1854104
1853762
1853382
1853096
1852688
1852453
1852058
1851429
1851237
1850861
1850252
1849792
1849549
1848992
1848659
1848332
1848034
1847501
1847340
1847068
1846462
1845597
1845385
1844635
1843929
1843426
1843080
1842923
1842446
1842204
1842133
1841697
1841293
1840764
1840254
1839865
1839495
1839202
1838649
1838359
1837936
1837676
1837168
1836819
1836339
1835890
1835539
1835185
1834668
1834220
1833442
1833100
1832647
1832316
1831982
1831510
1830921
1830310
1829775
1829468
1829096
1828727
1828291
1827556
1827221
1826303
1825771
1825150
1824474
1824136
1823692
1823362
1822982
1822697
1822165
1821460
1821067
1820765
1820330
1819735
1819115
1818730
1818178
1817889
1817309
1817083
1816564
1816286
1815788
1815414
1815019
1814833
1814371
1813920
1813564
1813164
1812922
1812672
1812039
1811518
1811270
1810839
1810469
1810167
1809663
1809291
1808538
1807968
1807599
1807160
1806836
1806377
1805969
1805689
1805137
1804863
1804340
1804245
1803885
1803306
1803004
1802482
1802217
1801693
1801483
1801021
1800637
1800293
1800035
1799675
1799377
1798693
1798348
1797578
1797097
1796407
1795961
1795394
1795094
1794340
1793820
1793470
1792778
1792513
1791990
1791705
1791072
1790477
1789612
1789106
1788772
1788205
1787645
1787243
1787044
1786480
1786207
1785822
1785148
1784718
1784422
1783785
1783560
1783016
1782515
1782006
1781604
1781276
1780737
1780449
1780176
1779521
1779152
1778568
1778008
1777527
1776877
1776177
1775623
1774932
1774311
1773700
1773461
1772869
1772464
1772096
1771537
1771144
1770602
1770095
1769511
1768979
1768260
1768039
1767284
1767021
1766652
1766301
1765647
1764932
1764537
1763978
1763306
1762898
1762434
1762042
1761707
1761129
1760531
1760150
1759692
1759056
1758822
1758312
1758002
1757498
1757071
1756773
1756224
1755468
1754995
1754510
1754109
1753453
1753152
1752872
1752660
1751977
1751684
1750917
1750806
1750249
1749765
1749468
1748889
1748077
1747405
1747009
1746645
1746413
1745729
1745309
1744901
1744760
1744408
1743978
1743433
1743018
1742085
1741606
1741336
1740690
1739853
1739327
1738479
1737731
1737173
1736449
1736217
1735945
1735787
1735313
1735024
1734908
1734304
1733758
1733216
1732719
1732275
1731552
1731193
1730784
1730331
1730075
1729857
1729247
1728772
1728489
1728040
1727422
1727003
1726176
1725998
1725629
1725341
1724590
1724103
1723679
1723187
1722331
1721631
1720978
1720377
1719686
1718861
1718617
1718067
1717941
1717329
1716954
1716439
1716182
1715396
1715013
1714363
1713640
1713196
1712757
1712375
1711813
1711327
1710931
1710335
1709613
1709046
1708674
1707957
1707560
1706930
1706107
1705630
1705020
1704223
1703299
1702719
1702415
1702001
1701745
1701186
1700878
1700321
1699871
1699235
1698849
1698369
1697829
1697409
1696979
1696774
1696615
1696319
1695612
1695251
1694411
1694180
1693814
1692893
1692543
1691783
1691250
1690884
1690369
1689742
1689043
1688420
1688190
1687527
1687083
1686510
1686061
1685534
1685027
1684525
1683806
1683218
1682545
1681767
1681194
1680386
1679674
1679245
1678362
1677771
1677335
1676653
1676062
1675413
1675021
1674416
1673830
1673076
1672380
1671979
1671207
1670958
1670160
1669573
1669190
1668259
1667602
1667289
1666809
1666215
1665992
1665366
1664774
1664299
1663876
1663228
1662875
1662499
1661944
1661691
1661096
1660788
1660228
1659889
1659245
1658368
1657394
1656888
1656317
1655985
1655405
1654904
1654208
1653906
1653302
1652629
1652331
1651663
1651080
1650319
1649696
1649489
1648785
1648174
1647664
1647343
1646871
1646247
1645847
1645325
1644727
1644262
1643504
1642792
1642266
1641829
1641169
1640677
1639981
1639384
1638910
1638210
1637928
1637246
1636813
1636217
1635671
1635240
1634776
1634042
1633707
1633180
1632643
1632298
1631971
1631464
1631025
1630707
1630266
1629919
1629600
1629375
1628898
1628636
1628119
1627539
1627128
1626735
1626310
1626004
1625627
1625332
1624639
1624471
1623712
1623094
1622938
1622706
1622180
1621738
1621413
1620948
1620323
1619625
1619219
1618721
1617893
1617178
1616570
1616120
1615462
1615000
1614718
1613755
1613491
1613060
1612693
1612113
1611472
1611272
1610811
1610374
1610017
1609360
1608438
1607857
1607395
1606777
1606312
1605846
1605397
1604935
1604327
1603852
1603358
1602752
1602281
1601681
1601231
1600677
1599772
1599207
1598574
1597856
1597220
1596775
1596471
1595847
1595379
1595133
1594521
1594268
1593600
1593245
1592783
1592232
1591845
1591627
1591365
1591090
1590741
1590230
1589615
1589203
1588847
1588442
1587893
1587607
1586973
1586579
1586157
1585858
1585356
1585143
1584668
1584372
1583814
1583427
1583110
1582522
1582145
1581904
1581439
1581087
1580566
1580396
1579932
1579740
1579198
1578950
1578569
1578032
1577414
1576736
1576218
1575698
1575195
1574975
1574665
1574078
1573550
1573153
1572711
1572372
1571925
1571558
1571186
1570711
1570342
1570016
1569821
1569584
1569066
1568591
1568388
1567859
1567668
1567339
1567064
1566532
1566240
1565889
1565305
1564930
1564632
1564267
1563762
1563378
1562831
1562411
1562048
1561363
1560668
1560234
1559970
1559530
1559059
1558659
1557987
1557580
1557315
1556833
1556431
1555900
1555393
1555156
1554762
1554418
1554002
1553617
1553280
1552958
1552453
1552118
1551315
1551043
1550453
1549918
1549690
1549458
1549212
1548831
1548465
1548163
1547724
1547528
1546883
1546710
1546407
1546048
1545739
1545448
1545159
1544661
1544457
1544253
1543837
1543793
1543637
1543249
1542935
1542703
1542081
1541507
1540993
1540402
1539917
1539503
1539196
1538642
1538242
1538176
1538133
1538105
1538074
1538045
1537843
1537338
1536749
1536336
1536003
1535428
1534833
1534406
1533848
1533369
1532900
1532503
1531915
1531515
1531255
1530804
1529922
1529461
1529082
1528746
1528477
1528097
1527636
1527175
1526522
1526071
1525397
1524926
1524457
1524097
1523745
1523290
1522778
1522291
1521773
1521378
1520978
1520470
1519919
1519210
1518742
1518500
1518072
1517777
1517390
1517045
1516885
1516480
1515842
1515500
1514927
1514558
1514063
1513632
1513439
1513157
1512962
1512558
1512157
1511852
1511420
1511013
1510699
1510237
1510004
1509514
1509138
1508742
1508408
1507797
1507493
1507083
1506387
1505766
1505445
1504907
1504433
1504135
1503728
1503178
1502769
1502328
1501830
1501222
1500552
1500221
1499679
1499408
1499001
1498672
1498277
1497845
1497351
1496985
1496472
1496220
1495831
1495645
1495235
1494790
1494279
1493810
1493384
1493037
1492522
1492059
1491336
1490685
1490285
1489836
1489378
1489059
1488631
1488375
1487918
1487241
1486288
1485824
1485522
1485271
1484801
1484207
1483967
1483520
1482850
1482304
1481888
1481542
1481075
1480752
1480215
1479835
1479363
1478788
1478268
1477727
1477345
1476821
1476377
1476042
1475587
1475328
1474592
1474162
1473895
1473536
1473058
1472435
1472108
1471597
1471409
1471068
1470499
1470155
1469648
1469008
1468809
1468259
1467937
1467517
1467114
1466931
1466476
1466092
1465854
1465567
1465071
1464891
1464416
1464143
1463761
1463558
1463198
1463021
1462598
1462259
1461922
1461349
1460949
1460295
1459769
1459238
1458659
1458071
1457643
1457204
1456437
1456222
1455488
1455205
1454594
1454141
1454027
1453672
1453424
1452935
1452579
1452250
1451642
1451394
1450960
1450675
1450197
1450036
1449635
1449424
1448959
1448548
1448406
1448002
1447465
1446880
1446333
1445759
1445562
1445165
1444580
1444229
1443798
1443453
1443247
1442805
1442366
1442028
1441767
1441335
1440875
1440227
1439619
1439453
1439182
1438665
1438308
1438071
1437750
1437401
1436998
1436678
1436097
1435799
1435432
1434986
1434565
1434115
1433507
1432794
1432696
1432050
1431612
1431169
1430638
1430068
1429839
1429148
1428643
1428111
1427809
1427314
1426974
1426863
1426478
1425877
1425409
1424910
1424806
1424713
1424607
1424293
1423791
1423235
1422804
1422433
1421748
1421493
1421097
1420676
1420206
1419548
1419097
1418540
1418031
1417547
1417320
1416760
1416342
1415886
1415570
1415173
1414784
1414305
1413793
1413574
1413214
1412680
1412128
1411599
1411377
1410937
1410320
1409997
1409650
1409200
1408654
1408465
1407522
1406871
1406287
1405625
1405175
1404836
1404039
1403145
1402715
1402091
1401736
1401368
1401048
1400700
1399932
1399340
1398632
1398334
1397986
1397478
1396806
1396358
1395976
1395551
1394972
1394676
1394312
1394028
1393305
1392417
1391877
1391388
1390815
1390578
1390208
1389623
1389121
1388500
1387953
1387630
1386790
1386309
1385922
1385473
1384599
1384200
1383440
1382820
1382498
1382097
1381880
1381400
1380787
1379998
1379421
1378951
1378510
1377907
1377268
1376750
1376288
1375241
1374985
1374586
1374060
1373545
1373024
1372790
1372282
1371789
1371019
1370605
1370293
1369838
1369253
1368730
1368216
1367854
1367345
1366498
1365916
1365424
1364630
1364233
1363488
1362909
1362550
1361718
1361298
1360507
1359924
1359439
1358971
1358697
1358638
1358278
1358136
1357689
1356990
1356367
1355517
1354882
1354534
1353991
1353619
1352986
1352470
1352182
1351787
1351407
1350563
1350105
1349609
1348922
1348306
1348088
1347675
1347223
1346944
1346156
1345480
1344785
1344245
1343826
1343328
1342782
1342611
1342232
1342001
1341776
1341344
1341123
1340767
1340440
1340035
1339881
1339487
1339192
1338930
1338709
1338471
1338121
1337737
1337478
1337083
1336512
1335990
1335452
1335232
1334799
1334644
1334309
1333856
1333567
1332970
1332063
1331412
1330942
1330260
1329655
1329011
1328792
1328249
1327720
1327373
1326821
1326224
1325492
1324860
1324349
1323831
1323389
1323142
1323093
1323014
1322713
1322638
1321842
1321510
1320967
1320221
1319623
1319348
1318718
1318081
1317546
1317102
1316541
1316178
1315615
1315050
1314577
1314214
1313404
1313086
1312783
1312441
1312097
1311602
1311077
1310760
1310307
1309890
1309598
1309350
1309013
1308290
1308054
1307447
1307011
1306742
1306408
1305990
1305630
1305212
1304544
1304132
1303973
1303791
1303152
1302626
1302138
1301732
1301254
1300720
1300326
1299911
1299311
1298703
1298123
1297743
1297440
1297093
1296694
1296491
1296094
1295687
1295374
1294893
1294397
1294274
1294216
1293896
1293411
1292854
1292367
1292005
1291703
1290935
1290630
1290100
1289514
1288965
1288508
1288111
1287595
1287208
1286891
1286587
1286146
1285794
1285409
1285059
1284754
1284390
1283977
1283703
1283110
1282673
1282162
1281447
1281177
1280662
1280402
1280370
1280329
1279699
1279222
1278634
1278347
1278211
1278093
1277736
1277389
1277182
1276670
1276363
1275781
1275495
1275059
1274689
1274284
1273906
1273390
1273066
1272774
1272525
1272264
1271995
1271853
1271511
1271403
1271065
1270860
1270770
1270630
1270237
1270108
1269903
1269509
1269269
1268991
1268824
1268648
1268325
1267877
1267494
1267119
1266946
1266557
1266129
1265802
1265351
1265066
1264643
1264147
1263783
1263482
1263096
1262744
1262511
1262329
1261980
1261540
1261210
1260809
1260456
1260310
1259996
1259612
1259409
1258829
1258488
1258160
1257752
1257345
1256908
1256631
1255819
1255111
1254321
1254033
1252635
1251913
1250867
1250163
1249383
1248565
1247664
1246997
1246498
1246185
1246016
1245461
1245007
1244744
1244429
1244089
1243604
1243213
1243069
1242751
1242467
1242046
1241688
1241463
1241221
1240728
1240369
1240113
1239798
1239473
1239131
1238915
1238566
1238135
1237683
1237395
1236931
1236848
1236287
1235952
1235555
1235353
1235208
1234823
1234479
1234405
1234309
1234022
1233776
1233597
1233209
1232797
1232464
1231861
1231629
1231309
1230942
1230566
1230366
1229735
1229365
1229028
1228747
1228424
1228171
1227855
1227705
1227429
1227229
1226956
1226613
1226136
1225658
1225145
1224534
1224314
1224059
1223654
1223050
1222621
1222164
1221940
1221260
1220672
1220323
1220026
1219566
1219144
1218699
1218211
1217699
1217454
1217287
1216748
1216359
1215896
1215256
1214844
1214464
1214201
1213729
1213508
1212760
1212181
1211784
1211348
1211062
1210543
1210137
1209628
1208914
1208809
1208336
1208175
1208012
1207710
1207439
1207397
1207057
1206890
1206590
1206287
1205791
1205375
1204812
1204011
1203559
1203064
1202644
1202171
1201382
1201222
1200735
1200083
1199878
1199457
1198957
1198526
1198154
1197668
1197326
1197048
1196664
1196113
1195587
1195159
1194697
1194559
1194368
1193935
1193753
1193494
1193435
1193126
1192915
1192476
1192059
1191433
1191064
1190763
1190393
1189921
1189357
1188973
1188549
1188112
1187561
1187341
1186801
1186506
1186366
1186022
1185722
1185553
1185370
1185120
1184755
1184536
1184086
1183624
1183230
1182905
1182540
1182081
1181715
1181345
1180952
1180548
1180295
1179804
1179298
1178839
1178244
1177458
1176791
1176624
1176574
1176533
1176390
1176217
1175994
1175819
1175650
1175182
1174868
1174526
1174009
1173633
1173205
1172843
1172526
1172459
1172070
1171757
1171393
1171207
1170829
1170421
1169965
1169689
1169387
1168994
1168827
1168483
1168196
1167942
1167603
1167429
1167184
1166988
1166632
1166438
1166034
1165822
1165461
1165216
1164876
1164582
1164337
1164086
1163915
1163543
1163292
1163059
1162732
1162399
1162032
1161655
1161373
1160841
1160388
1159961
1159422
1159235
1159085
1159013
1158933
1158523
1158186
1157731
1157381
1156688
1156311
1156030
1155377
1154956
1154675
1154113
1153440
1152864
1152257
1151915
1151346
1150922
1150454
1150229
1149440
1148827
1148261
1148071
1147852
1147668
1147341
1147074
1147020
1146723
1146316
1146028
1145541
1145129
1144424
1144042
1143685
1143206
1142745
1142423
1141628
1141109
1140947
1140651
1140217
1139629
1139130
1138695
1138155
1137775
1137294
1136775
1136238
1135515
1134985
1134735
1134254
1133620
1133056
1132486
1131888
1131589
1131181
1130827
1130377
1129886
1129357
1128985
1128566
1128161
1127619
1126957
1126480
1125936
1125451
1125247
1124749
1124373
1124224
1123919
1123542
1123214
1123159
1122838
1122417
1122178
1121852
1121713
1121017
1120435
1119807
1119190
1118830
1118462
1118094
1117717
1117261
1117135
1116834
1116247
1115844
1115335
1115076
1114667
1114169
1113754
1113542
1113347
1113138
1112781
1112344
1112034
1111674
1111521
1111216
1110578
1110156
1109878
1109382
1108990
1108594
1108288
1108031
1107863
1107385
1106967
1106793
1106464
1106049
1105652
1105214
1104813
1104615
1104236
1103909
1103710
1103351
1103023
1102655
1102455
1102149
1102098
1101787
1101521
1101245
1101013
1100791
1100543
1100245
1099826
1099402
1098925
1098324
1097563
1097173
1096908
1096207
1095676
1095118
1094488
1093967
1093661
1093474
1093326
1092879
1092389
1091805
1091502
1090854
1090722
1089943
1089483
1089059
1088856
1088266
1087724
1087328
1086849
1086442
1086177
1085732
1085366
1085102
1084743
1084197
1083753
1083065
1082724
1082641
1082597
1082098
1081611
1080778
1080206
1079577
1079106
1078710
1078362
1077991
1077399
1077136
1076772
1076707
1076481
1076213
1075887
1075588
1075163
1074819
1074438
1073950
1073726
1073436
1073091
1072503
1072154
1071742
1071410
1071028
1070852
1070410
1070036
1069751
1069479
1069321
1068770
1067803
1067234
1066696
1066545
1066113
1065700
1065305
1065093
1064737
1064412
1063813
1063521
1062978
1062627
1062289
1062015
1061681
1061396
1060972
1060143
1059907
1059578
1059148
1058822
1058667
1058541
1058334
1058062
1057755
1057314
1057031
1056800
1056627
1056365
1055926
1055245
1054934
1054703
1054203
1053874
1053622
1053137
1052869
1052464
1052082
1051950
1051702
1051201
1050791
1050435
1049852
1049571
1049367
1049041
1048902
1048625
1048316
1047983
1047866
1047527
1047253
1046849
1046316
1046051
1045616
1045109
1044737
1044444
1044172
1043963
1043457
1043095
1042733
1042512
1042119
1041534
1041073
1040554
1040211
1039915
1039469
1039125
1038578
1037964
1037621
1037231
1036766
1036364
1036033
1035723
1035499
1035102
1034802
1034597
1034238
1034106
1033733
1033191
1032958
1032650
1032367
1032061
1031733
1031590
1031207
1030872
1030537
1030416
1030180
1029830
1029495
1029294
1029257
1028929
1028842
1028497
1028138
1027831
1027573
1027260
1026903
1026729
1026678
1026635
1026446
1026116
1025991
1025657
1025393
1025009
1024697
1024492
1024088
1023766
1023251
1023069
1022808
1022487
1022304
1022015
1021882
1021571
1021302
1021064
1020766
1020676
1020462
1020153
1019760
1019370
1019208
1018910
1018666
1018403
1018011
1017737
1017524
1017148
1016787
1016530
1016371
1016095
1015696
1015505
1015207
1015127
1014801
1014491
1014270
1013935
1013556
1013353
1012928
1012779
1012485
1012314
1012027
1011661
1011490
1011291
1010918
1010653
1010283
1010128
1009809
1009560
1009377
1009118
1008797
1008467
1008206
1007962
1007471
1007100
1006670
1006174
1005829
1005482
1005308
1005087
1004769
1004573
1004006
1003614
1003252
1002972
1002619
1002583
1002303
1002064
1001721
1001460
1001136
1000931
1000538
1000223
999968
999592
999401
998990
998734
998474
998281
998134
998106
997904
997344
997028
996693
996438
995987
995659
995325
995092
994789
994365
993860
993717
993436
993126
992838
992456
991969
991799
991452
991151
990622
990325
989908
989726
989341
988993
988721
988442
988165
987917
987679
987571
987214
986920
986564
986275
986238
986212
986180
985842
985639
985280
985056
985018
984633
984348
984076
983762
983588
983249
982869
982561
982149
981914
981524
981166
981013
980540
980264
979975
979690
979564
979263
978852
978541
978373
978013
977715
977508
977092
976870
976546
976177
976032
975595
975229
974781
974346
974098
973847
973567
973315
972984
972567
972402
972041
971748
971364
970958
970563
970228
969911
969458
968875
968561
968164
967815
967591
967394
967152
966850
966679
966508
966288
966055
965759
965615
965422
965176
964913
964586
964198
963776
963397
963039
962549
962245
961894
961610
961360
960983
960788
960599
960283
960065
959698
959442
959222
959099
958790
958560
958271
958076
958040
957707
957448
957261
957099
956841
956595
956529
956477
956293
956011
955667
955176
954937
954531
954197
953886
953839
953787
953571
953391
953354
953019
952890
952716
952358
951968
951753
951501
951304
950954
950787
950445
950096
949825
949483
948764
948537
948304
947660
947298
947113
946738
946460
946181
945788
945517
945036
944639
944045
943838
943252
942850
942205
941651
941385
940965
940738
940435
940020
939345
939002
938627
938324
937881
937772
937306
936822
936500
936324
936083
935756
935212
934815
934246
933933
933772
933522
933177
932765
932328
931703
931365
931096
930710
930479
930161
929531
929179
929090
928900
928577
928419
928141
927754
927324
927040
926729
926278
925879
925266
924935
924640
924535
923997
923681
923096
922824
922408
922011
921394
920941
920590
920366
920094
919885
919830
919696
919666
919532
919319
919206
919143
918865
918810
918566
918528
918270
917863
917628
917265
917119
916926
916750
916485
916124
915577
915272
914931
914608
914206
914069
913744
913473
913084
912684
912236
911989
911639
911316
911129
910912
910649
910321
909900
909695
909282
908837
908565
908338
908272
907979
907511
907192
907059
906483
906165
905909
905619
905463
905111
904828
904403
903992
903618
903278
902581
901838
901530
901086
900696
900161
899798
899518
899015
898622
898137
897741
897301
896973
896622
896485
896284
896010
895740
895494
895193
894937
894654
894398
894259
893777
893445
893097
892790
892392
892231
891919
891639
891349
891057
890723
890605
890342
890043
889753
889293
889022
888731
888642
888542
888180
888053
887795
887409
887242
886984
886756
886267
885885
885253
884911
884630
884087
883746
883339
882795
882155
881816
881287
880990
880594
880271
879821
879475
878852
878524
877904
877467
877022
876382
875841
875480
874661
874097
873772
873265
872886
872555
872222
871896
871543
871185
870864
870279
869489
869075
868863
868541
867738
867053
866347
865981
865509
865357
864860
864017
863582
862802
862581
862431
861852
861522
861375
861144
860830
860077
859730
859154
858940
858507
858214
857829
857435
856952
856741
856375
855847
855313
855136
854743
854015
853647
853127
852946
852704
852209
851790
851453
851115
850562
850020
849869
849339
849046
848562
848065
847853
847479
847260
846939
846722
846392
846104
845705
845109
845034
844760
844597
844408
844206
843974
843807
843566
843394
843132
843031
842916
842723
842614
842404
842067
841790
841528
841243
840827
840619
840479
839926
839472
838958
838263
837802
837258
836750
836479
836004
835709
835251
834732
834273
834241
833691
833245
832472
831799
831263
830670
830188
829736
829308
828532
828207
827935
827584
827055
826348
825915
825460
825087
824739
824235
823899
823440
822983
822617
822101
821781
821149
820538
820103
819900
819553
819105
818511
818041
817710
817047
816345
815856
815450
815235
814705
814671
814325
814134
813615
813405
813295
813041
812927
812765
812490
812101
811676
811446
811102
810803
810722
810398
809787
809477
808851
808610
808444
808210
807871
807096
806755
806326
805968
805654
805309
804716
804381
804098
803558
803429
803253
802889
802545
802123
801869
801535
800970
800746
800059
799649
799111
798503
798136
797848
797351
796752
796210
795882
795217
794696
794233
794000
793555
792984
792595
791943
791538
791498
791324
791020
790494
790008
789601
789124
788517
788239
787784
787390
786938
786360
785836
785006
784796
784315
783747
783365
783014
782597
782501
782040
781671
781350
780934
780472
780048
779627
779157
778981
778314
778096
777978
777437
777202
776650
776234
775725
775585
775354
775185
774990
774755
774561
774468
774270
773886
773687
773380
773124
772766
772476
772108
771891
771492
771254
770919
770460
770178
769863
769489
769008
768525
768273
768114
767961
767534
767210
766952
766569
765906
765468
765107
764712
764429
764129
763956
763599
763040
762566
762200
762086
761589
761204
760741
760302
760266
760030
759688
759496
759204
758871
758774
758427
757986
757611
757195
756946
756437
756215
755759
755280
754442
754095
753940
753904
753711
753181
752747
752278
751890
751654
751140
750504
749828
749329
748622
748071
747638
747043
746353
745684
745239
744573
743767
743362
742922
742175
741666
741079
740706
740505
740318
739953
739373
739014
738874
738708
738475
738178
737995
737803
737575
737296
736643
736214
735912
735519
734974
734639
734100
733904
733467
733144
732675
731944
731707
731290
731068
730657
730358
729875
729318
728866
728340
728047
727657
727179
726690
726240
725879
725268
724987
724833
724590
724300
723834
723611
723442
723305
722853
722297
722098
721791
720802
720334
719616
719051
718741
718647
718460
717883
717421
716903
716625
716326
715929
715299
714922
714150
713685
713383
712973
712360
711963
711608
711231
710149
709875
709728
709116
708522
707882
707380
707058
706738
706572
705929
705412
705085
704904
704720
704262
703536
702991
702066
701488
700745
699894
699582
698682
698343
698002
697618
697234
697113
696941
696034
695388
694610
694052
693033
692680
692278
691539
691003
690434
690011
689331
688773
688284
687915
687634
687320
687132
686925
686618
686471
686160
685980
685578
685071
684470
684076
683460
683353
682862
682517
681936
681153
680587
680068
679748
679381
678939
678596
678134
677723
677156
676459
676058
675552
675129
674799
674176
673820
673324
672854
672483
672193
671588
671280
670887
670233
669651
669339
668917
668570
667956
667422
667059
666229
665776
665339
664432
663681
662964
662206
661630
661166
660843
660364
659184
658509
658121
657742
657041
656608
655919
654954
654141
653683
652642
652358
652042
651280
650980
650940
650611
650263
650041
649776
649398
649062
648641
648495
647998
647624
647299
646821
646259
645732
645332
644747
644337
643634
642709
641897
640873
640188
639434
638489
637913
637148
636486
635510
634937
633479
632709
631874
631505
630075
629066
627833
627159
626602
625591
625112
624797
624503
624399
624228
623649
622946
2088163
2087523
2087481
2087443
2086664
2086134
2085103
2084298
2083732
2083486
2082808
2082249
2081741
2081067
2080508
2080138
2079764
2079152
2078380
2077453
2077269
2076368
2075644
2074911
2074293
2073843
2073371
2073017
2072267
2071497
2070623
2070352
2069875
2069409
2069084
2068479
2067815
2067449
2066793
2066136
2065306
2064766
2063535
2063153
2062600
2061739
2060471
2060046
2059549
2058712
2058160
2057432
2056594
2055791
2055030
2054365
2054075
2053492
2053142
2052678
2051761
2050918
2050035
2049375
2048879
2048277
2048025
2047639
2046925
2046201
2045441
2044579
2043699
2043090
2042269
2041253
2040307
2039455
2038562
2037806
2036739
2035995
2035441
2034612
2034132
2033622
2032647
2031192
2030344
2029595
2029099
2028393
2027695
2026843
2026245
2025539
2025078
2024543
2023675
2022836
2022311
2021669
2020763
2020009
2019428
2018796
2018318
2018108
2018051
2017758
2017279
2016834
2016246
2015516
2014764
2014236
2013630
2013095
2012185
2011457
2010733
2010079
2009154
2008867
2008027
1978664
1961202
1935686
1917742
1899031
1866761
1851406
1835825
1808456
1792692
1770602
1755620
1746897
1726868
1693957
1662591
1619067
1601550
1582847
1571131
1548206
1522747
1511341
1485849
1470155
1459492
1416448
1401499
1388200
1370287
1357778
1338530
1327348
1313353
1289865
1268801
1249129
1236096
1214406
1192059
1176962
1161484
1145879
1121109
1101521
1085989
1072320
1056747
1031669
1028950
1026431
1023364
1021156
1019208
1016964
1014450
1012059
1010172
1008157
1005748
1003322
1001723
1000195
998414
996737
995021
993535
992228
989850
987648
985896
983956
981274
979021
976546
974670
972047
969379
967587
965096
962076
959699
957094
955187
952043
949536
946547
944049
941616
938488
935212
932725
