2007155
2006605
2006078
2005279
2004825
2004309
2003321
2002573
2002210
2001444
2000659
1999914
1999376
1999062
1997943
1997300
1996755
1996023
1995799
1994958
1994149
1993332
1992996
1992397
1991566
1990992
1990501
1989909
1989058
1988321
1988132
1987264
1986641
1986388
1985900
1985771
1985171
1984837
1984206
1983661
1983207
1982323
1981783
1981051
1980640
1979488
1978790
1977998
1977558
1976844
1976284
1975674
1975471
1974569
1974062
1973662
1972971
1972224
1972004
1971477
1971200
1970557
1970220
1969836
1968982
1968551
1968042
1967153
1966397
1965734
1964768
1964263
1963783
1963042
1962494
1961718
1961123
1960696
1959497
1958813
1957944
1957062
1956380
1955692
1955071
1954303
1953486
1953032
1952494
1952113
1951202
1950377
1949993
1948950
1948163
1947651
1947073
1945990
1945415
1944577
1944094
1943354
1942618
1942233
1941795
1941402
1940923
1940822
1940569
1939840
1939398
1938799
1937907
1937073
1936639
1936180
1935468
1935062
1934463
1934056
1933598
1932990
1932251
1932004
1931305
1931047
1930645
1929763
1929390
1928937
1928474
1927841
1926666
1926442
1925822
1925124
1924510
1923587
1922919
1922397
1921774
1921155
1920653
1920486
1920214
1919958
1919616
1919107
1918076
1917755
1916941
1916374
1915697
1914892
1914534
1914376
1913923
1913573
1913080
1912564
1912244
1911717
1911067
1910448
1910156
1909641
1908913
1908312
1907811
1907558
1907048
1906369
1906070
1905266
1904767
1904354
1903953
1903233
1902694
1902372
1901675
1900997
1900144
1899412
1898647
1898193
1897321
1896471
1895943
1895328
1895023
1894050
1893347
1892436
1891498
1890893
1890122
1889855
1889285
1888931
1888463
1888001
1887228
1886872
1886200
1885604
1884912
1884578
1883981
1883478
1883227
1882545
1881625
1881026
1880101
1879513
1879024
1878274
1877750
1877411
1876920
1876212
1875644
1875208
1874730
1874145
1873317
1872642
1871858
1871328
1870945
1869990
1869659
1868764
1868243
1867835
1867002
1866482
1866116
1865278
1864828
1864578
1863831
1863347
1862841
1862192
1861760
1861393
1860789
1860230
1859622
1859379
1858974
1858643
1858132
1857755
1857205
1856663
1856028
1855793
1855355
1855101
1854584
1854301
1853901
1853520
1853214
1853027
1852560
1852287
1851670
1851259
1850966
1850397
1850049
1849690
1849240
1848829
1848590
1848194
1847791
1847408
1847207
1846755
1846010
1845535
1845147
1844320
1843637
1843234
1842999
1842543
1842378
1842177
1841820
1841564
1840897
1840523
1840041
1839693
1839350
1838906
1838479
1838050
1837842
1837526
1836934
1836644
1836135
1835724
1835422
1834914
1834475
1833798
1833320
1832910
1832470
1832157
1831712
1831187
1830514
1830098
1829658
1829186
1828883
1828438
1828014
1827346
1826603
1826034
1825629
1824899
1824286
1823937
1823469
1823254
1822738
1822430
1821715
1821271
1820988
1820484
1819908
1819413
1818963
1818526
1818004
1817536
1817189
1816740
1816437
1815997
1815638
1815186
1814950
1814666
1814014
1813719
1813440
1813071
1812792
1812416
1811878
1811322
1811156
1810641
1810312
1809937
1809486
1808925
1808147
1807848
1807406
1806962
1806724
1806134
1805763
1805358
1805013
1804509
1804316
1804131
1803462
1803106
1802863
1802323
1801842
1801545
1801237
1800818
1800417
1800172
1799842
1799507
1798957
1798475
1797804
1797490
1796828
1796149
1795677
1795281
1794708
1794079
1793668
1792942
1792684
1792053
1791818
1791415
1790722
1790023
1789524
1788897
1788297
1787938
1787389
1787163
1786598
1786275
1786160
1785486
1784986
1784667
1784079
1783649
1783239
1782717
1782334
1781850
1781344
1781107
1780553
1780343
1779804
1779332
1778804
1778363
1777865
1776998
1776400
1775811
1775318
1774717
1773952
1773613
1773049
1772657
1772227
1771869
1771409
1770832
1770352
1769805
1769277
1768839
1768109
1767514
1767218
1766812
1766521
1765886
1765318
1764769
1764095
1763553
1763233
1762616
1762261
1761737
1761617
1760944
1760383
1759950
1759325
1758922
1758574
1758213
1757853
1757221
1756893
1756477
1755656
1755227
1754779
1754240
1753895
1753312
1752994
1752701
1752468
1751821
1751400
1750834
1750421
1750166
1749622
1749112
1748243
1747727
1747269
1746771
1746544
1746044
1745506
1745104
1744829
1744551
1744182
1743730
1743123
1742700
1741941
1741473
1740912
1740192
1739564
1738914
1737884
1737382
1736869
1736358
1735983
1735880
1735689
1735141
1734984
1734536
1734135
1733384
1733061
1732465
1731875
1731410
1730859
1730621
1730154
1730047
1729495
1728916
1728644
1728151
1727724
1727326
1726508
1726020
1725977
1725429
1724756
1724492
1723828
1723399
1722753
1722149
1721176
1720666
1719992
1719286
1718774
1718305
1718000
1717684
1717054
1716685
1716339
1715841
1715234
1714634
1714032
1713447
1712957
1712670
1712057
1711528
1711127
1710480
1710182
1709376
1708875
1708438
1707769
1707233
1706547
1705852
1705223
1704611
1703695
1702777
1702639
1702227
1701864
1701449
1700987
1700488
1700192
1699602
1699041
1698656
1698037
1697640
1697335
1696848
1696653
1696455
1696099
1695404
1694777
1694212
1693961
1693363
1692727
1692025
1691382
1691022
1690553
1690160
1689546
1688846
1688290
1687754
1687301
1686802
1686434
1685847
1685245
1684885
1684203
1683533
1682856
1682322
1681421
1680863
1680143
1679566
1678876
1678057
1677495
1676872
1676478
1675681
1675136
1674913
1674192
1673311
1672656
1672133
1671465
1671125
1670491
1669844
1669361
1668699
1667998
1667486
1666957
1666365
1666071
1665751
1665041
1664540
1664079
1663599
1662976
1662648
1662309
1661728
1661484
1660959
1660586
1660055
1659419
1658679
1657702
1657140
1656540
1656278
1655778
1655225
1654632
1654074
1653587
1653055
1652481
1651955
1651175
1650475
1649801
1649546
1648981
1648617
1647830
1647562
1647186
1646574
1646081
1645523
1645234
1644573
1643997
1642946
1642524
1642068
1641509
1640837
1640545
1639766
1639146
1638378
1638037
1637615
1637025
1636383
1636043
1635500
1634949
1634301
1633925
1633331
1632959
1632493
1632137
1631670
1631162
1630917
1630510
1630082
1629746
1629524
1629271
1628773
1628500
1627797
1627407
1626942
1626622
1626084
1625869
1625472
1625166
1624592
1623883
1623295
1623009
1622897
1622454
1621958
1621475
1621286
1620568
1619795
1619392
1618784
1618371
1617648
1616917
1616301
1615901
1615255
1614912
1614331
1613599
1613351
1612858
1612299
1611900
1611403
1610966
1610514
1610203
1609690
1608840
1608317
1607589
1607063
1606566
1606023
1605710
1605258
1604576
1604099
1603642
1603007
1602407
1602018
1601497
1601059
1600289
1599379
1598897
1598221
1597713
1597009
1596592
1595993
1595633
1595265
1594620
1594450
1593856
1593466
1593023
1592419
1591947
1591708
1591526
1591234
1590993
1590387
1589902
1589374
1588987
1588563
1588273
1587698
1587109
1586737
1586378
1585943
1585625
1585271
1584891
1584543
1584027
1583738
1583243
1582847
1582388
1582029
1581702
1581224
1580996
1580488
1580101
1579849
1579511
1579055
1578680
1578245
1577887
1577078
1576555
1575862
1575446
1575114
1574831
1574204
1573752
1573340
1572959
1572612
1572070
1571809
1571364
1570984
1570599
1570050
1569979
1569735
1569336
1568921
1568492
1567982
1567772
1567530
1567189
1566845
1566400
1565991
1565520
1565141
1564801
1564366
1564089
1563569
1563098
1562685
1562188
1561649
1560933
1560380
1560161
1559765
1559228
1558942
1558161
1557909
1557469
1556999
1556606
1556123
1555734
1555242
1555003
1554521
1554215
1553738
1553506
1553074
1552612
1552363
1551649
1551195
1550604
1550081
1549789
1549499
1549299
1549004
1548648
1548236
1547966
1547629
1547203
1546783
1546533
1546235
1545827
1545703
1545261
1544887
1544573
1544393
1544044
1543815
1543749
1543488
1543080
1542772
1542333
1541749
1541210
1540724
1540027
1539823
1539391
1538977
1538352
1538191
1538147
1538119
1538088
1538058
1538033
1537705
1537054
1536567
1536184
1535620
1535247
1534611
1534143
1533608
1533053
1532678
1532092
1531723
1531401
1531041
1530388
1529747
1529231
1528925
1528640
1528272
1527822
1527501
1526822
1526188
1525839
1525238
1524629
1524322
1524027
1523522
1522998
1522617
1521958
1521606
1521237
1520808
1520268
1519800
1519035
1518622
1518307
1517968
1517689
1517233
1516970
1516571
1515981
1515740
1515236
1514779
1514258
1513976
1513509
1513215
1513083
1512624
1512406
1512026
1511510
1511227
1510920
1510475
1510149
1509771
1509285
1508859
1508631
1508122
1507591
1507288
1506672
1506130
1505618
1505135
1504677
1504291
1503960
1503418
1502904
1502521
1502214
1501519
1500891
1500351
1499890
1499550
1499230
1498831
1498372
1498097
1497715
1497199
1496608
1496312
1496013
1495704
1495386
1495005
1494555
1494191
1493608
1493233
1492793
1492474
1491598
1491134
1490571
1490147
1489665
1489167
1488786
1488517
1488101
1487652
1486735
1486029
1485713
1485423
1485021
1484371
1484101
1483745
1483169
1482466
1482020
1481804
1481299
1480930
1480436
1480095
1479524
1479020
1478451
1477897
1477432
1477125
1476743
1476128
1475786
1475472
1474936
1474335
1474085
1473729
1473480
1472898
1472298
1471954
1471498
1471257
1470688
1470322
1469984
1469457
1468934
1468423
1468170
1467624
1467390
1467007
1466713
1466226
1465991
1465632
1465442
1464966
1464783
1464242
1463904
1463698
1463298
1463137
1462862
1462465
1462135
1461780
1461141
1460634
1459934
1459422
1459118
1458454
1457868
1457357
1456868
1456267
1455751
1455348
1454944
1454470
1454074
1453909
1453556
1453223
1452752
1452300
1451761
1451532
1451227
1450799
1450341
1450107
1449853
1449522
1449126
1448824
1448530
1448259
1447798
1447332
1446718
1446102
1445611
1445351
1444756
1444434
1444105
1443672
1443351
1442987
1442629
1442230
1441892
1441652
1441087
1440456
1439963
1439527
1439354
1438833
1438600
1438231
1437951
1437557
1437287
1436826
1436417
1435915
1435706
1435343
1434824
1434402
1433648
1433074
1432716
1432474
1431866
1431470
1430909
1430329
1429903
1429515
1428987
1428317
1427937
1427472
1427199
1426946
1426761
1426198
1425549
1425282
1424862
1424774
1424678
1424466
1424144
1423564
1423056
1422581
1422176
1421594
1421277
1420891
1420442
1419959
1419429
1418798
1418387
1417974
1417368
1416972
1416535
1416224
1415677
1415297
1414923
1414498
1414062
1413654
1413313
1412997
1412471
1411949
1411407
1411295
1410652
1410125
1409794
1409540
1408979
1408573
1408113
1407115
1406560
1405955
1405523
1404982
1404422
1403578
1403037
1402513
1402006
1401478
1401306
1400931
1400364
1399777
1398854
1398464
1398203
1397753
1397186
1396635
1396194
1395713
1395391
1394806
1394585
1394135
1393743
1392832
1392253
1391656
1391247
1390639
1390441
1389950
1389246
1388678
1388351
1387769
1387383
1386636
1386038
1385619
1385071
1384347
1383770
1383237
1382719
1382415
1382016
1381622
1380963
1380287
1379873
1379052
1378730
1378301
1377718
1377028
1376403
1375923
1375124
1374952
1374409
1373818
1373347
1372881
1372440
1372067
1371324
1370844
1370427
1370090
1369441
1368821
1368561
1368065
1367600
1366989
1366288
1365733
1365171
1364506
1363938
1363020
1362662
1362357
1361596
1360831
1360175
1359589
1359076
1358770
1358686
1358406
1358155
1357953
1357354
1356622
1355931
1355269
1354655
1354179
1353707
1353439
1352636
1352352
1351936
1351539
1350865
1350290
1349864
1349286
1348654
1348225
1347915
1347530
1347113
1346847
1345729
1345114
1344489
1343956
1343754
1343125
1342662
1342524
1342138
1341912
1341496
1341244
1341021
1340654
1340167
1339962
1339647
1339365
1339046
1338781
1338613
1338222
1337942
1337629
1337164
1336865
1336288
1335807
1335360
1334949
1334728
1334462
1334097
1333760
1333226
1332466
1331729
1331044
1330564
1330060
1329266
1328950
1328606
1328043
1327414
1327241
1326695
1325948
1325120
1324654
1324073
1323726
1323274
1323108
1323047
1322743
1322687
1322135
1321701
1321232
1320747
1319701
1319464
1319093
1318345
1317816
1317459
1316844
1316372
1316026
1315133
1314833
1314274
1313801
1313147
1312987
1312641
1312214
1311738
1311318
1310815
1310506
1309980
1309771
1309518
1309044
1308644
1308181
1307710
1307288
1306882
1306519
1306184
1305741
1305322
1304919
1304466
1304022
1303954
1303571
1302952
1302504
1301755
1301551
1300952
1300537
1300136
1299638
1299022
1298507
1297988
1297652
1297191
1296818
1296611
1296204
1295767
1295558
1295264
1294655
1294347
1294254
1294036
1293682
1293214
1292751
1292200
1291878
1291306
1290744
1290356
1289861
1289374
1288782
1288304
1287893
1287396
1286982
1286707
1286517
1285980
1285654
1285273
1284891
1284520
1284206
1283899
1283512
1282802
1282329
1281573
1281222
1280743
1280570
1280389
1280350
1280078
1279480
1278810
1278541
1278229
1278179
1277824
1277559
1277290
1276986
1276536
1276091
1275590
1275249
1274883
1274456
1274032
1273652
1273279
1272911
1272650
1272379
1272098
1271919
1271586
1271468
1271299
1270985
1270810
1270711
1270381
1270180
1270024
1269621
1269403
1269196
1268935
1268732
1268527
1268026
1267781
1267401
1267001
1266710
1266266
1265938
1265670
1265190
1264736
1264306
1263938
1263635
1263298
1262907
1262546
1262443
1262132
1261627
1261398
1261052
1260703
1260402
1260143
1259834
1259532
1259261
1258622
1258273
1257986
1257455
1257233
1256800
1256165
1255459
1254810
1254146
1253402
1252259
1251159
1250477
1249686
1248799
1247995
1247155
1246603
1246262
1246163
1245663
1245274
1244887
1244555
1244244
1243770
1243357
1243154
1242849
1242633
1242279
1241923
1241576
1241368
1241059
1240482
1240256
1239977
1239699
1239347
1239001
1238742
1238470
1237811
1237515
1237150
1236901
1236465
1236138
1235757
1235459
1235257
1234947
1234586
1234444
1234384
1234288
1233798
1233743
1233450
1233029
1232701
1232217
1231758
1231446
1231168
1230746
1230443
1230072
1229601
1229245
1228878
1228449
1228299
1227961
1227793
1227598
1227379
1227033
1226858
1226522
1225856
1225253
1224847
1224421
1224221
1223805
1223405
1222861
1222551
1222050
1221486
1221151
1220498
1220084
1219884
1219340
1219062
1218445
1217870
1217470
1217415
1217118
1216506
1216080
1215608
1215163
1214728
1214416
1213918
1213530
1213086
1212416
1211959
1211626
1211194
1210685
1210387
1209861
1209017
1208886
1208425
1208311
1208099
1207885
1207472
1207417
1207378
1207007
1206797
1206383
1205985
1205558
1205122
1204322
1203896
1203184
1202786
1202294
1201706
1201266
1200828
1200390
1199963
1199588
1199220
1198736
1198334
1197980
1197552
1197108
1196703
1196435
1195868
1195405
1194740
1194574
1194503
1194126
1193845
1193621
1193462
1193317
1192955
1192890
1192295
1191758
1191348
1190898
1190503
1190159
1189585
1189140
1188870
1188413
1187962
1187427
1187023
1186581
1186397
1186236
1185911
1185595
1185448
1185254
1184928
1184632
1184320
1183720
1183501
1183071
1182635
1182248
1181979
1181575
1181203
1180862
1180383
1180013
1179514
1179071
1178422
1177868
1177313
1176680
1176595
1176554
1176457
1176372
1176087
1175934
1175738
1175342
1174953
1174748
1174197
1173756
1173381
1173050
1172642
1172505
1172187
1171927
1171591
1171265
1171067
1170695
1170264
1169811
1169500
1169283
1168881
1168583
1168357
1168076
1167754
1167529
1167290
1167080
1166742
1166588
1166217
1165937
1165580
1165367
1164962
1164723
1164447
1164225
1163951
1163783
1163380
1163173
1162888
1162630
1162210
1161826
1161469
1161174
1160551
1160103
1159619
1159274
1159178
1159049
1158993
1158718
1158250
1158002
1157656
1156964
1156532
1156161
1155725
1155167
1154818
1154440
1153834
1153226
1152639
1152110
1151632
1151113
1150783
1150291
1149848
1149082
1148499
1148250
1148023
1147829
1147415
1147101
1147043
1146988
1146659
1146210
1145737
1145268
1144800
1144345
1143936
1143512
1142882
1142502
1142121
1141445
1141043
1140722
1140421
1140021
1139478
1138969
1138426
1138035
1137561
1137099
1136534
1135869
1135177
1134954
1134597
1134129
1133257
1132730
1132170
1131680
1131469
1130987
1130629
1130274
1129563
1129096
1128776
1128395
1127788
1127356
1126552
1126107
1125611
1125411
1125105
1124448
1124268
1124179
1123636
1123259
1123199
1123052
1122723
1122301
1122020
1121763
1121285
1120571
1120180
1119570
1118940
1118593
1118392
1117942
1117356
1117248
1116965
1116545
1116026
1115584
1115160
1114785
1114278
1113868
1113626
1113459
1113261
1112953
1112576
1112167
1111923
1111566
1111298
1110665
1110288
1109998
1109608
1109289
1108779
1108471
1108113
1108014
1107489
1107034
1106888
1106647
1106358
1105994
1105464
1105053
1104740
1104378
1104028
1103833
1103519
1103175
1102928
1102584
1102252
1102138
1101865
1101688
1101426
1101120
1100929
1100647
1100442
1100008
1099699
1099025
1098623
1097943
1097379
1097063
1096759
1095754
1095272
1094796
1094260
1093784
1093495
1093449
1093031
1092532
1091980
1091639
1091162
1090761
1090300
1089687
1089364
1088955
1088550
1087979
1087604
1087062
1086503
1086268
1085989
1085660
1085199
1084862
1084468
1083883
1083399
1082902
1082705
1082623
1082468
1081864
1081133
1080416
1080049
1079429
1078885
1078418
1078174
1077772
1077182
1076993
1076742
1076624
1076249
1076081
1075817
1075424
1075025
1074639
1074249
1073805
1073616
1073251
1072874
1072261
1071891
1071627
1071241
1070908
1070528
1070176
1069856
1069636
1069401
1069068
1068044
1067398
1066926
1066556
1066519
1065922
1065534
1065195
1064960
1064668
1064069
1063728
1063286
1062815
1062471
1062068
1061944
1061492
1061079
1060441
1060087
1059646
1059211
1059098
1058784
1058634
1058395
1058288
1057965
1057562
1057254
1056818
1056726
1056470
1056113
1055642
1055175
1054837
1054517
1054073
1053808
1053258
1052932
1052592
1052166
1052011
1051920
1051468
1050926
1050605
1050174
1049792
1049396
1049240
1048961
1048681
1048420
1048214
1047934
1047689
1047402
1047000
1046396
1046169
1045738
1045415
1044840
1044596
1044342
1044073
1043757
1043302
1042908
1042538
1042378
1041783
1041226
1040844
1040431
1040177
1039738
1039336
1038967
1038286
1037887
1037528
1037018
1036694
1036127
1035836
1035682
1035293
1034986
1034726
1034508
1034223
1033797
1033462
1033093
1032771
1032422
1032252
1031984
1031636
1031341
1030990
1030702
1030502
1030251
1030042
1029513
1029399
1029275
1029026
1028876
1028761
1028407
1028030
1027715
1027374
1027093
1026841
1026690
1026665
1026513
1026377
1026053
1025917
1025449
1025252
1024910
1024644
1024261
1023865
1023339
1023166
1023026
1022740
1022408
1022252
1021968
1021668
1021506
1021170
1020886
1020733
1020570
1020341
1019920
1019580
1019345
1019066
1018807
1018433
1018351
1017908
1017627
1017228
1016917
1016695
1016456
1016183
1015856
1015637
1015325
1015169
1015015
1014646
1014438
1014055
1013846
1013486
1013028
1012835
1012597
1012449
1012074
1011931
1011599
1011472
1011169
1010815
1010493
1010171
1009906
1009716
1009495
1009207
1008912
1008767
1008369
1008118
1007532
1007318
1006850
1006428
1006020
1005702
1005386
1005200
1004936
1004710
1004396
1003858
1003491
1003157
1002844
1002599
1002440
1002213
1001903
1001657
1001281
1000981
1000731
1000475
1000163
999804
999481
999239
998912
998605
998413
998162
998117
998022
997471
997215
996825
996486
996194
995749
995553
995112
994948
994533
994229
993830
993548
993236
992931
992572
992234
991901
991525
991327
990908
990519
990177
989792
989518
989161
988823
988548
988210
988045
987831
987619
987429
987066
986619
986336
986256
986226
986197
986088
985694
985471
985133
985040
984829
984497
984182
983846
983694
983498
983110
982655
982209
981962
981605
981277
981081
980676
980423
980064
979841
979625
979366
979024
978832
978520
978183
977736
977620
977287
976977
976795
976250
976077
975947
975383
974835
974674
974193
973946
973755
973447
973244
972816
972446
972172
971890
971549
971084
970758
970349
970072
969635
969205
968724
968333
967901
967762
967489
967338
967039
966791
966554
966399
966159
965966
965699
965540
965323
965076
964746
964429
963926
963628
963212
962836
962339
962146
961838
961465
961098
960806
960734
960451
960202
959882
959557
959330
959163
958899
958634
958491
958140
958056
957901
957586
957403
957186
957028
956710
956552
956512
956407
956183
955907
955381
955035
954806
954411
953957
953858
953815
953747
953435
953379
953339
952903
952877
952639
952129
951923
951677
951331
951263
950822
950482
950145
949877
949541
949171
948709
948404
948047
947468
947282
947026
946592
946382
945957
945633
945106
944900
944396
943956
943624
942913
942495
941875
941615
941282
940857
940501
940039
939715
939208
938815
938490
938181
937864
937527
937097
936671
936402
936185
935883
935422
935083
934489
934062
933899
933682
933336
932951
932560
932074
931627
931253
930875
930565
930275
929882
929375
929108
929073
928787
928432
928208
928072
927455
927068
927005
926495
926025
925570
925123
924822
924601
924297
923899
923338
922948
922718
922192
921704
921293
920818
920462
920309
919936
919849
919782
919681
919552
919464
919293
919157
918896
918844
918798
918549
918295
918118
917790
917495
917206
916974
916886
916647
916321
915855
915378
915013
914727
914513
914102
913851
913609
913218
912851
912400
912164
911836
911542
911239
910944
910857
910492
910014
909843
909413
909014
908669
908543
908287
908246
907710
907389
907127
906744
906370
906059
905701
905595
905296
905036
904595
904230
903663
903383
902869
902155
901635
901236
900818
900382
900078
899640
899374
898691
898247
897944
897382
897051
896839
896559
896446
896187
895925
895636
895293
895016
894820
894547
894309
893995
893504
893268
893042
892647
892321
891976
891798
891454
891147
890993
890629
890434
890255
889911
889539
889130
888805
888715
888589
888423
888106
887926
887642
887364
887103
886790
886507
886137
885586
885125
884852
884296
883950
883472
883029
882476
881987
881648
881251
880880
880485
879939
879545
879385
878672
878173
877852
877255
876772
876102
875727
875187
874374
873985
873522
873157
872819
872443
872065
871632
871301
871057
870531
869943
869183
868958
868687
868044
867073
866812
866094
865741
865436
865208
864449
863673
863174
862745
862546
862106
861550
861487
861230
860914
860536
859755
859551
859051
858869
858341
858132
857621
857206
856787
856441
856161
855547
855220
854975
854342
853971
853333
853015
852733
852528
852000
851705
851177
850873
850305
849959
849402
849241
848691
848344
847954
847769
847370
847138
846819
846495
846205
845950
845461
845076
844910
844676
844477
844284
844160
843857
843714
843462
843228
843082
842966
842856
842637
842557
842189
841946
841716
841411
841005
840662
840605
840335
839672
839229
838598
838035
837567
836974
836699
836352
835832
835456
834874
834354
834257
833972
833460
832775
832190
831538
831024
830394
829899
829603
829120
828378
828069
827780
827296
826731
826145
825735
825274
824975
824411
824015
823532
823244
822783
822423
821956
821463
820869
820223
820032
819784
819418
818598
818356
817725
817389
816726
816013
815567
815363
814762
814682
814394
814309
813908
813490
813382
813182
812972
812828
812686
812200
811869
811529
811416
810934
810786
810686
810048
809623
808998
808751
808579
808407
808148
807536
807040
806607
806083
805802
805522
804970
804458
804306
803820
803518
803306
803037
802627
802418
801932
801701
801076
800795
800443
799937
799513
798814
798268
798039
797605
797029
796500
796070
795480
794815
794518
794116
793705
793178
792877
792211
791770
791522
791475
791106
790767
790185
789866
789474
788814
788444
788005
787617
787201
786670
786138
785524
784927
784493
784031
783464
783142
782685
782572
782335
781868
781472
781106
780694
780234
779764
779431
779056
778631
778234
778035
777682
777354
776756
776418
775992
775636
775515
775283
775049
774869
774608
774484
774362
774167
773804
773530
773221
772867
772667
772378
771955
771649
771345
771180
770670
770360
770072
769663
769344
768854
768292
768254
768015
767736
767368
767035
766868
766263
765799
765254
764900
764526
764204
764069
763829
763510
762742
762425
762109
761875
761321
760955
760441
760284
760248
759906
759666
759324
758962
758786
758589
758222
757704
757419
757084
756740
756302
755981
755615
755046
754303
753955
753923
753823
753311
752944
752659
752094
751723
751299
750875
750099
749545
748957
748319
747820
747367
746653
746088
745611
745025
744222
743614
743145
742646
741798
741436
740973
740623
740347
740078
739695
739166
738941
738824
738623
738384
738128
737913
737733
737425
737001
736323
736009
735716
735210
734821
734303
733999
733680
733300
732909
732334
731798
731559
731205
730874
730498
730182
729562
728990
728567
728127
727881
727522
726874
726408
726041
725463
725127
724974
724636
724510
724074
723716
723561
723391
722965
722633
722121
721932
721051
720477
719906
719318
718874
718674
718565
718245
717745
717164
716833
716486
716084
715548
715131
714487
713829
713588
713211
712654
712139
711766
711475
710589
709923
709865
709299
708782
708245
707624
707276
707022
706595
706260
705644
705181
704932
704856
704601
703919
703352
702895
701681
701189
700132
699863
699282
698359
698319
697759
697586
697203
697051
696484
695567
695047
694286
693496
692799
692470
691785
691110
690621
690360
689731
689105
688696
687983
687707
687384
687245
687054
686878
686486
686255
686041
685784
685331
684850
684274
683694
683411
683148
682588
682232
681651
680788
680358
679866
679475
679227
678870
678330
677924
677445
676757
676302
675650
675227
674903
674569
674042
673561
673184
672755
672280
671809
671455
671121
670386
669923
669514
669127
668771
668453
667614
667138
666475
665975
665615
665061
663967
663199
662526
661967
661239
660919
660536
659745
658890
658234
657984
657244
656838
656353
655242
654531
654077
653111
652591
652266
651761
651106
650954
650815
650525
650251
649863
649524
649253
648876
648616
648165
647785
647544
646946
646419
646145
645628
645059
644511
643969
643316
642344
641367
640270
639707
638723
638196
637531
636801
636178
635319
633732
633068
632247
631726
631053
629761
628168
627477
627026
626104
625380
625079
624637
624446
624338
623915
623192
622563
622307
622013
621870
621736
621425
621255
620664
620523
619894
619260
618740
618419
618207
618007
617603
617489
617276
617006
616728
615775
615521
614957
614721
614200
613477
613218
612739
612675
611912
610986
610091
608995
607664
605382
603844
603540
602630
602344
601065
600117
599945
599734
599459
598523
597777
596935
596616
595706
595076
594445
593583
592995
592665
591549
591113
590728
590025
589978
589591
588926
587840
587690
587273
586012
585283
582749
582020
580130
578811
578701
576971
574779
574183
573029
572291
572029
2087649
2087502
2087461
2087418
2086467
2085808
2084770
2084199
2083533
2083173
2082611
2081831
2081274
2080836
2080363
2079846
2079397
2079005
2078139
2077352
2076551
2075958
2074984
2074642
2073903
2073780
2073178
2072695
2071962
2071243
2070441
2070089
2069640
2069213
2068684
2067912
2067617
2067070
2066529
2065825
2065000
2064213
2063316
2062928
2062019
2060690
2060351
2059779
2059030
2058557
2057954
2057215
2056069
2055288
2054929
2054224
2053715
2053355
2052893
2052121
2051398
2050562
2049638
2049183
2048686
2048152
2047788
2047264
2046447
2046092
2045308
2044313
2043579
2042703
2041605
2041077
2039705
2039100
2038081
2037179
2036277
2035610
2035320
2034275
2033775
2032978
2032127
2030826
2029994
2029269
2028634
2028129
2027439
2026492
2025850
2025334
2024720
2024280
2023412
2022526
2021886
2021110
2020280
2019520
2019298
2018651
2018130
2018081
2017850
2017672
2017043
2016560
2015960
2015299
2014388
2013982
2013380
2012523
2011717
2011103
2010450
2009445
2009019
2008323
1987474
1970135
1952146
1929991
1906973
1877748
1854575
1841491
1817114
1799668
1781282
1761679
1751819
1741353
1715411
1672475
1639650
1613203
1593264
1576252
1558161
1529479
1514248
1494846
1479319
1464950
1428063
1410938
1395152
1379022
1364380
1348655
1335173
1321537
1303982
1277353
1262768
1240566
1228419
1198672
1184320
1168204
1155441
1128815
1109993
1093779
1079470
1065523
1037621
1030537
1027800
1025370
1022485
1019913
1017934
1016109
1013547
1010860
1009190
1006543
1004597
1002528
1000931
999422
997347
995747
994261
992932
990522
988439
986793
984813
982248
979973
977633
975304
972967
970774
968277
966508
963334
961416
959003
956381
953278
950131
948404
945421
942598
939794
937130
933336
929856
924290
918652
913558
899855
858350
815515
780576
775567
773620
770398
767052
764089
761323
758688
754387
751982
748404
744874
741025
738918
737548
734758
731925
729502
726635
724542
723329
720947
718657
716786
714385
712039
709821
707106
705153
703176
699734
697448
694409
691301
688509
687012
685628
683263
680904
678933
676982
674852
672894
671288
669216
667409
665723
663561
661834
660534
658487
657241
655759
653779
652356
651271
650735
650035
649275
648625
647632
646729
645721
644410
642652
640260
638470
637046
635494
632832
631274
628615
626511
625097
624434
623563
622374
621911
621707
621253
620601
619528
618728
618335
618005
617557
617325
616856
615784
615180
614740
614051
613315
612736
612095
611182
609155
607661
605192
603603
602607
601701
600100
599737
599405
597941
596759
595969
594878
593619
592992
592336
591099
590185
589977
589181
587835
587645
586018
585090
582029
578915
