2007214
2006607
2006320
2005297
2004864
2004336
2003379
2002667
2002256
2001490
2000749
1999967
1999471
1999092
1998196
1997476
1996781
1996067
1995833
1995094
1994159
1993835
1993006
1992412
1991645
1991016
1990570
1989926
1989151
1988356
1988134
1987395
1986715
1986396
1985908
1985773
1985215
1984857
1984253
1983678
1983241
1982373
1981857
1981099
1980651
1979843
1978815
1978161
1977568
1976859
1976297
1975693
1975488
1974636
1974111
1973704
1972998
1972259
1972036
1971581
1971209
1970589
1970270
1969840
1969003
1968610
1968048
1967187
1966408
1965909
1964886
1964582
1963794
1963118
1962505
1961754
1961257
1960712
1959532
1958830
1957984
1957104
1956402
1955804
1955180
1954306
1953539
1953082
1952500
1952127
1951387
1950388
1950051
1949050
1948278
1947684
1947082
1946019
1945434
1944590
1944110
1943373
1942740
1942244
1941935
1941415
1940926
1940832
1940632
1939949
1939422
1938822
1937932
1937098
1936709
1936211
1935505
1935105
1934497
1934065
1933604
1933093
1932520
1932043
1931321
1931151
1930736
1929898
1929403
1928978
1928544
1927885
1926745
1926447
1925836
1925153
1924572
1923664
1922950
1922461
1921839
1921185
1920673
1920490
1920240
1919966
1919672
1919157
1918372
1917819
1916953
1916390
1915703
1914963
1914550
1914378
1913945
1913651
1913093
1912583
1912297
1911725
1911082
1910478
1910208
1909656
1908924
1908377
1907950
1907586
1907084
1906396
1906136
1905529
1904774
1904503
1903986
1903280
1902751
1902388
1901688
1901006
1900227
1899460
1898728
1898291
1897763
1896492
1896065
1895334
1895050
1894186
1893505
1892722
1891545
1890917
1890128
1889903
1889319
1889018
1888661
1888058
1887290
1886886
1886261
1885655
1885006
1884596
1883985
1883483
1883263
1882571
1881675
1881085
1880284
1879689
1879035
1878420
1877774
1877413
1876971
1876380
1875683
1875332
1874732
1874208
1873391
1872677
1871869
1871561
1870958
1870040
1869668
1868930
1868310
1867884
1867030
1866505
1866166
1865461
1864834
1864644
1863838
1863512
1862982
1862274
1861787
1861403
1860867
1860323
1859673
1859413
1859006
1858685
1858145
1857768
1857269
1856730
1856040
1855818
1855368
1855162
1854609
1854393
1853941
1853547
1853230
1853080
1852572
1852316
1851757
1851264
1850998
1850453
1850132
1849721
1849301
1848885
1848595
1848268
1847837
1847413
1847231
1847035
1846222
1845551
1845160
1844468
1843682
1843297
1843013
1842602
1842390
1842179
1841852
1841581
1840906
1840536
1840061
1839702
1839409
1839096
1838483
1838058
1837866
1837586
1836954
1836654
1836220
1835746
1835426
1835008
1834484
1833952
1833334
1832947
1832476
1832227
1831726
1831231
1830573
1830116
1829702
1829192
1828928
1828515
1828040
1827406
1826973
1826087
1825644
1824932
1824400
1823961
1823519
1823281
1822779
1822497
1821773
1821309
1820994
1820513
1820043
1819567
1819024
1818581
1818065
1817610
1817199
1816760
1816452
1816075
1815654
1815263
1814960
1814714
1814020
1813747
1813454
1813084
1812864
1812438
1811937
1811355
1811174
1810700
1810395
1809991
1809533
1808935
1808371
1807881
1807442
1807014
1806726
1806188
1805766
1805396
1805112
1804758
1804318
1804154
1803491
1803127
1802932
1802396
1802065
1801567
1801289
1800829
1800431
1800175
1799883
1799581
1798991
1798566
1797872
1797494
1796850
1796162
1795758
1795287
1794779
1794211
1793697
1792977
1792736
1792127
1791843
1791477
1790789
1790171
1789530
1788912
1788425
1788045
1787401
1787187
1786661
1786286
1786167
1785570
1785000
1784682
1784095
1783653
1783268
1782808
1782368
1781852
1781363
1781155
1780566
1780358
1779835
1779348
1778937
1778407
1777886
1777045
1776479
1775867
1775435
1774767
1774035
1773631
1773052
1772689
1772293
1771891
1771432
1770851
1770409
1769860
1769327
1768889
1768116
1767556
1767239
1766814
1766530
1765894
1765348
1764837
1764115
1763563
1763260
1762639
1762335
1761760
1761649
1760971
1760419
1760035
1759413
1758977
1758612
1758261
1757916
1757270
1756935
1756605
1755683
1755309
1754827
1754246
1754001
1753358
1753055
1752733
1752472
1751840
1751466
1750845
1750504
1750168
1749700
1749156
1748255
1747807
1747316
1746781
1746555
1746094
1745539
1745164
1744831
1744565
1744204
1743769
1743147
1742809
1741946
1741483
1740968
1740283
1739598
1738958
1737936
1737418
1736931
1736367
1735992
1735885
1735739
1735174
1735002
1734547
1734167
1733492
1733140
1732501
1731950
1731421
1730937
1730640
1730200
1730052
1729572
1728950
1728677
1728156
1727864
1727333
1726526
1726042
1725982
1725439
1724911
1724513
1723935
1723449
1722960
1722182
1721239
1720693
1720167
1719402
1718817
1718440
1718003
1717700
1717076
1716721
1716342
1715995
1715291
1714724
1714159
1713505
1712982
1712675
1712183
1711567
1711154
1710603
1710215
1709441
1708880
1708483
1707816
1707327
1706583
1705901
1705321
1704686
1703735
1702906
1702662
1702277
1701903
1701556
1701039
1700496
1700229
1699639
1699062
1698745
1698078
1697658
1697357
1696909
1696716
1696532
1696130
1695417
1694993
1694236
1694113
1693393
1692743
1692138
1691422
1691086
1690643
1690191
1689560
1688900
1688303
1687818
1687315
1686881
1686443
1685876
1685278
1684973
1684351
1683608
1683057
1682478
1681426
1680916
1680238
1679574
1678956
1678148
1677586
1676879
1676516
1675839
1675267
1674999
1674266
1673380
1672781
1672140
1671748
1671160
1670596
1669966
1669416
1668783
1668017
1667512
1666998
1666445
1666104
1665891
1665138
1664542
1664115
1663704
1663005
1662701
1662320
1661745
1661572
1660977
1660598
1660114
1659505
1658750
1657775
1657260
1656609
1656280
1655788
1655262
1654639
1654084
1653764
1653119
1652542
1651964
1651243
1650494
1649893
1649564
1649226
1648658
1647913
1647581
1647245
1646633
1646092
1645530
1645273
1644606
1644028
1643011
1642710
1642143
1641570
1640908
1640552
1639815
1639150
1638423
1638059
1637758
1637125
1636404
1636072
1635506
1634960
1634452
1633972
1633341
1633006
1632501
1632157
1631693
1631241
1630922
1630556
1630128
1629816
1629535
1629291
1628799
1628548
1627819
1627417
1626952
1626662
1626087
1625880
1625516
1625242
1624601
1623908
1623313
1623022
1622912
1622479
1622083
1621485
1621314
1620604
1619863
1619432
1618804
1618408
1617785
1616956
1616327
1615914
1615292
1614926
1614389
1613624
1613381
1612888
1612314
1611909
1611414
1610988
1610519
1610218
1609728
1609003
1608343
1607637
1607089
1606611
1606073
1605756
1605265
1604617
1604169
1603662
1603072
1602443
1602110
1601573
1601076
1600371
1599395
1598962
1598258
1597763
1597072
1596626
1596233
1595751
1595291
1594979
1594470
1593991
1593482
1593032
1592476
1592063
1591737
1591528
1591254
1591017
1590417
1589936
1589445
1588997
1588586
1588330
1587731
1587256
1586740
1586385
1585990
1585730
1585275
1585026
1584564
1584048
1583784
1583302
1582885
1582403
1582042
1581728
1581278
1581027
1580494
1580211
1579852
1579555
1579065
1578697
1578366
1577949
1577181
1576607
1575932
1575462
1575123
1574857
1574298
1573814
1573345
1572962
1572629
1572097
1571849
1571433
1571049
1570617
1570089
1570002
1569794
1569387
1568930
1568501
1568261
1567793
1567594
1567228
1566852
1566426
1566019
1565689
1565205
1564824
1564387
1564123
1563597
1563256
1562705
1562222
1561723
1560999
1560420
1560164
1559780
1559255
1558968
1558175
1557926
1557486
1557060
1556661
1556174
1555746
1555276
1555049
1554541
1554230
1553752
1553512
1553120
1552649
1552382
1551842
1551229
1550668
1550298
1549800
1549506
1549325
1549015
1548664
1548291
1548056
1547673
1547226
1546794
1546545
1546273
1545859
1545708
1545274
1544949
1544586
1544403
1544084
1543820
1543759
1543501
1543162
1542779
1542370
1541826
1541218
1540808
1540149
1539828
1539400
1539057
1538369
1538195
1538154
1538121
1538092
1538061
1538035
1537748
1537101
1536581
1536271
1535826
1535253
1534651
1534235
1533622
1533084
1532682
1532206
1531740
1531444
1531053
1530409
1529762
1529291
1528996
1528647
1528275
1528003
1527517
1526863
1526220
1525866
1525268
1524771
1524360
1524070
1523560
1523023
1522643
1521997
1521649
1521244
1520837
1520301
1519813
1519067
1518647
1518331
1517971
1517713
1517290
1516996
1516631
1516321
1515767
1515246
1514796
1514279
1513979
1513515
1513243
1513102
1512674
1512450
1512042
1511582
1511246
1510934
1510501
1510177
1509792
1509322
1508941
1508659
1508154
1507652
1507310
1506822
1506211
1505655
1505143
1504745
1504323
1503980
1503433
1502929
1502551
1502259
1501656
1500952
1500425
1499969
1499577
1499246
1498855
1498397
1498138
1497740
1497246
1496723
1496340
1496049
1495706
1495451
1495162
1494635
1494193
1493674
1493276
1492851
1492490
1491738
1491203
1490586
1490202
1489729
1489179
1488825
1488521
1488125
1487788
1486743
1486084
1485774
1485447
1485083
1484485
1484121
1483818
1483308
1482512
1482085
1481825
1481393
1480969
1480482
1480098
1479562
1479044
1478493
1477918
1477471
1477171
1476772
1476133
1475822
1475483
1474956
1474459
1474107
1473731
1473498
1472974
1472337
1472021
1471503
1471295
1470734
1470358
1470008
1469504
1468960
1468464
1468214
1467653
1467427
1467038
1466761
1466247
1466014
1465679
1465468
1464984
1464800
1464315
1463982
1463701
1463338
1463148
1462891
1462484
1462139
1461799
1461168
1460678
1459975
1459455
1459187
1458491
1457895
1457372
1456978
1456277
1455787
1455377
1454946
1454474
1454076
1453949
1453645
1453313
1452771
1452342
1451817
1451534
1451229
1450820
1450395
1450116
1449955
1449524
1449242
1448848
1448533
1448279
1447812
1447346
1446751
1446146
1445617
1445415
1444842
1444464
1444149
1443683
1443357
1443157
1442662
1442247
1441921
1441668
1441211
1440612
1440026
1439533
1439366
1438868
1438605
1438249
1437992
1437647
1437317
1436855
1436476
1435959
1435728
1435394
1434909
1434413
1433724
1433345
1432718
1432535
1431895
1431493
1430958
1430374
1429917
1429572
1429082
1428407
1427949
1427563
1427245
1426952
1426787
1426274
1425580
1425313
1424881
1424782
1424682
1424476
1424177
1423627
1423081
1422623
1422218
1421604
1421307
1420911
1420444
1420011
1419432
1418800
1418409
1417983
1417397
1417112
1416575
1416240
1415696
1415323
1414926
1414607
1414069
1413696
1413410
1413065
1412562
1411961
1411422
1411335
1410707
1410147
1409828
1409575
1409019
1408583
1408260
1407219
1406599
1405970
1405534
1404986
1404449
1403609
1403042
1402534
1402023
1401499
1401309
1400937
1400399
1399828
1398911
1398470
1398226
1397833
1397253
1396717
1396296
1395817
1395417
1394833
1394603
1394148
1393754
1393115
1392314
1391736
1391284
1390742
1390477
1390029
1389428
1388746
1388429
1387826
1387390
1386662
1386067
1385639
1385224
1384367
1383949
1383253
1382751
1382453
1382023
1381711
1381047
1380346
1379908
1379152
1378841
1378312
1377720
1377162
1376568
1376160
1375150
1374959
1374469
1373913
1373387
1372905
1372455
1372205
1371378
1370965
1370471
1370131
1369526
1369003
1368578
1368120
1367657
1367003
1366312
1365759
1365248
1364537
1364003
1363116
1362762
1362390
1361606
1360887
1360226
1359657
1359132
1358810
1358688
1358417
1358163
1358051
1357436
1356739
1355948
1355283
1354696
1354236
1353761
1353497
1352677
1352377
1351984
1351543
1351175
1350365
1349908
1349316
1348719
1348246
1347984
1347544
1347146
1346853
1345750
1345176
1344505
1344045
1343757
1343150
1342675
1342539
1342145
1341926
1341519
1341264
1341062
1340661
1340189
1339966
1339651
1339413
1339058
1338821
1338620
1338231
1338003
1337638
1337178
1336881
1336393
1335856
1335362
1334967
1334742
1334616
1334202
1333788
1333282
1332547
1331851
1331172
1330685
1330106
1329341
1328954
1328629
1328069
1327571
1327315
1326714
1325975
1325154
1324713
1324123
1323731
1323309
1323112
1323055
1322752
1322689
1322213
1321703
1321287
1320773
1319749
1319513
1319118
1318372
1317951
1317463
1316910
1316381
1316042
1315145
1314860
1314280
1313817
1313182
1313030
1312648
1312261
1311863
1311377
1310850
1310566
1310015
1309822
1309527
1309088
1308672
1308187
1307755
1307301
1306950
1306548
1306247
1305765
1305387
1304955
1304473
1304039
1303960
1303587
1302986
1302506
1301763
1301611
1301008
1300546
1300166
1299747
1299099
1298546
1298043
1297664
1297229
1296972
1296620
1296219
1295798
1295620
1295308
1294812
1294357
1294256
1294064
1293806
1293277
1292753
1292226
1291954
1291323
1290782
1290400
1289865
1289384
1288854
1288341
1287975
1287417
1287021
1286766
1286545
1286017
1285742
1285294
1284918
1284531
1284257
1283904
1283542
1282867
1282347
1281871
1281243
1280783
1280609
1280392
1280352
1280202
1279535
1279000
1278558
1278243
1278186
1277847
1277635
1277302
1277062
1276569
1276114
1275619
1275336
1274949
1274482
1274123
1273674
1273332
1272937
1272660
1272409
1272108
1271930
1271641
1271473
1271365
1270995
1270820
1270721
1270524
1270185
1270031
1269647
1269425
1269214
1268938
1268753
1268532
1268064
1267821
1267416
1267019
1266739
1266294
1266037
1265691
1265221
1264801
1264459
1263994
1263647
1263316
1262923
1262564
1262452
1262158
1261645
1261446
1261088
1260706
1260405
1260174
1259841
1259563
1259298
1258644
1258286
1258043
1257506
1257283
1256838
1256384
1255557
1254816
1254157
1253405
1252320
1251507
1250506
1249707
1249099
1248246
1247289
1246615
1246272
1246165
1245755
1245278
1244898
1244564
1244272
1243804
1243392
1243156
1242876
1242686
1242311
1241956
1241614
1241386
1241078
1240561
1240262
1240048
1239724
1239354
1239010
1238794
1238481
1237847
1237534
1237237
1236904
1236513
1236178
1235830
1235463
1235266
1234957
1234702
1234457
1234389
1234292
1233808
1233755
1233469
1233085
1232707
1232232
1231774
1231485
1231204
1230766
1230447
1230088
1229616
1229266
1228893
1228495
1228328
1228020
1227803
1227611
1227382
1227126
1226872
1226533
1225866
1225321
1224891
1224481
1224260
1223861
1223417
1222890
1222564
1222070
1221650
1221175
1220507
1220090
1219933
1219508
1219078
1218494
1217914
1217473
1217423
1217138
1216518
1216111
1215647
1215193
1214758
1214430
1214019
1213549
1213161
1212547
1212028
1211651
1211241
1210687
1210407
1209878
1209177
1208888
1208461
1208315
1208156
1207923
1207474
1207424
1207383
1207014
1206803
1206403
1206003
1205616
1205218
1204342
1203901
1203190
1202809
1202460
1201710
1201275
1200863
1200442
1199994
1199651
1199245
1198825
1198421
1197997
1197561
1197115
1196791
1196559
1195920
1195479
1194743
1194578
1194505
1194191
1193854
1193638
1193467
1193359
1192958
1192892
1192307
1191926
1191359
1190920
1190531
1190243
1189632
1189189
1188873
1188452
1187967
1187436
1187032
1186584
1186449
1186284
1185914
1185600
1185457
1185316
1184935
1184656
1184359
1183722
1183534
1183090
1182669
1182285
1182000
1181599
1181273
1180870
1180430
1180051
1179573
1179106
1178486
1177910
1177332
1176686
1176599
1176561
1176514
1176374
1176093
1175942
1175760
1175459
1174962
1174776
1174209
1173770
1173494
1173053
1172668
1172509
1172221
1171994
1171611
1171293
1171132
1170721
1170282
1169815
1169572
1169329
1168885
1168648
1168391
1168087
1167762
1167559
1167295
1167104
1166797
1166594
1166304
1165992
1165627
1165383
1164995
1164725
1164482
1164263
1163967
1163801
1163399
1163187
1162922
1162637
1162227
1161854
1161475
1161199
1160633
1160151
1159669
1159294
1159189
1159067
1158998
1158721
1158261
1158046
1157676
1157034
1156562
1156168
1155756
1155218
1154898
1154503
1153844
1153288
1152641
1152120
1151650
1151194
1150792
1150331
1149897
1149155
1148674
1148252
1148039
1147844
1147417
1147112
1147063
1146991
1146677
1146220
1145749
1145291
1144814
1144359
1143976
1143547
1142912
1142511
1142140
1141471
1141078
1140767
1140447
1140150
1139515
1139057
1138433
1138039
1137595
1137156
1136611
1135930
1135180
1134959
1134602
1134155
1133329
1132782
1132199
1131697
1131493
1131037
1130660
1130306
1129638
1129100
1128862
1128516
1127837
1127362
1126642
1126198
1125658
1125432
1125173
1124477
1124287
1124181
1123782
1123290
1123202
1123092
1122735
1122311
1122134
1121775
1121303
1120584
1120197
1119616
1118976
1118664
1118398
1117954
1117428
1117250
1116979
1116583
1116056
1115638
1115223
1114833
1114317
1113888
1113633
1113461
1113284
1113021
1112631
1112218
1111938
1111576
1111388
1110779
1110292
1110043
1109639
1109309
1108826
1108502
1108129
1108017
1107546
1107063
1106915
1106701
1106386
1105998
1105503
1105067
1104764
1104457
1104142
1103849
1103530
1103200
1102937
1102605
1102264
1102140
1101932
1101720
1101462
1101135
1100934
1100671
1100451
1100072
1099721
1099239
1098668
1097973
1097414
1097101
1096775
1095825
1095288
1094853
1094301
1093796
1093503
1093453
1093215
1092639
1091983
1091676
1091173
1090764
1090342
1089704
1089370
1088964
1088588
1088119
1087678
1087109
1086509
1086275
1086013
1085679
1085216
1084943
1084515
1083887
1083492
1082931
1082708
1082626
1082485
1082014
1081351
1080452
1080079
1079447
1079023
1078551
1078246
1077791
1077185
1077010
1076744
1076645
1076274
1076100
1075837
1075461
1075036
1074662
1074273
1073822
1073629
1073347
1072880
1072292
1071929
1071630
1071275
1070915
1070614
1070256
1069900
1069670
1069446
1069174
1068085
1067480
1066988
1066558
1066527
1065966
1065561
1065248
1064975
1064673
1064078
1063740
1063387
1062859
1062518
1062074
1061954
1061497
1061116
1060477
1060108
1059677
1059256
1059107
1058791
1058636
1058398
1058322
1058002
1057592
1057263
1056846
1056751
1056490
1056126
1055701
1055209
1054870
1054532
1054093
1053837
1053369
1053081
1052595
1052191
1052025
1051926
1051489
1051013
1050723
1050208
1049822
1049400
1049262
1048968
1048698
1048554
1048221
1047936
1047706
1047412
1047059
1046436
1046180
1045811
1045453
1044991
1044633
1044374
1044075
1043768
1043331
1042978
1042548
1042471
1041892
1041237
1040847
1040441
1040181
1039743
1039369
1038987
1038312
1037908
1037545
1037047
1036719
1036151
1035867
1035684
1035324
1035019
1034745
1034510
1034225
1033826
1033487
1033115
1032780
1032424
1032281
1032005
1031648
1031345
1030992
1030786
1030504
1030280
1030109
1029585
1029410
1029279
1029065
1028880
1028778
1028409
1028058
1027750
1027453
1027154
1026852
1026692
1026667
1026521
1026385
1026056
1025923
1025517
1025268
1024939
1024647
1024275
1023875
1023362
1023210
1023031
1022752
1022461
1022269
1022002
1021697
1021508
1021178
1020918
1020751
1020585
1020379
1019932
1019628
1019347
1019141
1018829
1018443
1018364
1017925
1017662
1017254
1016924
1016709
1016465
1016187
1015936
1015651
1015356
1015171
1015053
1014679
1014443
1014080
1013859
1013502
1013098
1012867
1012649
1012460
1012097
1011974
1011606
1011475
1011171
1010847
1010499
1010173
1010088
1009718
1009509
1009225
1008977
1008771
1008416
1008157
1007778
1007362
1006912
1006442
1006080
1005740
1005392
1005272
1004949
1004716
1004408
1003913
1003528
1003180
1002887
1002601
1002497
1002229
1001931
1001671
1001361
1001009
1000822
1000477
1000180
999870
999566
999287
998943
998629
998416
998165
998119
998024
997518
997263
996968
996511
996202
995770
995583
995239
994959
994581
994260
993840
993554
993327
992934
992577
992261
991905
991544
991443
990943
990521
990202
989838
989586
989169
988846
988597
988297
988115
987835
987641
987481
987072
986636
986350
986259
986228
986200
986133
985697
985501
985161
985043
984861
984556
984190
983850
983697
983531
983164
982658
982247
982124
981613
981283
981087
980708
980453
980104
979896
979676
979496
979027
978834
978528
978234
977741
977658
977315
977016
976828
976421
976080
975997
975531
974875
974717
974195
974025
973784
973488
973259
972822
972480
972227
971914
971639
971131
970774
970358
970107
969676
969291
968726
968399
967959
967775
967541
967357
967042
966807
966588
966401
966163
965968
965702
965571
965332
965086
964782
964438
964060
963636
963216
962839
962376
962169
961842
961517
961196
960815
960741
960465
960251
959920
959588
959359
959166
958940
958646
958505
958152
958062
957921
957622
957407
957195
957081
956757
956563
956514
956410
956233
955910
955413
955037
954830
954420
954039
953861
953822
953756
953538
953382
953341
952907
952879
952648
952139
951946
951679
951352
951284
950872
950500
950186
949886
949580
949259
948713
948451
948057
947471
947285
947044
946633
946384
946036
945636
945293
944902
944408
943969
943651
942941
942522
941927
941619
941303
940860
940523
940104
939772
939251
938837
938492
938190
937867
937651
937122
936709
936430
936220
935917
935443
935094
934535
934128
933905
933689
933348
932979
932660
932104
931631
931273
931012
930568
930320
929906
929409
929111
929077
928793
928435
928322
928091
927570
927070
927009
926512
926098
925579
925156
924854
924610
924338
923930
923401
922998
922720
922204
921712
921335
920866
920466
920318
919972
919857
919796
919688
919558
919522
919296
919162
918919
918850
918800
918553
918377
918146
917811
917503
917213
917006
916909
916701
916392
915877
915427
915039
914783
914574
914109
913860
913688
913246
912856
912502
912171
911894
911547
911243
910988
910896
910530
910044
909852
909500
909188
908717
908545
908290
908250
907820
907422
907145
906754
906394
906098
905724
905597
905369
905045
904638
904312
903672
903401
902905
902212
901782
901410
900846
900425
900080
899670
899399
898752
898281
897959
897425
897057
896877
896585
896453
896208
895944
895674
895298
895040
894891
894574
894318
894007
893526
893293
893053
892675
892334
891991
891810
891498
891223
890999
890651
890449
890266
889922
889547
889194
888868
888718
888593
888501
888118
887984
887647
887371
887129
886844
886523
886148
885746
885166
884860
884309
883979
883548
883087
882542
882004
881738
881271
880940
880536
879978
879710
879388
878767
878286
877855
877316
876805
876115
875767
875382
874377
874007
873546
873178
872833
872454
872133
871647
871340
871107
870544
869963
869211
868965
868797
868228
867111
866826
866284
865743
865442
865213
864480
863833
863297
862752
862552
862117
861597
861504
861266
860925
860554
859773
859651
859138
858887
858354
858138
857658
857278
856819
856461
856197
855566
855225
855003
854462
853986
853359
853038
852913
852591
852037
851708
851220
850901
850309
849972
849468
849246
848707
848354
847971
847777
847428
847155
846825
846511
846267
845973
845605
845080
844921
844683
844541
844289
844174
843877
843726
843518
843289
843090
842987
842883
842641
842564
842248
841950
841736
841465
841106
840724
840607
840416
839725
839389
838617
838085
837603
837062
836713
836359
835890
835526
835029
834376
834260
834015
833550
832864
832241
831550
831069
830470
829993
829622
829130
828385
828072
827786
827337
826750
826167
825759
825316
824980
824583
824054
823551
823256
822886
822428
821973
821512
820900
820236
820057
819842
819511
818606
818455
817841
817631
816752
816247
815599
815367
814856
814685
814444
814311
813960
813495
813384
813192
812980
812835
812698
812365
811888
811570
811419
810945
810789
810707
810132
809647
809170
808753
808587
808410
808154
807607
807069
806630
806169
805818
805545
804989
804567
804351
803863
803520
803314
803077
802642
802534
801970
801729
801131
800812
800521
799947
799578
798824
798308
798047
797693
797199
796512
796073
795533
794853
794563
794181
793755
793253
792911
792296
791773
791524
791482
791108
790799
790215
789889
789521
788867
788479
788030
787664
787225
786673
786203
785552
784933
784566
784064
783475
783151
782699
782577
782340
781925
781545
781148
780721
780301
779823
779466
779084
778682
778261
778039
777705
777363
776928
776544
776059
775639
775543
775299
775082
774901
774640
774499
774405
774193
773828
773539
773226
772933
772703
772397
771964
771669
771360
771187
770779
770396
770100
769709
769350
768949
768313
768259
768019
767752
767438
767041
766879
766270
765828
765258
764956
764534
764216
764073
763875
763520
762786
762465
762117
761892
761334
760975
760459
760288
760253
759968
759668
759326
759002
758790
758607
758297
757752
757468
757101
756807
756309
755987
755644
755113
754344
754000
753926
753850
753457
752977
752697
752116
751735
751434
750906
750101
749587
748986
748363
747879
747432
746710
746095
745617
745035
744285
743634
743229
742652
741895
741450
741004
740642
740350
740182
739781
739213
738949
738833
738627
738409
738133
737916
737785
737535
737091
736351
736053
735772
735247
734825
734334
734012
733718
733307
732996
732347
731897
731566
731242
730902
730504
730208
729680
729145
728616
728130
727941
727553
726938
726518
726044
725593
725129
724977
724652
724514
724101
723721
723568
723395
723071
722681
722125
722016
721195
720630
719992
719322
718934
718681
718605
718354
717776
717199
716838
716516
716102
715653
715149
714501
713857
713634
713264
712666
712257
711796
711488
710760
709971
709867
709354
708834
708288
707649
707284
707040
706597
706327
705655
705298
705031
704864
704606
703986
703388
702916
701707
701241
700387
699871
699396
698509
698323
697831
697597
697207
697063
696642
695768
695131
694337
693558
692823
692516
691924
691240
690666
690365
689744
689140
688752
688172
687742
687443
687249
687083
686885
686492
686314
686115
685791
685335
684878
684351
683718
683425
683197
682696
682273
681763
680882
680450
679913
679491
679267
678894
678363
677951
677479
676812
676396
675786
675258
675068
674595
674081
673580
673216
672780
672294
671963
671480
671123
670454
669925
669520
669179
668790
668478
667740
667140
666649
666084
665621
665087
664058
663297
662559
661989
661340
661006
660571
659815
658940
658250
658005
657397
656864
656425
655250
654631
654081
653292
652599
652271
651936
651268
650966
650818
650553
650254
649878
649545
649256
648886
648618
648219
647792
647614
646952
646478
646171
645709
645083
644520
643971
643425
642441
641378
640287
639829
639069
638353
637554
636860
636224
635444
633770
633091
632255
631737
631098
629765
628504
627514
627066
626362
625397
625089
624702
624472
624341
624029
623204
622666
2087830
2087505
2087467
2087423
2086537
2085881
2084883
2084207
2083557
2083266
2082623
2081874
2081484
2080964
2080375
2079899
2079597
2079030
2078240
2077385
2076595
2076074
2075047
2074734
2073905
2073795
2073217
2072825
2071964
2071308
2070507
2070136
2069646
2069235
2068766
2067955
2067699
2067100
2066531
2065843
2065073
2064297
2063351
2062938
2062079
2060859
2060377
2059786
2059168
2058605
2058027
2057217
2056383
2055509
2054971
2054236
2053874
2053418
2053001
2052132
2051435
2050615
2049646
2049185
2048704
2048165
2047836
2047406
2046469
2046138
2045327
2044438
2043613
2042860
2041905
2041129
2039789
2039111
2038374
2037450
2036279
2035750
2035362
2034460
2033832
2033024
2032481
2030873
2029996
2029301
2028830
2028173
2027479
2026531
2025894
2025402
2024767
2024373
2023428
2022569
2021964
2021175
2020314
2019578
2019365
2018667
2018132
2018088
2017933
2017723
2017137
2016600
2016035
2015301
2014410
2014105
2013410
2012613
2011763
2011185
2010452
2009500
2009077
2008347
1991407
1970758
1953817
1931358
1908599
1877997
1855886
1842143
1821383
1800615
1783919
1762016
1752548
1741542
1718617
1682522
1644532
1613628
1594541
1579052
1559844
1531462
1514871
1503726
1479401
1466024
1432921
1412190
1397065
1381711
1366019
1350122
1335990
1323254
1306067
1284314
1265351
1243068
1230883
1202180
1188146
1169489
1157534
1129235
1112631
1095466
1080508
1066072
1039743
1030647
1027803
1025410
1022806
1019920
1018364
1016144
1013556
1010912
1009196
1006918
1004768
1002908
1001207
999600
997349
996065
994265
992935
990535
988771
987072
984861
982658
980016
978092
975590
973272
970776
968724
966766
963636
961423
959290
956393
954239
950145
948709
945632
943252
940038
937272
933688
929895
924854
919933
914437
903687
862042
821141
780987
775660
773852
770797
767210
764099
761335
758796
755137
752232
749124
745177
741542
738975
737788
734870
732446
729774
727012
724609
723397
721699
718696
716884
714625
712310
709871
707346
705315
703436
699883
697602
694904
691589
688760
687116
685803
683370
681139
679141
677080
675113
673271
671577
669359
667569
665903
663850
661945
660788
658626
657514
655891
654074
652363
651274
650821
650071
649405
648631
647758
646836
645727
644508
642718
640412
638529
637142
635502
633067
631417
628727
626763
625105
624476
623739
622380
621917
621716
621268
620605
619538
618759
618339
618012
617561
617375
616875
615866
615308
614797
614198
