2007794
2006991
2006488
2005796
2005088
2004590
2003605
2003166
2002379
2001817
2000931
2000310
1999755
1999267
1998617
1997743
1996955
1996566
1995990
1995597
1994528
1993933
1993185
1992686
1991984
1991400
1990844
1990068
1989449
1988830
1988237
1987738
1987081
1986437
1986080
1985876
1985641
1984917
1984723
1984041
1983520
1982719
1982051
1981475
1980906
1980297
1979164
1978506
1977752
1977057
1976617
1975968
1975615
1974932
1974439
1973846
1973392
1972705
1972110
1971909
1971323
1970827
1970466
1970000
1969494
1968805
1968242
1967521
1966924
1966143
1965627
1964632
1964074
1963465
1962830
1962212
1961525
1960969
1960380
1959238
1958529
1957544
1956978
1956021
1955603
1954476
1953951
1953259
1952842
1952313
1951807
1950912
1950306
1949623
1948625
1947980
1947321
1946598
1945854
1944773
1944305
1943664
1943200
1942392
1942160
1941549
1941104
1940877
1940749
1940204
1939596
1939260
1938657
1937729
1936952
1936394
1935930
1935355
1934708
1934323
1933909
1933264
1932759
1932233
1931478
1931257
1930888
1930096
1929521
1929124
1928715
1927980
1927477
1926595
1926186
1925707
1924902
1924276
1923447
1922714
1922052
1921447
1920973
1920508
1920466
1920124
1919786
1919403
1918811
1917983
1917196
1916580
1916087
1915161
1914791
1914440
1914256
1913797
1913267
1912925
1912498
1912071
1911536
1910842
1910337
1909968
1909553
1908799
1908199
1907681
1907369
1906660
1906249
1905759
1905079
1904702
1904150
1903609
1903105
1902610
1902018
1901213
1900618
1899895
1899031
1898442
1897875
1897159
1896316
1895734
1895195
1894902
1893864
1893111
1892222
1891402
1890716
1889979
1889560
1889180
1888803
1888319
1887704
1886999
1886719
1885905
1885345
1884696
1884310
1883789
1883401
1882805
1882386
1881330
1880811
1879967
1879369
1878699
1878013
1877654
1877248
1876669
1875878
1875523
1875006
1874333
1873748
1872861
1872349
1871652
1871210
1870548
1869899
1869349
1868693
1868087
1867350
1866761
1866406
1865984
1865028
1864745
1864131
1863736
1863178
1862570
1862048
1861580
1861167
1860544
1860100
1859549
1859329
1858833
1858403
1857946
1857417
1857037
1856363
1855925
1855695
1855298
1854796
1854555
1854140
1853801
1853433
1853104
1852759
1852510
1852087
1851450
1851246
1850899
1850273
1849835
1849625
1849037
1848744
1848372
1848074
1847511
1847348
1847099
1846479
1845710
1845393
1844819
1844182
1843429
1843111
1842959
1842448
1842226
1842151
1841734
1841312
1840825
1840268
1839884
1839520
1839208
1838662
1838369
1837968
1837714
1837179
1836866
1836368
1835949
1835570
1835230
1834701
1834236
1833454
1833102
1832773
1832345
1831985
1831600
1830983
1830351
1829851
1829536
1829138
1828803
1828334
1827581
1827236
1826387
1825787
1825212
1824506
1824181
1823753
1823367
1823065
1822722
1822223
1821571
1821088
1820792
1820358
1819746
1819123
1818788
1818291
1817914
1817344
1817117
1816626
1816288
1815819
1815429
1815026
1814910
1814398
1813922
1813600
1813193
1812974
1812690
1812070
1811598
1811275
1810902
1810489
1810186
1809695
1809334
1808616
1807991
1807601
1807178
1806858
1806592
1806012
1805722
1805146
1804884
1804342
1804253
1803931
1803363
1803027
1802520
1802269
1801700
1801492
1801034
1800713
1800296
1800053
1799681
1799380
1798734
1798351
1797619
1797183
1796441
1795968
1795397
1795137
1794385
1793835
1793498
1792801
1792515
1792021
1791726
1791144
1790528
1789620
1789119
1788787
1788234
1787740
1787253
1787085
1786496
1786218
1785885
1785206
1784772
1784489
1783887
1783564
1783050
1782561
1782148
1781614
1781282
1780829
1780505
1780182
1779598
1779169
1778573
1778064
1777640
1776925
1776195
1775670
1774997
1774347
1773713
1773516
1772905
1772486
1772101
1771549
1771234
1770722
1770145
1769514
1768996
1768347
1768067
1767289
1767111
1766724
1766399
1765759
1764949
1764558
1764048
1763383
1763054
1762471
1762136
1761710
1761205
1760591
1760171
1759710
1759087
1758848
1758318
1758075
1757564
1757090
1756785
1756325
1755487
1755045
1754527
1754115
1753462
1753157
1752881
1752667
1752073
1751703
1750934
1750814
1750283
1749867
1749472
1748917
1748123
1747415
1747102
1746658
1746447
1745740
1745368
1744920
1744806
1744427
1744069
1743633
1743038
1742187
1741693
1741365
1740731
1739909
1739362
1738525
1737761
1737223
1736456
1736240
1735953
1735814
1735357
1735039
1734922
1734337
1733897
1733224
1732770
1732300
1731574
1731263
1730793
1730387
1730078
1729930
1729308
1728790
1728513
1728047
1727450
1727160
1726224
1726006
1725643
1725375
1724593
1724129
1723686
1723205
1722396
1721825
1721029
1720418
1719710
1718869
1718641
1718130
1717985
1717383
1716980
1716521
1716203
1715507
1715059
1714406
1713680
1713254
1712770
1712427
1711840
1711350
1710986
1710346
1709672
1709190
1708706
1708158
1707580
1706993
1706151
1705664
1705086
1704400
1703356
1702721
1702507
1702004
1701783
1701260
1700915
1700343
1699918
1699281
1698908
1698487
1697883
1697411
1697128
1696778
1696622
1696391
1695695
1695263
1694503
1694185
1693874
1692959
1692558
1691821
1691266
1690961
1690400
1689880
1689269
1688499
1688238
1687535
1687173
1686520
1686093
1685652
1685061
1684576
1683809
1683248
1682548
1681944
1681287
1680473
1679775
1679294
1678450
1677808
1677383
1676662
1676142
1675481
1675076
1674495
1673892
1673111
1672475
1672010
1671285
1670969
1670189
1669606
1669302
1668333
1667613
1667360
1666848
1666224
1666012
1665483
1664802
1664323
1663882
1663401
1662877
1662533
1662156
1661717
1661135
1660855
1660313
1659901
1659288
1658453
1657420
1656892
1656327
1656106
1655477
1654972
1654224
1653913
1653316
1652730
1652380
1651721
1651084
1650368
1649699
1649497
1648824
1648207
1647667
1647410
1646967
1646442
1645932
1645335
1644815
1644281
1643595
1642795
1642268
1641864
1641214
1640682
1640040
1639445
1638975
1638312
1637952
1637374
1636833
1636230
1635695
1635281
1634782
1634081
1633792
1633188
1632817
1632374
1631988
1631497
1631041
1630719
1630305
1629954
1629639
1629416
1628979
1628667
1628193
1627617
1627226
1626801
1626391
1626068
1625661
1625406
1624664
1624482
1623741
1623107
1622940
1622766
1622204
1621866
1621434
1621061
1620355
1619704
1619249
1618725
1617938
1617469
1616617
1616126
1615508
1615059
1614801
1613932
1613509
1613117
1612713
1612125
1611508
1611279
1610896
1610409
1610062
1609362
1608504
1607878
1607453
1606781
1606330
1605896
1605405
1605023
1604330
1603865
1603383
1602770
1602284
1601685
1601327
1600739
1599860
1599209
1598611
1597864
1597333
1596784
1596492
1595865
1595409
1595169
1594523
1594334
1593655
1593286
1592821
1592257
1591853
1591635
1591476
1591099
1590790
1590243
1589643
1589228
1588894
1588514
1587959
1587631
1587000
1586587
1586251
1585873
1585395
1585227
1584671
1584390
1583838
1583468
1583128
1582547
1582157
1581979
1581496
1581126
1580652
1580401
1579946
1579794
1579235
1579027
1578597
1578070
1577694
1576819
1576241
1575747
1575250
1574980
1574670
1574083
1573618
1573192
1572719
1572491
1571937
1571602
1571242
1570779
1570353
1570019
1569828
1569605
1569085
1568675
1568436
1567862
1567710
1567402
1567085
1566538
1566270
1565895
1565365
1564944
1564652
1564277
1563820
1563439
1562860
1562455
1562063
1561402
1560681
1560265
1560046
1559583
1559184
1558692
1558043
1557607
1557320
1556904
1556441
1555939
1555426
1555167
1554890
1554434
1554058
1553661
1553418
1552983
1552460
1552223
1551385
1551079
1550478
1549942
1549705
1549463
1549227
1548879
1548538
1548171
1547729
1547542
1546914
1546731
1546415
1546063
1545756
1545584
1545173
1544698
1544471
1544275
1543846
1543798
1543656
1543263
1542975
1542757
1542142
1541533
1541049
1540426
1539969
1539531
1539222
1538763
1538261
1538179
1538136
1538108
1538077
1538048
1537984
1537384
1536916
1536344
1536089
1535465
1534899
1534470
1533967
1533376
1532927
1532513
1531954
1531587
1531361
1530854
1529928
1529524
1529136
1528801
1528491
1528116
1527684
1527204
1526643
1526080
1525420
1524947
1524467
1524104
1523832
1523399
1522914
1522358
1521787
1521415
1520992
1520496
1520049
1519262
1518744
1518505
1518108
1517812
1517455
1517051
1516905
1516496
1515853
1515508
1514930
1514591
1514093
1513727
1513443
1513164
1513011
1512561
1512176
1511923
1511432
1511136
1510705
1510261
1510067
1509555
1509157
1508757
1508460
1507847
1507510
1507186
1506511
1505841
1505478
1505048
1504490
1504158
1503750
1503203
1502803
1502406
1501868
1501284
1500619
1500223
1499695
1499434
1499074
1498693
1498293
1497864
1497526
1497009
1496476
1496228
1495886
1495660
1495266
1494860
1494285
1494054
1493409
1493074
1492540
1492188
1491406
1490722
1490306
1489854
1489424
1489087
1488643
1488394
1487937
1487299
1486370
1485862
1485540
1485360
1484877
1484239
1483975
1483621
1482967
1482329
1481892
1481593
1481174
1480772
1480218
1479899
1479401
1478847
1478294
1477783
1477360
1476838
1476434
1476067
1475604
1475359
1474623
1474217
1473946
1473623
1473065
1472562
1472144
1471609
1471442
1471161
1470505
1470159
1469811
1469295
1468827
1468306
1467975
1467520
1467123
1466957
1466576
1466129
1465926
1465585
1465141
1464907
1464424
1464176
1463772
1463576
1463242
1463052
1462626
1462287
1461990
1461609
1461029
1460516
1459801
1459293
1458756
1458128
1457725
1457212
1456460
1456233
1455519
1455264
1454636
1454178
1454052
1453680
1453449
1452945
1452614
1452254
1451676
1451399
1451005
1450680
1450203
1450055
1449675
1449464
1448966
1448556
1448431
1448042
1447481
1446906
1446369
1445775
1445569
1445177
1444593
1444303
1443813
1443467
1443288
1442811
1442443
1442124
1441784
1441378
1440927
1440258
1439693
1439490
1439216
1438693
1438351
1438085
1437776
1437417
1437047
1436762
1436221
1435803
1435497
1435001
1434589
1434164
1433543
1432879
1432708
1432063
1431631
1431330
1430650
1430096
1429859
1429302
1428722
1428121
1427813
1427323
1426999
1426875
1426512
1425933
1425440
1424931
1424822
1424720
1424636
1424320
1423804
1423312
1422854
1422452
1421938
1421495
1421102
1420706
1420293
1419584
1419142
1418547
1418162
1417615
1417332
1416791
1416361
1415924
1415582
1415190
1414839
1414376
1413866
1413576
1413233
1412710
1412168
1411672
1411385
1410960
1410343
1410069
1409690
1409218
1408788
1408485
1407712
1406911
1406372
1405637
1405262
1404897
1404070
1403189
1402851
1402119
1401738
1401392
1401141
1400777
1399981
1399446
1398642
1398379
1397988
1397562
1396851
1396376
1396003
1395576
1395018
1394702
1394372
1394056
1393360
1392460
1391903
1391419
1390836
1390584
1390243
1389684
1389137
1388558
1388072
1387632
1387171
1386375
1385954
1385496
1384694
1384237
1383502
1382862
1382567
1382171
1381906
1381444
1380840
1380043
1379462
1378963
1378634
1377972
1377292
1376753
1376319
1375453
1374988
1374702
1374140
1373573
1373089
1372799
1372297
1371854
1371100
1370635
1370339
1369843
1369352
1368768
1368348
1367867
1367347
1366554
1365928
1365460
1364650
1364380
1363548
1362924
1362567
1361722
1361389
1360544
1360025
1359457
1358978
1358699
1358673
1358324
1358139
1357701
1357011
1356427
1355606
1354945
1354567
1354047
1353630
1353055
1352481
1352206
1351837
1351418
1350630
1350122
1349671
1348925
1348322
1348095
1347719
1347401
1346963
1346217
1345530
1344877
1344293
1343837
1343372
1342808
1342626
1342245
1342046
1341812
1341375
1341144
1340833
1340480
1340059
1339886
1339528
1339205
1338954
1338728
1338506
1338158
1337759
1337517
1337103
1336563
1336045
1335523
1335255
1334812
1334687
1334321
1333909
1333582
1333001
1332069
1331442
1330964
1330379
1329774
1329017
1328821
1328389
1327752
1327389
1326866
1326346
1325644
1324877
1324380
1323859
1323451
1323172
1323097
1323018
1322726
1322667
1321868
1321524
1320989
1320280
1319631
1319353
1318732
1318219
1317579
1317262
1316585
1316180
1315675
1315060
1314633
1314236
1313600
1313093
1312868
1312465
1312103
1311613
1311144
1310794
1310324
1309900
1309620
1309430
1309018
1308493
1308089
1307603
1307014
1306779
1306454
1306012
1305658
1305248
1304694
1304135
1303978
1303823
1303376
1302640
1302149
1301734
1301324
1300760
1300338
1299990
1299360
1298786
1298179
1297747
1297456
1297101
1296742
1296574
1296111
1295695
1295383
1294937
1294405
1294279
1294219
1293900
1293436
1292915
1292483
1292028
1291738
1290975
1290632
1290131
1289643
1289033
1288540
1288177
1287727
1287335
1286927
1286629
1286277
1285809
1285446
1285173
1284821
1284421
1283999
1283735
1283156
1282718
1282210
1281471
1281196
1280676
1280412
1280373
1280335
1279760
1279246
1278647
1278391
1278215
1278131
1277756
1277410
1277239
1276684
1276407
1275830
1275504
1275132
1274772
1274302
1273928
1273392
1273094
1272782
1272550
1272306
1272020
1271875
1271521
1271416
1271193
1270912
1270780
1270643
1270243
1270124
1269972
1269552
1269305
1269001
1268831
1268677
1268388
1267886
1267537
1267274
1266956
1266596
1266158
1265818
1265476
1265092
1264654
1264196
1263789
1263497
1263195
1262768
1262522
1262351
1262034
1261552
1261267
1260849
1260466
1260326
1260035
1259635
1259421
1258923
1258517
1258162
1257806
1257362
1256918
1256670
1255853
1255350
1254512
1254064
1252943
1252004
1250955
1250248
1249420
1248590
1247827
1247005
1246519
1246194
1246024
1245502
1245058
1244761
1244442
1244119
1243617
1243218
1243108
1242762
1242477
1242055
1241693
1241520
1241239
1240755
1240381
1240120
1239814
1239485
1239203
1238938
1238611
1238170
1237718
1237406
1236941
1236856
1236340
1236033
1235572
1235360
1235227
1234827
1234483
1234408
1234313
1234225
1233779
1233654
1233270
1232839
1232587
1231889
1231646
1231376
1230948
1230597
1230387
1229827
1229375
1229038
1228750
1228431
1228199
1227871
1227714
1227518
1227252
1226965
1226666
1226288
1225681
1225161
1224617
1224328
1224111
1223703
1223073
1222641
1222232
1221965
1221289
1220721
1220412
1220050
1219597
1219185
1218739
1218321
1217769
1217457
1217345
1216780
1216379
1215985
1215291
1214888
1214529
1214266
1213775
1213522
1212860
1212191
1211788
1211386
1211084
1210574
1210156
1209704
1208948
1208835
1208341
1208177
1208040
1207791
1207450
1207400
1207081
1206908
1206619
1206300
1205857
1205430
1204923
1204028
1203584
1203076
1202662
1202177
1201423
1201227
1200746
1200114
1199880
1199505
1198982
1198601
1198189
1197900
1197402
1197068
1196678
1196120
1195595
1195204
1194702
1194563
1194394
1193937
1193789
1193502
1193438
1193142
1192919
1192691
1192086
1191566
1191134
1190791
1190397
1189960
1189387
1189027
1188567
1188146
1187603
1187351
1186816
1186529
1186368
1186050
1185733
1185562
1185374
1185157
1184791
1184548
1184129
1183648
1183334
1182973
1182545
1182107
1181726
1181360
1180971
1180569
1180315
1179860
1179369
1178883
1178279
1177614
1176906
1176629
1176579
1176536
1176392
1176242
1175996
1175830
1175675
1175205
1174894
1174538
1174071
1173698
1173221
1172931
1172529
1172477
1172086
1171769
1171497
1171221
1170837
1170450
1170012
1169711
1169435
1169141
1168830
1168535
1168252
1168021
1167640
1167451
1167189
1167004
1166705
1166490
1166075
1165851
1165486
1165250
1164898
1164594
1164359
1164165
1163920
1163637
1163305
1163077
1162747
1162426
1162066
1161693
1161398
1160864
1160448
1159965
1159448
1159237
1159124
1159016
1158981
1158551
1158189
1157764
1157386
1156888
1156386
1156062
1155433
1154965
1154692
1154130
1153526
1152920
1152368
1151975
1151356
1150925
1150488
1150270
1149468
1148836
1148360
1148087
1147854
1147735
1147346
1147079
1147022
1146972
1146436
1146036
1145679
1145139
1144437
1144087
1143715
1143246
1142779
1142426
1141708
1141158
1140975
1140672
1140241
1139824
1139141
1138711
1138172
1137803
1137322
1136807
1136274
1135667
1135015
1134740
1134286
1133755
1133090
1132516
1131935
1131595
1131199
1130835
1130396
1129911
1129405
1129026
1128631
1128195
1127655
1126982
1126492
1125968
1125478
1125258
1124938
1124393
1124233
1123944
1123569
1123218
1123170
1122908
1122498
1122214
1121854
1121722
1121109
1120445
1119971
1119194
1118848
1118477
1118107
1117728
1117281
1117152
1116861
1116258
1115912
1115380
1115096
1114680
1114192
1113799
1113555
1113377
1113142
1112789
1112379
1112067
1111679
1111528
1111223
1110603
1110167
1109887
1109409
1109115
1108615
1108384
1108033
1107940
1107439
1106984
1106796
1106471
1106079
1105700
1105261
1104849
1104651
1104309
1103927
1103746
1103394
1103030
1102714
1102517
1102167
1102120
1101794
1101530
1101268
1101023
1100798
1100548
1100272
1099850
1099429
1098946
1098403
1097579
1097190
1096951
1096362
1095688
1095159
1094598
1094035
1093730
1093477
1093384
1092884
1092411
1091827
1091538
1090882
1090738
1090062
1089496
1089154
1088875
1088277
1087730
1087335
1086862
1086458
1086200
1085845
1085379
1085112
1084770
1084230
1083792
1083079
1082731
1082656
1082602
1082213
1081645
1080857
1080261
1079746
1079161
1078741
1078366
1078015
1077496
1077167
1076783
1076718
1076543
1076232
1075927
1075746
1075312
1074949
1074554
1074008
1073728
1073442
1073123
1072559
1072167
1071747
1071431
1071039
1070857
1070456
1070081
1069755
1069507
1069335
1068904
1067944
1067284
1066712
1066547
1066230
1065754
1065320
1065122
1064783
1064422
1063842
1063633
1062990
1062755
1062358
1062029
1061688
1061409
1060987
1060311
1059943
1059590
1059167
1058833
1058678
1058568
1058349
1058071
1057781
1057324
1057052
1056804
1056631
1056429
1055977
1055287
1054937
1054716
1054219
1053894
1053719
1053169
1052873
1052475
1052102
1051959
1051745
1051307
1050800
1050441
1049958
1049612
1049371
1049076
1048910
1048641
1048338
1047997
1047896
1047555
1047257
1046865
1046343
1046056
1045671
1045145
1044751
1044451
1044174
1043979
1043538
1043157
1042772
1042515
1042136
1041638
1041125
1040567
1040216
1039917
1039517
1039140
1038593
1038169
1037772
1037249
1036779
1036440
1036035
1035726
1035549
1035132
1034901
1034641
1034312
1034124
1033737
1033329
1033043
1032702
1032384
1032092
1031845
1031611
1031259
1030909
1030539
1030444
1030187
1029888
1029497
1029297
1029260
1028946
1028859
1028573
1028203
1027939
1027578
1027269
1026905
1026791
1026680
1026651
1026470
1026137
1026002
1025672
1025407
1025042
1024710
1024503
1024127
1023777
1023326
1023084
1022821
1022582
1022312
1022086
1021887
1021605
1021407
1021067
1020770
1020679
1020464
1020250
1019772
1019478
1019234
1018912
1018719
1018409
1018039
1017813
1017548
1017163
1016829
1016568
1016390
1016109
1015701
1015578
1015235
1015145
1014806
1014505
1014298
1013946
1013615
1013359
1012960
1012785
1012505
1012336
1012044
1011666
1011492
1011405
1010955
1010667
1010304
1010130
1009819
1009593
1009406
1009136
1008805
1008564
1008251
1008001
1007475
1007144
1006709
1006222
1005833
1005551
1005314
1005097
1004771
1004590
1004080
1003822
1003299
1003002
1002623
1002585
1002334
1002121
1001726
1001466
1001155
1000970
1000543
1000244
1000005
999601
999421
998994
998752
998484
998322
998136
998108
997926
997346
997035
996736
996462
996065
995674
995360
995100
994801
994471
993868
993744
993505
993135
992858
992477
992109
991812
991454
991193
990726
990408
989955
989736
989366
989022
988747
988454
988177
987919
987711
987588
987242
986953
986574
986282
986241
986215
986184
985896
985650
985319
985062
985024
984636
984394
984078
983764
983683
983341
982902
982570
982159
981927
981543
981192
981051
980581
980332
979994
979699
979566
979283
978950
978594
978375
978073
977717
977526
977113
976895
976563
976192
976060
975763
975237
974783
974540
974116
973850
973582
973367
973024
972576
972406
972047
971768
971404
970999
970586
970234
969927
969471
968914
968625
968249
967829
967595
967402
967208
966866
966703
966511
966322
966064
965828
965638
965454
965189
964945
964618
964213
963780
963442
963041
962602
962260
961963
961669
961416
960996
960791
960619
960310
960073
959700
959452
959234
959105
958799
958567
958290
958079
958043
957729
957450
957280
957105
956865
956600
956533
956494
956330
956063
955674
955180
954939
954565
954220
953899
953841
953792
953621
953395
953364
953187
952894
952751
952385
952010
951829
951519
951307
950991
950804
950448
950122
949866
949522
948898
948690
948316
947756
947325
947116
946815
946479
946190
945883
945538
945047
944681
944063
943857
943286
942863
942207
941664
941453
941055
940781
940444
940028
939353
939035
938674
938368
937888
937785
937451
936869
936519
936343
936100
935776
935218
934870
934265
933935
933801
933530
933236
932774
932367
931734
931392
931169
930744
930524
930163
929568
929183
929092
928923
928655
928422
928144
927811
927368
927046
926773
926288
925898
925298
925047
924776
924576
924006
923710
923133
922844
922445
922074
921429
920967
920599
920398
920117
919889
919833
919700
919670
919539
919323
919221
919145
918871
918813
918603
918531
918274
917881
917645
917268
917160
916929
916783
916494
916133
915676
915276
914943
914652
914373
914083
913771
913481
913144
912709
912264
912022
911716
911389
911146
910916
910672
910324
909928
909735
909287
908880
908584
908386
908274
907997
907609
907232
907063
906526
906190
905919
905633
905520
905150
904998
904450
904020
903630
903294
902680
901862
901567
901091
900734
900196
899859
899561
899065
898635
898175
897866
897305
896999
896633
896502
896297
896018
895838
895553
895242
894952
894657
894409
894270
893878
893449
893138
892807
892422
892260
891953
891646
891364
891077
890744
890607
890401
890064
889832
889405
889047
888733
888652
888546
888188
888060
887812
887418
887260
887006
886759
886328
885900
885317
884975
884647
884173
883820
883357
882805
882206
881830
881311
881004
880621
880278
879868
879485
879185
878526
877909
877501
877042
876408
875875
875542
874774
874107
873816
873412
872888
872568
872249
871914
871550
871208
870896
870354
869492
869101
868870
868555
867748
867057
866549
865992
865520
865380
864927
864026
863585
862814
862590
862462
861931
861525
861437
861153
860845
860211
859735
859258
858950
858534
858228
857877
857479
856964
856754
856393
855875
855328
855159
854763
854036
853666
853136
852960
852707
852226
851923
851504
851133
850583
850064
849872
849347
849064
848591
848217
847898
847495
847267
846943
846741
846427
846111
845714
845155
845046
844765
844618
844433
844221
844051
843811
843578
843416
843169
843036
842931
842727
842621
842433
842076
841861
841591
841247
840883
840622
840548
840071
839483
838984
838280
837916
837345
836820
836599
836038
835733
835341
834782
834275
834243
833716
833355
832572
831881
831339
830722
830208
829782
829329
828717
828215
827958
827587
827058
826416
825934
825483
825210
824766
824267
823974
823454
822992
822640
822316
821786
821202
820543
820106
819902
819717
819162
818548
818069
817713
817179
816363
815861
815504
815282
814708
814673
814327
814171
813756
813419
813300
813097
812930
812784
812506
812139
811712
811466
811187
810806
810770
810403
809799
809515
808861
808614
808446
808235
807981
807220
806775
806416
806017
805714
805370
804769
804383
804105
803609
803441
803256
802895
802552
802143
801888
801565
800987
800768
800299
799688
799220
798512
798182
797863
797365
796789
796229
795921
795270
794701
794245
794022
793614
792988
792624
791948
791541
791502
791405
791037
790509
790019
789646
789148
788656
788260
787803
787452
787088
786467
785881
785032
784843
784321
783946
783402
783048
782601
782516
782064
781682
781355
780965
780506
780086
779632
779277
778996
778333
778104
777985
777542
777251
776664
776351
775736
775588
775365
775191
775001
774789
774571
774470
774295
773899
773689
773414
773138
772770
772505
772119
771893
771571
771262
770930
770471
770196
769891
769499
769070
768582
768276
768225
767970
767554
767212
766971
766618
765927
765496
765161
764745
764431
764136
763968
763605
763108
762694
762248
762090
761602
761245
760750
760305
760271
760033
759742
759501
759264
758888
758777
758445
758048
757616
757221
756961
756567
756233
755774
755392
754627
754145
753944
753907
753727
753196
752778
752297
751901
751674
751145
750548
749905
749337
748675
748106
747657
747075
746410
745736
745367
744603
743802
743393
742933
742321
741669
741113
740838
740521
740325
739974
739459
739088
738881
738734
738483
738216
738051
737811
737584
737301
736708
736241
735935
735632
735088
734701
734142
733910
733478
733150
732708
731970
731729
731292
731102
730696
730366
729929
729373
728870
728390
728051
727759
727208
726804
726263
725889
725299
725009
724918
724602
724321
723941
723645
723486
723326
722893
722323
722104
721836
720812
720377
719736
719115
718757
718649
718501
717892
717471
716942
716643
716360
716002
715344
715025
714248
713759
713420
713036
712376
711972
711616
711292
710197
709877
709752
709166
708528
707917
707393
707085
706823
706582
705936
705434
705102
704919
704733
704321
703709
703041
702401
701642
700901
699913
699587
698808
698345
698008
697622
697239
697138
696998
696122
695417
694702
694099
693196
692683
692292
691584
691007
690461
690113
689343
688790
688357
687937
687654
687339
687135
686969
686822
686474
686171
685988
685614
685077
684493
684164
683463
683356
682867
682524
681953
681232
680614
680093
679787
679415
678979
678600
678190
677837
677216
676465
676100
675581
675131
674810
674222
673848
673331
672885
672507
672206
671655
671286
670916
670239
669686
669357
668974
668581
668170
667450
667066
666231
665888
665346
664594
663709
663049
662216
661801
661174
660858
660411
659464
658549
658156
657774
657079
656692
655985
654990
2088647
2087529
2087488
2087449
2087141
2086212
2085336
2084358
2084050
2083488
2082961
2082354
2081744
2081069
2080664
2080163
2079820
2079228
2078415
2077457
2077304
2076410
2075684
2074947
2074333
2073851
2073390
2073034
2072313
2071591
2070731
2070387
2069879
2069424
2069151
2068501
2067821
2067452
2066897
2066238
2065389
2064768
2063649
2063156
2062728
2061743
2060485
2060075
2059552
2058722
2058218
2057444
2056697
2055820
2055032
2054598
2054183
2053515
2053229
2052736
2051959
2050994
2050332
2049426
2048922
2048308
2048077
2047671
2046985
2046203
2045592
2044640
2043744
2043159
2042272
2041296
2040383
2039513
2038606
2037847
2036779
2036098
2035460
2034674
2034157
2033672
2032695
2031636
2030462
2029699
2029144
2028441
2027742
2027093
2026371
2025546
2025185
2024550
2023802
2022897
2022363
2021745
2020771
2020058
2019430
2018863
2018396
2018113
2018060
2017761
2017338
2016864
2016294
2015846
2014889
2014255
2013665
2013104
2012205
2011550
2010907
2010261
2009162
2008896
2008071
1982543
1964970
1936155
1923662
1901688
1869942
1851670
1836891
1809663
1795450
1772415
1756882
1747919
1735141
1694157
1662727
1621958
1602955
1585064
1573194
1548844
1523745
1511969
1488401
1470990
1461889
1416747
1402534
1390208
1371863
1358708
1339809
1328689
1314366
1290647
1269395
1254059
1236340
1215242
1192988
1179969
1162236
1148360
1122283
1102932
1088575
1074616
1061466
1032437
1029410
1026434
1023863
1021654
1019277
1017216
1014801
1012960
1010180
1008313
1005829
1003609
1001931
1000211
998808
996997
995103
993744
992345
989852
987711
985898
984079
981276
979027
976650
974674
972068
969724
967589
965175
962785
959920
957096
955618
952058
949541
946875
944287
941743
938491
935794
932951
928208
922998
915545
911583
