2007289
2006710
2006393
2005388
2005075
2004440
2003494
2002756
2002338
2001631
2000791
2000020
1999652
1999171
1998403
1997610
1996800
1996418
1995903
1995250
1994341
1993858
1993128
1992473
1991692
1991123
1990769
1989960
1989205
1988468
1988175
1987474
1986801
1986420
1985925
1985851
1985518
1984868
1984534
1983921
1983341
1982543
1981940
1981234
1980822
1980047
1979013
1978421
1977654
1976875
1976368
1975766
1975511
1974696
1974193
1973755
1973190
1972295
1972088
1971733
1971247
1970682
1970385
1969859
1969098
1968666
1968148
1967263
1966553
1965934
1965194
1964597
1963884
1963240
1962616
1961882
1961406
1960818
1960070
1958930
1958203
1957256
1956744
1955822
1955355
1954415
1953624
1953207
1952803
1952209
1951511
1950475
1950148
1949354
1948470
1947825
1947217
1946213
1945478
1944598
1944214
1943498
1943095
1942276
1942049
1941467
1940941
1940851
1940651
1940041
1939431
1939032
1938368
1937253
1936714
1936290
1935634
1935197
1934598
1934119
1933833
1933119
1932601
1932056
1931339
1931182
1930780
1930004
1929447
1929005
1928593
1927943
1926870
1926468
1925973
1925198
1924730
1924001
1923136
1922584
1921869
1921228
1920792
1920495
1920331
1919973
1919778
1919293
1918581
1917856
1917035
1916459
1915801
1915036
1914708
1914394
1914140
1913700
1913201
1912667
1912387
1911913
1911116
1910487
1910240
1909706
1909152
1908451
1908067
1907609
1907188
1906403
1906145
1905609
1904854
1904541
1904068
1903446
1902804
1902464
1901753
1901048
1900304
1899539
1898816
1898384
1897832
1896762
1896091
1895434
1895101
1894377
1893804
1892788
1891733
1891270
1890453
1889932
1889486
1889153
1888704
1888219
1887474
1886923
1886458
1885675
1885132
1884662
1884080
1883586
1883364
1882629
1881940
1881313
1880524
1879878
1879163
1878647
1877908
1877576
1877132
1876521
1875725
1875391
1874774
1874256
1873597
1872767
1872034
1871576
1871032
1870201
1869773
1869188
1868573
1867937
1867192
1866646
1866208
1865610
1864888
1864685
1863958
1863556
1863010
1862360
1861921
1861453
1860955
1860403
1859958
1859443
1859073
1858779
1858262
1857888
1857323
1856766
1856262
1855863
1855561
1855206
1854747
1854472
1854043
1853737
1853367
1853089
1852632
1852372
1851794
1851384
1851127
1850712
1850224
1849765
1849422
1848964
1848607
1848308
1847900
1847467
1847313
1847042
1846428
1845570
1845229
1844567
1843836
1843391
1843030
1842713
1842439
1842195
1842076
1841642
1841210
1840639
1840093
1839773
1839475
1839192
1838557
1838136
1837891
1837638
1837008
1836771
1836248
1835825
1835431
1835045
1834585
1834048
1833410
1833045
1832533
1832262
1831837
1831379
1830619
1830170
1829747
1829404
1829043
1828649
1828138
1827453
1827163
1826209
1825692
1824962
1824429
1824037
1823566
1823301
1822901
1822577
1822006
1821321
1821032
1820613
1820271
1819669
1819053
1818692
1818123
1817862
1817264
1816908
1816501
1816187
1815742
1815349
1814992
1814760
1814077
1813835
1813492
1813129
1812902
1812574
1811981
1811443
1811232
1810780
1810434
1810012
1809574
1808991
1808499
1807897
1807495
1807116
1806800
1806240
1805854
1805655
1805133
1804806
1804330
1804188
1803627
1803213
1802974
1802425
1802163
1801662
1801390
1800960
1800535
1800248
1799958
1799660
1799117
1798612
1798258
1797533
1796887
1796265
1795892
1795340
1795015
1794243
1793780
1793288
1792747
1792244
1791937
1791653
1790890
1790296
1789593
1788968
1788682
1788161
1787484
1787223
1786935
1786405
1786175
1785678
1785043
1784695
1784282
1783768
1783328
1782842
1782468
1781944
1781481
1781197
1780646
1780418
1779925
1779430
1779024
1778510
1777963
1777394
1776691
1776102
1775546
1774866
1774082
1773673
1773241
1772756
1772408
1771999
1771467
1770991
1770570
1770037
1769427
1768946
1768124
1767724
1767272
1766818
1766537
1766131
1765434
1764892
1764195
1763838
1763296
1762728
1762379
1762004
1761679
1761053
1760464
1760115
1759573
1758999
1758709
1758281
1757952
1757449
1756960
1756722
1755902
1755416
1754906
1754372
1754041
1753417
1753105
1752853
1752548
1751913
1751510
1750885
1750792
1750197
1749726
1749360
1748704
1747974
1747372
1746901
1746576
1746221
1745675
1745195
1744870
1744597
1744271
1743927
1743259
1742931
1742026
1741547
1741269
1740451
1739714
1739204
1738113
1737607
1737079
1736401
1735999
1735900
1735774
1735191
1735018
1734627
1734253
1733561
1733212
1732653
1732115
1731459
1731000
1730669
1730257
1730068
1729692
1729109
1728729
1728318
1727888
1727385
1726808
1726112
1725989
1725508
1724971
1724557
1723981
1723532
1723073
1722294
1721456
1720819
1720301
1719626
1718853
1718495
1718061
1717876
1717173
1716817
1716349
1716069
1715367
1714969
1714274
1713580
1713175
1712712
1712296
1711764
1711231
1710775
1710292
1709517
1708944
1708641
1707866
1707475
1706703
1705942
1705424
1704954
1703840
1703098
1702712
1702324
1701922
1701665
1701160
1700705
1700309
1699776
1699090
1698815
1698162
1697706
1697401
1696957
1696767
1696606
1696231
1695463
1695170
1694301
1694157
1693770
1692798
1692369
1691726
1691159
1690802
1690263
1689620
1688974
1688366
1688053
1687413
1686977
1686494
1686013
1685477
1685016
1684460
1683761
1683131
1682518
1681617
1681060
1680298
1679608
1679153
1678283
1677686
1677097
1676610
1675991
1675379
1675013
1674366
1673566
1672813
1672279
1671851
1671180
1670837
1670088
1669518
1668906
1668104
1667529
1667044
1666600
1666172
1665960
1665291
1664635
1664247
1663817
1663061
1662783
1662431
1661900
1661616
1661024
1660671
1660162
1659577
1659058
1658097
1657333
1656728
1656299
1655863
1655314
1654847
1654195
1653828
1653180
1652591
1652032
1651330
1650735
1650103
1649649
1649411
1648729
1647987
1647607
1647309
1646690
1646154
1645602
1645304
1644663
1644146
1643369
1642732
1642222
1641683
1641103
1640595
1639921
1639310
1638748
1638157
1637814
1637154
1636609
1636163
1635538
1635105
1634589
1633980
1633487
1633066
1632557
1632210
1631765
1631358
1630978
1630643
1630226
1629856
1629570
1629336
1628852
1628597
1627900
1627435
1627061
1626688
1626236
1625983
1625590
1625280
1624617
1624388
1623629
1623063
1622926
1622498
1622144
1621563
1621331
1620687
1620181
1619475
1619067
1618577
1617851
1617044
1616492
1615995
1615377
1614940
1614493
1613659
1613455
1612932
1612563
1611950
1611449
1611171
1610570
1610292
1609824
1609316
1608388
1607736
1607228
1606683
1606211
1605796
1605344
1604680
1604260
1603746
1603267
1602659
1602203
1601616
1601165
1600557
1599431
1599201
1598404
1597803
1597152
1596697
1596404
1595817
1595363
1595056
1594508
1594195
1593503
1593130
1592728
1592141
1591796
1591532
1591305
1591076
1590499
1590166
1589544
1589127
1588733
1588397
1587802
1587496
1586920
1586505
1586028
1585828
1585283
1585076
1584611
1584307
1583801
1583357
1582961
1582457
1582074
1581773
1581318
1581077
1580518
1580299
1579865
1579564
1579088
1578786
1578468
1577984
1577310
1576691
1576005
1575613
1575147
1574915
1574524
1573913
1573379
1573039
1572644
1572185
1571899
1571497
1571095
1570656
1570255
1570008
1569808
1569490
1569045
1568545
1568323
1567830
1567651
1567249
1566881
1566521
1566086
1565786
1565246
1564862
1564606
1564219
1563659
1563325
1562729
1562256
1561949
1561125
1560586
1560189
1559860
1559404
1559032
1558417
1557943
1557509
1557153
1556795
1556293
1555784
1555340
1555111
1554662
1554303
1553963
1553565
1553129
1552845
1552440
1551933
1551282
1550931
1550416
1549842
1549552
1549391
1549111
1548788
1548335
1548116
1547679
1547364
1546854
1546608
1546379
1545944
1545718
1545343
1545024
1544636
1544432
1544133
1543827
1543783
1543573
1543213
1542839
1542479
1541953
1541349
1540972
1540318
1539878
1539490
1539125
1538583
1538204
1538166
1538127
1538099
1538067
1538040
1537790
1537282
1536650
1536318
1535879
1535374
1534723
1534340
1533719
1533163
1532808
1532290
1531821
1531467
1531117
1530587
1529838
1529351
1529052
1528692
1528279
1528071
1527594
1527003
1526424
1526015
1525352
1524864
1524424
1524092
1523615
1523123
1522710
1522197
1521706
1521309
1520942
1520353
1519853
1519103
1518707
1518468
1517982
1517771
1517375
1517003
1516865
1516358
1515792
1515455
1514871
1514404
1514025
1513555
1513385
1513122
1512925
1512479
1512114
1511803
1511341
1510944
1510567
1510195
1509914
1509474
1509108
1508697
1508307
1507768
1507355
1506954
1506270
1505740
1505207
1504860
1504392
1504069
1503558
1502955
1502663
1502283
1501799
1501136
1500513
1500115
1499632
1499344
1498978
1498583
1498173
1497790
1497322
1496814
1496441
1496078
1495752
1495569
1495215
1494739
1494230
1493707
1493294
1492968
1492503
1491910
1491286
1490652
1490243
1489786
1489306
1488988
1488567
1488293
1487830
1486818
1486191
1485793
1485501
1485202
1484653
1484167
1483879
1483510
1482724
1482188
1481865
1481456
1481006
1480717
1480143
1479683
1479267
1478714
1478051
1477644
1477273
1476807
1476222
1475908
1475547
1475245
1474558
1474132
1473817
1473524
1472995
1472372
1472052
1471552
1471346
1470933
1470421
1470087
1469543
1468968
1468728
1468240
1467911
1467484
1467076
1466853
1466387
1466059
1465724
1465523
1465033
1464845
1464371
1464084
1463735
1463475
1463187
1462937
1462540
1462187
1461812
1461237
1460798
1460131
1459607
1459227
1458617
1457995
1457601
1457086
1456375
1456003
1455453
1455035
1454536
1454087
1453998
1453652
1453398
1452862
1452423
1452010
1451598
1451278
1450878
1450631
1450140
1450000
1449540
1449386
1448919
1448541
1448380
1447848
1447411
1446781
1446255
1445696
1445542
1445118
1444554
1444181
1443762
1443413
1443219
1442754
1442259
1442007
1441728
1441278
1440819
1440182
1439597
1439437
1439095
1438659
1438280
1438048
1437707
1437361
1436910
1436541
1436081
1435771
1435414
1434957
1434516
1434054
1433459
1432734
1432677
1431931
1431574
1431078
1430497
1430038
1429733
1429119
1428563
1428054
1427601
1427287
1426965
1426832
1426382
1425694
1425364
1424902
1424791
1424696
1424554
1424213
1423649
1423173
1422766
1422297
1421670
1421403
1420940
1420493
1420055
1419461
1418860
1418529
1417998
1417492
1417260
1416747
1416317
1415791
1415406
1414971
1414703
1414170
1413746
1413476
1413133
1412641
1412066
1411474
1411367
1410840
1410267
1409886
1409617
1409129
1408605
1408316
1407265
1406639
1406077
1405601
1405006
1404707
1403770
1403097
1402581
1402052
1401726
1401337
1400990
1400507
1399856
1398989
1398551
1398281
1397933
1397372
1396745
1396338
1395864
1395482
1394900
1394629
1394265
1393838
1393264
1392366
1391832
1391308
1390794
1390509
1390185
1389514
1388937
1388469
1387899
1387533
1386702
1386113
1385848
1385424
1384434
1384139
1383334
1382782
1382484
1382057
1381838
1381224
1380436
1379931
1379336
1378876
1378368
1377802
1377259
1376681
1376200
1375196
1374975
1374494
1373988
1373432
1372985
1372756
1372230
1371675
1371012
1370552
1370269
1369600
1369138
1368684
1368179
1367845
1367081
1366349
1365783
1365305
1364570
1364123
1363437
1362827
1362430
1361644
1361246
1360364
1359728
1359358
1358932
1358693
1358433
1358175
1358101
1357585
1356938
1356268
1355450
1354823
1354347
1353911
1353563
1352903
1352434
1352044
1351548
1351269
1350468
1350004
1349508
1348799
1348278
1348057
1347610
1347186
1346915
1345879
1345330
1344670
1344092
1343805
1343253
1342704
1342547
1342194
1341952
1341581
1341326
1341091
1340713
1340250
1339997
1339778
1339430
1339103
1338863
1338674
1338337
1338017
1337701
1337323
1336957
1336434
1335920
1335419
1335028
1334758
1334639
1334252
1333821
1333401
1332627
1332013
1331360
1330735
1330216
1329515
1328959
1328743
1328183
1327654
1327348
1326738
1326147
1325260
1324824
1324265
1323807
1323357
1323133
1323088
1322892
1322693
1322492
1321795
1321419
1320909
1319914
1319559
1319249
1318656
1317979
1317541
1317049
1316470
1316073
1315465
1315006
1314403
1313888
1313262
1313056
1312706
1312386
1312006
1311432
1311005
1310682
1310146
1309836
1309569
1309272
1309002
1308249
1307819
1307371
1306973
1306594
1306312
1305882
1305544
1305155
1304498
1304070
1303966
1303658
1303019
1302538
1301927
1301709
1301214
1300640
1300284
1299830
1299141
1298590
1298070
1297696
1297320
1297043
1296665
1296347
1295949
1295649
1295338
1294849
1294371
1294267
1294196
1293876
1293342
1292811
1292326
1291993
1291409
1290880
1290522
1289990
1289473
1288902
1288486
1288029
1287499
1287089
1286839
1286565
1286119
1285773
1285321
1285024
1284663
1284331
1283933
1283598
1283005
1282464
1282002
1281352
1281000
1280645
1280397
1280359
1280274
1279647
1279142
1278625
1278286
1278199
1278053
1277703
1277341
1277149
1276627
1276346
1275707
1275402
1275038
1274525
1274230
1273826
1273367
1273001
1272734
1272426
1272132
1271979
1271740
1271488
1271380
1271025
1270838
1270744
1270563
1270203
1270064
1269790
1269444
1269231
1268943
1268788
1268568
1268145
1267839
1267424
1267072
1266898
1266498
1266074
1265739
1265287
1264856
1264550
1264071
1263694
1263366
1262972
1262710
1262485
1262261
1261787
1261475
1261133
1260740
1260422
1260250
1259930
1259585
1259345
1258690
1258318
1258150
1257672
1257340
1256859
1256577
1255683
1254964
1254228
1253851
1252377
1251680
1250589
1249967
1249311
1248350
1247541
1246758
1246450
1246178
1245829
1245377
1244956
1244713
1244409
1243995
1243585
1243168
1242992
1242703
1242395
1242012
1241680
1241395
1241139
1240633
1240345
1240089
1239755
1239427
1239058
1238887
1238541
1237971
1237566
1237344
1236922
1236804
1236230
1235939
1235503
1235318
1234993
1234746
1234468
1234401
1234302
1233871
1233764
1233512
1233101
1232734
1232312
1231792
1231599
1231272
1230927
1230488
1230119
1229653
1229325
1228908
1228572
1228373
1228075
1227826
1227688
1227402
1227201
1226900
1226569
1226054
1225532
1224915
1224526
1224287
1223958
1223539
1222971
1222583
1222115
1221887
1221208
1220616
1220144
1219972
1219531
1219096
1218580
1218145
1217512
1217428
1217187
1216554
1216226
1215724
1215246
1214792
1214437
1214125
1213672
1213403
1212617
1212169
1211727
1211259
1210880
1210438
1209980
1209464
1208895
1208775
1208323
1208169
1207937
1207535
1207432
1207389
1207031
1206808
1206510
1206074
1205755
1205327
1204423
1203905
1203437
1202913
1202506
1201791
1201321
1201123
1200526
1200037
1199788
1199405
1198876
1198470
1198036
1197598
1197170
1196923
1196596
1196081
1195547
1194879
1194651
1194512
1194341
1193889
1193696
1193482
1193430
1192990
1192898
1192332
1191964
1191404
1190946
1190586
1190367
1189885
1189295
1188921
1188479
1187985
1187477
1187144
1186686
1186484
1186335
1185952
1185641
1185546
1185357
1185037
1184675
1184433
1183873
1183555
1183137
1182745
1182496
1182040
1181673
1181305
1180911
1180466
1180126
1179679
1179251
1178769
1178061
1177388
1176712
1176620
1176568
1176522
1176380
1176152
1175980
1175784
1175600
1175043
1174806
1174288
1173927
1173593
1173148
1172757
1172514
1172323
1172044
1171639
1171331
1171174
1170764
1170334
1169910
1169597
1169346
1168927
1168735
1168462
1168137
1167802
1167583
1167317
1167137
1166950
1166611
1166412
1166025
1165735
1165419
1165168
1164812
1164531
1164293
1164049
1163862
1163420
1163223
1163042
1162659
1162332
1161911
1161511
1161243
1160805
1160335
1159899
1159392
1159199
1159074
1159005
1158855
1158483
1158148
1157709
1157315
1156635
1156270
1155881
1155272
1154924
1154533
1153948
1153376
1152827
1152142
1151712
1151248
1150860
1150382
1150044
1149310
1148722
1148256
1148067
1147848
1147421
1147184
1147068
1147012
1146708
1146228
1145994
1145447
1145064
1144391
1144033
1143625
1143096
1142689
1142302
1141585
1141099
1140857
1140551
1140194
1139604
1139105
1138521
1138063
1137701
1137182
1136698
1136200
1135388
1134963
1134634
1134214
1133516
1132897
1132302
1131731
1131582
1131066
1130763
1130349
1129775
1129142
1128906
1128538
1128125
1127438
1126789
1126435
1125789
1125436
1125198
1124569
1124306
1124192
1123846
1123487
1123209
1123114
1122763
1122341
1122173
1121818
1121357
1120988
1120273
1119790
1119126
1118765
1118419
1117996
1117566
1117256
1117097
1116669
1116191
1115694
1115284
1114948
1114529
1113913
1113720
1113517
1113322
1113131
1112691
1112273
1112005
1111632
1111469
1110912
1110460
1110098
1109747
1109337
1108891
1108559
1108174
1108024
1107726
1107276
1106962
1106737
1106413
1106016
1105603
1105158
1104793
1104595
1104198
1103862
1103547
1103318
1102993
1102623
1102413
1102144
1101990
1101763
1101501
1101172
1100977
1100737
1100475
1100146
1099796
1099270
1098860
1098132
1097504
1097121
1096864
1095882
1095613
1094983
1094310
1093875
1093515
1093466
1093233
1092783
1092315
1091720
1091392
1090789
1090563
1089789
1089397
1089003
1088663
1088169
1087700
1087238
1086600
1086324
1086044
1085706
1085310
1085006
1084565
1084117
1083549
1082991
1082715
1082633
1082571
1082046
1081540
1080514
1080092
1079495
1079087
1078664
1078353
1077944
1077276
1077105
1076755
1076697
1076376
1076183
1075852
1075503
1075090
1074753
1074304
1073893
1073684
1073383
1072977
1072451
1072150
1071696
1071326
1070989
1070768
1070352
1069951
1069720
1069469
1069249
1068360
1067618
1067039
1066563
1066537
1066024
1065624
1065294
1065086
1064680
1064214
1063764
1063436
1062907
1062571
1062154
1061958
1061564
1061298
1060788
1060120
1059823
1059385
1059127
1058796
1058640
1058472
1058329
1058055
1057692
1057299
1056893
1056782
1056557
1056315
1055754
1055224
1054890
1054562
1054166
1053858
1053478
1053116
1052785
1052339
1052066
1051940
1051609
1051151
1050777
1050417
1049826
1049473
1049302
1049002
1048792
1048599
1048295
1047955
1047849
1047431
1047249
1046583
1046220
1045905
1045510
1045034
1044704
1044401
1044127
1043816
1043389
1043059
1042636
1042493
1042081
1041410
1040921
1040524
1040187
1039771
1039455
1039073
1038456
1037918
1037617
1037095
1036733
1036320
1036000
1035688
1035451
1035067
1034775
1034537
1034230
1033914
1033552
1033167
1032818
1032467
1032355
1032044
1031677
1031418
1031086
1030846
1030511
1030365
1030152
1029679
1029418
1029286
1029250
1028914
1028789
1028454
1028105
1027803
1027565
1027198
1026891
1026697
1026673
1026630
1026431
1026104
1025976
1025560
1025335
1024980
1024666
1024432
1023960
1023389
1023240
1023038
1022802
1022470
1022283
1022006
1021820
1021516
1021204
1020991
1020760
1020624
1020458
1020072
1019704
1019358
1019147
1018858
1018469
1018381
1017938
1017705
1017479
1017068
1016773
1016493
1016220
1016001
1015676
1015453
1015197
1015094
1014742
1014481
1014147
1013905
1013547
1013156
1012892
1012711
1012467
1012161
1011988
1011637
1011481
1011248
1010905
1010598
1010216
1010110
1009764
1009532
1009332
1009052
1008779
1008437
1008173
1007843
1007378
1007037
1006558
1006100
1005772
1005403
1005303
1004996
1004757
1004470
1003969
1003573
1003206
1002912
1002611
1002526
1002253
1001963
1001687
1001376
1001046
1000852
1000527
1000207
999881
999583
999379
998975
998706
998424
998172
998127
998043
997625
997303
996997
996629
996380
995921
995626
995265
995061
994731
994265
993853
993600
993376
993061
992708
992411
991962
991706
991447
991036
990534
990227
989856
989590
989216
988895
988662
988405
988127
987892
987648
987533
987143
986736
986369
986263
986234
986206
986175
985732
985635
985200
985052
984994
984565
984222
984029
983703
983565
983214
982704
982418
982134
981896
981450
981093
980853
980479
980218
979963
979683
979518
979166
978845
978534
978324
977752
977688
977386
977075
976865
976488
976101
976004
975587
975060
974752
974224
974085
973812
973529
973272
972952
972550
972348
972001
971686
971204
970800
970389
970147
969727
969376
968849
968464
968104
967807
967585
967386
967087
966827
966628
966436
966202
965983
965710
965596
965383
965137
964826
964466
964103
963764
963333
962865
962515
962210
961855
961568
961217
960857
960761
960534
960270
959982
959693
959384
959177
959004
958691
958518
958205
958068
957996
957672
957444
957209
957092
956773
956578
956521
956455
956282
955982
955455
955150
954883
954483
954110
953873
953834
953772
953543
953387
953349
952926
952884
952706
952325
951957
951692
951480
951289
950893
950577
950334
949900
949715
949400
948717
948462
948162
947525
947291
947090
946733
946431
946153
945646
945362
945028
944530
944032
943816
943199
942709
941992
941626
941334
940866
940648
940209
939887
939309
938943
938567
938204
937872
937727
937200
936772
936444
936273
936009
935620
935164
934571
934200
933920
933740
933424
932994
932719
932316
931639
931297
931058
930586
930452
930094
929480
929154
929085
928834
928485
928392
928114
927726
927187
927025
926600
926163
925645
925216
924914
924619
924482
923974
923486
923053
922774
922318
921780
921380
920888
920528
920355
920052
919869
919814
919692
919604
919528
919303
919170
919037
918860
918806
918558
918509
918228
917837
917537
917259
917063
916917
916726
916434
915910
915466
915176
914888
914580
914124
913925
913738
913463
912902
912548
912190
911957
911591
911306
911082
910903
910554
910263
909883
909549
909225
908746
908554
908301
908256
907875
907441
907160
906867
906445
906138
905736
905609
905439
905059
904730
904339
903747
903584
903223
902544
901797
901516
901065
900530
900146
899726
899450
898900
898370
898049
897631
897210
896943
896601
896459
896237
895968
895688
895340
895131
894924
894631
894378
894142
893685
893413
893058
892769
892358
892167
891888
891531
891325
891025
890666
890576
890317
889981
889600
889220
888984
888726
888618
888521
888157
888035
887724
887382
887191
886863
886591
886182
885862
885217
884883
884454
884017
883686
883136
882668
882096
881781
881279
880961
880584
880207
879741
879393
878846
878368
877896
877419
876928
876233
875805
875460
874418
874049
873737
873201
872882
872528
872186
871871
871453
871152
870616
870056
869418
869064
868822
868491
867436
866951
866308
865956
865479
865300
864682
863884
863390
862778
862564
862341
861694
861513
861282
860969
860598
859971
859682
859147
858908
858447
858179
857725
857385
856911
856510
856223
855641
855252
855033
854607
853997
853469
853104
852940
852670
852096
851730
851406
851050
850400
849993
849647
849250
848954
848458
847992
847803
847463
847229
846864
846620
846361
846040
845642
845084
844990
844719
844591
844303
844187
843895
843770
843557
843333
843109
843002
842900
842678
842576
842379
841984
841771
841509
841202
840750
840612
840445
839796
839463
838809
838237
837728
837137
836744
836439
835959
835667
835118
834457
834266
834151
833587
833101
832260
831713
831152
830586
830048
829693
829301
828410
828148
827831
827458
826823
826210
825833
825364
825036
824670
824109
823677
823405
822951
822448
821981
821695
821091
820419
820063
819878
819542
818909
818491
817976
817648
816989
816330
815685
815372
815027
814689
814568
814316
814073
813518
813389
813289
812998
812918
812711
812430
812035
811615
811427
811056
810795
810715
810325
809749
809325
808823
808600
808426
808193
807652
807077
806691
806284
805837
805588
805178
804619
804377
803989
803524
803344
803227
802691
802541
802017
801852
801345
800940
800669
799983
799611
798956
798438
798111
797804
797321
796692
796149
795821
795010
794637
794188
793897
793403
792969
792398
791880
791530
791490
791161
790878
790299
789938
789545
788952
788488
788207
787707
787276
786850
786300
785665
784987
784622
784226
783684
783216
782763
782589
2088061
2087517
2087475
2087433
2086586
2085921
2084931
2084242
2083681
2083293
2082677
2081930
2081698
2081011
2080469
2080065
2079711
2079066
2078303
2077402
2077073
2076250
2075544
2074846
2074054
2073818
2073367
2072978
2072045
2071364
2070583
2070327
2069654
2069389
2068860
2068185
2067763
2067148
2066653
2066007
2065181
2064561
2063469
2063062
2062563
2061465
2060417
2059806
2059421
2058674
2058047
2057331
2056493
2055724
2055009
2054255
2054002
2053431
2053053
2052198
2051556
2050697
2049821
2049341
2048803
2048239
2047906
2047581
2046906
2046194
2045400
2044517
2043689
2042967
2042100
2041193
2040065
2039115
2038456
2037605
2036626
2035953
2035411
2034577
2033854
2033384
2032605
2030964
2030097
2029371
2028924
2028269
2027538
2026656
2026106
2025483
2025073
2024471
2023524
2022755
2022109
2021306
2020394
2019970
2019402
2018707
2018139
2018097
2018040
2017731
2017206
2016708
2016147
2015335
2014532
2014152
2013595
2012772
2011909
2011299
2010554
2009715
2009100
2008786
1997804
1975957
1959427
1934116
1913093
1887119
1864701
1847900
1828459
1803443
1790890
1764048
1753321
1744829
1721184
1687476
1656335
1616717
1597897
1580518
1564434
1538792
1519806
1509277
1481769
1467714
1450528
1414385
1398464
1385735
1368962
1355269
1337718
1324123
1310475
1286354
1266219
1245299
1232598
1208058
1189429
1173459
1158933
1140150
1115098
1096998
1083193
1069458
1048950
1031531
1028211
1026052
1023060
1020679
1018790
1016530
1014148
1011602
1009858
1007959
1005390
1003005
1001460
999688
998023
996474
994858
993506
991225
989585
987506
985278
983564
980479
978654
976236
973589
971742
969033
967373
964274
961837
959689
957081
954937
950892
949259
945948
943816
940823
938184
933920
932324
925914
921751
914576
907849
878505
829055
782385
776616
774349
771387
767487
764575
761877
759440
756014
752789
749765
746048
742108
739525
737932
735697
733079
730485
727636
724966
723578
722092
719015
717256
715256
712917
710110
707860
705869
704028
700519
697931
695944
692298
689317
687276
686125
683534
681920
679455
