2007483
2006967
2006485
2005786
2005085
2004580
2003588
2003164
2002375
2001811
2000894
2000258
1999724
1999255
1998581
1997742
1996920
1996563
1995983
1995550
1994522
1993932
1993175
1992662
1991916
1991390
1990832
1990020
1989447
1988772
1988228
1987660
1987064
1986430
1986074
1985875
1985639
1984915
1984625
1984014
1983518
1982687
1982041
1981470
1980903
1980289
1979158
1978501
1977746
1977041
1976549
1975965
1975613
1974880
1974437
1973824
1973387
1972684
1972108
1971895
1971308
1970758
1970460
1969957
1969265
1968728
1968238
1967454
1966922
1966078
1965626
1964626
1964061
1963434
1962682
1962194
1961504
1960956
1960379
1959119
1958473
1957469
1956966
1955997
1955576
1954456
1953851
1953226
1952840
1952310
1951727
1950641
1950292
1949583
1948577
1947917
1947313
1946597
1945795
1944769
1944288
1943644
1943198
1942386
1942137
1941544
1940999
1940874
1940735
1940172
1939588
1939256
1938605
1937517
1936926
1936391
1935814
1935290
1934657
1934262
1933905
1933254
1932725
1932227
1931441
1931249
1930887
1930093
1929503
1929114
1928705
1927969
1927285
1926592
1926076
1925701
1924862
1924216
1923445
1922711
1922044
1921437
1920927
1920507
1920456
1920092
1919785
1919400
1918807
1917963
1917186
1916530
1915910
1915152
1914780
1914437
1914246
1913779
1913258
1912920
1912487
1912040
1911328
1910775
1910306
1909803
1909547
1908781
1908159
1907672
1907290
1906603
1906219
1905714
1904984
1904696
1904128
1903584
1903104
1902604
1901910
1901207
1900551
1899892
1898974
1898412
1897872
1897147
1896310
1895732
1895120
1894761
1893862
1893049
1892186
1891386
1890619
1889962
1889559
1889177
1888784
1888313
1887695
1886985
1886716
1885845
1885343
1884691
1884303
1883762
1883394
1882803
1882316
1881326
1880746
1879931
1879361
1878684
1878012
1877649
1877222
1876665
1875812
1875506
1874986
1874330
1873723
1872850
1872346
1871643
1871166
1870477
1869860
1869319
1868676
1868071
1867329
1866733
1866402
1865929
1864969
1864740
1864043
1863696
1863144
1862554
1862041
1861559
1861154
1860534
1860093
1859545
1859296
1858831
1858347
1857919
1857416
1856970
1856338
1855924
1855687
1855297
1854769
1854553
1854110
1853770
1853407
1853102
1852689
1852508
1852081
1851438
1851243
1850863
1850260
1849794
1849556
1848998
1848663
1848335
1848065
1847506
1847347
1847086
1846476
1845632
1845390
1844782
1844178
1843428
1843102
1842954
1842447
1842223
1842143
1841710
1841310
1840809
1840259
1839866
1839506
1839204
1838655
1838365
1837943
1837686
1837177
1836831
1836350
1835917
1835555
1835198
1834671
1834234
1833451
1833101
1832708
1832335
1831983
1831569
1830970
1830345
1829808
1829469
1829128
1828728
1828321
1827572
1827234
1826375
1825786
1825160
1824500
1824156
1823716
1823364
1823041
1822721
1822176
1821533
1821077
1820775
1820333
1819737
1819119
1818751
1818238
1817901
1817312
1817114
1816583
1816287
1815789
1815428
1815025
1814886
1814375
1813921
1813579
1813173
1812930
1812688
1812064
1811557
1811273
1810897
1810470
1810171
1809667
1809324
1808604
1807985
1807600
1807168
1806849
1806424
1805999
1805696
1805138
1804877
1804341
1804249
1803913
1803316
1803007
1802486
1802219
1801694
1801491
1801030
1800692
1800295
1800052
1799680
1799379
1798726
1798349
1797617
1797131
1796415
1795967
1795396
1795133
1794358
1793834
1793474
1792788
1792514
1792010
1791706
1791109
1790502
1789617
1789115
1788780
1788218
1787672
1787251
1787050
1786489
1786212
1785829
1785182
1784719
1784459
1783862
1783563
1783044
1782518
1782023
1781607
1781277
1780812
1780490
1780177
1779557
1779164
1778569
1778027
1777622
1776898
1776184
1775655
1774966
1774334
1773711
1773507
1772888
1772471
1772097
1771544
1771217
1770609
1770118
1769513
1768989
1768329
1768052
1767287
1767027
1766664
1766353
1765677
1764933
1764556
1764004
1763345
1762938
1762465
1762077
1761708
1761170
1760537
1760161
1759700
1759075
1758834
1758315
1758060
1757507
1757078
1756780
1756263
1755472
1755004
1754526
1754111
1753458
1753154
1752874
1752665
1752053
1751702
1750919
1750810
1750250
1749847
1749470
1748912
1748085
1747412
1747094
1746649
1746435
1745732
1745361
1744905
1744773
1744414
1744037
1743441
1743036
1742091
1741691
1741353
1740709
1739857
1739334
1738497
1737753
1737187
1736450
1736239
1735947
1735813
1735350
1735029
1734912
1734333
1733896
1733217
1732739
1732282
1731557
1731253
1730792
1730358
1730076
1729890
1729302
1728782
1728493
1728046
1727432
1727111
1726217
1726002
1725634
1725368
1724592
1724122
1723681
1723198
1722339
1721784
1721023
1720391
1719696
1718863
1718635
1718068
1717960
1717382
1716961
1716505
1716192
1715411
1715054
1714400
1713651
1713202
1712765
1712420
1711835
1711330
1710949
1710337
1709637
1709150
1708701
1708032
1707572
1706987
1706141
1705633
1705049
1704230
1703327
1702720
1702439
1702003
1701777
1701196
1700903
1700335
1699908
1699263
1698900
1698400
1697849
1697410
1697074
1696775
1696616
1696374
1695649
1695257
1694443
1694184
1693815
1692953
1692547
1691812
1691260
1690886
1690373
1689786
1689106
1688428
1688198
1687531
1687110
1686511
1686084
1685603
1685051
1684536
1683808
1683241
1682546
1681851
1681260
1680396
1679749
1679267
1678434
1677805
1677371
1676660
1676128
1675454
1675030
1674424
1673832
1673082
1672423
1671987
1671228
1670962
1670182
1669579
1669238
1668325
1667604
1667358
1666825
1666217
1666006
1665367
1664800
1664301
1663877
1663340
1662876
1662521
1661948
1661716
1661130
1660831
1660245
1659898
1659286
1658405
1657406
1656890
1656323
1656091
1655460
1654906
1654217
1653908
1653313
1652660
1652342
1651665
1651082
1650366
1649698
1649491
1648787
1648189
1647666
1647371
1646900
1646399
1645912
1645334
1644730
1644280
1643554
1642794
1642267
1641836
1641174
1640679
1639995
1639439
1638951
1638300
1637934
1637257
1636817
1636225
1635676
1635253
1634779
1634061
1633731
1633181
1632686
1632370
1631983
1631487
1631030
1630708
1630301
1629953
1629633
1629399
1628922
1628661
1628144
1627572
1627155
1626796
1626372
1626010
1625634
1625380
1624660
1624476
1623727
1623100
1622939
1622750
1622203
1621834
1621422
1620950
1620346
1619699
1619240
1618723
1617898
1617420
1616603
1616125
1615463
1615050
1614758
1613773
1613501
1613081
1612707
1612120
1611489
1611277
1610861
1610395
1610027
1609361
1608500
1607866
1607446
1606779
1606319
1605878
1605404
1604969
1604328
1603862
1603363
1602754
1602283
1601683
1601253
1600683
1599852
1599208
1598588
1597861
1597323
1596782
1596477
1595858
1595404
1595147
1594522
1594292
1593608
1593264
1592815
1592255
1591846
1591628
1591453
1591096
1590775
1590236
1589625
1589223
1588885
1588503
1587956
1587615
1586986
1586584
1586163
1585872
1585390
1585219
1584669
1584378
1583826
1583446
1583117
1582526
1582149
1581966
1581441
1581108
1580587
1580400
1579935
1579776
1579206
1578981
1578574
1578046
1577616
1576743
1576239
1575727
1575198
1574977
1574668
1574081
1573602
1573161
1572712
1572425
1571928
1571580
1571203
1570712
1570346
1570017
1569823
1569598
1569077
1568669
1568400
1567861
1567705
1567391
1567074
1566536
1566244
1565893
1565347
1564942
1564650
1564275
1563815
1563381
1562858
1562419
1562057
1561374
1560669
1560262
1560024
1559581
1559076
1558678
1558038
1557599
1557318
1556888
1556439
1555921
1555396
1555165
1554876
1554423
1554036
1553659
1553367
1552970
1552458
1552160
1551366
1551071
1550466
1549932
1549695
1549461
1549224
1548844
1548511
1548168
1547728
1547535
1546908
1546715
1546412
1546061
1545743
1545519
1545166
1544664
1544465
1544254
1543841
1543797
1543641
1543261
1542940
1542740
1542109
1541526
1541032
1540414
1539968
1539504
1539221
1538667
1538243
1538178
1538134
1538106
1538075
1538047
1537983
1537344
1536776
1536340
1536074
1535442
1534867
1534463
1533962
1533372
1532925
1532512
1531924
1531528
1531358
1530843
1529927
1529479
1529125
1528797
1528487
1528104
1527675
1527193
1526642
1526077
1525418
1524934
1524465
1524102
1523807
1523355
1522832
1522353
1521776
1521392
1520979
1520471
1519996
1519222
1518743
1518503
1518098
1517805
1517449
1517050
1516889
1516481
1515848
1515507
1514928
1514585
1514076
1513638
1513442
1513159
1512998
1512559
1512163
1511888
1511429
1511037
1510703
1510255
1510037
1509534
1509153
1508746
1508455
1507799
1507500
1507178
1506506
1505773
1505471
1504930
1504470
1504144
1503748
1503184
1502786
1502390
1501834
1501223
1500556
1500222
1499683
1499424
1499051
1498687
1498279
1497847
1497400
1496995
1496475
1496226
1495835
1495659
1495251
1494846
1494284
1493882
1493396
1493070
1492524
1492123
1491361
1490720
1490291
1489841
1489412
1489062
1488633
1488380
1487928
1487243
1486357
1485849
1485533
1485283
1484871
1484232
1483969
1483581
1482945
1482313
1481891
1481591
1481113
1480769
1480217
1479863
1479373
1478805
1478280
1477745
1477353
1476835
1476426
1476044
1475599
1475337
1474617
1474166
1473934
1473614
1473061
1472480
1472135
1471605
1471441
1471113
1470501
1470158
1469742
1469065
1468818
1468266
1467964
1467518
1467120
1466947
1466548
1466124
1465875
1465584
1465099
1464901
1464417
1464146
1463770
1463566
1463228
1463025
1462611
1462273
1461968
1461465
1460988
1460382
1459797
1459269
1458678
1458110
1457653
1457211
1456450
1456230
1455499
1455243
1454596
1454165
1454045
1453675
1453439
1452941
1452610
1452253
1451670
1451396
1450962
1450677
1450201
1450052
1449639
1449463
1448962
1448551
1448407
1448006
1447478
1446898
1446368
1445761
1445565
1445175
1444582
1444242
1443805
1443454
1443281
1442810
1442378
1442113
1441776
1441342
1440901
1440242
1439676
1439479
1439193
1438692
1438350
1438077
1437774
1437402
1437031
1436757
1436198
1435801
1435445
1434997
1434566
1434146
1433524
1432797
1432707
1432062
1431626
1431288
1430649
1430083
1429852
1429275
1428673
1428117
1427811
1427322
1426975
1426870
1426499
1425878
1425419
1424922
1424813
1424719
1424634
1424295
1423803
1423287
1422812
1422442
1421766
1421494
1421098
1420703
1420256
1419567
1419102
1418542
1418153
1417588
1417325
1416780
1416351
1415908
1415580
1415181
1414831
1414375
1413860
1413575
1413215
1412706
1412140
1411656
1411382
1410938
1410334
1410055
1409652
1409202
1408665
1408480
1407583
1406882
1406329
1405633
1405243
1404839
1404066
1403150
1402800
1402110
1401737
1401380
1401057
1400704
1399968
1399399
1398634
1398374
1397987
1397488
1396850
1396367
1396002
1395564
1394990
1394685
1394338
1394053
1393341
1392451
1391887
1391417
1390816
1390579
1390227
1389681
1389123
1388506
1387955
1387631
1387137
1386373
1385953
1385475
1384692
1384216
1383451
1382825
1382523
1382107
1381904
1381402
1380817
1380042
1379422
1378956
1378589
1377931
1377273
1376752
1376300
1375349
1374986
1374651
1374112
1373552
1373071
1372792
1372291
1371805
1371073
1370614
1370329
1369839
1369312
1368753
1368262
1367864
1367346
1366500
1365919
1365428
1364645
1364356
1363499
1362910
1362559
1361720
1361353
1360539
1359969
1359452
1358975
1358698
1358671
1358314
1358138
1357694
1356994
1356386
1355524
1354913
1354554
1353993
1353624
1353051
1352478
1352199
1351811
1351412
1350615
1350113
1349633
1348923
1348310
1348089
1347677
1347253
1346957
1346178
1345521
1344801
1344281
1343836
1343338
1342806
1342624
1342236
1342034
1341781
1341346
1341140
1340798
1340449
1340042
1339883
1339497
1339204
1338944
1338715
1338488
1338150
1337756
1337506
1337087
1336530
1335995
1335508
1335254
1334802
1334646
1334317
1333901
1333577
1332984
1332068
1331414
1330956
1330302
1329658
1329016
1328820
1328296
1327730
1327383
1326861
1326336
1325549
1324865
1324353
1323832
1323395
1323164
1323094
1323017
1322723
1322659
1321843
1321521
1320979
1320275
1319624
1319351
1318726
1318083
1317563
1317149
1316558
1316179
1315623
1315051
1314583
1314229
1313456
1313088
1312799
1312451
1312099
1311605
1311141
1310771
1310311
1309891
1309614
1309398
1309014
1308456
1308076
1307564
1307013
1306763
1306413
1306001
1305652
1305213
1304555
1304133
1303974
1303822
1303267
1302630
1302144
1301733
1301285
1300727
1300330
1299988
1299349
1298716
1298172
1297744
1297450
1297095
1296737
1296557
1296106
1295689
1295377
1294921
1294404
1294276
1294217
1293898
1293418
1292909
1292404
1292007
1291722
1290963
1290631
1290114
1289575
1288985
1288526
1288155
1287601
1287226
1286924
1286588
1286193
1285796
1285417
1285138
1284811
1284391
1283992
1283720
1283111
1282696
1282171
1281463
1281178
1280671
1280405
1280371
1280334
1279744
1279226
1278646
1278360
1278214
1278119
1277741
1277404
1277197
1276672
1276379
1275807
1275501
1275085
1274746
1274296
1273926
1273391
1273091
1272781
1272532
1272290
1272004
1271861
1271512
1271414
1271178
1270906
1270772
1270638
1270242
1270116
1269965
1269523
1269285
1268998
1268826
1268656
1268348
1267882
1267517
1267272
1266948
1266574
1266136
1265806
1265421
1265088
1264651
1264194
1263786
1263484
1263176
1262745
1262516
1262348
1261985
1261550
1261238
1260829
1260465
1260321
1260017
1259634
1259418
1258861
1258509
1258161
1257785
1257347
1256916
1256636
1255832
1255345
1254478
1254059
1252939
1251923
1250939
1250244
1249401
1248588
1247725
1246998
1246503
1246186
1246023
1245490
1245055
1244760
1244436
1244100
1243615
1243215
1243074
1242761
1242472
1242052
1241690
1241466
1241223
1240734
1240379
1240117
1239810
1239474
1239135
1238930
1238573
1238137
1237699
1237403
1236935
1236853
1236328
1235978
1235571
1235355
1235226
1234826
1234480
1234406
1234312
1234151
1233778
1233600
1233220
1232818
1232582
1231868
1231636
1231324
1230947
1230587
1230372
1229740
1229369
1229031
1228749
1228428
1228198
1227870
1227708
1227455
1227234
1226964
1226614
1226168
1225679
1225159
1224613
1224322
1224074
1223702
1223072
1222625
1222174
1221957
1221264
1220710
1220329
1220045
1219571
1219152
1218706
1218221
1217709
1217455
1217313
1216760
1216363
1215960
1215287
1214863
1214499
1214218
1213773
1213511
1212835
1212189
1211785
1211349
1211065
1210573
1210145
1209698
1208932
1208833
1208340
1208176
1208029
1207783
1207448
1207398
1207068
1206905
1206591
1206297
1205851
1205391
1204838
1204013
1203568
1203071
1202659
1202173
1201408
1201226
1200741
1200106
1199879
1199504
1198970
1198539
1198155
1197800
1197355
1197055
1196671
1196118
1195593
1195198
1194700
1194560
1194369
1193936
1193780
1193501
1193436
1193138
1192917
1192652
1192074
1191531
1191129
1190770
1190395
1189948
1189386
1188980
1188562
1188136
1187597
1187346
1186811
1186514
1186367
1186029
1185730
1185560
1185371
1185147
1184768
1184541
1184095
1183644
1183274
1182923
1182542
1182100
1181719
1181359
1180966
1180555
1180298
1179842
1179307
1178862
1178247
1177535
1176876
1176626
1176576
1176535
1176391
1176219
1175995
1175829
1175671
1175183
1174881
1174531
1174030
1173637
1173216
1172868
1172528
1172464
1172073
1171759
1171459
1171215
1170836
1170445
1170007
1169690
1169427
1169140
1168829
1168502
1168204
1168019
1167612
1167448
1167187
1166989
1166653
1166460
1166065
1165842
1165474
1165238
1164882
1164583
1164339
1164157
1163916
1163599
1163302
1163063
1162741
1162417
1162062
1161674
1161386
1160852
1160442
1159964
1159423
1159236
1159093
1159014
1158978
1158529
1158188
1157737
1157383
1156833
1156313
1156049
1155383
1154964
1154677
1154115
1153458
1152869
1152261
1151974
1151354
1150923
1150483
1150259
1149449
1148829
1148283
1148082
1147853
1147731
1147344
1147078
1147021
1146750
1146320
1146035
1145609
1145135
1144426
1144054
1143697
1143222
1142761
1142425
1141642
1141130
1140966
1140658
1140229
1139788
1139132
1138703
1138157
1137801
1137317
1136801
1136263
1135520
1135010
1134738
1134268
1133622
1133060
1132509
1131905
1131590
1131191
1130831
1130378
1129904
1129358
1128996
1128621
1128186
1127647
1126959
1126490
1125956
1125468
1125256
1124928
1124391
1124228
1123940
1123561
1123217
1123168
1122886
1122494
1122192
1121853
1121720
1121090
1120443
1119808
1119191
1118840
1118475
1118100
1117725
1117279
1117137
1116836
1116248
1115884
1115342
1115085
1114677
1114179
1113769
1113554
1113367
1113140
1112783
1112349
1112051
1111675
1111525
1111217
1110586
1110159
1109883
1109396
1109011
1108613
1108349
1108032
1107926
1107395
1106968
1106794
1106466
1106056
1105662
1105221
1104844
1104616
1104268
1103911
1103729
1103376
1103027
1102659
1102514
1102162
1102116
1101793
1101526
1101257
1101017
1100795
1100546
1100247
1099829
1099417
1098938
1098367
1097570
1097179
1096912
1096341
1095679
1095139
1094490
1094003
1093697
1093475
1093378
1092883
1092391
1091809
1091534
1090881
1090736
1089993
1089484
1089099
1088872
1088273
1087725
1087332
1086859
1086457
1086198
1085782
1085368
1085104
1084760
1084229
1083768
1083067
1082730
1082643
1082598
1082176
1081618
1080809
1080207
1079595
1079158
1078722
1078365
1078010
1077400
1077151
1076779
1076713
1076497
1076231
1075908
1075615
1075293
1074944
1074536
1073964
1073727
1073437
1073120
1072534
1072165
1071743
1071423
1071034
1070853
1070435
1070070
1069753
1069482
1069324
1068864
1067883
1067258
1066711
1066546
1066192
1065708
1065309
1065106
1064773
1064413
1063830
1063608
1062985
1062743
1062346
1062027
1061687
1061402
1060973
1060168
1059941
1059581
1059161
1058832
1058676
1058565
1058344
1058064
1057756
1057315
1057045
1056801
1056628
1056392
1055929
1055274
1054936
1054704
1054204
1053887
1053703
1053146
1052872
1052467
1052101
1051951
1051716
1051306
1050798
1050438
1049900
1049584
1049368
1049050
1048905
1048631
1048328
1047992
1047895
1047534
1047256
1046855
1046342
1046054
1045662
1045112
1044746
1044450
1044173
1043972
1043477
1043104
1042746
1042513
1042126
1041539
1041074
1040566
1040212
1039916
1039473
1039133
1038591
1038090
1037629
1037247
1036769
1036437
1036034
1035725
1035510
1035122
1034868
1034612
1034310
1034112
1033736
1033230
1033041
1032687
1032368
1032081
1031743
1031610
1031209
1030902
1030538
1030421
1030184
1029857
1029496
1029296
1029259
1028932
1028847
1028563
1028160
1027900
1027574
1027264
1026904
1026731
1026679
1026650
1026468
1026128
1025999
1025664
1025396
1025014
1024700
1024501
1024097
1023776
1023325
1023071
1022809
1022557
1022309
1022024
1021884
1021594
1021336
1021065
1020769
1020677
1020463
1020171
1019765
1019376
1019210
1018911
1018712
1018405
1018027
1017757
1017542
1017159
1016800
1016567
1016386
1016099
1015698
1015549
1015213
1015137
1014802
1014500
1014284
1013943
1013557
1013358
1012959
1012782
1012503
1012319
1012030
1011663
1011491
1011404
1010942
1010662
1010284
1010129
1009815
1009562
1009378
1009121
1008803
1008470
1008241
1007963
1007474
1007132
1006673
1006180
1005831
1005550
1005311
1005088
1004770
1004584
1004009
1003629
1003276
1002974
1002622
1002584
1002327
1002084
1001723
1001462
1001142
1000932
1000540
1000234
999988
999600
999420
998992
998739
998477
998292
998135
998107
997912
997345
997030
996718
996441
995990
995660
995350
995095
994797
994426
993863
993722
993458
993134
992843
992458
991975
991807
991453
991171
990628
990391
989916
989729
989344
989014
988731
988444
988176
987918
987681
987582
987238
986935
986573
986280
986240
986213
986181
985869
985643
985315
985058
985019
984634
984383
984077
983763
983589
983291
982898
982565
982158
981924
981525
981178
981020
980543
980298
979986
979695
979565
979264
978876
978588
978374
978032
977716
977518
977108
976872
976554
976180
976053
975596
975234
974782
974448
974101
973848
973577
973329
972990
972569
972403
972044
971766
971386
970997
970564
970232
969918
969459
968890
968591
968172
967828
967593
967400
967158
966862
966691
966509
966310
966063
965794
965635
965424
965178
964914
964596
964209
963777
963441
963040
962580
962253
961908
961636
961413
960994
960790
960609
960293
960071
959699
959448
959223
959101
958793
958562
958280
958077
958042
957709
957449
957267
957100
956864
956599
956531
956492
956302
956016
955673
955178
954938
954534
954202
953892
953840
953789
953580
953393
953363
953175
952892
952718
952361
951995
951803
951518
951305
950959
950794
950446
950100
949831
949491
948814
948544
948306
947666
947299
947114
946812
946474
946188
945858
945524
945041
944662
944049
943843
943254
942859
942206
941661
941422
941029
940745
940440
940023
939348
939012
938634
938354
937882
937782
937450
936841
936518
936327
936088
935758
935215
934827
934258
933934
933776
933528
933193
932772
932345
931704
931370
931102
930737
930484
930162
929540
929182
929091
928909
928596
928421
928142
927807
927330
927041
926751
926287
925881
925277
924936
924768
924559
924001
923709
923117
922836
922440
922073
921401
920965
920592
920369
920108
919886
919831
919698
919669
919533
919320
919210
919144
918868
918811
918601
918530
918272
917869
917632
917267
917121
916928
916766
916493
916131
915594
915275
914942
914615
914312
914073
913746
913476
913085
912703
912250
911997
911643
911319
911135
910914
910650
910322
909907
909725
909285
908856
908566
908371
908273
907980
907519
907216
907060
906497
906174
905917
905621
905513
905138
904946
904430
904012
903623
903280
902602
901847
901564
901087
900728
900163
899855
899560
899029
898631
898143
897757
897304
896975
896632
896494
896291
896015
895745
895523
895195
894939
894655
894402
894261
893874
893446
893106
892803
892416
892257
891946
891645
891352
891062
890726
890606
890389
890047
889799
889361
889026
888732
888643
888544
888181
888056
887805
887411
887245
887001
886757
886302
885892
885312
884937
884633
884091
883761
883355
882798
882203
881826
881290
880991
880604
880276
879839
879476
879150
878525
877905
877468
877033
876384
875844
875499
874763
874106
873806
873365
872887
872558
872245
871899
871548
871194
870893
870353
869491
869089
868866
868551
867747
867055
866447
865991
865518
865375
864914
864018
863584
862807
862583
862451
861871
861523
861403
861146
860832
860095
859731
859160
858944
858512
858224
857844
857446
856961
856746
856379
855866
855318
855158
854746
854029
853663
853130
852957
852706
852212
851810
851462
851122
850573
850025
849871
849341
849054
848582
848199
847889
847493
847264
846940
846737
846426
846106
845711
845153
845044
844763
844614
844414
844214
844037
843810
843575
843403
843135
843034
842924
842725
842615
842429
842073
841804
841552
841244
840880
840621
840542
839927
839474
838975
838264
837849
837259
836771
836568
836031
835726
835337
834743
834274
834242
833693
833309
832513
831857
831285
830704
830197
829740
829317
828707
828208
827937
827585
827057
826389
825924
825482
825126
824751
824244
823930
823442
822984
822634
822108
821785
821191
820541
820104
819901
819611
819154
818547
818059
817711
817152
816362
815859
815477
815257
814706
814672
814326
814160
813626
813413
813298
813046
812928
812767
812500
812130
811709
811449
811104
810805
810740
810401
809788
809483
808855
808612
808445
808228
807924
807159
806774
806345
805976
805710
805361
804754
804382
804100
803595
803437
803254
802892
802548
802130
801874
801564
800983
800753
800265
799663
799131
798508
798180
797851
797360
796787
796215
795889
795267
794700
794238
794012
793584
792985
792603
791946
791540
791500
791372
791031
790507
790009
789639
789143
788631
788249
787789
787423
787082
786451
785853
785021
784802
784316
783863
783376
783036
782599
782505
782063
781672
781352
780935
780503
780081
779629
779273
778995
778318
778101
777981
777488
777224
776663
776320
775727
775587
775362
775187
774997
774787
774568
774469
774271
773891
773688
773390
773125
772768
772503
772111
771892
771515
771258
770922
770469
770186
769870
769491
769025
768573
768275
768115
767967
767535
767211
766953
766598
765910
765480
765145
764732
764430
764132
763967
763600
763088
762689
762236
762089
761590
761236
760745
760304
760268
760032
759710
759497
759238
758887
758776
758432
758029
757613
757218
756956
756460
756229
755770
755285
754503
754123
753941
753906
753726
753186
752772
752294
751898
751659
751141
750520
749889
749335
748637
748082
747653
747063
746393
745713
745280
744589
743774
743373
742927
742318
741667
741089
740770
740512
740322
739963
739394
739084
738880
738713
738476
738193
738001
737806
737580
737300
736664
736237
735915
735606
735013
734675
734138
733907
733476
733145
732701
731948
731710
731291
731100
730671
730364
729876
729328
728867
728375
728048
727723
727205
726762
726257
725883
725290
724998
724909
724600
724315
723938
723641
723467
723308
722864
722317
722102
721822
720810
720376
719704
719087
718743
718648
718462
717889
717452
716941
716641
716344
715977
715333
714925
714228
713756
713413
713031
712370
711968
711610
711257
710180
709876
709751
709121
708527
707900
707382
707066
706741
706580
705933
705413
705101
704918
704728
704276
703681
702998
702390
701604
700799
699898
699584
698778
698344
698007
697619
697235
697120
696943
696088
695392
694640
694089
693060
692682
692289
691576
691006
690460
690015
689339
688785
688355
687931
687645
687330
687133
686936
686707
686473
686170
685984
685605
685074
684488
684140
683461
683354
682865
682521
681937
681215
680608
680074
679778
679400
678959
678597
678148
677817
677203
676460
676099
675558
675130
674804
674203
673823
673329
672860
672491
672195
671616
671285
670901
670237
669681
669352
668922
668573
668029
667427
667065
666230
665797
665345
664588
663688
662968
662211
661672
661167
660853
660384
659328
658521
658154
657754
657046
656691
655977
654981
654319
653735
652688
652361
652045
651347
650981
650942
650628
650265
650054
649802
649404
649069
648658
648514
648001
647625
647300
646834
646289
645775
645334
644774
644386
643691
642710
641928
640874
640189
639462
638494
637915
637347
636541
635542
635083
633483
632778
631876
631509
630161
629100
627852
627193
626732
625600
625151
624800
624504
624411
624245
623680
623008
622382
622043
621912
621772
621668
621389
621140
620609
620225
619535
619063
618701
618341
618191
617840
617565
617450
617232
616857
616687
615734
615178
614866
614575
613957
613328
612864
612701
612238
611371
610209
609170
608067
607160
605294
603798
602908
602605
601717
600563
600089
599936
599624
599403
598447
597354
596736
596339
595599
594758
593965
593104
592732
592634
591525
590909
590375
589989
589742
589348
588286
587818
587654
586155
585987
585096
582055
580685
578918
578781
578641
576659
574621
573457
572709
572263
571157
570903
569721
569364
568511
567551
567125
566346
565679
565285
564935
564005
563505
563197
562427
561995
561365
561176
560855
559940
559567
559108
558871
558329
558116
557118
556136
555462
554592
554250
553747
551235
550084
548670
547549
545807
544746
543787
542255
541245
538957
537680
535520
534645
534494
532531
531058
529982
528616
528376
525328
522802
522084
521518
520649
519547
518959
518520
517861
517596
517078
516788
515621
515382
512996
512658
510988
509648
509272
507596
506106
503835
501663
500558
500005
498629
495628
493393
492214
488571
487389
484489
482605
480375
479890
479092
478945
477865
477571
477323
477251
476661
474262
471333
470360
468055
466596
464222
462118
461699
461111
459652
458568
455460
454959
452947
452666
451867
451584
449731
448236
447654
447168
445175
443051
440596
437291
434365
433213
432321
431780
429971
429300
426745
425222
423534
422126
418109
416612
416541
416105
413946
413277
412568
411704
409404
408756
407137
406055
405589
404414
403098
402100
400175
399703
396939
393040
392001
388592
386087
385528
383206
382140
381158
379849
377737
375873
375161
374550
372623
370586
369464
369127
368152
367935
367467
366400
364925
364594
364236
361475
357588
354283
352517
348150
346388
342009
339755
336164
333976
333123
332205
331276
328789
327882
327025
326094
325044
323276
322740
320618
318534
290141
277539
263580
246365
220559
175829
124606
119968
119727
119096
118940
117208
68805
890
2007107
2006529
2005945
2005207
2004680
2004068
2003174
2002494
2001980
2001372
2000549
1999857
1999338
1998946
1997813
1997127
1996692
1996012
1995673
1994756
1993953
1993253
1992827
1992176
1991440
1990908
1990119
1989776
1988922
1988269
1987986
1987171
1986515
1986361
1985893
1985678
1985103
1984819
1984088
1983579
1982777
1982178
1981639
1980956
1980383
1979331
1978751
1977881
1977154
1976757
1976122
1975628
1975198
1974458
1973989
1973567
1972838
1972185
1971988
1971440
1971070
1970527
1970165
1969721
1968887
2088295
2087524
2087487
2087448
2087103
2086140
2085253
2084350
2083733
2083487
2082960
2082337
2081742
2081068
2080604
2080155
2079776
2079181
2078409
2077454
2077272
2076408
2075661
2074937
2074320
2073846
2073381
2073029
2072300
2071550
2070630
2070382
2069876
2069416
2069125
2068494
2067818
2067451
2066838
2066216
2065363
2064767
2063565
2063154
2062622
2061742
2060472
2060073
2059551
2058718
2058217
2057437
2056696
2055806
2055031
2054377
2054181
2053513
2053144
2052682
2051953
2050924
2050058
2049386
2048884
2048293
2048068
2047666
2046936
2046202
2045489
2044634
2043716
2043104
2042270
2041294
2040343
2039478
2038582
2037824
2036774
2036034
2035450
2034664
2034140
2033649
2032683
2031559
2030348
2029637
2029132
2028403
2027729
2026947
2026343
2025540
2025079
2024545
2023678
2022867
2022324
2021694
2020765
2020026
2019429
2018816
2018388
2018111
2018056
2017759
2017314
2016840
2016248
2015560
2014866
2014246
2013634
2013096
2012192
2011487
2010903
2010242
2009159
2008894
2008069
1980896
1962578
1935814
1919616
1900289
1867254
1851518
1836499
1809408
1794227
1771922
1756380
1747009
1730358
1694140
1662708
1620346
1601593
1583813
1571840
1548641
1523563
1511498
1488234
1470663
1461883
1416508
1402037
1389681
1371789
1358638
1338658
1327565
1313888
1290114
1269065
1249380
1236114
1214840
1192087
1177443
1162227
1147166
1121110
1102307
1087706
1074438
1059090
1032355
1028953
1026433
1023862
1021640
1019210
1017185
1014452
1012453
1010173
1008158
1005827
1003532
1001726
1000199
998416
996738
995100
993647
992239
989851
987651
985897
984076
981275
979026
976554
974673
972066
969723
967588
965161
962273
959914
957095
955413
952057
949538
946633
944063
941627
938490
935215
932905
927448
922781
915039
910688
884679
840548
792911
777743
774659
772402
768376
765336
762471
760255
756922
753495
750625
746979
743282
740274
738323
736136
733679
730953
728177
725161
723746
722231
719738
717973
716009
713421
711329
708530
706584
704752
701643
698346
696735
692897
690251
687659
686466
684371
682447
679851
678067
675802
673892
672230
670518
668562
666463
665118
