2007262
2006672
2006364
2005380
2005073
2004437
2003475
2002743
2002334
2001582
2000770
1999985
1999647
1999137
1998311
1997588
1996792
1996192
1995886
1995236
1994220
1993849
1993120
1992471
1991685
1991111
1990748
1989948
1989200
1988445
1988154
1987472
1986743
1986414
1985916
1985850
1985337
1984864
1984520
1983782
1983340
1982519
1981920
1981185
1980815
1979917
1978995
1978392
1977616
1976873
1976363
1975750
1975501
1974689
1974162
1973752
1973142
1972292
1972087
1971731
1971232
1970681
1970310
1969846
1969082
1968660
1968134
1967259
1966428
1965933
1964970
1964589
1963850
1963232
1962610
1961774
1961341
1960756
1960057
1958912
1958126
1957183
1956681
1955819
1955346
1954385
1953613
1953163
1952785
1952185
1951500
1950437
1950135
1949296
1948458
1947822
1947215
1946164
1945469
1944597
1944194
1943405
1943038
1942275
1942041
1941434
1940938
1940848
1940649
1940008
1939427
1939018
1938322
1937218
1936713
1936281
1935604
1935196
1934573
1934116
1933828
1933118
1932581
1932053
1931332
1931175
1930777
1929991
1929445
1928999
1928577
1927934
1926860
1926466
1925960
1925189
1924711
1923874
1923000
1922582
1921853
1921226
1920784
1920494
1920318
1919972
1919743
1919282
1918527
1917852
1917017
1916438
1915799
1915032
1914557
1914393
1914075
1913698
1913153
1912657
1912350
1911911
1911106
1910486
1910219
1909682
1909045
1908429
1908050
1907603
1907159
1906402
1906144
1905591
1904799
1904539
1904063
1903429
1902782
1902445
1901730
1901023
1900303
1899538
1898812
1898356
1897831
1896566
1896090
1895354
1895098
1894374
1893708
1892784
1891718
1891243
1890430
1889931
1889446
1889138
1888692
1888174
1887385
1886915
1886420
1885662
1885052
1884623
1883996
1883540
1883350
1882624
1881814
1881173
1880505
1879875
1879132
1878639
1877891
1877491
1877107
1876463
1875697
1875389
1874753
1874244
1873585
1872728
1871944
1871573
1871021
1870151
1869706
1869175
1868572
1867898
1867189
1866636
1866196
1865589
1864857
1864664
1863884
1863555
1862985
1862345
1861920
1861443
1860888
1860401
1859843
1859440
1859072
1858766
1858249
1857885
1857322
1856765
1856254
1855860
1855475
1855204
1854746
1854464
1854013
1853665
1853356
1853088
1852631
1852360
1851790
1851379
1851058
1850532
1850154
1849763
1849325
1848942
1848604
1848307
1847882
1847463
1847269
1847040
1846401
1845568
1845228
1844540
1843797
1843382
1843026
1842674
1842438
1842192
1841985
1841637
1841151
1840554
1840088
1839761
1839474
1839190
1838522
1838078
1837890
1837637
1837007
1836693
1836242
1835814
1835429
1835044
1834564
1834003
1833408
1832992
1832522
1832260
1831814
1831377
1830614
1830167
1829734
1829398
1829032
1828560
1828115
1827430
1827152
1826194
1825665
1824958
1824428
1824028
1823563
1823296
1822829
1822562
1821960
1821318
1821020
1820561
1820196
1819628
1819049
1818637
1818119
1817861
1817261
1816853
1816498
1816176
1815718
1815347
1814971
1814731
1814058
1813828
1813476
1813093
1812898
1812486
1811979
1811410
1811209
1810765
1810430
1810005
1809569
1808956
1808471
1807892
1807469
1807047
1806771
1806218
1805812
1805593
1805130
1804803
1804326
1804185
1803626
1803208
1802949
1802424
1802078
1801629
1801387
1800900
1800497
1800220
1799957
1799647
1799057
1798611
1798106
1797517
1796882
1796221
1795859
1795321
1794994
1794242
1793716
1793266
1792745
1792165
1791922
1791585
1790858
1790291
1789584
1788958
1788666
1788153
1787463
1787218
1786916
1786402
1786174
1785670
1785033
1784694
1784209
1783741
1783299
1782837
1782463
1781931
1781447
1781196
1780645
1780407
1779905
1779389
1779015
1778491
1777957
1777059
1776643
1776077
1775545
1774835
1774066
1773645
1773239
1772753
1772387
1771926
1771465
1770920
1770509
1770018
1769394
1768940
1768122
1767689
1767267
1766817
1766535
1766023
1765409
1764884
1764147
1763650
1763292
1762678
1762374
1761883
1761678
1761034
1760454
1760113
1759559
1758996
1758653
1758271
1757949
1757411
1756956
1756717
1755821
1755363
1754889
1754369
1754040
1753409
1753090
1752850
1752538
1751895
1751502
1750879
1750771
1750175
1749724
1749349
1748490
1747919
1747369
1746897
1746570
1746220
1745606
1745167
1744869
1744591
1744243
1743920
1743243
1742907
1741979
1741542
1741259
1740433
1739713
1739162
1738090
1737597
1737021
1736397
1735998
1735893
1735768
1735186
1735017
1734611
1734232
1733549
1733209
1732576
1732086
1731438
1730986
1730650
1730256
1730063
1729683
1728975
1728704
1728278
1727885
1727365
1726672
1726097
1725987
1725469
1724961
1724541
1723980
1723507
1723043
1722275
1721413
1720810
1720270
1719609
1718852
1718453
1718059
1717860
1717155
1716798
1716345
1716040
1715318
1714933
1714260
1713572
1713150
1712702
1712293
1711761
1711208
1710764
1710281
1709506
1708937
1708582
1707841
1707460
1706684
1705918
1705412
1704938
1703793
1703044
1702674
1702309
1701919
1701653
1701157
1700657
1700308
1699725
1699087
1698792
1698160
1697701
1697400
1696945
1696748
1696595
1696221
1695440
1695108
1694294
1694140
1693744
1692793
1692352
1691718
1691157
1690774
1690253
1689610
1688973
1688333
1688014
1687402
1686915
1686491
1685976
1685442
1685013
1684458
1683708
1683105
1682517
1681530
1680972
1680292
1679590
1678998
1678268
1677668
1676994
1676589
1675947
1675345
1675012
1674348
1673511
1672809
1672261
1671835
1671164
1670677
1670059
1669517
1668874
1668067
1667519
1667043
1666570
1666146
1665959
1665235
1664572
1664208
1663771
1663059
1662744
1662378
1661798
1661615
1661021
1660666
1660161
1659568
1659039
1657983
1657319
1656688
1656293
1655831
1655294
1654818
1654191
1653816
1653169
1652575
1652031
1651283
1650729
1650044
1649645
1649375
1648728
1647950
1647592
1647271
1646685
1646152
1645590
1645302
1644652
1644139
1643129
1642730
1642217
1641682
1641100
1640590
1639897
1639307
1638471
1638152
1637812
1637146
1636549
1636150
1635517
1635102
1634580
1633979
1633475
1633037
1632541
1632184
1631749
1631353
1630943
1630631
1630223
1629854
1629566
1629304
1628815
1628568
1627878
1627432
1627025
1626685
1626203
1625918
1625531
1625279
1624609
1624028
1623591
1623032
1622925
1622497
1622139
1621526
1621322
1620670
1619981
1619472
1618923
1618510
1617850
1617038
1616487
1615990
1615376
1614937
1614446
1613650
1613437
1612916
1612558
1611949
1611435
1611108
1610565
1610261
1609778
1609296
1608386
1607735
1607227
1606665
1606208
1605779
1605318
1604667
1604256
1603721
1603197
1602601
1602154
1601597
1601143
1600522
1599428
1599199
1598394
1597799
1597142
1596652
1596345
1595802
1595349
1595051
1594497
1594142
1593497
1593126
1592721
1592132
1591787
1591531
1591285
1591075
1590476
1590022
1589496
1589117
1588702
1588356
1587787
1587461
1586888
1586501
1586024
1585793
1585282
1585073
1584608
1584260
1583792
1583350
1582952
1582440
1582066
1581767
1581316
1581076
1580511
1580267
1579857
1579563
1579087
1578732
1578458
1577977
1577236
1576679
1575994
1575608
1575140
1574908
1574361
1573861
1573372
1573021
1572640
1572179
1571887
1571496
1571074
1570650
1570225
1570005
1569805
1569453
1568978
1568533
1568316
1567829
1567618
1567245
1566877
1566484
1566037
1565758
1565236
1564847
1564604
1564213
1563651
1563296
1562722
1562246
1561908
1561009
1560585
1560186
1559845
1559363
1559031
1558302
1557942
1557500
1557135
1556723
1556246
1555782
1555339
1555109
1554631
1554297
1553920
1553542
1553126
1552843
1552409
1551907
1551240
1550929
1550414
1549835
1549550
1549380
1549075
1548784
1548318
1548082
1547678
1547295
1546837
1546589
1546308
1545907
1545717
1545340
1545011
1544634
1544419
1544106
1543825
1543781
1543565
1543205
1542817
1542408
1541924
1541339
1540895
1540255
1539875
1539478
1539117
1538566
1538200
1538164
1538125
1538098
1538066
1538039
1537788
1537222
1536646
1536310
1535875
1535357
1534696
1534293
1533697
1533161
1532762
1532271
1531795
1531462
1531106
1530583
1529817
1529349
1529038
1528678
1528278
1528055
1527588
1526950
1526414
1525984
1525351
1524843
1524384
1524078
1523598
1523095
1522699
1522141
1521703
1521308
1520938
1520323
1519849
1519092
1518695
1518439
1517975
1517761
1517361
1517002
1516820
1516354
1515788
1515370
1514867
1514346
1514004
1513534
1513346
1513113
1512913
1512478
1512111
1511799
1511340
1510941
1510565
1510194
1509906
1509462
1509023
1508691
1508275
1507749
1507354
1506940
1506252
1505723
1505188
1504851
1504391
1504066
1503538
1502945
1502643
1502278
1501758
1501095
1500512
1500052
1499628
1499324
1498877
1498524
1498169
1497775
1497295
1496801
1496440
1496059
1495751
1495507
1495197
1494736
1494206
1493706
1493293
1492966
1492498
1491834
1491225
1490648
1490242
1489746
1489296
1488959
1488537
1488234
1487825
1486801
1486165
1485790
1485498
1485175
1484633
1484166
1483865
1483509
1482655
1482185
1481864
1481454
1481005
1480712
1480117
1479634
1479252
1478658
1478009
1477577
1477269
1476791
1476182
1475907
1475520
1475191
1474518
1474126
1473782
1473523
1472993
1472358
1472042
1471549
1471316
1470902
1470418
1470080
1469524
1468963
1468718
1468238
1467817
1467470
1467075
1466769
1466329
1466026
1465706
1465471
1465029
1464836
1464348
1464073
1463725
1463450
1463165
1462929
1462534
1462170
1461810
1461231
1460792
1460122
1459574
1459205
1458578
1457959
1457560
1457075
1456372
1455938
1455438
1455028
1454532
1454083
1453995
1453651
1453392
1452819
1452413
1451950
1451540
1451270
1450872
1450528
1450135
1449994
1449536
1449351
1448885
1448540
1448329
1447838
1447408
1446780
1446212
1445692
1445528
1445014
1444539
1444161
1443726
1443401
1443217
1442735
1442250
1441975
1441712
1441245
1440804
1440164
1439559
1439433
1438996
1438655
1438277
1438045
1437705
1437352
1436890
1436532
1436075
1435757
1435413
1434947
1434514
1434038
1433435
1432723
1432666
1431921
1431556
1431056
1430423
1430022
1429681
1429111
1428549
1427996
1427591
1427277
1426963
1426814
1426356
1425633
1425354
1424895
1424790
1424692
1424530
1424212
1423648
1423166
1422731
1422288
1421669
1421379
1420935
1420489
1420030
1419450
1418838
1418520
1417995
1417450
1417185
1416738
1416296
1415788
1415404
1414970
1414700
1414163
1413743
1413471
1413105
1412638
1412051
1411473
1411364
1410821
1410265
1409864
1409600
1409064
1408602
1408298
1407258
1406631
1406054
1405598
1404998
1404703
1403766
1403088
1402554
1402037
1401582
1401326
1400979
1400416
1399853
1398980
1398484
1398268
1397925
1397361
1396744
1396337
1395860
1395466
1394876
1394625
1394243
1393824
1393242
1392323
1391823
1391307
1390787
1390487
1390184
1389487
1388930
1388468
1387885
1387486
1386699
1386093
1385799
1385327
1384424
1384073
1383319
1382779
1382473
1382045
1381813
1381100
1380430
1379926
1379319
1378875
1378336
1377792
1377226
1376680
1376199
1375189
1374968
1374473
1373978
1373420
1372981
1372719
1372220
1371674
1371011
1370542
1370249
1369594
1369117
1368665
1368173
1367844
1367079
1366341
1365780
1365262
1364568
1364109
1363289
1362825
1362405
1361634
1361240
1360347
1359677
1359332
1358892
1358692
1358429
1358171
1358097
1357516
1356923
1356076
1355380
1354821
1354322
1353844
1353542
1352818
1352416
1352033
1351547
1351254
1350413
1350003
1349493
1348754
1348264
1348042
1347584
1347169
1346894
1345794
1345297
1344629
1344081
1343795
1343251
1342699
1342546
1342193
1341949
1341575
1341316
1341086
1340695
1340236
1339989
1339758
1339427
1339095
1338856
1338658
1338281
1338009
1337672
1337278
1336952
1336418
1335896
1335417
1334990
1334755
1334636
1334242
1333808
1333309
1332605
1332012
1331334
1330720
1330151
1329465
1328958
1328738
1328149
1327614
1327344
1326732
1326096
1325257
1324779
1324255
1323776
1323351
1323129
1323077
1322780
1322692
1322452
1321764
1321379
1320874
1319909
1319538
1319188
1318638
1317975
1317539
1317045
1316442
1316066
1315407
1314996
1314371
1313857
1313255
1313052
1312699
1312382
1311990
1311427
1310979
1310651
1310105
1309835
1309544
1309152
1308992
1308244
1307796
1307355
1306971
1306566
1306308
1305869
1305537
1305095
1304493
1304059
1303964
1303648
1303012
1302533
1301867
1301698
1301144
1300637
1300279
1299786
1299117
1298587
1298064
1297695
1297303
1297014
1296664
1296304
1295916
1295632
1295334
1294848
1294368
1294266
1294184
1293862
1293324
1292809
1292325
1291992
1291390
1290875
1290483
1289951
1289441
1288873
1288441
1288016
1287497
1287065
1286828
1286563
1286113
1285771
1285320
1284972
1284602
1284314
1283915
1283594
1283000
1282393
1281965
1281348
1280985
1280642
1280395
1280357
1280238
1279547
1279086
1278624
1278272
1278198
1278043
1277681
1277338
1277138
1276620
1276181
1275667
1275397
1275018
1274505
1274225
1273795
1273360
1272988
1272705
1272425
1272131
1271978
1271738
1271482
1271374
1271018
1270830
1270737
1270558
1270197
1270063
1269746
1269443
1269230
1268942
1268777
1268544
1268144
1267833
1267423
1267039
1266897
1266434
1266059
1265738
1265255
1264831
1264544
1264066
1263690
1263365
1262946
1262707
1262474
1262249
1261734
1261473
1261132
1260735
1260421
1260248
1259877
1259577
1259342
1258665
1258316
1258115
1257600
1257338
1256854
1256458
1255647
1254963
1254183
1253837
1252329
1251635
1250525
1249838
1249214
1248325
1247501
1246626
1246443
1246175
1245800
1245360
1244951
1244707
1244348
1243954
1243563
1243159
1242983
1242697
1242373
1242000
1241670
1241390
1241111
1240628
1240338
1240084
1239743
1239421
1239055
1238842
1238496
1237947
1237554
1237340
1236921
1236802
1236211
1235938
1235502
1235276
1234988
1234744
1234464
1234400
1234300
1233818
1233762
1233508
1233100
1232726
1232306
1231789
1231597
1231242
1230892
1230472
1230117
1229638
1229322
1228904
1228554
1228372
1228072
1227822
1227680
1227400
1227198
1226887
1226564
1226044
1225505
1224908
1224525
1224286
1223907
1223500
1222930
1222579
1222086
1221877
1221193
1220602
1220122
1219968
1219526
1219095
1218578
1218096
1217478
1217427
1217180
1216551
1216185
1215704
1215242
1214790
1214436
1214093
1213668
1213303
1212570
1212168
1211724
1211257
1210818
1210411
1209945
1209420
1208892
1208677
1208322
1208162
1207933
1207504
1207430
1207386
1207030
1206807
1206499
1206055
1205676
1205306
1204373
1203904
1203331
1202865
1202494
1201776
1201304
1201121
1200521
1200012
1199767
1199400
1198860
1198451
1198016
1197595
1197165
1196900
1196581
1195983
1195532
1194758
1194642
1194511
1194311
1193888
1193695
1193480
1193429
1192988
1192896
1192331
1191941
1191368
1190940
1190579
1190336
1189860
1189290
1188919
1188466
1187979
1187443
1187110
1186632
1186482
1186324
1185950
1185640
1185543
1185354
1184995
1184672
1184392
1183782
1183547
1183121
1182727
1182471
1182039
1181631
1181283
1180895
1180439
1180120
1179664
1179198
1178753
1178057
1177379
1176701
1176616
1176566
1176521
1176379
1176147
1175979
1175778
1175598
1174987
1174802
1174266
1173878
1173587
1173147
1172721
1172513
1172321
1172042
1171628
1171311
1171151
1170736
1170308
1169878
1169582
1169343
1168925
1168720
1168454
1168125
1167789
1167582
1167306
1167133
1166925
1166605
1166364
1166014
1165724
1165415
1165156
1164807
1164521
1164290
1164036
1163846
1163418
1163222
1163039
1162643
1162236
1161904
1161495
1161222
1160792
1160317
1159732
1159344
1159198
1159073
1159002
1158852
1158307
1158139
1157706
1157312
1156633
1156243
1155805
1155264
1154921
1154532
1153914
1153349
1152809
1152137
1151679
1151240
1150853
1150352
1150002
1149231
1148699
1148255
1148066
1147847
1147420
1147166
1147067
1147011
1146692
1146227
1145879
1145370
1144896
1144384
1144030
1143616
1143074
1142611
1142235
1141519
1141095
1140829
1140550
1140192
1139603
1139104
1138497
1138057
1137691
1137168
1136676
1136193
1135203
1134962
1134626
1134213
1133468
1132881
1132288
1131729
1131581
1131063
1130745
1130348
1129764
1129118
1128886
1128532
1128103
1127411
1126690
1126428
1125764
1125435
1125196
1124511
1124304
1124189
1123845
1123483
1123208
1123113
1122749
1122331
1122170
1121789
1121356
1120920
1120218
1119724
1119092
1118724
1118414
1117983
1117531
1117254
1117075
1116623
1116134
1115684
1115279
1114868
1114401
1113897
1113716
1113514
1113316
1113074
1112690
1112267
1111985
1111629
1111439
1110894
1110457
1110078
1109740
1109327
1108880
1108555
1108172
1108021
1107622
1107219
1106960
1106735
1106409
1106015
1105592
1105155
1104790
1104536
1104187
1103861
1103539
1103297
1102963
1102618
1102308
1102143
1101979
1101760
1101497
1101166
1100965
1100726
1100467
1100134
1099793
1099268
1098851
1098093
1097478
1097114
1096854
1095876
1095469
1094929
1094307
1093847
1093513
1093461
1093226
1092769
1092171
1091719
1091356
1090787
1090532
1089773
1089387
1088998
1088659
1088163
1087699
1087222
1086561
1086320
1086038
1085704
1085279
1085003
1084555
1084112
1083545
1082988
1082714
1082631
1082554
1082044
1081490
1080508
1080089
1079493
1079078
1078587
1078334
1077905
1077264
1077062
1076754
1076667
1076315
1076120
1075844
1075491
1075063
1074696
1074302
1073856
1073683
1073379
1072974
1072380
1072082
1071684
1071325
1070981
1070705
1070321
1069942
1069716
1069467
1069248
1068176
1067612
1067033
1066562
1066535
1066002
1065586
1065292
1065046
1064676
1064126
1063758
1063420
1062887
1062558
1062089
1061957
1061542
1061297
1060681
1060113
1059810
1059340
1059121
1058795
1058639
1058468
1058328
1058047
1057689
1057298
1056862
1056779
1056504
1056199
1055743
1055220
1054889
1054558
1054165
1053848
1053477
1053115
1052744
1052314
1052059
1051938
1051547
1051095
1050767
1050403
1049825
1049436
1049301
1048995
1048772
1048597
1048287
1047953
1047819
1047420
1047136
1046572
1046201
1045891
1045492
1045030
1044701
1044387
1044096
1043802
1043385
1043021
1042584
1042490
1041960
1041387
1040864
1040482
1040186
1039763
1039439
1039070
1038425
1037917
1037603
1037091
1036732
1036287
1035974
1035687
1035434
1035053
1034750
1034533
1034229
1033892
1033551
1033119
1032816
1032450
1032332
1032043
1031669
1031389
1031030
1030832
1030507
1030359
1030149
1029667
1029416
1029285
1029249
1028913
1028782
1028453
1028104
1027802
1027562
1027186
1026881
1026696
1026672
1026629
1026429
1026103
1025967
1025557
1025326
1024963
1024662
1024431
1023955
1023366
1023236
1023036
1022800
1022466
1022280
1022005
1021786
1021513
1021203
1020979
1020759
1020617
1020391
1020031
1019686
1019357
1019145
1018855
1018466
1018380
1017935
1017704
1017455
1016975
1016770
1016489
1016206
1016000
1015675
1015441
1015181
1015093
1014716
1014457
1014107
1013903
1013533
1013146
1012888
1012698
1012465
1012158
1011982
1011614
1011480
1011227
1010875
1010597
1010189
1010109
1009760
1009523
1009273
1009035
1008777
1008425
1008171
1007825
1007369
1006920
1006543
1006097
1005761
1005398
1005297
1004982
1004742
1004449
1003962
1003551
1003205
1002908
1002609
1002525
1002252
1001937
1001685
1001372
1001029
1000845
1000522
1000201
999880
999577
999378
998968
998697
998419
998171
998126
998041
997538
997302
996979
996591
996352
995884
995623
995257
995031
994729
994264
993850
993577
993360
992998
992633
992396
991956
991575
991446
990956
990533
990224
989852
989589
989215
988888
988661
988395
988124
987880
987647
987532
987128
986691
986368
986262
986232
986203
986173
985730
985615
985193
985051
984909
984564
984221
983956
983702
983564
983208
982691
982364
982131
981855
981446
981092
980836
980477
980207
979954
979680
979505
979163
978841
978533
978267
977749
977686
977324
977064
976855
976456
976090
976003
975566
974936
974751
974222
974082
973805
973507
973268
972931
972519
972346
971963
971673
971199
970777
970384
970145
969725
969375
968826
968461
968053
967785
967569
967376
967079
966813
966621
966435
966186
965980
965709
965590
965379
965101
964823
964462
964083
963750
963332
962858
962436
962206
961851
961562
961210
960854
960760
960526
960263
959980
959689
959379
959175
959003
958689
958511
958203
958067
957960
957666
957442
957203
957091
956770
956576
956518
956453
956261
955920
955434
955112
954857
954481
954093
953867
953827
953769
953542
953386
953347
952916
952883
952694
952229
951956
951689
951479
951288
950892
950573
950272
949891
949711
949360
948716
948461
948147
947524
947290
947089
946728
946388
946122
945640
945315
944960
944517
944009
943806
943092
942690
941972
941622
941333
940863
940568
940206
939848
939287
938931
938515
938201
937870
937656
937172
936757
936440
936265
936005
935517
935156
934565
934183
933913
933726
933418
932993
932714
932308
931638
931284
931044
930576
930405
930038
929476
929144
929083
928809
928483
928391
928108
927697
927186
927023
926597
926129
925630
925213
924884
924617
924407
923971
923473
923045
922758
922241
921751
921358
920882
920525
920354
920050
919867
919813
919691
919599
919527
919301
919168
918992
918858
918805
918556
918477
918218
917833
917531
917250
917017
916914
916724
916426
915895
915453
915167
914877
914578
914117
913916
913735
913454
912891
912531
912187
911922
911583
911305
911078
910902
910543
910246
909879
909546
909220
908742
908552
908294
908255
907849
907440
907155
906786
906430
906133
905735
905600
905431
905055
904727
904333
903736
903532
902989
902295
901793
901514
900928
900520
900126
899721
899443
898776
898335
898042
897620
897193
896937
896600
896458
896235
895967
895683
895339
895066
894923
894628
894371
894077
893630
893376
893057
892750
892357
892136
891836
891519
891310
891017
890656
890571
890309
889961
889591
889211
888978
888723
888614
888518
888148
888032
887721
887378
887179
886853
886555
886167
885859
885213
884867
884419
884014
883684
883102
882667
882094
881774
881277
880960
880582
880200
879735
879392
878844
878296
877894
877405
876823
876157
875799
875426
874415
874029
873731
873193
872869
872527
872175
871860
871452
871146
870602
870017
869246
869047
868821
868388
867353
866942
866304
865946
865478
865254
864634
863862
863364
862766
862562
862298
861682
861510
861279
860936
860594
859926
859675
859144
858901
858434
858171
857712
857373
856899
856508
856218
855612
855238
855032
854582
853996
853419
853101
852939
852638
852063
851725
851372
851048
850370
849990
849624
849249
848773
848373
847982
847796
847462
847187
846861
846545
846360
846033
845638
845083
844985
844718
844583
844302
844183
843889
843745
843554
843327
843101
843001
842894
842672
842572
842347
841964
841756
841507
841172
840738
840611
840437
839786
839437
838732
838221
837668
837117
836743
836419
835944
835650
835113
834445
834265
834069
833586
833094
832259
831690
831138
830583
830027
829680
829300
828395
828128
827824
827363
826817
826207
825791
825334
825026
824644
824098
823604
823391
822950
822436
821980
821688
820983
820249
820061
819856
819537
818874
818489
817939
817645
816985
816321
815677
815371
814974
814688
814477
814315
814037
813517
813388
813287
812994
812875
812705
812409
812007
811611
811426
811055
810794
810713
810290
809743
809312
808806
808599
808425
808183
807646
807074
806666
806198
805829
805579
805140
804603
804376
803923
803523
803338
803208
802679
802540
801981
801846
801253
800917
800658
799972
799604
798948
798437
798085
797798
797319
796690
796088
795784
794980
794605
794185
793862
793381
792963
792349
791859
791529
791488
791151
790872
790269
789911
789544
788914
788485
788067
787704
787249
786834
786290
785599
784961
784596
784198
783598
783180
782762
782585
782377
781971
781635
781252
780752
780334
779873
779478
779133
778756
778266
778063
777845
777393
776987
776565
776092
775657
775562
775314
775165
774909
774694
774528
774459
774207
773854
773591
773244
773008
772719
772424
772019
771780
771392
771194
770866
770410
770126
769782
769420
768983
768380
768265
768046
767869
767476
767065
766919
766311
765848
765343
764985
764551
764246
764091
763893
763541
762993
762506
762158
761962
761378
761062
760663
760295
760258
760001
759671
759422
759102
758794
758657
758339
757831
757499
757152
756918
756363
756018
755657
755144
754389
754077
753931
753865
753491
752985
752718
752230
751784
751499
750980
750366
749733
749232
748397
747900
747490
746965
746165
745623
745077
744311
743749
743308
742731
742100
741558
741022
740668
740356
740209
739845
739247
738966
738837
738669
738429
738146
737923
737790
737547
737200
736416
736073
735786
735421
734846
734366
734032
733787
733391
733072
732455
731923
731627
731276
730951
730573
730279
729770
729191
728840
728191
728017
727598
727022
726603
726130
725689
725134
724981
724711
724535
724165
723745
723580
723398
723094
722794
722195
722091
721356
720742
720097
719340
718997
718692
718640
718400
717798
717250
716851
716600
716195
715812
715244
714584
713915
713669
713306
712907
712309
711872
711569
710975
710059
709870
709454
708842
708360
707735
707342
707048
706623
706430
705864
705307
705068
704879
704627
704019
703435
702945
701793
701333
700516
699877
699408
698564
698332
697905
697601
697215
697087
696733
695945
695235
694389
693774
692928
692558
692113
691309
690803
690380
689906
689233
688757
688192
687893
687530
687273
687106
686891
686508
686446
686130
685818
685369
684983
684394
683808
683432
683232
682770
682341
681918
680951
680518
680045
679593
679290
678905
678568
677975
677515
677020
676423
675845
675409
675110
674667
674098
673738
673277
672839
672391
672102
671579
671220
670722
670052
669537
669202
668830
668553
667858
667324
666739
666095
665685
665125
664166
663374
662634
662089
661478
661129
660786
660117
658966
658456
658010
657510
656870
656506
655750
654885
654133
653440
652608
652342
651960
651272
650972
650830
650559
650257
649884
649615
649260
648934
648624
648295
647920
647617
647151
646602
646179
645724
645134
644657
643978
643523
642453
641520
640415
639977
639157
638402
637631
636920
636321
635495
634323
633243
632264
631822
631182
629862
628635
627691
627144
626381
625415
625100
624782
624481
624356
624111
623397
622759
622350
622021
621903
621745
621531
621272
620802
620603
2088025
2087516
2087474
2087430
2086572
2085920
2084899
2084238
2083620
2083291
2082657
2081928
2081638
2081010
2080452
2079935
2079701
2079046
2078301
2077399
2077061
2076209
2075529
2074838
2074033
2073817
2073322
2072966
2072028
2071329
2070577
2070301
2069652
2069320
2068824
2068178
2067737
2067137
2066649
2066005
2065143
2064521
2063452
2063024
2062560
2061251
2060416
2059803
2059336
2058660
2058041
2057309
2056484
2055688
2055008
2054246
2053986
2053429
2053050
2052197
2051544
2050696
2049780
2049340
2048782
2048222
2047905
2047556
2046780
2046183
2045393
2044506
2043688
2042964
2042006
2041189
2039973
2039114
2038448
2037578
2036520
2035849
2035396
2034551
2033849
2033209
2032602
2030932
2030026
2029363
2028854
2028265
2027511
2026652
2026036
2025481
2025070
2024417
2023516
2022738
2022108
2021243
2020393
2019909
2019384
2018671
2018136
2018095
2018039
2017730
2017193
2016693
2016113
2015334
2014523
2014150
2013450
2012762
2011884
2011276
2010543
2009648
2009096
2008498
1996453
1974938
1958696
1934088
1910487
1882545
1861900
1843234
1826034
1803407
1787938
1762639
1753073
1744427
1720871
1686047
1655069
1615369
1597861
1580465
1564077
1534723
1518759
1506822
1480482
1467653
1449596
1413476
1398463
1384917
1368173
1354882
1337164
1324036
1309980
1285888
1266173
1245260
1232464
1206633
1189140
1171820
1158852
1138829
1114861
1096890
1081696
1068994
1043477
1031090
1028208
1026049
1023059
1020677
1018787
1016514
1014147
1011219
1009857
1007471
1005386
1003004
1001361
999687
998022
996472
994764
993505
991224
989215
987388
985193
983247
980475
978372
976111
973587
971404
968729
966778
964266
961742
959622
956472
954806
950567
948944
945929
943582
940819
938181
933913
931691
925334
921641
914575
906913
871660
829040
782006
776559
774208
771196
767465
764545
761586
759329
755658
752719
749637
745634
741969
739249
737922
735445
733022
730283
727595
724931
723544
722090
718991
717247
715166
712893
710049
707716
705817
704016
700481
697904
695545
692116
689173
687263
686009
683471
681899
679418
677492
675170
673335
671706
669576
667894
666088
664167
662138
660812
658965
657728
656281
654135
652605
651381
650909
650256
649497
648763
647990
646861
645854
644710
643480
640951
639152
637437
635593
633246
631615
629176
627079
625170
624489
624095
622447
622016
621748
621284
620608
619891
618808
618410
618040
617594
617439
617000
616588
615535
614852
614275
613376
612821
612670
611309
609622
608059
605374
603788
602637
601713
600128
599932
599466
598446
596988
596268
595576
594074
593060
592649
591350
590583
589984
589369
588230
587675
586029
585126
582045
579984
578721
576937
574593
572703
572225
571019
569709
569121
567661
566543
566070
565286
564917
563616
563067
562262
561364
561094
560232
559556
558879
558313
557457
555952
554911
554209
552264
550103
548665
545982
544773
