2007976
2007103
2006522
2005919
2005153
2004675
2003720
2003173
2002478
2001954
2001283
2000539
1999827
1999306
1998794
1997807
1997118
1996635
1996009
1995668
1994666
1993946
1993246
1992750
1992157
1991416
1990907
1990100
1989662
1988890
1988265
1987941
1987115
1986486
1986342
1985890
1985647
1985073
1984808
1984082
1983549
1982776
1982132
1981611
1980955
1980347
1979314
1978732
1977875
1977152
1976684
1976094
1975627
1975149
1974444
1973943
1973562
1972773
1972166
1971982
1971402
1971069
1970490
1970135
1969715
1968855
1968358
1967944
1967016
1966215
1965654
1964648
1964150
1963621
1962928
1962372
1961584
1961105
1960432
1959401
1958587
1957701
1956982
1956181
1955620
1954537
1954222
1953364
1952938
1952411
1951983
1951045
1950354
1949743
1948755
1948045
1947551
1946744
1945918
1945030
1944476
1943728
1943268
1942481
1942180
1941641
1941290
1940889
1940786
1940221
1939698
1939301
1938721
1937819
1936977
1936454
1936107
1935445
1934989
1934389
1933937
1933302
1932830
1932242
1931686
1931274
1930929
1930474
1929568
1929244
1928785
1928040
1927732
1926631
1926370
1925810
1924984
1924363
1923537
1922791
1922256
1921648
1921092
1920512
1920475
1920178
1919894
1919544
1918973
1918008
1917284
1916728
1916263
1915388
1914798
1914502
1914284
1913825
1913328
1912982
1912526
1912227
1911591
1910895
1910409
1910118
1909591
1908806
1908217
1907699
1907502
1906887
1906333
1905949
1905122
1904721
1904160
1903931
1903119
1902625
1902105
1901450
1900879
1900080
1899308
1898557
1897897
1897202
1896332
1895752
1895243
1894972
1894030
1893199
1892291
1891441
1890795
1890006
1889686
1889186
1888853
1888374
1887768
1887032
1886736
1886068
1885462
1884782
1884345
1883825
1883421
1883002
1882447
1881395
1880878
1880009
1879409
1878794
1878065
1877702
1877277
1876822
1876032
1875562
1875074
1874347
1873971
1872951
1872505
1871690
1871262
1870684
1869922
1869498
1868731
1868103
1867473
1866816
1866451
1866056
1865122
1864762
1864299
1863781
1863188
1862657
1862140
1861684
1861211
1860678
1860146
1859567
1859361
1858870
1858453
1857992
1857646
1857085
1856413
1855968
1855733
1855321
1854881
1854559
1854251
1853820
1853458
1853153
1852889
1852534
1852167
1851501
1851251
1850916
1850353
1849853
1849648
1849072
1848783
1848428
1848080
1847562
1847377
1847106
1846610
1845806
1845458
1844963
1844208
1843506
1843160
1842977
1842475
1842287
1842160
1841760
1841491
1840843
1840402
1839986
1839588
1839267
1838756
1838406
1837990
1837750
1837242
1836893
1836462
1836050
1835646
1835268
1834805
1834261
1833492
1833249
1832833
1832438
1832048
1831619
1831088
1830384
1829876
1829593
1829154
1828828
1828377
1827750
1827239
1826445
1825882
1825441
1824695
1824217
1823862
1823398
1823194
1822726
1822249
1821650
1821192
1820862
1820396
1819790
1819162
1818938
1818401
1817924
1817431
1817141
1816642
1816312
1815836
1815467
1815037
1814924
1814433
1813934
1813622
1813243
1813009
1812711
1812131
1811743
1811296
1810946
1810505
1810217
1809802
1809408
1808656
1808064
1807708
1807234
1806895
1806646
1806025
1805749
1805199
1804924
1804364
1804300
1804015
1803407
1803053
1802671
1802294
1801754
1801513
1801084
1800773
1800328
1800154
1799742
1799472
1798764
1798402
1797623
1797392
1796471
1796020
1795448
1795177
1794537
1793896
1793560
1792824
1792566
1792031
1791742
1791221
1790611
1789653
1789151
1788858
1788246
1787903
1787278
1787104
1786508
1786225
1785931
1785260
1784885
1784549
1783969
1783567
1783145
1782583
1782177
1781736
1781303
1780985
1780529
1780186
1779748
1779212
1778641
1778295
1777662
1776958
1776307
1775701
1775024
1774402
1773732
1773543
1772986
1772612
1772164
1771664
1771285
1770742
1770256
1769668
1769127
1768405
1768087
1767348
1767138
1766770
1766451
1765818
1765150
1764633
1764064
1763419
1763132
1762484
1762182
1761714
1761509
1760725
1760292
1759764
1759244
1758885
1758529
1758115
1757683
1757145
1756810
1756380
1755503
1755072
1754614
1754184
1753758
1753251
1752977
1752679
1752311
1751761
1750968
1750828
1750357
1749884
1749493
1749008
1748171
1747558
1747176
1746737
1746480
1745764
1745382
1745012
1744814
1744448
1744144
1743681
1743070
1742308
1741801
1741387
1740779
1739981
1739460
1738631
1737803
1737284
1736571
1736250
1735960
1735858
1735451
1735046
1734942
1734398
1734031
1733326
1732907
1732342
1731697
1731347
1730812
1730475
1730087
1730023
1729368
1728838
1728578
1728060
1727568
1727230
1726308
1726010
1725837
1725420
1724599
1724211
1723724
1723239
1722655
1722021
1721068
1720479
1719786
1718980
1718696
1718192
1717994
1717394
1716988
1716524
1716209
1715549
1715086
1714484
1713733
1713342
1712819
1712511
1711915
1711421
1711016
1710450
1709769
1709262
1708793
1708223
1707649
1707083
1706200
1705783
1705118
1704465
1703444
1702742
1702567
1702084
1701812
1701279
1700924
1700387
1699984
1699344
1698934
1698514
1697946
1697450
1697279
1696782
1696635
1696399
1695772
1695325
1694652
1694206
1693901
1693188
1692596
1691923
1691306
1690973
1690458
1689947
1689506
1688548
1688260
1687554
1687248
1686574
1686165
1685763
1685140
1684662
1684020
1683354
1682575
1682009
1681352
1680661
1679870
1679422
1678609
1677925
1677389
1676694
1676325
1675606
1675104
1674641
1674101
1673186
1672516
1672069
1671410
1671005
1670272
1669706
1669318
1668583
1667734
1667374
1666902
1666305
1666027
1665553
1664867
1664369
1663892
1663407
1662882
1662573
1662191
1661721
1661180
1660887
1660373
1659918
1659298
1658489
1657545
1656926
1656345
1656212
1655767
1655104
1654370
1653985
1653417
1652800
1652453
1651797
1651130
1650381
1649714
1649518
1648861
1648272
1647743
1647443
1647008
1646545
1645979
1645411
1644923
1644447
1643655
1642846
1642363
1641939
1641294
1640716
1640384
1639650
1639067
1638353
1637990
1637453
1636953
1636294
1635915
1635371
1634847
1634198
1633806
1633304
1632870
1632433
1632035
1631550
1631085
1630862
1630377
1630005
1629671
1629477
1629119
1628704
1628315
1627653
1627323
1626829
1626422
1626075
1625790
1625431
1624768
1624514
1623770
1623152
1622958
1622869
1622228
1621899
1621456
1621141
1620444
1619714
1619293
1618741
1618006
1617565
1616729
1616156
1615626
1615135
1614858
1614100
1613542
1613203
1612776
1612166
1611725
1611314
1610906
1610433
1610127
1609520
1608559
1608058
1607458
1606836
1606512
1605951
1605420
1605128
1604417
1603917
1603560
1602865
1602326
1601738
1601378
1600839
1600022
1599252
1598643
1598001
1597647
1596840
1596565
1595911
1595483
1595214
1594538
1594367
1593715
1593350
1592900
1592279
1591885
1591661
1591501
1591147
1590896
1590281
1589675
1589255
1588917
1588530
1588115
1587645
1587047
1586609
1586296
1585910
1585502
1585252
1584698
1584462
1583908
1583651
1583139
1582634
1582185
1582004
1581616
1581165
1580731
1580465
1579969
1579802
1579355
1579033
1578647
1578147
1577744
1576924
1576291
1575780
1575362
1575007
1574701
1574119
1573673
1573249
1572781
1572549
1571995
1571758
1571313
1570870
1570554
1570023
1569864
1569621
1569108
1568889
1568451
1567905
1567716
1567472
1567117
1566566
1566292
1565923
1565393
1565043
1564683
1564307
1563927
1563529
1562967
1562577
1562107
1561569
1560785
1560337
1560073
1559635
1559218
1558775
1558071
1557654
1557397
1556929
1556477
1555950
1555697
1555202
1554965
1554460
1554119
1553676
1553437
1553051
1552477
1552319
1551539
1551149
1550509
1550023
1549754
1549483
1549278
1548934
1548590
1548206
1547785
1547569
1547038
1546740
1546477
1546171
1545786
1545633
1545184
1544747
1544488
1544292
1543893
1543807
1543670
1543333
1542993
1542762
1542227
1541593
1541146
1540462
1539977
1539606
1539277
1538921
1538278
1538182
1538139
1538111
1538080
1538051
1538024
1537458
1536964
1536476
1536135
1535582
1535021
1534519
1534055
1533398
1532990
1532584
1532034
1531634
1531372
1530929
1530100
1529551
1529178
1528863
1528567
1528225
1527707
1527295
1526730
1526092
1525554
1525001
1524543
1524187
1523906
1523439
1522973
1522432
1521817
1521503
1521174
1520576
1520085
1519500
1518848
1518508
1518207
1517861
1517518
1517097
1516913
1516539
1515925
1515547
1515171
1514657
1514171
1513883
1513461
1513169
1513034
1512579
1512228
1511969
1511477
1511148
1510788
1510365
1510098
1509656
1509225
1508771
1508561
1507873
1507561
1507234
1506556
1506004
1505579
1505090
1504594
1504207
1503827
1503267
1502866
1502446
1501980
1501355
1500688
1500264
1499794
1499510
1499143
1498776
1498321
1497963
1497640
1497022
1496519
1496259
1495954
1495677
1495293
1494942
1494311
1494138
1493549
1493096
1492599
1492430
1491463
1490818
1490421
1489889
1489491
1489132
1488692
1488422
1487995
1487403
1486540
1485931
1485591
1485405
1484880
1484293
1484008
1483666
1482980
1482406
1481912
1481704
1481214
1480796
1480264
1480048
1479428
1478867
1478393
1477831
1477389
1476944
1476685
1476099
1475641
1475412
1474824
1474321
1474019
1473674
1473191
1472744
1472199
1471639
1471459
1471226
1470572
1470231
1469865
1469380
1468868
1468335
1468047
1467526
1467307
1466978
1466604
1466155
1465954
1465600
1465193
1464932
1464719
1464193
1463795
1463626
1463245
1463086
1462727
1462415
1462119
1461650
1461046
1460567
1459879
1459311
1458846
1458283
1457802
1457313
1456552
1456243
1455636
1455299
1454667
1454325
1454063
1453772
1453461
1453028
1452685
1452257
1451717
1451420
1451125
1450724
1450231
1450075
1449695
1449480
1449014
1448574
1448500
1448122
1447681
1447033
1446490
1445889
1445598
1445219
1444649
1444358
1443957
1443593
1443301
1442880
1442477
1442167
1441832
1441548
1440958
1440353
1439861
1439511
1439300
1438756
1438445
1438123
1437841
1437442
1437173
1436775
1436256
1435823
1435546
1435155
1434623
1434237
1433566
1432921
1432711
1432156
1431690
1431391
1430777
1430167
1429868
1429420
1428749
1428206
1427906
1427402
1427027
1426892
1426652
1426011
1425458
1425164
1424839
1424727
1424645
1424377
1423982
1423523
1422964
1422517
1422068
1421526
1421203
1420802
1420340
1419842
1419171
1418647
1418240
1417799
1417346
1416859
1416421
1416045
1415632
1415218
1414867
1414387
1413934
1413594
1413278
1412858
1412268
1411805
1411392
1411215
1410560
1410099
1409719
1409325
1408828
1408548
1407891
1406971
1406398
1405722
1405371
1404920
1404335
1403406
1402996
1402169
1401856
1401440
1401241
1400848
1400163
1399484
1398813
1398415
1398077
1397686
1397065
1396510
1396063
1395610
1395090
1394733
1394410
1394095
1393559
1392568
1391968
1391596
1390894
1390603
1390322
1389726
1389164
1388642
1388141
1387639
1387208
1386507
1385970
1385543
1384917
1384276
1383643
1383083
1382674
1382295
1381966
1381478
1380871
1380064
1379598
1379011
1378685
1378095
1377569
1376796
1376345
1375715
1374993
1374943
1374288
1373640
1373247
1372832
1372355
1371894
1371221
1370708
1370354
1369887
1369398
1368798
1368475
1367873
1367405
1366896
1365977
1365603
1364692
1364461
1363658
1362981
1362588
1361830
1361471
1360649
1360109
1359497
1359045
1358703
1358677
1358374
1358146
1357779
1357121
1356483
1355765
1355026
1354619
1354102
1353657
1353111
1352531
1352311
1351909
1351502
1350727
1350148
1349767
1349127
1348486
1348138
1347777
1347431
1347008
1346355
1345559
1344977
1344411
1343858
1343737
1342999
1342634
1342417
1342059
1341836
1341399
1341171
1340976
1340548
1340108
1339906
1339570
1339249
1338993
1338761
1338530
1338204
1337802
1337530
1337122
1336616
1336177
1335610
1335294
1334884
1334714
1334347
1333939
1333614
1333073
1332380
1331472
1330982
1330523
1329910
1329056
1328916
1328496
1327859
1327396
1326921
1326399
1325688
1325037
1324518
1323874
1323586
1323213
1323102
1323026
1322736
1322675
1321989
1321603
1321101
1320335
1319656
1319385
1318770
1318246
1317722
1317390
1316697
1316268
1315874
1315099
1314689
1314248
1313724
1313118
1312900
1312566
1312169
1311667
1311218
1310802
1310353
1309940
1309698
1309478
1309023
1308537
1308144
1307665
1307199
1306823
1306473
1306068
1305664
1305278
1304811
1304273
1303999
1303924
1303436
1302695
1302254
1301737
1301381
1300802
1300445
1300098
1299497
1298852
1298260
1297811
1297608
1297131
1296753
1296588
1296157
1295746
1295491
1295148
1294472
1294303
1294243
1293913
1293624
1293021
1292533
1292088
1291773
1291262
1290674
1290184
1289711
1289257
1288576
1288215
1287786
1287340
1286933
1286673
1286354
1285826
1285547
1285197
1284825
1284439
1284083
1283805
1283250
1282749
1282249
1281501
1281214
1280685
1280418
1280380
1280340
1279977
1279313
1278665
1278438
1278219
1278146
1277775
1277419
1277244
1276738
1276425
1276029
1275535
1275157
1274818
1274391
1273982
1273452
1273177
1272832
1272587
1272351
1272043
1271903
1271541
1271441
1271243
1270927
1270786
1270655
1270319
1270145
1269988
1269583
1269323
1269065
1268896
1268683
1268497
1267928
1267667
1267382
1266972
1266649
1266182
1265873
1265519
1265128
1264696
1264260
1263827
1263602
1263240
1262873
1262529
1262364
1262054
1261577
1261294
1260930
1260596
1260357
1260052
1259764
1259441
1259028
1258574
1258170
1257868
1257392
1257114
1256734
1255950
1255407
1254619
1254072
1253145
1252067
1251051
1250347
1249504
1248678
1247879
1247080
1246533
1246203
1246078
1245556
1245190
1244858
1244462
1244159
1243661
1243285
1243134
1242779
1242491
1242122
1241801
1241537
1241287
1240814
1240402
1240173
1239871
1239668
1239293
1238960
1238658
1238286
1237749
1237423
1237000
1236871
1236429
1236096
1235598
1235446
1235247
1234917
1234503
1234418
1234326
1234238
1233789
1233681
1233379
1232925
1232631
1232168
1231691
1231400
1231009
1230631
1230417
1229989
1229548
1229197
1228854
1228440
1228256
1227885
1227774
1227586
1227322
1226975
1226761
1226387
1225730
1225184
1224730
1224367
1224182
1223740
1223317
1222706
1222309
1222010
1221333
1220962
1220452
1220057
1219642
1219249
1218773
1218339
1217785
1217461
1217402
1216815
1216405
1216027
1215450
1215032
1214644
1214295
1213806
1213525
1212936
1212205
1211859
1211499
1211115
1210641
1210296
1209814
1208951
1208866
1208352
1208244
1208088
1207799
1207456
1207407
1207092
1206948
1206684
1206362
1205890
1205494
1204990
1204251
1203805
1203112
1202733
1202229
1201436
1201248
1200776
1200256
1199910
1199516
1199089
1198622
1198278
1197939
1197476
1197084
1196690
1196179
1195680
1195294
1194710
1194566
1194459
1193948
1193814
1193516
1193445
1193147
1192937
1192776
1192163
1191652
1191288
1190812
1190433
1190044
1189445
1189062
1188593
1188314
1187677
1187390
1186922
1186557
1186378
1186076
1185754
1185567
1185429
1185213
1184909
1184562
1184182
1183681
1183444
1183003
1182576
1182120
1181876
1181388
1181051
1180816
1180351
1179969
1179385
1178949
1178338
1177668
1177052
1176647
1176587
1176543
1176403
1176303
1176070
1175909
1175710
1175233
1174917
1174648
1174105
1173722
1173274
1172966
1172581
1172484
1172103
1171898
1171517
1171233
1170865
1170550
1170188
1169782
1169441
1169156
1168857
1168558
1168332
1168038
1167658
1167461
1167204
1167047
1166714
1166533
1166095
1165882
1165490
1165289
1164943
1164696
1164379
1164193
1163927
1163691
1163335
1163095
1162791
1162485
1162160
1161804
1161413
1160919
1160510
1159998
1159501
1159248
1159140
1159022
1158986
1158574
1158208
1157886
1157447
1156906
1156453
1156144
1155441
1155031
1154797
1154197
1153571
1152997
1152496
1151997
1151371
1150953
1150496
1150279
1149679
1148999
1148458
1148181
1147857
1147786
1147353
1147088
1147030
1146977
1146536
1146053
1145699
1145212
1144641
1144152
1143861
1143326
1142826
1142441
1141911
1141207
1140999
1140688
1140264
1139904
1139221
1138757
1138231
1137855
1137408
1136858
1136368
1135791
1135062
1134865
1134467
1133910
1133149
1132596
1132007
1131608
1131275
1130897
1130493
1129977
1129471
1129080
1128653
1128227
1127700
1127271
1126519
1126025
1125512
1125332
1125033
1124404
1124250
1124013
1123588
1123224
1123177
1122965
1122613
1122252
1121871
1121729
1121146
1120480
1120056
1119327
1118881
1118512
1118213
1117817
1117291
1117211
1116882
1116361
1115978
1115477
1115126
1114733
1114204
1113815
1113562
1113408
1113148
1112852
1112460
1112088
1111737
1111534
1111237
1110629
1110192
1109908
1109452
1109150
1108624
1108398
1108049
1107990
1107463
1106998
1106845
1106489
1106256
1105869
1105301
1104939
1104680
1104342
1103978
1103782
1103410
1103053
1102764
1102545
1102181
1102129
1101800
1101580
1101361
1101060
1100824
1100566
1100333
1099910
1099439
1098969
1098463
1097796
1097316
1096981
1096448
1095711
1095199
1094772
1094242
1093760
1093485
1093438
1092890
1092459
1091938
1091583
1090940
1090753
1090156
1089572
1089259
1088924
1088357
1087848
1087482
1086945
1086465
1086241
1085923
1085501
1085156
1084788
1084330
1083822
1083196
1082788
1082687
1082609
1082403
1081695
1080935
1080337
1079880
1079196
1078785
1078370
1078041
1077589
1077173
1076820
1076722
1076588
1076242
1076044
1075768
1075368
1074971
1074604
1074205
1073745
1073454
1073151
1072598
1072195
1071752
1071504
1071074
1070878
1070486
1070104
1069790
1069538
1069352
1068943
1067976
1067352
1066725
1066551
1066343
1065810
1065374
1065135
1064884
1064493
1063919
1063683
1063030
1062779
1062380
1062058
1061702
1061465
1061031
1060355
1059963
1059621
1059190
1058854
1058735
1058617
1058377
1058137
1057876
1057439
1057135
1056808
1056700
1056439
1055991
1055319
1055036
1054808
1054338
1053923
1053752
1053178
1052887
1052522
1052144
1051974
1051846
1051316
1050873
1050503
1050023
1049694
1049389
1049123
1048945
1048660
1048365
1048174
1047899
1047615
1047321
1046975
1046356
1046085
1045678
1045291
1044796
1044588
1044291
1044038
1043662
1043185
1042848
1042518
1042209
1041701
1041162
1040588
1040249
1040130
1039617
1039211
1038653
1038238
1037820
1037376
1036793
1036593
1036062
1035744
1035627
1035145
1034932
1034652
1034334
1034178
1033768
1033377
1033062
1032714
1032400
1032095
1031924
1031631
1031263
1030938
1030596
1030459
1030201
1029891
1029504
1029327
1029266
1028953
1028867
1028646
1028211
1027954
1027627
1027279
1026928
1026823
1026685
1026654
1026507
1026314
1026027
1025692
1025412
1025071
1024841
1024612
1024196
1023832
1023330
1023109
1022937
1022644
1022325
1022215
1021929
1021627
1021494
1021081
1020819
1020708
1020468
1020301
1019862
1019513
1019253
1018921
1018796
1018415
1018168
1017840
1017595
1017207
1016897
1016615
1016431
1016135
1015786
1015607
1015246
1015162
1014857
1014523
1014381
1013986
1013744
1013411
1012967
1012798
1012530
1012366
1012053
1011825
1011512
1011425
1011130
1010738
1010392
1010134
1009858
1009704
1009461
1009190
1008855
1008633
1008313
1008019
1007485
1007153
1006792
1006352
1005887
1005574
1005336
1005141
1004783
1004602
1004298
1003845
1003322
1003005
1002653
1002590
1002338
1002136
1001852
1001547
1001208
1000973
1000572
1000263
1000080
999687
999454
999039
998769
998489
998373
998152
998111
998012
997349
997123
996746
996472
996110
995700
995413
995105
994859
994486
994039
993799
993508
993172
992889
992489
992161
991839
991457
991226
990844
990424
990090
989750
989466
989073
988756
988508
988203
987982
987723
987598
987310
986988
986588
986285
986248
986218
986188
985912
985665
985404
985067
985034
984777
984466
984148
983768
983686
983411
982962
982615
982180
981943
981568
981224
981071
980589
980382
980015
979714
979591
979288
979017
978667
978382
978086
977728
977548
977169
976925
976650
976230
976071
975905
975284
974804
974637
974144
973871
973589
973389
973100
972654
972422
972068
971836
971413
971020
970673
970263
969977
969536
968964
968654
968274
967837
967674
967438
967237
966873
966766
966515
966361
966080
965873
965689
965485
965272
965003
964664
964274
963848
963530
963155
962785
962273
962049
961739
961421
961092
960799
960648
960360
960115
959825
959500
959270
959127
958836
958603
958406
958088
958049
957818
957530
957348
957167
956945
956639
956540
956502
956381
956073
955704
955198
954957
954616
954244
953907
953851
953797
953666
953401
953371
953262
952898
952771
952455
952042
951882
951613
951311
951109
950813
950452
950130
949869
949525
948975
948698
948339
947816
947386
947162
946876
946512
946215
945928
945580
945070
944731
944287
943908
943410
942894
942243
941752
941458
941091
940819
940451
940033
939589
939179
938699
938440
937900
937807
937509
936941
936584
936353
936118
935804
935315
934896
934311
933988
933881
933555
933269
932900
932405
931936
931498
931229
930807
930553
930198
929777
929198
929099
929065
928720
928425
928159
927823
927415
927050
926911
926385
925914
925442
925086
924811
924588
924034
923757
923182
922881
922585
922118
921575
920993
920736
920411
920247
919914
919840
919710
919675
919543
919341
919277
919149
918884
918817
918699
918535
918280
917929
917679
917326
917174
916941
916873
916628
916185
915775
915281
914954
914694
914408
914093
913811
913558
913171
912759
912311
912032
911746
911500
911150
910927
910702
910468
909945
909772
909322
908902
908614
908453
908280
908028
907636
907335
907085
906582
906213
905955
905639
905555
905242
905009
904537
904074
903637
903372
902852
901884
901577
901202
900775
900243
900052
899595
899130
898644
898217
897913
897339
897010
896660
896535
896330
896140
895855
895593
895279
894976
894695
894441
894295
893915
893475
893154
892937
892569
892282
891971
891736
891399
891102
890836
890615
890411
890102
889850
889439
889058
888736
888672
888557
888222
888091
887875
887599
887278
887021
886774
886353
886048
885351
885017
884700
884241
883869
883379
882844
882324
881837
881390
881155
880849
880418
879891
879495
879201
878529
877923
877671
877092
876497
875899
875667
874996
874123
873835
873448
872950
872640
872289
871948
871582
871222
870948
870361
869697
869117
868889
868595
867911
867063
866624
866015
865684
865415
864951
864274
863639
863035
862648
862510
862042
861532
861465
861199
860885
860486
859744
859324
858964
858634
858244
857941
857543
857113
856776
856416
855909
855396
855189
854845
854070
853707
853285
852977
852717
852301
851933
851676
851155
850641
850158
849917
849364
849234
848661
848249
847931
847622
847312
847042
846796
846468
846141
845763
845273
845064
844800
844653
844453
844241
844073
843824
843691
843439
843178
843064
842941
842797
842626
842516
842086
841933
841623
841266
840913
840625
840575
840187
839531
839077
838367
837945
837412
836887
836621
836118
835775
835365
834806
834278
834248
833907
833406
832576
831940
831387
830774
830266
829787
829476
828758
828220
828005
827601
827170
826461
826007
825535
825229
824902
824326
824001
823478
823138
822710
822363
821797
821265
820595
820194
819945
819765
819176
818578
818133
817720
817279
816385
815918
815524
815321
814712
814677
814336
814204
813774
813436
813305
813116
812940
812787
812535
812180
811745
811496
811211
810856
810776
810437
809902
809586
808931
808701
808479
808292
808013
807282
806946
806435
806056
805739
805393
804900
804388
804121
803751
803489
803264
802900
802564
802246
801914
801569
801014
800777
800382
799709
799370
798579
798234
797926
797510
796821
796330
795995
795298
794770
794262
794035
793669
793016
792689
792005
791612
791511
791436
791092
790692
790034
789702
789169
788749
788409
787948
787470
787119
786527
785914
785214
784872
784349
783996
783425
783056
782656
782564
782237
781766
781377
780987
780576
780125
779707
779327
779021
778465
778115
778026
777607
777333
776682
776377
775932
775616
775452
775243
775014
774815
774584
774478
774336
773934
773701
773491
773166
772827
772539
772245
771917
771598
771298
770980
770567
770229
769970
769590
769252
768677
768279
768248
767977
767632
767274
767005
766734
766087
765568
765184
764778
764475
764148
764024
763637
763353
762712
762327
762094
761668
761258
760793
760360
760278
760064
759754
759657
759319
758926
758780
758578
758109
757687
757245
757059
756631
756270
755799
755441
754783
754170
753948
753911
753755
753276
752784
752471
751960
751686
751217
750596
750063
749376
748718
748146
747752
747180
746438
746026
745421
744865
744060
743455
742969
742365
741710
741372
740909
740570
740329
740004
739502
739104
738910
738776
738510
738260
738109
737879
737600
737316
736754
736253
735973
735691
735152
734747
734230
733926
733532
733260
732777
732055
731752
731408
731126
730717
730439
730112
729487
728909
728532
728070
727800
727288
726831
726316
725951
725322
725038
724959
724608
724349
723993
723657
723540
723364
722931
722548
722113
721862
720939
720380
719842
719248
718817
718655
718512
718100
717506
717038
716724
716376
716019
715364
715069
714319
713784
713493
713178
712429
712035
711691
711336
710416
709880
709818
709197
708602
707985
707413
707097
706892
706587
705939
705576
705130
704926
704754
704361
703750
703161
702649
701648
700998
699944
699688
698971
698353
698224
697635
697445
697171
697041
696239
695537
694870
694133
693235
692758
692396
691775
691034
690512
690238
689506
688868
688474
687951
687686
687366
687188
686994
686857
686480
686179
686008
685672
685107
684725
684183
683521
683383
682891
682557
681997
681277
680639
680173
679846
679451
679091
678656
678218
677864
677257
676582
676141
675597
675164
674850
674460
673888
673375
672912
672666
672222
671733
671290
670938
670243
669760
669411
669079
668619
668221
667536
667071
666321
665938
665404
664804
663821
663151
662295
661848
661217
660875
660443
659553
658704
658187
657855
657162
656712
656044
655024
654326
653971
653061
652479
652194
651704
651063
650947
650720
650433
650075
649836
649477
649242
648833
648603
648054
647716
647457
646854
646299
645897
645385
644806
644475
643898
642940
642036
641032
640240
639628
638626
638064
637391
636688
635800
635262
633657
632991
631902
631573
630466
629479
628044
627370
626860
625878
625285
624812
624606
624432
624272
623804
623097
622402
622123
621928
621779
621711
621404
621247
620616
620299
619663
619071
618713
618409
618198
617897
617591
617468
617249
616884
616723
615756
615292
614882
614658
614050
613470
613160
612711
612518
611680
610380
609584
608244
607534
605366
603816
603063
602617
601762
600606
600102
599940
599723
599414
598458
597609
596763
596486
595651
594876
594271
593362
592742
592648
591535
590933
590568
589993
589958
589508
588696
587828
587673
587127
586001
585112
582162
581755
579873
578788
578689
576943
574636
573875
572762
572268
571369
571017
570436
569404
568540
567758
567224
566358
565954
565297
564942
564285
563514
563295
562443
562198
561373
561189
560864
560231
559579
559116
558896
558347
558160
557289
556161
555611
554814
554382
553859
551368
550095
549425
548207
545816
544753
543794
542404
541251
539167
538254
535713
534666
534510
532540
532433
530213
528626
528406
525334
522855
522098
521525
520763
519977
518982
518788
517960
517682
517133
516833
515642
515391
513014
512681
511324
510060
509407
507773
506124
503844
501752
500570
500016
498724
496452
493403
492767
489085
487486
485377
483533
480659
479900
479107
478976
478502
477597
477381
477265
477139
474699
472377
470441
468385
467548
464237
462383
461706
461195
459669
458904
456043
454982
453288
452712
451968
451593
450381
448263
448032
447179
445574
443242
440887
438369
434981
433627
432548
432065
430050
429400
426808
425374
424170
422155
419417
416624
416558
416173
414185
413289
412644
412148
410882
408780
407464
406431
405744
404891
403494
402216
400385
399859
397719
393114
392161
388861
386528
385539
384437
382596
381501
379921
377777
376309
375197
374860
372685
370590
369475
369132
368167
367939
367491
366634
365028
364730
364376
361548
359633
354644
353088
348697
346511
342488
340085
338318
334490
333385
332225
331292
328828
327892
327221
2088685
2087533
2087492
2087454
2087219
2086343
2085399
2084588
2084110
2083495
2083103
2082416
2081752
2081197
2080726
2080222
2079839
2079281
2078928
2077522
2077310
2076442
2075721
2074965
2074428
2073862
2073410
2073046
2072351
2071933
2070983
2070414
2069932
2069588
2069161
2068551
2067834
2067514
2066968
2066364
2065552
2064933
2063778
2063179
2062757
2061827
2060604
2060265
2059648
2058794
2058480
2057504
2056763
2055846
2055092
2054783
2054213
2053594
2053292
2052766
2052067
2051329
2050430
2049574
2049029
2048405
2048122
2047734
2047180
2046345
2045978
2044723
2043836
2043269
2042528
2041324
2040460
2039579
2038650
2037984
2036986
2036191
2035477
2035152
2034267
2033723
2032778
2031801
2030616
2029912
2029180
2028493
2027904
2027312
2026472
2025563
2025255
2024604
2023850
2023260
2022457
2021755
2020907
2020083
2019487
2019162
2018548
2018119
2018068
2017777
2017521
2016926
2016494
2015889
2015041
2014276
2013691
2013117
2012396
2011605
2011037
2010356
2009189
2008901
2008116
1983587
1965934
1942206
1924828
1902409
1873123
1853435
1839773
1811355
1798734
1775102
1758977
1749102
1736449
1707866
1663928
1624696
1606998
1590166
1575140
1552562
1525595
1512555
1491296
1472744
1463740
1422537
1406077
1391438
1373601
1361298
1340621
1330532
1315237
1293633
1270124
1256386
1238375
1217825
1193526
1182051
1164165
1150422
1125481
1104876
1090519
1076308
1063167
1033105
1030187
1027155
1023866
1021968
1019346
1017228
1015197
1012970
1010549
1008467
1006093
1003827
1002136
1000529
998992
997342
995106
993841
992926
990224
988177
986285
984497
981914
979575
976950
974783
972500
970145
967597
966063
963039
960741
957663
955909
952457
949890
947125
945100
942205
939309
936114
932994
928540
923246
916504
912510
890258
843824
802278
778773
775097
772956
768990
765850
763525
760596
757477
753914
751484
747759
743750
740573
738662
736758
734025
731416
728841
725964
724165
722797
720378
718506
716363
713768
711618
709173
706829
704921
702434
698829
697148
693737
690542
687942
686524
684987
682785
680100
678586
676142
674249
672581
670992
668800
666961
665383
663152
661237
660308
658189
656871
654950
653453
652196
650979
650562
649861
649248
648487
647513
646291
645271
643983
642056
640017
638168
636546
634894
632228
630254
627807
625607
624796
624358
623189
622218
621902
621552
621084
620259
619325
618697
618215
617792
617500
617234
616769
615753
615102
614671
613815
613252
612700
612053
610213
609029
607001
604011
603057
