2007131
2006599
2006006
2005235
2004698
2004220
2003298
2002557
2002110
2001432
2000591
1999890
1999359
1999043
1997861
1997189
1996711
1996016
1995759
1994842
1994032
1993280
1992937
1992390
1991535
1990910
1990299
1989837
1989033
1988304
1988097
1987203
1986586
1986370
1985897
1985736
1985128
1984828
1984143
1983606
1982885
1982212
1981688
1980994
1980605
1979458
1978770
1977888
1977159
1976761
1976273
1975630
1975416
1974477
1974028
1973605
1972866
1972200
1971991
1971474
1971177
1970545
1970178
1969795
1968893
1968530
1967977
1967120
1966258
1965722
1964700
1964261
1963739
1962979
1962453
1961676
1961120
1960609
1959435
1958700
1957915
1957038
1956357
1955628
1954886
1954268
1953394
1953012
1952443
1952068
1951139
1950357
1949964
1948783
1948125
1947639
1947027
1945953
1945263
1944550
1943931
1943347
1942591
1942224
1941717
1941365
1940921
1940812
1940560
1939760
1939326
1938777
1937884
1937048
1936536
1936158
1935464
1935034
1934453
1934013
1933560
1932916
1932249
1931952
1931283
1930998
1930628
1929590
1929355
1928852
1928232
1927751
1926641
1926438
1925819
1925080
1924440
1923584
1922881
1922395
1921715
1921142
1920614
1920479
1920210
1919942
1919583
1919103
1918037
1917374
1916733
1916335
1915494
1914810
1914526
1914326
1913870
1913514
1913063
1912551
1912239
1911658
1911028
1910423
1910150
1909604
1908874
1908242
1907734
1907512
1906981
1906338
1906048
1905240
1904732
1904261
1903949
1903158
1902682
1902254
1901627
1900927
1900121
1899405
1898610
1898023
1897277
1896413
1895779
1895321
1895001
1894036
1893297
1892366
1891445
1890853
1890035
1889758
1889254
1888907
1888427
1887813
1887119
1886754
1886162
1885551
1884844
1884453
1883979
1883463
1883192
1882514
1881578
1880943
1880080
1879442
1878870
1878150
1877743
1877409
1876855
1876184
1875610
1875129
1874715
1874134
1873166
1872630
1871735
1871309
1870725
1869985
1869596
1868756
1868123
1867743
1866904
1866480
1866089
1865200
1864813
1864384
1863814
1863242
1862818
1862154
1861758
1861364
1860749
1860207
1859595
1859373
1858937
1858631
1858104
1857749
1857160
1856527
1856008
1855786
1855338
1855057
1854575
1854270
1853827
1853501
1853189
1852993
1852544
1852282
1851568
1851257
1850952
1850359
1850037
1849676
1849202
1848790
1848521
1848148
1847729
1847395
1847162
1846673
1845989
1845498
1845121
1844300
1843615
1843214
1842994
1842517
1842369
1842163
1841779
1841554
1840885
1840492
1840035
1839689
1839330
1838849
1838474
1838020
1837794
1837348
1836916
1836499
1836080
1835712
1835379
1834832
1834352
1833578
1833301
1832887
1832462
1832067
1831661
1831165
1830440
1830027
1829624
1829161
1828866
1828397
1827850
1827280
1826509
1825943
1825468
1824787
1824248
1823901
1823415
1823235
1822733
1822329
1821702
1821237
1820965
1820451
1819879
1819335
1818948
1818513
1817959
1817525
1817186
1816684
1816378
1815892
1815628
1815096
1814941
1814614
1813975
1813664
1813361
1813064
1812771
1812199
1811828
1811302
1811131
1810622
1810257
1809875
1809473
1808846
1808096
1807756
1807390
1806909
1806715
1806131
1805758
1805309
1804973
1804378
1804309
1804112
1803443
1803073
1802729
1802303
1801814
1801543
1801184
1800814
1800383
1800163
1799833
1799494
1798840
1798457
1797629
1797488
1796686
1796142
1795476
1795278
1794698
1794073
1793624
1792892
1792595
1792042
1791769
1791299
1790681
1789840
1789518
1788895
1788260
1787935
1787307
1787130
1786569
1786253
1786115
1785383
1784959
1784645
1784032
1783630
1783210
1782673
1782328
1781820
1781321
1781096
1780541
1780331
1779800
1779290
1778712
1778337
1777803
1776967
1776324
1775747
1775151
1774598
1773822
1773581
1773031
1772638
1772215
1771841
1771384
1770753
1770275
1769783
1769182
1768727
1768093
1767429
1767206
1766793
1766510
1765841
1765272
1764719
1764077
1763473
1763212
1762533
1762235
1761719
1761581
1760908
1760367
1759856
1759305
1758908
1758570
1758178
1757838
1757176
1756883
1756462
1755584
1755160
1754695
1754237
1753826
1753284
1752992
1752688
1752337
1751819
1751368
1750832
1750393
1750127
1749612
1749102
1748200
1747586
1747207
1746746
1746523
1745884
1745465
1745093
1744827
1744537
1744166
1743701
1743089
1742549
1741830
1741410
1740850
1740141
1739544
1738869
1737860
1737308
1736823
1736274
1735977
1735878
1735531
1735116
1734965
1734420
1734064
1733369
1733040
1732439
1731757
1731384
1730843
1730572
1730132
1730043
1729472
1728876
1728603
1728115
1727682
1727311
1726375
1726016
1725906
1725423
1724630
1724421
1723780
1723385
1722734
1722095
1721160
1720559
1719848
1719024
1718709
1718216
1717997
1717532
1716994
1716584
1716245
1715806
1715164
1714538
1713800
1713402
1712927
1712656
1712025
1711485
1711107
1710477
1709996
1709355
1708863
1708285
1707758
1707142
1706402
1705803
1705197
1704553
1703641
1702773
1702625
1702216
1701849
1701367
1700938
1700445
1700095
1699465
1698968
1698573
1698014
1697619
1697317
1696804
1696644
1696416
1696030
1695376
1694731
1694210
1693935
1693349
1692690
1692018
1691338
1691014
1690503
1690108
1689517
1688813
1688285
1687603
1687275
1686767
1686217
1685827
1685212
1684859
1684159
1683446
1682682
1682050
1681393
1680767
1679912
1679508
1678714
1677965
1677462
1676769
1676402
1675641
1675124
1674876
1674156
1673304
1672585
1672077
1671431
1671099
1670480
1669742
1669321
1668664
1667782
1667448
1666950
1666340
1666049
1665659
1664879
1664456
1663928
1663570
1662898
1662626
1662235
1661726
1661347
1660916
1660433
1660012
1659362
1658584
1657660
1657096
1656440
1656275
1655775
1655154
1654550
1654034
1653526
1652919
1652475
1651862
1651141
1650416
1649782
1649537
1648965
1648507
1647816
1647473
1647043
1646566
1645997
1645471
1645179
1644553
1643759
1642927
1642517
1641969
1641370
1640825
1640498
1639717
1639135
1638366
1638008
1637585
1636989
1636344
1636004
1635406
1634916
1634221
1633894
1633328
1632938
1632468
1632057
1631618
1631128
1630887
1630452
1630059
1629692
1629498
1629190
1628750
1628330
1627738
1627345
1626898
1626503
1626081
1625848
1625451
1624935
1624538
1623840
1623205
1622981
1622895
1622263
1621928
1621468
1621227
1620488
1619729
1619326
1618765
1618129
1617626
1616825
1616234
1615825
1615220
1614903
1614254
1613572
1613300
1612811
1612230
1611865
1611354
1610945
1610484
1610186
1609662
1608768
1608286
1607518
1606990
1606553
1606018
1605461
1605217
1604454
1604046
1603607
1602955
1602404
1601893
1601452
1600952
1600169
1599361
1598790
1598133
1597677
1596945
1596581
1595967
1595571
1595252
1594585
1594414
1593803
1593445
1592954
1592382
1591922
1591675
1591515
1591168
1590982
1590342
1589789
1589302
1588954
1588546
1588170
1587668
1587061
1586694
1586337
1585937
1585573
1585261
1584754
1584479
1584000
1583711
1583227
1582698
1582315
1582016
1581688
1581193
1580908
1580486
1579990
1579822
1579458
1579049
1578672
1578174
1577780
1577032
1576456
1575834
1575412
1575092
1574780
1574185
1573723
1573331
1572942
1572609
1572028
1571770
1571354
1570979
1570580
1570033
1569967
1569665
1569201
1568899
1568480
1567930
1567724
1567513
1567157
1566712
1566328
1565982
1565458
1565114
1564766
1564337
1564077
1563554
1563014
1562656
1562179
1561642
1560891
1560368
1560099
1559669
1559222
1558898
1558127
1557802
1557430
1556949
1556559
1556093
1555720
1555208
1554978
1554503
1554162
1553688
1553467
1553054
1552562
1552353
1551630
1551190
1550592
1550039
1549777
1549493
1549292
1548998
1548640
1548220
1547931
1547600
1547154
1546758
1546502
1546225
1545810
1545671
1545219
1544865
1544557
1544374
1544003
1543811
1543731
1543365
1543029
1542767
1542327
1541632
1541177
1540605
1539995
1539727
1539387
1538951
1538318
1538189
1538143
1538116
1538085
1538055
1538028
1537623
1537025
1536543
1536179
1535591
1535207
1534573
1534113
1533566
1533019
1532636
1532072
1531707
1531380
1530957
1530242
1529667
1529195
1528904
1528630
1528258
1527776
1527444
1526768
1526180
1525734
1525043
1524595
1524208
1523953
1523479
1522979
1522555
1521895
1521572
1521231
1520770
1520203
1519781
1518991
1518520
1518227
1517938
1517577
1517216
1516936
1516569
1515947
1515683
1515224
1514716
1514244
1513941
1513473
1513205
1513074
1512592
1512372
1512023
1511495
1511182
1510891
1510415
1510138
1509726
1509263
1508825
1508585
1508050
1507578
1507269
1506595
1506128
1505593
1505102
1504621
1504243
1503927
1503369
1502890
1502494
1502116
1501453
1500765
1500311
1499820
1499515
1499227
1498806
1498361
1498044
1497649
1497085
1496589
1496306
1495985
1495701
1495347
1494973
1494451
1494149
1493594
1493180
1492640
1492466
1491564
1491088
1490531
1490029
1489647
1489164
1488726
1488507
1488053
1487447
1486656
1485977
1485702
1485421
1485015
1484365
1484062
1483706
1483092
1482428
1481962
1481771
1481283
1480912
1480287
1480086
1479443
1478974
1478432
1477850
1477399
1477118
1476721
1476121
1475735
1475451
1474867
1474325
1474063
1473698
1473451
1472825
1472252
1471678
1471481
1471246
1470637
1470254
1469973
1469408
1468903
1468406
1468114
1467537
1467379
1466997
1466711
1466221
1465986
1465624
1465373
1464950
1464771
1464205
1463843
1463683
1463286
1463099
1462847
1462448
1462132
1461734
1461081
1460621
1459925
1459349
1458954
1458423
1457842
1457351
1456827
1456264
1455664
1455346
1454892
1454462
1454071
1453875
1453522
1453156
1452709
1452286
1451750
1451484
1451168
1450759
1450302
1450091
1449763
1449489
1449105
1448794
1448527
1448193
1447789
1447269
1446709
1446054
1445605
1445276
1444710
1444429
1444053
1443639
1443324
1442939
1442588
1442216
1441852
1441609
1441012
1440403
1439921
1439520
1439334
1438808
1438553
1438202
1437874
1437531
1437225
1436814
1436407
1435848
1435681
1435271
1434682
1434360
1433641
1433030
1432714
1432232
1431836
1431423
1430860
1430275
1429882
1429467
1428970
1428284
1427928
1427437
1427157
1426930
1426752
1426111
1425511
1425258
1424849
1424766
1424664
1424421
1424114
1423551
1423050
1422539
1422081
1421556
1421252
1420879
1420402
1419896
1419359
1418709
1418333
1417851
1417358
1416932
1416448
1416064
1415650
1415255
1414898
1414443
1414047
1413647
1413304
1412906
1412416
1411945
1411405
1411260
1410611
1410122
1409753
1409514
1408912
1408561
1408041
1407031
1406460
1405889
1405479
1404926
1404402
1403560
1403007
1402401
1401964
1401476
1401293
1400877
1400305
1399620
1398840
1398461
1398160
1397691
1397171
1396518
1396174
1395641
1395150
1394754
1394480
1394127
1393646
1392749
1392191
1391626
1391244
1390632
1390344
1389774
1389232
1388656
1388145
1387678
1387305
1386612
1386025
1385576
1385018
1384321
1383739
1383206
1382711
1382394
1382001
1381604
1380897
1380192
1379827
1379050
1378695
1378264
1377667
1376877
1376391
1375797
1375091
1374949
1374350
1373734
1373330
1372874
1372425
1372011
1371254
1370785
1370414
1369947
1369406
1368813
1368525
1367997
1367495
1366949
1366168
1365717
1365081
1364498
1363800
1363014
1362630
1362299
1361589
1360712
1360144
1359576
1359055
1358750
1358680
1358393
1358153
1357883
1357195
1356570
1355886
1355183
1354643
1354160
1353667
1353333
1352595
1352339
1351927
1351532
1350825
1350218
1349810
1349270
1348596
1348152
1347886
1347469
1347094
1346497
1345596
1345090
1344484
1343903
1343749
1343116
1342647
1342485
1342101
1341895
1341462
1341190
1341018
1340621
1340130
1339932
1339582
1339352
1339020
1338767
1338572
1338216
1337833
1337592
1337141
1336703
1336248
1335774
1335330
1334940
1334720
1334381
1334061
1333690
1333129
1332428
1331519
1331038
1330559
1329964
1329085
1328933
1328547
1327887
1327399
1327224
1326632
1325705
1325101
1324634
1324017
1323708
1323244
1323105
1323032
1322740
1322683
1322078
1321696
1321147
1320730
1319668
1319455
1318840
1318264
1317767
1317427
1316798
1316291
1315912
1315113
1314817
1314265
1313776
1313143
1312961
1312598
1312177
1311707
1311270
1310813
1310455
1309949
1309748
1309500
1309026
1308639
1308166
1307698
1307279
1306857
1306492
1306098
1305696
1305305
1304879
1304378
1304006
1303944
1303547
1302885
1302502
1301748
1301408
1300845
1300507
1300117
1299524
1298971
1298469
1297872
1297634
1297161
1296784
1296595
1296171
1295765
1295503
1295237
1294561
1294335
1294249
1294010
1293651
1293076
1292565
1292151
1291816
1291304
1290723
1290321
1289807
1289340
1288769
1288225
1287859
1287389
1286969
1286694
1286498
1285888
1285593
1285254
1284878
1284490
1284174
1283891
1283465
1282785
1282302
1281559
1281218
1280710
1280558
1280385
1280347
1280021
1279393
1278692
1278498
1278223
1278175
1277810
1277475
1277274
1276825
1276499
1276073
1275552
1275181
1274872
1274443
1274006
1273529
1273238
1272846
1272605
1272374
1272091
1271913
1271572
1271450
1271281
1270965
1270792
1270694
1270353
1270168
1270015
1269598
1269383
1269172
1268932
1268688
1268512
1267973
1267754
1267394
1266982
1266673
1266219
1265914
1265646
1265162
1264718
1264285
1263880
1263607
1263288
1262893
1262544
1262426
1262130
1261595
1261368
1260993
1260664
1260376
1260119
1259809
1259454
1259077
1258607
1258206
1257886
1257431
1257201
1256769
1256119
1255443
1254766
1254113
1253380
1252174
1251116
1250411
1249620
1248731
1247966
1247124
1246564
1246252
1246161
1245616
1245261
1244882
1244509
1244194
1243699
1243312
1243144
1242809
1242617
1242232
1241898
1241557
1241351
1241028
1240460
1240214
1239881
1239697
1239330
1238977
1238691
1238388
1237801
1237494
1237074
1236898
1236451
1236115
1235655
1235453
1235252
1234934
1234550
1234429
1234364
1234273
1233795
1233718
1233434
1233021
1232689
1232204
1231709
1231431
1231050
1230725
1230432
1230055
1229597
1229231
1228870
1228446
1228283
1227955
1227779
1227593
1227351
1227021
1226810
1226452
1225766
1225226
1224769
1224380
1224212
1223760
1223372
1222847
1222462
1222027
1221468
1221065
1220490
1220060
1219800
1219315
1218908
1218396
1217846
1217464
1217411
1217064
1216473
1216050
1215553
1215112
1214712
1214377
1213906
1213528
1213051
1212232
1211922
1211612
1211178
1210658
1210342
1209852
1208954
1208883
1208389
1208309
1208093
1207874
1207468
1207415
1207181
1206995
1206756
1206375
1205904
1205507
1205051
1204308
1203891
1203155
1202772
1202278
1201575
1201262
1200825
1200334
1199959
1199577
1199109
1198672
1198291
1197973
1197522
1197098
1196696
1196319
1195817
1195377
1194736
1194570
1194501
1194123
1193842
1193557
1193457
1193196
1192943
1192875
1192252
1191734
1191337
1190830
1190436
1190098
1189487
1189082
1188794
1188361
1187926
1187416
1186996
1186574
1186389
1186160
1185908
1185583
1185433
1185238
1184920
1184607
1184263
1183702
1183454
1183050
1182587
1182205
1181941
1181517
1181124
1180823
1180363
1179985
1179402
1179001
1178397
1177817
1177210
1176659
1176592
1176549
1176428
1176352
1176082
1175924
1175732
1175280
1174929
1174693
1174159
1173753
1173314
1173027
1172627
1172501
1172147
1171902
1171564
1171247
1170919
1170636
1170211
1169797
1169489
1169245
1168873
1168579
1168352
1168055
1167709
1167522
1167250
1167066
1166735
1166556
1166204
1165924
1165552
1165314
1164951
1164712
1164413
1164210
1163933
1163737
1163361
1163130
1162806
1162569
1162193
1161817
1161448
1161092
1160532
1160051
1159573
1159257
1159154
1159031
1158989
1158650
1158240
1157919
1157534
1156923
1156509
1156156
1155674
1155150
1154813
1154347
1153721
1153158
1152532
1152084
1151408
1151005
1150589
1150286
1149763
1149049
1148470
1148220
1148013
1147794
1147412
1147098
1147037
1146983
1146634
1146123
1145714
1145230
1144738
1144296
1143920
1143465
1142858
1142472
1142091
1141425
1141034
1140713
1140391
1139978
1139395
1138858
1138285
1138017
1137536
1137033
1136430
1135830
1135141
1134946
1134594
1134023
1133239
1132674
1132162
1131639
1131380
1130959
1130502
1130255
1129544
1129088
1128707
1128295
1127736
1127311
1126544
1126101
1125582
1125401
1125069
1124420
1124264
1124051
1123610
1123232
1123191
1122972
1122705
1122271
1121982
1121742
1121247
1120526
1120159
1119370
1118916
1118573
1118365
1117935
1117312
1117245
1116927
1116494
1116024
1115543
1115137
1114777
1114264
1113845
1113605
1113457
1113212
1112909
1112555
1112117
1111796
1111559
1111252
1110658
1110229
1109992
1109581
1109203
1108727
1108450
1108105
1108010
1107478
1107017
1106880
1106513
1106296
1105965
1105432
1104981
1104728
1104363
1104015
1103806
1103472
1103121
1102867
1102572
1102223
1102133
1101805
1101637
1101403
1101087
1100864
1100638
1100393
1099965
1099491
1099000
1098486
1097898
1097365
1097000
1096565
1095752
1095267
1094786
1094252
1093781
1093489
1093443
1092901
1092482
1091970
1091626
1090996
1090758
1090286
1089666
1089286
1088938
1088528
1087864
1087549
1087044
1086469
1086246
1085967
1085576
1085175
1084829
1084421
1083859
1083378
1082896
1082695
1082615
1082435
1081784
1081079
1080382
1080006
1079403
1078879
1078406
1078129
1077601
1077178
1076965
1076738
1076600
1076246
1076075
1075782
1075377
1075021
1074616
1074212
1073768
1073527
1073167
1072668
1072239
1071816
1071522
1071113
1070896
1070505
1070158
1069805
1069624
1069380
1068994
1068024
1067381
1066877
1066554
1066427
1065915
1065523
1065159
1064948
1064504
1064017
1063711
1063126
1062786
1062453
1062065
1061820
1061471
1061055
1060417
1060047
1059636
1059204
1059063
1058757
1058632
1058380
1058178
1057948
1057541
1057177
1056812
1056709
1056467
1056050
1055616
1055117
1054811
1054399
1054054
1053785
1053207
1052914
1052578
1052158
1051997
1051909
1051391
1050912
1050564
1050115
1049774
1049394
1049146
1048959
1048672
1048402
1048188
1047929
1047684
1047372
1046990
1046393
1046163
1045728
1045362
1044806
1044594
1044328
1044042
1043698
1043277
1042897
1042523
1042310
1041768
1041165
1040788
1040418
1040173
1039708
1039286
1038937
1038265
1037877
1037500
1036810
1036665
1036067
1035801
1035659
1035260
1034961
1034682
1034379
1034219
1033786
1033425
1033074
1032739
1032420
1032247
1031947
1031634
1031302
1030980
1030647
1030500
1030225
1029974
1029508
1029367
1029273
1028998
1028873
1028701
1028349
1028016
1027652
1027369
1027061
1026838
1026688
1026663
1026510
1026350
1026050
1025845
1025428
1025246
1024883
1024623
1024259
1023863
1023336
1023145
1022962
1022657
1022374
1022247
1021958
1021640
1021504
1021156
1020873
1020726
1020509
1020338
1019913
1019554
1019277
1018955
1018802
1018421
1018339
1017872
1017610
1017222
1016913
1016662
1016442
1016160
1015852
1015620
1015322
1015166
1014927
1014529
1014429
1014034
1013829
1013464
1012979
1012817
1012575
1012436
1012061
1011894
1011582
1011468
1011155
1010772
1010444
1010161
1009862
1009714
1009493
1009198
1008901
1008734
1008367
1008045
1007520
1007286
1006827
1006424
1006001
1005695
1005359
1005198
1004909
1004703
1004373
1003852
1003449
1003103
1002832
1002595
1002436
1002181
1001881
1001596
1001252
1000976
1000595
1000411
1000155
999691
999463
999155
998811
998523
998405
998157
998115
998017
997419
997173
996764
996481
996127
995725
995473
995109
994933
994525
994223
993821
993517
993199
992928
992565
992202
991889
991465
991266
990864
990467
990116
989781
989478
989132
988812
988531
988208
988035
987827
987606
987388
987018
986606
986293
986251
986224
986193
985938
985686
985454
985123
985037
984794
984470
984169
983772
983690
983481
983005
982645
982201
981949
981599
981275
981076
980654
980396
980052
979804
979619
979345
979021
978742
978488
978093
977733
977577
977284
976952
976762
976239
976074
975920
975333
974830
974672
974190
973907
973628
973400
973229
972798
972443
972075
971840
971491
971073
970686
970335
970030
969579
969109
968676
968281
967863
967743
967466
967281
966967
966775
966522
966384
966156
965911
965696
965529
965316
965048
964742
964400
963893
963594
963205
962833
962331
962071
961834
961463
961096
960802
960704
960397
960164
959873
959511
959294
959131
958884
958628
958483
958134
958053
957879
957583
957385
957173
956988
956702
956543
956509
956394
956102
955889
955307
955028
954778
954379
953942
953854
953804
953729
953405
953376
953314
952901
952875
952478
952058
951907
951674
951318
951245
950820
950459
950142
949875
949538
949123
948704
948342
947893
947444
947279
946935
946541
946220
945948
945631
945101
944869
944389
943949
943582
942898
942468
941850
941599
941194
940832
940473
940037
939679
939194
938760
938465
938055
937845
937518
937083
936660
936377
936157
935879
935390
934952
934380
934028
933892
933620
933332
932941
932455
932001
931521
931238
930834
930559
930221
929846
929204
929106
929071
928753
928428
928183
927889
927447
927065
927001
926462
925970
925555
925113
924818
924597
924105
923797
923330
922927
922688
922165
921659
921179
920798
920456
920265
919934
919844
919714
919679
919549
919415
919284
919155
918891
918827
918796
918545
918285
918006
917765
917431
917181
916961
916879
916642
916274
915849
915309
914972
914704
914437
914100
913825
913582
913211
912830
912375
912158
911798
911525
911214
910938
910804
910484
910000
909793
909328
908949
908646
908523
908284
908095
907698
907375
907102
906708
906253
906017
905648
905588
905282
905018
904559
904155
903645
903378
902867
901897
901589
901212
900812
900276
900070
899638
899234
898681
898227
897935
897375
897041
896722
896552
896355
896184
895904
895630
895290
895005
894795
894518
894303
893953
893497
893262
892987
892617
892318
891974
891770
891403
891119
890845
890623
890425
890200
889900
889498
889078
888756
888683
888578
888259
888095
887917
887631
887361
887085
886785
886500
886126
885522
885041
884848
884287
883941
883417
882897
882368
881904
881522
881245
880862
880478
879912
879505
879237
878537
878029
877848
877224
876643
876057
875687
875146
874372
873854
873506
873135
872815
872423
872049
871599
871285
871053
870433
869763
869153
868947
868627
867988
867070
866680
866071
865736
865429
865171
864298
863652
863135
862730
862530
862086
861546
861475
861221
860889
860531
859748
859446
858981
858815
858317
858083
857550
857182
856779
856435
856010
855498
855202
854908
854136
853919
853330
853004
852722
852384
851969
851702
851172
850827
850176
849946
849384
849239
848685
848313
847949
847767
847361
847132
846808
846483
846179
845889
845416
845074
844879
844665
844471
844273
844130
843848
843705
843458
843199
843074
842962
842848
842632
842543
842107
841939
841654
841406
840919
840649
840580
840200
839594
839200
838570
837992
837521
836929
836668
836290
835803
835432
834851
834334
834255
833953
833416
832708
832162
831423
830947
830295
829800
829575
829055
828323
828066
827724
827292
826681
826129
825648
825256
824970
824354
824004
823527
823230
822729
822384
821813
821427
820789
820218
820030
819782
819401
818585
818288
817723
817323
816672
815987
815558
815336
814726
814680
814344
814304
813870
813458
813357
813147
812948
812799
812684
812190
811800
811523
811265
810906
810783
810562
809939
809601
808943
808748
808560
808405
808145
807484
806986
806481
806064
805773
805508
804953
804432
804165
803817
803505
803273
803014
802574
802334
801930
801662
801057
800793
800429
799901
799396
798773
798239
797947
797561
796992
796481
796067
795455
794778
794335
794074
793688
793100
792739
792148
791768
791519
791446
791102
790751
790158
789717
789412
788810
788437
787988
787497
787160
786616
785958
785316
784883
784437
784018
783451
783126
782683
782569
782303
781837
781413
781046
780683
780144
779755
779375
779038
778627
778146
778031
777635
777345
776726
776413
775974
775620
775507
775264
775042
774844
774601
774482
774352
774129
773753
773517
773206
772837
772601
772353
771950
771619
771327
771177
770626
770287
770059
769622
769289
768827
768289
768252
767992
767706
767350
767030
766785
766228
765741
765240
764790
764504
764174
764055
763789
763418
762722
762412
762102
761849
761275
760939
760438
760282
760216
759804
759662
759322
758931
758784
758585
758179
757694
757406
757062
756690
756296
755967
755551
754876
754265
753952
753918
753816
753302
752856
752627
752078
751704
751244
750834
750096
749482
748768
748289
747783
747355
746501
746078
745446
744950
744189
743464
743034
742437
741718
741389
740937
740609
740332
740046
739607
739136
738932
738819
738588
738333
738122
737906
737664
737422
736945
736308
735998
735711
735198
734817
734284
733935
733662
733265
732826
732170
731783
731424
731144
730798
730496
730174
729556
728970
728547
728110
727815
727470
726858
726382
726027
725417
725074
724968
724631
724406
724038
723701
723551
723380
722936
722605
722117
721913
721024
720434
719863
719310
718826
718672
718523
718239
717540
717125
716830
716426
716066
715528
715111
714465
713820
713538
713197
712522
712089
711746
711419
710455
709883
709857
709253
708730
708229
707604
707136
706911
706592
706242
705627
705176
704929
704845
704584
703794
703206
702825
701665
701047
700016
699857
699213
698356
698276
697696
697454
697194
697048
696475
695559
694921
694273
693415
692783
692408
691783
691066
690565
690357
689713
688963
688643
687980
687699
687379
687239
687039
686863
686484
686202
686035
685777
685153
684775
684204
683590
683401
683028
682585
682040
681467
680785
680244
679853
679470
679155
678840
678309
677914
677400
676740
676241
675627
675196
674880
674510
673954
673501
673126
672702
672263
671762
671399
671073
670327
669842
669460
669108
668741
668431
667598
667085
666405
665973
665440
664906
663878
663156
662375
661943
661236
660887
660498
659624
658815
658212
657874
657205
656820
656264
655149
654371
653975
653097
652584
652258
651733
651088
650951
650767
650447
650185
649860
649492
649251
648857
648614
648059
647757
647505
646873
646345
646139
645514
644858
644504
643964
643224
642291
641282
640268
639680
638669
638152
637478
636799
635864
635298
633678
633066
632002
631701
630808
629576
628093
627391
626952
626050
625374
625002
624619
624438
624335
623857
623158
622554
622196
622009
621794
621715
621415
621252
620643
620520
619869
619074
618732
618412
618201
618001
617599
617482
617257
616917
616726
615764
615484
614899
614711
614120
613475
613180
612733
612672
611886
610749
610088
608407
607576
605379
603830
603091
602620
602324
600854
600108
599943
599732
599424
598511
597651
596840
596589
595698
595065
594318
593465
592985
592656
591539
591095
590591
590009
589974
589571
588923
587836
587680
587165
586008
585122
582659
582007
579900
578794
578697
576952
574726
574102
572765
572277
571376
571034
570442
569414
568863
567807
567230
566373
566064
565475
564945
564292
563519
563318
562450
562258
561849
561267
560870
560381
559583
559121
558907
558354
558251
557499
556174
555629
554909
554392
553878
552243
550104
549682
548617
545968
544996
543871
542983
541257
539912
538261
535914
535299
534533
533367
532454
530220
528657
528409
526411
522861
522114
521535
520904
519980
519104
518795
517966
517696
517138
516864
515646
515399
513709
512715
511540
510819
509418
507792
506146
503854
502118
500578
500074
499365
496929
494378
492900
489190
487736
485572
483698
480675
480007
479120
479010
478508
477608
477389
477273
477146
475008
473041
470570
468494
467567
464534
462811
461726
461250
459887
458908
457063
455017
453521
452735
452111
451604
450706
448773
448044
2087540
2087498
2087458
2087351
2086460
2085767
2084768
2084139
2083517
2083169
2082548
2081821
2081218
2080791
2080339
2079842
2079315
2078990
2078097
2077337
2076481
2075765
2074978
2074632
2073868
2073712
2073123
2072457
2071949
2071206
2070423
2070049
2069632
2069177
2068680
2067881
2067605
2067039
2066395
2065621
2064978
2064142
2063257
2062904
2061941
2060684
2060319
2059731
2058915
2058528
2057903
2057108
2055913
2055173
2054835
2054222
2053665
2053313
2052856
2052105
2051333
2050496
2049608
2049073
2048583
2048138
2047784
2047187
2046364
2046072
2045066
2044065
2043536
2042700
2041515
2040960
2039694
2038747
2038027
2037131
2036253
2035553
2035262
2034272
2033740
2032947
2031870
2030743
2029987
2029224
2028519
2027989
2027378
2026481
2025784
2025291
2024680
2023897
2023373
2022487
2021817
2021078
2020266
2019516
2019258
2018608
2018125
2018074
2017795
2017640
2017000
2016555
2015940
2015240
2014345
2013873
2013314
2012467
2011689
2011083
2010426
2009410
2008922
2008261
1986857
1967454
1948773
1924902
1903953
1875666
1854367
1840855
1814666
1799382
1778712
1760531
1750916
1737753
1711327
1666172
1633319
1612120
1591096
1575862
1557500
1527693
1513534
1494701
1477389
1464146
1422627
1408819
1394289
1378951
1362588
1343317
1333633
1319640
1298194
1273547
1261080
1240460
1224399
1198070
1183121
1166106
1154347
1125617
1109717
1092637
1078881
1064884
1035698
1030411
1027277
1024666
1022349
1019554
1017852
1016095
1013464
1010662
1008911
1006425
1004001
1002525
1000859
999420
997345
995618
994235
992930
990520
988206
986617
984564
982210
979625
977287
975164
972931
970493
968273
966156
963332
961096
957707
956345
952716
950127
948162
945106
942230
939353
936353
933269
929154
923758
917929
912840
898042
848962
811861
779880
775316
773247
770107
766915
763892
761086
757857
754068
751742
748232
744306
740911
738836
737346
734351
731758
729169
726355
724365
723085
720767
718641
716602
713923
711874
709472
707049
705070
702955
699482
697218
694176
691022
688238
686893
685353
682908
680615
678903
676453
674738
672844
671249
668988
667181
665684
663539
661539
660420
658458
657101
655152
653666
652352
651075
650686
649917
649263
648615
647623
646419
645354
644185
642506
640199
638456
636887
635264
632612
631180
628057
626083
624836
624379
623448
622351
621907
621589
621205
620522
619432
618705
618325
617925
617518
617254
616849
615768
615176
614733
613971
613312
612716
612072
610394
609039
607536
605187
603116
602603
601697
600086
599733
599170
597937
596699
595885
594761
593604
592795
591820
591072
590169
589971
589081
587822
587641
586007
584838
582014
578852
578646
575034
573454
572457
571295
570458
569444
568363
567340
566372
565673
565185
564289
563337
562470
561944
561320
560856
559719
559123
558660
558249
556281
555625
554506
553884
551256
550080
548628
545811
544613
542998
541241
538267
535508
534628
532534
530764
528659
528017
523162
522116
521517
520241
519114
518514
517775
517141
516787
515607
513088
512653
510945
509530
507603
506092
502838
500581
500015
498615
495520
493023
489787
487583
484485
481837
480356
479311
478986
