2007961
2007042
2006518
2005889
2005125
2004621
2003703
2003171
2002458
2001941
2001282
2000523
1999823
1999294
1998714
1997804
1997084
1996623
1996005
1995663
1994546
1993935
1993237
1992726
1992127
1991407
1990906
1990086
1989482
1988841
1988251
1987892
1987099
1986480
1986330
1985888
1985645
1984995
1984768
1984080
1983530
1982772
1982117
1981606
1980938
1980342
1979297
1978717
1977832
1977106
1976662
1976070
1975625
1974950
1974442
1973912
1973501
1972750
1972165
1971957
1971384
1971054
1970473
1970116
1969686
1968834
1968290
1967643
1966998
1966191
1965647
1964642
1964141
1963598
1962908
1962319
1961575
1961064
1960418
1959393
1958571
1957642
1956981
1956109
1955615
1954516
1954156
1953359
1952896
1952363
1951968
1951014
1950353
1949726
1948736
1948024
1947382
1946678
1945905
1944996
1944464
1943708
1943261
1942471
1942170
1941628
1941204
1940882
1940767
1940218
1939694
1939289
1938717
1937773
1936972
1936421
1935996
1935430
1934893
1934372
1933935
1933292
1932819
1932241
1931527
1931271
1930898
1930473
1929537
1929176
1928783
1927989
1927723
1926630
1926301
1925809
1924961
1924335
1923534
1922789
1922115
1921647
1921071
1920511
1920472
1920170
1919826
1919520
1918924
1918002
1917227
1916646
1916225
1915327
1914797
1914499
1914273
1913822
1913326
1912964
1912503
1912183
1911583
1910888
1910406
1910112
1909555
1908805
1908215
1907697
1907494
1906857
1906332
1905880
1905120
1904711
1904158
1903739
1903118
1902619
1902022
1901252
1900802
1900006
1899252
1898544
1897881
1897197
1896322
1895737
1895237
1894950
1894023
1893177
1892245
1891439
1890753
1890005
1889636
1889184
1888852
1888335
1887734
1887022
1886727
1886050
1885431
1884710
1884324
1883808
1883419
1882929
1882415
1881355
1880876
1879996
1879387
1878791
1878021
1877681
1877264
1876794
1875915
1875543
1875048
1874343
1873925
1872897
1872466
1871687
1871254
1870667
1869911
1869379
1868696
1868100
1867465
1866811
1866441
1866047
1865055
1864752
1864286
1863765
1863183
1862630
1862096
1861655
1861192
1860649
1860132
1859565
1859357
1858835
1858445
1857980
1857600
1857078
1856374
1855963
1855722
1855320
1854879
1854558
1854227
1853819
1853454
1853119
1852797
1852532
1852162
1851495
1851249
1850912
1850348
1849843
1849641
1849053
1848765
1848396
1848079
1847538
1847370
1847104
1846544
1845783
1845409
1844936
1844199
1843500
1843115
1842972
1842452
1842283
1842159
1841741
1841474
1840836
1840357
1839973
1839573
1839257
1838690
1838382
1837978
1837748
1837223
1836891
1836381
1836035
1835645
1835245
1834801
1834248
1833482
1833186
1832831
1832397
1831988
1831614
1831035
1830370
1829870
1829545
1829153
1828825
1828360
1827669
1827238
1826406
1825868
1825276
1824690
1824203
1823841
1823385
1823187
1822725
1822241
1821625
1821116
1820845
1820395
1819768
1819146
1818924
1818382
1817920
1817419
1817132
1816639
1816311
1815833
1815461
1815031
1814919
1814407
1813927
1813611
1813217
1812991
1812704
1812091
1811729
1811293
1810923
1810501
1810192
1809794
1809352
1808655
1808050
1807648
1807205
1806884
1806641
1806015
1805745
1805193
1804917
1804348
1804296
1803972
1803393
1803040
1802622
1802293
1801732
1801498
1801057
1800739
1800323
1800126
1799690
1799471
1798750
1798366
1797622
1797346
1796469
1796019
1795399
1795171
1794425
1793893
1793519
1792820
1792524
1792026
1791741
1791183
1790552
1789652
1789138
1788844
1788238
1787893
1787275
1787100
1786503
1786223
1785905
1785243
1784882
1784511
1783919
1783566
1783136
1782576
1782167
1781684
1781286
1780912
1780520
1780184
1779690
1779209
1778617
1778256
1777660
1776956
1776274
1775695
1775022
1774372
1773724
1773533
1772936
1772550
1772130
1771645
1771255
1770741
1770224
1769516
1769052
1768378
1768085
1767293
1767118
1766746
1766442
1765815
1764973
1764572
1764062
1763409
1763128
1762476
1762171
1761712
1761473
1760676
1760259
1759753
1759230
1758862
1758526
1758105
1757660
1757144
1756809
1756367
1755497
1755071
1754538
1754158
1753618
1753237
1752970
1752677
1752243
1751756
1750951
1750825
1750328
1749878
1749491
1748993
1748156
1747494
1747120
1746713
1746461
1745759
1745381
1745006
1744810
1744447
1744135
1743635
1743049
1742288
1741775
1741384
1740758
1739929
1739421
1738585
1737783
1737278
1736500
1736243
1735956
1735856
1735443
1735045
1734939
1734380
1733919
1733315
1732788
1732333
1731642
1731323
1730811
1730442
1730086
1729992
1729362
1728828
1728567
1728058
1727517
1727191
1726272
1726008
1725645
1725416
1724597
1724176
1723711
1723221
1722491
1721933
1721047
1720478
1719747
1718939
1718663
1718184
1717993
1717386
1716985
1716523
1716206
1715522
1715085
1714423
1713728
1713285
1712792
1712499
1711904
1711365
1711012
1710443
1709758
1709249
1708769
1708213
1707585
1707047
1706194
1705765
1705110
1704405
1703441
1702736
1702564
1702059
1701810
1701276
1700921
1700385
1699953
1699340
1698932
1698499
1697938
1697416
1697204
1696780
1696632
1696397
1695709
1695324
1694598
1694188
1693898
1693146
1692577
1691922
1691287
1690966
1690454
1689898
1689446
1688515
1688252
1687549
1687235
1686567
1686150
1685737
1685096
1684652
1683950
1683349
1682567
1682006
1681310
1680634
1679848
1679380
1678551
1677876
1677386
1676679
1676191
1675556
1675100
1674629
1673981
1673152
1672497
1672019
1671349
1670998
1670262
1669702
1669317
1668579
1667690
1667367
1666871
1666294
1666017
1665519
1664808
1664338
1663886
1663405
1662881
1662561
1662185
1661720
1661148
1660864
1660368
1659917
1659290
1658472
1657468
1656905
1656335
1656192
1655692
1655069
1654356
1653959
1653409
1652789
1652450
1651779
1651120
1650372
1649706
1649504
1648839
1648263
1647718
1647431
1646974
1646528
1645977
1645399
1644893
1644359
1643633
1642828
1642317
1641936
1641253
1640695
1640354
1639605
1639015
1638334
1637986
1637400
1636944
1636280
1635911
1635369
1634818
1634126
1633798
1633241
1632859
1632426
1632005
1631540
1631078
1630848
1630343
1629991
1629641
1629439
1629093
1628701
1628198
1627633
1627246
1626816
1626404
1626074
1625745
1625429
1624711
1624498
1623758
1623148
1622946
1622774
1622225
1621881
1621450
1621124
1620421
1619713
1619289
1618736
1617999
1617482
1616717
1616144
1615569
1615134
1614854
1614099
1613540
1613175
1612770
1612159
1611682
1611313
1610903
1610421
1610085
1609511
1608529
1607919
1607455
1606816
1606469
1605935
1605419
1605100
1604373
1603891
1603458
1602842
1602316
1601701
1601361
1600809
1599936
1599248
1598624
1597972
1597630
1596830
1596541
1595909
1595437
1595203
1594528
1594356
1593685
1593325
1592842
1592272
1591882
1591648
1591499
1591136
1590871
1590272
1589655
1589252
1588911
1588527
1588097
1587636
1587046
1586601
1586289
1585909
1585462
1585239
1584688
1584418
1583886
1583550
1583137
1582615
1582184
1581997
1581569
1581164
1580703
1580446
1579967
1579799
1579276
1579031
1578646
1578102
1577743
1576876
1576252
1575769
1575264
1574991
1574689
1574085
1573642
1573221
1572773
1572534
1571967
1571738
1571302
1570823
1570472
1570022
1569834
1569615
1569106
1568752
1568443
1567899
1567713
1567457
1567108
1566561
1566280
1565917
1565377
1565002
1564678
1564280
1563893
1563461
1562911
1562547
1562095
1561552
1560743
1560328
1560070
1559625
1559217
1558724
1558069
1557629
1557396
1556926
1556461
1555949
1555450
1555189
1554959
1554457
1554101
1553675
1553431
1553047
1552474
1552228
1551535
1551148
1550496
1549991
1549733
1549477
1549269
1548923
1548580
1548202
1547771
1547567
1547008
1546738
1546476
1546160
1545768
1545605
1545182
1544741
1544481
1544279
1543883
1543805
1543660
1543306
1542988
1542759
1542200
1541592
1541076
1540455
1539973
1539589
1539243
1538856
1538270
1538181
1538138
1538110
1538079
1538050
1538022
1537437
1536930
1536442
1536122
1535579
1534958
1534518
1534049
1533391
1532939
1532575
1532032
1531628
1531371
1530895
1530001
1529534
1529152
1528825
1528547
1528209
1527700
1527282
1526707
1526091
1525444
1524994
1524510
1524138
1523874
1523418
1522937
1522397
1521803
1521478
1521088
1520551
1520055
1519281
1518759
1518507
1518185
1517834
1517479
1517076
1516912
1516531
1515920
1515533
1515121
1514656
1514107
1513819
1513455
1513166
1513030
1512575
1512210
1511962
1511474
1511145
1510783
1510346
1510096
1509631
1509209
1508766
1508559
1507865
1507548
1507218
1506523
1506000
1505539
1505087
1504566
1504193
1503805
1503261
1502849
1502430
1501979
1501344
1500686
1500262
1499755
1499498
1499126
1498773
1498300
1497916
1497617
1497019
1496517
1496256
1495949
1495673
1495281
1494925
1494299
1494070
1493508
1493095
1492594
1492362
1491459
1490747
1490388
1489883
1489489
1489128
1488655
1488421
1487984
1487388
1486494
1485907
1485584
1485398
1484879
1484284
1484005
1483627
1482977
1482362
1481905
1481651
1481208
1480788
1480238
1480046
1479411
1478863
1478365
1477827
1477385
1476937
1476661
1476082
1475630
1475382
1474804
1474287
1474011
1473643
1473184
1472673
1472194
1471636
1471452
1471219
1470565
1470215
1469857
1469342
1468855
1468318
1468044
1467524
1467262
1466973
1466595
1466142
1465949
1465590
1465190
1464927
1464710
1464190
1463782
1463594
1463244
1463084
1462693
1462329
1462117
1461646
1461041
1460526
1459819
1459304
1458826
1458188
1457801
1457305
1456533
1456242
1455619
1455280
1454655
1454321
1454059
1453753
1453457
1453027
1452673
1452256
1451700
1451418
1451118
1450713
1450226
1450068
1449693
1449473
1449002
1448559
1448496
1448101
1447560
1446997
1446479
1445872
1445572
1445215
1444640
1444315
1443902
1443591
1443296
1442878
1442460
1442148
1441796
1441441
1440954
1440332
1439806
1439509
1439295
1438744
1438394
1438114
1437816
1437432
1437170
1436766
1436238
1435821
1435536
1435080
1434612
1434232
1433559
1432898
1432710
1432152
1431675
1431359
1430752
1430158
1429864
1429334
1428746
1428205
1427859
1427351
1427012
1426888
1426647
1425995
1425445
1425022
1424837
1424726
1424642
1424358
1423807
1423443
1422932
1422514
1421973
1421522
1421194
1420756
1420338
1419800
1419149
1418565
1418237
1417712
1417340
1416851
1416408
1416041
1415593
1415209
1414850
1414385
1413900
1413587
1413272
1412755
1412259
1411789
1411389
1411160
1410537
1410085
1409701
1409285
1408819
1408524
1407766
1406933
1406397
1405716
1405342
1404917
1404334
1403214
1402991
1402156
1401822
1401438
1401235
1400846
1400029
1399476
1398797
1398410
1398064
1397677
1396920
1396396
1396059
1395585
1395066
1394731
1394397
1394094
1393527
1392548
1391952
1391502
1390886
1390601
1390281
1389723
1389161
1388611
1388135
1387635
1387179
1386435
1385956
1385538
1384891
1384260
1383625
1382882
1382649
1382250
1381951
1381469
1380870
1380061
1379519
1378998
1378675
1378082
1377419
1376771
1376335
1375683
1374991
1374925
1374159
1373601
1373246
1372809
1372326
1371875
1371211
1370684
1370351
1369885
1369387
1368776
1368455
1367872
1367387
1366750
1365958
1365563
1364691
1364445
1363643
1362972
1362587
1361758
1361468
1360560
1360095
1359465
1359037
1358701
1358676
1358368
1358142
1357778
1357099
1356452
1355749
1355024
1354613
1354101
1353656
1353080
1352490
1352305
1351875
1351465
1350726
1350146
1349751
1349126
1348482
1348123
1347775
1347428
1347004
1346274
1345540
1344888
1344363
1343850
1343659
1342990
1342632
1342283
1342058
1341829
1341397
1341158
1340901
1340515
1340089
1339901
1339566
1339232
1338977
1338760
1338509
1338180
1337783
1337528
1337117
1336596
1336105
1335552
1335292
1334879
1334712
1334329
1333938
1333610
1333051
1332379
1331460
1330970
1330470
1329876
1329050
1328899
1328492
1327858
1327395
1326916
1326383
1325662
1324988
1324506
1323870
1323524
1323206
1323099
1323022
1322734
1322669
1321985
1321538
1321094
1320299
1319651
1319371
1318754
1318224
1317655
1317388
1316693
1316238
1315863
1315097
1314680
1314241
1313665
1313117
1312872
1312557
1312167
1311663
1311199
1310799
1310351
1309906
1309692
1309473
1309022
1308536
1308123
1307629
1307172
1306821
1306472
1306067
1305661
1305266
1304804
1304261
1303998
1303915
1303421
1302651
1302214
1301736
1301361
1300777
1300400
1300077
1299428
1298832
1298212
1297805
1297570
1297127
1296750
1296586
1296128
1295739
1295435
1294967
1294471
1294282
1294235
1293912
1293615
1292994
1292531
1292074
1291765
1291256
1290647
1290176
1289698
1289066
1288574
1288185
1287757
1287337
1286930
1286642
1286305
1285822
1285544
1285190
1284824
1284436
1284056
1283776
1283215
1282748
1282241
1281492
1281207
1280683
1280417
1280377
1280337
1279926
1279257
1278661
1278420
1278218
1278140
1277773
1277417
1277243
1276704
1276420
1276008
1275516
1275145
1274805
1274388
1273981
1273437
1273143
1272824
1272565
1272343
1272037
1271901
1271540
1271423
1271224
1270917
1270785
1270653
1270284
1270136
1269982
1269571
1269319
1269021
1268895
1268682
1268429
1267912
1267559
1267349
1266970
1266633
1266175
1265870
1265512
1265101
1264689
1264213
1263817
1263561
1263224
1262869
1262528
1262363
1262050
1261574
1261286
1260889
1260532
1260345
1260048
1259749
1259435
1258973
1258570
1258166
1257817
1257375
1256966
1256712
1255925
1255401
1254557
1254067
1253094
1252045
1251006
1250334
1249487
1248665
1247877
1247044
1246532
1246201
1246053
1245549
1245173
1244828
1244457
1244149
1243637
1243257
1243130
1242775
1242490
1242108
1241797
1241535
1241286
1240783
1240399
1240134
1239845
1239666
1239290
1238953
1238640
1238258
1237747
1237422
1236980
1236864
1236427
1236062
1235586
1235443
1235241
1234913
1234486
1234413
1234320
1234233
1233786
1233675
1233294
1232922
1232606
1232113
1231685
1231393
1230984
1230611
1230414
1229988
1229484
1229134
1228767
1228437
1228234
1227884
1227736
1227551
1227292
1226971
1226683
1226365
1225727
1225168
1224689
1224349
1224170
1223719
1223220
1222685
1222291
1222005
1221295
1220928
1220449
1220055
1219627
1219248
1218772
1218338
1217776
1217459
1217400
1216789
1216401
1216003
1215376
1215019
1214633
1214276
1213805
1213524
1212919
1212201
1211847
1211410
1211101
1210613
1210220
1209779
1208950
1208851
1208348
1208181
1208085
1207795
1207455
1207405
1207090
1206945
1206634
1206360
1205881
1205483
1204985
1204249
1203627
1203092
1202713
1202180
1201428
1201247
1200758
1200229
1199891
1199515
1199074
1198615
1198225
1197916
1197458
1197072
1196688
1196174
1195630
1195290
1194707
1194565
1194452
1193943
1193802
1193506
1193441
1193146
1192936
1192761
1192105
1191651
1191286
1190801
1190432
1190020
1189429
1189038
1188582
1188237
1187618
1187361
1186876
1186549
1186373
1186071
1185749
1185565
1185427
1185210
1184859
1184553
1184163
1183676
1183425
1182999
1182572
1182114
1181749
1181375
1180981
1180647
1180332
1179941
1179383
1178936
1178336
1177622
1177000
1176635
1176586
1176541
1176398
1176272
1176069
1175868
1175696
1175228
1174913
1174599
1174103
1173715
1173253
1172958
1172560
1172482
1172101
1171820
1171503
1171232
1170859
1170501
1170110
1169744
1169439
1169155
1168844
1168548
1168301
1168036
1167656
1167459
1167202
1167038
1166711
1166531
1166090
1165878
1165488
1165282
1164931
1164684
1164365
1164170
1163925
1163674
1163316
1163091
1162774
1162478
1162152
1161783
1161405
1160904
1160490
1159997
1159500
1159246
1159137
1159018
1158985
1158564
1158206
1157885
1157444
1156900
1156452
1156125
1155436
1155030
1154717
1154142
1153552
1152978
1152406
1151985
1151366
1150952
1150492
1150278
1149637
1148943
1148440
1148107
1147856
1147764
1147350
1147086
1147029
1146976
1146527
1146052
1145696
1145160
1144624
1144128
1143785
1143272
1142818
1142437
1141856
1141204
1140992
1140684
1140262
1139890
1139204
1138748
1138206
1137847
1137396
1136814
1136366
1135783
1135037
1134793
1134407
1133876
1133135
1132582
1131989
1131607
1131258
1130885
1130416
1129956
1129464
1129071
1128649
1128226
1127692
1127142
1126516
1126004
1125509
1125277
1125020
1124403
1124239
1124001
1123584
1123223
1123175
1122936
1122559
1122242
1121866
1121728
1121142
1120473
1120055
1119233
1118877
1118505
1118127
1117783
1117287
1117206
1116873
1116324
1115974
1115445
1115100
1114721
1114196
1113809
1113558
1113406
1113146
1112845
1112440
1112077
1111726
1111531
1111229
1110624
1110191
1109907
1109445
1109126
1108619
1108395
1108046
1107971
1107453
1106992
1106818
1106484
1106112
1105786
1105280
1104876
1104664
1104340
1103929
1103780
1103398
1103042
1102738
1102543
1102176
1102124
1101797
1101551
1101325
1101048
1100808
1100563
1100299
1099890
1099436
1098957
1098462
1097638
1097301
1096965
1096430
1095701
1095195
1094718
1094164
1093750
1093484
1093437
1092889
1092458
1091935
1091545
1090931
1090749
1090123
1089510
1089258
1088916
1088352
1087765
1087391
1086918
1086463
1086240
1085917
1085439
1085132
1084784
1084308
1083797
1083193
1082775
1082674
1082607
1082285
1081683
1080910
1080306
1079866
1079176
1078782
1078369
1078027
1077564
1077172
1076793
1076721
1076581
1076241
1076033
1075766
1075367
1074966
1074586
1074131
1073741
1073449
1073147
1072573
1072173
1071750
1071472
1071072
1070876
1070467
1070103
1069787
1069535
1069351
1068920
1067969
1067322
1066722
1066549
1066324
1065797
1065364
1065126
1064873
1064465
1063880
1063656
1063020
1062772
1062375
1062045
1061696
1061461
1061029
1060344
1059954
1059612
1059187
1058842
1058721
1058602
1058366
1058121
1057869
1057430
1057129
1056806
1056678
1056437
1055990
1055307
1055035
1054807
1054312
1053913
1053733
1053176
1052886
1052519
1052143
1051966
1051835
1051312
1050867
1050470
1050013
1049681
1049386
1049105
1048920
1048659
1048359
1048123
1047898
1047600
1047272
1046968
1046354
1046059
1045677
1045167
1044785
1044497
1044277
1044006
1043634
1043179
1042829
1042517
1042208
1041697
1041155
1040575
1040238
1040100
1039557
1039188
1038652
1038216
1037806
1037367
1036792
1036580
1036056
1035742
1035606
1035139
1034915
1034651
1034319
1034155
1033767
1033361
1033058
1032710
1032392
1032094
1031896
1031618
1031262
1030935
1030580
1030454
1030197
1029890
1029500
1029310
1029265
1028952
1028864
1028601
1028209
1027952
1027595
1027277
1026925
1026818
1026684
1026653
1026506
1026218
1026015
1025684
1025410
1025070
1024837
1024609
1024170
1023810
1023329
1023102
1022890
1022616
1022321
1022212
1021906
1021624
1021470
1021074
1020799
1020707
1020467
1020296
1019840
1019505
1019251
1018918
1018790
1018412
1018161
1017836
1017575
1017187
1016887
1016583
1016428
1016127
1015722
1015605
1015243
1015161
1014837
1014520
1014375
1013963
1013743
1013395
1012966
1012795
1012525
1012356
1012052
1011815
1011495
1011408
1011083
1010674
1010374
1010132
1009857
1009621
1009457
1009160
1008822
1008574
1008312
1008018
1007481
1007152
1006780
1006243
1005869
1005572
1005331
1005136
1004782
1004597
1004288
1003837
1003318
1003004
1002626
1002589
1002337
1002135
1001819
1001500
1001207
1000972
1000571
1000256
1000076
999686
999424
999030
998766
998487
998372
998150
998110
998007
997348
997078
996738
996471
996109
995699
995408
995104
994858
994484
993973
993788
993507
993163
992865
992482
992133
991816
991456
991225
990822
990422
990032
989741
989402
989033
988749
988502
988196
987981
987720
987592
987291
986971
986586
986284
986243
986217
986187
985898
985663
985378
985066
985033
984724
984445
984127
983766
983685
983391
982959
982578
982179
981932
981567
981220
981067
980588
980352
980004
979711
979575
979287
978973
978654
978380
978084
977725
977542
977155
976918
976584
976221
976068
975855
975272
974802
974607
974138
973863
973587
973370
973098
972615
972410
972066
971797
971410
971015
970632
970262
969947
969532
968939
968634
968273
967836
967597
967429
967215
966872
966764
966513
966348
966078
965864
965685
965466
965196
964992
964647
964266
963824
963504
963113
962682
962271
962029
961738
961419
961013
960796
960640
960346
960099
959808
959491
959251
959126
958827
958594
958404
958086
958047
957814
957482
957317
957166
956867
956637
956536
956499
956347
956070
955680
955187
954941
954582
954239
953906
953845
953796
953659
953400
953370
953233
952896
952765
952447
952028
951852
951585
951310
951089
950812
950450
950129
949868
949524
948963
948695
948338
947764
947385
947147
946875
946509
946214
945917
945567
945060
944725
944277
943896
943333
942893
942230
941743
941457
941082
940793
940449
940032
939416
939088
938694
938429
937893
937804
937508
936897
936582
936352
936114
935794
935303
934890
934286
933985
933865
933542
933268
932880
932403
931830
931486
931222
930789
930545
930192
929776
929193
929098
929012
928688
928424
928149
927817
927410
927049
926829
926325
925904
925429
925082
924798
924585
924017
923732
923149
922879
922488
922116
921516
920978
920680
920400
920228
919892
919838
919708
919674
919542
919334
919275
919147
918878
918816
918680
918534
918277
917921
917658
917292
917168
916931
916857
916625
916168
915735
915279
914952
914680
914406
914089
913801
913536
913168
912746
912297
912031
911745
911499
911148
910924
910692
910467
909940
909770
909320
908894
908604
908424
908279
908019
907624
907277
907066
906567
906212
905951
905637
905546
905241
905007
904533
904037
903634
903367
902811
901883
901574
901163
900751
900226
900024
899564
899129
898641
898194
897890
897329
897009
896648
896531
896325
896138
895852
895562
895252
894956
894669
894415
894292
893908
893468
893149
892879
892479
892280
891969
891727
891383
891099
890808
890610
890404
890081
889846
889426
889049
888735
888664
888553
888194
888077
887842
887545
887272
887019
886771
886338
886031
885326
885008
884698
884237
883866
883378
882840
882319
881834
881386
881020
880830
880407
879877
879494
879200
878528
877912
877506
877054
876487
875886
875611
874989
874116
873825
873442
872898
872601
872286
871947
871562
871216
870919
870358
869683
869109
868874
868594
867876
867062
866579
866000
865651
865389
864931
864271
863633
862963
862598
862500
862041
861531
861457
861173
860884
860313
859741
859297
858962
858566
858240
857905
857512
857022
856775
856415
855903
855354
855187
854843
854069
853690
853280
852975
852715
852265
851932
851662
851150
850628
850111
849910
849359
849232
848647
848246
847926
847561
847300
847041
846791
846447
846116
845762
845226
845061
844799
844638
844452
844235
844071
843815
843668
843429
843175
843044
842940
842755
842625
842491
842085
841932
841621
841264
840901
840624
840573
840157
839521
839056
838357
837944
837389
836877
836612
836049
835754
835363
834793
834277
834245
833897
833389
832575
831908
831371
830770
830217
829785
829395
828721
828219
827962
827598
827103
826443
826006
825532
825227
824900
824296
823994
823472
823055
822666
822335
821795
821243
820587
820183
819914
819764
819174
818577
818114
817717
817278
816375
815900
815515
815313
814711
814676
814335
814188
813766
813434
813304
813109
812933
812786
812530
812178
811733
811478
811201
810854
810775
810422
809880
809578
808908
808632
808476
808259
807998
807250
806942
806424
806047
805737
805377
804874
804385
804112
803644
803483
803263
802899
802563
802152
801900
801568
801010
800774
800375
799701
799356
798539
798232
797922
797480
796796
796329
795991
795293
794763
794260
794025
793647
792992
792687
791989
791558
791505
791435
791086
790653
790032
789692
789152
788739
788405
787811
787463
787105
786515
785907
785182
784865
784343
783955
783412
783053
782647
782547
782122
781743
781368
780986
780566
780120
779701
779297
779012
778424
778112
778025
777564
777303
776672
776370
775885
775609
775425
775224
775009
774795
774575
774477
774325
773915
773700
773448
773164
772795
772529
772125
771898
771597
771283
770961
770519
770209
769900
769537
769185
768639
768278
768245
767973
767570
767264
767002
766727
766022
765550
765175
764768
764459
764141
763987
763621
763287
762711
762281
762092
761631
761252
760786
760309
760275
760036
759750
759555
759316
758924
758779
758577
758080
757680
757244
756973
756614
756249
755785
755422
754746
754163
753947
753910
753735
753267
752782
752331
751958
751680
751153
750564
750044
749375
748704
748142
747697
747103
746424
745882
745412
744733
743958
743451
742958
742329
741673
741346
740891
740561
740328
739980
739497
739100
738889
738769
738503
738257
738107
737875
737598
737310
736744
736250
735972
735661
735135
734732
734228
733919
733508
733258
732773
732005
731742
731294
731115
730714
730420
730101
729463
728898
728429
728061
727776
727254
726828
726296
725907
725315
725034
724955
724606
724334
723992
723656
723515
723360
722930
722456
722107
721861
720914
720379
719839
719160
718814
718654
718508
718088
717501
716977
716673
716365
716010
715358
715059
714297
713776
713481
713046
712422
712003
711689
711332
710411
709879
709784
709196
708555
707984
707406
707092
706852
706585
705938
705574
705126
704922
704753
704353
703737
703147
702448
701646
700973
699915
699593
698844
698348
698191
697630
697351
697164
697039
696206
695531
694853
694132
693234
692720
692303
691744
691024
690501
690172
689445
688845
688412
687947
687661
687365
687142
686977
686856
686479
686174
685999
685660
685092
684722
684177
683494
683382
682885
682548
681992
681253
680638
680168
679844
679434
679029
678633
678214
677852
677243
676501
676138
675587
675159
674838
674324
673883
673347
672905
672607
672217
671715
671289
670931
670241
669695
669395
669017
668618
668203
667516
667070
666295
665937
665403
664718
663794
663149
662228
661847
661216
660874
660439
659550
658677
658183
657789
657135
656711
656037
655020
654324
653814
652985
652367
652191
651517
650986
650946
650696
650401
650072
649831
649476
649238
648776
648570
648049
647715
647436
646837
646296
645884
645361
644801
644456
643896
642933
641981
640975
640236
639499
638615
638063
637373
636623
635796
635118
633543
632896
631900
631572
630318
629285
628020
627286
626811
625807
625205
624808
624566
624424
624270
623759
623046
622399
622089
621921
621778
621709
621399
621243
620615
620298
619623
619070
618710
618368
618195
617896
617590
617465
617246
616877
616722
615755
615183
614881
614637
614044
613469
613026
612709
612342
611623
610216
609579
608070
607533
605365
603810
603059
602616
601721
600594
600101
599939
599673
599413
598456
597608
596762
596462
595646
594771
594160
593361
592739
592645
591531
590929
590565
589992
589957
589460
588553
587824
587671
587126
585991
585105
582078
581747
579770
578787
578685
576941
574633
573806
572718
572267
571354
571016
569849
569401
568538
567664
567222
566354
565930
565292
564941
564282
563513
563222
562442
562033
561370
561187
560863
560230
559574
559114
558882
558342
558129
557288
556155
555544
554811
554381
553858
551262
550090
549371
548203
545815
544752
543793
542323
541249
538963
538080
535710
534664
534508
532536
532428
530210
528624
528405
525332
522842
522092
521524
520762
519914
518969
518785
517920
517652
517130
516832
515638
515390
513012
512680
511323
2088659
2087532
2087491
2087453
2087185
2086315
2085339
2084580
2084052
2083491
2082967
2082413
2081746
2081167
2080703
2080217
2079826
2079257
2078879
2077484
2077307
2076425
2075707
2074964
2074394
2073861
2073409
2073045
2072343
2071761
2070976
2070399
2069926
2069472
2069157
2068548
2067833
2067495
2066967
2066272
2065551
2064890
2063746
2063171
2062751
2061802
2060589
2060197
2059589
2058771
2058356
2057501
2056719
2055826
2055066
2054764
2054209
2053588
2053279
2052758
2051973
2051324
2050405
2049494
2049024
2048373
2048115
2047717
2047021
2046270
2045651
2044721
2043817
2043268
2042512
2041300
2040439
2039564
2038649
2037976
2036962
2036188
2035470
2035105
2034252
2033715
2032764
2031758
2030534
2029755
2029176
2028489
2027784
2027197
2026443
2025562
2025221
2024597
2023839
2023246
2022395
2021753
2020894
2020067
2019481
2019143
2018428
2018118
2018066
2017775
2017459
2016923
2016444
2015862
2015021
2014270
2013678
2013115
2012364
2011582
2010978
2010349
2009179
2008898
2008106
1983433
1965933
1938322
1924609
1901887
1871156
1853163
1839532
1810470
1798436
1774351
1758178
1748713
1735755
1703299
1663866
1624537
1606990
1589302
1574907
1551071
1525001
1512147
1489665
1472344
1463052
1420844
1405544
1391277
1372297
1359564
1339989
1330435
1315051
1292811
1269440
1256143
1237239
1217512
1193491
1180383
1164049
1150133
1125478
1104874
1089789
1074966
1061696
1032778
1030184
1027153
1023865
1021957
1019345
1017224
1014806
1012967
1010495
1008464
1005833
1003614
1002135
1000527
998990
997306
995105
993840
992572
989916
987918
986280
984172
981543
979564
976949
974782
972349
970142
967595
965700
962858
960737
957412
955889
952447
949886
946878
945060
941755
939069
936070
932993
928483
923182
916426
912359
889961
843811
801917
778267
774904
772726
768983
765848
763018
760296
757468
753892
751228
747609
743748
740358
738514
736446
733928
731284
728667
725703
724124
722713
720191
718411
716206
713671
711570
708935
706626
704884
702015
698569
697089
693286
690489
687895
686504
684942
682749
680056
678580
676116
674135
672406
670925
668763
666852
665335
663141
661224
660292
658163
656868
654947
653434
652050
650977
650557
649845
649237
648474
647485
646290
645267
643974
641974
639997
638068
636544
634401
631913
630183
627774
625559
624794
624353
623109
622157
621885
621537
621044
620227
619139
618695
618214
617735
617499
617229
616735
615750
615101
614659
613814
613217
612699
612051
610114
609028
607000
603853
603055
602596
600590
600061
599650
598570
597360
596688
595678
594749
593481
592728
591547
590896
590022
589696
588925
587809
587294
585985
583828
581351
578792
578625
574637
573347
572270
571131
570447
569372
568016
567235
566342
565530
564946
563880
563331
562438
561872
561190
560585
559596
558918
558355
558114
556181
555462
554493
553774
550764
549956
548228
545786
544323
542256
540455
537722
535486
534515
532508
530586
528618
527776
522874
522087
521377
519987
518963
518204
517699
517116
516762
515400
512994
