2007107
2006529
2005945
2005207
2004680
2004068
2003174
2002494
2001980
2001372
2000549
1999857
1999338
1998946
1997813
1997127
1996692
1996012
1995673
1994756
1993953
1993253
1992827
1992176
1991440
1990908
1990119
1989776
1988922
1988269
1987986
1987171
1986515
1986361
1985893
1985678
1985103
1984819
1984088
1983579
1982777
1982178
1981639
1980956
1980383
1979331
1978751
1977881
1977154
1976757
1976122
1975628
1975198
1974458
1973989
1973567
1972838
1972185
1971988
1971440
1971070
1970527
1970165
1969721
1968887
1968506
1967951
1967059
1966238
1965676
1964649
1964158
1963629
1962933
1962377
1961586
1961117
1960439
1959422
1958606
1957846
1956983
1956309
1955624
1954628
1954223
1953365
1952943
1952423
1951987
1951060
1950355
1949814
1948773
1948083
1947604
1946900
1945927
1945205
1944477
1943785
1943307
1942484
1942206
1941670
1941330
1940890
1940787
1940364
1939701
1939306
1938728
1937823
1936996
1936476
1936142
1935452
1935007
1934446
1933942
1933356
1932832
1932244
1931711
1931278
1930953
1930527
1929579
1929301
1928788
1928098
1927748
1926635
1926381
1925815
1925036
1924391
1923539
1922792
1922342
1921689
1921096
1920513
1920476
1920188
1919932
1919559
1918994
1918015
1917303
1916729
1916314
1915390
1914799
1914506
1914316
1913858
1913359
1912990
1912531
1912232
1911631
1910972
1910410
1910119
1909594
1908807
1908226
1907701
1907508
1906969
1906335
1905956
1905190
1904727
1904161
1903942
1903139
1902630
1902136
1901524
1900886
1900115
1899362
1898563
1897960
1897274
1896333
1895763
1895293
1894982
1894031
1893216
1892306
1891442
1890829
1890017
1889720
1889221
1888867
1888413
1887809
1887047
1886744
1886144
1885520
1884805
1884353
1883917
1883424
1883089
1882460
1881417
1880881
1880051
1879410
1878804
1878078
1877708
1877293
1876823
1876062
1875598
1875084
1874355
1874033
1873002
1872592
1871695
1871265
1870704
1869933
1869505
1868733
1868104
1867546
1866823
1866465
1866057
1865169
1864766
1864331
1863791
1863192
1862773
1862149
1861710
1861301
1860683
1860148
1859579
1859369
1858874
1858493
1858040
1857703
1857093
1856500
1855972
1855736
1855330
1854917
1854571
1854260
1853822
1853465
1853160
1852942
1852536
1852177
1851518
1851254
1850942
1850356
1849923
1849649
1849115
1848787
1848448
1848081
1847589
1847386
1847132
1846651
1845927
1845469
1845036
1844295
1843551
1843209
1842982
1842496
1842305
1842161
1841765
1841502
1840855
1840437
1840014
1839640
1839315
1838809
1838467
1838004
1837781
1837327
1836894
1836493
1836052
1835689
1835295
1834813
1834273
1833505
1833269
1832842
1832456
1832050
1831636
1831101
1830387
1829888
1829615
1829155
1828831
1828388
1827812
1827247
1826450
1825937
1825457
1824731
1824218
1823884
1823410
1823200
1822728
1822257
1821695
1821235
1820954
1820399
1819802
1819182
1818943
1818503
1817926
1817455
1817154
1816651
1816313
1815851
1815476
1815045
1814925
1814531
1813955
1813626
1813264
1813010
1812720
1812163
1811745
1811297
1810952
1810525
1810227
1809824
1809413
1808740
1808091
1807719
1807318
1806898
1806659
1806068
1805755
1805240
1804936
1804366
1804303
1804059
1803421
1803054
1802699
1802296
1801772
1801522
1801158
1800812
1800357
1800156
1799745
1799480
1798782
1798411
1797624
1797481
1796625
1796022
1795450
1795201
1794620
1793900
1793563
1792835
1792576
1792036
1791746
1791253
1790628
1789654
1789152
1788861
1788252
1787931
1787284
1787117
1786511
1786228
1785942
1785282
1784916
1784592
1784006
1783568
1783196
1782587
1782285
1781757
1781308
1781052
1780532
1780220
1779754
1779226
1778648
1778312
1777779
1776963
1776320
1775715
1775084
1774411
1773764
1773567
1772994
1772613
1772166
1771745
1771314
1770744
1770259
1769696
1769136
1768556
1768088
1767370
1767181
1766774
1766470
1765832
1765235
1764638
1764067
1763430
1763166
1762485
1762203
1761715
1761542
1760854
1760313
1759782
1759250
1758890
1758555
1758121
1757787
1757155
1756880
1756419
1755509
1755074
1754639
1754227
1753820
1753254
1752986
1752680
1752332
1751800
1751080
1750830
1750359
1749999
1749529
1749011
1748181
1747569
1747181
1746741
1746493
1745770
1745393
1745017
1744815
1744449
1744148
1743685
1743076
1742525
1741814
1741389
1740797
1740105
1739508
1738658
1737831
1737287
1736617
1736272
1735966
1735872
1735466
1735052
1734950
1734411
1734042
1733343
1733024
1732348
1731735
1731369
1730819
1730491
1730110
1730038
1729387
1728839
1728589
1728065
1727569
1727280
1726316
1726011
1725862
1725421
1724602
1724218
1723759
1723266
1722673
1722027
1721076
1720501
1719826
1718989
1718702
1718194
1717995
1717408
1716989
1716559
1716210
1715568
1715090
1714487
1713735
1713347
1712905
1712526
1712017
1711422
1711065
1710453
1709842
1709277
1708825
1708251
1707665
1707135
1706305
1705795
1705135
1704474
1703449
1702744
1702572
1702139
1701837
1701298
1700925
1700415
1699986
1699351
1698955
1698543
1697958
1697558
1697286
1696800
1696638
1696410
1695894
1695353
1694667
1694207
1693905
1693244
1692601
1691990
1691321
1690977
1690460
1689966
1689507
1688775
1688278
1687576
1687268
1686600
1686168
1685776
1685203
1684667
1684022
1683419
1682653
1682028
1681354
1680751
1679873
1679424
1678652
1677935
1677422
1676733
1676364
1675609
1675111
1674696
1674122
1673254
1672549
1672070
1671422
1671014
1670290
1669710
1669319
1668584
1667754
1667396
1666907
1666322
1666041
1665583
1664875
1664378
1663904
1663418
1662893
1662591
1662208
1661722
1661295
1660910
1660382
1659975
1659304
1658540
1657553
1656962
1656379
1656214
1655768
1655116
1654515
1653988
1653433
1652802
1652459
1651811
1651137
1650397
1649772
1649528
1648923
1648304
1647796
1647444
1647024
1646548
1645995
1645414
1644934
1644520
1643708
1642851
1642398
1641946
1641342
1640726
1640443
1639687
1639103
1638358
1637993
1637518
1636960
1636300
1635916
1635372
1634867
1634212
1633812
1633319
1632907
1632436
1632044
1631597
1631099
1630866
1630398
1630019
1629683
1629485
1629156
1628742
1628322
1627675
1627334
1626839
1626435
1626076
1625800
1625444
1624833
1624533
1623772
1623155
1622961
1622871
1622244
1621902
1621462
1621196
1620454
1619717
1619296
1618748
1618043
1617575
1616766
1616186
1615727
1615141
1614875
1614240
1613556
1613205
1612796
1612173
1611792
1611326
1610912
1610471
1610173
1609615
1608570
1608094
1607487
1606869
1606533
1605995
1605444
1605178
1604426
1603962
1603561
1602880
1602357
1601789
1601409
1600842
1600027
1599285
1598779
1598025
1597656
1596892
1596566
1595917
1595488
1595232
1594541
1594376
1593721
1593367
1592911
1592374
1591896
1591664
1591502
1591154
1590944
1590297
1589709
1589282
1588920
1588531
1588127
1587653
1587052
1586623
1586320
1585912
1585516
1585254
1584702
1584466
1583923
1583677
1583143
1582641
1582196
1582006
1581624
1581170
1580738
1580474
1579974
1579810
1579361
1579042
1578663
1578150
1577746
1576936
1576357
1575808
1575396
1575072
1574732
1574153
1573681
1573258
1572791
1572558
1571997
1571760
1571327
1570908
1570555
1570025
1569878
1569632
1569132
1568890
1568466
1567906
1567719
1567485
1567118
1566579
1566299
1565951
1565413
1565076
1564685
1564316
1563952
1563533
1562973
1562599
1562126
1561610
1560865
1560356
1560076
1559637
1559219
1558776
1558099
1557671
1557399
1556933
1556497
1556006
1555702
1555204
1554972
1554495
1554124
1553677
1553443
1553052
1552494
1552324
1551556
1551170
1550553
1550033
1549767
1549484
1549286
1548946
1548624
1548208
1547894
1547592
1547041
1546747
1546480
1546202
1545787
1545659
1545190
1544791
1544498
1544298
1543959
1543808
1543704
1543346
1542995
1542763
1542252
1541602
1541158
1540509
1539984
1539611
1539303
1538927
1538283
1538184
1538140
1538112
1538082
1538052
1538025
1537486
1537007
1536478
1536141
1535584
1535150
1534523
1534068
1533493
1533006
1532620
1532039
1531674
1531375
1530931
1530148
1529592
1529181
1528871
1528617
1528235
1527730
1527305
1526749
1526167
1525595
1525003
1524585
1524201
1523923
1523464
1522975
1522436
1521822
1521523
1521188
1520651
1520090
1519629
1518902
1518511
1518208
1517868
1517541
1517186
1516914
1516552
1515934
1515611
1515174
1514658
1514206
1513884
1513465
1513172
1513042
1512588
1512355
1511980
1511492
1511159
1510827
1510378
1510106
1509670
1509226
1508772
1508563
1507944
1507563
1507260
1506570
1506037
1505586
1505093
1504615
1504211
1503847
1503278
1502879
1502480
1502016
1501379
1500698
1500266
1499814
1499512
1499150
1498797
1498342
1497968
1497644
1497036
1496528
1496278
1495972
1495678
1495298
1494948
1494325
1494139
1493567
1493120
1492625
1492452
1491521
1491069
1490497
1489932
1489547
1489141
1488698
1488481
1488040
1487434
1486626
1485934
1485608
1485416
1484969
1484349
1484039
1483678
1483016
1482413
1481931
1481767
1481245
1480809
1480268
1480071
1479433
1478895
1478400
1477836
1477396
1477068
1476691
1476104
1475706
1475431
1474836
1474323
1474021
1473685
1473332
1472759
1472232
1471659
1471461
1471228
1470587
1470232
1469895
1469391
1468874
1468347
1468048
1467527
1467308
1466985
1466636
1466163
1465960
1465609
1465208
1464939
1464743
1464194
1463800
1463640
1463254
1463096
1462775
1462422
1462124
1461670
1461048
1460596
1459909
1459317
1458870
1458287
1457816
1457332
1456713
1456258
1455646
1455329
1454719
1454421
1454065
1453839
1453498
1453106
1452689
1452264
1451742
1451443
1451127
1450747
1450245
1450087
1449727
1449486
1449043
1448581
1448503
1448136
1447756
1447201
1446494
1445930
1445599
1445255
1444651
1444359
1443976
1443623
1443304
1442887
1442482
1442172
1441839
1441588
1440970
1440395
1439888
1439516
1439331
1438774
1438466
1438130
1437851
1437466
1437206
1436793
1436264
1435838
1435547
1435199
1434632
1434259
1433577
1432946
1432712
1432226
1431742
1431397
1430779
1430170
1429869
1429431
1428839
1428219
1427913
1427405
1427080
1426913
1426656
1426096
1425469
1425172
1424843
1424733
1424649
1424384
1424043
1423535
1422966
1422536
1422072
1421530
1421211
1420811
1420364
1419850
1419250
1418672
1418251
1417845
1417355
1416872
1416422
1416057
1415639
1415246
1414877
1414401
1413936
1413616
1413281
1412889
1412279
1411840
1411396
1411216
1410597
1410109
1409742
1409441
1408856
1408550
1407942
1407021
1406406
1405853
1405456
1404921
1404346
1403478
1403001
1402234
1401875
1401469
1401268
1400859
1400187
1399560
1398833
1398429
1398143
1397687
1397088
1396512
1396069
1395618
1395104
1394742
1394431
1394117
1393634
1392584
1392061
1391619
1390914
1390626
1390325
1389737
1389188
1388646
1388142
1387643
1387230
1386534
1386004
1385546
1384923
1384300
1383651
1383106
1382690
1382381
1381971
1381559
1380873
1380068
1379611
1379022
1378689
1378116
1377586
1376825
1376381
1375749
1375008
1374946
1374300
1373662
1373291
1372836
1372402
1371901
1371229
1370758
1370361
1369901
1369399
1368801
1368493
1367912
1367410
1366911
1365991
1365639
1364703
1364465
1363667
1362991
1362599
1361894
1361521
1360653
1360118
1359509
1359048
1358704
1358678
1358379
1358151
1357786
1357131
1356490
1355785
1355048
1354630
1354144
1353659
1353131
1352535
1352312
1351911
1351521
1350739
1350150
1349776
1349168
1348489
1348147
1347780
1347432
1347009
1346383
1345570
1345054
1344467
1343882
1343739
1343044
1342637
1342425
1342083
1341865
1341407
1341178
1340977
1340576
1340122
1339913
1339573
1339254
1339000
1338763
1338538
1338205
1337813
1337531
1337127
1336621
1336209
1335684
1335303
1334893
1334716
1334365
1334000
1333633
1333113
1332416
1331497
1330988
1330532
1329933
1329065
1328929
1328543
1327860
1327397
1327134
1326401
1325697
1325089
1324547
1323998
1323594
1323228
1323103
1323028
1322737
1322679
1321999
1321607
1321106
1320488
1319660
1319450
1318779
1318257
1317733
1317394
1316710
1316276
1315893
1315103
1314781
1314256
1313729
1313120
1312901
1312574
1312170
1311681
1311233
1310808
1310407
1309944
1309736
1309479
1309024
1308581
1308154
1307674
1307265
1306828
1306476
1306074
1305665
1305296
1304865
1304312
1304003
1303927
1303462
1302782
1302257
1301738
1301384
1300817
1300459
1300101
1299501
1298860
1298308
1297849
1297622
1297143
1296754
1296592
1296161
1295751
1295500
1295156
1294479
1294304
1294246
1293933
1293633
1293041
1292535
1292134
1291793
1291286
1290685
1290195
1289734
1289264
1288600
1288217
1287853
1287344
1286951
1286687
1286434
1285830
1285563
1285206
1284826
1284473
1284122
1283834
1283268
1282757
1282254
1281502
1281215
1280693
1280464
1280381
1280342
1279991
1279364
1278680
1278464
1278221
1278156
1277803
1277426
1277259
1276764
1276466
1276030
1275546
1275160
1274854
1274430
1273993
1273458
1273201
1272835
1272591
1272365
1272044
1271910
1271558
1271444
1271246
1270963
1270787
1270658
1270338
1270154
1270004
1269589
1269342
1269111
1268930
1268685
1268504
1267933
1267699
1267383
1266973
1266656
1266187
1265875
1265589
1265137
1264699
1264272
1263853
1263603
1263243
1262878
1262532
1262371
1262077
1261581
1261312
1260931
1260612
1260362
1260057
1259769
1259445
1259046
1258579
1258171
1257871
1257404
1257127
1256739
1255959
1255408
1254646
1254110
1253321
1252103
1251081
1250404
1249509
1248719
1247919
1247089
1246543
1246204
1246107
1245560
1245192
1244859
1244466
1244160
1243686
1243291
1243139
1242783
1242525
1242176
1241889
1241552
1241306
1240837
1240404
1240180
1239873
1239684
1239311
1238965
1238664
1238305
1237771
1237424
1237009
1236895
1236435
1236109
1235601
1235447
1235248
1234923
1234514
1234427
1234328
1234266
1233790
1233692
1233397
1232986
1232649
1232169
1231698
1231401
1231014
1230662
1230418
1230010
1229561
1229199
1228856
1228441
1228278
1227900
1227775
1227587
1227323
1226997
1226776
1226435
1225737
1225209
1224733
1224374
1224189
1223754
1223351
1222819
1222335
1222020
1221353
1221007
1220465
1220058
1219772
1219298
1218795
1218340
1217795
1217462
1217404
1216895
1216429
1216029
1215499
1215038
1214684
1214311
1213832
1213526
1213014
1212208
1211884
1211555
1211144
1210644
1210307
1209824
1208952
1208877
1208370
1208300
1208089
1207820
1207457
1207413
1207121
1206988
1206736
1206365
1205897
1205497
1205025
1204252
1203863
1203118
1202738
1202258
1201472
1201257
1200777
1200325
1199926
1199517
1199092
1198656
1198286
1197949
1197495
1197085
1196692
1196202
1195757
1195335
1194717
1194567
1194463
1193996
1193829
1193526
1193448
1193150
1192938
1192827
1192214
1191655
1191304
1190819
1190434
1190052
1189458
1189066
1188598
1188322
1187876
1187401
1186939
1186561
1186382
1186083
1185758
1185569
1185430
1185218
1184914
1184573
1184229
1183685
1183445
1183020
1182578
1182162
1181929
1181467
1181096
1180818
1180357
1179972
1179390
1178958
1178340
1177704
1177054
1176654
1176588
1176545
1176412
1176330
1176071
1175919
1175725
1175250
1174921
1174652
1174134
1173724
1173281
1172986
1172603
1172490
1172122
1171900
1171528
1171234
1170873
1170562
1170197
1169784
1169469
1169221
1168869
1168567
1168345
1168043
1167679
1167462
1167207
1167060
1166730
1166536
1166106
1165909
1165499
1165291
1164944
1164701
1164393
1164196
1163928
1163700
1163344
1163098
1162796
1162529
1162163
1161809
1161420
1160999
1160529
1160003
1159515
1159253
1159150
1159023
1158987
1158602
1158220
1157889
1157486
1156910
1156461
1156148
1155562
1155039
1154799
1154251
1153572
1153006
1152518
1152046
1151391
1150954
1150508
1150280
1149687
1149018
1148465
1148186
1147913
1147792
1147354
1147089
1147034
1146979
1146538
1146054
1145701
1145216
1144656
1144178
1143872
1143435
1142838
1142459
1141918
1141224
1141004
1140694
1140282
1139921
1139319
1138812
1138240
1137937
1137465
1136879
1136403
1135821
1135081
1134901
1134486
1133911
1133151
1132606
1132082
1131612
1131291
1130921
1130500
1129984
1129485
1129081
1128663
1128253
1127708
1127303
1126535
1126041
1125535
1125362
1125052
1124410
1124262
1124032
1123594
1123226
1123183
1122967
1122621
1122253
1121894
1121730
1121171
1120481
1120117
1119333
1118886
1118515
1118215
1117844
1117295
1117223
1116893
1116363
1115989
1115502
1115128
1114737
1114246
1113826
1113568
1113412
1113149
1112864
1112533
1112097
1111751
1111547
1111242
1110635
1110193
1109927
1109464
1109179
1108655
1108422
1108054
1108004
1107464
1107004
1106848
1106491
1106285
1105919
1105389
1104956
1104690
1104347
1103991
1103791
1103446
1103054
1102792
1102550
1102205
1102131
1101801
1101608
1101362
1101069
1100855
1100629
1100361
1099933
1099441
1098975
1098476
1097840
1097321
1096992
1096510
1095715
1095230
1094780
1094246
1093777
1093486
1093439
1092891
1092465
1091941
1091593
1090953
1090756
1090190
1089575
1089277
1088927
1088440
1087849
1087485
1087024
1086466
1086243
1085940
1085502
1085164
1084789
1084404
1083844
1083370
1082861
1082691
1082611
1082416
1081696
1080944
1080339
1079968
1079214
1078802
1078379
1078059
1077595
1077174
1076897
1076733
1076591
1076243
1076056
1075769
1075369
1074975
1074605
1074207
1073752
1073493
1073154
1072610
1072212
1071796
1071508
1071079
1070880
1070495
1070122
1069791
1069573
1069356
1068944
1067979
1067355
1066786
1066552
1066363
1065813
1065432
1065140
1064889
1064496
1063976
1063684
1063033
1062782
1062393
1062063
1061725
1061466
1061034
1060386
1059976
1059624
1059192
1058857
1058739
1058630
1058378
1058144
1057890
1057441
1057149
1056809
1056702
1056447
1055993
1055556
1055072
1054809
1054346
1053950
1053779
1053187
1052896
1052528
1052145
1051982
1051881
1051325
1050875
1050517
1050048
1049695
1049390
1049136
1048950
1048661
1048389
1048176
1047909
1047636
1047348
1046988
1046382
1046088
1045680
1045353
1044798
1044592
1044312
1044039
1043688
1043232
1042859
1042519
1042211
1041704
1041163
1040775
1040305
1040143
1039680
1039251
1038654
1038239
1037858
1037481
1036795
1036657
1036063
1035789
1035631
1035232
1034933
1034668
1034345
1034210
1033769
1033405
1033065
1032718
1032410
1032096
1031925
1031632
1031264
1030943
1030613
1030482
1030212
1029892
1029505
1029331
1029267
1028960
1028870
1028681
1028301
1027957
1027641
1027300
1026960
1026833
1026686
1026655
1026508
1026335
1026046
1025698
1025418
1025072
1024873
1024620
1024248
1023840
1023331
1023139
1022952
1022648
1022349
1022221
1021954
1021629
1021496
1021083
1020834
1020712
1020470
1020324
1019894
1019523
1019265
1018922
1018799
1018417
1018287
1017852
1017606
1017214
1016911
1016617
1016436
1016144
1015805
1015615
1015275
1015163
1014921
1014524
1014400
1013994
1013774
1013435
1012970
1012799
1012546
1012407
1012057
1011836
1011536
1011449
1011149
1010740
1010393
1010136
1009859
1009712
1009466
1009194
1008870
1008712
1008314
1008038
1007518
1007167
1006801
1006375
1005888
1005597
1005347
1005147
1004784
1004614
1004319
1003848
1003405
1003023
1002779
1002591
1002340
1002142
1001856
1001588
1001209
1000974
1000591
1000274
1000107
999688
999461
999040
998808
998490
998391
998153
998113
998014
997375
997160
996748
996474
996116
995709
995417
995106
994860
994517
994110
993809
993509
993193
992926
992509
992191
991853
991458
991227
990851
990430
990098
989758
989469
989096
988771
988520
988205
987987
987730
987603
987329
987000
986603
986288
986249
986221
986189
985913
985674
985431
985101
985035
984782
984467
984152
983769
983687
983432
982995
982627
982184
981947
981586
981272
981073
980590
980387
980016
979722
979614
979289
979018
978680
978396
978089
977730
977552
977205
976949
976652
976236
976072
975918
975303
974810
974639
974159
973887
973590
973393
973115
972661
972428
972069
971838
971439
971024
970682
970297
970002
969552
969031
968663
968276
967844
967719
967460
967238
966885
966771
966516
966374
966127
965897
965690
965492
965300
965030
964674
964275
963854
963541
963182
962797
962307
962068
961742
961422
961093
960800
960679
960373
960134
959827
959507
959290
959128
958863
958612
958422
958101
958051
957848
957534
957368
957168
956978
956662
956541
956505
956383
956082
955768
955204
955021
954722
954272
953909
953852
953799
953711
953402
953372
953278
952899
952872
952457
952043
951902
951616
951314
951160
950814
950455
950131
949870
949534
949003
948701
948340
947841
947397
947173
946878
946527
946217
945929
945582
945094
944748
944319
943922
943555
942896
942245
941755
941462
941116
940820
940453
940035
939656
939186
938746
938449
938019
937842
937512
936960
936654
936355
936122
935815
935383
934909
934330
933991
933889
933577
933293
932905
932451
931938
931499
931235
930813
930554
930204
929784
929199
929100
929069
928722
928426
928162
927853
927426
927051
926984
926418
925929
925539
925091
924814
924592
924071
923758
923231
922922
922645
922124
921641
920997
920753
920421
920248
919929
919841
919711
919676
919544
919352
919280
919150
918888
918819
918758
918538
918281
917939
917731
917364
917177
916942
916877
916630
916199
915798
915286
914967
914698
914423
914098
913819
913562
913184
912778
912359
912131
911766
911501
911166
910931
910766
910477
909962
909773
909326
908906
908624
908481
908281
908039
907664
907350
907091
906641
906216
905961
905640
905558
905277
905014
904543
904080
903638
903374
902855
901887
901579
901205
900797
900251
900065
899613
899229
898647
898225
897919
897354
897026
896700
896538
896337
896179
895876
895609
895282
894993
894703
894494
894297
893945
893477
893205
892984
892584
892299
891972
891741
891401
891109
890842
890617
890412
890139
889870
889446
889059
888737
888674
888565
888224
888092
887882
887618
887281
887022
886776
886452
886071
885417
885026
884705
884248
883873
883395
882852
882328
881839
881395
881234
880851
880429
879901
879502
879233
878530
877942
877738
877120
876514
876049
875682
875068
874125
873840
873464
872953
872668
872291
871957
871584
871232
870978
870382
869743
869132
868939
868597
867914
867065
866639
866041
865728
865417
865107
864278
863641
863123
862696
862513
862065
861534
861467
861209
860886
860501
859745
859380
858967
858786
858250
857957
857547
857127
856777
856432
856002
855453
855198
854871
854122
853766
853286
852978
852718
852306
851936
851683
851157
850674
850170
849935
849365
849236
848667
848269
847943
847697
847347
847043
846798
846469
846144
845765
845283
845067
844833
844663
844458
844262
844078
843831
843694
843441
843195
843065
842948
842844
842627
842517
842092
841934
841627
841388
840916
840631
840576
840188
839555
839157
838407
837960
837510
836914
836622
836127
835792
835402
834817
834279
834249
833932
833408
832578
832091
831388
830784
830278
829789
829538
829026
828231
828033
827642
827248
826511
826009
825537
825235
824966
824334
824002
823486
823168
822715
822371
821798
821409
820598
820199
820010
819776
819227
818581
818204
817721
817284
816411
815965
815528
815325
814719
814678
814338
814217
813777
813446
813346
813124
812942
812793
812536
812181
811747
811507
811222
810892
810778
810536
809903
809591
808934
808728
808482
808302
808141
807362
806954
806457
806060
805743
805462
804935
804426
804123
803761
803501
803267
802982
802569
802278
801915
801590
801038
800779
800394
799752
799390
798644
798235
797938
797521
796901
796374
795996
795310
794772
794315
794036
793670
793028
792692
792046
791706
791516
791437
791094
790694
790133
789709
789311
788775
788434
787954
787475
787135
786528
785921
785219
784880
784373
784003
783434
783088
782669
782566
782268
781771
781386
781036
780577
780131
779710
779343
779022
778525
778121
778027
777609
777335
776700
776390
775938
775617
775468
775247
775016
774821
774591
774479
774341
773954
773726
773499
773169
772830
772549
772324
771921
771601
771305
771125
770578
770230
769972
769596
769263
768714
768280
768250
767985
767658
767277
767008
766736
766184
765602
765197
764781
764491
764149
764027
763664
763398
762713
762369
762098
761815
761263
760818
760404
760279
760113
759780
759659
759320
758927
758781
758580
758150
757691
757332
757060
756641
756274
755939
755474
754791
754221
753949
2087537
2087494
2087455
2087220
2086406
2085636
2084602
2084121
2083508
2083113
2082445
2081761
2081204
2080757
2080273
2079840
2079296
2078963
2077594
2077320
2076450
2075729
2074966
2074483
2073864
2073462
2073060
2072422
2071943
2071071
2070418
2069933
2069594
2069164
2068633
2067836
2067565
2066994
2066373
2065553
2064946
2064078
2063222
2062887
2061896
2060682
2060280
2059690
2058886
2058506
2057515
2056793
2055858
2055106
2054799
2054218
2053656
2053296
2052793
2052078
2051330
2050449
2049580
2049035
2048414
2048125
2047738
2047182
2046352
2046055
2044888
2043940
2043431
2042539
2041503
2040552
2039655
2038668
2038000
2037066
2036205
2035478
2035185
2034269
2033734
2032808
2031815
2030654
2029929
2029183
2028495
2027942
2027329
2026476
2025623
2025258
2024669
2023851
2023337
2022475
2021769
2020909
2020204
2019492
2019182
2018565
2018121
2018070
2017780
2017571
2016929
2016506
2015921
2015168
2014319
2013726
2013154
2012405
2011677
2011057
2010373
2009238
2008907
2008133
1983991
1966191
1944773
1924856
1902604
1873925
1853520
1840764
1813512
1798750
1777871
1759692
1750792
1737173
1709613
1664808
1627814
1609250
1590297
1575148
1554450
1526169
1513112
1491447
1476329
1463889
1422621
1406560
1392061
1377028
1362363
1342530
1330698
1316030
1293689
1272532
1258316
1238950
1220144
1195789
1182712
1166089
1151915
1125594
1107613
1090776
1076315
1063521
1033892
1030276
1027253
1024647
1022086
1019347
1017542
1015200
1012978
1010640
1008773
1006174
1003913
1002252
1000570
998994
997343
995360
993844
992927
990231
988203
986368
984560
981927
979614
977284
974792
972550
970147
967807
966064
963040
961092
957684
955984
952713
949900
947470
945101
942206
939339
936122
932996
928753
923364
917512
912548
890266
846483
803441
779140
775172
773009
769757
766309
763554
760691
757513
753929
751517
747891
743802
740667
738689
737106
734033
731624
728915
726046
724221
722908
720381
718514
716390
713785
711694
709201
706900
704927
702748
699101
697190
693923
690735
687956
686861
685088
682790
680500
678602
676413
674465
672683
671157
668848
667081
665409
663160
661389
660315
658232
656873
655005
653513
652265
650982
650565
649880
649252
648527
647621
646304
645291
644004
642293
640028
638388
636752
635085
632259
630608
627943
625783
624804
624360
623330
622333
621905
621585
621103
620377
619355
618700
618222
617862
617502
617239
616834
615757
615150
614718
613854
613273
612705
612054
610215
609031
607162
604175
603079
602598
600808
600069
599728
598692
597613
596694
595700
594755
593587
592736
