2007387
2006773
2006480
2005694
2005081
2004469
2003509
2002816
2002346
2001636
2000840
2000139
1999680
1999200
1998500
1997719
1996831
1996453
1995943
1995263
1994444
1993872
1993140
1992525
1991768
1991326
1990823
1989982
1989232
1988650
1988193
1987499
1986900
1986424
1985929
1985858
1985610
1984900
1984548
1983990
1983431
1982610
1981975
1981408
1980889
1980100
1979079
1978481
1977700
1977009
1976462
1975897
1975525
1974829
1974261
1973793
1973260
1972368
1972101
1971764
1971287
1970710
1970392
1969901
1969124
1968714
1968179
1967297
1966732
1966017
1965475
1964608
1963902
1963292
1962624
1962073
1961479
1960880
1960232
1958973
1958218
1957313
1956839
1955906
1955405
1954430
1953706
1953218
1952810
1952253
1951603
1950512
1950214
1949395
1948569
1947873
1947251
1946272
1945580
1944629
1944254
1943638
1943116
1942309
1942059
1941476
1940945
1940860
1940726
1940051
1939501
1939112
1938507
1937442
1936772
1936344
1935686
1935256
1934632
1934185
1933871
1933133
1932624
1932143
1931358
1931195
1930841
1930066
1929472
1929038
1928633
1927951
1926898
1926579
1926045
1925395
1924741
1924200
1923333
1922631
1921940
1921334
1920830
1920500
1920341
1919977
1919781
1919390
1918799
1917918
1917094
1916493
1915869
1915115
1914713
1914405
1914193
1913735
1913208
1912907
1912426
1911953
1911189
1910749
1910286
1909753
1909448
1908663
1908069
1907614
1907218
1906407
1906176
1905637
1904947
1904575
1904079
1903512
1902998
1902488
1901870
1901067
1900461
1899602
1898854
1898387
1897849
1897088
1896271
1895640
1895109
1894425
1893806
1892832
1891952
1891325
1890568
1889939
1889494
1889170
1888732
1888252
1887650
1886950
1886473
1885727
1885205
1884669
1884213
1883634
1883372
1882677
1881969
1881318
1880533
1879907
1879196
1878653
1877922
1877623
1877181
1876636
1875772
1875415
1874828
1874297
1873656
1872817
1872151
1871589
1871125
1870381
1869801
1869262
1868617
1867956
1867204
1866669
1866235
1865774
1864951
1864695
1864017
1863603
1863054
1862405
1861969
1861483
1860999
1860474
1860077
1859498
1859105
1858791
1858336
1857896
1857342
1856841
1856291
1855886
1855602
1855238
1854766
1854548
1854063
1853752
1853371
1853091
1852657
1852408
1851811
1851406
1851233
1850761
1850248
1849771
1849448
1848981
1848616
1848319
1847999
1847471
1847325
1847044
1846446
1845576
1845291
1844591
1843843
1843424
1843041
1842821
1842442
1842198
1842106
1841669
1841239
1840702
1840203
1839782
1839485
1839197
1838602
1838143
1837932
1837647
1837076
1836782
1836296
1835887
1835512
1835154
1834596
1834152
1833433
1833050
1832610
1832295
1831870
1831470
1830685
1830251
1829758
1829414
1829079
1828722
1828231
1827479
1827218
1826283
1825731
1825037
1824470
1824051
1823585
1823330
1822905
1822679
1822086
1821369
1821054
1820728
1820304
1819707
1819100
1818719
1818145
1817883
1817286
1816961
1816504
1816249
1815770
1815356
1814998
1814825
1814202
1813918
1813523
1813144
1812914
1812609
1811995
1811474
1811251
1810794
1810444
1810061
1809645
1809013
1808527
1807918
1807580
1807119
1806823
1806299
1805937
1805685
1805135
1804812
1804333
1804227
1803748
1803297
1802999
1802461
1802201
1801691
1801414
1801003
1800615
1800289
1799961
1799668
1799156
1798636
1798289
1797546
1797013
1796281
1795956
1795354
1795081
1794274
1793796
1793351
1792755
1792354
1791951
1791703
1790929
1790340
1789604
1789028
1788761
1788174
1787529
1787235
1786949
1786457
1786179
1785815
1785068
1784707
1784318
1783777
1783556
1782971
1782481
1781968
1781549
1781269
1780658
1780432
1780055
1779470
1779067
1778550
1777973
1777481
1776750
1776144
1775551
1774911
1774286
1773688
1773438
1772801
1772446
1772047
1771473
1771064
1770573
1770076
1769460
1768977
1768189
1767972
1767278
1766988
1766614
1766205
1765572
1764913
1764406
1763949
1763303
1762833
1762423
1762018
1761681
1761116
1760475
1760141
1759679
1759033
1758789
1758303
1757969
1757473
1757051
1756725
1755938
1755438
1754950
1754414
1754089
1753438
1753120
1752869
1752633
1751963
1751640
1750902
1750803
1750243
1749745
1749377
1748742
1748063
1747374
1746986
1746600
1746329
1745721
1745245
1744887
1744720
1744333
1743956
1743369
1742958
1742056
1741591
1741278
1740656
1739764
1739265
1738466
1737645
1737138
1736424
1736214
1735937
1735778
1735242
1735021
1734862
1734300
1733629
1733214
1732685
1732241
1731463
1731100
1730719
1730264
1730070
1729706
1729195
1728747
1728454
1727945
1727397
1726970
1726135
1725994
1725532
1725214
1724588
1723993
1723643
1723147
1722324
1721504
1720925
1720365
1719670
1718856
1718534
1718063
1717932
1717300
1716926
1716428
1716127
1715382
1715003
1714337
1713589
1713191
1712731
1712319
1711803
1711259
1710848
1710316
1709562
1709028
1708656
1707899
1707513
1706865
1705967
1705464
1704972
1704041
1703146
1702717
1702333
1701972
1701693
1701169
1700733
1700317
1699827
1699147
1698825
1698174
1697768
1697405
1696969
1696771
1696610
1696290
1695539
1695220
1694376
1694169
1693811
1692840
1692504
1691736
1691192
1690873
1690330
1689663
1689023
1688387
1688098
1687495
1687073
1686496
1686050
1685498
1685024
1684481
1683797
1683187
1682522
1681698
1681078
1680356
1679632
1679185
1678348
1677705
1677202
1676619
1676019
1675397
1675017
1674407
1673736
1672956
1672347
1671934
1671194
1670858
1670102
1669535
1669027
1668175
1667567
1667202
1666728
1666209
1665976
1665348
1664757
1664263
1663824
1663208
1662864
1662480
1661935
1661629
1661037
1660747
1660171
1659834
1659062
1658342
1657362
1656869
1656313
1655970
1655381
1654876
1654203
1653844
1653190
1652624
1652260
1651654
1651002
1650278
1649688
1649454
1648743
1648057
1647653
1647321
1646825
1646168
1645682
1645308
1644685
1644232
1643415
1642779
1642224
1641701
1641136
1640657
1639968
1639341
1638845
1638182
1637831
1637174
1636746
1636197
1635580
1635178
1634703
1634009
1633523
1633125
1632598
1632271
1631828
1631428
1631000
1630673
1630231
1629887
1629576
1629360
1628867
1628617
1627993
1627498
1627087
1626693
1626279
1626001
1625604
1625289
1624626
1624469
1623667
1623083
1622936
1622559
1622159
1621630
1621341
1620738
1620220
1619601
1619190
1618661
1617883
1617114
1616525
1616079
1615400
1614959
1614639
1613727
1613484
1612973
1612681
1612106
1611463
1611226
1610597
1610339
1610009
1609358
1608395
1607797
1607298
1606742
1606233
1605805
1605368
1604733
1604295
1603829
1603285
1602726
1602265
1601670
1601203
1600629
1599666
1599203
1598560
1597845
1597192
1596761
1596416
1595838
1595373
1595109
1594518
1594224
1593545
1593210
1592767
1592173
1591832
1591535
1591335
1591085
1590537
1590192
1589552
1589159
1588795
1588417
1587867
1587505
1586927
1586549
1586064
1585839
1585301
1585121
1584632
1584314
1583806
1583364
1583002
1582493
1582123
1581840
1581331
1581081
1580535
1580389
1579869
1579718
1579171
1578877
1578547
1578026
1577392
1576699
1576039
1575657
1575163
1574952
1574569
1574000
1573459
1573094
1572689
1572361
1571913
1571539
1571131
1570679
1570264
1570011
1569818
1569526
1569062
1568584
1568370
1567843
1567663
1567289
1566956
1566530
1566190
1565862
1565269
1564875
1564611
1564253
1563710
1563350
1562743
1562299
1561970
1561250
1560603
1560210
1559882
1559453
1559051
1558440
1557958
1557523
1557310
1556809
1556305
1555878
1555368
1555130
1554671
1554413
1553996
1553601
1553233
1552879
1552447
1552073
1551291
1550997
1550433
1549858
1549631
1549407
1549117
1548810
1548407
1548138
1547705
1547389
1546869
1546686
1546393
1545993
1545722
1545424
1545136
1544644
1544435
1544191
1543831
1543788
1543597
1543219
1542920
1542487
1542070
1541466
1540976
1540371
1539887
1539494
1539165
1538607
1538233
1538170
1538130
1538103
1538071
1538043
1537805
1537297
1536665
1536322
1535950
1535400
1534809
1534367
1533843
1533263
1532833
1532401
1531875
1531482
1531148
1530707
1529878
1529399
1529059
1528716
1528429
1528085
1527606
1527045
1526477
1526064
1525357
1524899
1524426
1524095
1523715
1523175
1522736
1522235
1521748
1521348
1520962
1520401
1519882
1519181
1518716
1518495
1518009
1517774
1517379
1517041
1516880
1516421
1515827
1515465
1514880
1514523
1514032
1513590
1513428
1513128
1512941
1512538
1512140
1511828
1511346
1510990
1510645
1510227
1509990
1509482
1509119
1508713
1508324
1507775
1507405
1507063
1506323
1505760
1505213
1504873
1504419
1504105
1503642
1502969
1502763
1502294
1501811
1501181
1500530
1500162
1499649
1499367
1498997
1498632
1498216
1497826
1497344
1496918
1496452
1496192
1495829
1495598
1495230
1494772
1494266
1493777
1493298
1493025
1492507
1491984
1491296
1490664
1490265
1489799
1489344
1489048
1488589
1488360
1487895
1487129
1486256
1485798
1485505
1485222
1484737
1484177
1483950
1483513
1482780
1482287
1481872
1481481
1481019
1480742
1480160
1479760
1479319
1478760
1478228
1477711
1477302
1476811
1476249
1476018
1475575
1475254
1474581
1474137
1473875
1473529
1473022
1472394
1472058
1471569
1471357
1470990
1470472
1470122
1469580
1468982
1468796
1468253
1467929
1467514
1467098
1466880
1466421
1466075
1465826
1465533
1465041
1464872
1464394
1464103
1463743
1463544
1463191
1463009
1462582
1462196
1461883
1461288
1460835
1460225
1459649
1459235
1458628
1458029
1457618
1457151
1456409
1456016
1455476
1455116
1454571
1454117
1454014
1453655
1453417
1452904
1452432
1452221
1451607
1451329
1450899
1450654
1450146
1450011
1449575
1449393
1448928
1448543
1448394
1447957
1447445
1446833
1446292
1445756
1445546
1445134
1444574
1444203
1443781
1443428
1443228
1442788
1442273
1442016
1441737
1441311
1440860
1440209
1439611
1439442
1439160
1438662
1438304
1438063
1437715
1437391
1436951
1436649
1436089
1435784
1435416
1434972
1434527
1434085
1433464
1432752
1432686
1431937
1431584
1431099
1430576
1430063
1429804
1429130
1428593
1428097
1427626
1427299
1426970
1426837
1426438
1425822
1425405
1424906
1424797
1424707
1424582
1424248
1423725
1423201
1422799
1422348
1421723
1421458
1421021
1420606
1420196
1419513
1418899
1418537
1418026
1417501
1417296
1416751
1416334
1415816
1415549
1415069
1414767
1414284
1413754
1413555
1413176
1412670
1412098
1411508
1411372
1410904
1410314
1409968
1409636
1409187
1408611
1408330
1407376
1406694
1406237
1405623
1405073
1404747
1403991
1403131
1402628
1402069
1401732
1401339
1401001
1400596
1399911
1399118
1398625
1398314
1397944
1397393
1396774
1396343
1395930
1395545
1394945
1394633
1394287
1393865
1393269
1392381
1391834
1391321
1390809
1390572
1390198
1389565
1388958
1388471
1387910
1387628
1386769
1386302
1385915
1385441
1384585
1384173
1383363
1382799
1382496
1382062
1381860
1381313
1380463
1379952
1379405
1378905
1378380
1377885
1377264
1376734
1376211
1375219
1374982
1374576
1374029
1373465
1373005
1372778
1372257
1371744
1371016
1370565
1370287
1369809
1369229
1368712
1368205
1367850
1367203
1366426
1365837
1365399
1364600
1364166
1363466
1362858
1362441
1361694
1361252
1360417
1359861
1359391
1358967
1358695
1358588
1358223
1358129
1357598
1356968
1356301
1355475
1354855
1354480
1353937
1353612
1352954
1352448
1352085
1351759
1351346
1350501
1350076
1349569
1348847
1348301
1348081
1347627
1347196
1346928
1346048
1345393
1344711
1344122
1343817
1343315
1342722
1342560
1342201
1341971
1341604
1341331
1341115
1340746
1340329
1340031
1339809
1339471
1339120
1338887
1338699
1338404
1338065
1337718
1337446
1337001
1336479
1335944
1335430
1335157
1334770
1334641
1334265
1333824
1333507
1332797
1332050
1331398
1330905
1330219
1329602
1328987
1328777
1328207
1327682
1327360
1326745
1326214
1325367
1324856
1324287
1323815
1323359
1323138
1323090
1323006
1322697
1322613
1321832
1321468
1320932
1320017
1319617
1319296
1318663
1317998
1317544
1317084
1316518
1316126
1315539
1315041
1314492
1314113
1313348
1313070
1312767
1312400
1312090
1311438
1311028
1310740
1310293
1309878
1309580
1309322
1309010
1308255
1307966
1307377
1307002
1306621
1306344
1305899
1305614
1305173
1304516
1304096
1303968
1303686
1303136
1302599
1301991
1301722
1301250
1300687
1300304
1299842
1299190
1298682
1298094
1297714
1297325
1297089
1296668
1296375
1296050
1295675
1295340
1294858
1294382
1294271
1294202
1293884
1293386
1292848
1292337
1292003
1291589
1290902
1290553
1290080
1289504
1288923
1288492
1288076
1287553
1287093
1286854
1286584
1286137
1285791
1285382
1285033
1284710
1284339
1283955
1283654
1283080
1282628
1282079
1281407
1281173
1280648
1280400
1280362
1280320
1279649
1279186
1278630
1278315
1278208
1278056
1277717
1277356
1277158
1276658
1276356
1275748
1275466
1275053
1274573
1274244
1273884
1273384
1273042
1272752
1272499
1272235
1271990
1271758
1271495
1271392
1271046
1270854
1270758
1270592
1270234
1270088
1269864
1269459
1269238
1268956
1268819
1268596
1268197
1267855
1267428
1267089
1266922
1266514
1266105
1265769
1265299
1264991
1264625
1264103
1263750
1263425
1263054
1262732
1262491
1262318
1261958
1261510
1261138
1260782
1260429
1260298
1259951
1259600
1259399
1258730
1258378
1258154
1257730
1257343
1256866
1256619
1255752
1255101
1254236
1253960
1252503
1251817
1250664
1250042
1249363
1248512
1247585
1246917
1246495
1246181
1245984
1245386
1244984
1244742
1244425
1244021
1243594
1243185
1243046
1242741
1242448
1242036
1241683
1241429
1241216
1240711
1240356
1240108
1239777
1239461
1239065
1238908
1238559
1238068
1237657
1237378
1236928
1236806
1236260
1235950
1235539
1235350
1235196
1234811
1234476
1234403
1234307
1233904
1233772
1233540
1233133
1232765
1232392
1231836
1231602
1231300
1230938
1230545
1230277
1229661
1229339
1228937
1228666
1228419
1228127
1227845
1227694
1227422
1227203
1226929
1226578
1226092
1225601
1225088
1224532
1224299
1223983
1223555
1222998
1222599
1222142
1221912
1221240
1220656
1220235
1220018
1219545
1219110
1218592
1218165
1217578
1217440
1217211
1216640
1216242
1215836
1215253
1214836
1214442
1214160
1213696
1213438
1212646
1212172
1211765
1211275
1211009
1210518
1209987
1209524
1208905
1208797
1208331
1208172
1207952
1207552
1207435
1207395
1207034
1206813
1206545
1206129
1205772
1205348
1204650
1203928
1203512
1203038
1202529
1202141
1201379
1201215
1200732
1200057
1199852
1199415
1198911
1198493
1198072
1197651
1197247
1197041
1196620
1196103
1195560
1195039
1194674
1194514
1194365
1193898
1193744
1193487
1193432
1193120
1192910
1192335
1191977
1191422
1191014
1190658
1190376
1189916
1189348
1188968
1188513
1188056
1187543
1187200
1186760
1186490
1186348
1185974
1185709
1185550
1185362
1185070
1184694
1184506
1183986
1183604
1183196
1182786
1182527
1182058
1181703
1181321
1180948
1180517
1180247
1179779
1179282
1178779
1178106
1177410
1176742
1176622
1176571
1176531
1176387
1176171
1175986
1175806
1175609
1175080
1174847
1174378
1173971
1173620
1173192
1172766
1172519
1172346
1172064
1171703
1171371
1171189
1170790
1170410
1169917
1169646
1169369
1168953
1168803
1168474
1168176
1167813
1167591
1167373
1167140
1166984
1166620
1166423
1166029
1165804
1165425
1165189
1164857
1164546
1164305
1164072
1163893
1163478
1163263
1163047
1162679
1162383
1161969
1161618
1161354
1160807
1160360
1159943
1159394
1159220
1159079
1159008
1158927
1158503
1158177
1157718
1157379
1156637
1156287
1156021
1155352
1154936
1154644
1154076
1153420
1152862
1152171
1151757
1151292
1150900
1150402
1150220
1149415
1148745
1148259
1148069
1147850
1147425
1147272
1147071
1147015
1146719
1146265
1146010
1145525
1145116
1144414
1144037
1143657
1143165
1142733
1142320
1141603
1141102
1140912
1140619
1140203
1139627
1139115
1138593
1138105
1137725
1137250
1136737
1136219
1135429
1134965
1134714
1134218
1133597
1133033
1132349
1131745
1131585
1131084
1130812
1130357
1129823
1129235
1128960
1128561
1128147
1127603
1126810
1126457
1125888
1125440
1125231
1124682
1124326
1124215
1123879
1123521
1123212
1123155
1122821
1122359
1122176
1121824
1121366
1120998
1120309
1119799
1119170
1118782
1118439
1118014
1117619
1117258
1117099
1116717
1116216
1115729
1115293
1115042
1114639
1114093
1113739
1113534
1113336
1113134
1112722
1112339
1112025
1111663
1111478
1111195
1110479
1110145
1109834
1109358
1108921
1108568
1108223
1108028
1107808
1107304
1106964
1106788
1106442
1106021
1105622
1105189
1104798
1104607
1104203
1103894
1103661
1103337
1103004
1102628
1102447
1102146
1102028
1101781
1101514
1101235
1100994
1100779
1100506
1100157
1099812
1099302
1098878
1098237
1097524
1097124
1096890
1096111
1095664
1094986
1094441
1093915
1093598
1093471
1093304
1092875
1092354
1091778
1091434
1090831
1090653
1089811
1089412
1089026
1088685
1088190
1087705
1087321
1086831
1086372
1086082
1085728
1085328
1085030
1084732
1084145
1083740
1083045
1082718
1082636
1082583
1082079
1081605
1080741
1080135
1079554
1079096
1078687
1078359
1077966
1077375
1077116
1076759
1076702
1076448
1076206
1075883
1075560
1075108
1074794
1074327
1073947
1073712
1073422
1073055
1072483
1072152
1071702
1071368
1071025
1070819
1070402
1070017
1069741
1069474
1069268
1068657
1067677
1067157
1066565
1066543
1066083
1065685
1065299
1065089
1064692
1064393
1063794
1063473
1062914
1062594
1062225
1061967
1061630
1061370
1060843
1060139
1059836
1059467
1059144
1058816
1058642
1058482
1058332
1058058
1057753
1057301
1056908
1056798
1056594
1056327
1055763
1055228
1054915
1054664
1054184
1053869
1053544
1053133
1052857
1052432
1052071
1051943
1051665
1051162
1050780
1050419
1049829
1049513
1049353
1049009
1048877
1048622
1048301
1047971
1047857
1047498
1047251
1046662
1046285
1046018
1045593
1045065
1044732
1044437
1044162
1043877
1043434
1043063
1042731
1042502
1042097
1041443
1041041
1040547
1040193
1039796
1039466
1039094
1038530
1037927
1037619
1037159
1036735
1036344
1036022
1035701
1035495
1035069
1034792
1034566
1034234
1034083
1033650
1033174
1032902
1032575
1032365
1032052
1031726
1031572
1031090
1030852
1030529
1030397
1030177
1029764
1029458
1029288
1029253
1028922
1028837
1028458
1028126
1027827
1027567
1027254
1026901
1026721
1026676
1026632
1026434
1026108
1025981
1025627
1025370
1024994
1024689
1024454
1023969
1023519
1023245
1023059
1022805
1022485
1022292
1022008
1021875
1021527
1021252
1021054
1020763
1020653
1020460
1020120
1019755
1019361
1019168
1018881
1018477
1018390
1017984
1017735
1017504
1017137
1016778
1016514
1016293
1016042
1015679
1015479
1015203
1015098
1014785
1014488
1014229
1013931
1013552
1013289
1012917
1012753
1012474
1012231
1011994
1011654
1011483
1011258
1010912
1010640
1010281
1010126
1009775
1009552
1009353
1009092
1008791
1008448
1008190
1007959
1007432
1007059
1006655
1006135
1005806
1005414
1005306
1005048
1004767
1004547
1004000
1003610
1003232
1002969
1002615
1002533
1002276
1002040
1001697
1001384
1001101
1000859
1000532
1000211
999889
999585
999385
998983
998720
998439
998193
998132
998104
997784
997342
997018
996672
996402
995940
995632
995298
995073
994752
994304
993856
993685
993402
993088
992821
992453
991967
991735
991449
991107
990559
990274
989898
989666
989222
988974
988705
988412
988148
987906
987664
987561
987202
986892
986464
986266
986236
986209
986178
985806
985637
985254
985054
984997
984568
984262
984057
983708
983569
983245
982825
982474
982139
981899
981457
981100
980902
980515
980261
979972
979686
979551
979208
978847
978539
978369
977881
977711
977455
977081
976867
976544
976138
976010
975590
975164
974764
974233
974090
973838
973544
973276
972967
972560
972398
972014
971742
971348
970926
970493
970182
969859
969379
968864
968498
968112
967812
967588
967392
967128
966845
966662
966446
966255
966038
965727
965610
965404
965165
964885
964510
964192
963772
963338
962948
962543
962229
961877
961592
961274
960920
960783
960562
960275
960024
959696
959395
959181
959023
958725
958531
958238
958073
958009
957689
957446
957227
957095
956798
956585
956526
956470
956288
955986
955618
955171
954908
954496
954118
953881
953837
953782
953550
953389
953352
953003
952886
952713
952338
951961
951699
951496
951294
950932
950643
950440
950028
949787
949438
948735
948514
948230
947636
947296
947094
946736
946446
946163
945671
945369
945033
944577
944038
943821
943239
942787
942029
941632
941382
940870
940692
940337
939969
939339
938973
938577
938265
937876
937751
937265
936794
936448
936295
936044
935727
935180
934612
934218
933931
933750
933495
933044
932731
932324
931691
931330
931061
930680
930465
930159
929504
929175
929088
928855
928501
928408
928137
927745
927199
927037
926679
926206
925699
925238
924927
924621
924486
923982
923514
923092
922800
922327
921961
921387
920902
920533
920363
920067
919877
919824
919694
919614
919530
919313
919182
919134
918863
918808
918562
918522
918246
917856
917584
917263
917115
916920
916737
916474
915933
915545
915238
914906
914584
914146
914004
913740
913466
913074
912586
912207
911976
911600
911309
911115
910907
910578
910293
909892
909633
909265
908834
908560
908305
908264
907975
907455
907185
906913
906454
906160
905863
905615
905446
905075
904746
904393
903955
903609
903274
902560
901808
901521
901084
900594
900153
899746
899468
898977
898598
898058
897690
897248
896950
896615
896473
896250
895972
895703
895465
895157
894927
894636
894385
894209
893697
893425
893077
892776
892389
892224
891896
891589
891334
891052
890678
890578
890328
890002
889658
889248
889004
888729
888626
888536
888166
888040
887780
887389
887211
886894
886604
886191
885877
885230
884885
884529
884058
883726
883337
882677
882139
881813
881281
880968
880589
880214
879788
879463
878848
878505
877899
877436
876988
876351
875833
875471
874478
874070
873748
873234
872884
872543
872211
871881
871537
871165
870639
870173
869486
869070
868833
868509
867662
867029
866322
865958
865490
865318
864825
863995
863576
862783
862571
862359
861743
861515
861287
861097
860780
860006
859726
859150
858922
858492
858191
857756
857410
856917
856551
856357
855743
855277
855111
854701
854006
853529
853110
852944
852699
852196
851771
851441
851089
850541
850008
849778
849314
848962
848532
848041
847835
847470
847242
846900
846718
846378
846075
845694
845086
845030
844740
844594
844399
844190
843938
843797
843561
843379
843123
843027
842914
842691
842607
842387
842035
841786
841512
841213
840758
840615
840462
839888
839468
838890
838250
837748
837235
836748
836470
835975
835692
835209
834666
834269
834238
833652
833146
832446
831767
831229
830636
830172
829723
829305
828418
828169
827906
827512
827033
826238
825840
825379
825041
824697
824136
823705
823410
822960
822484
821995
821735
821141
820463
820084
819897
819544
818973
818497
818011
817673
817036
816342
815762
815375
815031
814692
814662
814322
814085
813581
813391
813292
813033
812923
812734
812455
812094
811651
811442
811079
810798
810719
810329
809780
809345
808844
808607
808441
808207
807822
807094
806734
806290
805908
805603
805243
804696
804379
804039
803526
803347
803241
802850
802543
802067
801861
801350
800949
800730
800028
799626
799098
798457
798121
797826
797327
796735
796183
795860
795183
794652
794195
793979
793413
792982
792546
791923
791533
791496
791274
790963
790448
789961
789550
789033
788490
788233
787745
787377
786921
786336
785794
785000
784692
784282
783693
783348
782917
782593
782422
782028
781669
781346
780926
780401
780013
779519
779155
778809
778285
778089
777950
777419
777080
776642
776171
775706
775576
775338
775176
774944
774751
774555
774464
774264
773869
773650
773339
773107
772753
772460
772080
771875
771436
771229
770875
770442
770159
769843
769457
769005
768419
768270
768109
767957
767497
767175
766936
766422
765891
765447
765061
764662
764401
764099
763924
763580
763020
762548
762197
762083
761582
761170
760730
760299
760261
760027
759684
759463
759189
758807
758758
758371
757870
757609
757189
756927
756429
756101
755748
755171
754427
754090
753937
753900
753500
753128
752725
752245
751869
751648
751134
750410
749799
749309
748596
748048
747619
747022
746195
745665
745192
744425
743753
743325
742869
742144
741664
741065
740690
740407
740313
739940
739262
738988
738851
738703
738451
738155
737949
737798
737567
737292
736587
736209
735906
735482
734947
734442
734048
733836
733463
733110
732605
731933
731685
731287
731000
730643
730331
729847
729292
728847
728318
728037
727641
727156
726651
726218
725769
725251
724985
724766
724547
724285
723777
723605
723410
723250
722815
722237
722095
721766
720774
720328
719481
719043
718737
718644
718426
717859
717334
716895
716614
716314
715851
715286
714760
714105
713682
713322
712928
712331
711932
711574
711185
710126
709873
709605
709081
708516
707869
707365
707052
706649
706536
705892
705353
705078
704889
704704
704086
703445
702964
702028
701436
700536
699887
699578
698646
698340
697997
697606
697222
697091
696897
695985
695315
694424
693997
692986
692676
692133
691511
690869
690422
689968
689329
688765
688257
687905
687619
687292
687123
686897
686561
686469
686134
685913
685409
685062
684442
684026
683457
2088078
2087520
2087478
2087436
2086609
2085971
2085003
2084272
2083729
2083333
2082745
2082009
2081722
2081020
2080479
2080100
2079719
2079105
2078361
2077424
2077169
2076269
2075603
2074896
2074083
2073823
2073369
2073010
2072089
2071411
2070621
2070339
2069839
2069396
2068867
2068267
2067813
2067445
2066762
2066110
2065237
2064625
2063508
2063104
2062565
2061735
2060432
2060004
2059527
2058710
2058053
2057363
2056543
2055726
2055019
2054312
2054065
2053476
2053057
2052538
2051675
2050789
2049980
2049345
2048856
2048244
2047975
2047586
2046916
2046197
2045428
2044563
2043695
2043022
2042137
2041230
2040086
2039402
2038515
2037726
2036701
2035987
2035431
2034606
2033952
2033502
2032618
2031141
2030147
2029483
2029063
2028353
2027554
2026790
2026188
2025527
2025076
2024533
2023586
2022764
2022265
2021616
2020499
2020003
2019412
2018779
2018180
2018104
2018043
2017736
2017241
2016758
2016177
2015400
2014630
2014200
2013614
2012790
2012133
2011344
2010694
2009775
2009108
2008819
2007114
1976297
1960818
1934573
1916627
1891432
1866047
1850252
1834261
1804838
1792354
1770352
1754233
1745728
1722716
1692738
1660910
1617832
1599395
1581767
1569658
1544374
1521987
1510936
1483975
1470071
1457301
1414724
1399900
1387394
1369839
1356386
1337822
1325975
1313117
1288965
1267401
1246271
1234988
1211555
1191134
1174980
1160204
1142611
1120273
1098668
1085006
1070594
1055990
1031581
1028922
1026056
1023360
1021054
1018852
1016617
1014433
1011609
1010161
1007962
1005552
1003205
1001657
999872
998043
996481
994860
993508
991563
989587
987643
985499
983566
981051
979018
976544
973907
971838
969376
967386
964804
962070
959695
957089
954941
951674
949523
946509
943945
941303
938200
934827
932328
926203
922232
914580
909772
880330
838263
783688
777019
774461
771805
767914
764745
762001
759672
756324
753027
750214
746171
742709
739855
738143
735825
733363
