2007335
2006733
2006472
2005468
2005076
2004467
2003498
2002809
2002345
2001634
2000816
2000064
1999676
1999176
1998484
1997664
1996802
1996448
1995942
1995254
1994343
1993871
1993139
1992522
1991739
1991313
1990782
1989981
1989215
1988524
1988177
1987475
1986857
1986423
1985926
1985853
1985554
1984885
1984543
1983988
1983347
1982571
1981971
1981278
1980826
1980051
1979067
1978474
1977665
1976945
1976445
1975831
1975519
1974775
1974236
1973792
1973244
1972334
1972095
1971735
1971265
1970701
1970391
1969889
1969099
1968685
1968159
1967272
1966604
1966006
1965324
1964601
1963900
1963261
1962621
1961907
1961410
1960820
1960210
1958971
1958208
1957263
1956747
1955896
1955370
1954425
1953664
1953212
1952808
1952222
1951573
1950502
1950164
1949385
1948522
1947829
1947242
1946225
1945534
1944613
1944243
1943514
1943099
1942297
1942050
1941470
1940942
1940857
1940718
1940050
1939453
1939077
1938374
1937259
1936717
1936316
1935664
1935216
1934600
1934180
1933860
1933120
1932608
1932085
1931343
1931193
1930782
1930008
1929470
1929014
1928613
1927949
1926873
1926574
1926028
1925203
1924732
1924199
1923251
1922619
1921905
1921301
1920810
1920499
1920332
1919976
1919780
1919363
1918621
1917863
1917046
1916476
1915836
1915097
1914712
1914397
1914162
1913734
1913202
1912686
1912404
1911914
1911156
1910513
1910284
1909751
1909318
1908599
1908068
1907613
1907197
1906404
1906159
1905614
1904911
1904547
1904076
1903507
1902854
1902472
1901777
1901063
1900336
1899545
1898848
1898385
1897842
1896884
1896093
1895494
1895102
1894399
1893805
1892791
1891920
1891310
1890565
1889938
1889492
1889169
1888712
1888244
1887532
1886931
1886460
1885697
1885143
1884668
1884207
1883633
1883370
1882638
1881949
1881317
1880525
1879894
1879171
1878650
1877919
1877607
1877178
1876619
1875767
1875392
1874799
1874276
1873642
1872810
1872049
1871577
1871089
1870285
1869793
1869260
1868589
1867944
1867203
1866664
1866209
1865675
1864940
1864694
1863968
1863578
1863013
1862376
1861938
1861455
1860992
1860436
1860019
1859472
1859088
1858789
1858332
1857891
1857339
1856774
1856280
1855871
1855585
1855215
1854761
1854543
1854051
1853746
1853368
1853090
1852650
1852377
1851797
1851393
1851167
1850716
1850225
1849766
1849434
1848977
1848610
1848318
1847928
1847468
1847324
1847043
1846440
1845572
1845261
1844580
1843840
1843413
1843034
1842754
1842441
1842196
1842095
1841661
1841232
1840641
1840096
1839778
1839476
1839195
1838562
1838142
1837917
1837640
1837012
1836781
1836279
1835885
1835448
1835106
1834592
1834074
1833428
1833047
1832546
1832293
1831862
1831428
1830683
1830233
1829756
1829409
1829073
1828721
1828168
1827460
1827217
1826274
1825698
1824987
1824438
1824040
1823579
1823326
1822904
1822635
1822031
1821336
1821052
1820682
1820301
1819700
1819060
1818718
1818137
1817882
1817273
1816925
1816503
1816218
1815743
1815353
1814995
1814784
1814190
1813913
1813512
1813142
1812913
1812604
1811986
1811461
1811246
1810790
1810442
1810027
1809625
1808992
1808513
1807910
1807536
1807117
1806816
1806251
1805855
1805675
1805134
1804807
1804332
1804194
1803629
1803214
1802978
1802438
1802179
1801677
1801408
1800974
1800551
1800287
1799959
1799664
1799134
1798613
1798282
1797540
1796987
1796279
1795901
1795345
1795049
1794264
1793786
1793290
1792748
1792352
1791946
1791661
1790921
1790331
1789594
1789012
1788753
1788168
1787496
1787226
1786939
1786443
1786176
1785739
1785066
1784700
1784310
1783771
1783553
1782843
1782469
1781952
1781541
1781203
1780651
1780429
1779976
1779447
1779039
1778520
1777969
1777396
1776742
1776103
1775549
1774893
1774104
1773678
1773282
1772780
1772415
1772023
1771470
1771048
1770572
1770044
1769439
1768954
1768156
1767846
1767275
1766987
1766601
1766175
1765557
1764897
1764390
1763893
1763297
1762750
1762414
1762016
1761680
1761060
1760469
1760128
1759664
1759002
1758778
1758287
1757956
1757459
1757038
1756724
1755937
1755430
1754945
1754373
1754083
1753420
1753116
1752863
1752581
1751923
1751536
1750899
1750793
1750215
1749728
1749372
1748713
1748060
1747373
1746954
1746590
1746268
1745693
1745225
1744871
1744665
1744332
1743933
1743326
1742949
1742032
1741552
1741272
1740532
1739761
1739240
1738405
1737643
1737119
1736412
1736023
1735933
1735776
1735195
1735019
1734688
1734288
1733592
1733213
1732654
1732240
1731460
1731046
1730681
1730258
1730069
1729701
1729151
1728744
1728379
1727921
1727395
1726868
1726115
1725990
1725526
1725100
1724587
1723987
1723641
1723082
1722314
1721478
1720871
1720327
1719654
1718855
1718499
1718062
1717897
1717205
1716898
1716410
1716102
1715369
1714970
1714323
1713586
1713190
1712727
1712317
1711767
1711248
1710776
1710304
1709520
1709026
1708647
1707889
1707484
1706705
1705963
1705463
1704967
1703857
1703124
1702716
1702326
1701971
1701673
1701168
1700731
1700311
1699778
1699139
1698816
1698165
1697762
1697402
1696967
1696769
1696608
1696263
1695493
1695219
1694366
1694160
1693774
1692802
1692466
1691728
1691177
1690868
1690272
1689629
1688996
1688370
1688071
1687476
1687041
1686495
1686047
1685485
1685021
1684480
1683773
1683162
1682521
1681647
1681062
1680329
1679617
1679184
1678344
1677693
1677194
1676615
1676016
1675387
1675015
1674399
1673649
1672892
1672340
1671863
1671192
1670856
1670094
1669525
1669010
1668162
1667556
1667089
1666712
1666178
1665972
1665338
1664664
1664259
1663819
1663087
1662799
1662453
1661909
1661622
1661033
1660745
1660169
1659641
1659061
1658290
1657343
1656868
1656306
1655884
1655351
1654867
1654198
1653837
1653186
1652592
1652042
1651630
1650976
1650119
1649662
1649419
1648741
1648009
1647608
1647319
1646809
1646158
1645638
1645305
1644671
1644219
1643408
1642761
1642223
1641700
1641132
1640638
1639938
1639338
1638765
1638159
1637815
1637155
1636675
1636187
1635544
1635169
1634676
1634001
1633502
1633108
1632584
1632256
1631775
1631382
1630980
1630653
1630228
1629859
1629571
1629356
1628854
1628600
1627982
1627470
1627073
1626691
1626256
1625996
1625603
1625283
1624620
1624410
1623653
1623064
1622934
1622530
1622146
1621569
1621335
1620722
1620209
1619599
1619182
1618615
1617881
1617064
1616498
1616024
1615389
1614941
1614548
1613681
1613458
1612937
1612566
1611970
1611452
1611172
1610584
1610316
1609840
1609357
1608392
1607779
1607284
1606738
1606214
1605803
1605347
1604696
1604274
1603781
1603269
1602666
1602260
1601636
1601166
1600603
1599625
1599202
1598557
1597842
1597159
1596744
1596414
1595822
1595372
1595102
1594511
1594196
1593531
1593149
1592732
1592159
1591812
1591533
1591315
1591083
1590505
1590189
1589551
1589157
1588794
1588403
1587828
1587501
1586923
1586510
1586042
1585830
1585285
1585080
1584627
1584313
1583803
1583359
1582995
1582458
1582105
1581784
1581320
1581078
1580523
1580353
1579867
1579600
1579097
1578860
1578542
1577995
1577379
1576696
1576016
1575619
1575148
1574925
1574526
1573972
1573402
1573056
1572677
1572217
1571912
1571501
1571124
1570674
1570263
1570010
1569809
1569516
1569058
1568548
1568325
1567836
1567659
1567272
1566952
1566527
1566141
1565807
1565257
1564874
1564608
1564237
1563680
1563328
1562741
1562294
1561969
1561158
1560598
1560203
1559867
1559425
1559041
1558424
1557952
1557519
1557281
1556799
1556295
1555851
1555345
1555122
1554667
1554361
1553989
1553584
1553190
1552868
1552441
1551977
1551289
1550946
1550431
1549844
1549559
1549394
1549112
1548799
1548388
1548121
1547684
1547374
1546868
1546679
1546392
1545991
1545719
1545411
1545062
1544643
1544433
1544177
1543828
1543785
1543591
1543214
1542873
1542480
1542043
1541460
1540975
1540328
1539885
1539491
1539142
1538585
1538220
1538169
1538128
1538100
1538070
1538042
1537804
1537294
1536657
1536320
1535883
1535398
1534776
1534365
1533720
1533187
1532812
1532323
1531850
1531478
1531129
1530620
1529876
1529375
1529058
1528703
1528347
1528083
1527600
1527044
1526435
1526032
1525353
1524895
1524425
1524093
1523658
1523149
1522727
1522228
1521722
1521323
1520948
1520370
1519863
1519127
1518708
1518491
1517991
1517773
1517376
1517021
1516877
1516406
1515801
1515460
1514875
1514485
1514029
1513556
1513396
1513126
1512930
1512503
1512137
1511808
1511344
1510982
1510611
1510196
1509955
1509475
1509112
1508703
1508314
1507769
1507394
1507061
1506299
1505758
1505208
1504863
1504400
1504098
1503615
1502967
1502740
1502285
1501809
1501173
1500527
1500124
1499633
1499366
1498993
1498627
1498215
1497802
1497340
1496846
1496450
1496172
1495800
1495578
1495223
1494740
1494237
1493723
1493296
1492969
1492506
1491973
1491287
1490659
1490250
1489797
1489338
1488993
1488577
1488328
1487870
1487090
1486236
1485794
1485504
1485206
1484711
1484172
1483904
1483512
1482732
1482214
1481866
1481466
1481013
1480734
1480156
1479712
1479280
1478759
1478091
1477674
1477282
1476810
1476243
1475921
1475554
1475252
1474576
1474133
1473821
1473527
1472999
1472384
1472054
1471562
1471356
1470953
1470424
1470114
1469571
1468976
1468778
1468252
1467927
1467513
1467080
1466875
1466395
1466060
1465825
1465526
1465036
1464852
1464393
1464092
1463740
1463499
1463188
1462966
1462543
1462188
1461859
1461269
1460822
1460135
1459644
1459230
1458624
1458024
1457617
1457121
1456405
1456011
1455475
1455043
1454541
1454090
1454010
1453653
1453401
1452873
1452431
1452216
1451605
1451286
1450894
1450653
1450144
1450001
1449547
1449392
1448926
1448542
1448393
1447941
1447442
1446806
1446258
1445701
1445543
1445130
1444558
1444188
1443773
1443419
1443223
1442773
1442271
1442010
1441735
1441294
1440820
1440195
1439602
1439440
1439156
1438661
1438298
1438053
1437709
1437366
1436917
1436575
1436087
1435773
1435415
1434960
1434526
1434061
1433463
1432746
1432681
1431934
1431583
1431080
1430550
1430062
1429742
1429128
1428566
1428063
1427607
1427288
1426966
1426835
1426406
1425710
1425370
1424905
1424796
1424706
1424577
1424215
1423686
1423179
1422770
1422336
1421715
1421413
1420957
1420538
1420079
1419498
1418882
1418536
1418022
1417498
1417290
1416750
1416329
1415806
1415416
1415040
1414724
1414223
1413747
1413499
1413134
1412658
1412072
1411496
1411370
1410851
1410313
1409896
1409618
1409168
1408606
1408326
1407296
1406653
1406081
1405604
1405017
1404741
1403912
1403104
1402606
1402068
1401731
1401338
1400999
1400539
1399900
1399030
1398590
1398288
1397934
1397374
1396748
1396341
1395929
1395531
1394927
1394630
1394279
1393843
1393265
1392369
1391833
1391315
1390803
1390571
1390186
1389524
1388940
1388470
1387902
1387546
1386724
1386119
1385897
1385425
1384527
1384167
1383336
1382784
1382495
1382060
1381841
1381284
1380454
1379943
1379338
1378885
1378379
1377854
1377262
1376711
1376207
1375199
1374981
1374526
1374024
1373455
1372996
1372775
1372247
1371712
1371013
1370554
1370278
1369614
1369168
1368695
1368195
1367846
1367197
1366350
1365792
1365326
1364571
1364130
1363457
1362857
1362440
1361661
1361249
1360414
1359841
1359390
1358961
1358694
1358444
1358187
1358127
1357588
1356942
1356295
1355456
1354832
1354348
1353929
1353592
1352931
1352441
1352055
1351665
1351278
1350492
1350050
1349548
1348841
1348300
1348058
1347614
1347192
1346923
1346025
1345340
1344677
1344093
1343816
1343278
1342718
1342550
1342197
1341965
1341598
1341328
1341114
1340715
1340295
1340018
1339808
1339453
1339106
1338878
1338681
1338360
1338046
1337713
1337358
1336985
1336467
1335929
1335421
1335040
1334769
1334640
1334253
1333822
1333495
1332691
1332026
1331385
1330816
1330217
1329561
1328971
1328747
1328184
1327681
1327356
1326742
1326174
1325311
1324834
1324278
1323810
1323358
1323135
1323089
1322978
1322694
1322521
1321798
1321437
1320926
1319993
1319573
1319289
1318662
1317988
1317542
1317052
1316489
1316088
1315538
1315029
1314491
1313996
1313264
1313065
1312713
1312387
1312086
1311436
1311007
1310710
1310243
1309868
1309576
1309293
1309005
1308253
1307939
1307373
1306992
1306598
1306324
1305886
1305594
1305158
1304507
1304078
1303967
1303683
1303026
1302561
1301936
1301714
1301240
1300684
1300293
1299836
1299159
1298680
1298071
1297703
1297323
1297088
1296666
1296372
1295961
1295671
1295339
1294850
1294381
1294268
1294198
1293882
1293343
1292838
1292327
1291995
1291578
1290884
1290524
1290079
1289481
1288918
1288490
1288068
1287510
1287092
1286841
1286573
1286124
1285775
1285380
1285028
1284701
1284336
1283939
1283608
1283015
1282547
1282037
1281394
1281042
1280646
1280399
1280361
1280304
1279648
1279184
1278626
1278314
1278205
1278054
1277708
1277353
1277157
1276637
1276350
1275743
1275449
1275041
1274531
1274237
1273869
1273376
1273005
1272737
1272462
1272134
1271986
1271741
1271491
1271389
1271033
1270849
1270754
1270582
1270218
1270079
1269799
1269451
1269232
1268954
1268801
1268592
1268172
1267848
1267427
1267085
1266912
1266503
1266094
1265745
1265290
1264965
1264607
1264072
1263738
1263372
1263026
1262723
1262490
1262310
1261891
1261487
1261134
1260769
1260424
1260278
1259947
1259599
1259371
1258703
1258342
1258152
1257695
1257342
1256862
1256613
1255741
1255014
1254230
1253919
1252496
1251768
1250614
1249999
1249317
1248375
1247546
1246885
1246471
1246179
1245848
1245382
1244970
1244731
1244415
1244011
1243592
1243169
1242994
1242723
1242433
1242024
1241682
1241427
1241140
1240666
1240351
1240103
1239756
1239445
1239062
1238894
1238548
1238017
1237599
1237346
1236924
1236805
1236244
1235943
1235506
1235320
1235169
1234787
1234472
1234402
1234305
1233882
1233766
1233539
1233127
1232740
1232320
1231802
1231601
1231291
1230928
1230489
1230142
1229659
1229336
1228911
1228622
1228375
1228117
1227840
1227690
1227406
1227202
1226923
1226574
1226086
1225591
1224937
1224529
1224295
1223982
1223554
1222972
1222587
1222116
1221893
1221221
1220641
1220195
1220016
1219544
1219109
1218585
1218146
1217564
1217432
1217208
1216588
1216231
1215813
1215250
1214816
1214439
1214149
1213673
1213429
1212625
1212170
1211764
1211260
1210972
1210444
1209983
1209518
1208896
1208781
1208324
1208171
1207948
1207548
1207433
1207391
1207033
1206809
1206519
1206093
1205757
1205329
1204526
1203918
1203511
1203009
1202507
1202128
1201365
1201177
1200617
1200056
1199850
1199412
1198903
1198490
1198070
1197613
1197193
1196973
1196605
1196095
1195559
1195036
1194672
1194513
1194364
1193895
1193718
1193484
1193431
1193039
1192908
1192334
1191971
1191406
1191003
1190650
1190372
1189900
1189296
1188959
1188500
1188005
1187492
1187193
1186711
1186487
1186339
1185962
1185693
1185548
1185361
1185064
1184680
1184463
1183937
1183594
1183148
1182782
1182515
1182051
1181687
1181309
1180920
1180495
1180138
1179700
1179273
1178770
1178070
1177405
1176720
1176621
1176569
1176525
1176381
1176155
1175983
1175794
1175604
1175078
1174823
1174351
1173928
1173596
1173179
1172765
1172517
1172327
1172059
1171656
1171337
1171183
1170767
1170408
1169916
1169632
1169357
1168945
1168744
1168466
1168163
1167812
1167585
1167325
1167138
1166953
1166613
1166415
1166028
1165759
1165420
1165176
1164853
1164535
1164295
1164058
1163889
1163461
1163242
1163044
1162663
1162358
1161937
1161515
1161298
1160806
1160337
1159940
1159393
1159205
1159077
1159007
1158878
1158491
1158176
1157713
1157349
1156636
1156280
1156010
1155347
1154932
1154592
1153992
1153419
1152831
1152146
1151741
1151250
1150891
1150383
1150133
1149405
1148734
1148258
1148068
1147849
1147423
1147269
1147070
1147014
1146710
1146235
1146001
1145480
1145078
1144409
1144034
1143630
1143135
1142711
1142319
1141596
1141100
1140874
1140559
1140197
1139605
1139111
1138556
1138077
1137703
1137249
1136717
1136216
1135427
1134964
1134707
1134215
1133559
1132989
1132343
1131732
1131584
1131067
1130783
1130350
1129803
1129184
1128920
1128539
1128129
1127536
1126808
1126454
1125800
1125437
1125214
1124576
1124317
1124213
1123865
1123498
1123211
1123152
1122794
1122356
1122174
1121821
1121358
1120990
1120275
1119794
1119142
1118775
1118431
1118009
1117599
1117257
1117098
1116702
1116212
1115700
1115288
1115003
1114535
1113916
1113725
1113525
1113323
1113133
1112715
1112305
1112022
1111638
1111476
1111159
1110465
1110138
1109800
1109350
1108896
1108560
1108190
1108026
1107804
1107299
1106963
1106784
1106424
1106019
1105620
1105170
1104796
1104606
1104202
1103873
1103554
1103336
1103002
1102626
1102439
1102145
1102012
1101773
1101510
1101184
1100985
1100773
1100477
1100148
1099803
1099271
1098872
1098193
1097518
1097122
1096866
1096059
1095663
1094984
1094378
1093887
1093545
1093467
1093286
1092797
1092351
1091753
1091421
1090804
1090586
1089801
1089400
1089020
1088680
1088179
1087702
1087301
1086785
1086354
1086046
1085717
1085323
1085011
1084731
1084142
1083580
1083029
1082716
1082634
1082577
1082072
1081580
1080651
1080100
1079547
1079088
1078675
1078356
1077961
1077354
1077108
1076756
1076701
1076443
1076188
1075879
1075514
1075096
1074782
1074320
1073912
1073708
1073387
1073013
1072453
1072151
1071698
1071335
1071013
1070776
1070365
1069973
1069732
1069472
1069259
1068655
1067666
1067055
1066564
1066539
1066072
1065626
1065297
1065088
1064681
1064374
1063767
1063469
1062908
1062577
1062185
1061959
1061568
1061326
1060839
1060121
1059827
1059411
1059142
1058799
1058641
1058473
1058330
1058057
1057730
1057300
1056902
1056797
1056558
1056322
1055761
1055225
1054901
1054611
1054167
1053859
1053519
1053129
1052848
1052416
1052070
1051941
1051656
1051158
1050779
1050418
1049828
1049490
1049303
1049008
1048876
1048602
1048296
1047956
1047850
1047452
1047250
1046606
1046229
1045967
1045580
1045041
1044725
1044403
1044159
1043873
1043423
1043062
1042689
1042497
1042084
1041424
1041035
1040534
1040188
1039779
1039465
1039085
1038472
1037919
1037618
1037131
1036734
1036331
1036002
1035698
1035490
1035068
1034780
1034553
1034232
1034079
1033620
1033168
1032820
1032495
1032362
1032045
1031710
1031531
1031088
1030851
1030513
1030396
1030160
1029754
1029419
1029287
1029251
1028915
1028835
1028456
1028118
1027805
1027566
1027253
1026894
1026703
1026674
1026631
1026433
1026107
1025980
1025607
1025367
1024990
1024672
1024452
1023967
1023468
1023243
1023041
1022803
1022471
1022286
1022007
1021867
1021526
1021246
1021012
1020761
1020629
1020459
1020086
1019752
1019360
1019151
1018869
1018471
1018383
1017951
1017734
1017491
1017115
1016775
1016512
1016260
1016019
1015678
1015456
1015200
1015095
1014772
1014487
1014148
1013908
1013551
1013237
1012914
1012747
1012473
1012200
1011989
1011639
1011482
1011249
1010910
1010618
1010258
1010112
1009768
1009543
1009350
1009053
1008781
1008447
1008174
1007850
1007427
1007045
1006653
1006108
1005777
1005407
1005304
1005029
1004766
1004530
1003974
1003609
1003221
1002956
1002612
1002528
1002258
1001983
1001696
1001377
1001068
1000853
1000529
1000209
999883
999584
999384
998976
998709
998431
998175
998130
998050
997660
997306
996998
996630
996395
995922
995631
995291
995066
994746
994281
993855
993647
993379
993077
992808
992418
991966
991722
991448
991076
990535
990231
989863
989592
989217
988945
988695
988411
988142
987898
987651
987538
987198
986793
986405
986264
986235
986207
986177
985804
985636
985224
985053
984995
984567
984226
984030
983706
983566
983217
982763
982456
982137
981897
981455
981095
980872
980484
980260
979969
979685
979523
979206
978846
978536
978338
977874
977710
977423
977080
976866
976511
976111
976007
975588
975157
974763
974231
974088
973814
973531
973273
972964
972559
972349
972010
971697
971309
970880
970461
970148
969729
969378
968858
968490
968106
967809
967587
967391
967108
966834
966656
966444
966250
966036
965716
965606
965394
965161
964868
964468
964181
963769
963334
962911
962516
962226
961869
961586
961270
960889
960778
960561
960271
959993
959695
959385
959178
959005
958701
958530
958222
958072
958004
957684
957445
957216
957094
956774
956583
956522
956469
956286
955984
955456
955162
954902
954495
954114
953878
953835
953779
953544
953388
953351
952994
952885
952709
952337
951960
951694
951484
951290
950911
950642
950347
949936
949784
949408
948727
948493
948220
947526
947293
947091
946734
946444
946161
945648
945363
945032
944540
944036
943819
943234
942781
942019
941627
941343
940867
940666
940243
939906
939313
938960
938568
938262
937873
937749
937263
936777
936446
936289
936031
935630
935165
934572
934213
933930
933747
933465
932996
932725
932319
931647
931316
931060
930627
930463
930149
929494
929171
929087
928838
928491
928400
928136
927740
927190
927035
926606
926203
925671
925226
924916
924620
924484
923976
923510
923091
922781
922326
921852
921383
920889
920530
920358
920055
919872
919820
919693
919609
919529
919305
919177
919107
918862
918807
918559
918517
918233
917848
917555
917260
917096
916919
916731
916458
915913
915488
915220
914897
914581
914141
913987
913739
913465
913070
912575
912196
911961
911596
911308
911088
910905
910557
910266
909885
909626
909263
908809
908558
908302
908258
907939
907445
907169
906869
906446
906145
905799
905611
905443
905069
904739
904370
903832
903596
903233
902545
901806
901519
901076
900531
900152
899730
899452
898969
898573
898050
897664
897232
896944
896612
896460
896248
895969
895700
895369
895135
894925
894633
894379
894208
893687
893420
893072
892772
892363
892216
891891
891560
891326
891030
890672
890577
890319
889989
889629
889234
888993
888727
888619
888534
888158
888038
887736
887386
887192
886864
886599
886189
885876
885220
884884
884527
884047
883702
883298
882672
882112
881801
881280
880967
880586
880210
879758
879433
878847
878414
877897
877427
876938
876317
875830
875465
874426
874069
873746
873202
872883
872536
872208
871873
871535
871164
870621
870167
869442
869065
868824
868507
867634
867020
866311
865957
865485
865316
864776
863945
863543
862779
862569
862357
861701
861514
861283
860994
860607
859981
859689
859148
858912
858478
858184
857740
857407
856915
856512
856258
855698
855272
855034
854647
854003
853524
853107
852943
852698
852127
851734
851414
851056
850406
850005
849772
849251
848956
848479
848022
847809
847469
847233
846887
846717
846362
846074
845680
845085
845021
844725
844592
844319
844188
843935
843786
843560
843357
843120
843004
842907
842685
842596
842386
842028
841772
841511
841209
840754
840614
840455
839825
839467
838842
838240
837742
837169
836747
836469
835970
835690
835131
834514
834267
834155
833635
833105
832329
831739
831227
830590
830078
829713
829303
828413
828158
827838
827461
827004
826232
825836
825378
825039
824694
824117
823685
823409
822954
822482
821983
821729
821116
820423
820064
819894
819543
818948
818493
817984
817667
816998
816340
815714
815373
815029
814690
814624
814320
814081
813527
813390
813291
813028
812922
812729
812452
812078
811633
811428
811068
810797
810717
810327
809779
809340
808824
808603
808427
808198
807659
807088
806700
806286
805882
805599
805242
804662
804378
803992
803525
803345
803232
802795
802542
802020
801858
801348
800944
800715
800023
799612
799067
798449
798117
797806
797326
796712
796161
795826
795119
794640
794189
793957
793407
792981
792487
791903
791531
791492
791166
790935
790356
789940
789549
788953
788489
788219
787728
787284
786900
786327
785669
784989
784682
784280
783688
783315
782774
782592
782400
782017
781660
781338
780897
780372
779999
779487
779141
778798
778268
778080
777896
777417
777054
776617
776132
775683
775574
775318
775174
774932
774738
774547
774463
774220
773859
773629
773269
773101
772728
772437
772033
771831
771433
771222
770874
770433
770144
769821
769453
768997
768415
768268
768093
767946
767491
767163
766935
766388
765857
765416
765046
764608
764391
764098
763917
763564
763019
762543
762184
762061
761576
761127
760706
760298
760260
760014
759673
759450
759182
758797
758718
758363
757859
757555
757156
756925
756422
756089
755727
755151
754425
754087
753936
753897
753499
753035
752722
752233
751845
751643
751122
750390
749791
749258
748542
748032
747614
747014
746192
745642
745185
744398
743752
743324
742784
742143
741659
741044
740686
740360
740309
739938
739255
738981
738850
738693
738448
738151
737944
737796
737560
737284
736516
736159
735857
735464
734878
734438
734042
733826
733462
733108
732493
731927
731683
731285
730954
730601
730316
729838
729258
728842
728280
728035
727640
727145
726642
726204
725744
725174
724984
724718
724543
724229
723769
723602
723403
723190
722807
722232
722093
721717
720772
720206
719419
719026
718721
718642
718416
717844
717291
716893
716611
716263
715846
715281
714751
713996
713679
713317
712918
712312
711886
711572
710997
710124
709872
709474
709036
708448
707864
707356
707051
706632
706472
705871
705334
705074
704885
704664
704053
703440
702956
702019
701386
700521
699886
699486
698614
698339
697954
697604
697221
697090
696786
695978
695306
694415
693948
692934
692674
692126
691462
690859
690420
689917
689328
688764
688253
687898
687607
687287
687117
686896
686560
686468
686133
685904
685408
685000
684439
683889
683455
683266
682787
682359
681921
681111
680551
680054
679740
679307
678924
678583
678014
677570
677070
676451
675952
675503
675114
674748
674132
673804
673306
672846
672394
672137
671583
671249
670786
670148
669577
669224
668850
668559
667884
667399
666802
666113
665701
665330
664250
663541
662638
662112
661536
661135
2088069
2087519
2087476
2087435
2086596
2085957
2084966
2084244
2083692
2083327
2082737
2081975
2081709
2081013
2080470
2080083
2079713
2079102
2078341
2077406
2077135
2076267
2075571
2074885
2074080
2073820
2073368
2073003
2072064
2071395
2070604
2070337
2069702
2069390
2068866
2068256
2067812
2067358
2066725
2066039
2065197
2064569
2063501
2063080
2062564
2061467
2060418
2059854
2059454
2058709
2058052
2057361
2056508
2055725
2055010
2054298
2054064
2053451
2053054
2052288
2051659
2050750
2049975
2049343
2048834
2048240
2047937
2047585
2046915
2046196
2045410
2044529
2043691
2043010
2042102
2041213
2040082
2039116
2038498
2037611
2036634
2035958
2035426
2034596
2033863
2033489
2032613
2031021
2030133
2029423
2029035
2028290
2027547
2026660
2026115
2025506
2025075
2024509
2023579
2022760
2022218
2021349
2020430
2019999
2019411
2018720
2018170
2018101
2018041
2017735
2017209
2016756
2016174
2015346
2014608
2014168
2013598
2012775
2012004
2011304
2010591
2009736
2009101
2008800
2000591
1975994
1960232
1934185
1916438
1888089
1865035
1848641
1832067
1804377
1791257
1770037
1753937
1745195
1722314
1691375
1656892
1617482
1599248
1580743
1567668
1540509
1521523
1510177
1482406
1469742
1452904
1414498
1399853
1387137
1369312
1355765
1337759
1324639
1310710
1288963
1266434
1246262
1233294
1208835
1191129
1173928
1160198
1141055
1116717
1097000
1085003
1069634
1055072
1031572
1028452
1026055
1023145
1020819
1018801
1016615
1014429
1011606
1009859
1007960
1005550
1003202
1001656
999690
998024
996480
994859
993507
991227
989586
987507
985280
983565
