2007251
2006658
2006347
2005361
2004881
2004417
2003457
2002729
2002311
2001551
2000762
1999983
1999500
1999104
1998309
1997565
1996788
1996155
1995883
1995222
1994206
1993843
1993097
1992426
1991681
1991093
1990708
1989936
1989194
1988414
1988141
1987458
1986738
1986411
1985915
1985830
1985303
1984863
1984424
1983767
1983337
1982515
1981904
1981176
1980811
1979899
1978982
1978380
1977611
1976866
1976326
1975747
1975500
1974669
1974141
1973741
1973107
1972272
1972062
1971664
1971224
1970670
1970293
1969842
1969077
1968631
1968129
1967241
1966412
1965924
1964964
1964586
1963844
1963170
1962593
1961759
1961340
1960738
1959992
1958857
1958040
1957113
1956678
1955811
1955280
1954365
1953558
1953117
1952766
1952146
1951498
1950429
1950083
1949277
1948438
1947819
1947197
1946118
1945451
1944595
1944167
1943383
1943022
1942250
1941997
1941420
1940933
1940843
1940647
1940007
1939426
1938971
1938135
1937106
1936712
1936244
1935585
1935150
1934542
1934110
1933810
1933116
1932577
1932050
1931330
1931167
1930759
1929980
1929438
1928982
1928572
1927920
1926806
1926463
1925913
1925159
1924649
1923780
1922979
1922576
1921849
1921218
1920762
1920493
1920306
1919969
1919728
1919227
1918433
1917842
1916981
1916423
1915736
1915003
1914553
1914388
1914043
1913690
1913131
1912629
1912316
1911910
1911095
1910480
1910213
1909664
1908985
1908427
1908039
1907597
1907091
1906400
1906143
1905570
1904792
1904538
1904059
1903409
1902777
1902426
1901696
1901016
1900289
1899507
1898779
1898353
1897803
1896551
1896088
1895337
1895096
1894352
1893632
1892735
1891670
1891223
1890211
1889927
1889395
1889068
1888682
1888129
1887383
1886894
1886364
1885659
1885031
1884617
1883994
1883503
1883316
1882618
1881804
1881118
1880426
1879867
1879130
1878636
1877835
1877426
1877089
1876435
1875695
1875344
1874752
1874240
1873491
1872726
1871943
1871570
1871020
1870147
1869671
1869142
1868564
1867896
1867188
1866614
1866171
1865512
1864843
1864659
1863849
1863553
1862984
1862342
1861918
1861431
1860876
1860349
1859745
1859433
1859009
1858749
1858216
1857880
1857292
1856753
1856066
1855843
1855454
1855197
1854659
1854461
1853976
1853661
1853355
1853084
1852601
1852339
1851761
1851328
1851054
1850525
1850150
1849739
1849306
1848901
1848602
1848306
1847875
1847444
1847261
1847038
1846386
1845564
1845216
1844519
1843714
1843343
1843021
1842639
1842435
1842187
1841938
1841627
1841084
1840551
1840074
1839742
1839448
1839181
1838488
1838077
1837880
1837635
1836991
1836664
1836227
1835789
1835428
1835043
1834540
1833988
1833353
1832980
1832478
1832256
1831797
1831373
1830597
1830157
1829730
1829347
1829021
1828527
1828094
1827427
1827068
1826162
1825661
1824948
1824420
1823991
1823526
1823290
1822798
1822557
1821824
1821315
1821008
1820535
1820193
1819608
1819035
1818636
1818118
1817790
1817228
1816809
1816491
1816153
1815687
1815332
1814970
1814727
1814026
1813776
1813474
1813092
1812885
1812481
1811958
1811399
1811189
1810737
1810425
1809997
1809548
1808946
1808456
1807885
1807466
1807044
1806767
1806201
1805805
1805484
1805121
1804799
1804322
1804182
1803543
1803179
1802938
1802422
1802068
1801617
1801353
1800892
1800473
1800219
1799951
1799607
1799047
1798602
1797952
1797516
1796855
1796216
1795853
1795320
1794990
1794229
1793707
1793260
1792742
1792160
1791859
1791562
1790857
1790285
1789540
1788956
1788628
1788142
1787414
1787210
1786744
1786395
1786172
1785636
1785026
1784691
1784207
1783718
1783297
1782832
1782461
1781915
1781369
1781168
1780614
1780386
1779848
1779373
1778979
1778429
1777955
1777051
1776599
1776066
1775537
1774814
1774065
1773642
1773237
1772708
1772371
1771922
1771464
1770894
1770506
1770013
1769370
1768926
1768121
1767566
1767258
1766816
1766532
1765981
1765398
1764873
1764146
1763617
1763288
1762660
1762358
1761849
1761671
1761022
1760453
1760051
1759522
1758992
1758634
1758263
1757933
1757392
1756954
1756700
1755782
1755348
1754854
1754341
1754037
1753389
1753073
1752825
1752536
1751850
1751489
1750871
1750684
1750170
1749719
1749333
1748299
1747892
1747362
1746853
1746562
1746155
1745596
1745166
1744864
1744588
1744242
1743915
1743195
1742866
1741962
1741511
1741211
1740340
1739694
1739086
1737950
1737561
1737019
1736382
1735995
1735892
1735755
1735185
1735016
1734573
1734227
1733518
1733190
1732561
1731992
1731434
1730985
1730648
1730250
1730057
1729585
1728974
1728696
1728211
1727867
1727360
1726656
1726085
1725986
1725450
1724954
1724537
1723943
1723486
1723016
1722267
1721306
1720752
1720265
1719604
1718851
1718448
1718054
1717820
1717140
1716796
1716344
1716019
1715309
1714834
1714166
1713569
1713021
1712686
1712247
1711753
1711200
1710733
1710251
1709453
1708906
1708511
1707839
1707449
1706664
1705914
1705344
1704933
1703765
1703031
1702664
1702292
1701918
1701612
1701151
1700640
1700307
1699674
1699067
1698776
1698109
1697691
1697399
1696923
1696728
1696540
1696179
1695427
1695090
1694267
1694128
1693688
1692783
1692190
1691694
1691119
1690696
1690240
1689576
1688937
1688312
1687959
1687390
1686905
1686490
1685969
1685367
1685012
1684414
1683678
1683094
1682516
1681431
1680961
1680274
1679580
1678995
1678186
1677666
1676910
1676584
1675946
1675328
1675003
1674347
1673495
1672804
1672210
1671832
1671163
1670614
1670044
1669516
1668862
1668052
1667518
1667031
1666552
1666120
1665943
1665187
1664558
1664200
1663761
1663057
1662727
1662377
1661768
1661613
1661014
1660627
1660140
1659565
1658950
1657834
1657318
1656665
1656284
1655818
1655287
1654781
1654181
1653777
1653163
1652573
1652029
1651261
1650651
1650011
1649603
1649371
1648703
1647944
1647588
1647268
1646651
1646149
1645568
1645299
1644639
1644098
1643124
1642719
1642202
1641645
1641085
1640584
1639842
1639215
1638433
1638144
1637805
1637144
1636547
1636126
1635514
1635036
1634545
1633977
1633396
1633036
1632527
1632165
1631734
1631326
1630929
1630580
1630222
1629848
1629561
1629300
1628803
1628567
1627870
1627427
1627016
1626682
1626158
1625913
1625528
1625278
1624608
1624005
1623576
1623026
1622916
1622492
1622126
1621495
1621320
1620628
1619892
1619469
1618860
1618491
1617832
1617028
1616467
1615986
1615369
1614934
1614405
1613637
1613412
1612911
1612556
1611938
1611433
1611064
1610555
1610249
1609744
1609250
1608356
1607716
1607118
1606626
1606189
1605774
1605311
1604662
1604230
1603691
1603145
1602558
1602143
1601595
1601122
1600483
1599414
1599018
1598393
1597786
1597121
1596649
1596335
1595786
1595341
1595033
1594489
1594084
1593491
1593124
1592707
1592114
1591760
1591530
1591276
1591074
1590474
1590002
1589470
1589095
1588697
1588345
1587746
1587441
1586847
1586455
1586004
1585788
1585280
1585064
1584594
1584224
1583790
1583334
1582923
1582437
1582051
1581741
1581315
1581052
1580498
1580239
1579855
1579561
1579078
1578726
1578421
1577957
1577235
1576637
1575992
1575592
1575138
1574907
1574360
1573852
1573349
1573001
1572638
1572140
1571885
1571447
1571069
1570647
1570223
1570004
1569802
1569451
1568959
1568517
1568310
1567827
1567616
1567243
1566874
1566477
1566032
1565731
1565223
1564839
1564549
1564212
1563635
1563274
1562715
1562237
1561886
1561005
1560545
1560184
1559844
1559328
1559008
1558198
1557937
1557490
1557133
1556686
1556243
1555765
1555298
1555100
1554564
1554272
1553792
1553533
1553124
1552799
1552396
1551868
1551238
1550911
1550405
1549813
1549547
1549377
1549053
1548718
1548315
1548063
1547677
1547254
1546814
1546586
1546278
1545903
1545712
1545332
1544970
1544630
1544415
1544092
1543824
1543777
1543539
1543187
1542812
1542395
1541893
1541328
1540844
1540199
1539869
1539454
1539105
1538523
1538199
1538163
1538124
1538097
1538064
1538038
1537787
1537210
1536631
1536297
1535851
1535342
1534664
1534261
1533638
1533160
1532760
1532251
1531790
1531450
1531100
1530455
1529797
1529295
1529000
1528667
1528277
1528050
1527586
1526899
1526410
1525943
1525345
1524789
1524379
1524075
1523586
1523091
1522685
1522113
1521701
1521294
1520935
1520316
1519835
1519085
1518690
1518381
1517973
1517749
1517341
1517000
1516737
1516349
1515787
1515317
1514831
1514303
1514001
1513526
1513319
1513112
1512732
1512465
1512083
1511739
1511254
1510936
1510544
1510187
1509824
1509449
1508979
1508679
1508218
1507746
1507349
1506896
1506246
1505659
1505171
1504839
1504335
1503992
1503465
1502940
1502617
1502277
1501724
1501092
1500486
1500031
1499627
1499301
1498860
1498509
1498168
1497765
1497286
1496782
1496436
1496058
1495726
1495503
1495187
1494710
1494198
1493701
1493292
1492955
1492496
1491807
1491207
1490645
1490222
1489741
1489290
1488940
1488534
1488189
1487809
1486790
1486090
1485789
1485496
1485108
1484558
1484135
1483860
1483440
1482643
1482091
1481847
1481441
1480978
1480650
1480104
1479585
1479067
1478620
1478007
1477569
1477254
1476776
1476166
1475898
1475508
1475139
1474481
1474115
1473759
1473511
1472986
1472344
1472037
1471520
1471310
1470830
1470380
1470072
1469508
1468962
1468596
1468236
1467773
1467446
1467044
1466768
1466326
1466024
1465689
1465470
1465024
1464804
1464346
1464064
1463717
1463448
1463164
1462921
1462523
1462167
1461805
1461224
1460738
1460036
1459511
1459197
1458536
1457949
1457559
1457017
1456349
1455832
1455416
1454967
1454529
1454081
1453979
1453648
1453354
1452818
1452397
1451852
1451537
1451268
1450871
1450455
1450134
1449980
1449526
1449332
1448881
1448539
1448316
1447833
1447398
1446779
1446204
1445679
1445513
1444918
1444513
1444151
1443686
1443381
1443214
1442718
1442249
1441936
1441678
1441244
1440734
1440078
1439551
1439432
1438985
1438611
1438273
1438038
1437664
1437348
1436876
1436481
1436026
1435753
1435400
1434939
1434468
1433929
1433423
1432720
1432665
1431905
1431545
1431038
1430390
1430000
1429677
1429109
1428534
1427962
1427586
1427258
1426960
1426808
1426309
1425614
1425353
1424894
1424789
1424691
1424507
1424196
1423645
1423132
1422676
1422287
1421635
1421373
1420924
1420466
1420025
1419448
1418833
1418518
1417986
1417419
1417147
1416693
1416263
1415761
1415333
1414945
1414642
1414086
1413740
1413456
1413092
1412600
1412038
1411427
1411360
1410810
1410238
1409849
1409592
1409052
1408598
1408277
1407244
1406626
1406039
1405553
1404997
1404519
1403700
1403086
1402547
1402032
1401578
1401319
1400973
1400405
1399845
1398956
1398473
1398240
1397885
1397338
1396723
1396336
1395834
1395446
1394868
1394617
1394175
1393792
1393160
1392322
1391813
1391306
1390780
1390479
1390115
1389453
1388839
1388467
1387874
1387420
1386666
1386086
1385735
1385302
1384415
1384041
1383304
1382775
1382469
1382044
1381805
1381099
1380415
1379922
1379219
1378874
1378324
1377731
1377205
1376650
1376186
1375180
1374966
1374471
1373975
1373408
1372928
1372665
1372219
1371552
1371009
1370516
1370170
1369563
1369096
1368645
1368139
1367714
1367059
1366328
1365768
1365261
1364560
1364034
1363183
1362821
1362404
1361624
1361237
1360284
1359665
1359303
1358871
1358690
1358426
1358169
1358096
1357511
1356891
1356027
1355285
1354757
1354291
1353826
1353540
1352805
1352411
1352003
1351545
1351229
1350410
1350002
1349447
1348738
1348263
1348038
1347570
1347168
1346866
1345772
1345274
1344592
1344080
1343787
1343242
1342687
1342544
1342189
1341938
1341564
1341311
1341085
1340678
1340200
1339973
1339746
1339426
1339063
1338851
1338657
1338255
1338008
1337667
1337271
1336943
1336415
1335866
1335415
1334972
1334754
1334635
1334228
1333803
1333301
1332578
1331999
1331249
1330708
1330131
1329432
1328957
1328689
1328127
1327590
1327338
1326730
1326049
1325220
1324768
1324254
1323751
1323347
1323121
1323064
1322771
1322691
1322432
1321759
1321338
1320832
1319861
1319525
1319157
1318631
1317959
1317527
1317036
1316429
1316045
1315237
1314908
1314366
1313838
1313238
1313039
1312698
1312358
1311912
1311423
1310905
1310618
1310026
1309832
1309541
1309098
1308990
1308213
1307786
1307339
1306965
1306556
1306306
1305831
1305442
1305085
1304492
1304054
1303963
1303634
1303010
1302532
1301825
1301682
1301057
1300626
1300236
1299755
1299109
1298585
1298056
1297681
1297294
1297004
1296625
1296275
1295871
1295630
1295332
1294845
1294364
1294265
1294159
1293848
1293314
1292781
1292283
1291989
1291380
1290865
1290450
1289935
1289437
1288863
1288407
1288005
1287494
1287044
1286795
1286555
1286112
1285769
1285317
1284938
1284563
1284292
1283907
1283583
1282991
1282377
1281959
1281322
1280958
1280629
1280394
1280356
1280236
1279545
1279069
1278616
1278253
1278191
1277889
1277662
1277312
1277073
1276609
1276143
1275631
1275355
1275010
1274493
1274131
1273786
1273347
1272949
1272673
1272414
1272114
1271946
1271720
1271478
1271371
1271001
1270822
1270733
1270552
1270192
1270042
1269688
1269442
1269229
1268940
1268763
1268538
1268139
1267832
1267420
1267027
1266874
1266342
1266056
1265737
1265245
1264823
1264490
1264032
1263669
1263362
1262941
1262705
1262471
1262215
1261671
1261472
1261125
1260718
1260416
1260222
1259875
1259574
1259337
1258663
1258305
1258101
1257579
1257337
1256851
1256433
1255563
1254880
1254167
1253616
1252326
1251595
1250524
1249828
1249192
1248324
1247464
1246622
1246339
1246173
1245787
1245358
1244946
1244627
1244284
1243837
1243536
1243158
1242918
1242695
1242358
1241984
1241645
1241389
1241107
1240570
1240290
1240080
1239738
1239404
1239044
1238840
1238492
1237886
1237545
1237299
1236918
1236777
1236202
1235931
1235501
1235271
1234985
1234741
1234463
1234395
1234298
1233813
1233760
1233507
1233099
1232723
1232274
1231788
1231566
1231212
1230883
1230467
1230102
1229625
1229305
1228900
1228545
1228364
1228071
1227820
1227672
1227395
1227197
1226879
1226551
1226030
1225401
1224904
1224523
1224272
1223904
1223498
1222922
1222573
1222075
1221759
1221182
1220564
1220103
1219953
1219523
1219087
1218570
1218065
1217477
1217426
1217175
1216522
1216158
1215662
1215239
1214789
1214434
1214050
1213579
1213240
1212550
1212102
1211717
1211256
1210689
1210410
1209888
1209397
1208891
1208671
1208321
1208161
1207931
1207500
1207426
1207385
1207029
1206806
1206449
1206020
1205675
1205302
1204371
1203903
1203281
1202836
1202481
1201762
1201296
1201097
1200463
1200011
1199721
1199375
1198859
1198448
1198005
1197584
1197143
1196846
1196569
1195971
1195509
1194749
1194599
1194510
1194297
1193886
1193675
1193479
1193412
1192966
1192895
1192325
1191940
1191363
1190936
1190559
1190331
1189856
1189289
1188916
1188460
1187976
1187438
1187069
1186623
1186470
1186300
1185947
1185613
1185525
1185325
1184994
1184667
1184377
1183746
1183539
1183108
1182718
1182358
1182022
1181630
1181281
1180890
1180433
1180096
1179655
1179175
1178690
1178018
1177363
1176697
1176609
1176564
1176520
1176378
1176136
1175977
1175767
1175536
1174980
1174797
1174226
1173824
1173583
1173132
1172692
1172512
1172287
1172039
1171626
1171305
1171149
1170734
1170291
1169844
1169581
1169342
1168905
1168694
1168421
1168117
1167786
1167581
1167302
1167131
1166841
1166601
1166317
1166000
1165705
1165408
1165029
1164762
1164496
1164289
1164012
1163827
1163411
1163216
1163012
1162641
1162230
1161898
1161490
1161210
1160781
1160204
1159730
1159343
1159197
1159071
1159000
1158735
1158280
1158096
1157697
1157215
1156632
1156222
1155794
1155259
1154914
1154525
1153860
1153337
1152671
1152133
1151672
1151204
1150804
1150347
1149952
1149215
1148685
1148254
1148057
1147846
1147419
1147149
1147065
1146999
1146691
1146223
1145839
1145358
1144822
1144382
1144027
1143608
1143034
1142600
1142155
1141502
1141093
1140813
1140504
1140169
1139602
1139076
1138494
1138048
1137681
1137161
1136675
1136181
1135183
1134961
1134622
1134178
1133465
1132822
1132287
1131720
1131555
1131048
1130707
1130340
1129724
1129113
1128870
1128518
1127891
1127409
1126679
1126390
1125761
1125434
1125192
1124505
1124302
1124187
1123839
1123391
1123206
1123109
1122746
1122321
1122154
1121782
1121345
1120919
1120215
1119691
1119075
1118704
1118411
1117972
1117530
1117253
1117068
1116621
1116128
1115670
1115268
1114866
1114337
1113895
1113692
1113511
1113308
1113057
1112642
1112251
1111980
1111624
1111438
1110893
1110355
1110065
1109731
1109325
1108867
1108548
1108168
1108019
1107617
1107104
1106948
1106733
1106392
1106013
1105590
1105113
1104788
1104516
1104173
1103860
1103532
1103277
1102954
1102612
1102307
1102142
1101964
1101734
1101486
1101159
1100953
1100695
1100464
1100091
1099754
1099252
1098849
1098021
1097470
1097108
1096783
1095868
1095466
1094921
1094304
1093845
1093511
1093460
1093225
1092760
1092008
1091690
1091324
1090778
1090519
1089719
1089380
1088995
1088633
1088154
1087686
1087144
1086555
1086310
1086030
1085694
1085264
1084995
1084554
1084107
1083534
1082987
1082711
1082628
1082550
1082033
1081452
1080505
1080083
1079470
1079056
1078581
1078333
1077894
1077219
1077050
1076752
1076665
1076308
1076117
1075843
1075475
1075056
1074688
1074296
1073843
1073640
1073375
1072966
1072369
1072016
1071671
1071313
1070966
1070642
1070280
1069921
1069715
1069463
1069246
1068143
1067591
1066990
1066561
1066532
1065994
1065576
1065290
1065045
1064675
1064114
1063756
1063409
1062883
1062531
1062077
1061956
1061527
1061296
1060625
1060111
1059774
1059268
1059119
1058793
1058638
1058454
1058326
1058034
1057650
1057297
1056854
1056771
1056502
1056179
1055733
1055219
1054887
1054542
1054164
1053847
1053439
1053094
1052702
1052297
1052057
1051932
1051527
1051056
1050764
1050373
1049824
1049427
1049294
1048982
1048761
1048595
1048278
1047944
1047816
1047414
1047081
1046553
1046187
1045845
1045480
1045028
1044670
1044377
1044092
1043785
1043364
1043020
1042581
1042486
1041917
1041381
1040857
1040478
1040185
1039762
1039411
1039000
1038351
1037915
1037591
1037080
1036731
1036246
1035941
1035686
1035366
1035036
1034747
1034530
1034228
1033888
1033546
1033117
1032789
1032437
1032318
1032037
1031651
1031381
1031024
1030830
1030506
1030322
1030147
1029636
1029414
1029283
1029119
1028909
1028781
1028452
1028060
1027800
1027500
1027163
1026876
1026695
1026670
1026575
1026428
1026095
1025935
1025548
1025325
1024962
1024660
1024344
1023904
1023365
1023232
1023034
1022768
1022465
1022279
1022004
1021782
1021511
1021199
1020971
1020755
1020593
1020387
1019996
1019669
1019356
1019144
1018852
1018456
1018371
1017934
1017693
1017279
1016964
1016764
1016478
1016202
1015997
1015669
1015403
1015180
1015092
1014685
1014452
1014106
1013883
1013525
1013141
1012882
1012672
1012464
1012122
1011979
1011609
1011478
1011221
1010865
1010584
1010182
1010103
1009758
1009517
1009247
1009025
1008775
1008422
1008164
1007796
1007368
1006919
1006451
1006094
1005748
1005396
1005295
1004981
1004729
1004437
1003941
1003538
1003202
1002906
1002608
1002522
1002241
1001933
1001683
1001371
1001024
1000825
1000491
1000199
999875
999574
999377
998966
998690
998418
998170
998121
998030
997532
997295
996977
996541
996338
995803
995618
995252
995021
994716
994263
993844
993576
993348
992953
992620
992346
991945
991563
991445
990951
990523
990210
989851
989588
989196
988869
988642
988390
988122
987857
987645
987507
987116
986681
986362
986261
986231
986202
986171
985727
985611
985192
985050
984867
984563
984218
983893
983701
983560
983198
982670
982295
982128
981850
981296
981091
980759
980475
980155
979950
979679
979500
979141
978837
978532
978263
977748
977663
977320
977042
976850
976452
976082
975999
975556
974926
974737
974214
974079
973803
973502
973261
972923
972512
972284
971947
971670
971185
970776
970381
970142
969724
969374
968730
968454
967973
967781
967558
967373
967058
966811
966618
966407
966172
965979
965707
965583
965345
965097
964820
964458
964080
963728
963326
962857
962428
962186
961845
961547
961209
960850
960756
960522
960258
959978
959622
959362
959174
958975
958678
958509
958200
958065
957952
957663
957412
957202
957089
956765
956567
956516
956452
956239
955913
955422
955084
954836
954449
954070
953864
953826
953768
953541
953385
953344
952909
952882
952662
952227
951955
951683
951396
951287
950876
950567
950239
949890
949695
949319
948715
948459
948144
947507
947288
947082
946727
946387
946069
945639
945311
944945
944510
943974
943770
942964
942598
941971
941621
941331
940862
940566
940205
939794
939278
938894
938506
938200
937869
937655
937143
936748
936436
936253
936000
935464
935100
934560
934153
933908
933692
933377
932992
932702
932275
931637
931282
931017
930572
930360
930023
929473
929131
929080
928805
928437
928390
928103
927663
927177
927015
926584
926127
925618
925199
924882
924613
924381
923969
923457
923019
922744
922232
921736
921355
920880
920522
920353
920023
919866
919806
919690
919593
919525
919298
919167
918943
918857
918804
918555
918471
918213
917822
917525
917222
917012
916912
916718
916419
915894
915452
915076
914849
914576
914112
913911
913724
913453
912889
912520
912182
911919
911568
911292
911064
910900
910536
910209
909873
909533
909218
908736
908550
908292
908253
907833
907439
907152
906775
906416
906128
905727
905599
905399
905051
904690
904319
903714
903411
902947
902276
901787
901511
900925
900508
900103
899716
899433
898773
898328
898040
897619
897186
896880
896596
896457
896225
895958
895677
895333
895056
894902
894584
894343
894059
893625
893367
893056
892726
892350
892100
891822
891511
891248
891006
890655
890546
890304
889948
889585
889201
888974
888721
888612
888506
888129
888024
887710
887373
887136
886850
886546
886165
885828
885193
884863
884339
883998
883582
883092
882573
882045
881767
881276
880959
880579
880049
879727
879391
878842
878295
877888
877356
876810
876128
875783
875411
874388
874027
873719
873190
872863
872511
872167
871756
871381
871145
870575
869978
869236
868969
868820
868355
867335
866917
866302
865852
865476
865226
864633
863838
863343
862763
862559
862129
861657
861509
861275
860935
860588
859832
859654
859142
858899
858408
858167
857703
857333
856850
856505
856217
855600
855237
855031
854568
853995
853375
853097
852938
852619
852062
851723
851350
850946
850336
849986
849589
849248
848729
848366
847981
847793
847447
847181
846853
846520
846347
846031
845632
845082
844958
844709
844580
844299
844176
843881
843742
843553
843323
843099
842999
842891
842662
842570
842332
841953
841752
841491
841122
840732
840610
840434
839777
839431
838705
838198
837624
837108
836741
836382
835938
835541
835099
834431
834263
834062
833585
833063
832253
831620
831102
830570
830018
829667
829163
828393
828111
827808
827350
826813
826183
825770
825330
825006
824637
824073
823596
823315
822913
822433
821979
821687
820967
820244
820059
819849
819513
818866
818460
817937
817638
816766
816300
815660
815370
814950
814687
814456
814314
814010
813516
813387
813286
812991
812841
812702
812402
811940
811608
811423
811053
810792
810709
810187
809693
809303
808801
808597
808424
808169
807640
807071
806653
806194
805826
805571
805041
804594
804375
803913
803522
803334
803206
802671
802538
801974
801818
801219
800896
800621
799965
799591
798887
798384
798054
797764
797256
796681
796087
795727
794957
794576
794184
793776
793318
792952
792302
791847
791527
791485
791126
790867
790219
789904
789543
788904
788484
788054
787681
787238
786788
786218
785589
784958
784580
784168
783500
783161
782734
782584
782363
781968
781564
781231
780725
780313
779871
779476
779110
778736
778264
778044
2087945
2087515
2087473
2087428
2086561
2085919
2084898
2084231
2083596
2083284
2082654
2081908
2081617
2081006
2080400
2079910
2079689
2079036
2078298
2077395
2076752
2076189
2075471
2074835
2073925
2073815
2073244
2072958
2072020
2071326
2070576
2070218
2069650
2069237
2068799
2068089
2067730
2067108
2066561
2065983
2065113
2064398
2063447
2063022
2062538
2061137
2060415
2059799
2059219
2058625
2058031
2057234
2056390
2055580
2054999
2054243
2053947
2053427
2053011
2052151
2051469
2050676
2049772
2049196
2048757
2048215
2047897
2047554
2046595
2046162
2045381
2044497
2043615
2042870
2041943
2041175
2039865
2039113
2038444
2037488
2036439
2035781
2035384
2034512
2033843
2033192
2032532
2030914
2030003
2029362
2028850
2028239
2027487
2026611
2026026
2025480
2024790
2024389
2023460
2022714
2022069
2021239
2020334
2019669
2019378
2018670
2018134
2018094
2018036
2017727
2017165
2016648
2016103
2015323
2014513
2014142
2013424
2012681
2011838
2011273
2010528
2009610
2009091
2008432
1994666
1974839
1957915
1933292
1909753
1881395
1860842
1843115
1824248
1803179
1787529
1762256
1752986
1741954
1718709
1683533
1647796
1614243
1597763
1579974
1563098
1532695
1517902
1504883
1480184
1466973
1444456
1413190
1398461
1383502
1367912
1353991
1336572
1323874
1309826
1285028
1265818
1244555
1231602
1205676
1189128
1171815
1158529
1134407
1114691
1096854
1081580
1067803
1041035
1031086
1027827
1025681
1022809
1020291
1018381
1016457
1013986
1011157
1009497
1007151
1005053
1003002
1001209
999686
997926
996471
994605
993432
990956
989161
987387
985173
983005
980474
978369
975920
973329
971085
968726
966774
964192
961739
959589
956469
954565
950484
948727
945917
943333
940792
937751
933865
931316
925265
920800
914574
906017
865520
827642
781656
776105
774202
771190
767212
764266
761521
759115
755649
752713
749394
745620
741711
739240
737903
735360
732791
730252
727337
724713
723513
721863
718822
717053
715072
712461
709881
707541
705596
703781
699955
697636
695454
692067
688889
687195
685992
683454
681391
679308
677278
675138
673311
671585
669535
667866
665974
663967
662091
660811
658820
657565
656173
654134
652585
651278
650906
650214
649487
648753
647951
646858
645730
644678
643271
640705
638675
637356
635507
633244
631569
629018
627012
625111
624486
623887
622395
622011
621744
621280
620607
619811
618772
618352
618039
617574
617435
616886
616324
615510
614849
614260
613336
612804
612655
611305
609190
